0, 39.198
1, 39.492
2, 39.198
3, 39.181
4, 39.198
5, 39.13
6, 39.198
7, 39.405
8, 39.386
9, 39.395
10, 39.31
11, 39.284
12, 39.191
13, 39.063
14, 38.936
15, 38.722
16, 37.107
17, 37.275
18, 37.446
19, 39.328
20, 38.298
21, 38.085
22, 38.17
23, 38.213
24, 38.213
25, 38.11
26, 37.872
27, 37.872
28, 37.872
29, 38.128
30, 38.118
31, 38.128
32, 38.11
33, 38.128
34, 38.11
35, 38.042
36, 38.0
37, 37.948
38, 37.701
39, 37.317
40, 37.446
41, 37.522
42, 37.838
43, 37.795
44, 37.795
45, 37.854
46, 38.0
47, 37.973
48, 38.28
49, 38.298
50, 38.213
51, 38.213
52, 38.213
53, 37.549
54, 37.497
55, 38.128
56, 37.387
57, 37.872
58, 38.128
59, 37.872
60, 37.701
61, 38.042
62, 37.872
63, 39.136
64, 38.128
65, 37.915
66, 37.896
67, 38.11
68, 38.637
69, 39.054
70, 38.916
71, 38.916
72, 38.744
73, 38.744
74, 38.744
75, 38.953
76, 39.049
77, 39.049
78, 39.18
79, 38.874
80, 39.049
81, 39.092
82, 39.049
83, 39.127
84, 38.744
85, 38.831
86, 38.744
87, 38.787
88, 38.734
89, 38.699
90, 38.656
91, 38.699
92, 38.681
93, 38.646
94, 38.611
95, 38.577
96, 38.637
97, 40.581
98, 40.45
99, 40.625
100, 40.538
101, 40.625
102, 40.493
103, 40.844
104, 41.15
105, 41.588
106, 41.851
107, 41.807
108, 41.746
109, 42.034
110, 42.332
111, 41.947
112, 42.219
113, 42.507
114, 42.385
115, 42.288
116, 42.157
117, 42.613
118, 42.437
119, 42.219
120, 41.833
121, 41.939
122, 41.86
123, 41.763
124, 42.027
125, 42.464
126, 42.297
127, 42.42
128, 41.763
129, 42.464
130, 42.114
131, 41.895
132, 42.174
133, 41.772
134, 42.257
135, 42.284
136, 42.284
137, 42.051
138, 42.303
139, 42.257
140, 42.248
141, 42.212
142, 42.303
143, 42.303
144, 42.257
145, 42.257
146, 42.329
147, 42.212
148, 42.474
149, 42.455
150, 42.293
151, 42.392
152, 42.222
153, 42.257
154, 42.474
155, 42.519
156, 43.147
157, 43.111
158, 43.849
159, 43.714
160, 43.857
161, 43.165
162, 43.426
163, 43.111
164, 43.022
165, 42.842
166, 42.932
167, 42.959
168, 42.977
169, 43.111
170, 43.256
171, 43.174
172, 43.174
173, 43.228
174, 43.507
175, 43.606
176, 43.786
177, 44.055
178, 44.146
179, 44.811
180, 44.955
181, 45.198
182, 44.901
183, 45.135
184, 45.53
185, 45.269
186, 45.377
187, 45.35
188, 45.153
189, 45.539
190, 45.539
191, 45.872
192, 46.617
193, 45.935
194, 45.854
195, 46.48
196, 47.254
197, 46.886
198, 46.084
199, 46.278
200, 46.361
201, 46.223
202, 46.314
203, 46.397
204, 46.563
205, 46.6
206, 46.739
207, 46.84
208, 46.942
209, 47.126
210, 47.246
211, 47.236
212, 47.282
213, 47.337
214, 47.402
215, 47.559
216, 47.614
217, 47.744
218, 47.9
219, 47.928
220, 48.084
221, 48.278
222, 48.499
223, 48.066
224, 47.973
225, 47.882
226, 47.973
227, 47.965
228, 47.882
229, 47.955
230, 47.993
231, 48.25
232, 48.222
233, 48.342
234, 48.388
235, 48.416
236, 48.794
237, 49.099
238, 49.107
239, 49.099
240, 49.172
241, 49.227
242, 49.265
243, 49.218
244, 49.992
245, 50.371
246, 50.454
247, 50.628
248, 50.656
249, 50.914
250, 51.191
251, 51.116
252, 51.154
253, 50.831
254, 50.932
255, 51.163
256, 51.42
257, 51.227
258, 51.275
259, 51.368
260, 51.491
261, 51.246
262, 51.453
263, 51.642
264, 52.01
265, 51.878
266, 51.972
267, 52.133
268, 52.321
269, 53.264
270, 53.292
271, 53.424
272, 52.548
273, 52.528
274, 52.801
275, 52.293
276, 52.18
277, 52.255
278, 52.236
279, 52.189
280, 52.095
281, 51.85
282, 52.095
283, 52.048
284, 52.208
285, 52.028
286, 52.331
287, 52.141
288, 52.066
289, 51.765
290, 51.623
291, 51.623
292, 51.52
293, 51.208
294, 50.916
295, 51.152
296, 50.68
297, 50.916
298, 51.01
299, 51.152
300, 51.473
301, 51.803
302, 52.028
303, 51.576
304, 51.859
305, 51.859
306, 51.953
307, 51.623
308, 51.444
309, 51.51
310, 51.812
311, 51.651
312, 51.595
313, 51.501
314, 51.67
315, 51.548
316, 51.275
317, 51.293
318, 51.001
319, 51.312
320, 51.19
321, 51.34
322, 51.466
323, 51.254
324, 51.601
325, 51.668
326, 51.823
327, 52.035
328, 52.112
329, 52.112
330, 51.842
331, 51.582
332, 51.07
333, 51.109
334, 51.591
335, 51.881
336, 51.466
337, 51.34
338, 51.389
339, 51.254
340, 51.196
341, 50.839
342, 50.038
343, 47.866
344, 46.747
345, 46.216
346, 46.467
347, 48.079
348, 48.735
349, 48.841
350, 49.652
351, 49.41
352, 49.121
353, 49.362
354, 49.198
355, 48.764
356, 49.024
357, 49.507
358, 49.603
359, 49.652
360, 48.793
361, 48.493
362, 48.3
363, 48.59
364, 48.59
365, 48.638
366, 49.362
367, 48.783
368, 48.783
369, 48.937
370, 48.493
371, 48.687
372, 49.121
373, 49.169
374, 48.822
375, 48.542
376, 47.528
377, 44.498
378, 40.532
379, 40.918
380, 42.472
381, 43.427
382, 42.124
383, 38.563
384, 38.168
385, 34.51
386, 37.65
387, 36.5
388, 34.76
389, 36.0
390, 37.5
391, 40.16
392, 42.0
393, 42.5
394, 43.3
395, 42.5
396, 43.9
397, 43.0
398, 41.29
399, 41.63
400, 42.27
401, 42.0
402, 41.6
403, 41.59
404, 42.5
405, 43.25
406, 41.4
407, 40.7
408, 41.6
409, 40.55
410, 41.05
411, 40.27
412, 42.32
413, 42.0
414, 41.81
415, 43.0
416, 44.0
417, 42.66
418, 43.53
419, 43.38
420, 43.9
421, 45.0
422, 44.35
423, 46.07
424, 46.52
425, 46.9
426, 46.69
427, 46.91
428, 47.92
429, 48.7
430, 49.16
431, 48.5
432, 48.07
433, 48.25
434, 47.72
435, 48.0
436, 48.52
437, 48.5
438, 49.89
439, 49.8
440, 50.0
441, 50.5
442, 50.24
443, 49.98
444, 49.92
445, 49.68
446, 48.601
447, 48.86
448, 48.74
449, 46.52
450, 45.25
451, 46.72
452, 46.0
453, 46.71
454, 48.705
455, 49.0
456, 48.8
457, 48.93
458, 48.75
459, 48.82
460, 48.84
461, 48.65
462, 49.0
463, 49.04
464, 49.01
465, 48.49
466, 48.5
467, 49.0
468, 48.84
469, 49.0
470, 49.3
471, 49.0
472, 49.2
473, 49.3
474, 49.05
475, 49.15
476, 49.38
477, 49.05
478, 49.0
479, 49.34
480, 49.34
481, 49.49
482, 49.4
483, 49.35
484, 49.22
485, 49.25
486, 48.98
487, 49.35
488, 49.35
489, 49.46
490, 49.24
491, 49.46
492, 49.94
493, 49.82
494, 49.5
495, 49.332
496, 49.95
497, 49.95
498, 49.5
499, 49.45
500, 49.25
501, 49.36
502, 49.76
503, 49.694
504, 49.96
505, 50.24
506, 50.24
507, 50.39
508, 50.4
509, 50.74
510, 49.64
511, 49.4
512, 49.4
513, 49.58
514, 49.67
515, 49.6
516, 49.69
517, 49.24
518, 49.22
519, 49.49
520, 49.96
521, 49.863
522, 50.0
523, 49.94
524, 49.3
525, 49.55
526, 48.76
527, 48.75
528, 48.2
529, 47.77
530, 47.9
531, 48.63
532, 48.14
533, 48.58
534, 48.42
535, 48.15
536, 46.9
537, 46.92
538, 46.74
539, 46.6
540, 45.0
541, 42.75
542, 43.5
543, 45.73
544, 46.5
545, 45.85
546, 45.85
547, 46.48
548, 46.2
549, 46.5
550, 46.75
551, 46.95
552, 46.75
553, 47.0
554, 48.15
555, 48.2
556, 48.17
557, 47.85
558, 46.5
559, 46.0
560, 46.84
561, 47.0
562, 47.39
563, 46.72
564, 47.2
565, 47.72
566, 47.62
567, 47.74
568, 47.6
569, 47.51
570, 48.99
571, 47.61
572, 47.7
573, 46.5
574, 46.4
575, 45.65
576, 46.36
577, 46.4
578, 46.5
579, 46.55
580, 46.52
581, 46.35
582, 46.38
583, 46.1
584, 46.15
585, 44.76
586, 45.2
587, 46.46
588, 46.2
589, 45.63
590, 46.5
591, 46.96
592, 46.37
593, 46.94
594, 46.839
595, 46.35
596, 46.45
597, 46.48
598, 46.67
599, 46.67
600, 46.35
601, 46.41
602, 46.5
603, 45.95
604, 46.002
605, 45.725
606, 45.0
607, 45.85
608, 46.5
609, 45.75
610, 45.9
611, 46.35
612, 46.0
613, 46.0
614, 45.836
615, 46.4
616, 46.27
617, 46.5
618, 46.02
619, 46.21
620, 46.25
621, 46.542
622, 46.45
623, 46.25
624, 46.311
625, 46.49
626, 46.77
627, 47.0
628, 47.0
629, 46.9
630, 46.98
631, 46.65
632, 46.71
633, 46.44
634, 44.18
635, 44.71
636, 45.412
637, 45.75
638, 44.75
639, 44.05
640, 44.25
641, 44.11
642, 43.56
643, 42.25
644, 41.73
645, 41.66
646, 42.0
647, 42.49
648, 42.0
649, 42.32
650, 41.31
651, 41.81
652, 42.13
653, 41.7
654, 41.7
655, 41.5
656, 42.0
657, 38.74
658, 36.77
659, 33.9
660, 35.29
661, 34.88
662, 31.15
663, 31.44
664, 32.0
665, 35.5
666, 34.05
667, 35.77
668, 35.99
669, 37.75
670, 39.96
671, 39.5
672, 40.5
673, 42.45
674, 41.5
675, 40.58
676, 40.82
677, 39.0
678, 39.85
679, 40.1
680, 40.77
681, 40.15
682, 40.9
683, 39.81
684, 40.47
685, 41.0
686, 39.86
687, 39.99
688, 40.24
689, 40.63
690, 40.85
691, 41.76
692, 42.15
693, 43.41
694, 45.0
695, 47.5
696, 46.0
697, 46.99
698, 47.25
699, 47.0
700, 47.0
701, 46.8
702, 47.15
703, 47.7
704, 47.0
705, 45.81
706, 45.99
707, 44.85
708, 46.39
709, 45.4
710, 46.39
711, 46.1
712, 45.59
713, 45.7064
714, 45.69
715, 45.69
716, 46.34
717, 46.35
718, 47.19
719, 47.15
720, 47.72
721, 47.2
722, 46.97
723, 46.5
724, 46.59
725, 46.47
726, 48.1
727, 48.16
728, 49.34
729, 48.87
730, 49.6
731, 49.3
732, 49.39
733, 49.1
734, 49.23
735, 48.7
736, 48.56
737, 49.13
738, 49.05
739, 49.17
740, 49.24
741, 49.46
742, 49.59
743, 49.48
744, 49.47
745, 49.53
746, 49.4
747, 49.34
748, 49.09
749, 49.15
750, 49.39
751, 49.36
752, 49.48
753, 49.42
754, 49.49
755, 49.37
756, 49.49
757, 49.49
758, 49.74
759, 49.89
760, 50.42
761, 50.1
762, 50.09
763, 48.94
764, 48.94
765, 49.2
766, 49.23
767, 49.39
768, 49.9
769, 49.7
770, 49.8
771, 49.75
772, 49.73
773, 49.36
774, 49.41
775, 49.79
776, 49.93
777, 49.89
778, 49.41
779, 49.39
780, 49.2
781, 49.7
782, 49.78
783, 49.99
784, 49.9327
785, 49.99
786, 49.95
787, 49.88
788, 49.94
789, 50.05
790, 49.98
791, 50.18
792, 49.98
793, 50.09
794, 50.19
795, 50.31
796, 50.42
797, 49.99
798, 50.15
799, 50.15
800, 50.25
801, 50.43
802, 50.69
803, 51.096
804, 51.2
805, 52.19
806, 52.4
807, 52.78
808, 52.4
809, 52.25
810, 52.23
811, 52.24
812, 52.22
813, 52.22
814, 52.16
815, 52.14
816, 52.49
817, 52.58
818, 52.64
819, 52.65
820, 52.5
821, 52.58
822, 52.83
823, 53.2
824, 53.3662
825, 53.265
826, 53.65
827, 52.26
828, 52.33
829, 52.45
830, 52.3611
831, 52.69
832, 52.85
833, 53.0074
834, 53.0
835, 52.48
836, 52.3
837, 52.45
838, 52.25
839, 52.7
840, 52.65
841, 52.55
842, 52.6005
843, 52.63
844, 52.5
845, 52.5
846, 52.5495
847, 52.51
848, 52.69
849, 52.47
850, 52.58
851, 52.741
852, 52.8
853, 52.67
854, 53.1666
855, 53.35
856, 53.1
857, 53.0005
858, 52.9171
859, 53.1113
860, 52.921
861, 52.8699
862, 52.97
863, 53.08
864, 52.91
865, 52.82
866, 52.8751
867, 52.79
868, 52.7
869, 52.13
870, 52.4391
871, 52.24
872, 52.417
873, 52.9184
874, 53.1545
875, 53.25
876, 53.49
877, 53.2
878, 52.92
879, 53.12
880, 53.25
881, 53.21
882, 53.49
883, 53.22
884, 53.4
885, 53.49
886, 53.4499
887, 53.5915
888, 53.6601
889, 53.7712
890, 52.5
891, 52.54
892, 52.3647
893, 52.4952
894, 52.32
895, 52.5299
896, 52.55
897, 52.43
898, 52.46
899, 52.5
900, 52.39
901, 52.57
902, 52.68
903, 52.4401
904, 52.7168
905, 52.76
906, 52.5
907, 52.16
908, 51.98
909, 52.0
910, 51.99
911, 52.2177
912, 52.05
913, 52.07
914, 51.75
915, 51.75
916, 52.426
917, 52.45
918, 52.7144
919, 53.0299
920, 53.01
921, 53.1863
922, 53.22
923, 53.1602
924, 53.075
925, 53.12
926, 53.1691
927, 53.24
928, 53.29
929, 53.32
930, 53.4193
931, 53.3411
932, 53.442
933, 53.1612
934, 53.4004
935, 53.464
936, 53.2728
937, 53.4699
938, 53.4
939, 53.511
940, 53.54
941, 53.42
942, 53.53
943, 53.3411
944, 53.4
945, 53.4
946, 53.55
947, 53.5
948, 53.4033
949, 53.5148
950, 52.3377
951, 52.25
952, 52.271
953, 52.3564
954, 52.45
955, 52.4147
956, 52.34
957, 52.16
958, 52.25
959, 52.305
960, 52.34
961, 52.3085
962, 52.4
963, 52.505
964, 52.7088
965, 52.565
966, 52.7004
967, 52.5
968, 52.55
969, 52.7033
970, 52.67
971, 52.7043
972, 52.735
973, 52.6
974, 52.74
975, 52.99
976, 52.8075
977, 52.81
978, 52.9142
979, 52.8919
980, 52.9492
981, 53.1905
982, 53.0
983, 53.14
984, 53.133
985, 53.226
986, 53.1006
987, 52.935
988, 53.09
989, 53.0792
990, 53.215
991, 53.19
992, 53.159
993, 53.15
994, 53.081
995, 53.1792
996, 53.0301
997, 53.09
998, 53.017
999, 53.0689
1000, 53.0
1001, 53.16
1002, 53.1
1003, 53.18
1004, 53.1
1005, 53.2389
1006, 53.25
1007, 53.194
1008, 53.16
1009, 53.21
1010, 53.06
1011, 53.1742
1012, 53.39
1013, 53.15
1014, 52.21
1015, 52.17
1016, 52.05
1017, 52.0
1018, 52.0611
1019, 52.1999
1020, 51.0101
1021, 51.6007
1022, 51.52
1023, 51.72
1024, 52.1362
1025, 52.28
1026, 52.0292
1027, 52.3
1028, 52.4
1029, 52.36
1030, 52.1492
1031, 51.8601
1032, 52.125
1033, 51.9147
1034, 51.94
1035, 52.225
1036, 52.2001
1037, 52.2623
1038, 52.3599
1039, 52.2718
1040, 52.2
1041, 52.2212
1042, 52.0747
1043, 52.03
1044, 52.2272
1045, 52.145
1046, 52.2072
1047, 52.2501
1048, 52.4
1049, 52.5726
1050, 52.55
1051, 52.55
1052, 52.4105
1053, 52.5
1054, 52.52
1055, 52.576
1056, 52.65
1057, 52.9049
1058, 52.45
1059, 52.7
1060, 52.8
1061, 52.8753
1062, 52.5
1063, 52.8701
1064, 52.55
1065, 52.56
1066, 52.5726
1067, 52.4581
1068, 52.6301
1069, 52.716
1070, 52.7178
1071, 52.8688
1072, 52.94
1073, 52.95
1074, 52.98
1075, 52.51
1076, 52.8
1077, 52.9
1078, 53.0
1079, 52.01
1080, 52.505
1081, 52.01
1082, 51.8695
1083, 51.8645
1084, 51.72
1085, 51.6
1086, 51.65
1087, 51.71
1088, 51.959
1089, 51.9582
1090, 51.95
1091, 51.95
1092, 52.0585
1093, 52.01
1094, 51.9556
1095, 51.95
1096, 51.851
1097, 51.925
1098, 51.82
1099, 51.8165
1100, 51.924
1101, 51.9085
1102, 51.9568
1103, 52.06
1104, 51.95
1105, 51.85
1106, 51.5
1107, 51.7104
1108, 51.5697
1109, 51.85
1110, 51.7301
1111, 51.79
1112, 51.79
1113, 51.83
1114, 51.95
1115, 51.9
1116, 51.83
1117, 51.9485
1118, 52.06
1119, 52.316
1120, 52.1912
