0, 15.25
1, 15.15
2, 14.86
3, 15.0
4, 15.05
5, 15.14
6, 14.95
7, 14.995
8, 14.85
9, 14.94
10, 14.9
11, 14.95
12, 14.65
13, 14.6602
14, 14.7
15, 14.65
16, 14.65
17, 14.65
18, 14.65
19, 14.74
20, 14.85
21, 14.71
22, 14.9
23, 14.775
24, 14.89
25, 14.8
26, 14.82
27, 14.955
28, 15.01
29, 15.15
30, 15.18
31, 15.17
32, 16.06
33, 16.0
34, 15.5243
35, 15.83
36, 16.0101
37, 15.9867
38, 15.9
39, 15.28
40, 15.16
41, 15.2
42, 15.075
43, 14.9
44, 14.7
45, 15.06
46, 15.0
47, 14.76
48, 14.8
49, 14.94
50, 15.08
51, 15.125
52, 15.1
53, 15.2
54, 15.0
55, 15.2
56, 14.65
57, 14.85
58, 15.0
59, 15.18
60, 15.21
61, 15.06
62, 15.2
63, 15.19
64, 15.34
65, 16.0
66, 16.09
67, 16.07
68, 16.04
69, 16.1
70, 15.84
71, 16.05
72, 15.95
73, 16.05
74, 15.89
75, 15.66
76, 15.61
77, 15.22
78, 16.03
79, 16.01
80, 15.99
81, 16.15
82, 16.0
83, 15.79
84, 16.05
85, 16.15
86, 16.1
87, 16.25
88, 16.71
89, 16.3
90, 16.36
91, 16.51
92, 16.63
93, 16.55
94, 16.98
95, 16.75
