0, 25.119
1, 25.119
2, 25.119
3, 25.119
4, 25.119
5, 25.119
6, 25.119
7, 25.119
8, 25.05
9, 25.05
10, 25.05
11, 25.05
12, 25.05
13, 24.644
14, 24.644
15, 24.644
16, 24.644
17, 24.644
18, 24.943
19, 24.943
20, 24.943
21, 24.943
22, 24.943
23, 24.943
24, 24.943
25, 24.943
26, 24.943
27, 24.943
28, 24.943
29, 24.943
30, 24.943
31, 24.943
32, 24.943
33, 25.115
34, 24.991
35, 24.991
36, 25.002
37, 25.002
38, 24.893
39, 24.753
40, 24.793
41, 24.793
42, 24.793
43, 24.574
44, 24.614
45, 24.614
46, 24.614
47, 24.614
48, 24.614
49, 24.614
50, 24.614
51, 24.614
52, 24.614
53, 24.614
54, 24.614
55, 24.614
56, 24.614
57, 24.614
58, 24.614
59, 24.614
60, 24.614
61, 24.089
62, 24.089
63, 24.089
64, 24.089
65, 24.089
66, 24.415
67, 24.305
68, 24.305
69, 24.305
70, 24.694
71, 24.783
72, 24.783
73, 24.783
74, 24.783
75, 24.863
76, 24.863
77, 24.863
78, 24.863
79, 24.863
80, 24.863
81, 24.863
82, 24.863
83, 24.863
84, 24.863
85, 25.93
86, 25.93
87, 25.93
88, 25.93
89, 25.8
90, 25.83
91, 25.83
92, 25.83
93, 25.83
94, 25.83
95, 25.83
96, 25.83
97, 25.83
98, 25.83
99, 25.83
100, 25.83
101, 25.83
102, 25.83
103, 25.83
104, 25.83
105, 25.83
106, 25.83
107, 25.83
108, 25.83
109, 25.83
110, 25.83
111, 25.83
112, 25.83
113, 25.83
