0, 11.0
1, 10.95
2, 10.69
3, 10.78
4, 10.92
5, 11.09
6, 11.31
7, 11.27
8, 11.21
9, 10.86
10, 10.62
11, 10.14
12, 9.85
13, 9.92
14, 9.69
15, 9.32
16, 9.23
17, 9.28
18, 9.29
19, 9.67
20, 9.97
21, 9.77
22, 10.02
23, 9.56
24, 9.55
25, 9.43
26, 9.19
27, 9.1
28, 9.48
29, 9.23
30, 9.48
31, 9.55
32, 9.42
33, 9.25
34, 8.9
35, 9.1
36, 9.46
37, 9.36
38, 9.91
39, 6.27
40, 6.12
41, 6.04
42, 5.89
43, 5.6
44, 5.51
45, 5.86
46, 5.83
47, 5.89
48, 5.81
49, 5.79
50, 5.6
51, 5.64
52, 5.61
53, 5.57
54, 5.56
55, 5.58
56, 5.62
57, 6.1
58, 6.3
59, 6.29
60, 6.45
61, 6.53
62, 6.32
63, 6.48
64, 6.47
65, 6.23
66, 6.22
67, 5.97
68, 5.73
69, 5.53
70, 5.75
71, 5.51
72, 5.6
73, 5.45
74, 5.45
75, 5.68
76, 5.7
77, 5.92
78, 5.92
79, 5.87
80, 5.84
81, 5.74
82, 5.52
83, 5.27
84, 4.94
85, 5.02
86, 5.18
87, 4.83
88, 4.92
89, 5.05
90, 4.93
91, 4.99
92, 5.03
93, 5.19
94, 5.07
95, 5.17
96, 5.06
97, 5.2
98, 5.29
99, 5.26
100, 5.35
101, 5.26
102, 5.18
103, 5.15
104, 5.17
105, 5.17
106, 5.37
107, 5.33
108, 5.6
109, 5.6
110, 5.62
111, 5.47
112, 5.36
113, 5.38
114, 5.36
115, 5.36
116, 5.43
117, 5.37
118, 5.71
119, 5.51
120, 5.5
121, 5.42
122, 5.36
123, 5.58
124, 5.51
125, 5.6
126, 5.67
127, 5.66
128, 5.62
129, 5.67
130, 5.9
131, 6.0
132, 6.03
133, 6.12
134, 6.14
135, 6.08
136, 5.87
137, 5.74
138, 5.8
139, 5.76
140, 5.8
141, 5.85
142, 5.72
143, 5.62
144, 5.5
145, 5.29
146, 5.59
147, 5.65
148, 5.74
149, 5.76
150, 5.8
151, 5.82
152, 5.85
153, 5.84
154, 5.58
155, 5.36
156, 5.51
157, 5.47
158, 5.2
159, 5.11
160, 5.19
161, 5.13
162, 5.14
163, 5.04
164, 5.28
165, 5.08
166, 4.15
167, 4.4
168, 4.49
169, 4.56
170, 4.34
171, 4.45
172, 4.61
173, 4.47
174, 4.58
175, 4.6
176, 4.6
177, 4.68
178, 4.81
179, 4.74
180, 4.72
181, 4.77
182, 4.78
183, 4.69
184, 4.55
185, 4.66
186, 5.12
187, 5.33
188, 5.55
189, 5.57
190, 5.65
191, 5.67
192, 5.5
193, 5.52
194, 5.69
195, 5.71
196, 5.49
197, 5.67
198, 5.28
199, 4.93
200, 5.13
201, 5.01
202, 5.01
203, 4.93
204, 4.95
205, 5.01
206, 5.02
207, 4.88
208, 5.02
209, 4.93
210, 4.93
211, 4.87
212, 5.05
213, 4.9
214, 4.85
215, 5.0
216, 5.15
217, 5.22
218, 5.35
219, 5.35
220, 5.3
221, 5.27
222, 5.18
223, 5.27
224, 5.34
225, 5.27
226, 5.45
227, 4.81
228, 5.04
229, 5.21
230, 5.31
231, 5.48
232, 5.48
233, 5.54
234, 5.5
235, 5.6
236, 6.0
237, 5.85
238, 6.02
239, 5.98
240, 5.94
241, 6.22
242, 6.04
243, 5.74
244, 5.7
245, 5.73
246, 5.8
247, 5.79
248, 5.64
249, 5.87
250, 5.91
251, 5.87
252, 5.85
253, 5.77
254, 5.82
255, 5.73
256, 5.67
257, 5.6
258, 5.5
259, 5.53
260, 5.39
261, 5.5
262, 5.49
263, 5.43
264, 5.46
265, 5.62
266, 5.81
267, 5.73
268, 5.66
269, 5.99
270, 6.33
271, 6.59
272, 6.83
273, 6.55
274, 6.51
275, 6.39
276, 6.37
277, 6.57
278, 6.41
279, 6.41
280, 6.52
281, 6.71
282, 6.45
283, 6.24
284, 6.26
285, 6.35
286, 6.13
287, 6.4
288, 6.59
289, 6.33
290, 6.16
291, 6.07
292, 6.14
293, 6.11
294, 6.15
295, 5.35
296, 5.36
297, 5.38
298, 5.14
299, 5.46
300, 5.58
301, 5.66
302, 5.63
303, 5.46
304, 5.14
305, 4.98
306, 4.89
307, 4.93
308, 4.69
309, 4.53
310, 4.55
311, 4.45
312, 4.5
313, 4.53
314, 4.54
315, 4.49
316, 4.37
317, 4.5
318, 4.69
319, 4.61
320, 4.54
321, 4.53
322, 4.5
323, 4.31
324, 4.22
325, 4.01
326, 3.89
327, 3.97
328, 4.21
329, 4.07
330, 3.99
331, 3.98
332, 4.15
333, 4.16
334, 4.17
335, 4.11
336, 3.96
337, 4.13
338, 4.47
339, 4.48
340, 4.59
341, 4.56
342, 4.45
343, 4.3
344, 4.08
345, 4.45
346, 4.35
347, 4.13
348, 4.05
349, 4.02
350, 4.02
351, 4.18
352, 4.0
353, 3.99
354, 4.02
355, 4.29
356, 4.25
357, 4.96
358, 5.02
359, 5.05
360, 4.96
361, 5.15
362, 5.26
363, 5.18
364, 5.05
365, 5.02
366, 5.07
367, 5.17
368, 5.09
369, 5.22
370, 5.41
371, 5.58
372, 5.54
373, 5.66
374, 5.61
375, 5.65
376, 5.56
377, 5.67
378, 5.82
379, 5.82
380, 5.85
381, 5.81
382, 6.21
383, 6.41
384, 6.71
385, 6.35
386, 6.74
387, 6.71
388, 6.84
389, 7.0
390, 6.88
391, 7.09
392, 7.29
393, 7.03
394, 7.16
395, 7.15
396, 7.29
397, 7.21
398, 7.62
399, 7.62
400, 7.51
401, 7.4
402, 7.36
403, 7.36
404, 7.2
405, 7.39
406, 7.5
407, 7.37
408, 7.25
409, 7.3
410, 7.12
411, 7.13
412, 7.42
413, 7.51
414, 7.61
415, 7.61
416, 7.64
417, 7.66
418, 7.29
419, 7.12
420, 7.06
421, 8.53
422, 8.13
423, 8.2
424, 8.11
425, 7.96
426, 7.78
427, 8.3
428, 8.38
429, 8.32
430, 8.25
431, 8.19
432, 8.2
433, 8.34
434, 8.56
435, 8.4
436, 8.35
437, 8.35
438, 8.12
439, 8.23
440, 8.17
441, 8.35
442, 7.85
443, 7.79
444, 8.11
445, 7.93
446, 7.7
447, 7.76
448, 7.78
449, 7.73
450, 7.71
451, 7.61
452, 7.68
453, 7.58
454, 7.57
455, 7.43
456, 7.6
457, 7.45
458, 7.32
459, 7.16
460, 7.51
461, 7.19
462, 7.18
463, 7.3
464, 7.14
465, 7.27
466, 7.28
467, 7.48
468, 7.28
469, 7.19
470, 7.17
471, 7.35
472, 8.16
473, 8.35
474, 8.31
475, 8.17
476, 8.14
477, 8.18
478, 8.31
479, 8.68
480, 8.86
481, 8.59
482, 8.87
483, 8.99
484, 8.95
485, 9.05
486, 8.99
487, 9.18
488, 9.23
489, 9.25
490, 9.35
491, 9.28
492, 9.11
493, 8.86
494, 8.74
495, 8.85
496, 9.01
497, 8.8
498, 8.92
499, 9.16
500, 9.18
501, 9.1
502, 9.3
503, 9.01
504, 8.81
505, 9.41
506, 9.52
507, 9.17
508, 9.44
509, 9.86
510, 10.43
511, 10.36
512, 11.02
513, 10.52
514, 10.27
515, 10.38
516, 10.32
517, 10.4
518, 10.5
519, 10.41
520, 10.29
521, 10.39
522, 10.09
523, 9.73
524, 9.84
525, 9.73
526, 9.82
527, 9.82
528, 10.3
529, 10.33
530, 10.75
531, 10.52
532, 10.53
533, 10.42
534, 10.36
535, 10.7
536, 10.87
537, 10.7
538, 10.55
539, 10.44
540, 10.34
541, 10.19
542, 10.17
543, 10.29
544, 8.86
545, 8.58
546, 8.27
547, 8.2
548, 8.48
549, 8.72
550, 8.87
551, 8.86
552, 8.91
553, 9.07
554, 8.67
555, 8.68
556, 8.46
557, 8.28
558, 8.5
559, 8.72
560, 8.79
561, 8.92
562, 9.0
563, 8.91
564, 8.77
565, 8.94
566, 8.95
567, 9.0
568, 9.1
569, 8.92
570, 8.8
571, 8.64
572, 8.72
573, 8.49
574, 8.65
575, 8.49
576, 8.24
577, 8.17
578, 8.4
579, 8.5
580, 8.31
581, 8.4
582, 8.58
583, 8.66
584, 8.56
585, 8.48
586, 8.29
587, 8.38
588, 8.47
589, 8.87
590, 8.92
591, 8.88
592, 8.84
593, 8.95
594, 9.14
595, 9.0
596, 9.05
597, 9.27
598, 9.3
599, 9.13
600, 9.16
601, 9.16
602, 9.45
603, 9.46
604, 9.51
605, 9.28
606, 9.16
607, 9.44
608, 9.16
609, 9.17
610, 8.87
611, 8.94
612, 8.89
613, 8.51
614, 8.12
615, 8.05
616, 8.34
617, 8.41
618, 8.58
619, 8.77
620, 8.58
621, 8.05
622, 8.12
623, 8.48
624, 8.59
625, 8.6
626, 8.66
627, 8.55
628, 8.92
629, 8.76
630, 8.35
631, 8.59
632, 9.22
633, 9.97
634, 10.33
635, 10.03
636, 10.0
637, 9.94
638, 9.85
639, 10.38
640, 10.12
641, 10.1
642, 10.06
643, 10.2
644, 10.64
645, 10.46
646, 10.56
647, 10.55
648, 10.35
649, 10.57
650, 10.61
651, 10.58
652, 10.61
653, 10.99
654, 11.2
655, 10.88
656, 10.68
657, 10.74
658, 11.2
659, 11.57
660, 11.71
661, 11.5
662, 11.62
663, 11.74
664, 11.37
665, 11.71
666, 11.52
667, 11.33
668, 11.62
669, 11.57
670, 11.93
671, 12.09
672, 11.98
673, 12.69
674, 12.38
675, 12.32
676, 11.59
677, 11.28
678, 11.39
679, 11.65
680, 11.38
681, 11.28
682, 11.24
683, 10.88
684, 11.25
685, 11.32
686, 10.46
687, 10.78
688, 10.12
689, 10.36
690, 10.0
691, 10.52
692, 10.1
693, 10.45
694, 10.93
695, 10.6
696, 10.37
697, 10.41
698, 10.38
699, 10.55
700, 10.53
701, 10.7
702, 10.56
703, 10.13
704, 10.18
705, 9.86
706, 9.74
707, 9.69
708, 9.98
709, 10.45
710, 10.65
711, 10.9
712, 10.87
713, 10.99
714, 10.63
715, 10.74
716, 10.48
717, 10.66
718, 10.44
719, 9.95
720, 9.96
721, 9.78
722, 9.54
723, 9.52
724, 9.22
725, 9.67
726, 9.32
727, 9.05
728, 8.81
729, 8.8
730, 9.04
731, 8.69
732, 9.22
733, 9.37
734, 9.6
735, 9.57
736, 10.82
737, 10.92
738, 10.76
739, 10.5
740, 10.32
741, 9.58
742, 9.44
743, 9.43
744, 9.51
745, 9.02
746, 9.41
747, 8.96
748, 8.86
749, 9.0
750, 8.97
751, 8.8
752, 8.9
753, 8.94
754, 9.19
755, 9.0
756, 9.14
757, 8.91
758, 8.26
759, 8.28
760, 8.25
761, 8.11
762, 8.05
763, 7.93
764, 7.95
765, 7.79
766, 7.85
767, 8.08
768, 8.25
769, 8.39
770, 7.91
771, 7.97
772, 8.23
773, 8.2
774, 7.97
775, 7.56
776, 7.54
777, 7.6
778, 7.93
779, 7.89
780, 8.03
781, 8.01
782, 7.84
783, 7.96
784, 7.8
785, 7.75
786, 7.58
787, 7.59
788, 7.65
789, 8.13
790, 7.98
791, 8.43
792, 8.32
793, 8.1
794, 8.53
795, 8.54
796, 8.59
797, 8.53
798, 8.34
799, 8.27
800, 8.15
801, 7.86
802, 7.76
803, 7.71
804, 7.97
805, 8.0
806, 7.9
807, 8.02
808, 8.0
809, 8.07
810, 8.17
811, 8.54
812, 8.68
813, 8.74
814, 9.21
815, 9.15
816, 8.97
817, 9.09
818, 9.17
819, 9.3
820, 9.62
821, 9.26
822, 9.17
823, 9.55
824, 9.99
825, 10.0
826, 9.84
827, 9.82
828, 9.5
829, 9.57
830, 9.91
831, 10.16
832, 10.24
833, 10.44
834, 10.56
835, 10.12
836, 9.99
837, 9.84
838, 10.14
839, 9.86
840, 9.64
841, 9.51
842, 9.61
843, 9.27
844, 9.2
845, 9.2
846, 9.41
847, 9.17
848, 9.4
849, 9.39
850, 9.44
851, 9.39
852, 9.63
853, 9.66
854, 9.54
855, 9.53
856, 9.46
857, 9.6
858, 9.56
859, 9.68
860, 9.64
861, 7.81
862, 7.68
863, 7.79
864, 7.81
865, 7.51
866, 7.7
867, 8.02
868, 7.97
869, 8.41
870, 8.55
871, 8.66
872, 8.83
873, 8.81
874, 8.78
875, 8.36
876, 8.33
877, 8.45
878, 8.42
879, 8.58
880, 8.6
881, 8.72
882, 8.93
883, 8.86
884, 8.8
885, 8.39
886, 8.43
887, 8.02
888, 8.03
889, 8.47
890, 8.26
891, 8.51
892, 8.72
893, 8.84
894, 8.62
895, 8.66
896, 8.35
897, 9.09
898, 9.35
899, 8.79
900, 8.38
901, 8.41
902, 8.52
903, 8.73
904, 8.2
905, 8.45
906, 8.7
907, 8.48
908, 8.49
909, 8.09
910, 7.87
911, 7.76
912, 7.39
913, 7.23
914, 8.25
915, 8.18
916, 7.73
917, 8.2
918, 8.12
919, 8.48
920, 8.17
921, 7.63
922, 7.23
923, 7.2
924, 6.27
925, 7.06
926, 6.89
927, 6.98
928, 7.11
929, 6.95
930, 6.91
931, 6.35
932, 5.93
933, 6.09
934, 5.52
935, 5.27
936, 4.92
937, 5.32
938, 4.83
939, 4.62
940, 4.48
941, 4.34
942, 3.91
943, 4.46
944, 4.78
945, 4.79
946, 5.17
947, 5.15
948, 4.33
949, 4.56
950, 4.74
951, 4.39
952, 4.74
953, 5.19
954, 4.97
955, 5.2
956, 5.13
957, 5.6
958, 5.38
959, 5.81
960, 5.81
961, 5.55
962, 5.86
963, 5.69
964, 5.59
965, 5.88
966, 5.8
967, 5.18
968, 5.31
969, 5.61
970, 6.36
971, 6.14
972, 6.54
973, 6.42
974, 6.46
975, 6.09
976, 5.81
977, 5.69
978, 5.26
979, 5.51
980, 5.51
981, 4.89
982, 4.93
983, 4.81
984, 4.84
985, 4.97
986, 5.21
987, 5.25
988, 5.02
989, 5.15
990, 5.24
991, 5.02
992, 5.11
993, 5.34
994, 5.74
995, 5.72
996, 5.43
997, 5.68
998, 5.74
999, 5.88
1000, 5.64
1001, 5.72
1002, 5.6
1003, 5.44
1004, 5.22
1005, 5.63
1006, 5.47
1007, 5.42
1008, 5.44
1009, 5.13
1010, 5.01
1011, 5.04
1012, 4.57
1013, 4.59
1014, 4.59
1015, 5.03
1016, 5.19
1017, 5.69
1018, 5.71
1019, 5.48
1020, 5.92
1021, 6.32
1022, 6.16
1023, 5.8
1024, 6.51
1025, 6.3
1026, 6.5
1027, 6.99
1028, 6.63
1029, 6.42
1030, 6.5
1031, 6.73
1032, 6.84
1033, 6.94
1034, 6.84
1035, 6.51
1036, 6.73
1037, 7.12
1038, 6.78
1039, 6.51
1040, 6.53
1041, 6.65
1042, 6.67
1043, 6.26
1044, 6.67
1045, 6.81
1046, 6.98
1047, 7.08
1048, 6.88
1049, 7.14
1050, 7.5
1051, 7.33
1052, 7.61
1053, 7.73
1054, 6.05
1055, 6.0
1056, 5.7
1057, 5.87
1058, 5.54
1059, 5.43
1060, 5.11
1061, 5.26
1062, 5.16
1063, 5.21
1064, 5.28
1065, 5.34
1066, 5.17
1067, 5.19
1068, 5.75
1069, 5.57
1070, 5.63
1071, 5.76
1072, 6.11
1073, 5.91
1074, 5.9
1075, 6.04
1076, 6.0
1077, 5.91
1078, 6.5
1079, 6.64
1080, 6.61
1081, 6.61
1082, 6.65
1083, 6.25
1084, 6.06
1085, 6.24
1086, 6.36
1087, 6.05
1088, 5.99
1089, 5.61
1090, 5.86
1091, 6.05
1092, 5.96
1093, 5.89
1094, 5.96
1095, 5.74
1096, 5.72
1097, 5.49
1098, 5.37
1099, 5.51
1100, 5.51
1101, 5.57
1102, 5.65
1103, 5.89
1104, 5.98
1105, 5.95
1106, 6.08
1107, 6.1
1108, 5.92
1109, 5.97
1110, 6.14
1111, 6.11
1112, 6.06
1113, 6.02
1114, 6.17
1115, 6.93
1116, 6.87
1117, 6.77
1118, 6.66
1119, 6.62
1120, 6.71
1121, 6.59
1122, 6.49
1123, 6.67
1124, 6.65
1125, 6.55
1126, 6.32
1127, 6.49
1128, 6.51
1129, 6.51
1130, 6.65
1131, 6.66
1132, 6.67
1133, 6.77
1134, 6.81
1135, 6.72
1136, 6.6
1137, 6.5
1138, 6.41
1139, 6.44
1140, 6.56
1141, 6.61
1142, 6.71
1143, 6.99
1144, 6.89
1145, 6.89
1146, 6.94
1147, 6.9
1148, 6.95
1149, 6.87
1150, 6.83
1151, 6.82
1152, 6.85
1153, 6.69
1154, 6.64
1155, 6.78
1156, 6.74
1157, 6.68
1158, 6.28
1159, 6.17
1160, 6.18
1161, 6.24
1162, 6.25
1163, 6.32
1164, 6.41
1165, 6.46
1166, 6.49
1167, 6.81
1168, 6.75
1169, 6.65
1170, 6.7
1171, 6.51
1172, 6.48
1173, 6.56
1174, 6.41
1175, 6.29
1176, 6.18
1177, 5.94
1178, 5.33
1179, 5.25
1180, 5.2
1181, 5.27
1182, 5.03
1183, 5.1
1184, 5.02
1185, 4.94
1186, 4.8
1187, 5.04
1188, 5.15
1189, 5.23
1190, 5.45
1191, 5.44
1192, 5.27
1193, 5.17
1194, 5.22
1195, 5.34
1196, 5.34
1197, 5.25
1198, 5.24
1199, 5.06
1200, 5.1
1201, 5.21
1202, 5.25
1203, 5.55
1204, 5.7
1205, 5.65
1206, 5.51
1207, 5.58
1208, 5.71
1209, 5.88
1210, 5.7
1211, 5.84
1212, 5.76
1213, 5.82
1214, 5.95
1215, 5.96
1216, 6.44
1217, 6.24
1218, 6.32
1219, 6.28
1220, 6.32
1221, 6.32
1222, 6.56
1223, 6.5
1224, 6.44
1225, 6.4
1226, 6.51
1227, 6.51
1228, 6.48
1229, 6.57
1230, 6.67
1231, 6.4
1232, 6.49
1233, 6.34
1234, 6.39
1235, 6.19
1236, 6.14
1237, 6.16
1238, 6.13
1239, 5.96
1240, 6.07
1241, 6.04
1242, 6.07
1243, 6.07
1244, 5.9
1245, 6.05
1246, 6.02
1247, 6.08
1248, 6.1
1249, 6.09
1250, 6.13
1251, 6.15
1252, 6.19
1253, 6.13
1254, 6.41
1255, 6.57
1256, 6.47
1257, 6.56
1258, 6.58
1259, 6.56
1260, 6.75
1261, 6.87
1262, 6.74
1263, 6.74
1264, 6.82
1265, 6.81
1266, 6.71
1267, 6.66
1268, 6.65
1269, 6.71
1270, 6.51
1271, 6.49
1272, 6.44
1273, 6.46
1274, 6.42
1275, 6.48
1276, 6.49
1277, 6.43
1278, 6.43
1279, 6.42
1280, 6.4
1281, 6.34
1282, 6.31
1283, 6.32
1284, 6.39
1285, 6.43
1286, 6.66
1287, 6.86
1288, 6.91
1289, 6.93
1290, 6.94
1291, 7.2
1292, 7.23
1293, 7.08
1294, 7.0
1295, 7.05
1296, 7.11
1297, 7.18
1298, 7.17
1299, 7.15
1300, 6.89
1301, 6.9
1302, 7.07
1303, 6.84
1304, 7.09
1305, 6.98
1306, 6.79
1307, 6.7
1308, 5.42
1309, 5.66
1310, 5.54
1311, 5.78
1312, 5.71
1313, 5.73
1314, 5.84
1315, 5.78
1316, 5.78
1317, 5.53
1318, 5.57
1319, 5.63
1320, 5.59
1321, 5.65
1322, 5.96
1323, 5.79
1324, 5.73
1325, 5.84
1326, 5.91
1327, 5.51
1328, 5.46
1329, 5.45
1330, 5.37
1331, 5.55
1332, 5.6
1333, 5.76
1334, 5.87
1335, 5.82
1336, 5.73
1337, 5.78
1338, 5.76
1339, 5.72
1340, 5.72
1341, 5.57
1342, 5.94
1343, 5.95
1344, 5.62
1345, 5.44
1346, 5.57
1347, 5.6
1348, 5.35
1349, 5.54
1350, 5.61
1351, 5.73
1352, 5.64
1353, 5.95
1354, 6.04
1355, 5.9
1356, 5.77
1357, 5.76
1358, 5.87
1359, 5.79
1360, 5.99
1361, 6.2
1362, 6.44
1363, 6.3
1364, 6.17
1365, 5.97
1366, 6.97
1367, 7.07
1368, 6.98
1369, 6.98
1370, 6.89
1371, 6.8
1372, 6.93
1373, 6.77
1374, 6.37
1375, 6.29
1376, 6.11
1377, 6.07
1378, 6.16
1379, 6.2
1380, 5.94
1381, 6.05
1382, 5.83
1383, 5.84
1384, 5.88
1385, 5.87
1386, 6.03
1387, 5.88
1388, 5.81
1389, 6.11
1390, 6.11
1391, 6.39
1392, 6.33
1393, 6.44
1394, 6.47
1395, 6.47
1396, 6.76
1397, 6.78
1398, 6.92
1399, 6.64
1400, 6.86
1401, 7.07
1402, 6.75
1403, 6.58
1404, 6.48
1405, 6.63
1406, 6.6
1407, 6.59
1408, 6.68
1409, 6.88
1410, 7.0
1411, 6.9
1412, 7.1
1413, 7.1
1414, 7.04
1415, 7.08
1416, 7.02
1417, 7.05
1418, 7.08
1419, 7.01
1420, 6.97
1421, 6.97
1422, 6.82
1423, 6.98
1424, 6.83
1425, 6.93
1426, 7.0
1427, 6.86
1428, 6.82
1429, 6.98
1430, 6.98
1431, 6.38
1432, 6.78
1433, 6.74
1434, 6.85
1435, 6.78
1436, 6.74
1437, 6.68
1438, 6.79
1439, 6.71
1440, 6.65
1441, 6.61
1442, 6.61
1443, 6.66
1444, 6.54
1445, 6.58
1446, 6.74
1447, 6.64
1448, 6.79
1449, 6.73
1450, 6.76
1451, 6.76
1452, 6.8
1453, 6.74
1454, 6.9
1455, 6.99
1456, 7.1
1457, 7.09
1458, 7.05
1459, 7.23
1460, 7.56
1461, 7.41
1462, 7.47
1463, 8.23
1464, 8.25
1465, 8.72
1466, 8.62
1467, 8.61
1468, 8.53
1469, 8.55
1470, 8.52
1471, 8.66
1472, 8.71
1473, 8.57
1474, 8.71
1475, 8.52
1476, 8.59
1477, 8.53
1478, 8.5
1479, 8.45
1480, 8.38
1481, 8.44
1482, 8.32
1483, 8.41
1484, 8.3
1485, 8.05
1486, 7.96
1487, 7.95
1488, 7.94
1489, 8.18
1490, 8.43
1491, 8.38
1492, 8.15
1493, 8.44
1494, 8.76
1495, 8.36
1496, 8.6
1497, 9.84
1498, 9.56
1499, 9.45
1500, 9.48
1501, 9.52
1502, 9.78
1503, 9.97
1504, 9.63
1505, 9.74
1506, 9.55
1507, 9.28
1508, 9.08
1509, 9.44
1510, 9.6
1511, 9.61
1512, 9.46
1513, 9.58
1514, 9.74
1515, 9.69
1516, 9.48
1517, 9.57
1518, 9.49
1519, 9.1
1520, 8.84
1521, 8.79
1522, 8.73
1523, 8.51
1524, 8.42
1525, 8.48
1526, 8.65
1527, 8.5
1528, 8.67
1529, 8.96
1530, 8.98
1531, 8.87
1532, 9.14
1533, 9.3
1534, 9.38
1535, 9.22
1536, 9.89
1537, 9.74
1538, 9.83
1539, 9.81
1540, 9.6
1541, 9.35
1542, 9.0
1543, 8.97
1544, 8.99
1545, 8.99
1546, 8.67
1547, 8.65
1548, 9.05
1549, 9.13
1550, 9.25
1551, 9.36
1552, 9.28
1553, 9.08
1554, 8.28
1555, 8.08
1556, 7.93
1557, 7.83
1558, 7.87
1559, 7.79
1560, 7.81
1561, 7.92
1562, 7.8
1563, 7.77
1564, 7.69
1565, 7.49
1566, 7.55
1567, 7.69
1568, 7.66
1569, 7.56
1570, 7.47
1571, 7.43
1572, 7.72
1573, 7.83
1574, 7.76
1575, 7.79
1576, 7.42
1577, 7.51
1578, 7.28
1579, 7.09
1580, 7.12
1581, 6.95
1582, 6.91
1583, 6.71
1584, 6.78
1585, 6.91
1586, 6.83
1587, 6.97
1588, 6.94
1589, 6.9
1590, 7.15
1591, 7.1
1592, 7.27
1593, 7.06
1594, 7.06
1595, 7.15
1596, 7.16
1597, 7.23
1598, 7.46
1599, 7.23
1600, 7.13
1601, 7.25
1602, 7.1
1603, 6.86
1604, 6.87
1605, 6.85
1606, 6.69
1607, 6.84
1608, 6.83
1609, 7.08
1610, 7.06
1611, 6.46
1612, 6.2
1613, 6.03
1614, 6.17
1615, 5.8
1616, 5.44
1617, 5.43
1618, 5.56
1619, 5.55
1620, 5.62
1621, 5.44
1622, 5.55
1623, 5.0
1624, 5.31
1625, 4.88
1626, 5.42
1627, 5.4
1628, 5.58
1629, 5.41
1630, 5.29
1631, 4.94
1632, 4.74
1633, 4.66
1634, 4.97
1635, 4.9
1636, 4.78
1637, 4.85
1638, 4.92
1639, 4.88
1640, 4.77
1641, 4.72
1642, 4.59
1643, 4.48
1644, 4.8
1645, 4.63
1646, 4.51
1647, 4.54
1648, 4.69
1649, 4.82
1650, 4.9
1651, 4.8
1652, 4.71
1653, 4.56
1654, 4.4
1655, 4.33
1656, 4.34
1657, 4.33
1658, 4.53
1659, 4.25
1660, 4.39
1661, 4.26
1662, 3.89
1663, 4.27
1664, 4.37
1665, 4.51
1666, 4.38
1667, 4.65
1668, 4.64
1669, 4.79
1670, 4.68
1671, 4.78
1672, 4.43
1673, 4.69
1674, 4.46
1675, 4.44
1676, 4.67
1677, 4.85
1678, 4.78
1679, 4.79
1680, 5.17
1681, 5.62
1682, 5.5
1683, 5.3
1684, 5.52
1685, 5.66
1686, 5.63
1687, 5.59
1688, 5.72
1689, 5.38
1690, 5.46
1691, 5.7
1692, 5.64
1693, 5.64
1694, 5.49
1695, 5.41
1696, 5.32
1697, 5.02
1698, 5.08
1699, 4.72
1700, 4.63
1701, 5.01
1702, 4.97
1703, 5.37
1704, 5.33
1705, 5.31
1706, 5.48
1707, 5.46
1708, 5.42
1709, 5.02
1710, 5.3
1711, 5.25
1712, 5.02
1713, 4.86
1714, 4.78
1715, 5.03
1716, 4.87
1717, 5.16
1718, 5.13
1719, 5.18
1720, 5.16
1721, 5.18
1722, 5.04
1723, 5.13
1724, 5.04
1725, 5.17
1726, 4.95
1727, 4.98
1728, 5.13
1729, 5.16
1730, 5.29
1731, 5.28
1732, 5.33
1733, 5.23
1734, 5.2
1735, 5.46
1736, 5.66
1737, 5.67
1738, 5.82
1739, 5.81
1740, 5.9
1741, 5.95
1742, 5.99
1743, 5.91
1744, 5.88
1745, 6.33
1746, 6.27
1747, 6.39
1748, 6.34
1749, 6.62
1750, 6.68
1751, 6.52
1752, 6.34
1753, 6.51
1754, 6.33
1755, 6.27
1756, 6.52
1757, 6.33
1758, 6.25
1759, 6.1
1760, 6.39
1761, 6.18
1762, 6.29
1763, 6.14
1764, 5.89
1765, 5.85
1766, 6.0
1767, 5.75
1768, 5.57
1769, 5.7
1770, 5.77
1771, 5.82
1772, 5.74
1773, 6.0
1774, 5.61
1775, 5.35
1776, 5.33
1777, 5.51
1778, 5.53
1779, 5.55
1780, 5.48
1781, 5.44
1782, 5.66
1783, 5.62
1784, 5.56
1785, 5.54
1786, 5.47
1787, 5.41
1788, 5.3
1789, 5.18
1790, 5.16
1791, 4.96
1792, 4.75
1793, 4.9
1794, 4.93
1795, 4.81
1796, 4.81
1797, 4.86
1798, 4.7
1799, 4.67
1800, 4.56
1801, 4.46
1802, 4.58
1803, 4.62
1804, 4.7
1805, 4.7
1806, 4.72
1807, 4.71
1808, 4.63
1809, 4.51
1810, 4.4
1811, 4.3
1812, 4.39
1813, 4.4
1814, 4.29
1815, 4.23
1816, 4.29
1817, 4.32
1818, 4.26
1819, 4.18
1820, 4.09
1821, 4.3
1822, 4.19
1823, 4.23
1824, 4.21
1825, 4.25
1826, 4.39
1827, 4.29
1828, 4.39
1829, 4.16
1830, 4.18
1831, 4.33
1832, 4.39
1833, 4.38
1834, 4.42
1835, 4.17
1836, 4.2
1837, 4.11
1838, 4.18
1839, 4.23
1840, 4.2
1841, 4.21
1842, 4.28
1843, 4.11
1844, 4.18
1845, 4.05
1846, 4.18
1847, 4.24
1848, 4.09
1849, 4.26
1850, 4.37
1851, 4.31
1852, 4.36
1853, 4.23
1854, 4.21
1855, 4.23
1856, 4.19
1857, 4.01
1858, 4.01
1859, 3.93
1860, 3.89
1861, 4.07
1862, 4.11
1863, 4.01
1864, 3.92
1865, 3.77
1866, 3.97
1867, 4.01
1868, 4.26
1869, 4.24
1870, 4.24
1871, 4.23
1872, 4.28
1873, 4.38
1874, 4.47
1875, 4.49
1876, 4.43
1877, 4.45
1878, 4.46
1879, 4.47
1880, 4.29
1881, 4.42
1882, 4.48
1883, 4.49
1884, 4.46
1885, 4.41
1886, 4.42
1887, 4.315
1888, 4.37
1889, 4.48
1890, 4.435
1891, 4.57
1892, 4.52
1893, 4.57
1894, 4.59
1895, 4.58
1896, 4.695
1897, 4.78
1898, 4.67
1899, 4.75
1900, 4.81
1901, 4.915
1902, 4.95
1903, 4.86
1904, 4.89
1905, 4.86
1906, 4.75
1907, 4.83
1908, 4.79
1909, 4.71
1910, 4.62
1911, 4.68
1912, 4.54
1913, 4.49
1914, 4.44
1915, 4.45
1916, 4.49
1917, 4.53
1918, 4.42
1919, 4.3
1920, 4.38
1921, 4.36
1922, 4.38
1923, 4.42
1924, 4.51
1925, 4.5
1926, 4.39
1927, 4.27
1928, 4.31
1929, 4.27
1930, 4.265
1931, 4.35
1932, 4.34
1933, 4.34
1934, 4.35
1935, 4.27
1936, 4.37
1937, 4.43
1938, 4.24
1939, 4.19
1940, 4.14
1941, 4.17
1942, 4.08
1943, 4.1
1944, 4.02
1945, 4.09
1946, 4.24
1947, 4.2
1948, 4.27
1949, 4.405
1950, 4.34
1951, 4.36
1952, 4.58
1953, 4.63
1954, 4.58
1955, 4.7
1956, 4.775
1957, 4.72
1958, 4.74
1959, 4.725
1960, 4.8
1961, 4.85
1962, 4.82
1963, 4.84
1964, 4.81
1965, 4.92
1966, 4.98
1967, 5.05
1968, 5.08
1969, 4.97
1970, 4.99
1971, 4.97
1972, 4.97
1973, 4.96
1974, 5.07
1975, 5.29
1976, 5.0
1977, 5.17
1978, 5.18
1979, 5.1
1980, 5.08
1981, 5.06
1982, 5.09
1983, 5.09
1984, 5.14
1985, 5.09
1986, 5.24
1987, 5.23
1988, 5.21
1989, 5.44
1990, 5.57
1991, 5.46
1992, 5.48
1993, 5.44
1994, 5.19
1995, 5.23
1996, 5.34
1997, 5.29
1998, 5.36
1999, 5.35
2000, 5.35
2001, 5.35
2002, 5.44
2003, 5.46
2004, 5.48
2005, 5.7
2006, 5.68
2007, 5.78
2008, 5.67
2009, 5.59
2010, 5.68
2011, 5.54
2012, 5.52
2013, 5.62
2014, 5.69
2015, 5.6
2016, 5.59
2017, 5.7
2018, 5.72
2019, 5.78
2020, 5.82
2021, 5.82
2022, 5.78
2023, 5.82
2024, 5.87
2025, 5.78
2026, 5.83
2027, 5.74
2028, 5.82
2029, 5.73
2030, 5.77
2031, 5.77
2032, 5.77
2033, 5.77
2034, 5.79
2035, 5.77
2036, 5.57
2037, 5.59
2038, 5.6
2039, 5.55
2040, 5.68
2041, 5.72
2042, 5.93
2043, 5.91
2044, 5.89
2045, 5.52
2046, 5.645
2047, 5.5
2048, 5.47
2049, 5.51
2050, 5.89
2051, 6.02
2052, 5.79
2053, 5.68
2054, 5.71
2055, 5.69
2056, 5.68
2057, 5.53
2058, 5.61
2059, 5.72
2060, 5.84
2061, 5.89
2062, 5.84
2063, 5.82
2064, 5.88
2065, 5.85
2066, 5.9
2067, 6.0
2068, 5.93
2069, 6.05
2070, 6.08
2071, 6.07
2072, 6.05
2073, 6.07
2074, 6.1
2075, 6.25
2076, 6.23
2077, 6.15
2078, 6.1
2079, 6.19
2080, 6.16
2081, 6.11
2082, 6.2
2083, 6.35
2084, 6.26
2085, 6.18
2086, 6.17
2087, 6.24
2088, 6.13
2089, 6.24
2090, 6.34
2091, 6.25
2092, 6.16
2093, 6.22
2094, 6.16
2095, 6.2
2096, 6.2
2097, 6.28
2098, 6.35
2099, 6.48
2100, 6.47
2101, 6.47
2102, 6.55
2103, 6.63
2104, 6.68
2105, 6.73
2106, 6.88
2107, 6.89
2108, 7.0
2109, 7.06
2110, 7.04
2111, 7.07
2112, 6.99
2113, 7.1
2114, 6.96
2115, 7.7
2116, 7.71
2117, 7.64
2118, 7.52
2119, 7.55
2120, 7.655
2121, 7.71
2122, 7.78
2123, 7.81
2124, 7.73
2125, 7.77
2126, 7.87
2127, 7.89
2128, 7.98
2129, 7.93
2130, 7.85
2131, 7.6
2132, 7.68
2133, 7.55
2134, 7.52
2135, 7.41
2136, 7.52
2137, 7.46
2138, 7.5
2139, 7.13
2140, 7.26
2141, 7.37
2142, 7.07
2143, 7.2
2144, 7.38
2145, 7.31
2146, 7.34
2147, 7.36
2148, 7.45
2149, 7.49
2150, 7.51
2151, 7.51
2152, 7.52
2153, 7.61
2154, 7.65
2155, 7.68
2156, 7.64
2157, 7.67
2158, 7.81
2159, 7.82
2160, 7.84
2161, 7.78
2162, 7.68
2163, 7.78
2164, 7.69
2165, 7.63
2166, 7.75
2167, 7.65
2168, 7.54
2169, 7.4
2170, 7.57
2171, 7.68
2172, 7.71
2173, 7.69
2174, 7.76
2175, 7.82
2176, 7.95
2177, 8.1
2178, 8.24
2179, 8.0
2180, 7.94
2181, 7.79
2182, 7.67
2183, 7.55
2184, 7.24
2185, 7.305
2186, 7.2
2187, 7.37
2188, 7.3
2189, 7.3
2190, 7.18
2191, 7.32
2192, 7.34
2193, 7.34
2194, 7.4
2195, 7.34
2196, 7.44
2197, 7.29
2198, 7.26
2199, 7.27
2200, 7.35
2201, 7.45
2202, 7.45
2203, 7.58
2204, 7.65
2205, 7.7
2206, 7.33
2207, 7.23
2208, 7.31
2209, 7.33
2210, 7.38
2211, 7.21
2212, 7.08
2213, 6.96
2214, 6.66
2215, 6.67
2216, 6.77
2217, 6.82
2218, 6.88
2219, 6.9
2220, 7.25
2221, 7.32
2222, 7.38
2223, 7.42
2224, 7.45
2225, 7.37
2226, 7.38
2227, 7.32
2228, 7.38
2229, 7.27
2230, 7.29
2231, 7.44
2232, 7.27
2233, 7.29
2234, 7.25
2235, 7.34
2236, 7.36
2237, 7.12
2238, 6.54
2239, 6.71
2240, 6.8
2241, 6.77
2242, 6.6
2243, 6.59
2244, 6.67
2245, 6.61
2246, 6.6
2247, 6.56
2248, 6.41
2249, 6.32
2250, 6.3
2251, 6.43
2252, 6.46
2253, 6.45
2254, 6.5
2255, 6.41
2256, 6.47
2257, 6.48
2258, 6.53
2259, 6.52
2260, 6.56
2261, 6.53
2262, 6.49
2263, 6.42
2264, 6.53
2265, 6.51
2266, 6.49
2267, 6.4
2268, 6.69
2269, 6.72
2270, 6.66
2271, 6.69
2272, 6.65
2273, 6.59
2274, 6.63
2275, 6.49
2276, 6.49
2277, 6.55
2278, 6.63
2279, 6.675
2280, 6.76
2281, 6.81
2282, 6.71
2283, 6.8
2284, 6.71
2285, 6.73
2286, 6.84
2287, 7.14
2288, 7.22
2289, 7.27
2290, 7.18
2291, 7.0
2292, 6.89
2293, 6.9
2294, 6.94
2295, 6.62
2296, 6.48
2297, 6.5
2298, 6.45
2299, 6.52
2300, 6.72
2301, 6.78
2302, 6.9
2303, 7.33
2304, 7.37
2305, 7.17
2306, 7.08
2307, 7.0
2308, 7.03
2309, 7.05
2310, 7.09
2311, 7.15
2312, 7.02
2313, 6.93
2314, 6.95
2315, 7.07
2316, 7.3
2317, 7.22
2318, 7.09
2319, 7.18
2320, 7.3
2321, 7.38
2322, 7.27
2323, 7.26
2324, 7.28
2325, 7.39
2326, 7.36
2327, 7.4
2328, 7.36
2329, 7.24
2330, 7.09
2331, 7.25
2332, 7.24
2333, 7.47
2334, 7.59
2335, 7.72
2336, 7.71
2337, 7.62
2338, 7.62
2339, 7.54
2340, 7.41
2341, 7.42
2342, 7.5
2343, 7.4
2344, 7.49
2345, 7.46
2346, 7.44
2347, 7.41
2348, 7.38
2349, 7.45
2350, 7.46
2351, 7.595
2352, 7.47
2353, 7.54
2354, 7.5
2355, 7.36
2356, 7.33
2357, 7.08
2358, 7.13
2359, 6.15
2360, 5.98
2361, 6.01
2362, 6.0
2363, 6.13
2364, 6.24
2365, 6.28
2366, 6.29
2367, 6.3
2368, 6.3
2369, 6.23
2370, 5.73
2371, 5.99
2372, 6.0
2373, 5.94
2374, 6.14
2375, 6.12
2376, 6.16
2377, 5.99
2378, 6.0
2379, 6.23
2380, 6.08
2381, 6.19
2382, 6.19
2383, 6.15
2384, 6.21
2385, 6.2
2386, 6.11
2387, 6.23
2388, 6.34
2389, 6.26
2390, 6.52
2391, 6.47
2392, 6.5
2393, 6.57
2394, 6.54
2395, 6.64
2396, 6.8
2397, 6.88
2398, 7.02
2399, 6.9
2400, 6.93
2401, 6.97
2402, 6.74
2403, 6.49
2404, 6.61
2405, 6.59
2406, 6.71
2407, 6.6
2408, 6.48
2409, 6.41
2410, 6.45
2411, 6.35
2412, 6.39
2413, 6.45
2414, 6.34
2415, 6.21
2416, 6.35
2417, 6.36
2418, 6.22
2419, 6.08
2420, 6.2
2421, 6.01
2422, 5.66
2423, 5.72
2424, 5.76
2425, 6.11
2426, 6.045
2427, 6.0
2428, 6.03
2429, 6.16
2430, 6.08
2431, 6.32
2432, 6.23
2433, 6.14
2434, 6.37
2435, 6.12
2436, 6.5
2437, 6.67
2438, 6.87
2439, 6.85
2440, 7.01
2441, 7.07
2442, 7.07
2443, 6.91
2444, 6.81
2445, 6.9
2446, 6.79
2447, 6.79
2448, 6.69
2449, 6.745
2450, 6.64
2451, 6.775
2452, 6.83
2453, 6.88
2454, 7.23
2455, 7.21
2456, 7.0
2457, 6.93
2458, 7.06
2459, 7.09
2460, 7.16
2461, 7.24
2462, 7.16
2463, 7.35
2464, 7.21
2465, 7.01
2466, 6.83
2467, 6.55
2468, 6.55
2469, 6.67
2470, 6.865
2471, 6.97
2472, 6.99
2473, 6.97
2474, 7.31
2475, 7.32
2476, 7.22
2477, 7.13
2478, 7.01
2479, 7.01
2480, 6.87
2481, 6.75
2482, 6.78
2483, 6.87
2484, 6.78
2485, 6.82
2486, 6.87
2487, 6.935
2488, 6.76
2489, 6.82
2490, 6.82
2491, 6.82
2492, 6.99
2493, 7.01
2494, 7.095
2495, 7.08
2496, 7.04
2497, 6.91
2498, 7.65
2499, 7.64
2500, 7.78
2501, 7.69
2502, 7.77
2503, 7.74
2504, 7.76
2505, 7.75
2506, 7.77
2507, 7.89
2508, 7.9
2509, 7.92
2510, 7.89
2511, 7.87
2512, 7.9
2513, 7.87
2514, 7.75
2515, 7.81
2516, 7.86
2517, 7.81
2518, 7.92
2519, 7.72
2520, 7.71
2521, 7.65
2522, 7.54
2523, 7.59
2524, 7.39
2525, 7.48
2526, 7.68
2527, 7.58
2528, 7.58
2529, 7.59
2530, 7.55
2531, 7.54
2532, 7.63
2533, 7.66
2534, 7.61
2535, 7.3
2536, 7.28
2537, 7.3
2538, 7.39
2539, 7.41
2540, 7.35
2541, 7.38
2542, 7.37
2543, 7.31
2544, 7.36
2545, 7.385
2546, 7.57
2547, 7.5
2548, 7.39
2549, 7.35
2550, 7.42
2551, 7.27
2552, 7.38
2553, 7.46
2554, 7.44
2555, 7.48
2556, 7.45
2557, 7.31
2558, 7.45
2559, 6.96
2560, 7.01
2561, 6.95
2562, 6.94
2563, 6.78
2564, 6.73
2565, 6.73
2566, 6.84
2567, 6.91
2568, 7.13
2569, 6.9
2570, 6.96
2571, 6.925
2572, 6.93
2573, 6.9
2574, 6.93
2575, 6.9
2576, 6.82
2577, 6.78
2578, 6.86
2579, 6.83
2580, 6.81
2581, 6.78
2582, 6.88
2583, 7.12
2584, 6.86
2585, 7.05
2586, 7.08
2587, 7.13
2588, 7.24
2589, 7.22
2590, 7.18
2591, 7.17
2592, 7.25
2593, 7.24
2594, 7.27
2595, 7.17
2596, 7.23
2597, 7.29
2598, 7.09
2599, 7.13
2600, 7.14
2601, 6.91
2602, 6.83
2603, 6.84
2604, 6.71
2605, 6.61
2606, 6.65
2607, 6.68
2608, 6.65
2609, 6.82
2610, 6.9
2611, 6.99
2612, 6.95
2613, 6.87
2614, 6.78
2615, 6.72
2616, 6.71
2617, 6.62
2618, 6.48
2619, 6.58
2620, 6.47
2621, 6.02
2622, 5.9
2623, 6.0
2624, 6.01
2625, 5.94
2626, 5.83
2627, 5.88
2628, 5.87
2629, 5.87
2630, 5.93
2631, 5.85
2632, 5.9
2633, 5.85
2634, 5.84
2635, 5.81
2636, 5.86
2637, 5.81
2638, 5.66
2639, 5.58
2640, 5.47
2641, 5.49
2642, 5.61
2643, 5.67
2644, 5.79
2645, 5.77
2646, 5.64
2647, 5.7
2648, 5.69
2649, 5.6
2650, 5.68
2651, 5.6
2652, 6.15
2653, 6.11
2654, 6.02
2655, 6.12
2656, 6.14
2657, 6.1
2658, 5.87
2659, 5.85
2660, 5.72
2661, 5.84
2662, 5.88
2663, 5.89
2664, 5.84
2665, 5.77
2666, 5.8
2667, 5.75
2668, 5.84
2669, 6.11
2670, 6.13
2671, 6.31
2672, 5.76
2673, 5.94
2674, 5.97
2675, 5.92
2676, 5.89
2677, 6.0
2678, 6.0
2679, 6.0
2680, 6.1
2681, 5.89
2682, 5.98
2683, 6.02
2684, 5.89
2685, 5.7
2686, 5.85
2687, 5.83
2688, 5.76
2689, 5.8
2690, 5.96
2691, 5.87
2692, 5.85
2693, 5.9
2694, 5.78
2695, 5.65
2696, 5.51
2697, 5.41
2698, 5.16
2699, 5.19
2700, 5.23
2701, 5.31
2702, 5.32
2703, 5.4
2704, 5.49
2705, 5.45
2706, 5.55
2707, 5.59
2708, 5.53
2709, 5.62
2710, 5.46
2711, 5.42
2712, 5.34
2713, 5.25
2714, 4.49
2715, 4.34
2716, 4.3
2717, 4.26
2718, 4.2
2719, 4.34
2720, 4.3
2721, 4.21
2722, 4.21
2723, 4.24
2724, 4.2
2725, 4.21
2726, 4.31
2727, 4.18
2728, 4.2
2729, 4.16
2730, 4.07
2731, 3.95
2732, 3.68
2733, 3.64
2734, 3.53
2735, 3.46
2736, 3.5
2737, 3.43
2738, 3.33
2739, 3.4
2740, 3.33
2741, 3.27
2742, 3.21
2743, 3.28
2744, 3.3
2745, 3.26
2746, 3.44
2747, 3.3
2748, 3.14
2749, 3.28
2750, 3.29
2751, 3.11
2752, 3.2
2753, 3.29
2754, 3.09
2755, 3.14
2756, 3.12
2757, 3.145
2758, 3.14
2759, 3.19
2760, 3.32
2761, 3.13
2762, 3.36
2763, 3.43
2764, 3.19
2765, 2.99
2766, 3.09
2767, 3.18
2768, 3.04
2769, 3.35
2770, 3.37
2771, 3.44
2772, 3.39
2773, 3.25
2774, 3.27
2775, 3.18
2776, 3.28
2777, 3.15
2778, 3.28
2779, 3.14
2780, 2.96
2781, 3.03
2782, 3.15
2783, 3.22
2784, 3.26
2785, 3.23
2786, 3.19
2787, 3.23
2788, 3.19
2789, 3.3
2790, 3.31
2791, 3.27
2792, 3.29
2793, 3.28
2794, 3.23
2795, 3.17
2796, 3.06
2797, 3.09
2798, 3.2
2799, 3.23
2800, 3.29
2801, 3.3
2802, 3.31
2803, 3.34
2804, 3.36
2805, 3.34
2806, 3.46
2807, 3.61
2808, 3.43
2809, 3.565
2810, 3.55
2811, 3.5
2812, 3.46
2813, 3.48
2814, 3.47
2815, 3.41
2816, 3.33
2817, 3.3
2818, 3.32
2819, 3.33
2820, 3.105
2821, 3.065
2822, 2.94
2823, 2.85
2824, 2.68
2825, 2.68
2826, 2.56
2827, 2.62
2828, 2.57
2829, 2.69
2830, 2.89
2831, 2.87
2832, 2.88
2833, 2.87
2834, 2.85
2835, 2.84
2836, 2.89
2837, 3.07
2838, 3.0
2839, 3.0
2840, 2.88
2841, 2.82
2842, 2.74
2843, 2.7
2844, 2.73
2845, 2.84
2846, 2.94
2847, 2.98
2848, 2.96
2849, 2.95
2850, 3.09
2851, 2.83
2852, 2.65
2853, 2.79
2854, 2.8
2855, 2.85
2856, 3.01
2857, 2.8
2858, 2.76
2859, 2.78
2860, 2.93
2861, 3.01
2862, 3.15
2863, 3.13
2864, 3.11
2865, 3.1
2866, 3.08
2867, 2.98
2868, 3.07
2869, 3.12
2870, 3.16
2871, 3.17
2872, 3.23
2873, 3.32
2874, 3.29
2875, 3.28
2876, 3.21
2877, 3.03
2878, 3.12
2879, 3.17
2880, 3.24
2881, 3.26
2882, 3.37
2883, 3.95
2884, 4.06
2885, 4.17
2886, 4.21
2887, 4.11
2888, 4.14
2889, 4.18
2890, 4.12
2891, 4.16
2892, 4.23
2893, 4.19
2894, 4.44
2895, 4.445
2896, 4.35
2897, 4.36
2898, 4.34
2899, 4.45
2900, 5.1
2901, 5.08
2902, 5.14
2903, 5.04
2904, 4.83
2905, 5.01
2906, 4.81
2907, 4.66
2908, 4.75
2909, 4.66
2910, 4.64
2911, 4.65
2912, 4.76
2913, 4.78
2914, 4.69
2915, 4.6
2916, 4.66
2917, 5.84
2918, 5.88
2919, 5.93
2920, 5.76
2921, 5.84
2922, 5.93
2923, 5.93
2924, 5.91
2925, 5.9
2926, 5.67
2927, 5.56
2928, 5.47
2929, 5.31
2930, 5.45
2931, 5.55
2932, 5.4
2933, 5.45
2934, 5.45
2935, 5.4
2936, 5.3
2937, 5.15
2938, 4.85
2939, 5.0
2940, 5.1
2941, 5.0
2942, 4.75
2943, 4.9
2944, 4.75
2945, 4.9
2946, 4.95
2947, 5.35
2948, 4.5
2949, 4.9
2950, 5.05
2951, 4.6
2952, 4.9
2953, 4.7
2954, 4.55
2955, 4.65
2956, 4.7
2957, 4.75
2958, 4.7
2959, 4.65
2960, 4.7
2961, 4.65
2962, 4.95
2963, 4.85
2964, 4.75
2965, 5.25
2966, 5.2
2967, 5.1
2968, 5.15
2969, 4.95
2970, 5.2
2971, 4.85
2972, 5.05
2973, 5.35
2974, 5.3
2975, 5.4
2976, 5.35
2977, 5.15
2978, 5.2
2979, 5.25
2980, 5.2
2981, 5.1
2982, 5.0
2983, 5.25
2984, 5.1
2985, 5.05
2986, 4.95
2987, 4.9
2988, 5.05
2989, 5.1
2990, 5.1
2991, 5.3
2992, 5.1
2993, 5.1
2994, 5.1
2995, 5.15
2996, 5.15
2997, 5.4
2998, 5.3
2999, 5.25
3000, 5.15
3001, 5.05
3002, 5.3
3003, 5.05
3004, 4.9
3005, 5.2
3006, 5.15
3007, 5.1
3008, 5.1
3009, 5.25
3010, 5.4
3011, 5.5
3012, 5.75
3013, 5.7
3014, 5.7
3015, 5.65
3016, 5.6
3017, 5.65
3018, 5.45
3019, 5.45
3020, 5.5
3021, 5.4
3022, 5.9
3023, 5.9
3024, 5.85
3025, 6.1
3026, 6.0
3027, 5.95
3028, 5.9
3029, 5.85
3030, 5.85
3031, 5.65
3032, 5.65
3033, 5.8
3034, 5.85
3035, 5.8
3036, 5.7
3037, 5.7
3038, 5.8
3039, 5.9
3040, 5.8
3041, 5.75
3042, 5.85
3043, 5.9
3044, 5.95
3045, 5.75
3046, 5.85
3047, 5.4
3048, 5.55
3049, 5.5
3050, 5.5
3051, 5.55
3052, 5.6
3053, 5.5
3054, 5.65
3055, 5.6
3056, 5.65
3057, 5.7
3058, 5.65
3059, 5.7
3060, 5.75
3061, 6.0
3062, 5.7
3063, 5.8
3064, 5.8
3065, 5.325
3066, 5.175
3067, 5.05
3068, 5.05
3069, 5.05
3070, 5.15
3071, 5.2
3072, 5.15
3073, 5.15
3074, 5.2
3075, 5.1
3076, 4.9
3077, 4.95
3078, 5.15
3079, 5.2
3080, 5.2
3081, 5.25
3082, 5.25
3083, 5.25
3084, 5.1
3085, 5.05
3086, 5.25
3087, 5.4
3088, 5.5
3089, 5.45
3090, 5.4
3091, 5.6
3092, 5.35
3093, 5.3
3094, 5.35
3095, 5.15
3096, 5.15
3097, 5.35
3098, 5.45
3099, 5.35
3100, 5.3
3101, 5.4
3102, 5.4
3103, 5.4
3104, 5.25
3105, 5.4
3106, 5.3
3107, 5.25
3108, 5.25
3109, 5.2
3110, 5.2
3111, 5.35
3112, 5.15
3113, 5.15
3114, 5.2
3115, 5.15
3116, 4.675
3117, 4.65
3118, 4.325
3119, 4.25
3120, 4.25
3121, 4.25
3122, 4.15
3123, 4.15
3124, 4.05
3125, 4.05
3126, 4.0
3127, 4.1
3128, 4.1
3129, 3.9
3130, 3.95
3131, 4.0
3132, 3.925
3133, 3.85
3134, 3.65
3135, 3.6
3136, 3.65
3137, 3.5
3138, 3.55
3139, 3.5
3140, 3.4
3141, 3.35
3142, 3.3
3143, 3.275
3144, 3.275
3145, 3.3
3146, 3.275
3147, 3.25
3148, 3.3
3149, 3.3
3150, 3.25
3151, 3.4
3152, 3.2
3153, 3.1
3154, 3.05
3155, 2.9
3156, 2.95
3157, 2.9
3158, 2.95
3159, 2.9
3160, 2.85
3161, 2.8
3162, 2.95
3163, 3.05
3164, 2.9
3165, 3.0
3166, 2.95
3167, 3.0
3168, 3.05
3169, 3.0
3170, 3.0
3171, 3.15
3172, 3.25
3173, 3.1
3174, 3.15
3175, 3.05
3176, 3.1
3177, 3.15
3178, 3.25
3179, 3.15
3180, 3.15
3181, 3.2
3182, 3.15
3183, 3.075
3184, 2.95
3185, 2.925
3186, 3.15
3187, 3.0
3188, 3.0
3189, 2.9
3190, 2.85
3191, 2.95
3192, 3.7
3193, 3.7
3194, 3.75
3195, 3.8
3196, 3.85
3197, 3.8
3198, 3.9
3199, 3.8
3200, 3.8
