0, 2000
1, 2000
2, 1700
3, -3700
4, -22813
5, -20063
6, -20855
7, -13632
8, -13632
9, -13632
10, -12432
11, -12052
12, -12052
13, 669
14, 669
15, 569
16, 787
17, 787
18, 787
19, 31218
20, 59548
21, 59548
22, 52148
23, 53016
24, 7416
25, -55550
26, -54550
27, -106028
28, -195038
29, -195038
30, -245248
31, -245048
32, -246398
33, -246006
34, -248006
35, -248006
36, -251572
37, -244119
38, -238870
39, -662972
40, -600507
41, -600507
42, -600507
43, -600507
44, -591107
45, -591107
46, -622067
47, -629067
48, -629067
49, -663191
50, -653591
51, -611927
52, -607507
53, -581256
54, -582056
55, -582056
56, -582056
57, -581556
58, -581756
59, -579556
60, -577856
61, -563340
62, -545240
63, -577705
64, -587563
65, -564459
66, -570997
67, -570997
68, -560097
69, -558997
70, -552797
71, -551797
72, -594552
73, -608150
74, -611650
75, -611150
76, -630121
77, -625226
78, -626126
79, -596416
80, -608136
81, -607036
82, -608437
83, -608137
84, -608137
85, -608137
86, -576828
87, -584424
88, -619071
89, -627255
90, -632355
91, -620160
92, -619432
93, -618732
94, -618732
95, -618732
96, -618732
97, -611532
98, -611532
99, -611532
100, -624734
101, -619438
102, -619438
103, -619538
104, -617917
105, -617917
106, -643537
107, -631890
108, -631890
109, -635390
110, -631468
111, -631468
112, -630868
113, -643629
114, -642629
115, -643254
116, -630454
117, -644734
118, -642315
119, -647635
120, -655035
121, -651065
122, -618954
123, -616254
124, -607339
125, -613844
126, -616444
127, -600344
128, -598019
129, -593719
130, -587292
131, -577888
132, -575788
133, -578288
134, -568987
135, -568987
136, -569755
137, -567991
138, -568791
139, -568691
140, -571591
141, -574895
142, -577595
143, -565160
144, -576877
145, -582597
146, -578348
147, -578348
148, -585983
149, -578533
150, -578533
151, -575331
152, -569223
153, -569323
154, -567023
155, -567623
156, -604929
157, -602829
158, -596729
159, -596729
160, -606669
161, -643372
162, -641973
163, -640723
164, -639723
165, -639473
166, -658663
167, -653546
168, -658642
169, -657742
170, -657342
171, -659642
172, -659970
173, -659370
174, -664990
175, -667605
176, -668452
177, -668752
178, -664852
179, -662252
180, -662352
181, -672072
182, -683100
183, -681700
184, -656866
185, -658754
186, -662254
187, -666354
188, -666755
189, -665155
190, -664955
191, -670414
192, -674814
193, -675514
194, -632914
195, -592414
196, -626888
197, -619286
198, -619286
199, -414186
200, -209220
201, -173004
202, -83094
203, -100420
204, -102369
205, -207396
206, -207696
207, -206896
208, -207692
209, -208332
210, -215237
211, -214589
212, -216654
213, -237015
214, -288819
215, -295281
216, -264081
217, -261681
218, -277681
219, -268374
220, -254984
221, -265746
222, -266546
223, -264746
224, -268794
225, -266994
226, -267194
227, -264067
228, -263895
229, -279197
230, -267789
231, -302664
232, -352965
233, -330165
234, -339770
235, -318479
236, -319965
237, -298642
238, -314782
239, -313882
240, -315085
241, -302705
242, -321805
243, -314702
244, -317136
245, -316236
246, -298608
247, -298608
248, -321569
249, -320142
250, -320542
251, -320149
252, -318953
253, -317332
254, -320602
255, -321689
256, -336096
257, -358694
258, -358694
259, -362852
260, -281940
261, -288679
262, -263479
263, -262029
264, -281319
265, -276819
266, -278753
267, -261509
268, -261509
269, -261509
270, -287895
271, -299937
272, -285238
273, -290238
274, -296722
275, -286801
276, -292101
277, -285732
278, -288332
279, -281982
280, -282182
281, -282324
282, -250442
283, -262345
284, -261345
285, -262645
286, -262745
287, -263995
288, -265591
289, -251223
290, -252023
291, -249068
292, -253260
293, -254285
294, -252957
295, -256057
296, -267643
297, -260639
298, -262245
299, -262845
300, -262545
301, -261979
302, -197211
303, -115483
304, -128297
305, -128297
306, 30340
307, 31740
308, 31040
309, 33804
310, 34104
311, 36886
312, 28120
313, 31904
314, 40228
315, 40228
316, 43427
317, 52228
318, 52228
319, 52228
320, 52628
321, 66163
322, 65063
323, 64963
324, 65363
325, 64763
326, 67343
327, 74616
328, 72416
329, 72416
330, 72996
331, 72996
332, 71096
333, 70496
334, 69837
335, 82126
336, 84131
337, 48638
338, 46503
339, 46503
340, 46303
341, 54503
342, 54203
343, 53063
344, 55284
345, 142163
346, 138163
347, 125273
348, 134249
349, 133345
350, 71955
351, 95011
352, 92135
353, 95928
354, 96764
355, 80847
356, 84747
357, 86067
358, 86067
359, 83033
360, 84913
361, 79513
362, 79313
363, 83833
364, 84133
365, 80730
366, 85114
367, 81914
368, 78875
369, 78875
370, 76855
371, 78757
372, 71067
373, 74047
374, 75313
375, 75513
376, 76613
377, 76014
378, 76014
379, 70644
380, 70044
381, 66577
382, 66577
383, 63585
384, 58723
385, 59223
386, 62197
387, 58386
388, 56418
389, 56718
390, 57018
391, 54281
392, 1078168
393, 1109337
394, 1116095
395, 1105886
396, 1105886
397, 1099686
398, 1103744
399, 1100743
400, 1106175
401, 1103875
402, 1113168
403, 1117918
404, 1126719
405, 1118499
406, 1384119
407, 1425905
408, 1407479
409, 1396835
410, 1415646
411, 1410861
412, 1295856
413, 1388879
414, 1489695
415, 1489695
416, 1484195
417, 1481294
418, 1476714
419, 1464702
420, 1468902
421, 1471322
422, 1511122
423, 1511884
424, 1512184
425, 1521584
426, 1523584
427, 1523584
428, 1564703
429, 1568503
430, 1620743
431, 1650880
432, 1692697
433, 1720897
434, 1751616
435, 1740368
436, 1733085
437, 1720135
438, 1709922
439, 1714442
440, 1720418
441, 1718778
442, 1719978
443, 1729107
444, 1736195
445, 1731940
446, 1729014
447, 1731514
448, 1718523
449, 1667823
450, 1666520
451, 1668520
452, 1666970
453, 1670233
454, 1668749
455, 1671149
456, 1654862
457, 1649641
458, 1649541
459, 1648141
460, 1660939
461, 1650088
462, 1660245
463, 1653539
464, 1652239
465, 1660862
466, 1660862
467, 1652543
468, 1651193
469, 1651898
470, 1649276
471, 1650774
472, 1650474
473, 1806659
474, 1798548
475, 1794998
476, 1784633
477, 1764548
478, 1767308
479, 1775390
480, 1773855
481, 1774255
482, 1776355
483, 1782813
484, 1785309
485, 1779909
486, 1776106
487, 1769146
488, 1766146
489, 1767346
490, 1770646
491, 1777050
492, 1768830
493, 1766230
494, 1763226
495, 1746858
496, 1699304
497, 1717125
498, 1734210
499, 1737707
500, 1732203
501, 1730503
502, 1725999
503, 1727299
504, 1726999
505, 1733210
506, 1730010
507, 1737104
508, 1745948
509, 1741011
510, 1719902
511, 1713542
512, 1727175
513, 1716847
514, 1713924
515, 1718019
516, 1712003
517, 1693513
518, 1702257
519, 1711283
520, 1733358
521, 1720458
522, 1712167
523, 1750183
524, 1766663
525, 1754967
526, 1750107
527, 1784744
528, 1780762
529, 1783971
530, 1792212
531, 1780652
532, 1766465
533, 506667
534, 348298
535, 445479
536, 506634
537, 467865
538, 410158
539, 307213
540, 286989
541, 257586
542, 227776
543, 145467
544, 43667
545, 111876
546, 687037
547, 774666
548, 835859
549, 896812
550, 941602
551, 868344
552, 808048
553, 779916
554, 728499
555, 664156
556, 555014
557, 418782
558, 332136
559, 154899
560, -109786
561, -307823
562, -396960
563, -311251
564, -253244
565, -110713
566, -181335
567, -102461
568, 137921
569, 71674
570, 17725
571, 105590
572, 47969
573, 79796
574, 68020
575, 95650
576, 117181
577, 87157
578, 75440
579, 43852
580, 58415
581, 85348
582, 151767
583, 115006
584, 80517
585, 104904
586, 69070
587, 42982
588, 94856
589, 110197
590, 78569
591, 108412
592, 92219
593, 151679
594, 189786
595, 174655
596, 106107
597, 163636
598, 137946
599, 102693
600, 157401
601, 338139
602, 399993
603, 448732
604, 405019
605, 378552
606, 415779
607, 387454
608, 387454
609, 347238
610, 407767
611, 365543
612, 286876
613, 307488
614, 268610
615, 319351
616, 242072
617, 268117
618, 298796
619, 332911
620, 313473
621, 348435
622, 386412
623, 346401
624, 430804
625, 347413
626, 317478
627, 272316
628, 230141
629, 283667
630, 234550
631, 276068
632, 326242
633, 391337
634, 448598
635, 424743
636, 472682
637, 434304
638, 478191
639, 525690
640, 502976
641, 450500
642, 488002
643, 557825
644, 529895
645, 608768
646, 582844
647, 538157
648, 567365
649, 621584
650, 654938
651, 614694
652, 565464
653, 602205
654, 574813
655, 538713
656, 503016
657, 530708
658, 498691
659, 473249
660, 568655
661, 576160
662, 596908
663, 556786
664, 593729
665, 691546
666, 651419
667, 698511
668, 606977
669, 640467
670, 605270
671, 633216
672, 677649
673, 638085
674, 678618
675, 652241
676, 629825
677, 605965
678, 545988
679, 468089
680, 509478
681, 472338
682, 445216
683, 423581
684, 436387
685, 417002
686, 478603
687, 507219
688, 534540
689, 487339
690, 470613
691, 500360
692, 480433
693, 524952
694, 510038
695, 610743
696, 567847
697, 544889
698, 489426
699, 510898
700, 455872
701, 418996
702, 469880
703, 522159
704, 473382
705, 281560
706, 205833
707, 74527
708, 138268
709, 191347
710, 163769
711, 190624
712, 215778
713, 260378
714, 291529
715, 346897
716, 326308
717, 311942
718, 359095
719, 315343
720, 511149
721, 572618
722, 536919
723, 567996
724, 551602
725, 537934
726, 551663
727, 576899
728, 571143
729, 524745
730, 469063
731, 506615
732, 533008
733, 592465
734, 648730
735, 609929
736, 548299
737, 597374
738, 632018
739, 599517
740, 626699
741, 754243
742, 697686
743, 709480
744, 548843
745, 581006
746, 703920
747, 731434
748, 698300
749, 735581
750, 703513
751, 682972
752, 665382
753, 575068
754, 607777
755, 582912
756, 594062
757, 615122
758, 636371
759, 564210
760, 482403
761, 447889
762, 413820
763, 375335
764, 318738
765, 273324
766, 306288
767, 331409
768, 301744
769, 332381
770, 306241
771, 293259
772, 307834
773, 333767
774, 315075
775, 297672
776, 308770
777, 298172
778, 165667
779, 189380
780, 233450
781, 356874
782, 448794
783, 554816
784, 486544
785, 457502
786, 402629
787, 440067
788, 390273
789, 527673
790, 483656
791, 406754
792, 348354
793, 361545
794, 339556
795, 404740
796, 369109
797, 387515
798, 407915
799, 376992
800, 411236
801, 437720
802, 474202
803, 440676
804, 489672
805, 522222
806, 561727
807, 512015
808, 567588
809, 606148
810, 651824
811, 627360
812, 563533
813, 532154
814, 498562
815, 145735
816, 101675
817, 63833
818, 24334
819, 70264
820, 46777
821, 107674
822, 152029
823, 107555
824, 123285
825, 107693
826, 90122
827, 103667
828, 121091
829, 93829
830, 101874
831, 170803
832, 198793
833, 253867
834, 306114
835, 282928
836, 267043
837, 292258
838, 326148
839, 271068
840, 213781
841, 180705
842, 146838
843, 131219
844, 176964
845, 158747
846, 307776
847, 487572
848, 437515
849, 409993
850, 399983
851, 348689
852, 369011
853, 336691
854, 385404
855, 378879
856, 361983
857, 317763
858, 254287
859, 221457
860, 173157
861, 147271
862, 85030
863, 132928
864, 108902
865, 81852
866, 111085
867, 68668
868, 109566
869, 84712
870, 64062
871, 99353
872, 46281
873, -21275
874, 22455
875, -10992
876, -1201
877, 67486
878, 14840
879, 2766
880, -25492
881, -42368
882, -61008
883, -76366
884, -132442
885, -181632
886, -89584
887, -106540
888, -44092
889, -68869
890, -89966
891, -113600
892, -55896
893, -13977
894, -35531
895, 9130
896, 30716
897, 6661
898, 35986
899, 68854
900, 56038
901, 81840
902, 147128
903, 167273
904, 178292
905, 153605
906, 130787
907, 151611
908, 196528
909, 141345
910, 160147
911, 389403
912, 447417
913, 382544
914, 382544
915, 409020
916, 400504
917, 444174
918, 502810
919, 525992
920, 488068
921, 467135
922, 444629
923, 455448
924, 438171
925, 410993
926, 437124
927, 420916
928, 447702
929, 447702
930, 397452
931, 416217
932, 403219
933, 413887
934, 424068
935, 398533
936, 413531
937, 393723
938, 424502
939, 461353
940, 525044
941, 472073
942, 472073
943, 437156
944, 418449
945, 401124
946, 379051
947, 369029
948, 413136
949, 386499
950, 358085
951, 427696
952, 400942
953, 378799
954, 429071
955, 429071
956, 399035
957, 453312
958, 403549
959, 277160
960, 229476
961, 206014
962, 266271
963, 232408
964, 263643
965, 252496
966, 278897
967, 149765
968, 127806
969, 147586
970, 177131
971, 154514
972, 118303
973, 159648
974, 92182
975, 109465
976, 149315
977, 128250
978, 186187
979, 241596
980, 261022
981, 296938
982, 256564
983, 184310
984, 126834
985, 172991
986, 288526
987, 245367
988, 160473
989, 117979
990, 164724
991, 135792
992, 65625
993, 121256
994, 74708
995, 39292
996, 77690
997, 13964
998, 24036
999, 39086
1000, -5133
1001, 31724
1002, 66646
1003, 110444
1004, 184863
1005, 732706
1006, 663849
1007, 630001
1008, 574019
1009, -159032
1010, -117736
1011, -173731
1012, -96098
1013, -137943
1014, 124357
1015, 70476
1016, 108590
1017, 151348
1018, 100611
1019, 132530
1020, 175707
1021, 247260
1022, 202788
1023, 227237
1024, 277001
1025, 609333
1026, 479722
1027, 398844
1028, 520649
1029, 704735
1030, 586051
1031, 625288
1032, 544928
1033, 490816
1034, 432603
1035, 293075
1036, 201719
1037, 318867
1038, 220879
1039, 263907
1040, -101563
1041, 1651
1042, -42395
1043, -16515
1044, -55714
1045, -126721
1046, 264029
1047, 335148
1048, 261329
1049, 224739
1050, 256215
1051, 280607
1052, 349218
1053, 392140
1054, 359479
1055, 379861
1056, 364434
1057, 385864
1058, 454970
1059, 490696
1060, 506470
1061, 490005
1062, 467853
1063, 517389
1064, 468180
1065, 480745
1066, 447762
1067, 421373
1068, 385996
1069, 433426
1070, 458365
1071, 474235
1072, 415212
1073, 386522
1074, 348154
1075, 312605
1076, 379524
1077, 420878
1078, 520190
1079, 455901
1080, 373587
1081, 421847
1082, 457424
1083, 498230
1084, 458865
1085, 500020
1086, 453555
1087, 473917
1088, 480632
1089, 497556
1090, 476690
1091, 500155
1092, 478844
1093, 491769
1094, 513619
1095, 497005
1096, 483758
1097, 498124
1098, 453281
1099, 433976
1100, 420778
1101, 405427
1102, 415339
1103, 386297
1104, 400678
1105, 387539
1106, 344582
1107, 319742
1108, 319742
1109, 347374
1110, 328125
1111, 338216
1112, 351213
1113, 372291
1114, 355343
1115, 381583
1116, 416094
1117, 404229
1118, 390473
1119, 414818
1120, 394276
1121, 359751
1122, 323794
1123, 323794
1124, 299240
1125, 317981
1126, 294868
1127, 240927
1128, 198087
1129, 178411
1130, 203345
1131, 182386
1132, 206307
1133, 181926
1134, 202536
1135, 175644
1136, 193206
1137, 169913
1138, 191695
1139, 233357
1140, 233357
1141, 224256
1142, 187205
1143, 231873
1144, 300469
1145, 251157
1146, 304313
1147, 404199
1148, 662107
1149, 761359
1150, 711384
1151, 560132
1152, 605036
1153, 657487
1154, 627532
1155, 655552
1156, 625963
1157, 644852
1158, 644852
1159, 595293
1160, 524225
1161, 496692
1162, 369672
1163, 227365
1164, 137908
1165, 172001
1166, 108253
1167, 135494
1168, 90006
1169, 90006
1170, 48910
1171, 82548
1172, 109877
1173, 10924
1174, 43187
1175, -48478
1176, -26320
1177, -47730
1178, -17637
1179, -71456
1180, -127667
1181, 520
1182, -28598
1183, -73792
1184, -37769
1185, -71805
1186, -20049
1187, 10967
1188, -14540
1189, 88445
1190, 119446
1191, 64496
1192, 42704
1193, -10857
1194, 5254
1195, 91604
1196, 39539
1197, 76630
1198, 48710
1199, 85765
1200, 47260
1201, 70931
1202, 87037
1203, 67553
1204, 67553
1205, 144329
1206, 171096
1207, 171096
1208, 109534
1209, 190240
1210, 346536
1211, 537432
1212, 522384
1213, 556083
1214, 595317
1215, 577390
1216, 604814
1217, 578152
1218, 617960
1219, 565675
1220, 553743
1221, 582987
1222, 567383
1223, 533384
1224, 468885
1225, 778249
1226, 719185
1227, 767322
1228, 767322
1229, 726287
1230, 690277
1231, 716543
1232, 681935
1233, 698804
1234, 676482
1235, 624362
1236, 711768
1237, 684791
1238, 749676
1239, 773505
1240, 798646
1241, 798646
1242, 773245
1243, 753413
1244, 769097
1245, 792917
1246, 792917
1247, 772174
1248, 798824
1249, 763696
1250, 743765
1251, 774829
1252, 751585
1253, 765373
1254, 724937
1255, 803265
1256, 705635
1257, 761168
1258, 832343
1259, 896696
1260, 940747
1261, 890859
1262, 872948
1263, 859419
1264, 796214
1265, 748670
1266, 678651
1267, 628166
1268, 671060
1269, 701810
1270, 657807
1271, 688048
1272, 641632
1273, 599987
1274, 635537
1275, 653206
1276, 603371
1277, 543148
1278, 565346
1279, 598298
1280, 635918
1281, 647498
1282, 610038
1283, 638263
1284, 626788
1285, 614475
1286, 526560
1287, 493592
1288, 443923
1289, 471335
1290, 651122
1291, 904842
1292, 878027
1293, 824977
1294, 743210
1295, 756521
1296, 733186
1297, 691358
1298, 727337
1299, 689574
1300, 643643
1301, 674788
1302, 713678
1303, 785313
1304, 847758
1305, 933934
1306, 860639
1307, 829429
1308, 801634
1309, 823850
1310, 848588
1311, 818242
1312, 797779
1313, 784403
1314, 795674
1315, 844851
1316, 816246
1317, 806145
1318, 794779
1319, 787973
1320, 754957
1321, 766950
1322, 745158
1323, 680756
1324, 713357
1325, 745951
1326, 776959
1327, 740508
1328, 715400
1329, 674653
1330, 718249
1331, 680895
1332, 648095
1333, 680922
1334, 630918
1335, 679795
1336, 658610
1337, 687037
1338, 660814
1339, 647553
1340, 662357
1341, 645503
1342, 619302
1343, 579925
1344, 596010
1345, 627734
1346, 613914
1347, 598984
1348, 627074
1349, 539412
1350, 561767
1351, 561767
1352, 585128
1353, 538547
1354, 567685
1355, 494976
1356, 526729
1357, 556024
1358, 640278
1359, 678299
1360, 613195
1361, 732299
1362, 1776181
1363, 1843494
1364, 1884870
1365, 1939333
1366, 1909270
1367, 1987517
1368, 2021087
1369, 2098785
1370, 2037236
1371, 1995758
1372, 2025871
1373, 2025871
1374, 1914544
1375, 1866447
1376, 1901822
1377, 1864243
1378, 1908529
1379, 1925083
1380, 1889878
1381, 1937186
1382, 1981696
1383, 2031335
1384, 2089046
1385, 2117824
1386, 2073854
1387, 2101512
1388, 2077566
1389, 2037718
1390, 2059224
1391, 2037387
1392, 2000418
1393, 2031570
1394, 2015929
1395, 2043277
1396, 2096838
1397, 2133296
1398, 2120300
1399, 2162536
1400, 2212286
1401, 2179273
1402, 2156640
1403, 2188760
1404, 2228375
1405, 2201975
1406, 2190794
1407, 2217192
1408, 2195143
1409, 2237651
1410, 2260172
1411, 2298294
1412, 2330134
1413, 2348173
1414, 2366222
1415, 2391369
1416, 2369521
1417, 2409485
1418, 2418369
1419, 2405598
1420, 2417336
1421, 2431133
1422, 2457443
1423, 2499436
1424, 2465767
1425, 2489639
1426, 2507798
1427, 2477094
1428, 2444220
1429, 2467917
1430, 2454800
1431, 2503237
1432, 2519498
1433, 2596897
1434, 2551339
1435, 2520860
1436, 2520860
1437, 2540347
1438, 2583551
1439, 2602945
1440, 2560597
1441, 2519080
1442, 2484199
1443, 2505657
1444, 2491650
1445, 2507957
1446, 2491750
1447, 2500501
1448, 2488716
1449, 2472740
1450, 2491319
1451, 2520791
1452, 2506277
1453, 2495917
1454, 2517267
1455, 2545353
1456, 2527701
1457, 2527701
1458, 2554662
1459, 2596674
1460, 2587541
1461, 2499406
1462, 2484250
1463, 2496486
1464, 2489167
1465, 2474259
1466, 2482729
1467, 2492604
1468, 2465267
1469, 2448468
1470, 2437456
1471, 2417992
1472, 2384018
1473, 2364278
1474, 2417784
1475, 2434651
1476, 2449381
1477, 2439582
1478, 2461331
1479, 2517972
1480, 2538169
1481, 2553618
1482, 2541829
1483, 2569063
1484, 2592653
1485, 2620120
1486, 2613986
1487, 2629478
1488, 2625006
1489, 2642251
1490, 2608549
1491, 2597306
1492, 2578819
1493, 2564601
1494, 2597571
1495, 2572365
1496, 2604124
1497, 2614626
1498, 2604314
1499, 2598045
1500, 2612242
1501, 2612242
1502, 2602103
1503, 2621312
1504, 2595537
1505, 2611013
1506, 2586970
1507, 2599038
1508, 2606172
1509, 2612289
1510, 2618679
1511, 2605368
1512, 2585812
1513, 2560713
1514, 2544411
1515, 2576976
1516, 2567190
1517, 2567190
1518, 2548967
1519, 2527859
1520, 2497061
1521, 2503289
1522, 2485930
1523, 2469876
1524, 2425865
1525, 2373043
1526, 2405506
1527, 2444394
1528, 2466464
1529, 2387252
1530, 2297010
1531, 2209436
1532, 2171156
1533, 2199577
1534, 2246948
1535, 2222709
1536, 2254579
1537, 2201534
1538, 2166194
1539, 2190512
1540, 2170864
1541, 2194077
1542, 2563747
1543, 2595055
1544, 2638674
1545, 2614087
1546, 2629847
1547, 2649095
1548, 2662424
1549, 2687899
1550, 2708832
1551, 2683684
1552, 2639790
1553, 2587117
1554, 2612967
1555, 2642525
1556, 2667462
1557, 2651305
1558, 2666156
1559, 2677194
1560, 2691517
1561, 2705113
1562, 2680118
1563, 2662772
1564, 2631589
1565, 2607185
1566, 2615900
1567, 2595605
1568, 2555982
1569, 2579848
1570, 2530141
1571, 2553971
1572, 2504988
1573, 2554261
1574, 2516636
1575, 2563810
1576, 2538151
1577, 2515345
1578, 2586338
1579, 2607771
1580, 2563720
1581, 2546468
1582, 2575959
1583, 2601793
1584, 2614260
1585, 2592432
1586, 2601443
1587, 2620711
1588, 2628622
1589, 2683187
1590, 2733716
1591, 2698272
1592, 2646457
1593, 2701458
1594, 2671576
1595, 2629688
1596, 2663390
1597, 2677319
1598, 2702748
1599, 2690285
1600, 2729254
1601, 2719858
1602, 2692779
1603, 2650353
1604, 2692130
1605, 2705802
1606, 2720417
1607, 2696215
1608, 2670532
1609, 2677155
1610, 2646512
1611, 2596288
1612, 2642846
1613, 2614009
1614, 2614009
1615, 2598159
1616, 2628310
1617, 2651091
1618, 2671682
1619, 2685475
1620, 2702482
1621, 2680965
1622, 2710066
1623, 2691650
1624, 2682204
1625, 2758115
1626, 2720109
1627, 2685182
1628, 2708053
1629, 2801117
1630, 2748012
1631, 2683433
1632, 2650202
1633, 2693517
1634, 2722026
1635, 2708291
1636, 2701224
1637, 2723100
1638, 2674603
1639, 2691004
1640, 2710856
1641, 2690386
1642, 2713280
1643, 2696495
1644, 2677277
1645, 2650582
1646, 2624357
1647, 2606393
1648, 2545617
1649, 2608457
1650, 2657125
1651, 2639818
1652, 2696591
1653, 2666553
1654, 2692153
1655, 2755124
1656, 2803857
1657, 2785633
1658, 2763639
1659, 2783091
1660, 2757753
1661, 2735360
1662, 2773288
1663, 2804057
1664, 2889943
1665, 2857161
1666, 2887888
1667, 2871812
1668, 2886146
1669, 2874603
1670, 2864239
1671, 2837629
1672, 2858375
1673, 2875624
1674, 2834624
1675, 2809865
1676, 2830133
1677, 2801205
1678, 2825027
1679, 2848422
1680, 2833452
1681, 2855058
1682, 2835779
1683, 2802885
1684, 2833104
1685, 2854431
1686, 2899199
1687, 2934183
1688, 2967022
1689, 2926733
1690, 2957419
1691, 2987692
1692, 2970145
1693, 2936354
1694, 2964773
1695, 2974854
1696, 2937770
1697, 2928717
1698, 2928717
1699, 2943022
1700, 2926979
1701, 2854202
1702, 2872966
1703, 2829129
1704, 2848390
1705, 2868455
1706, 2830919
1707, 2811683
1708, 2825344
1709, 2839250
1710, 2855174
1711, 2865819
1712, 2908550
1713, 2725452
1714, 2679032
1715, 2647200
1716, 2689960
1717, 2588914
1718, 2605422
1719, 2621029
1720, 2639147
1721, 2630788
1722, 2609927
1723, 2577895
1724, 2602935
1725, 2547086
1726, 2577600
1727, 2562704
1728, 2543314
1729, 2526165
1730, 2545932
1731, 2578121
1732, 2559181
1733, 2532227
1734, 2481718
1735, 2520408
1736, 2543540
1737, 2514725
1738, 2480473
1739, 2456736
1740, 2441611
1741, 2406640
1742, 2364547
1743, 2492464
1744, 2467826
1745, 2478865
1746, 2512382
1747, 2487550
1748, 2476526
1749, 2497118
1750, 2465626
1751, 2510704
1752, 2544090
1753, 2524391
1754, 2537328
1755, 2509232
1756, 2535113
1757, 2668808
1758, 2643688
1759, 2608004
1760, 2631455
1761, 2661710
1762, 2707187
1763, 2741473
1764, 2704817
1765, 2677941
1766, 2663376
1767, 2632844
1768, 2605600
1769, 2647356
1770, 2616565
1771, 2587500
1772, 2620069
1773, 2642925
1774, 2635338
1775, 2657762
1776, 2639063
1777, 2584670
1778, 2546162
1779, 2513778
1780, 2532634
1781, 2593232
1782, 2574566
1783, 2586619
1784, 2559226
1785, 2576372
1786, 2550801
1787, 2578451
1788, 2644610
1789, 2616125
1790, 2668884
1791, 2628695
1792, 2699701
1793, 2202121
1794, 2130585
1795, 2165287
1796, 2138806
1797, 2170373
1798, 2230921
1799, 2192175
1800, 2227294
1801, 2213093
1802, 2186255
1803, 2220767
1804, 2278126
1805, 2317748
1806, 2360319
1807, 2328926
1808, 2260926
1809, 2209346
1810, 2150971
1811, 2195154
1812, 2280421
1813, 2251856
1814, 2311200
1815, 2260334
1816, 2284115
1817, 2319578
1818, 2304322
1819, 2266354
1820, 3486426
1821, 3242043
1822, 3306132
1823, 3246535
1824, 3334454
1825, 3313620
1826, 3344561
1827, 3309634
1828, 3289913
1829, 3276793
1830, 3288985
1831, 3320498
1832, 3337028
1833, 3366078
1834, 3329148
1835, 3355729
1836, 3339416
1837, 3330662
1838, 3343572
1839, 3372868
1840, 3400638
1841, 3389881
1842, 3377045
1843, 3397195
1844, 3375211
1845, 3404839
1846, 3355414
1847, 3333059
1848, 3372487
1849, 3355777
1850, 3392750
1851, 3451087
1852, 3475187
1853, 3524491
1854, 3616320
1855, 3557526
1856, 3845789
1857, 3825747
1858, 3784621
1859, 3806568
1860, 3822850
1861, 3785723
1862, 3804163
1863, 3767305
1864, 3748114
1865, 3794401
1866, 3859416
1867, 3834281
1868, 3803689
1869, 3781217
1870, 3758851
1871, 3738523
1872, 3750348
1873, 3711278
1874, 3702106
1875, 3690491
1876, 3741778
1877, 3741778
1878, 3717022
1879, 3738478
1880, 3761416
1881, 3749511
1882, 3737658
1883, 3713688
1884, 3679543
1885, 3626307
1886, 3643204
1887, 3572461
1888, 3537432
1889, 3504195
1890, 3894003
1891, 3922630
1892, 3885725
1893, 3851306
1894, 3802106
1895, 3859346
1896, 3874439
1897, 3848169
1898, 3859879
1899, 3879457
1900, 3897049
1901, 3887549
1902, 3901072
1903, 3919395
1904, 3909298
1905, 3881239
1906, 3866520
1907, 3878169
1908, 3905645
1909, 3921465
1910, 3858951
1911, 3899454
1912, 3873365
1913, 3840680
1914, 3871948
1915, 3844004
1916, 3813008
1917, 3910379
1918, 4227065
1919, 4209953
1920, 4197337
1921, 4208258
1922, 4235851
1923, 4300594
1924, 4366858
1925, 4340729
1926, 4316140
1927, 4280593
1928, 4163513
1929, 4119025
1930, 4156664
1931, 4186393
1932, 4166726
1933, 4175486
1934, 4157294
1935, 4175694
1936, 4151144
1937, 4128559
1938, 4118898
1939, 4093664
1940, 4083155
1941, 4173643
1942, 4173643
1943, 4154630
1944, 4123573
1945, 4067202
1946, 4085105
1947, 4100534
1948, 4092235
1949, 4087208
1950, 4097692
1951, 4090110
1952, 4099762
1953, 4091146
1954, 4050830
1955, 3983210
1956, 4054700
1957, 4024029
1958, 3974643
1959, 3996580
1960, 4064349
1961, 4095591
1962, 4127596
1963, 4105883
1964, 4095106
1965, 4065081
1966, 4274455
1967, 4218471
1968, 4191756
1969, 4155471
1970, 4140624
1971, 4121966
1972, 4140866
1973, 4140866
1974, 4079356
1975, 4104041
1976, 4171556
1977, 4208840
1978, 4208840
1979, 4202726
1980, 4221864
1981, 4221864
1982, 4211161
1983, 4261250
1984, 4231390
1985, 4179576
1986, 4158022
1987, 4170873
1988, 4154579
1989, 4154579
1990, 4126772
1991, 4144108
1992, 4052857
1993, 4035868
1994, 3981612
1995, 3945166
1996, 3901750
1997, 3850136
1998, 3982158
1999, 3952955
2000, 3991514
2001, 4005976
2002, 3986409
2003, 4022152
2004, 4022152
2005, 4060682
2006, 3978702
2007, 4036614
2008, 3985492
2009, 4032758
2010, 4002825
2011, 4015739
2012, 4015739
2013, 3987471
2014, 3952610
2015, 3917992
2016, 3952808
2017, 3987824
2018, 4040694
2019, 4085129
2020, 4038206
2021, 4013767
2022, 4043471
2023, 4020057
2024, 4086942
2025, 4065193
2026, 4095492
2027, 4040604
2028, 4091138
2029, 4058699
2030, 3994704
2031, 4021070
2032, 4049096
2033, 3954868
2034, 3895427
2035, 3841560
2036, 3888799
2037, 3853119
2038, 3974991
2039, 3871433
2040, 3798560
2041, 3703534
2042, 3163866
2043, 3066204
2044, 3160078
2045, 3247587
2046, 3053445
2047, 1132945
2048, 1327608
2049, 1148341
2050, 1148341
2051, 1184667
2052, 1147401
2053, 1060700
2054, 1124224
2055, 1089886
2056, 1061049
2057, 1007891
2058, 1135531
2059, 1101741
2060, 1069742
2061, 1018853
2062, 941699
2063, 875734
2064, 832921
2065, 886378
2066, 886378
2067, 858396
2068, 788890
2069, 788890
2070, 817082
2071, 791481
2072, 808847
2073, 773882
2074, 748108
2075, 682582
2076, 664398
2077, 644198
2078, 600921
2079, 590215
2080, 620293
2081, 620293
2082, 578771
2083, 633507
2084, 711743
2085, 732157
2086, 698831
2087, 698831
2088, 670549
2089, 644250
2090, 621644
2091, 587780
2092, 624886
2093, 642915
2094, 656305
2095, 682872
2096, 792047
2097, 819556
2098, 795075
2099, 783332
2100, 803111
2101, 803111
2102, 782506
2103, 789511
2104, 744507
2105, 713906
2106, 737818
2107, 737818
2108, 717413
2109, 687513
2110, 655330
2111, 655330
2112, 621630
2113, 532930
2114, 477730
2115, 492230
2116, 500630
2117, 457530
2118, 485102
2119, 509211
2120, 485637
2121, 506221
2122, 536339
2123, 567239
2124, 528139
2125, 592639
2126, 689839
2127, 778139
2128, 795539
2129, 838339
2130, 873539
2131, 852339
2132, 840039
2133, 821939
2134, 821939
2135, 844539
2136, 871145
2137, 893245
2138, 932845
2139, 886245
2140, 891245
2141, 944274
2142, 870274
2143, 901774
2144, 931974
2145, 923574
2146, 905374
2147, 905374
2148, 891974
2149, 899474
2150, 913972
2151, 938072
2152, 987872
2153, 1044972
2154, 1038604
2155, 1084204
2156, 1119104
2157, 1107704
2158, 1159104
2159, 1244804
2160, 1157175
2161, 1157175
2162, 1254975
2163, 1301587
2164, 1362887
2165, 1433985
2166, 1457985
2167, 1503585
2168, 1538485
2169, 1513985
2170, 1499385
2171, 1522176
2172, 1484076
2173, 1428376
2174, 1374076
2175, 1425476
2176, 1445745
2177, 1430914
2178, 1501914
2179, 1501914
2180, 1501914
2181, 1489414
2182, 1513714
2183, 1496314
2184, 1491614
2185, 1501714
2186, 1529258
2187, 1647258
2188, 2125258
2189, 1959758
2190, 1935358
2191, 2075048
2192, 2008148
2193, 2026640
2194, 1993840
2195, 1974140
2196, 2081640
2197, 2021561
2198, 1989240
2199, 2023237
2200, 1990566
2201, 2016527
2202, 2054774
2203, 2042812
2204, 2056960
2205, 2025562
2206, 2013285
2207, 2045149
2208, 2063883
2209, 2090547
2210, 2132741
2211, 2194107
2212, 2172707
2213, 2146726
2214, 2119317
2215, 2082916
2216, 2069471
2217, 2085104
2218, 2071938
2219, 2018302
2220, 2039022
2221, 2027654
2222, 2045176
2223, 2032237
2224, 2015859
2225, 1979077
2226, 2002289
2227, 1972241
2228, 1949366
2229, 1942847
2230, 1948103
2231, 1897877
2232, 1876663
2233, 1889363
2234, 1851614
2235, 1887739
2236, 1934911
2237, 1906303
2238, 1913423
2239, 1919685
2240, 1914582
2241, 1921493
2242, 1919993
2243, 1947329
2244, 1934794
2245, 1922212
2246, 1872075
2247, 1841234
2248, 1856486
2249, 1844654
2250, 1852940
2251, 1839825
2252, 1837431
2253, 1816967
2254, 1816967
2255, 1809211
2256, 1769048
2257, 1804270
2258, 1792395
2259, 1797871
2260, 2565672
2261, 2704607
2262, 2623936
2263, 2623936
2264, 2434585
2265, 2457593
2266, 2376966
2267, 2351830
2268, 2269507
2269, 2156299
2270, 2066101
2271, 2078690
2272, 2129487
2273, 2211573
2274, 2187839
2275, 2231747
2276, 2204326
2277, 2211917
2278, 2133677
2279, 2106751
2280, 2060721
2281, 2018218
2282, 2031718
2283, 2056125
2284, 2048672
2285, 2135072
2286, 2127512
2287, 2160667
2288, 2166885
2289, 2160720
2290, 2176087
2291, 2194505
2292, 2185205
2293, 2261759
2294, 2248450
2295, 2248450
2296, 2252599
2297, 2241223
2298, 2269560
2299, 2263057
2300, 2274410
2301, 2386710
2302, 2367777
2303, 2384553
2304, 2384553
2305, 2376841
2306, 2401876
2307, 2388596
2308, 2373461
2309, 2353506
2310, 2381163
2311, 2381163
2312, 2442126
2313, 2566912
2314, 2802989
2315, 2766820
2316, 2789447
2317, 2789447
2318, 2810779
2319, 2789679
2320, 2766805
2321, 2736799
2322, 2761351
2323, 2772661
2324, 2787217
2325, 2861986
2326, 2846176
2327, 2857056
2328, 2886782
2329, 2849307
2330, 3016461
2331, 2953539
2332, 2953539
2333, 2981789
2334, 3187692
2335, 3353560
2336, 3305080
2337, 4083740
2338, 3926903
2339, 4025459
2340, 3958030
2341, 4214799
2342, 4676988
2343, 4305282
2344, 4039016
2345, 4245098
2346, 4126741
2347, 4054067
2348, 4353730
2349, 4267776
2350, 4203466
2351, 4132251
2352, 4062219
2353, 4224242
2354, 4152711
2355, 4104840
2356, 3959857
2357, 3792497
2358, 3851598
2359, 3813258
2360, 3764633
2361, 3719959
2362, 3769453
2363, 3694264
2364, 3629892
2365, 3577033
2366, 3247089
2367, 3343711
2368, 3385803
2369, 3303468
2370, 3231691
2371, 3363482
2372, 3278668
2373, 3365030
2374, 3554019
2375, 3451219
2376, 3349806
2377, 3256100
2378, 3314943
2379, 3216882
2380, 3299726
2381, 3249714
2382, 3118955
2383, 3021185
2384, 3073118
2385, 3165691
2386, 3233702
2387, 3207248
2388, 3423384
2389, 3244523
2390, 3190377
2391, 3254329
2392, 3401246
2393, 3606313
2394, 3559501
2395, 3451545
2396, 3573752
2397, 3503549
2398, 3456927
2399, 3613731
2400, 3698908
2401, 3640785
2402, 3686047
2403, 3800131
2404, 3952681
2405, 3893825
2406, 3844356
2407, 3816518
2408, 3766915
2409, 3825559
2410, 3777324
2411, 3911742
2412, 3959449
2413, 3925455
2414, 3945424
2415, 3988488
2416, 4141858
2417, 3939842
2418, 4119328
2419, 4038861
2420, 4693746
2421, 4931223
2422, 5107350
2423, 5131286
2424, 5178607
2425, 5115819
2426, 5045063
2427, 4963367
2428, 4934793
2429, 4890809
2430, 4843735
2431, 4899477
2432, 4869031
2433, 4831009
2434, 4776337
2435, 4848839
2436, 4770965
2437, 4730271
2438, 4692230
2439, 4662971
2440, 4519525
2441, 4434652
2442, 4507153
2443, 4463316
2444, 4432422
2445, 4344895
2446, 4368780
2447, 4424741
2448, 4482104
2449, 4529394
2450, 4499691
2451, 4449160
2452, 4370490
2453, 4429200
2454, 4410335
2455, 4363987
2456, 4444510
2457, 4483414
2458, 4534579
2459, 4580599
2460, 4601431
2461, 4620186
2462, 4648806
2463, 4700932
2464, 4783080
2465, 4746664
2466, 4785361
2467, 4822061
2468, 4758161
2469, 4733561
2470, 4671561
2471, 4629761
2472, 4608361
2473, 4542461
2474, 4479361
2475, 4537161
2476, 4487861
2477, 4416261
2478, 4350361
2479, 4486861
2480, 4414161
2481, 4269461
2482, 4328561
2483, 4246361
2484, 4177161
2485, 4210761
2486, 4210761
2487, 4271161
2488, 4234277
2489, 4060377
2490, 4107577
2491, 4234177
2492, 4148901
2493, 4044001
2494, 3968671
2495, 4013771
2496, 3898671
2497, 3779071
2498, 3660088
2499, 3574992
2500, 3628292
2501, 3530916
2502, 2327740
2503, 1929613
2504, 2212613
2505, 2082777
2506, 1937177
2507, 2058766
2508, 1983666
2509, 1905566
2510, 1746766
2511, 1825366
2512, 1960066
2513, 1809683
2514, 1612516
2515, 1447016
2516, 1319116
2517, 1148487
2518, 1317396
2519, 1399696
2520, 1550050
2521, 1437688
2522, 1546014
2523, 1800714
2524, 1800714
2525, 1745814
2526, 1702921
2527, 1772521
2528, 2067767
2529, 1929767
2530, 1847101
2531, 1687489
2532, 1764689
2533, 1721989
2534, 1695989
2535, 1668089
2536, 1612735
2537, 1561564
2538, 1503851
2539, 1503851
2540, 1646251
2541, 1566251
2542, 1713451
2543, 1969351
2544, 3112251
2545, 2839351
2546, 2898412
2547, 2831012
2548, 2884712
2549, 2729012
2550, 2689512
2551, 2724602
2552, 2787702
2553, 2755802
2554, 2810502
2555, 2889502
2556, 2810102
2557, 2935502
2558, 3121302
2559, 3326102
2560, 3427494
2561, 3217491
2562, 3329891
2563, 3292191
2564, 3059491
2565, 2589391
2566, 2248991
2567, 1833491
2568, 1740991
2569, 1863791
2570, 2043491
2571, 1720691
2572, 1344791
2573, 904091
2574, 1194435
2575, 1298435
2576, 1373335
2577, 773039
2578, 773039
2579, 970239
2580, 877686
2581, 757686
2582, 568286
2583, 645886
2584, 612486
2585, 639786
2586, 527386
2587, 495186
2588, 532086
2589, 469522
2590, 513722
2591, 602922
2592, 519522
2593, 622522
2594, 545522
2595, 511422
2596, 459922
2597, 414622
2598, 487722
2599, 530122
2600, 586822
2601, 564126
2602, 631526
2603, 676726
2604, 605126
2605, 651626
2606, 690513
2607, 769713
2608, 819513
2609, 779813
2610, 688276
2611, 646146
2612, 613946
2613, 553210
2614, 592710
2615, 566810
2616, 595010
2617, 620810
2618, -110672
2619, -1121372
2620, -1898561
2621, -2756861
2622, -4052561
2623, -4842319
2624, -4366519
2625, -2472119
2626, -2472119
2627, -859219
2628, -365922
2629, -682822
2630, -871722
2631, -636722
2632, -1163722
2633, -1451922
2634, -1557222
2635, -1439322
2636, -1550222
2637, -1430522
2638, -1353293
2639, -1289593
2640, -1131593
2641, -1267493
2642, -1428193
2643, -1575072
2644, -1664072
2645, -1629872
2646, -1720672
2647, -1671972
2648, -1712972
2649, -1633872
2650, -1604672
2651, -1727672
2652, -1691172
2653, -1691172
2654, -1170972
2655, -1086372
2656, -1116272
2657, -1049172
2658, -965359
2659, -874086
2660, -675971
2661, -675971
2662, -713771
2663, -742608
2664, -777608
2665, -737608
2666, -809908
2667, -655480
2668, -739980
2669, -654380
2670, -805680
2671, -1911880
2672, -1911880
2673, -1727599
2674, -1552399
2675, -1533965
2676, -1591443
2677, -1705849
2678, -177277
2679, -564733
2680, 2826
2681, -196018
2682, -354632
2683, -465762
2684, -352285
2685, -226636
2686, -192179
2687, -139101
2688, -24146
2689, -87780
2690, -150180
2691, -232180
2692, -189091
2693, -75575
2694, -98766
2695, -141784
2696, -157190
2697, -125049
2698, -86258
2699, -126662
2700, -163259
2701, -131206
2702, -38749
2703, 31249
2704, -9771
2705, -71549
2706, -101786
2707, -80227
2708, -61320
2709, 58361
2710, 125848
2711, 92102
2712, 54202
2713, 324
2714, -110817
2715, -171005
2716, -207487
2717, -93604
2718, -26599
2719, -56389
2720, 33382
2721, -18111
2722, 43290
2723, 7008
2724, -24264
2725, -8257
2726, 81254
2727, 140353
2728, 394698
2729, 337357
2730, 276712
2731, 177530
2732, -472658
2733, -472658
2734, -515519
2735, -566383
2736, -486538
2737, -459981
2738, -376895
2739, -323172
2740, -196656
2741, -240737
2742, -228519
2743, -241097
2744, -229974
2745, -204171
2746, -208219
2747, -241650
2748, -223057
2749, -198855
2750, -189843
2751, -132859
2752, -164549
2753, -152830
2754, -123478
2755, -107936
2756, -152488
2757, -117745
2758, -51371
2759, -8582
2760, 56256
2761, 124692
2762, 65207
2763, 37835
2764, 9591
2765, 20515
2766, 74923
2767, 142742
2768, 409965
2769, 284606
2770, 237372
2771, 212596
2772, 116554
2773, 192959
2774, 176438
2775, 199240
2776, 187445
2777, 192125
2778, 242729
2779, 102762
2780, 12229
2781, -27365
2782, -50740
2783, -78186
2784, -153558
2785, -118677
2786, -98275
2787, -128834
2788, -185284
2789, -146295
2790, -211905
2791, -290640
2792, -210423
2793, -315911
2794, -397434
2795, -795950
2796, -743490
2797, -788091
2798, -853414
2799, -910704
2800, -938590
2801, -964226
2802, -919418
2803, -887690
2804, -868220
2805, -894412
2806, -862022
2807, -852444
2808, -784822
2809, -831340
2810, -807516
2811, -494569
2812, -612172
2813, -509657
2814, -407379
2815, -344041
2816, -219885
2817, -162048
2818, -185389
2819, -38095
2820, -118286
2821, -139888
2822, -128096
2823, -106714
2824, -78960
2825, -133219
2826, -111858
2827, -87033
2828, -56653
2829, -17170
2830, 72869
2831, 236972
2832, 369647
2833, 533603
2834, 481126
2835, 406311
2836, 481815
2837, 433616
2838, 396157
2839, 433123
2840, 406607
2841, 460578
2842, 438871
2843, 403065
2844, 374239
2845, 410384
2846, 431479
2847, 393463
2848, 386495
2849, 374732
2850, 342627
2851, 386743
2852, 364813
2853, 332565
2854, 312932
2855, 299383
2856, 339402
2857, 356701
2858, 242501
2859, 231963
2860, 241430
2861, 226209
2862, 193903
2863, 210167
2864, 197589
2865, 202852
2866, 216632
2867, 439236
2868, 475919
2869, 463295
2870, 405033
2871, 338184
2872, 321203
2873, 316569
2874, 323000
2875, 335015
2876, 359643
2877, 372293
2878, 364097
2879, 382607
2880, 365329
2881, 365329
2882, 365329
2883, 369329
2884, 395200
2885, 412846
2886, 412846
2887, 412846
2888, 446552
2889, 414363
2890, 322816
2891, 322816
2892, 334036
2893, 327062
2894, 342553
2895, 331135
2896, 927062
2897, 837840
2898, 935850
2899, 1237266
2900, 1455000
2901, 1612443
2902, 1844573
2903, 2349533
2904, 2547681
2905, 2756366
2906, 3010685
2907, 2978984
2908, 3082249
2909, 2937870
2910, 3317939
2911, 2678819
2912, 2678819
2913, 2906378
2914, 3263009
2915, 2927059
2916, 3165601
2917, 3542914
2918, 3694712
2919, 4046997
2920, 4046997
2921, 4217545
2922, 3737252
2923, 3737252
2924, 3823535
2925, 4076426
2926, 3968545
2927, 3925008
2928, 4130465
2929, 4330316
2930, 4085791
2931, 4223413
2932, 4140524
2933, 4312946
2934, 4080107
2935, 4027258
2936, 3968683
2937, 3904984
2938, 3859166
2939, 3791692
2940, 3696698
2941, 3696698
2942, 3776163
2943, 3706307
2944, 3785606
2945, 3707605
2946, 3776484
2947, 4955408
2948, 5262718
2949, 5262718
2950, 5160077
2951, 5038630
2952, 5106347
2953, 5179133
2954, 5104841
2955, 5104841
2956, 5359967
2957, 5278226
2958, 5386107
2959, 5335495
2960, 5335495
2961, 5428268
2962, 5428268
2963, 5480466
2964, 5580010
2965, 5677368
2966, 5603410
2967, 5517820
2968, 5418978
2969, 5497793
2970, 5555667
2971, 5634351
2972, 5813387
2973, 5719393
2974, 5719393
2975, 5786222
2976, 5675468
2977, 5601689
2978, 5683403
2979, 5627943
2980, 6034520
2981, 5993086
2982, 5993086
2983, 6222343
2984, 6333401
2985, 6167816
2986, 6076444
2987, 6167804
2988, 6335098
2989, 6170233
2990, 6330229
2991, 6227908
2992, 6301769
2993, 6682285
2994, 7168927
2995, 6827928
2996, 7165758
2997, 7005643
2998, 7185494
2999, 6933742
3000, 6713640
3001, 6789100
3002, 6851407
3003, 6903288
3004, 6787797
3005, 6787797
3006, 6787797
3007, 6787797
3008, 6897498
3009, 6817383
3010, 6894782
3011, 7001037
3012, 6880843
3013, 6826460
3014, 7066966
3015, 7337096
3016, 7261437
3017, 7317323
3018, 7275235
3019, 7177609
3020, 7243297
3021, 7323910
3022, 7388677
3023, 7388677
3024, 7319034
3025, 7319034
3026, 7361117
3027, 7361117
3028, 7429173
3029, 7379697
3030, 7326647
3031, 7326647
3032, 7326647
3033, 7271137
3034, 7113509
3035, 7035461
3036, 6866698
3037, 6626483
3038, 6457754
3039, 6293138
3040, 6448040
3041, 6552217
3042, 6429113
3043, 6160586
3044, 5837827
3045, 5549760
3046, 6441535
3047, 6615524
3048, 6473597
3049, 6742536
3050, 6948888
3051, 4480779
3052, 4687885
3053, 4601726
3054, 4794739
3055, 4925075
3056, 4830582
3057, 4785496
3058, 4686642
3059, 4525218
3060, 4613806
3061, 4693011
3062, 4419322
3063, 4322767
3064, 4444774
3065, 4444774
3066, 4479322
3067, 4349202
3068, 4349202
3069, 4467587
3070, 4467587
3071, 4569854
3072, 4705142
3073, 4572598
3074, 4745451
3075, 4987006
3076, 4987006
3077, 4849574
3078, 4774908
3079, 4712970
3080, 4622946
3081, 4685294
3082, 4785883
3083, 4728765
3084, 4650360
3085, 4573437
3086, 4674840
3087, 4566058
3088, 4293202
3089, 4104119
3090, 4259675
3091, 4259675
3092, 4259675
3093, 4077316
3094, 3990450
3095, 4068093
3096, 4068093
3097, 3926647
3098, 4098050
3099, 4290758
3100, 3650877
3101, 5739198
3102, 5369631
3103, 5212828
3104, 5052597
3105, 4914513
3106, 4801777
3107, 4713384
3108, 4713384
3109, 4339030
3110, 4841657
3111, 4715354
3112, 4895555
3113, 5147096
3114, 5261648
3115, 5177054
3116, 5239997
3117, 5375647
3118, 5298738
3119, 5298738
3120, 5380898
3121, 5282760
3122, 5243989
3123, 5186045
3124, 5274421
3125, 5215291
3126, 5303985
3127, 5249252
3128, 5308430
3129, 5361165
3130, 5457106
3131, 5404543
3132, 5511747
3133, 5511747
3134, 5511747
3135, 5438449
3136, 5360996
3137, 5469875
3138, 5566180
3139, 5712364
3140, 5816013
3141, 5995150
3142, 5923567
3143, 5973718
3144, 6064909
3145, 6109329
3146, 6195225
3147, 6276265
3148, 6217528
3149, 6170302
