0, 0.61
1, 0.66
2, 0.59
3, 0.67
4, 0.69
5, 0.66
6, 0.64
7, 0.75
8, 0.8
9, 0.79
10, 0.76
11, 0.78
12, 0.8
13, 0.75
14, 0.87
15, 0.87
16, 0.82
17, 0.88
18, 0.91
19, 0.85
20, 0.85
21, 0.86
22, 0.86
23, 0.8
24, 0.8
25, 0.8
26, 0.87
27, 0.9
28, 0.86
29, 0.85
30, 0.86
31, 0.86
32, 0.9
33, 0.9
34, 0.87
35, 1.05
36, 1.03
37, 1.02
38, 1.19
39, 1.06
40, 0.96
41, 0.9
42, 0.88
43, 0.83
44, 0.95
45, 0.83
46, 0.99
47, 0.93
48, 0.92
49, 1.0
50, 0.95
51, 0.93
52, 1.1
53, 1.15
54, 1.2
55, 1.24
56, 1.28
57, 1.34
58, 1.25
59, 1.33
60, 1.29
61, 1.28
62, 1.26
63, 1.39
64, 1.37
65, 1.45
66, 1.35
67, 1.2
68, 1.24
69, 1.16
70, 1.25
71, 1.09
72, 1.16
73, 1.15
74, 1.12
75, 1.25
76, 1.2
77, 1.2
78, 1.18
79, 1.25
80, 1.25
81, 1.18
82, 1.04
83, 1.1
84, 1.1
85, 1.1
86, 1.02
87, 0.96
88, 0.91
89, 1.15
90, 1.04
91, 0.95
92, 1.02
93, 0.88
94, 0.9
95, 0.87
96, 0.83
97, 0.84
98, 0.83
99, 0.86
100, 0.84
101, 0.8
102, 0.85
103, 0.84
104, 0.88
105, 0.86
106, 0.95
107, 0.88
108, 0.92
109, 0.84
110, 0.86
111, 0.85
112, 0.82
113, 0.79
114, 0.84
115, 0.79
116, 0.79
117, 0.77
118, 0.81
119, 0.89
120, 0.72
121, 0.75
122, 0.76
123, 0.76
124, 0.74
125, 0.72
126, 0.72
127, 0.78
128, 0.72
129, 0.65
130, 0.75
131, 0.94
132, 0.82
133, 0.8
134, 0.81
135, 0.94
136, 0.85
137, 0.98
138, 0.92
139, 0.82
140, 0.9
141, 0.87
142, 0.79
143, 0.82
144, 0.91
145, 0.83
146, 0.84
147, 0.89
148, 0.85
149, 0.92
150, 0.76
151, 0.69
152, 0.67
153, 0.73
154, 0.7
155, 0.72
156, 0.7
157, 0.76
158, 0.76
159, 0.83
160, 0.75
161, 0.77
162, 0.76
163, 0.76
164, 0.75
165, 0.73
166, 0.76
167, 0.87
168, 0.83
169, 0.74
170, 0.75
171, 0.79
172, 0.78
173, 0.8
174, 0.8
175, 0.77
176, 0.75
177, 0.8
178, 0.78
179, 0.84
180, 0.81
181, 0.83
182, 0.89
183, 0.8
184, 0.8
185, 0.82
186, 0.87
187, 0.8
188, 0.75
189, 0.75
190, 0.8
191, 0.78
192, 0.75
193, 0.73
194, 0.73
195, 0.75
196, 0.72
197, 0.72
198, 0.7
199, 0.7
200, 0.73
201, 0.69
202, 0.68
203, 0.68
204, 0.68
205, 0.69
206, 0.67
207, 0.72
208, 0.69
209, 0.67
210, 0.66
211, 0.7
212, 0.7
213, 0.7
214, 0.75
215, 0.71
216, 0.69
217, 0.64
218, 0.7
219, 0.79
220, 0.81
221, 0.72
222, 0.77
223, 0.78
224, 0.83
225, 0.72
226, 0.73
227, 0.68
228, 0.72
229, 0.72
230, 0.7
231, 0.63
232, 0.58
233, 0.64
234, 0.58
235, 0.56
236, 0.55
237, 0.56
238, 0.58
239, 0.62
240, 0.6
241, 0.54
242, 0.53
243, 0.59
244, 0.66
245, 0.6
246, 0.62
247, 0.62
248, 0.65
249, 0.65
250, 0.63
251, 0.61
252, 0.61
253, 0.55
254, 0.56
255, 0.56
256, 0.56
257, 0.57
258, 0.62
259, 0.68
260, 0.65
261, 0.75
262, 0.7
263, 0.75
264, 0.75
265, 0.7
266, 0.78
267, 0.85
268, 0.79
269, 0.81
270, 0.72
271, 0.77
272, 0.82
273, 0.8
274, 0.75
275, 0.75
276, 0.76
277, 0.87
278, 0.66
279, 0.84
280, 0.85
281, 0.87
282, 0.86
283, 0.87
284, 0.82
285, 0.8
286, 0.85
287, 0.85
288, 0.86
289, 0.87
290, 0.87
291, 0.87
292, 0.86
293, 0.85
294, 0.84
295, 0.84
296, 0.83
297, 0.82
298, 0.82
299, 0.78
300, 0.77
301, 0.77
302, 0.79
303, 0.8
304, 0.79
305, 0.75
306, 0.79
307, 0.79
308, 0.79
309, 0.75
310, 0.82
311, 0.8
312, 0.76
313, 0.89
314, 1.09
315, 1.15
316, 1.07
317, 1.0
318, 1.0
319, 0.98
320, 0.97
321, 0.97
322, 0.92
323, 0.95
324, 0.9
325, 0.96
326, 0.94
327, 0.85
328, 0.89
329, 0.89
330, 0.87
331, 0.85
332, 0.92
333, 0.76
334, 0.7
335, 0.65
336, 0.67
337, 0.65
338, 0.55
339, 0.51
340, 0.55
341, 0.61
342, 0.51
343, 0.6
344, 0.58
345, 0.55
346, 0.6
347, 0.68
348, 0.68
349, 0.66
350, 0.63
351, 0.66
352, 0.66
353, 0.65
354, 0.68
355, 0.59
356, 0.6
357, 0.64
358, 0.51
359, 0.57
360, 0.59
361, 0.59
362, 0.6
363, 0.6
364, 0.6
365, 0.59
366, 0.61
367, 0.66
368, 0.6
369, 0.61
370, 0.63
371, 0.77
372, 0.76
373, 0.75
374, 0.76
375, 0.76
376, 0.84
377, 0.74
378, 0.8
379, 0.83
380, 0.83
381, 0.88
382, 0.85
383, 0.86
384, 0.97
385, 0.88
386, 0.89
387, 0.98
388, 0.93
389, 0.95
390, 0.95
391, 0.9
392, 0.82
393, 0.79
394, 0.8
395, 0.83
396, 0.82
397, 0.87
398, 0.87
399, 0.86
400, 0.85
401, 0.88
402, 0.92
403, 0.94
404, 0.93
405, 0.93
406, 0.86
407, 0.95
408, 0.95
409, 0.95
410, 0.97
411, 0.97
412, 0.86
413, 0.93
414, 0.93
415, 0.95
416, 0.99
417, 0.95
418, 0.94
419, 0.99
420, 1.04
421, 1.0
422, 0.95
423, 1.0
424, 0.99
425, 0.98
426, 0.93
427, 0.91
428, 0.95
429, 1.1
430, 1.06
431, 1.25
432, 1.26
433, 1.28
434, 1.28
435, 1.57
436, 1.55
437, 1.57
438, 1.59
439, 1.6
440, 1.4
441, 1.46
442, 1.5
443, 1.45
444, 1.39
445, 1.39
446, 1.38
447, 1.36
448, 1.34
449, 1.3
450, 1.25
451, 1.24
452, 1.26
453, 1.26
454, 1.26
455, 1.26
456, 1.26
457, 1.34
458, 1.4
459, 1.44
460, 1.4
461, 1.48
462, 1.5
463, 1.55
464, 1.58
465, 1.58
466, 1.53
467, 1.64
468, 1.7
469, 1.55
470, 1.68
471, 1.65
472, 1.67
473, 1.4
474, 1.46
475, 1.54
476, 1.56
477, 1.55
478, 1.54
479, 1.54
480, 1.62
481, 1.5
482, 1.47
483, 1.5
484, 1.52
485, 1.35
486, 1.15
487, 1.11
488, 1.2
489, 1.28
490, 1.32
491, 1.31
492, 1.31
493, 1.36
494, 1.33
495, 1.34
496, 1.33
497, 1.25
498, 1.32
499, 1.32
500, 1.3
501, 1.2
502, 1.2
503, 1.2
504, 1.0
505, 1.01
506, 0.83
507, 0.76
508, 0.88
509, 0.9
510, 0.95
511, 0.94
512, 0.9
513, 0.94
514, 0.9
515, 0.88
516, 0.72
517, 0.79
518, 0.66
519, 0.7
520, 0.65
521, 0.7
522, 0.68
523, 0.7
524, 0.7
525, 0.68
526, 0.7
527, 0.7
528, 0.58
529, 0.69
530, 0.68
531, 0.69
532, 0.7
533, 0.7
534, 0.69
535, 0.67
536, 0.69
537, 0.7
538, 0.7
539, 0.7
540, 0.7
541, 0.65
542, 0.63
543, 0.58
544, 0.53
545, 0.42
546, 0.4
547, 0.33
548, 0.43
549, 0.49
550, 0.58
551, 0.58
552, 0.55
553, 0.55
554, 0.57
555, 0.58
556, 0.59
557, 0.58
558, 0.57
559, 0.55
560, 0.52
561, 0.52
562, 0.5
563, 0.49
564, 0.54
565, 0.55
566, 0.57
567, 0.48
568, 0.4
569, 0.44
570, 0.47
571, 0.45
572, 0.43
573, 0.45
574, 0.45
575, 0.36
576, 0.43
577, 0.4
578, 0.39
579, 0.38
580, 0.37
581, 0.36
582, 0.24
583, 0.3
584, 0.24
585, 0.21
586, 0.27
587, 0.32
588, 0.3
589, 0.4
590, 0.42
591, 0.33
592, 0.39
593, 0.3
594, 0.3
595, 0.26
596, 0.26
597, 0.19
598, 0.25
599, 0.33
600, 0.36
601, 0.34
602, 0.32
603, 0.31
604, 0.22
605, 0.25
606, 0.3
607, 0.32
608, 0.25
609, 0.21
610, 0.22
611, 0.27
612, 0.3
613, 0.32
614, 0.21
615, 0.2
616, 0.26
617, 0.29
618, 0.27
619, 0.25
620, 0.3
621, 0.25
622, 0.34
623, 0.35
624, 0.25
625, 0.25
626, 0.25
627, 0.3
628, 0.26
629, 0.24
630, 0.28
631, 0.27
632, 0.26
633, 0.28
634, 0.27
635, 0.211
636, 0.21
637, 0.21
638, 0.2499
639, 0.23
640, 0.2
641, 0.18
642, 0.22
643, 0.168
644, 0.19
645, 0.2
646, 0.2
647, 0.19
648, 0.18
649, 0.09
650, 0.139
651, 0.1
652, 0.101
653, 0.1001
654, 0.1051
655, 0.0975
656, 0.092
657, 0.09
658, 0.11
659, 0.1199
660, 0.0801
661, 0.14
662, 0.15
663, 0.16
664, 0.1201
665, 0.105
666, 0.1364
667, 0.1314
668, 0.14
669, 0.2301
670, 0.3
671, 0.31
672, 0.3
673, 0.28
674, 0.29
675, 0.34
676, 0.36
677, 0.3
678, 0.34
679, 0.34
680, 0.31
681, 0.24
682, 0.3
683, 0.29
684, 0.231
685, 0.2312
686, 0.2299
687, 0.2298
688, 0.23
689, 0.229
690, 0.2299
691, 0.21
692, 0.229
693, 0.21
694, 0.19
695, 0.22
696, 0.22
697, 0.219
698, 0.218
699, 0.209
700, 0.19
701, 0.28
702, 0.2899
703, 0.28
704, 0.294
705, 0.279
706, 0.14
707, 0.18
708, 0.1479
709, 0.1498
710, 0.19
711, 0.19
712, 0.18
713, 0.18
714, 0.1312
715, 0.1201
716, 0.1201
717, 0.11
718, 0.101
719, 0.1
720, 0.1
721, 0.115
722, 0.09
723, 0.1
724, 0.0847
725, 0.075
726, 0.076
727, 0.044
728, 0.045
729, 0.0464
730, 0.0355
731, 0.0499
732, 0.0648
733, 0.07
734, 0.08
735, 0.0333
736, 0.07
737, 0.07
738, 0.036
739, 0.07
740, 0.0518
741, 0.079
742, 0.08
743, 0.051
744, 0.0534
745, 0.054
746, 0.0491
747, 0.0402
748, 0.0599
749, 0.056
750, 0.075
751, 0.0551
752, 0.06
753, 0.0808
754, 0.0799
755, 0.0799
756, 0.07
757, 0.065
758, 0.0645
759, 0.06
760, 0.0501
761, 0.06
762, 0.09
763, 0.0999
764, 0.1049
765, 0.0621
766, 0.08
767, 0.08
768, 0.08
769, 0.09
770, 0.0551
771, 0.09
772, 0.06
773, 0.06
774, 0.07
775, 0.07
776, 0.07
777, 0.06
778, 0.07
779, 0.079
780, 0.06
781, 0.07
782, 0.06
783, 0.056
784, 0.056
785, 0.05
786, 0.0234
787, 0.04
788, 0.0346
789, 0.04
790, 0.0265
791, 0.1
792, 0.1
793, 0.0601
794, 0.061
795, 0.046
796, 0.0483
797, 0.06
798, 0.06
799, 0.042
800, 0.0506
801, 0.0251
802, 0.0342
803, 0.0277
804, 0.0251
805, 0.0251
806, 0.0263
807, 0.0263
808, 0.025
809, 0.03
810, 0.032
811, 0.032
812, 0.0433
813, 0.035
814, 0.0251
815, 0.0263
816, 0.015
817, 0.0399
818, 0.0399
819, 0.0387
820, 0.03
821, 0.0399
822, 0.05
823, 0.07
824, 0.0282
825, 0.047
826, 0.042
827, 0.042
828, 0.0496
829, 0.0499
830, 0.04
831, 0.04
832, 0.0421
833, 0.0421
834, 0.04
835, 0.04
836, 0.05
837, 0.055
838, 0.08
839, 0.0304
840, 0.0319
841, 0.0359
842, 0.04
843, 0.03
844, 0.046
845, 0.038
846, 0.04
847, 0.04
848, 0.04
849, 0.04
850, 0.036
851, 0.037
852, 0.037
853, 0.04
854, 0.032
855, 0.0361
856, 0.0321
857, 0.032
858, 0.032
859, 0.0321
860, 0.035
861, 0.031
862, 0.031
863, 0.03
864, 0.0193
865, 0.02
866, 0.0299
867, 0.03
868, 0.0201
869, 0.0195
870, 0.0325
871, 0.021
872, 0.021
873, 0.0211
874, 0.03
875, 0.03
876, 0.03
877, 0.03
878, 0.021
879, 0.02
880, 0.019
881, 0.019
882, 0.0114
883, 0.0114
884, 0.0115
885, 0.0113
886, 0.0116
887, 0.013
888, 0.0093
889, 0.0095
890, 0.014
891, 0.0199
892, 0.021
893, 0.02
894, 0.0115
895, 0.0121
896, 0.02
897, 0.0177
898, 0.0289
899, 0.0186
900, 0.0225
901, 0.022
902, 0.02
903, 0.022
904, 0.026
905, 0.025
906, 0.0259
907, 0.032
908, 0.031
909, 0.022
910, 0.0231
911, 0.0237
912, 0.023
913, 0.022
914, 0.022
915, 0.022
916, 0.025
917, 0.0247
918, 0.025
919, 0.0205
920, 0.025
921, 0.025
922, 0.021
923, 0.0241
924, 0.023
925, 0.0201
926, 0.02
927, 0.0201
928, 0.02
929, 0.02
930, 0.0162
931, 0.0192
932, 0.011
933, 0.0125
934, 0.0115
935, 0.019
936, 0.012
937, 0.0154
938, 0.025
939, 0.022
940, 0.0231
941, 0.025
942, 0.0269
943, 0.022
944, 0.023
945, 0.02
946, 0.02
947, 0.0132
948, 0.0149
949, 0.0156
950, 0.0164
951, 0.0219
952, 0.026
953, 0.0273
954, 0.022
955, 0.021
956, 0.0232
957, 0.0239
958, 0.027
959, 0.0425
960, 0.0451
961, 0.053
962, 0.078
963, 0.06
964, 0.0471
965, 0.0472
966, 0.0401
967, 0.05
968, 0.045
969, 0.0389
970, 0.04
971, 0.0385
972, 0.036
973, 0.0379
974, 0.036
975, 0.035
976, 0.0345
977, 0.0375
978, 0.0317
979, 0.0332
980, 0.0332
981, 0.049
982, 0.0321
983, 0.04
984, 0.035
985, 0.0303
986, 0.0377
987, 0.0304
988, 0.031
989, 0.0315
990, 0.0349
991, 0.031
992, 0.0327
993, 0.034
994, 0.0332
995, 0.0319
996, 0.03
997, 0.0294
998, 0.026
999, 0.026
1000, 0.0211
1001, 0.025
1002, 0.025
1003, 0.0261
1004, 0.0225
1005, 0.0247
1006, 0.023
1007, 0.0251
1008, 0.0257
1009, 0.0251
1010, 0.0248
1011, 0.0242
1012, 0.0239
1013, 0.0243
1014, 0.0253
1015, 0.0275
1016, 0.0275
1017, 0.0237
1018, 0.0248
1019, 0.0254
1020, 0.0252
1021, 0.0246
1022, 0.0244
1023, 0.0231
1024, 0.024
1025, 0.0221
1026, 0.024
1027, 0.022
1028, 0.0232
1029, 0.0245
1030, 0.02
1031, 0.0211
1032, 0.0232
1033, 0.0243
1034, 0.0227
1035, 0.0204
1036, 0.023
1037, 0.0224
1038, 0.0204
1039, 0.0216
1040, 0.0204
1041, 0.0205
1042, 0.0213
1043, 0.0206
1044, 0.0227
1045, 0.0206
1046, 0.0206
1047, 0.0226
1048, 0.0237
1049, 0.0221
1050, 0.020803
1051, 0.0205
1052, 0.021
1053, 0.0265
1054, 0.022
1055, 0.0205
1056, 0.0219
1057, 0.022
1058, 0.024969
1059, 0.0247
1060, 0.022
1061, 0.0252
1062, 0.0231
1063, 0.0245
1064, 0.0233
1065, 0.0243
1066, 0.022
1067, 0.0242
1068, 0.0296
1069, 0.0231
1070, 0.0235
1071, 0.0817
1072, 0.11
1073, 0.095
1074, 0.063
1075, 0.0506
1076, 0.0508
1077, 0.0495
1078, 0.0461
1079, 0.0449
1080, 0.0455
1081, 0.0813
1082, 0.068
1083, 0.0585
1084, 0.07
1085, 0.0651
1086, 0.0831
1087, 0.0825
1088, 0.0825
1089, 0.07
1090, 0.073
1091, 0.071
1092, 0.0684
1093, 0.0655
1094, 0.0698
1095, 0.075
1096, 0.0686
1097, 0.0715
1098, 0.0681
1099, 0.0677
1100, 0.0676
1101, 0.066732
1102, 0.067
1103, 0.0568
1104, 0.063
1105, 0.0528
1106, 0.0588
1107, 0.061
1108, 0.0599
1109, 0.055
1110, 0.055
1111, 0.055
1112, 0.053
1113, 0.0549
1114, 0.0539
1115, 0.0549
1116, 0.0502
1117, 0.0513
1118, 0.05
1119, 0.0487
1120, 0.05
1121, 0.0509
1122, 0.0472
1123, 0.0561
1124, 0.055
1125, 0.055
1126, 0.0505
1127, 0.0514
1128, 0.049979
1129, 0.0524
1130, 0.0508
1131, 0.0506
1132, 0.046
1133, 0.0469
1134, 0.047
1135, 0.0483
1136, 0.0453
1137, 0.0434
1138, 0.0451
1139, 0.045
1140, 0.0457
1141, 0.0454
1142, 0.0448
1143, 0.0466
1144, 0.0458
1145, 0.0445
1146, 0.0483
1147, 0.0492
1148, 0.044
1149, 0.048
1150, 0.047
1151, 0.048
1152, 0.042
1153, 0.0461
1154, 0.0425
1155, 0.045
1156, 0.0445
1157, 0.0445
1158, 0.042
1159, 0.0404
1160, 0.042
1161, 0.042
1162, 0.0432
1163, 0.0325
1164, 0.0364
1165, 0.0357
1166, 0.012
1167, 0.015
1168, 0.0112
1169, 0.0114
1170, 0.012
1171, 0.0114
1172, 0.0122
1173, 0.0121
1174, 0.0113
1175, 0.012
1176, 0.0121
1177, 0.0115
1178, 0.0125
1179, 0.0125
1180, 0.0127
1181, 0.0112
1182, 0.0113
1183, 0.0113
