0, 5000
1, 19000
2, 15900
3, 15900
4, 15900
5, 15900
6, -22400
7, -22400
8, -20400
9, -20400
10, -13900
11, -13900
12, -13900
13, -15900
14, -15900
15, -21900
16, -21900
17, -15300
18, -16456
19, -15956
20, -14956
21, -14956
22, -17956
23, -17956
24, -22456
25, -31456
26, -30456
27, -27356
28, -36856
29, -36856
30, -36356
31, -28356
32, -31356
33, -29356
34, -25356
35, -32631
36, -14631
37, -14631
38, -4931
39, -4931
40, 16719
41, 13219
42, 10119
43, 6119
44, -31
45, -3031
46, -12031
47, -8531
48, -6031
49, -6031
50, -6031
51, -6031
52, -8931
53, -8931
54, -8931
55, -16931
56, -14431
57, -15431
58, -10431
59, -10431
60, -3731
61, -2231
62, -2231
63, -37231
64, -53381
65, -67331
66, -75681
67, -76181
68, -74181
69, -95181
70, -92181
71, -92181
72, -107181
73, -107181
74, -39681
75, -36681
76, -31181
77, -52331
78, -56731
79, -55731
80, -54231
81, -67231
82, -72981
83, -71981
84, -395181
85, -339381
86, -391181
87, -384581
88, -442381
89, -442381
90, -467381
91, -449881
92, -460381
93, -456441
94, -462941
95, -524941
96, -524941
97, -524941
98, -519941
99, -519941
100, -390291
101, -390291
102, -398491
103, -206741
104, -206741
105, -236191
106, -248091
107, -242091
108, -131141
109, -93066
110, -93066
111, -83816
112, -156846
113, -42772
114, 100603
115, 265403
116, 289103
117, 338603
118, 338603
119, 342453
120, 270953
121, 267053
122, 225103
123, 264906
124, 264906
125, 293406
126, 282366
127, 240166
128, 277266
129, 300416
130, 285953
131, 285953
132, 431745
133, 382445
134, 407245
135, 408745
136, 359145
137, 359145
138, 340145
139, 345395
140, 331395
141, 354015
142, 365515
143, 350015
144, 342515
145, 329056
146, 329056
147, 408831
148, 408831
149, 397831
150, 397831
151, 406351
152, 405351
153, 473392
154, 473392
155, 473392
156, 526822
157, 574100
158, 546600
159, 560100
160, 574100
161, 557100
162, 557100
163, 572900
164, 535600
165, 535600
166, 525600
167, 525600
168, 525600
169, 550600
170, 528600
171, 528600
172, 522600
173, 545400
174, 548400
175, 477141
176, 477141
177, 521941
178, 677271
179, 1099890
180, 1522173
181, 1772755
182, 2004023
183, 2323875
184, 1981404
185, 1806491
186, 1949435
187, 2081875
188, 2081875
189, 1982545
190, 1870669
191, 2033979
192, 2312312
193, 2474689
194, 2706739
195, 2822956
196, 2730520
197, 2901196
198, 3126079
199, 3292212
200, 3180519
201, 3068874
202, 3005856
203, 3170809
204, 3069532
205, 3124282
206, 2980810
207, 2830205
208, 3045273
209, 3122241
210, 3188941
211, 3210600
212, 3249317
213, 3283276
214, 3231448
215, 3154750
216, 3240695
217, 3240695
218, 3127738
219, 3223238
220, 3181588
221, 3218888
222, 3150088
223, 3150088
224, 3098363
225, 3162806
226, 3091246
227, 3030287
228, 2922437
229, 2795238
230, 2707790
231, 2654953
232, 2729319
233, 2648123
234, 2683153
235, 2633413
236, 2807754
237, 2769188
238, 2873918
239, 2943252
240, 2765508
241, 2664026
242, 2559226
243, 2759996
244, 3076434
245, 3181790
246, 3181790
247, 3250964
248, 3074210
249, 3364325
250, 3503229
251, 3337587
252, 3212412
253, 3212412
254, 3677295
255, 3988809
256, 4077909
257, 4179778
258, 4454471
259, 4301411
260, 4432226
261, 4546482
262, 4461779
263, 4551995
264, 4666754
265, 4475388
266, 4417828
267, 4328381
268, 4258066
269, 4155092
270, 4042537
271, 4204552
272, 4296207
273, 4296207
274, 4342042
275, 4379807
276, 4342276
277, 4312243
278, 4279523
279, 4222341
280, 4237297
281, 4271262
282, 4231313
283, 4188146
284, 4244924
285, 4194068
286, 4176150
287, 4113250
288, 4013235
289, 4026185
290, 4026185
291, 4026185
292, 3985386
293, 4009710
294, 3978715
295, 4000980
296, 4013416
297, 3975031
298, 3938440
299, 3973840
300, 4014140
301, 4035740
302, 4074088
303, 4074088
304, 3991856
305, 3982502
306, 3995202
307, 4012832
308, 4064467
309, 4088638
310, 4088638
311, 4117841
312, 4209553
313, 4198254
314, 4177054
315, 4558654
316, 4724206
317, 4859660
318, 4737249
319, 4789731
320, 4729866
321, 3524515
322, 4913032
323, 5553838
324, 5273031
325, 5147819
326, 4948352
327, 4760246
328, 4577187
329, 4405895
330, 4551970
331, 4316983
332, 4510683
333, 4734283
334, 4320383
335, 4018783
336, 4084683
337, 3991883
338, 4156683
339, 3981783
340, 3801983
341, 4054883
342, 4334183
343, 4565683
344, 4565683
345, 4729483
346, 4729483
347, 4584783
348, 4354983
349, 4677683
350, 4497583
351, 4456983
352, 4456983
353, 4381183
354, 4507383
355, 4428283
356, 4391383
357, 4344083
358, 4279783
359, 4202883
360, 4177883
361, 4272883
362, 4118383
363, 4389683
364, 5062083
365, 4033383
366, 3815183
367, 3606083
368, 3412683
369, 3122183
370, 3201283
371, 3522883
372, 3679683
373, 4072883
374, 4144883
375, 4226383
376, 4139883
377, 4225783
378, 4088083
379, 3831183
380, 3753983
381, 4379883
382, 5006783
383, 5193483
384, 5605083
385, 5846283
386, 6037583
387, 5920883
388, 6211083
389, 6539783
390, 6677783
391, 6809383
392, 6884683
393, 6765083
394, 6524383
395, 6644983
396, 6465383
397, 6259783
398, 6390983
399, 6390983
400, 6713183
401, 7659883
402, 8100983
403, 7487783
404, 7223483
405, 7032483
406, 7848683
407, 7549183
408, 7726983
409, 7898383
410, 7763383
411, 7627883
412, 7511583
413, 7727283
414, 7482083
415, 7308883
416, 7134283
417, 6880583
418, 6746783
419, 6860883
420, 6778183
421, 6613883
422, 6613883
423, 6672683
424, 6765883
425, 6629183
426, 6518783
427, 6306683
428, 5899283
429, 5691483
430, 5607483
431, 5450383
432, 5335383
433, 5534883
434, 5629983
435, 5792383
436, 5792383
437, 6074883
438, 6137983
439, 6250583
440, 6111783
441, 6214183
442, 6126283
443, 6207383
444, 6130683
445, 6046583
446, 6222083
447, 6391583
448, 6271083
449, 6147083
450, 5854383
451, 5780283
452, 5780283
453, 5620683
454, 5514089
455, 5579714
456, 5666342
457, 5756842
458, 5843142
459, 5709042
460, 5620242
461, 5768642
462, 5628042
463, 5519042
464, 5258842
465, 4975342
466, 4806602
467, 4326402
468, 4071002
469, 4278202
470, 4465202
471, 4706602
472, 4787002
473, 4869302
474, 4739202
475, 4594202
476, 4698802
477, 4657802
478, 4727602
479, 4852802
480, 6707102
481, 10054102
482, 8758702
483, 8047802
484, 8864502
485, 9745102
486, 11447902
487, 11994802
488, 12819602
489, 13881002
490, 15630402
491, 14351702
492, 15262302
493, 18056902
494, 15946102
495, 15183002
496, 13543402
497, 15416302
498, 14298302
499, 13444502
500, 12671602
501, 13376202
502, 12687802
503, 13412902
504, 14454702
505, 13614002
506, 13793802
507, 11360052
508, 12156159
509, 12636359
510, 11885309
511, 11291809
512, 10077021
513, 9245921
514, 9559521
515, 9169821
516, 9380621
517, 9196521
518, 8753471
519, 7658071
520, 8287471
521, 8965121
522, 9222959
523, 8976259
524, 9256559
525, 9014959
526, 9112159
527, 9384696
528, 9198796
529, 9634296
530, 9297330
531, 9992030
532, 9658630
533, 9359830
534, 8774830
535, 8961830
536, 9126030
537, 8965630
538, 8618430
539, 8781530
540, 8883130
541, 9421730
542, 9421730
543, 10297330
544, 10019430
545, 8217530
546, 6783330
547, 6426430
548, 6815530
549, 7142830
550, 8848730
551, 10307430
552, 10069530
553, 10853330
554, 10502830
555, 9930030
556, 9551430
557, 9314830
558, 10539030
559, 11491930
560, 10840030
561, 11185930
562, 11526030
563, 12055630
564, 13979130
565, 13260430
566, 12768730
567, 12110530
568, 11450930
569, 10783130
570, 11205330
571, 10322930
572, 9629830
573, 10104530
574, 9679830
575, 8877530
576, 8160830
577, 9180330
578, 8459230
579, 7442830
580, 8626730
581, 8001230
582, 7406630
583, 5845030
584, 5384330
585, 5687830
586, 5241330
587, 6365630
588, 5993030
589, 6358430
590, 6180130
591, 5808030
592, 6043530
593, 8262630
594, 7661130
595, 8029830
596, 7812330
597, 7812330
598, 7344530
599, 7036930
600, 7379530
601, 7201030
602, 6903830
603, 6758730
604, 6420430
605, 6954530
606, 7508030
607, 7921630
608, 8413330
609, 8857330
610, 8642730
611, 8370430
612, 8100830
613, 8364930
614, 8619530
615, 8619530
616, 8274230
617, 8441130
618, 8796030
619, 9284830
620, 9882230
621, 11184030
622, 13018630
623, 13655630
624, 13048730
625, 12479230
626, 13082230
627, 13642430
628, 13071330
629, 12248730
630, 12723030
631, 12432130
632, 13082430
633, 14922330
634, 15653430
635, 15053830
636, 15502530
637, 14402430
638, 14942030
639, 14417030
640, 15057030
641, 14470030
642, 15118430
643, 15546630
644, 15000730
645, 15414930
646, 15027130
647, 14709430
648, 14150630
649, 13739730
650, 16838676
651, 15712627
652, 16015237
653, 17291637
654, 16419181
655, 17180781
656, 16722881
657, 18157309
658, 17592209
659, 17325609
660, 17990412
661, 18911212
662, 19564167
663, 19088317
664, 18629717
665, 19011579
666, 18712101
667, 18215201
668, 17557036
669, 18482946
670, 19156046
671, 19588341
672, 20755419
673, 21172519
674, 21733642
675, 21114829
676, 20726257
677, 20366585
678, 20967000
679, 20284828
680, 19507681
681, 20585089
682, 21309498
683, 21763217
684, 22219712
685, 21891971
686, 22136473
687, 21652518
688, 18512639
689, 17378015
690, 16116767
691, 14673331
692, 15818987
693, 16450224
694, 16854214
695, 16451009
696, 16015007
697, 15532160
698, 16003502
699, 15598940
700, 15279387
701, 14664707
702, 15294134
703, 15521566
704, 15961533
705, 15740743
706, 15335940
707, 15635330
708, 15341665
709, 15024054
710, 15447003
711, 16092089
712, 17013434
713, 17579328
714, 18192099
715, 18999454
716, 18130220
717, 19192662
718, 18746400
719, 19298213
720, 18503460
721, 17794878
722, 17442243
723, 16841246
724, 16250275
725, 16819435
726, 16486620
727, 17218564
728, 16464652
729, 15983050
730, 15430805
731, 14848078
732, 13672572
733, 13151226
734, 14154126
735, 14750275
736, 14398548
737, 14947448
738, 14486456
739, 14912310
740, 14470952
741, 15161713
742, 15757403
743, 15223587
744, 15699589
745, 15308079
746, 15483279
747, 15168179
748, 14893493
749, 15275765
750, 15888385
751, 15650246
752, 15890144
753, 15622125
754, 15284627
755, 14900575
756, 14598071
757, 14810770
758, 15024904
759, 14152743
760, 14755938
761, 14230003
762, 13627199
763, 14316120
764, 13793778
765, 13220983
766, 13716789
767, 13328740
768, 13762815
769, 15432872
770, 16032978
771, 16414663
772, 17142084
773, 17693480
774, 17396129
775, 17012606
776, 16594091
777, 16295525
778, 16295525
779, 16588036
780, 16947656
781, 17313034
782, 16994121
783, 17414127
784, 17070241
785, 17507815
786, 17005109
787, 16688589
788, 16471436
789, 16279649
790, 16426815
791, 16550695
792, 16982458
793, 16663187
794, 17045473
795, 17045473
796, 16559019
797, 16277041
798, 16047239
799, 16297224
800, 16081980
801, 14411409
802, 14873819
803, 14294186
804, 13626349
805, 13277499
806, 12921270
807, 13336948
808, 13336948
809, 13537768
810, 13822150
811, 13629733
812, 13316360
813, 13316360
814, 13052291
815, 12886779
816, 13069824
817, 13328999
818, 12986033
819, 12645527
820, 12994355
821, 12678681
822, 12938942
823, 13382664
824, 13135803
825, 12963875
826, 12785509
827, 12490392
828, 12771657
829, 12515919
830, 12307755
831, 12663897
832, 12379747
833, 12379747
834, 12653286
835, 12988063
836, 12809018
837, 12538704
838, 13002747
839, 12729900
840, 12493555
841, 12296228
842, 11875189
843, 12368119
844, 12883557
845, 12270744
846, 12008076
847, 11636437
848, 11015296
849, 10459025
850, 10157901
851, 9638847
852, 10169968
853, 9726256
854, 10037415
855, 9711247
856, 9131070
857, 8276739
858, 9279616
859, 10863163
860, 11330331
861, 11051169
862, 10904873
863, 10683050
864, 10355338
865, 9897009
866, 10337945
867, 9667267
868, 9096463
869, 8367177
870, 6162793
871, 5345086
872, 3842280
873, 3213233
874, 805785
875, 2399230
876, 1109264
877, 402355
878, 1280211
879, 2371212
880, 1267978
881, 1661069
882, 1246867
883, -364655
884, 332795
885, -48719
886, 379522
887, -199255
888, 259247
889, -405782
890, -1157681
891, -1641959
892, -1973530
893, -2649387
894, -3478682
895, -4288243
896, -5323190
897, -6707047
898, -6028362
899, -5435250
900, -5695570
901, -6054513
902, -6341866
903, -6727134
904, -6358672
905, -5416041
906, -5841317
907, -5613985
908, -5203079
909, -5820859
910, -5080037
911, -5801622
912, -5510388
913, -5287098
914, -6147701
915, -6147701
916, -5769506
917, -7168024
918, -7168024
919, -7593089
920, -8310987
921, -7664656
922, -8492048
923, -9410203
924, -9902816
925, -10165859
926, -10165859
927, -10278787
928, -8521097
929, -7244247
930, -7244247
931, -6672282
932, -5959934
933, -5122098
934, -5860253
935, -6301112
936, -6604071
937, -7217865
938, -7951908
939, -8441601
940, -9129556
941, -9684730
942, -10110905
943, -9624799
944, -10195128
945, -9691105
946, -9910702
947, -9801317
948, -9375908
949, -9695819
950, -9898887
951, -9673385
952, -9276171
953, -9506070
954, -9506070
955, -9011957
956, -9635961
957, -10131372
958, -9974005
959, -10187969
960, -10865476
961, -11304299
962, -11138443
963, -10861098
964, -10377212
965, -10729829
966, -10345481
967, -10975213
968, -10785027
969, -11189018
970, -11843057
971, -11469842
972, -11170534
973, -11392843
974, -11392843
975, -11562999
976, -11328571
977, -11642148
978, -11222776
979, -11432249
980, -11245651
981, -11079939
982, -10656859
983, -10343515
984, -10740089
985, -10371572
986, -9332494
987, -8311696
988, -6822129
989, -7552849
990, -8119631
991, -8382560
992, -8002792
993, -7609515
994, -7035257
995, -7685511
996, -7911981
997, -7645388
998, -6974355
999, -6106584
1000, -4539998
1001, -5086233
1002, -4478755
1003, -5174338
1004, -6237328
1005, -5855649
1006, -6382238
1007, -6780531
1008, -6441388
1009, -7070428
1010, -7489634
1011, -7013698
1012, -6376310
1013, -5758700
1014, -4957290
1015, -4331593
1016, -3727131
1017, -4510024
1018, -3497115
1019, -3788834
1020, -3188504
1021, -4233913
1022, -3649131
1023, -4136915
1024, -3821608
1025, -3354513
1026, -2296946
1027, -2693833
1028, -2347472
1029, -1489847
1030, -2281213
1031, -1839511
1032, 518110
1033, 2878925
1034, 4641271
1035, 4641271
1036, 6184969
1037, 7692110
1038, 6347568
1039, 5135401
1040, 4529244
1041, 6342702
1042, 5866285
1043, 4902499
1044, 3799534
1045, 4826861
1046, 5227524
1047, 6114629
1048, 4683742
1049, 5223754
1050, 5725221
1051, 6288689
1052, 8865366
1053, 8133085
1054, 7637906
1055, 8060574
1056, 7547491
1057, 7009735
1058, 6387633
1059, 5374568
1060, 5826813
1061, 5665469
1062, 6144013
1063, 6572104
1064, 7305629
1065, 7948154
1066, 7660548
1067, 8396450
1068, 7893925
1069, 8710005
1070, 9374178
1071, 9809079
1072, 10410380
1073, 9943955
1074, 9404699
1075, 10105525
1076, 10683360
1077, 11814675
1078, 11814675
1079, 10960519
1080, 10471112
1081, 10926100
1082, 10926100
1083, 10162835
1084, 10567751
1085, 10872970
1086, 10460961
1087, 9592161
1088, 10028881
1089, 10224691
1090, 9899141
1091, 10397261
1092, 10932742
1093, 11238213
1094, 11669392
1095, 11669392
1096, 12060372
1097, 11591931
1098, 11079253
1099, 11409703
1100, 11742868
1101, 11742868
1102, 12458754
1103, 12899601
1104, 16453881
1105, 14832709
1106, 15551319
1107, 17042222
1108, 15642148
1109, 14954048
1110, 14289561
1111, 14892832
1112, 15503244
1113, 15141124
1114, 14373248
1115, 14775043
1116, 15344808
1117, 15024255
1118, 14697331
1119, 14104333
1120, 14751795
1121, 15194556
1122, 15682106
1123, 15682106
1124, 16162182
1125, 16392526
1126, 15643096
1127, 15009291
1128, 15741853
1129, 15328392
1130, 14957219
1131, 15297518
1132, 14895435
1133, 14546986
1134, 14847893
1135, 14592245
1136, 13996504
1137, 13342080
1138, 12307817
1139, 13392219
1140, 12567526
1141, 12898226
1142, 13382258
1143, 12625499
1144, 12929429
1145, 13326822
1146, 13982854
1147, 13560010
1148, 13851164
1149, 13447118
1150, 13720379
1151, 12656832
1152, 13056251
1153, 13322048
1154, 13058391
1155, 12507290
1156, 12926189
1157, 12550167
1158, 12293855
1159, 12047948
1160, 12435226
1161, 12685209
1162, 13043326
1163, 12851109
1164, 13152624
1165, 12873456
1166, 12586911
1167, 12586911
1168, 12799109
1169, 10978751
1170, 10506251
1171, 10027265
1172, 9362054
1173, 8862163
1174, 9605517
1175, 9323314
1176, 9054003
1177, 10007455
1178, 10341845
1179, 10083163
1180, 9802759
1181, 9496785
1182, 9496785
1183, 10291721
1184, 11406762
1185, 12167718
1186, 12738673
1187, 14633964
1188, 17035983
1189, 15877376
1190, 16462670
1191, 17099223
1192, 18840408
1193, 19997627
1194, 18442237
1195, 17106990
1196, 17965977
1197, 18718523
1198, 18003674
1199, 16670483
1200, 15977116
1201, 15258031
1202, 15939308
1203, 16556679
1204, 16200742
1205, 15401642
1206, 14234488
1207, 13878651
1208, 14379226
1209, 14965898
1210, 15562582
1211, 15895568
1212, 16551006
1213, 16227647
1214, 16561931
1215, 17010107
1216, 17339853
1217, 16884178
1218, 16322565
1219, 15448726
1220, 14962256
1221, 15271262
1222, 15793664
1223, 16216143
1224, 15607254
1225, 27835106
1226, 23785655
1227, 20961888
1228, 22343099
1229, 23800811
1230, 23800811
1231, 23145035
1232, 22397335
1233, 23074726
1234, 22428855
1235, 21486359
1236, 22180741
1237, 23429015
1238, 22660972
1239, 21956285
1240, 22378837
1241, 22816415
1242, 22411365
1243, 21858162
1244, 22320388
1245, 23108250
1246, 24405973
1247, 23404948
1248, 22674107
1249, 22674107
1250, 23570502
1251, 23163959
1252, 23979025
1253, 25506612
1254, 24287770
1255, 23655141
1256, 24225247
1257, 23171358
1258, 23578098
1259, 24372473
1260, 22899870
1261, 21656474
1262, 22557042
1263, 24381243
1264, 23302133
1265, 26941315
1266, 25364096
1267, 27429487
1268, 24848030
1269, 22975459
1270, 24424442
1271, 25596865
1272, 26479322
1273, 25754824
1274, 24628858
1275, 23498204
1276, 22523887
1277, 21829344
1278, 20556407
1279, 21815894
1280, 22498047
1281, 23064312
1282, 22423644
1283, 23189075
1284, 22754247
1285, 22182479
1286, 22697062
1287, 23099373
1288, 22286033
1289, 21736218
1290, 22399345
1291, 21863646
1292, 22392470
1293, 22780739
1294, 23433913
1295, 23927121
1296, 23632993
1297, 23187462
1298, 23187462
1299, 22766297
1300, 22350184
1301, 22776126
1302, 22513622
1303, 22513622
1304, 22190568
1305, 21491698
1306, 21016817
1307, 20344047
1308, 19975923
1309, 19542080
1310, 20010646
1311, 19610542
1312, 19931537
1313, 19665426
1314, 20052570
1315, 19913350
1316, 19692641
1317, 19268785
1318, 18835242
1319, 19234600
1320, 19037591
1321, 19562437
1322, 19837558
1323, 20449498
1324, 20114796
1325, 19708874
1326, 19939778
1327, 19713801
1328, 20133848
1329, 19880593
1330, 19880593
1331, 19596844
1332, 19841100
1333, 20051583
1334, 19797156
1335, 19204852
1336, 19438178
1337, 19088386
1338, 19419363
1339, 19874590
1340, 19680910
1341, 19369829
1342, 19702070
1343, 19513764
1344, 19123709
1345, 19497974
1346, 19341203
1347, 19746690
1348, 19587395
1349, 19784684
1350, 20206280
1351, 20440786
1352, 20874046
1353, 20524747
1354, 20373697
1355, 20125230
1356, 19935698
1357, 20412830
1358, 20146680
1359, 20371531
1360, 20140892
1361, 19965044
1362, 20477628
1363, 20221457
1364, 20221457
1365, 20029679
1366, 20326788
1367, 21630705
1368, 22867871
1369, 23496751
1370, 24181961
1371, 24666790
1372, 24177679
1373, 24974731
1374, 25793963
1375, 25434542
1376, 27450883
1377, 28306917
1378, 28833567
1379, 29470991
1380, 30272151
1381, 29836851
1382, 31083106
1383, 29465677
1384, 31861854
1385, 30913067
1386, 30629498
1387, 31105939
1388, 31688346
1389, 32738718
1390, 31529684
1391, 36232869
1392, 40277080
1393, 36689221
1394, 35237875
1395, 37197003
1396, 40221351
1397, 42172513
1398, 39727193
1399, 40869010
1400, 41532646
1401, 40780383
1402, 41369412
1403, 40510753
1404, 40143492
1405, 40699792
1406, 41666961
1407, 42218195
1408, 41746925
1409, 42096457
1410, 41946838
1411, 42403240
1412, 40858415
1413, 39874091
1414, 39874091
1415, 40587065
1416, 44306626
1417, 42543004
1418, 41617418
1419, 42016829
1420, 41272366
1421, 40435336
1422, 39843114
1423, 40277705
1424, 40711002
1425, 40177316
1426, 40591352
1427, 41325097
1428, 40893407
1429, 40650661
1430, 42469369
1431, 48131137
1432, 53926592
1433, 49635900
1434, 48154145
1435, 48154145
1436, 50716927
1437, 49445737
1438, 47434458
1439, 48702750
1440, 47586997
1441, 50101864
1442, 49042148
1443, 48066770
1444, 47195466
1445, 47814140
1446, 46694097
1447, 45116047
1448, 45841206
1449, 46535404
1450, 45474683
1451, 46042137
1452, 45324175
1453, 44058885
1454, 44955803
1455, 45922565
1456, 46673928
1457, 47314596
1458, 46764018
1459, 47465024
1460, 47941691
1461, 46834046
1462, 47452617
1463, 47967789
1464, 48372845
1465, 47900411
1466, 48462555
1467, 49430558
1468, 48050430
1469, 48050430
1470, 48953357
1471, 49620803
1472, 49006327
1473, 48517372
1474, 47974263
1475, 49180183
1476, 48730566
1477, 47571400
1478, 48476064
1479, 47871715
1480, 46918977
1481, 47841709
1482, 46785008
1483, 45557793
1484, 44315743
1485, 45248920
1486, 54411857
1487, 55642960
1488, 55642960
1489, 56832647
1490, 56069806
1491, 55272829
1492, 54606043
1493, 55459785
1494, 54681302
1495, 55300903
1496, 54173049
1497, 57352101
1498, 55296289
1499, 54252714
1500, 53005918
1501, 53979215
1502, 50921357
1503, 49714770
1504, 50480206
1505, 49644245
1506, 50221289
1507, 49365477
1508, 48486580
1509, 49281325
1510, 48656344
1511, 48122586
1512, 47565119
1513, 46622763
1514, 44689227
1515, 45471541
1516, 43818265
1517, 41709904
1518, 40500444
1519, 39320885
1520, 40317083
1521, 41014193
1522, 40359633
1523, 38701591
1524, 39764230
1525, 38820067
1526, 37917796
1527, 39507385
1528, 40192913
1529, 39258224
1530, 40591935
1531, 39615333
1532, 40541212
1533, 45262515
1534, 47463323
1535, 45952530
1536, 48100683
1537, 46922976
1538, 48109463
1539, 47185864
1540, 46149586
1541, 47303632
1542, 46315499
1543, 47175269
1544, 46156922
1545, 47631452
1546, 48682036
1547, 47433339
1548, 45914811
1549, 43312247
1550, 44123241
1551, 45019314
1552, 44490284
1553, 43189421
1554, 44243128
1555, 43672240
1556, 44391511
1557, 43862211
1558, 44513648
1559, 43879934
1560, 43271704
1561, 43739324
1562, 44332109
1563, 43578805
1564, 42878210
1565, 42429266
1566, 43161307
1567, 42522646
1568, 44193878
1569, 43169634
1570, 44228145
1571, 45392849
1572, 46230068
1573, 45469154
1574, 46146142
1575, 45379628
1576, 44518205
1577, 43958506
1578, 44781260
1579, 45488282
1580, 44676010
1581, 43719812
1582, 41876702
1583, 39698937
1584, 37951579
1585, 39938951
1586, 38365459
1587, 39411576
1588, 38153630
1589, 38838705
1590, 37715918
1591, 36843151
1592, 35636446
1593, 34641235
1594, 33556472
1595, 34276262
1596, 34679594
1597, 34266033
1598, 34749834
1599, 35474596
1600, 36037361
1601, 35228267
1602, 34443937
1603, 33992151
1604, 33337500
1605, 34344866
1606, 33962970
1607, 33137603
1608, 34073461
1609, 34627214
1610, 33792402
1611, 34296311
1612, 31707905
1613, 31017367
1614, 30136111
1615, 29366632
1616, 28002364
1617, 28743038
1618, 29513528
1619, 30457997
1620, 29546406
1621, 30309550
1622, 29480687
1623, 28333910
1624, 30062789
1625, 30809237
1626, 31577144
1627, 31144529
1628, 31621694
1629, 32394730
1630, 33262186
1631, 32754398
1632, 33307865
1633, 32921689
1634, 33803997
1635, 33284899
1636, 33284899
1637, 33781565
1638, 34203066
1639, 33546357
1640, 34080590
1641, 35331258
1642, 35954248
1643, 35467121
1644, 34952306
1645, 35360574
1646, 35836348
1647, 35559172
1648, 35980394
1649, 36512481
1650, 35787493
1651, 35422702
1652, 36010918
1653, 35654757
1654, 36155170
1655, 35565217
1656, 34984512
1657, 34984512
1658, 34282823
1659, 33786450
1660, 32922695
1661, 32559088
1662, 33264408
1663, 32867270
1664, 34220894
1665, 33576239
1666, 32989731
1667, 33794144
1668, 34471091
1669, 34471091
1670, 33793164
1671, 34488914
1672, 33770355
1673, 33030072
1674, 32277479
1675, 31775236
1676, 28252721
1677, 27350083
1678, 28071263
1679, 28463387
1680, 28039130
1681, 28320317
1682, 28086308
1683, 27482141
1684, 26873477
1685, 27290302
1686, 28120199
1687, 27688496
1688, 27952753
1689, 28576139
1690, 28921097
1691, 28921097
1692, 28592280
1693, 28592280
1694, 28315433
1695, 28749661
1696, 28219455
1697, 28460049
1698, 28645078
1699, 28437486
1700, 28832058
1701, 29314761
1702, 30426290
1703, 30758355
1704, 31188592
1705, 30625694
1706, 31143462
1707, 31630032
1708, 32202872
1709, 31949975
1710, 31686473
1711, 31935943
1712, 31592277
1713, 31165808
1714, 31453243
1715, 31133697
1716, 30854393
1717, 31165201
1718, 31490251
1719, 31776969
1720, 31539721
1721, 31810336
1722, 31602759
1723, 31366880
1724, 30988846
1725, 31756181
1726, 31299467
1727, 30742119
1728, 30301727
1729, 29874692
1730, 30119607
1731, 30388942
1732, 30726239
1733, 30425096
1734, 30731530
1735, 30155170
1736, 30520723
1737, 29161484
1738, 29571009
1739, 29321703
1740, 29321703
1741, 28970008
1742, 29254294
1743, 29527571
1744, 29269315
1745, 28956012
1746, 29260548
1747, 29461273
1748, 29815169
1749, 29534209
1750, 29031213
1751, 28812461
1752, 28368655
1753, 27948648
1754, 28348804
1755, 28917267
1756, 28524385
1757, 28847393
1758, 29092831
1759, 28842311
1760, 28634546
1761, 28347391
1762, 28089188
1763, 28379971
1764, 28626114
1765, 28828121
1766, 28640226
1767, 28465014
1768, 28161891
1769, 27880374
1770, 27396471
1771, 26902475
1772, 26614400
1773, 26993933
1774, 27230741
1775, 27445881
1776, 27167148
1777, 26970582
1778, 26668120
1779, 26438152
1780, 26832538
1781, 26382971
1782, 26631868
1783, 26336603
1784, 26789647
1785, 26552584
1786, 26350846
1787, 26548618
1788, 26308483
1789, 26007453
1790, 26348899
1791, 26697188
1792, 26431336
1793, 26614632
1794, 26240253
1795, 26004503
1796, 25695970
1797, 25975281
1798, 26230642
1799, 27730221
1800, 29696178
1801, 29274400
1802, 29274400
1803, 29069958
1804, 28731686
1805, 30898290
1806, 30702831
1807, 30585343
1808, 30759641
1809, 30600520
1810, 30815129
1811, 31012710
1812, 31273875
1813, 31504142
1814, 31329190
1815, 31246267
1816, 31034943
1817, 30892100
1818, 31045879
1819, 31201487
1820, 31083987
1821, 31174623
1822, 31438064
1823, 31308562
1824, 31132781
1825, 30959533
1826, 30744074
1827, 30527292
1828, 30737428
1829, 30957976
1830, 30871215
1831, 30994555
1832, 30703936
1833, 30563650
1834, 30752087
1835, 30875610
1836, 30875610
1837, 30785552
1838, 30878720
1839, 30807761
1840, 30693983
1841, 30577331
1842, 30694425
1843, 30840550
1844, 30641071
1845, 30773363
1846, 30608584
1847, 30608584
1848, 30523564
1849, 30638714
1850, 30455506
1851, 30594991
1852, 30428171
1853, 30331612
1854, 30487868
1855, 30356416
1856, 30548028
1857, 30548028
1858, 30887193
1859, 30887193
1860, 31416078
1861, 31676434
1862, 32188305
1863, 32581394
1864, 32581394
1865, 32816414
1866, 32816414
1867, 32679996
1868, 33088734
1869, 32932864
1870, 32706076
1871, 32912647
1872, 32796385
1873, 32601127
1874, 32499430
1875, 32499430
1876, 32623365
1877, 32824893
1878, 33025717
1879, 32910903
1880, 32750915
1881, 32604185
1882, 32743075
1883, 32855208
1884, 33478069
1885, 33990415
1886, 34606858
1887, 34396626
1888, 34156173
1889, 34258358
1890, 34130289
1891, 34265604
1892, 34350592
1893, 34242549
1894, 34363089
1895, 34228558
1896, 34073663
1897, 34141474
1898, 34222449
1899, 33937731
1900, 34107365
1901, 34319444
1902, 34392828
1903, 34337995
1904, 34123227
1905, 33952883
1906, 34178283
1907, 34854806
1908, 34619504
1909, 34487735
1910, 34431465
1911, 34804143
1912, 34533815
1913, 34417073
1914, 34604161
1915, 34357504
1916, 34246310
1917, 34123768
1918, 33808227
1919, 33696353
1920, 33696353
1921, 33980808
1922, 34238203
1923, 34056598
1924, 33932161
1925, 34230974
1926, 34822311
1927, 34534666
1928, 34101801
1929, 34455402
1930, 33664499
1931, 33767600
1932, 33565549
1933, 33274579
1934, 33113580
1935, 33671217
1936, 34141813
1937, 33872689
1938, 34105097
1939, 33862767
1940, 33639603
1941, 33779580
1942, 33610644
1943, 33610644
1944, 33490225
1945, 33701843
1946, 33520124
1947, 33673807
1948, 33673807
1949, 33559830
1950, 33446872
1951, 33175574
1952, 32855373
1953, 32544022
1954, 32206634
1955, 31973968
1956, 32185723
1957, 32391870
1958, 32255833
1959, 32361855
1960, 32361855
1961, 32098050
1962, 31577466
1963, 31192271
1964, 31381670
1965, 31192063
1966, 31398669
1967, 31184333
1968, 31392695
1969, 31068266
1970, 30929166
1971, 31112111
1972, 30948787
1973, 30639229
1974, 30816160
1975, 30583332
1976, 30429583
1977, 30123411
1978, 30319155
1979, 30465580
1980, 30709472
1981, 30478794
1982, 30366974
1983, 30290783
1984, 30104883
1985, 30264756
1986, 30657958
1987, 30551970
1988, 30423909
1989, 30061200
1990, 28141209
1991, 28520298
1992, 28090743
1993, 27567374
1994, 27883308
1995, 27698361
1996, 27300301
1997, 27124085
1998, 26817995
1999, 26817995
2000, 27028413
2001, 26839356
2002, 26976849
2003, 27622355
2004, 27413569
2005, 27250442
2006, 26837039
2007, 26428372
2008, 25850489
2009, 26175169
2010, 26572478
2011, 26161787
2012, 26813508
2013, 26379714
2014, 26918853
2015, 26587193
2016, 26587193
2017, 26270181
2018, 25762115
2019, 26082058
2020, 26354695
2021, 26530790
2022, 26327957
2023, 26447549
2024, 26940974
2025, 26738373
2026, 26877758
2027, 26736579
2028, 26509856
2029, 26674943
2030, 27025367
2031, 26706622
2032, 26920289
2033, 26920289
2034, 26996448
2035, 26996448
2036, 27513672
2037, 27290826
2038, 27532121
2039, 27041658
2040, 26478575
2041, 26244030
2042, 26098006
2043, 26289475
2044, 26152932
2045, 26238607
2046, 26079439
2047, 26315014
2048, 26166922
2049, 26025808
2050, 26197386
2051, 26387290
2052, 26212478
2053, 25843546
2054, 26346768
2055, 26066268
2056, 26066268
2057, 25862755
2058, 26076397
2059, 27236766
2060, 27365064
2061, 27181329
2062, 27224966
2063, 27158296
2064, 27158296
2065, 27697874
2066, 27879884
2067, 28143354
2068, 28329450
2069, 28233129
2070, 28233129
2071, 28038512
2072, 28116868
2073, 28116868
2074, 28465310
2075, 28794927
2076, 28450605
2077, 28652952
2078, 28559612
2079, 28474587
2080, 28356061
2081, 28630260
2082, 28766614
2083, 28366402
2084, 28366402
2085, 28244466
2086, 28023862
2087, 28239478
2088, 28373906
2089, 28460336
2090, 28559474
2091, 28684261
2092, 28570319
2093, 28481338
2094, 28422460
2095, 28501112
2096, 28428158
2097, 28521592
2098, 28575100
2099, 28403443
2100, 28222309
2101, 28118789
2102, 27963400
2103, 27851376
2104, 27780797
2105, 27836011
2106, 27621075
2107, 27770243
2108, 27935314
2109, 27798716
2110, 27721411
2111, 27655468
2112, 27655468
2113, 27835789
2114, 27958370
2115, 28140219
2116, 28017406
2117, 29364058
2118, 29193636
2119, 29587877
2120, 29465999
2121, 29315266
2122, 29189429
2123, 29016666
2124, 28886878
2125, 28786165
2126, 28989798
2127, 28851057
2128, 28714282
2129, 28714282
2130, 28886827
2131, 28991004
2132, 28892010
2133, 28892010
2134, 28785184
2135, 28785184
2136, 28883093
2137, 29064658
2138, 28945184
2139, 28945184
2140, 28823484
2141, 28823484
2142, 28673108
2143, 28503763
2144, 28642162
2145, 28642162
2146, 28758162
2147, 28480871
2148, 28586608
2149, 28535598
2150, 28357087
2151, 28269178
2152, 28378220
2153, 28275993
2154, 28182845
2155, 28006283
2156, 27465009
2157, 27465009
2158, 27300235
2159, 27472127
2160, 27343790
2161, 27102467
2162, 26473515
2163, 26017356
2164, 25438273
2165, 24911242
2166, 25199372
2167, 24872000
2168, 25175012
2169, 24968681
2170, 25381020
2171, 25645022
2172, 25645022
2173, 25423875
2174, 25214378
2175, 24745458
2176, 25092000
2177, 25413382
2178, 25413382
2179, 25109121
2180, 24895852
2181, 25696289
2182, 25696289
2183, 25871628
2184, 27762716
2185, 26929577
2186, 26239960
2187, 25693786
2188, 26167941
2189, 25865447
2190, 26044415
2191, 25754412
2192, 25578231
2193, 25371174
2194, 25156998
2195, 25156998
2196, 24723850
2197, 25050258
2198, 25050258
2199, 25050258
2200, 25612447
2201, 25165962
2202, 24930309
2203, 24617931
2204, 24418417
2205, 24625206
2206, 24820604
2207, 25110553
2208, 24958761
2209, 24622980
2210, 24376549
2211, 24156721
2212, 24010891
2213, 24010891
2214, 24166088
2215, 24458219
2216, 24175599
2217, 24343830
2218, 24774974
2219, 25137537
2220, 24719018
2221, 24910100
2222, 24910100
2223, 24586833
2224, 24373877
2225, 24219230
2226, 23744895
2227, 23488716
2228, 23213195
2229, 23743010
2230, 24019417
2231, 24540139
2232, 24794940
2233, 24531130
2234, 23994355
2235, 24325541
2236, 23966262
2237, 23726839
2238, 22958259
2239, 23534557
2240, 23274837
2241, 23005825
2242, 23545551
2243, 22857208
2244, 23425239
2245, 23059439
2246, 23479084
2247, 23078342
2248, 22642419
2249, 22869372
2250, 22385415
2251, 21717025
2252, 21356863
2253, 20607228
2254, 21307171
2255, 21630123
2256, 20925953
2257, 21401099
2258, 21994451
2259, 23132906
2260, 22276589
2261, 22830288
2262, 23599378
2263, 23599378
2264, 23193299
2265, 23461250
2266, 23194030
2267, 22831446
2268, 23154189
2269, 23154189
2270, 22887494
2271, 23320303
2272, 22989730
2273, 22272673
2274, 21787620
2275, 21385327
2276, 21661812
2277, 22027888
2278, 21642067
2279, 21471916
2280, 21645687
2281, 21898176
2282, 22413312
2283, 22000143
2284, 22317992
2285, 22125940
2286, 21428279
2287, 21924541
2288, 21481252
2289, 21712982
2290, 21530145
2291, 21327030
2292, 20893099
2293, 21179992
2294, 21424098
2295, 21586825
2296, 21450668
2297, 21450668
2298, 22318304
2299, 23075487
2300, 22714563
2301, 23043161
2302, 23354415
2303, 23826503
2304, 24639329
2305, 23927270
2306, 23348660
2307, 22768156
2308, 22768156
2309, 22959349
2310, 27499376
2311, 27858033
2312, 28242579
2313, 28242579
2314, 28150028
2315, 27922554
2316, 27607547
2317, 27607547
2318, 27807779
2319, 27676829
2320, 27776362
2321, 27581030
2322, 27581030
2323, 27581030
2324, 27581030
2325, 27581030
2326, 27460833
2327, 27518258
2328, 27721694
2329, 28088852
2330, 27959902
2331, 27791390
2332, 27791390
2333, 27621802
2334, 27473662
2335, 27670565
2336, 27601650
2337, 27252505
2338, 27387827
2339, 27097896
2340, 27202563
2341, 26992860
2342, 27077881
2343, 27181047
2344, 27302028
2345, 27302028
2346, 27302028
2347, 26941273
2348, 26638912
2349, 26638912
2350, 26638912
2351, 26638912
2352, 26479293
2353, 26315632
2354, 26496651
2355, 26382608
2356, 26276478
2357, 26450247
2358, 26376688
2359, 26264819
2360, 26365588
2361, 26241401
2362, 26005327
2363, 26005327
2364, 26170960
2365, 26294892
2366, 26168188
2367, 26270942
2368, 26270942
2369, 26023986
2370, 25644634
2371, 25466847
2372, 25713765
2373, 25713765
2374, 25635399
2375, 25478628
2376, 25291685
2377, 25403728
2378, 25296103
2379, 25362138
2380, 25293186
2381, 25070848
2382, 24968687
2383, 24818199
2384, 24623130
2385, 24254467
2386, 24545266
2387, 24545266
2388, 24739719
2389, 24675988
2390, 24485668
2391, 24584461
2392, 24448140
2393, 24448140
2394, 24448140
2395, 24448140
2396, 24394189
2397, 24394189
2398, 24298823
2399, 24026477
2400, 23882421
2401, 23882421
2402, 23809021
2403, 23943414
2404, 23660088
2405, 23741179
2406, 23569358
2407, 23668409
2408, 23765085
2409, 23911328
2410, 23831315
2411, 23617483
2412, 23644993
2413, 23459679
2414, 23531626
2415, 23444562
2416, 23490065
2417, 23457574
2418, 22927764
2419, 22377531
2420, 22044105
2421, 21684385
2422, 21317527
2423, 20863795
2424, 21155316
2425, 20973453
2426, 21199335
2427, 21073598
2428, 20302988
2429, 20447244
2430, 20789212
2431, 21082350
2432, 18344624
2433, 18596813
2434, 19104432
2435, 19590492
2436, 21198196
2437, 20735019
2438, 20466857
2439, 20040092
2440, 20312807
2441, 19988965
2442, 19816503
2443, 19652211
2444, 19460489
2445, 19312863
2446, 19312863
2447, 19252419
2448, 19215242
2449, 19215242
2450, 19004564
2451, 19106671
2452, 19540138
2453, 19306088
2454, 19446552
2455, 19631134
2456, 19588452
2457, 19588452
2458, 19526466
2459, 19684972
2460, 19684972
2461, 19619606
2462, 19619606
2463, 19524254
2464, 19524254
2465, 19524254
2466, 19524254
2467, 19524254
2468, 19622242
2469, 19545481
2470, 19325352
2471, 19494095
2472, 19353849
2473, 19109828
2474, 19109828
2475, 19217593
2476, 19124198
2477, 18968460
2478, 18905405
2479, 19009105
2480, 18951405
2481, 18830505
2482, 18941505
2483, 18844605
2484, 18691205
2485, 18691205
2486, 18838905
2487, 18822705
2488, 18875105
2489, 18641705
2490, 18641705
2491, 18517505
2492, 18636805
2493, 18415505
2494, 18415505
2495, 18459105
2496, 18767205
2497, 18852005
2498, 18791205
2499, 18913605
2500, 18913605
2501, 18913605
2502, 18913605
2503, 18821105
2504, 18898760
2505, 18898760
2506, 18898760
2507, 18898760
2508, 18710360
2509, 18624560
2510, 18727272
2511, 18902699
2512, 21195499
2513, 22066746
2514, 21844758
2515, 22194349
2516, 22055149
2517, 21792790
2518, 21725490
2519, 21583870
2520, 21682570
2521, 21575870
2522, 21446370
2523, 21542570
2524, 21447370
2525, 21318662
2526, 21229234
2527, 21298234
2528, 21397234
2529, 21354032
2530, 21331879
2531, 21356779
2532, 21356779
2533, 20932774
2534, 20887209
2535, 20904732
2536, 21009032
2537, 21009032
2538, 20981758
2539, 21008058
2540, 20944247
2541, 21060747
2542, 21060747
2543, 21104990
2544, 21143290
2545, 20988690
2546, 21086190
2547, 20939490
2548, 20939490
2549, 20971139
2550, 20971139
2551, 20934839
2552, 20934839
2553, 20870439
2554, 20870439
2555, 20896139
2556, 20846539
2557, 20946039
2558, 20946039
2559, 20916839
2560, 20823539
2561, 20515639
2562, 20575239
2563, 20618748
2564, 20575648
2565, 20667348
2566, 20618248
2567, 20410648
2568, 20355148
2569, 20247448
2570, 20247448
2571, 20289748
2572, 20289748
2573, 20038671
2574, 20038671
2575, 20028271
2576, 19889671
2577, 19889671
2578, 19889671
2579, 19931171
2580, 19907371
2581, 19834371
2582, 19834371
2583, 19891971
2584, 19877771
2585, 19898671
2586, 19870993
2587, 19937493
2588, 19837993
2589, 19872542
2590, 19837742
2591, 19805842
2592, 19805842
2593, 19828742
2594, 19809742
2595, 19814242
2596, 19822842
2597, 19768342
2598, 19749842
2599, 19749842
2600, 19817742
2601, 19771047
2602, 19725947
2603, 19550947
2604, 19550947
2605, 19733247
2606, 19706847
2607, 19643547
2608, 19559647
2609, 19536447
2610, 19475147
2611, 19497547
2612, 19588147
2613, 19510970
2614, 19495370
2615, 19602370
2616, 19540370
2617, 19565270
2618, 19565270
2619, 19635770
2620, 19584970
2621, 18739270
2622, 18379328
2623, 18504738
2624, 18594838
2625, 18491134
2626, 18566234
2627, 18566234
2628, 18657734
2629, 18657734
2630, 18657734
2631, 18837534
2632, 18864972
2633, 18828072
2634, 18931572
2635, 18876531
2636, 18876531
2637, 18891231
2638, 18808631
2639, 18836031
2640, 18561014
2641, 18561014
2642, 18561014
2643, 18374614
2644, 18273714
2645, 18273714
2646, 18273714
2647, 18273714
2648, 18337514
2649, 18415514
2650, 18347381
2651, 18470833
2652, 18410281
2653, 18410281
2654, 18410281
2655, 18410281
2656, 18314581
2657, 18314581
2658, 18165881
2659, 18299281
2660, 18138281
2661, 18280181
2662, 18199581
2663, 18217181
2664, 18162681
2665, 18088181
2666, 18190381
2667, 18229181
2668, 18229181
2669, 18229181
2670, 18353385
2671, 18189146
2672, 18189146
2673, 18189146
2674, 18045246
2675, 18045246
2676, 18045246
2677, 18045246
2678, 18045246
2679, 17838560
2680, 17919260
2681, 17850260
2682, 17918960
2683, 17974260
2684, 17752860
2685, 17186541
2686, 16592441
2687, 16344387
2688, 16070457
2689, 16351965
2690, 16123926
2691, 16250102
2692, 16250102
2693, 16448787
2694, 16290026
2695, 16409334
2696, 16219184
2697, 16060207
2698, 15959891
2699, 16100639
2700, 16196025
2701, 16044218
2702, 15817318
2703, 15449560
2704, 15544903
2705, 15925324
2706, 15771311
2707, 16072579
2708, 16205016
2709, 16280669
2710, 16088944
2711, 16134312
2712, 16063916
2713, 15968662
2714, 15915760
2715, 15940832
2716, 15801265
2717, 15469191
2718, 15549900
2719, 15709080
2720, 15930195
2721, 15890055
2722, 15982243
2723, 15925859
2724, 15858800
2725, 15967891
2726, 16019746
2727, 15957869
2728, 16017237
2729, 16113533
2730, 15966525
2731, 16061811
2732, 16244128
2733, 15955036
2734, 16277700
2735, 17092783
2736, 16438617
2737, 16777888
2738, 17070648
2739, 17628401
2740, 18167760
2741, 17817534
2742, 17893070
2743, 17588344
2744, 17705860
2745, 17628688
2746, 17536903
2747, 17618489
2748, 17542721
2749, 17620031
2750, 17517424
2751, 17560413
2752, 17610265
2753, 17571269
2754, 17609338
2755, 17641009
2756, 17666844
2757, 17601078
2758, 17601078
2759, 17641189
2760, 17641189
2761, 17529571
2762, 17461038
2763, 17597295
2764, 17670247
2765, 17734908
2766, 18409263
2767, 18653072
2768, 18442360
2769, 18500561
2770, 18451117
2771, 18526131
2772, 18338255
2773, 18446663
2774, 18715635
2775, 18634569
2776, 18558961
2777, 18484772
2778, 18538244
2779, 18465481
2780, 18223637
2781, 18250759
2782, 18132859
2783, 18265786
2784, 18330286
2785, 18247404
2786, 18455408
2787, 18492037
2788, 18439777
2789, 18454634
2790, 18414072
2791, 18290979
2792, 18335027
2793, 18319241
2794, 18423006
2795, 18489195
2796, 18446875
2797, 18531992
2798, 18531992
2799, 18752465
2800, 18752465
2801, 18921488
2802, 18712808
2803, 18745518
2804, 18710692
2805, 18814629
2806, 18689337
2807, 18549892
2808, 18591081
2809, 18522278
2810, 18554341
2811, 18409010
2812, 18489289
2813, 18402448
2814, 18305249
2815, 18417821
2816, 18353532
2817, 18455125
2818, 18524800
2819, 18505370
2820, 18479884
2821, 18672796
2822, 18563578
2823, 18488314
2824, 18560103
2825, 18476549
2826, 18531792
2827, 18438497
2828, 18411456
2829, 18462936
2830, 18520145
2831, 18373240
2832, 18288774
2833, 18246869
2834, 18301790
2835, 18376354
2836, 18376354
2837, 18459857
2838, 18379249
2839, 18358915
2840, 18234363
2841, 18295899
2842, 18235098
2843, 18271370
2844, 18230946
2845, 18103543
2846, 18066739
2847, 18040142
2848, 18040142
2849, 18191004
2850, 18147829
2851, 18170347
2852, 18156247
2853, 18080727
2854, 18137194
2855, 18202917
2856, 18237029
2857, 18195569
2858, 18131474
2859, 18253310
2860, 18253310
2861, 18158876
2862, 18158876
2863, 18158876
2864, 18215379
2865, 18158495
2866, 18144640
2867, 18144640
2868, 18115765
2869, 18115765
2870, 17952111
2871, 17961873
2872, 18046189
2873, 18111436
2874, 18201571
2875, 18215830
2876, 18153592
2877, 18083895
2878, 18141577
2879, 18178853
2880, 18148739
2881, 18174303
2882, 18221167
2883, 18190298
2884, 18114401
2885, 18212436
2886, 18142555
2887, 18015753
2888, 18255529
2889, 18033972
2890, 18130489
2891, 17903641
2892, 17800375
2893, 17674609
2894, 17854928
2895, 17983100
2896, 17761666
2897, 17633585
2898, 17703524
2899, 17777298
2900, 17837092
2901, 17593145
2902, 17388509
2903, 17516210
2904, 17482584
2905, 17552016
2906, 17412834
2907, 17498618
2908, 17618434
2909, 17439854
2910, 17346104
2911, 17257654
2912, 17461951
2913, 18179760
2914, 17812839
2915, 18107420
2916, 17876564
2917, 18423813
2918, 18047851
2919, 18095288
2920, 17854682
2921, 17737029
2922, 17529945
2923, 17362506
2924, 17455764
2925, 17545614
2926, 17468539
2927, 17515577
2928, 17347259
2929, 17456614
2930, 17389172
2931, 17276780
2932, 17067887
2933, 17204946
2934, 17242425
2935, 17187987
2936, 17231259
2937, 17251272
2938, 17102457
2939, 17251887
2940, 17162901
2941, 17086780
2942, 16919928
2943, 16801815
2944, 16843300
2945, 16983217
2946, 17193237
2947, 17098685
2948, 17098685
2949, 17098685
2950, 17098685
2951, 17034493
2952, 17083684
2953, 17197822
2954, 17272125
2955, 18021849
2956, 18489597
2957, 18220252
2958, 18953686
2959, 19525604
2960, 20949710
2961, 19960556
2962, 19426237
2963, 19760494
2964, 19900411
2965, 20116970
2966, 19895225
2967, 20208546
2968, 20208546
2969, 20063980
2970, 19870217
2971, 20223194
2972, 20362223
2973, 20583030
2974, 21548194
2975, 23174841
2976, 22563682
2977, 22059098
2978, 21512065
2979, 21051778
2980, 21235581
2981, 21009436
2982, 21254239
2983, 21520047
2984, 21761380
2985, 21512255
2986, 21083121
2987, 21703684
2988, 21312463
2989, 21441239
2990, 21284893
2991, 21129799
2992, 21306440
2993, 21654735
2994, 21779801
2995, 22071191
2996, 22071191
2997, 22011038
2998, 21928628
2999, 21772896
3000, 21732953
3001, 21508077
3002, 21564773
3003, 21670583
3004, 21591350
3005, 21435501
3006, 21323699
3007, 21349204
3008, 21275835
3009, 21013063
3010, 20665995
3011, 20348532
3012, 20497946
3013, 20646820
3014, 20583425
3015, 20534952
3016, 20436894
3017, 20436894
3018, 20475336
3019, 20400397
3020, 20448877
3021, 20414782
3022, 20453645
3023, 20360895
3024, 20381796
3025, 20247904
3026, 20247904
3027, 20015550
3028, 19939830
3029, 20004712
3030, 19944363
3031, 19726254
3032, 19786748
3033, 19889665
3034, 19130528
3035, 18513142
3036, 18155571
3037, 18228744
3038, 18248308
3039, 18137897
3040, 18033350
3041, 18112012
3042, 17982607
3043, 17800676
3044, 17800676
3045, 17879344
3046, 17826896
3047, 17898556
3048, 17935825
3049, 17844149
3050, 17724561
3051, 18032921
3052, 19268981
3053, 16837209
3054, 16321389
3055, 16523499
3056, 16406346
3057, 16467376
3058, 16306872
3059, 16427853
3060, 16535750
3061, 16390677
3062, 16430195
3063, 16368527
3064, 16425082
3065, 16485261
3066, 17147996
3067, 16941252
3068, 17768417
3069, 18031920
3070, 17789093
3071, 17616713
3072, 17824588
3073, 17954320
3074, 18823237
3075, 18312315
3076, 18403153
3077, 18173865
3078, 18478958
3079, 18572383
3080, 19116660
3081, 19116660
3082, 18960008
3083, 18565911
3084, 18667030
3085, 18957571
3086, 18931493
3087, 19176785
3088, 18994761
3089, 18967360
3090, 18867501
3091, 18909455
3092, 18604032
3093, 18409675
3094, 18576727
3095, 18479466
3096, 18367935
3097, 18431719
3098, 18633908
3099, 18471786
3100, 18430927
3101, 18471253
3102, 18548758
3103, 18703187
3104, 18828245
3105, 19075275
3106, 18940405
3107, 18836692
3108, 18708373
3109, 18765219
3110, 18642814
3111, 18498997
3112, 18597388
3113, 18531184
3114, 18561294
3115, 18651398
3116, 18686620
3117, 18452465
3118, 18479303
3119, 18723096
3120, 19550555
3121, 18961743
3122, 18872923
3123, 18726367
3124, 18932069
3125, 19015444
3126, 19074649
3127, 18983183
3128, 19013514
3129, 18426119
3130, 18216713
3131, 18369632
3132, 18218391
3133, 18079738
3134, 17978817
3135, 18038583
3136, 18038583
3137, 17895953
3138, 17860783
3139, 17860783
3140, 17765086
3141, 17888882
3142, 17839695
3143, 17447377
3144, 17270817
3145, 17332273
3146, 17239942
3147, 17239942
3148, 17178085
3149, 17112927
3150, 17150003
3151, 16978654
3152, 17058984
3153, 16991917
3154, 16910768
3155, 16319215
3156, 16414691
3157, 16414691
3158, 16575118
3159, 17188464
3160, 16691020
3161, 16451234
