0, 17.664
1, 17.83
2, 17.672
3, 17.51
4, 17.243
5, 16.975
6, 16.536
7, 16.051
8, 15.682
9, 15.561
10, 15.545
11, 15.657
12, 15.416
13, 15.433
14, 15.553
15, 15.578
16, 15.303
17, 14.984
18, 14.906
19, 15.001
20, 15.062
21, 14.795
22, 14.493
23, 14.502
24, 14.113
25, 14.578
26, 14.673
27, 14.639
28, 13.89
29, 13.724
30, 13.371
31, 12.846
32, 13.993
33, 12.528
34, 12.155
35, 12.708
36, 12.26
37, 13.451
38, 13.777
39, 13.596
40, 13.475
41, 13.198
42, 13.509
43, 13.536
44, 13.381
45, 12.528
46, 12.224
47, 12.252
48, 12.269
49, 12.855
50, 12.802
51, 12.689
52, 12.846
53, 12.924
54, 12.749
55, 12.276
56, 12.155
57, 11.622
58, 11.578
59, 11.536
60, 11.501
61, 11.597
62, 11.544
63, 11.785
64, 11.604
65, 11.044
66, 10.58
67, 10.139
68, 9.975
69, 9.3964
70, 9.0348
71, 9.1456
72, 9.595
73, 10.214
74, 10.887
75, 10.869
76, 10.817
77, 11.648
78, 11.386
79, 11.262
80, 11.386
81, 11.491
82, 11.342
83, 11.282
84, 11.569
85, 11.823
86, 11.805
87, 11.928
88, 11.91
89, 11.7
90, 11.395
91, 11.463
92, 11.525
93, 11.77
94, 12.138
95, 12.383
96, 12.252
97, 12.471
98, 12.748
99, 12.575
100, 12.261
101, 11.744
102, 11.508
103, 11.376
104, 11.491
105, 11.367
106, 10.966
107, 10.668
108, 10.503
109, 10.223
110, 10.71
111, 10.564
112, 10.626
113, 10.696
114, 10.71
115, 11.282
116, 11.079
117, 11.079
118, 10.957
119, 11.114
120, 11.403
121, 11.151
122, 11.351
123, 11.324
124, 11.919
125, 12.725
126, 12.549
127, 13.319
128, 13.86
129, 13.782
130, 13.475
131, 13.912
132, 13.912
133, 14.209
134, 14.146
135, 14.297
136, 14.297
137, 14.535
138, 14.561
139, 14.527
140, 14.65
141, 14.172
142, 14.04
143, 13.712
144, 14.189
145, 13.587
146, 12.851
147, 12.843
148, 13.135
149, 13.163
150, 13.293
151, 12.887
152, 13.056
153, 13.881
154, 14.58
155, 14.598
156, 14.119
157, 14.269
158, 14.438
159, 14.358
160, 13.384
161, 13.135
162, 12.72
163, 12.63
164, 12.435
165, 13.293
166, 13.453
167, 13.871
168, 13.905
169, 14.011
170, 13.056
171, 13.852
172, 13.737
173, 13.293
174, 13.366
175, 13.286
176, 13.914
177, 14.136
178, 14.073
179, 14.146
180, 13.934
181, 14.189
182, 13.958
183, 14.004
184, 13.871
185, 13.712
186, 13.641
187, 13.341
188, 12.676
189, 12.905
190, 12.681
191, 12.249
192, 12.781
193, 12.798
194, 12.647
195, 13.028
196, 13.028
197, 13.061
198, 12.827
199, 12.728
200, 12.728
201, 12.665
202, 13.006
203, 13.185
204, 13.061
205, 13.16
206, 13.177
207, 13.061
208, 13.248
209, 13.527
210, 13.672
211, 13.69
212, 14.294
213, 14.302
214, 14.545
215, 14.67
216, 14.491
217, 14.194
218, 13.807
219, 13.564
220, 13.527
221, 13.771
222, 13.439
223, 13.473
224, 13.096
225, 12.907
226, 13.024
227, 12.807
228, 12.709
229, 12.88
230, 13.331
231, 13.15
232, 13.248
233, 13.331
234, 13.401
235, 13.591
236, 13.672
237, 13.6
238, 13.88
239, 13.789
240, 13.744
241, 13.537
242, 13.448
243, 13.464
244, 13.419
245, 13.231
246, 12.844
247, 12.781
248, 12.88
249, 12.728
250, 12.744
251, 12.844
252, 12.987
253, 13.105
254, 13.312
255, 13.285
256, 13.105
257, 13.292
258, 13.537
259, 13.943
260, 14.438
261, 14.749
262, 14.702
263, 14.62
264, 14.493
265, 14.447
266, 14.402
267, 14.493
268, 14.409
269, 14.355
270, 14.383
271, 14.995
272, 14.959
273, 15.497
274, 15.442
275, 15.442
276, 15.479
277, 15.663
278, 15.324
279, 15.178
280, 15.105
281, 15.022
282, 15.233
283, 15.306
284, 15.351
285, 15.296
286, 15.379
287, 15.05
288, 14.364
289, 14.328
290, 14.309
291, 14.648
292, 14.757
293, 14.584
294, 14.565
295, 14.483
296, 14.483
297, 14.328
298, 14.447
299, 14.402
300, 14.364
301, 14.318
302, 14.355
303, 14.218
304, 14.208
305, 14.218
306, 14.273
307, 14.409
308, 14.51
309, 14.256
310, 14.036
311, 14.046
312, 13.514
313, 13.433
314, 13.404
315, 13.597
316, 14.117
317, 14.046
318, 13.899
319, 13.523
320, 13.607
321, 13.568
322, 13.514
323, 13.459
324, 13.376
325, 13.236
326, 13.107
327, 13.468
328, 13.497
329, 12.986
330, 13.107
331, 13.032
332, 12.976
333, 13.189
334, 13.236
335, 13.413
336, 13.775
337, 13.831
338, 13.831
339, 13.994
340, 14.054
341, 13.98
342, 14.046
343, 14.092
344, 14.435
345, 14.211
346, 14.109
347, 14.016
348, 13.96
349, 13.534
350, 13.57
351, 13.636
352, 12.68
353, 12.401
354, 12.298
355, 12.159
356, 12.159
357, 12.085
358, 11.862
359, 11.629
360, 12.001
361, 12.298
362, 12.595
363, 12.549
364, 12.539
365, 12.15
366, 11.867
367, 11.611
368, 11.602
369, 11.778
370, 11.936
371, 12.159
372, 11.788
373, 11.788
374, 11.685
375, 11.556
376, 11.359
377, 11.445
378, 11.574
379, 12.02
380, 12.41
381, 12.206
382, 12.187
383, 12.187
384, 12.242
385, 12.261
386, 12.251
387, 12.289
388, 12.298
389, 12.611
390, 12.611
391, 12.678
392, 12.705
393, 13.444
394, 13.244
395, 13.341
396, 13.284
397, 13.548
398, 13.576
399, 13.425
400, 13.482
401, 13.396
402, 13.591
403, 13.69
404, 13.964
405, 12.933
406, 12.762
407, 12.819
408, 12.782
409, 12.752
410, 12.843
411, 12.856
412, 12.734
413, 12.79
414, 12.79
415, 13.017
416, 12.876
417, 12.752
418, 12.79
419, 12.734
420, 12.686
421, 12.686
422, 12.752
423, 12.705
424, 12.782
425, 12.678
426, 12.601
427, 12.08
428, 12.175
429, 12.223
430, 12.043
431, 11.929
432, 11.881
433, 11.891
434, 11.816
435, 11.929
436, 11.958
437, 12.119
438, 12.099
439, 12.023
440, 11.834
441, 11.816
442, 11.825
443, 11.919
444, 12.346
445, 12.63
446, 13.16
447, 13.093
448, 13.036
449, 13.091
450, 12.686
451, 12.628
452, 12.744
453, 11.726
454, 11.461
455, 11.692
456, 11.789
457, 11.953
458, 11.779
459, 11.789
460, 11.953
461, 11.953
462, 11.702
463, 11.75
464, 11.779
465, 11.798
466, 11.731
467, 11.76
468, 11.924
469, 11.934
470, 12.04
471, 11.991
472, 12.059
473, 12.291
474, 12.503
475, 12.725
476, 12.821
477, 12.811
478, 13.043
479, 12.975
480, 12.647
481, 12.647
482, 12.619
483, 12.715
484, 12.744
485, 12.85
486, 12.841
487, 12.937
488, 13.139
489, 13.081
490, 13.159
491, 13.323
492, 12.975
493, 12.927
494, 13.014
495, 13.129
496, 13.265
497, 13.129
498, 13.169
499, 13.197
500, 13.275
501, 12.811
502, 13.023
503, 13.217
504, 13.342
505, 13.603
506, 13.892
507, 14.104
508, 14.48
509, 14.336
510, 14.287
511, 14.413
512, 14.596
513, 14.62
514, 14.698
515, 14.492
516, 14.355
517, 14.443
518, 14.463
519, 14.63
520, 14.433
521, 14.384
522, 14.433
523, 14.453
524, 14.404
525, 14.158
526, 14.158
527, 14.266
528, 14.208
529, 14.011
530, 14.149
531, 14.463
532, 14.468
533, 14.374
534, 14.296
535, 14.129
536, 14.208
537, 14.424
538, 14.149
539, 13.923
540, 13.834
541, 13.844
542, 13.874
543, 13.933
544, 14.031
545, 13.874
546, 14.09
547, 14.232
548, 14.374
549, 14.561
550, 14.551
551, 14.433
552, 14.335
553, 14.1
554, 13.982
555, 14.158
556, 14.158
557, 13.952
558, 13.923
559, 13.864
560, 14.374
561, 14.335
562, 14.1
563, 14.1
564, 14.188
565, 14.227
566, 14.453
567, 14.104
568, 14.198
569, 14.198
570, 14.492
571, 14.325
572, 14.473
573, 14.335
574, 14.443
575, 14.728
576, 14.9
577, 14.84
578, 15.02
579, 14.96
580, 14.86
581, 14.82
582, 15.13
583, 15.12
584, 15.28
585, 15.73
586, 15.55
587, 15.48
588, 15.55
589, 15.45
590, 15.51
591, 15.57
592, 15.21
593, 15.21
594, 15.12
595, 15.32
596, 15.2
597, 15.14
598, 15.1
599, 15.38
600, 15.36
601, 15.25
602, 15.08
603, 15.15
604, 15.13
605, 15.17
