0, 44.962
1, 44.656
2, 44.696
3, 44.997
4, 45.898
5, 45.196
6, 44.806
7, 46.073
8, 46.149
9, 46.466
10, 46.783
11, 46.321
12, 46.156
13, 46.367
14, 47.116
15, 47.325
16, 47.056
17, 47.4
18, 48.283
19, 47.809
20, 47.416
21, 46.889
22, 46.476
23, 47.266
24, 47.49
25, 47.741
26, 47.865
27, 47.741
28, 47.616
29, 48.716
30, 48.617
31, 48.84
32, 48.551
33, 48.809
34, 48.26
35, 48.784
36, 48.291
37, 48.241
38, 48.032
39, 47.623
40, 48.365
41, 48.442
42, 48.692
43, 48.659
44, 47.965
45, 47.534
46, 48.074
47, 48.365
48, 47.965
49, 48.509
50, 48.515
51, 49.199
52, 49.533
53, 49.409
54, 49.318
55, 49.376
56, 49.701
57, 49.617
58, 49.776
59, 48.551
60, 48.7
61, 49.199
62, 48.992
63, 48.365
64, 48.365
65, 48.217
66, 48.684
67, 47.7
68, 47.649
69, 47.949
70, 49.265
71, 49.851
72, 49.409
73, 49.417
74, 49.434
75, 49.116
76, 49.283
77, 49.701
78, 49.785
79, 50.37
80, 50.352
81, 52.41
82, 51.42
83, 51.452
84, 51.994
85, 51.703
86, 51.368
87, 51.103
88, 51.493
89, 51.368
90, 51.126
91, 51.035
92, 51.242
93, 51.618
94, 51.225
95, 51.278
96, 50.658
97, 50.825
98, 50.867
99, 50.867
100, 50.81
101, 50.901
102, 50.867
103, 51.145
104, 50.867
105, 51.285
106, 51.36
107, 51.285
108, 51.493
109, 50.658
110, 50.41
111, 51.913
112, 51.736
113, 51.913
114, 51.693
115, 52.004
116, 51.994
117, 52.086
118, 52.052
119, 52.195
120, 52.034
121, 51.921
122, 52.202
123, 52.103
124, 50.768
125, 50.995
126, 51.016
127, 51.478
128, 51.786
129, 51.285
130, 51.913
131, 51.117
132, 50.785
133, 50.37
134, 51.126
135, 50.911
136, 50.077
137, 50.034
138, 49.95
139, 49.658
140, 49.992
141, 49.533
142, 50.284
143, 50.949
144, 51.035
145, 51.168
146, 51.077
147, 51.103
148, 51.242
149, 51.327
150, 51.354
151, 51.368
152, 51.693
153, 51.718
154, 51.768
155, 51.744
156, 51.493
157, 50.935
158, 50.609
159, 49.919
160, 49.776
161, 49.742
162, 49.927
163, 49.207
164, 48.975
165, 49.199
166, 49.236
167, 49.035
168, 48.457
169, 48.774
170, 48.809
171, 48.542
172, 48.633
173, 48.858
174, 48.793
175, 48.365
176, 48.617
177, 48.952
178, 49.533
179, 49.274
180, 49.742
181, 48.999
182, 49.283
183, 49.459
184, 49.985
185, 50.326
186, 50.326
187, 49.301
188, 48.867
189, 49.283
190, 49.757
191, 50.243
192, 51.291
193, 50.284
194, 49.958
195, 49.491
196, 49.226
197, 49.968
198, 49.533
199, 51.411
200, 50.435
201, 51.392
202, 50.4
203, 49.083
204, 48.6
205, 48.6
206, 49.076
207, 49.927
208, 50.302
209, 49.9
210, 49.325
211, 49.491
212, 49.367
213, 49.958
214, 50.243
215, 50.748
216, 50.867
217, 51.778
218, 52.078
219, 51.443
220, 50.819
221, 50.702
222, 50.942
223, 50.326
224, 50.509
225, 49.859
226, 49.992
227, 50.159
228, 50.728
229, 50.893
230, 51.068
231, 50.509
232, 49.526
233, 48.801
234, 48.64
235, 47.849
236, 46.431
237, 46.466
238, 45.031
239, 43.703
240, 40.945
241, 42.397
242, 42.345
243, 44.28
244, 44.538
245, 45.407
246, 45.131
247, 45.398
248, 42.62
249, 42.519
250, 42.612
251, 43.781
252, 44.197
253, 43.154
254, 43.279
255, 45.131
256, 45.115
257, 45.889
258, 41.821
259, 41.897
260, 40.86
261, 41.512
262, 40.995
263, 39.895
264, 38.85
265, 38.985
266, 40.036
267, 40.194
268, 39.869
269, 39.361
270, 39.044
271, 37.535
272, 36.274
273, 36.398
274, 36.375
275, 37.317
276, 35.856
277, 36.644
278, 35.856
279, 34.692
280, 35.901
281, 37.36
282, 38.535
283, 37.893
284, 38.985
285, 39.111
286, 39.41
287, 39.085
288, 39.419
289, 37.567
290, 38.942
291, 37.943
292, 37.777
293, 38.525
294, 39.237
295, 38.361
296, 38.361
297, 39.611
298, 39.218
299, 38.026
300, 36.067
301, 36.692
302, 37.36
303, 38.26
304, 39.987
305, 40.154
306, 39.209
307, 39.627
308, 40.069
309, 39.361
310, 39.777
311, 39.41
312, 39.193
313, 39.401
314, 38.493
315, 38.442
316, 37.792
317, 37.619
318, 35.733
319, 36.859
320, 39.201
321, 38.442
322, 37.943
323, 38.361
324, 37.959
325, 38.317
326, 37.193
327, 37.901
328, 36.95
329, 36.283
330, 35.901
331, 35.856
332, 35.856
333, 36.067
334, 36.934
335, 37.193
336, 37.851
337, 38.152
338, 37.493
339, 36.774
340, 37.277
341, 37.649
342, 38.745
343, 39.102
344, 38.736
345, 39.068
346, 39.193
347, 39.193
348, 39.401
349, 39.852
350, 39.019
351, 39.869
352, 40.319
353, 41.738
354, 40.612
355, 41.279
356, 40.921
357, 41.195
358, 41.503
359, 41.279
360, 41.279
361, 41.279
362, 41.945
363, 42.194
364, 43.781
365, 43.197
366, 43.489
367, 43.364
368, 43.039
369, 43.314
370, 43.656
371, 43.238
372, 42.278
373, 43.188
374, 43.238
375, 43.238
376, 43.154
377, 43.33
378, 43.297
379, 43.59
380, 43.828
381, 43.772
382, 42.489
383, 41.545
384, 41.92
385, 41.528
386, 42.213
387, 42.746
388, 43.154
389, 43.055
390, 43.996
391, 44.123
392, 44.656
393, 45.015
394, 44.347
395, 44.59
396, 44.223
397, 43.747
398, 43.996
399, 44.504
400, 45.43
401, 46.489
402, 47.781
403, 47.342
404, 47.658
405, 47.675
406, 47.423
407, 46.881
408, 46.089
409, 44.989
410, 45.24
411, 45.864
412, 45.34
413, 45.781
414, 46.373
415, 45.607
416, 45.464
417, 45.781
418, 45.105
419, 44.981
420, 45.531
421, 45.799
422, 45.772
423, 46.416
424, 45.982
425, 45.187
426, 44.28
427, 44.363
428, 44.231
429, 43.52
430, 43.604
431, 43.62
432, 43.039
433, 41.862
434, 40.378
435, 39.143
436, 39.153
437, 39.058
438, 39.118
439, 38.942
440, 38.168
441, 38.335
442, 39.728
443, 38.435
444, 37.943
445, 37.486
446, 37.701
447, 38.134
448, 39.209
449, 39.569
450, 39.193
451, 40.02
452, 39.427
453, 38.018
454, 37.109
455, 36.95
456, 36.099
457, 36.49
458, 36.416
459, 36.735
460, 36.917
461, 36.49
462, 35.958
463, 36.077
464, 35.234
465, 37.501
466, 38.402
467, 39.143
468, 40.028
469, 39.993
470, 40.127
471, 39.611
472, 39.736
473, 39.611
474, 40.385
475, 40.612
476, 41.803
477, 41.77
478, 42.445
479, 41.795
480, 41.496
481, 40.802
482, 40.636
483, 41.069
484, 41.287
485, 42.278
486, 41.696
487, 41.869
488, 41.244
489, 42.213
490, 41.869
491, 41.945
492, 41.987
493, 41.67
494, 41.904
495, 41.904
496, 41.821
497, 39.569
498, 40.27
499, 39.861
500, 40.194
501, 39.987
502, 39.444
503, 39.193
504, 39.444
505, 39.527
506, 39.118
507, 39.078
508, 40.86
509, 41.612
510, 41.945
511, 41.837
512, 42.87
513, 42.728
514, 42.78
515, 42.904
516, 43.197
517, 43.781
518, 43.03
519, 43.114
520, 43.16
521, 42.581
522, 42.194
523, 41.91
524, 41.937
525, 41.429
526, 40.978
527, 41.036
528, 41.221
529, 41.461
530, 41.512
531, 41.377
532, 41.028
533, 41.205
534, 40.945
535, 40.778
536, 40.444
537, 40.401
538, 40.987
539, 40.762
540, 41.028
541, 41.563
542, 41.263
543, 40.86
544, 40.677
545, 39.694
546, 38.402
547, 38.392
548, 38.268
549, 37.777
550, 38.11
551, 37.184
552, 36.95
553, 37.269
554, 36.884
555, 36.867
556, 37.226
557, 37.193
558, 37.058
559, 36.692
560, 36.917
561, 37.717
562, 37.893
563, 36.692
564, 37.025
565, 37.61
566, 38.152
567, 38.026
568, 38.067
569, 37.61
570, 38.11
571, 37.751
572, 37.959
573, 38.134
574, 38.402
575, 38.501
576, 38.294
577, 37.851
578, 39.72
579, 39.886
580, 39.143
581, 39.401
582, 39.767
583, 40.028
584, 40.743
585, 40.028
586, 40.261
587, 40.486
588, 40.31
589, 39.653
590, 40.436
591, 41.279
592, 41.421
593, 41.954
594, 41.787
595, 42.071
596, 42.345
597, 42.445
598, 42.261
599, 42.038
600, 42.022
601, 42.062
602, 42.222
603, 42.361
604, 42.354
605, 42.697
606, 42.612
607, 42.071
608, 42.222
609, 42.204
610, 42.071
611, 41.977
612, 42.463
613, 42.796
614, 43.245
615, 43.16
616, 43.047
617, 43.537
618, 43.691
619, 43.604
620, 44.355
621, 44.483
622, 45.157
623, 45.805
624, 45.172
625, 45.756
626, 45.24
627, 44.914
628, 45.748
629, 44.696
630, 44.914
631, 45.448
632, 46.064
633, 46.19
634, 46.725
635, 47.083
636, 47.758
637, 47.575
638, 46.965
639, 46.917
640, 46.506
641, 46.015
642, 46.657
643, 46.908
644, 46.549
645, 46.531
646, 46.248
647, 47.741
648, 47.467
649, 46.783
650, 47.024
651, 47.325
652, 46.482
653, 46.699
654, 45.706
655, 46.321
656, 46.574
657, 47.266
658, 46.832
659, 44.256
660, 42.278
661, 41.763
662, 41.937
663, 41.645
664, 40.795
665, 40.47
666, 41.445
667, 42.71
668, 42.612
669, 42.87
670, 43.061
671, 43.188
672, 42.536
673, 43.078
674, 43.772
675, 43.996
676, 44.155
677, 44.531
678, 44.646
679, 45.206
680, 44.822
681, 45.448
682, 45.489
683, 46.215
684, 46.765
685, 46.591
686, 46.681
687, 46.35
688, 46.321
689, 46.24
690, 45.956
691, 45.898
692, 46.284
693, 46.284
694, 46.284
695, 46.574
696, 45.847
697, 47.542
698, 47.515
699, 47.525
700, 46.699
701, 46.791
702, 47.4
703, 46.999
704, 46.765
705, 46.699
706, 46.699
707, 46.231
708, 46.321
709, 45.857
710, 45.864
711, 45.697
712, 45.939
713, 46.748
714, 47.116
715, 47.231
716, 45.614
717, 45.549
718, 46.164
719, 47.849
720, 48.074
721, 47.949
722, 48.358
723, 47.949
724, 47.992
725, 47.925
726, 48.099
727, 47.575
728, 48.124
729, 48.817
730, 48.343
731, 47.675
732, 48.291
733, 47.682
734, 47.649
735, 47.675
736, 49.575
737, 49.391
738, 48.999
739, 48.45
740, 48.142
741, 48.425
742, 48.784
743, 47.623
744, 47.916
745, 47.732
746, 46.024
747, 46.206
748, 45.666
749, 45.989
750, 46.297
751, 46.149
752, 46.699
753, 46.231
754, 46.047
755, 45.657
756, 45.657
757, 45.531
758, 45.939
759, 45.206
760, 43.996
761, 44.407
762, 44.747
763, 45.689
764, 44.548
765, 43.739
766, 44.756
767, 44.865
768, 44.49
769, 44.49
770, 44.339
771, 44.155
772, 44.371
773, 44.041
774, 44.666
775, 44.305
776, 44.407
777, 44.713
778, 44.614
779, 44.614
780, 45.031
781, 44.822
782, 44.696
783, 44.74
784, 44.74
785, 44.666
786, 45.831
787, 45.997
788, 45.847
789, 46.284
790, 46.19
791, 46.815
792, 47.342
793, 46.765
794, 47.281
795, 46.164
796, 46.908
797, 46.773
798, 47.407
799, 47.723
800, 47.908
801, 47.841
802, 48.099
803, 47.307
804, 47.209
805, 47.074
806, 47.367
807, 47.367
808, 47.767
809, 48.166
810, 48.326
811, 49.491
812, 49.468
813, 49.035
814, 49.101
815, 48.967
816, 48.365
817, 48.491
818, 49.776
819, 50.034
820, 48.574
821, 48.117
822, 48.867
823, 46.073
824, 46.699
825, 43.656
826, 42.612
827, 44.49
828, 43.988
829, 44.206
830, 44.197
831, 45.157
832, 47.281
833, 47.281
834, 47.691
835, 48.084
836, 48.117
837, 47.741
838, 49.009
839, 47.484
840, 47.849
841, 48.825
842, 48.908
843, 48.833
844, 48.032
845, 48.408
846, 48.283
847, 47.949
848, 47.932
849, 48.157
850, 48.283
851, 47.949
852, 47.781
853, 47.542
854, 46.032
855, 46.073
856, 46.489
857, 46.156
858, 46.406
859, 46.291
860, 45.031
861, 44.797
862, 44.407
863, 44.797
864, 45.157
865, 45.448
866, 46.35
867, 46.367
868, 46.673
869, 47.64
870, 47.281
871, 46.908
872, 46.549
873, 46.497
874, 46.291
875, 46.991
876, 46.406
877, 45.622
878, 45.657
879, 45.864
880, 46.358
881, 46.476
882, 46.539
883, 46.815
884, 46.807
885, 47.056
886, 46.857
887, 46.917
888, 46.926
889, 47.303
890, 47.225
891, 46.908
892, 47.825
893, 48.197
894, 47.294
895, 47.987
896, 48.053
897, 48.585
898, 48.913
899, 49.505
900, 49.057
901, 49.841
902, 49.462
903, 49.336
904, 48.746
905, 48.957
906, 48.281
907, 47.86
908, 48.087
909, 48.154
910, 48.07
911, 48.358
912, 48.913
913, 49.326
914, 49.311
915, 49.547
916, 49.505
917, 49.598
918, 49.336
919, 49.42
920, 49.42
921, 49.81
922, 50.06
923, 50.945
924, 50.566
925, 50.054
926, 50.388
927, 50.313
928, 49.9
929, 49.622
930, 49.42
931, 48.35
932, 48.289
933, 48.148
934, 48.728
935, 50.388
936, 49.959
937, 49.792
938, 49.784
939, 49.326
940, 49.237
941, 48.922
942, 48.913
943, 48.68
944, 48.796
945, 50.972
946, 50.188
947, 51.021
948, 51.772
949, 51.28
950, 51.56
951, 50.708
952, 51.253
953, 51.263
954, 51.124
955, 51.048
956, 50.664
957, 50.128
958, 50.119
959, 48.917
960, 49.174
961, 48.697
962, 48.576
963, 48.202
964, 48.626
965, 48.312
966, 48.074
967, 47.571
968, 47.852
969, 47.921
970, 47.723
971, 47.137
972, 47.257
973, 47.154
974, 46.797
975, 47.042
976, 46.872
977, 45.695
978, 45.303
979, 45.627
980, 45.262
981, 45.806
982, 45.892
983, 45.593
984, 45.593
985, 45.288
986, 45.091
987, 44.997
988, 45.055
989, 45.578
990, 45.38
991, 46.456
992, 46.378
993, 44.529
994, 44.962
995, 45.679
996, 45.934
997, 45.296
998, 45.278
999, 45.269
1000, 45.182
1001, 44.495
1002, 44.938
1003, 44.956
1004, 45.722
1005, 44.768
1006, 44.316
1007, 44.46
1008, 44.112
1009, 43.739
1010, 44.103
1011, 44.216
1012, 43.654
1013, 43.998
1014, 43.947
1015, 43.351
1016, 43.257
1017, 42.894
1018, 42.705
1019, 42.186
1020, 42.697
1021, 42.568
1022, 43.066
1023, 42.775
1024, 43.94
1025, 43.436
1026, 42.817
1027, 42.55
1028, 42.272
1029, 42.076
1030, 42.463
1031, 43.052
1032, 43.31
1033, 43.998
1034, 43.626
1035, 43.696
1036, 43.272
1037, 42.68
1038, 43.247
1039, 43.101
1040, 42.775
1041, 43.31
1042, 42.55
1043, 42.367
1044, 42.445
1045, 42.463
1046, 43.758
1047, 43.567
1048, 43.483
1049, 43.153
1050, 42.568
1051, 42.186
1052, 42.128
1053, 42.272
1054, 42.1
1055, 42.412
1056, 42.54
1057, 42.066
1058, 42.1
1059, 42.066
1060, 42.1
1061, 42.041
1062, 42.23
1063, 42.272
1064, 42.272
1065, 42.499
1066, 42.1
1067, 42.412
1068, 41.67
1069, 40.901
1070, 39.875
1071, 40.194
1072, 41.265
1073, 41.929
1074, 42.48
1075, 43.063
1076, 43.04
1077, 43.002
1078, 42.609
1079, 42.828
1080, 42.856
1081, 43.327
1082, 43.056
1083, 43.458
1084, 42.653
1085, 42.034
1086, 42.085
1087, 41.562
1088, 41.885
1089, 41.562
1090, 41.335
1091, 41.865
1092, 40.531
1093, 40.644
1094, 39.577
1095, 39.427
1096, 39.437
1097, 38.773
1098, 39.516
1099, 38.887
1100, 39.333
1101, 38.937
1102, 38.293
1103, 38.283
1104, 38.37
1105, 38.607
1106, 39.42
1107, 39.218
1108, 39.13
1109, 38.669
1110, 38.8
1111, 38.624
1112, 39.934
1113, 39.768
1114, 40.302
1115, 39.768
1116, 40.47
1117, 40.215
1118, 41.194
1119, 41.43
1120, 41.622
1121, 41.552
1122, 41.081
1123, 40.966
1124, 40.853
1125, 38.267
1126, 37.584
1127, 37.304
1128, 37.55
1129, 37.497
1130, 38.354
1131, 38.52
1132, 39.393
1133, 39.447
1134, 40.91
1135, 40.297
1136, 39.713
1137, 40.67
1138, 40.52
1139, 40.6
1140, 40.209
1141, 40.335
1142, 40.687
1143, 40.562
1144, 41.008
1145, 41.027
1146, 41.221
1147, 40.732
1148, 40.6
1149, 40.777
1150, 40.777
1151, 40.865
1152, 40.777
1153, 40.9
1154, 40.6
1155, 40.191
1156, 40.254
1157, 40.004
1158, 40.333
1159, 40.91
1160, 41.246
1161, 41.752
1162, 42.372
1163, 41.903
1164, 42.372
1165, 42.514
1166, 42.086
1167, 41.69
1168, 41.964
1169, 41.964
1170, 42.283
1171, 41.707
1172, 41.875
1173, 41.894
1174, 42.018
1175, 42.273
1176, 41.972
1177, 42.319
1178, 43.294
1179, 43.879
1180, 43.879
1181, 44.137
1182, 43.799
1183, 43.434
1184, 40.148
1185, 40.023
1186, 40.431
1187, 40.865
1188, 40.491
1189, 40.847
1190, 41.255
1191, 41.37
1192, 42.504
1193, 42.24
1194, 42.222
1195, 38.94
1196, 38.964
1197, 38.627
1198, 37.998
1199, 38.105
1200, 37.898
1201, 37.889
1202, 36.64
1203, 36.703
1204, 36.693
1205, 36.9
1206, 36.423
1207, 37.377
1208, 37.763
1209, 37.125
1210, 37.097
1211, 36.62
1212, 36.378
1213, 36.503
1214, 37.286
1215, 37.225
1216, 36.611
1217, 36.665
1218, 36.487
1219, 35.435
1220, 35.255
1221, 35.387
1222, 34.679
1223, 33.788
1224, 33.949
1225, 34.857
1226, 35.604
1227, 35.029
1228, 34.283
1229, 34.497
1230, 34.561
1231, 34.399
1232, 34.536
1233, 34.399
1234, 35.002
1235, 34.489
1236, 34.627
1237, 34.318
1238, 34.946
1239, 34.732
1240, 35.084
1241, 34.436
1242, 34.193
1243, 33.77
1244, 32.888
1245, 32.151
1246, 31.568
1247, 31.837
1248, 32.296
1249, 31.909
1250, 30.802
1251, 30.856
1252, 35.387
1253, 34.669
1254, 39.057
1255, 39.758
1256, 42.898
1257, 41.18
1258, 42.71
1259, 44.291
1260, 43.717
1261, 43.726
1262, 41.723
1263, 39.519
1264, 39.327
1265, 38.845
1266, 38.507
1267, 37.598
1268, 35.529
1269, 35.693
1270, 35.228
1271, 35.985
1272, 36.149
1273, 36.904
1274, 37.578
1275, 38.134
1276, 38.9
1277, 38.944
1278, 39.126
1279, 39.217
1280, 40.129
1281, 39.173
1282, 39.719
1283, 38.918
1284, 38.543
1285, 38.716
1286, 38.616
1287, 38.344
1288, 37.533
1289, 36.767
1290, 36.895
1291, 36.339
1292, 35.074
1293, 34.388
1294, 35.538
1295, 35.3
1296, 36.011
1297, 35.3
1298, 34.388
1299, 34.162
1300, 34.982
1301, 34.629
1302, 34.653
1303, 34.897
1304, 35.3
1305, 34.972
1306, 35.361
1307, 35.729
1308, 35.547
1309, 36.258
1310, 35.803
1311, 36.439
1312, 37.123
1313, 37.332
1314, 36.493
1315, 36.029
1316, 36.602
1317, 39.91
1318, 40.511
1319, 40.584
1320, 42.542
1321, 43.726
1322, 41.632
1323, 39.483
1324, 42.142
1325, 43.564
1326, 39.483
1327, 38.93
1328, 38.975
1329, 39.399
1330, 40.083
1331, 39.666
1332, 39.16
1333, 39.538
1334, 39.491
1335, 39.491
1336, 39.696
1337, 38.467
1338, 38.911
1339, 38.006
1340, 37.691
1341, 36.806
1342, 36.417
1343, 36.519
1344, 35.089
1345, 35.216
1346, 34.662
1347, 36.261
1348, 36.102
1349, 33.572
1350, 33.426
1351, 33.14
1352, 33.093
1353, 33.704
1354, 33.704
1355, 33.444
1356, 33.426
1357, 34.156
1358, 33.572
1359, 33.713
1360, 34.045
1361, 33.998
1362, 33.444
1363, 32.568
1364, 31.588
1365, 31.949
1366, 32.087
1367, 31.634
1368, 31.624
1369, 31.921
1370, 31.857
1371, 31.857
1372, 32.28
1373, 31.765
1374, 33.056
1375, 33.343
1376, 33.251
1377, 33.704
1378, 35.089
1379, 34.302
1380, 35.358
1381, 36.464
1382, 36.427
1383, 35.984
1384, 35.559
1385, 38.676
1386, 40.994
1387, 42.054
1388, 43.596
1389, 42.185
1390, 42.092
1391, 42.532
1392, 43.126
1393, 42.937
1394, 44.111
1395, 43.933
1396, 44.373
1397, 44.327
1398, 43.153
1399, 43.791
1400, 42.523
1401, 43.16
1402, 43.838
1403, 44.814
1404, 44.496
1405, 44.121
1406, 43.764
1407, 45.058
1408, 45.077
1409, 45.482
1410, 44.121
1411, 44.701
1412, 43.527
1413, 45.031
1414, 44.279
1415, 43.764
1416, 43.265
1417, 43.238
1418, 42.992
1419, 42.599
1420, 43.174
1421, 43.19
1422, 43.18
1423, 42.965
1424, 43.463
1425, 43.527
1426, 42.759
1427, 43.621
1428, 43.838
1429, 43.576
1430, 43.17
1431, 43.051
1432, 43.697
1433, 43.774
1434, 43.65
1435, 43.433
1436, 44.121
1437, 43.621
1438, 44.402
1439, 44.298
1440, 44.027
1441, 44.234
1442, 44.251
1443, 44.364
1444, 45.82
1445, 46.682
1446, 46.711
1447, 50.972
1448, 51.151
1449, 51.852
1450, 50.771
1451, 52.025
1452, 51.758
1453, 51.797
1454, 53.25
1455, 51.104
1456, 48.235
1457, 48.321
1458, 49.479
1459, 51.997
1460, 49.973
1461, 49.184
1462, 48.767
1463, 48.112
1464, 49.099
1465, 49.184
1466, 50.951
1467, 49.375
1468, 49.47
1469, 50.334
1470, 50.334
1471, 49.679
1472, 50.2
1473, 50.24
1474, 50.524
1475, 49.764
1476, 50.191
1477, 50.087
1478, 49.812
1479, 50.305
1480, 49.735
1481, 49.004
1482, 48.909
1483, 48.52
1484, 48.947
1485, 48.815
1486, 48.255
1487, 48.245
1488, 48.9
1489, 50.173
1490, 50.135
1491, 49.631
1492, 49.194
1493, 49.338
1494, 49.204
1495, 49.148
1496, 49.09
1497, 48.653
1498, 51.285
1499, 49.423
1500, 50.22
1501, 50.41
1502, 53.183
1503, 55.271
1504, 54.493
1505, 54.769
1506, 57.161
1507, 56.251
1508, 53.896
1509, 55.271
1510, 55.727
1511, 56.469
1512, 56.364
1513, 57.822
1514, 57.159
1515, 55.989
1516, 57.544
1517, 58.532
1518, 58.446
1519, 57.669
1520, 58.522
1521, 58.14
1522, 57.63
1523, 58.157
1524, 57.199
1525, 56.498
1526, 56.767
1527, 56.681
1528, 55.884
1529, 57.593
1530, 56.632
1531, 57.448
1532, 56.296
1533, 56.824
1534, 57.352
1535, 57.4
1536, 57.544
1537, 57.352
1538, 57.593
1539, 57.113
1540, 56.104
1541, 57.064
1542, 56.824
1543, 56.585
1544, 55.912
1545, 55.241
1546, 55.192
1547, 55.433
1548, 55.048
1549, 56.536
1550, 56.632
1551, 58.263
1552, 60.616
1553, 62.775
1554, 63.544
1555, 64.071
1556, 66.038
1557, 66.135
1558, 65.846
1559, 64.311
1560, 64.167
1561, 64.215
1562, 63.831
1563, 63.544
1564, 60.999
1565, 64.263
1566, 63.735
1567, 64.311
1568, 66.087
1569, 66.904
1570, 68.15
1571, 69.015
1572, 69.878
1573, 68.822
1574, 69.974
1575, 68.87
1576, 69.229
1577, 68.019
1578, 68.502
1579, 70.197
1580, 69.18
1581, 68.308
1582, 69.422
1583, 68.648
1584, 66.615
1585, 66.421
1586, 65.404
1587, 66.712
1588, 67.244
1589, 66.518
1590, 66.227
1591, 65.356
1592, 66.373
1593, 65.55
1594, 65.113
1595, 65.839
1596, 64.194
1597, 64.098
1598, 63.322
1599, 64.436
1600, 65.55
1601, 68.599
1602, 69.229
1603, 67.438
1604, 69.713
1605, 68.116
1606, 68.939
1607, 68.939
1608, 67.776
1609, 68.599
1610, 67.438
1611, 67.244
1612, 66.421
1613, 67.137
1614, 70.729
1615, 71.311
1616, 69.81
1617, 70.227
1618, 69.762
1619, 69.374
1620, 70.439
1621, 69.81
1622, 70.1
1623, 68.358
1624, 69.074
1625, 67.438
1626, 71.117
1627, 64.727
1628, 64.388
1629, 62.79
1630, 59.692
1631, 57.9
1632, 57.61
1633, 57.417
1634, 57.997
1635, 56.932
1636, 58.782
1637, 58.332
1638, 62.981
1639, 64.596
1640, 60.241
1641, 59.409
1642, 61.953
1643, 61.023
1644, 61.268
1645, 62.295
1646, 62.903
1647, 63.617
1648, 63.911
1649, 63.568
1650, 62.687
1651, 61.415
1652, 62.295
1653, 62.638
1654, 62.541
1655, 62.589
1656, 61.121
1657, 60.387
1658, 61.709
1659, 63.03
1660, 64.204
1661, 64.4
1662, 64.449
1663, 64.694
1664, 65.917
1665, 67.434
1666, 67.042
1667, 65.917
1668, 64.889
1669, 64.791
1670, 64.791
1671, 64.106
1672, 64.057
1673, 63.617
1674, 62.638
1675, 62.687
1676, 61.904
1677, 61.807
1678, 62.393
1679, 63.568
1680, 61.219
1681, 62.237
1682, 62.198
1683, 62.638
1684, 61.855
1685, 63.274
1686, 64.351
1687, 65.036
1688, 65.476
1689, 65.036
1690, 66.602
1691, 65.281
1692, 61.366
1693, 59.849
1694, 59.261
1695, 55.885
1696, 55.298
1697, 54.808
1698, 56.325
1699, 57.647
1700, 59.952
1701, 62.573
1702, 62.227
1703, 61.485
1704, 60.892
1705, 60.793
1706, 61.386
1707, 60.595
1708, 57.973
1709, 60.348
1710, 59.507
1711, 59.754
1712, 60.743
1713, 61.782
1714, 61.831
1715, 62.92
1716, 61.584
1717, 61.287
1718, 62.425
1719, 63.118
1720, 61.683
1721, 60.793
1722, 58.913
1723, 58.814
1724, 59.111
1725, 58.715
1726, 58.913
1727, 58.616
1728, 58.715
1729, 58.913
1730, 58.814
1731, 59.259
1732, 59.358
1733, 59.061
1734, 58.616
1735, 60.298
1736, 60.842
1737, 60.051
1738, 58.864
1739, 58.369
1740, 57.627
1741, 58.913
1742, 57.726
1743, 58.517
1744, 58.171
1745, 59.259
1746, 58.517
1747, 60.249
1748, 61.337
1749, 61.238
1750, 62.277
1751, 61.683
1752, 60.941
1753, 60.644
1754, 62.475
1755, 60.545
1756, 59.902
1757, 59.259
1758, 58.616
1759, 57.924
1760, 58.27
1761, 58.864
1762, 57.577
1763, 58.27
1764, 61.25
1765, 63.1
1766, 62.85
1767, 64.15
1768, 62.85
1769, 63.0
1770, 62.8
1771, 63.15
1772, 64.8
1773, 65.0
1774, 64.25
1775, 65.25
1776, 65.1
1777, 63.8
1778, 63.75
1779, 64.65
1780, 64.85
1781, 65.15
1782, 64.45
1783, 64.3
1784, 63.95
1785, 64.1
1786, 62.75
1787, 62.2
1788, 62.45
1789, 63.45
1790, 62.95
1791, 63.7
1792, 63.1
1793, 63.35
1794, 64.1
1795, 62.2
1796, 62.85
1797, 63.15
1798, 62.8
1799, 61.9
1800, 61.9
1801, 60.0
1802, 59.7
1803, 59.3
1804, 58.75
