15.0, 41.60442600276621
16.0, 48.044348629504114
17.0, 39.03780068728519
18.0, 39.25362819626814
19.0, 34.71882640586796
20.0, 27.07408671901672
21.0, 22.043795620437933
22.0, 24.46334548400158
23.0, 41.93825042881652
24.0, 44.6779351301965
25.0, 46.26300851466412
26.0, 42.943244600703224
27.0, 45.14255543822597
28.0, 50.57088487155084
29.0, 52.38313473877182
30.0, 44.91735537190088
31.0, 45.02899751449882
32.0, 58.8037383177569
33.0, 59.53822861468585
34.0, 49.585635359116004
35.0, 41.10320284697509
36.0, 44.998550304436094
37.0, 40.75577763897561
38.0, 34.36018957345969
39.0, 50.63576702214932
40.0, 47.385687922903394
41.0, 48.35895305359371
42.0, 40.46141915471116
43.0, 39.05536812859694
44.0, 39.187574671445624
45.0, 44.304983139752714
46.0, 43.57563104953502
47.0, 48.27312425565702
48.0, 56.97358197358197
49.0, 60.13942997744515
50.0, 57.466251298027004
51.0, 58.10147299509003
52.0, 59.61376994122585
53.0, 46.92413793103445
54.0, 45.14331210191084
55.0, 41.85930897340291
56.0, 56.723414754502826
57.0, 58.66132453452746
58.0, 66.83134965192009
59.0, 63.24178518881804
60.0, 57.42363877822048
61.0, 56.8506056527591
62.0, 49.76830398517145
63.0, 48.436560432952504
64.0, 52.379544782737185
65.0, 51.79533213644525
66.0, 60.14593467685891
67.0, 63.56416772554004
68.0, 70.3924316748423
69.0, 70.98939929328613
70.0, 65.57651991614252
71.0, 62.85067873303164
72.0, 45.372233400402415
73.0, 54.413024850042824
74.0, 56.14500442086644
75.0, 57.09342560553629
76.0, 62.26635514018694
77.0, 72.70742358078596
78.0, 71.3696747595052
79.0, 69.12055335968368
80.0, 66.27190904784464
81.0, 61.78207192699947
82.0, 68.32740213523134
83.0, 66.46473388143656
84.0, 60.01757469244287
85.0, 55.63380281690137
86.0, 70.1370878103001
87.0, 66.89938398357289
88.0, 60.15509601181685
89.0, 61.08907320591414
90.0, 61.21495327102801
91.0, 56.939130434782626
92.0, 55.95616825733473
93.0, 63.29896907216496
94.0, 69.72502805836133
95.0, 65.34441168587509
96.0, 60.520864160994336
97.0, 61.95092396243564
98.0, 62.57649938800487
99.0, 62.1202916160389
100.0, 58.58518764530056
101.0, 62.57503001200481
102.0, 56.87397708674306
103.0, 59.23156266116557
104.0, 53.14814814814814
105.0, 48.83325230918813
106.0, 45.96202242049876
107.0, 37.39310702254466
108.0, 29.854368932038824
109.0, 32.760563380281695
110.0, 35.06781068364239
111.0, 33.607427055702914
112.0, 31.8181818181818
113.0, 33.30704521556257
114.0, 28.176171654432537
115.0, 21.21399814183964
116.0, 25.722868944799146
117.0, 24.905087319665952
118.0, 25.337968327539627
119.0, 34.03573064590023
120.0, 34.318706697459646
121.0, 36.16425571628566
122.0, 37.010506208214004
123.0, 40.26268115942035
124.0, 42.098331870061514
125.0, 44.93908153701977
126.0, 49.6376811594203
127.0, 48.97854954034723
128.0, 42.52771618625282
129.0, 46.31317315658658
130.0, 46.37080049771879
131.0, 45.831587767071625
132.0, 45.966386554621934
133.0, 42.186845412651856
134.0, 52.693110647181655
135.0, 53.143093465674134
136.0, 51.27693535514764
137.0, 52.30468749999997
138.0, 49.3781094527363
139.0, 44.59004118307747
140.0, 46.70821971172574
141.0, 46.29343629343629
142.0, 57.37254901960787
143.0, 42.601858470335934
144.0, 40.738209159261764
145.0, 30.04694835680752
146.0, 37.360724233983255
147.0, 41.78900648685556
148.0, 35.40372670807456
149.0, 31.02511880515958
150.0, 31.226511786812452
151.0, 30.77716643741408
152.0, 35.022595222724334
153.0, 45.55956678700364
154.0, 41.20933289516927
155.0, 36.53846153846159
156.0, 32.06487835308796
157.0, 40.366642703091365
158.0, 43.22555812163205
159.0, 46.252059308072525
160.0, 39.02654867256644
161.0, 35.63755254553958
162.0, 45.20833333333334
163.0, 49.475604195166454
164.0, 50.86732301922182
165.0, 58.26363998407007
166.0, 48.48367029548991
167.0, 52.5429799426934
168.0, 64.51393609789258
169.0, 73.88088750486571
170.0, 71.8979512949363
171.0, 62.27946365561042
172.0, 66.97965571205012
173.0, 70.16929363689434
174.0, 68.43153999430686
175.0, 70.2601233574685
176.0, 63.86881600889386
177.0, 65.50097141271162
178.0, 69.31246506428171
179.0, 62.217120367333585
180.0, 70.69658405894178
181.0, 67.129977460556
182.0, 63.38912133891218
183.0, 62.94142085583721
184.0, 57.27788279773154
185.0, 58.44907407407406
186.0, 57.96252927400471
187.0, 56.183889340927635
188.0, 60.862142552283416
189.0, 57.89715335169884
190.0, 65.379113018598
191.0, 65.14642342774846
192.0, 50.67595247849244
193.0, 52.45969408846631
194.0, 50.19488956258121
195.0, 55.54696559721684
196.0, 51.6155088852989
197.0, 48.66717440974866
198.0, 54.221467967755665
199.0, 53.33889816360601
200.0, 44.44973797046209
201.0, 45.69166278528172
202.0, 44.381223328591766
203.0, 40.216878830740185
204.0, 43.81922906513067
205.0, 35.12504665920119
206.0, 38.035569927243245
207.0, 33.199415631847984
208.0, 30.19504876219048
209.0, 27.16242661448142
210.0, 27.333595903899152
211.0, 30.446080554352548
212.0, 28.00796812748999
213.0, 31.79556761646313
214.0, 36.21668851026649
215.0, 26.76724137931039
216.0, 33.54281225451692
217.0, 35.86345381526108
218.0, 29.053753887161307
219.0, 39.441160666308484
220.0, 47.08798017348212
221.0, 60.95171448565432
222.0, 66.17363344051441
223.0, 53.85665529010236
224.0, 62.00589970501473
225.0, 60.37079953650058
226.0, 73.43387470997683
227.0, 78.63545816733074
228.0, 71.40049140049136
229.0, 77.78372591006428
230.0, 52.20367993153619
231.0, 46.25930278104186
232.0, 50.0
233.0, 47.78106508875737
234.0, 50.92109836635385
235.0, 51.22625215889461
236.0, 44.99151103565367
237.0, 40.55708601163145
238.0, 32.31003039513675
239.0, 32.70769230769227
240.0, 24.48205427487602
241.0, 24.261047702663163
242.0, 25.39828431372551
243.0, 28.545509525249457
244.0, 33.61823361823359
245.0, 44.03478260869565
246.0, 42.61768901569191
247.0, 42.0035149384886
248.0, 35.69892473118276
249.0, 29.570259208731244
250.0, 37.36930860033725
251.0, 42.419601837672275
252.0, 48.456659619450306
253.0, 52.64180264180263
254.0, 51.816443594646245
255.0, 51.08695652173915
256.0, 50.0
257.0, 43.12387791741476
258.0, 42.51327433628324
259.0, 37.94421092854415
260.0, 37.56247597078044
261.0, 34.11312849162012
262.0, 40.65372829417773
263.0, 45.90224182285925
264.0, 46.00146735143066
265.0, 47.68060836501901
266.0, 47.07692307692312
267.0, 45.201115093588214
268.0, 55.203836930455694
269.0, 42.419894787183146
270.0, 50.367488110678764
271.0, 57.77351247600774
272.0, 67.92547834843913
273.0, 66.92627206645906
274.0, 55.69739952718677
275.0, 69.9898785425101
276.0, 65.39540100953447
277.0, 67.73012552301255
278.0, 56.702702702702716
279.0, 56.91806836679333
280.0, 55.31349628055258
281.0, 51.77065767284998
282.0, 45.614919354838726
283.0, 40.36574487065118
284.0, 25.909090909090963
285.0, 26.153212520593087
286.0, 23.37606837606836
287.0, 20.355078447564054
288.0, 35.38278460928208
289.0, 30.175739391341622
290.0, 27.191966010042492
291.0, 22.619047619047663
292.0, 22.110754414125253
293.0, 21.85640618802067
294.0, 21.90854870775351
295.0, 21.04660045836519
296.0, 32.627737226277375
297.0, 36.31194151096672
298.0, 45.302508607968555
299.0, 44.00805639476337
300.0, 42.59163655136814
301.0, 53.940537989617766
302.0, 42.66055045871562
303.0, 41.92618223760093
304.0, 43.53293413173662
305.0, 34.15112855740924
306.0, 35.27622909275219
307.0, 43.120960295475506
308.0, 42.243328810493004
309.0, 37.47993579454257
310.0, 26.058201058201078
311.0, 30.11753183153776
312.0, 29.181141439205973
313.0, 27.03448275862071
314.0, 35.14507560277892
315.0, 31.829896907216465
316.0, 31.292229729729698
317.0, 26.693083573487044
318.0, 36.68639053254437
319.0, 49.87645605365337
320.0, 53.28330206378989
321.0, 41.45913714486148
322.0, 42.74864376130199
323.0, 52.41545893719805
324.0, 61.56905278380334
325.0, 58.66526904262755
326.0, 54.53069178304645
327.0, 55.540853456830945
328.0, 47.55268524813052
329.0, 52.12534905367671
330.0, 48.30362277170789
331.0, 50.359712230215806
332.0, 43.7160217460825
333.0, 40.19707781175672
334.0, 40.23769100169777
335.0, 44.98861047835988
336.0, 48.598793898545566
337.0, 50.0
338.0, 45.279456193353475
339.0, 60.35202863961812
340.0, 56.98591549295776
341.0, 60.095344924284944
342.0, 63.73333333333336
343.0, 60.43956043956044
344.0, 60.43956043956044
345.0, 68.42629482071716
346.0, 71.95364238410599
347.0, 59.37592867756314
348.0, 56.05975197294253
349.0, 58.50789096126256
350.0, 56.48510382184772
351.0, 58.01393728222999
352.0, 60.91891891891895
353.0, 47.35099337748344
354.0, 52.49632892804697
355.0, 58.763543658381096
356.0, 61.05928377971712
357.0, 59.282567652611704
358.0, 59.733671528218146
359.0, 64.09386485722364
360.0, 56.25163142782563
361.0, 65.59523809523813
362.0, 70.80557238037554
363.0, 72.65248226950357
364.0, 71.01287073307222
365.0, 69.06539265452375
366.0, 57.74007876401092
367.0, 58.754623921085134
368.0, 63.774145616641945
369.0, 55.52876334826047
370.0, 52.18830452372196
371.0, 58.63824371619479
372.0, 65.42827657378743
373.0, 57.89694176790958
374.0, 70.0200200200201
375.0, 61.44742831133366
376.0, 60.14117647058828
377.0, 47.90276453765489
378.0, 50.34046692607003
379.0, 47.212456052235055
380.0, 58.212560386473356
381.0, 65.48773531089552
382.0, 61.611675126903485
383.0, 61.68996188055898
384.0, 58.67069486404827
385.0, 55.956213779780995
386.0, 44.850498338870466
387.0, 41.81415929203544
388.0, 40.89651355838409
389.0, 47.67070835992342
390.0, 58.87662988966896
391.0, 63.56253383865728
392.0, 55.669099756691004
393.0, 55.426356589147275
394.0, 58.44625112917799
395.0, 53.4682080924855
396.0, 56.79785330948123
397.0, 57.10431654676262
398.0, 54.459691252144104
399.0, 54.63477146518578
400.0, 63.03597831444057
401.0, 67.76590803529943
402.0, 68.40633737185453
403.0, 56.175452096960385
404.0, 42.88869257950534
405.0, 47.74617067833703
406.0, 60.11681268251978
407.0, 64.1936743459586
408.0, 62.79918864097361
409.0, 65.27113237639557
410.0, 59.73806506125896
411.0, 59.81387478849406
412.0, 69.26849203105843
413.0, 63.93285371702638
414.0, 65.88021778584398
415.0, 58.725761772853176
416.0, 59.71158179360072
417.0, 76.65768194070073
418.0, 74.48926139339953
419.0, 65.19779669504248
420.0, 64.5045965270684
421.0, 60.7787810383747
422.0, 62.6544868350348
423.0, 56.26959247648898
424.0, 71.78624813153957
425.0, 76.65110073382249
426.0, 57.10645526613819
427.0, 55.96407521751334
428.0, 54.54808806488992
429.0, 57.992346187812814
430.0, 56.117647058823536
431.0, 55.48926014319807
432.0, 56.00722673893407
433.0, 61.99575371549894
434.0, 58.7149917627677
435.0, 62.099213551119185
436.0, 60.08282892640972
437.0, 64.88621997471554
438.0, 51.91069128381277
439.0, 42.886282508924026
440.0, 70.43551088777212
441.0, 62.667660208643795
442.0, 62.11782252050708
443.0, 43.473193473193454
444.0, 48.40364880273657
445.0, 53.27826535880225
446.0, 59.009009009009034
447.0, 49.798270893371715
448.0, 55.10309278350517
449.0, 47.498493068113255
450.0, 45.787332945961644
451.0, 35.244040862656064
452.0, 30.66666666666667
453.0, 40.33149171270719
454.0, 41.75257731958761
455.0, 43.00884955752213
456.0, 43.2934926958831
457.0, 51.25786163522009
458.0, 41.31255901794148
459.0, 36.05967078189305
460.0, 31.581373905025345
461.0, 35.31114327062231
462.0, 24.67733608673197
463.0, 34.66188983430365
464.0, 44.07526020816648
465.0, 46.009193480986234
466.0, 42.200076657723265
467.0, 41.82098765432099
468.0, 44.903178662769456
469.0, 38.274680784802236
470.0, 40.39097744360903
471.0, 41.78593652769137
472.0, 49.39915556999027
473.0, 51.25156445556943
474.0, 55.431472081218246
475.0, 50.141821619918
476.0, 49.87460815047023
477.0, 40.26258205689274
478.0, 34.01243093922653
479.0, 33.109243697479
480.0, 42.54016832440702
481.0, 34.5248474280732
482.0, 26.021684737281007
483.0, 37.879595098561595
484.0, 40.20512820512816
485.0, 41.612418627941885
486.0, 38.07753584705253
487.0, 35.11407902058987
488.0, 37.27810650887578
489.0, 42.00000000000003
490.0, 50.511739915713406
491.0, 64.4599303135888
492.0, 61.417859577368816
493.0, 57.388535031847105
494.0, 55.100671140939625
495.0, 58.39552238805968
496.0, 69.97019374068562
497.0, 61.56069364161841
498.0, 56.21399176954732
499.0, 61.560693641618506
500.0, 53.86192754613805
501.0, 52.19546742209635
502.0, 40.63816977724263
503.0, 42.05607476635518
504.0, 22.635857937526737
505.0, 20.492524186455626
506.0, 20.216919739696337
507.0, 20.474516695957846
508.0, 15.704647676161926
509.0, 29.321181646763094
510.0, 26.163768928771788
511.0, 28.27270123173878
512.0, 29.38522278623803
513.0, 23.95591647331787
514.0, 21.157786885245926
515.0, 25.74185765983114
516.0, 34.11904761904762
517.0, 32.761774119798815
518.0, 43.909733550842844
519.0, 43.8027785344593
520.0, 52.37406604000963
521.0, 53.85377942998761
522.0, 60.02762430939226
523.0, 50.0
524.0, 55.391804457225035
525.0, 49.715814108993655
526.0, 52.0561045584954
527.0, 52.4405908798972
528.0, 59.57679678949287
529.0, 57.7582920320244
530.0, 45.28971225857311
531.0, 45.72224432948668
532.0, 38.9291465378422
533.0, 37.903547229972055
534.0, 19.445843828715468
535.0, 23.356128353498306
536.0, 31.270983213429332
537.0, 45.942672587807834
538.0, 45.392899880335044
539.0, 46.73511293634499
540.0, 35.21018125723104
541.0, 45.88596790713555
542.0, 44.210526315789465
543.0, 42.741390952059426
544.0, 53.528060387266166
545.0, 49.892933618843664
546.0, 57.53503002573637
547.0, 54.80795423590305
548.0, 57.104984093319196
549.0, 59.49937421777222
550.0, 56.89926547743966
551.0, 51.2028512028512
552.0, 52.4330900243309
553.0, 56.24601657106436
554.0, 65.83850931677016
555.0, 50.68634179821556
556.0, 62.43169398907105
557.0, 57.15689485751715
558.0, 46.65314401622719
559.0, 55.0
560.0, 43.58054226475282
561.0, 46.749358426005124
562.0, 48.21131447587358
563.0, 45.63318777292571
564.0, 43.37899543378998
565.0, 38.423268274014546
566.0, 40.785498489426004
567.0, 43.97999285459094
568.0, 38.663823738450596
569.0, 48.218623481781364
570.0, 47.017398508699216
571.0, 49.846288976723805
572.0, 51.99267063673842
573.0, 44.430217669654304
574.0, 46.041574524546625
575.0, 52.11898940505302
576.0, 46.18369987063391
577.0, 37.41721854304641
578.0, 42.424242424242465
579.0, 45.92255125284743
580.0, 51.982200647249165
581.0, 46.930012881064826
582.0, 51.44144144144145
583.0, 44.688172043010745
584.0, 34.2068965517242
585.0, 34.333179510844516
586.0, 33.589164785553095
587.0, 41.09390125847048
588.0, 50.49954586739333
589.0, 48.26767916468913
590.0, 44.25587467362922
591.0, 52.807424593967525
592.0, 53.32721431849472
593.0, 51.41592920353983
594.0, 40.73514602215513
595.0, 39.02556681138447
596.0, 31.173092698933587
597.0, 33.21678321678323
598.0, 44.922341696535234
599.0, 43.401308195459805
600.0, 42.485875706214685
601.0, 40.85979860573198
602.0, 31.743486973947896
603.0, 31.988817891373813
604.0, 29.568106312292386
605.0, 26.103646833013457
606.0, 18.956043956043985
607.0, 26.191269576807755
608.0, 24.976167778836995
609.0, 25.511197663096425
610.0, 32.069339111592626
611.0, 31.567721293992193
612.0, 20.993136859103757
613.0, 26.585365853658487
614.0, 21.799999999999955
615.0, 37.38991192954365
616.0, 40.74276351720372
617.0, 52.37050043898156
618.0, 52.98689762380633
619.0, 58.571710396527926
620.0, 54.41715542521994
621.0, 50.14668133480016
622.0, 52.65755504935461
623.0, 61.23460738845355
624.0, 66.38935108153078
625.0, 66.17829993089148
626.0, 66.8724279835391
627.0, 67.54904595538835
628.0, 69.85825458588107
629.0, 66.86019862490453
630.0, 64.85545633419102
631.0, 52.52148532511756
632.0, 57.380386834068545
633.0, 51.46166574738004
634.0, 62.014208106978685
635.0, 65.70069204152249
636.0, 62.38818389848138
637.0, 51.68838074980057
638.0, 29.65077233042311
639.0, 29.922060318536097
640.0, 34.598355471220685
641.0, 26.336375488917838
642.0, 32.613908872901646
643.0, 32.8019131127939
644.0, 35.15228426395936
645.0, 63.732394366197205
646.0, 64.96598639455787
647.0, 58.58895705521472
648.0, 50.786369593709075
649.0, 45.608628659476146
650.0, 49.193282844912744
651.0, 50.25940337224383
652.0, 54.92558469170799
653.0, 51.07084019769356
654.0, 53.02119582410631
655.0, 60.7825295723385
656.0, 59.21091664194599
657.0, 58.74587458745875
658.0, 61.76307007786431
659.0, 44.748427672955984
660.0, 42.54414650098104
661.0, 47.91896869244937
662.0, 47.37800436999272
663.0, 54.16828227995343
664.0, 47.39547635366691
665.0, 39.54112038140645
666.0, 39.15609324284451
667.0, 40.89368258859787
668.0, 26.295864880605706
669.0, 29.577072899276573
670.0, 41.28506353392474
671.0, 43.152274837511605
672.0, 42.9270566301561
673.0, 53.83069019432656
674.0, 53.414469235970266
675.0, 54.2086001829826
676.0, 58.956860833536446
677.0, 45.18576152499515
678.0, 46.64658634538152
679.0, 49.32059447983014
680.0, 56.990434142752015
681.0, 48.31565814098566
682.0, 57.255894920082284
683.0, 55.21472392638036
684.0, 51.93094856736072
685.0, 55.110520192787085
686.0, 50.55307908205383
687.0, 44.0091759308276
688.0, 41.63230240549828
689.0, 39.57210517720074
690.0, 39.03321275896085
691.0, 47.670682730923694
692.0, 54.57282649604819
693.0, 49.119241192411934
694.0, 47.03808180535965
695.0, 65.38318452380952
696.0, 56.89589665653497
697.0, 55.898931000971835
698.0, 52.06971677559914
699.0, 45.04849988720958
700.0, 51.43958286102927
701.0, 58.096863665457676
702.0, 59.33754630638485
703.0, 66.50872280852897
704.0, 60.18320015591504
705.0, 60.75331772053084
706.0, 53.6721991701245
707.0, 59.33486238532112
708.0, 48.87613582018174
709.0, 45.08091446185461
710.0, 56.78241319010741
711.0, 56.857855361596016
712.0, 65.01993797075764
713.0, 64.01308615049072
714.0, 61.50115473441109
715.0, 46.623047699451234
716.0, 45.247849242113894
717.0, 39.018197206940336
718.0, 41.71002035738519
719.0, 38.95909188263012
720.0, 36.74747474747473
721.0, 45.291568163908586
722.0, 42.83584870504938
723.0, 40.019550342131005
724.0, 39.07863383637808
725.0, 34.737620103473745
726.0, 26.35529608006675
727.0, 23.80862686004899
728.0, 31.901944209636525
729.0, 33.8293295087845
730.0, 43.973141172617076
731.0, 48.260309278350505
732.0, 59.864487843762454
733.0, 63.207926094524026
734.0, 61.76085818942964
735.0, 63.61259803311342
736.0, 67.25454066859702
737.0, 63.16896778435238
738.0, 62.93012175754367
739.0, 67.70315091210614
740.0, 64.61906661348225
741.0, 65.51631167430574
742.0, 63.79847155392018
743.0, 71.43459322748349
744.0, 69.15490820816264
745.0, 70.36443148688048
746.0, 62.628676470588246
747.0, 60.24915062287656
748.0, 60.78842125309462
749.0, 53.1086312912776
750.0, 57.47339194817209
751.0, 65.08699633699634
752.0, 58.684210526315766
753.0, 59.696616102683755
754.0, 66.72990277448423
755.0, 75.16025641025637
756.0, 69.40502183406112
757.0, 56.93198263386394
758.0, 46.97893569844789
759.0, 43.419106773144044
760.0, 47.358282883874516
761.0, 45.57733050847459
762.0, 47.46276889134031
763.0, 50.0
764.0, 46.70929922728485
765.0, 53.86389850057669
766.0, 55.64823641563392
767.0, 59.12585108719522
768.0, 51.0157068062827
769.0, 55.455070232826614
770.0, 62.74337835467457
771.0, 62.29536746778121
772.0, 73.81489841986449
773.0, 66.27839254513681
774.0, 64.0054744525547
775.0, 65.03399258343629
776.0, 66.65083135391922
777.0, 65.97738287560577
778.0, 64.82539682539684
779.0, 62.03529210210723
780.0, 61.86570989236293
781.0, 56.45010297697061
782.0, 59.4440063091483
783.0, 55.14058810903628
784.0, 45.707317073170714
785.0, 44.587199619319534
786.0, 30.560524746571204
787.0, 31.393568147013724
788.0, 28.56744704570785
789.0, 35.96239226952204
790.0, 52.64797507788162
791.0, 50.284463894967175
792.0, 54.87884741322854
793.0, 43.51357127591366
794.0, 43.374520664678286
795.0, 43.945607597668904
796.0, 55.1043429216018
797.0, 54.459308807134896
798.0, 61.435948692320515
799.0, 63.400378201822214
800.0, 57.61220825852781
801.0, 66.44583706356312
802.0, 69.0290178571428
803.0, 66.85907643312098
804.0, 58.374384236453174
805.0, 57.24637681159421
806.0, 56.317867719644624
807.0, 59.6133751306165
808.0, 62.54836213567192
809.0, 60.549313358302086
810.0, 48.249763481551554
811.0, 48.341232227488156
812.0, 26.71043538355221
813.0, 26.68277528477742
814.0, 25.69813829787239
815.0, 10.814046288906638
816.0, 20.506912442396384
817.0, 18.88928192430143
818.0, 31.850961538461547
819.0, 31.557011015183107
820.0, 31.53662894580107
821.0, 34.51760104302478
822.0, 28.219346888478114
823.0, 28.37670384138785
824.0, 32.52398081534773
825.0, 39.73786949247072
826.0, 39.84899328859061
827.0, 39.484621778886115
828.0, 46.74573329476428
829.0, 39.861864824864355
830.0, 35.689791611711954
831.0, 37.65655441135542
832.0, 34.61762988908353
833.0, 34.6885054109389
834.0, 28.452444922084965
835.0, 35.03996003996008
836.0, 43.703703703703745
837.0, 40.06337709370759
838.0, 38.375610891319575
839.0, 27.598566308243804
840.0, 26.476537216828547
841.0, 33.549827481225975
842.0, 28.515701189779634
843.0, 40.357698289269074
844.0, 38.28845444485433
845.0, 34.85560779046345
846.0, 29.33037239494368
847.0, 44.91501416430595
848.0, 41.48894413188541
849.0, 44.00200350613572
850.0, 41.481287621041616
851.0, 39.774153074027616
852.0, 37.874560232924914
853.0, 52.96223958333333
854.0, 61.01875532821825
855.0, 57.17624561776267
856.0, 60.248989843835325
857.0, 61.68421052631578
858.0, 63.957975986277866
859.0, 63.246051097211904
860.0, 65.88372834520139
861.0, 53.987939469791776
862.0, 64.59112149532709
863.0, 60.89034205231389
864.0, 60.77689494261571
865.0, 65.95948535450314
866.0, 67.91149943630214
867.0, 60.07364544976328
868.0, 52.015316404675524
869.0, 50.233553912028036
870.0, 54.47747908136016
871.0, 50.22386606969051
872.0, 51.0622009569378
873.0, 52.19092331768388
874.0, 47.933070866141726
875.0, 60.06615214994488
876.0, 48.91578416540597
877.0, 44.49541284403669
878.0, 43.62491567348774
879.0, 40.366208905534734
880.0, 48.194810078977056
881.0, 39.75031662746519
882.0, 41.8843451630337
883.0, 46.03048901207682
884.0, 41.313240043057036
885.0, 34.722222222222186
886.0, 29.919009051929493
887.0, 40.93379446640318
888.0, 39.461776613479415
889.0, 41.428571428571416
890.0, 50.65733672603902
891.0, 51.2001714530647
892.0, 49.43099524105111
893.0, 54.95744191396366
894.0, 50.49304677623264
895.0, 57.05714285714286
896.0, 62.396797598198646
897.0, 57.45219995392765
898.0, 75.0202867189613
899.0, 80.44260906395594
900.0, 61.35023822983121
901.0, 54.597875569044
902.0, 54.08086577483841
903.0, 56.15986223721029
904.0, 54.379153289031585
905.0, 52.025144653189514
906.0, 56.28467054525773
907.0, 55.48516172057353
908.0, 50.17367572261506
909.0, 52.14972485940618
910.0, 52.32845352129646
911.0, 48.595725635000555
912.0, 34.71555640877969
913.0, 23.023796498905924
914.0, 43.291103800657936
915.0, 46.6862922705314
916.0, 49.04433954964018
917.0, 43.261190359075265
918.0, 51.75994981529239
919.0, 50.37991858887383
920.0, 46.48912173470131
921.0, 46.136626227614094
922.0, 48.16434225405202
923.0, 43.66050119331742
924.0, 39.66986564299424
925.0, 44.28351045594789
926.0, 54.229229229229226
927.0, 59.989166741897634
928.0, 48.90477288448238
929.0, 56.85581583198708
930.0, 58.161167139919726
931.0, 55.644028103044484
932.0, 39.27822073017206
933.0, 47.50511001563061
934.0, 47.63684591270798
935.0, 47.74045432576124
936.0, 52.861505776125355
937.0, 49.306415655189504
938.0, 60.457107075767055
939.0, 57.81437125748503
940.0, 47.807440763375155
941.0, 45.99232573012151
942.0, 39.07424105801021
943.0, 27.087378640776677
944.0, 30.448651986005345
945.0, 41.95150452819165
946.0, 45.94219899754718
947.0, 48.91665826866875
948.0, 48.443113772455106
949.0, 42.194019471488176
950.0, 48.61293563094041
951.0, 54.811053770600964
952.0, 45.648431522570775
953.0, 53.28093930499006
954.0, 55.92327569071755
955.0, 52.38316886985664
956.0, 60.06815968841284
957.0, 56.20956719817767
958.0, 55.6396529444342
959.0, 45.93108864238735
960.0, 52.3482755547634
961.0, 49.163339037839904
962.0, 49.24292924483381
963.0, 60.44622425629289
964.0, 52.13114754098361
965.0, 48.37247630819943
966.0, 50.6615990990991
967.0, 45.86872586872587
968.0, 45.86872586872587
969.0, 58.297602032713975
970.0, 58.350515463917525
971.0, 68.85644768856447
972.0, 59.07429963459194
973.0, 65.91166477916197
974.0, 52.72056563172455
975.0, 49.39187184811628
976.0, 42.55047278303093
977.0, 36.78351492183798
978.0, 44.402035623409674
979.0, 41.1314083677077
980.0, 39.47162426614481
981.0, 32.3933477946493
982.0, 26.24871832430054
983.0, 24.569288389513133
984.0, 15.744619384659842
985.0, 20.946538124452246
986.0, 20.779597159831923
987.0, 22.842936531149462
988.0, 31.882551643497465
989.0, 27.943520838077887
990.0, 29.763493026076404
991.0, 33.720069118736106
992.0, 28.681764628878113
993.0, 32.79397405495885
994.0, 36.05092091007584
995.0, 45.81117021276595
996.0, 56.10749185667753
997.0, 41.92240880138968
998.0, 50.209140201394256
999.0, 46.48587933247753
1000.0, 45.42176230793352
1001.0, 41.75211097708082
1002.0, 32.55289628858827
1003.0, 38.35308541070699
1004.0, 38.917686087497394
1005.0, 34.56549935149158
1006.0, 42.52582342623271
1007.0, 39.60822722820764
1008.0, 40.06609642301711
1009.0, 27.290198590647037
1010.0, 24.581650317368727
1011.0, 29.144811858608904
1012.0, 22.046313799621927
1013.0, 18.039443155452446
1014.0, 19.324772162386083
1015.0, 20.300261096605738
1016.0, 34.00471783705315
1017.0, 36.317829457364326
1018.0, 44.91453714672532
1019.0, 44.68765785485772
1020.0, 35.486634681288535
1021.0, 44.488610304234825
1022.0, 44.6325099115584
1023.0, 43.07579102281088
1024.0, 47.45654600542178
1025.0, 59.53623188405796
1026.0, 59.76141984288625
1027.0, 72.01247537754435
1028.0, 76.15936254980082
1029.0, 70.3207769276045
1030.0, 58.88309297330471
1031.0, 60.977764688558395
1032.0, 58.921097504262924
1033.0, 61.77356218006626
1034.0, 67.80297107114936
1035.0, 59.12087912087913
1036.0, 53.321976149914825
1037.0, 60.83677500448914
1038.0, 68.2069970845481
1039.0, 65.48504510207312
1040.0, 57.22583321808879
1041.0, 55.45336973703117
1042.0, 54.6651067563615
1043.0, 63.71919342793129
1044.0, 57.48551408166014
1045.0, 60.38920276208412
1046.0, 52.49879865449302
1047.0, 48.80623875224955
1048.0, 49.47904333412265
1049.0, 44.02654867256637
1050.0, 45.13933895009722
1051.0, 49.00090370519128
1052.0, 38.436482084690546
1053.0, 33.49233390119251
1054.0, 45.94411132481049
1055.0, 43.248136315228976
1056.0, 44.6510178645617
1057.0, 39.81207770270271
1058.0, 51.08892921960072
1059.0, 41.98140282401561
1060.0, 45.11472982975573
1061.0, 43.32938388625592
1062.0, 42.34570877531341
1063.0, 49.59762812367641
1064.0, 53.905215779719356
1065.0, 42.60298344053648
1066.0, 42.61464750171116
1067.0, 42.38834422657952
1068.0, 33.662590153653184
1069.0, 43.68291934989267
1070.0, 35.05092869982025
1071.0, 37.11928934010151
1072.0, 33.142182492831864
1073.0, 37.03354692800604
1074.0, 38.029804528740094
1075.0, 44.06742556917688
1076.0, 49.51590594744122
1077.0, 46.24469459309836
1078.0, 42.803848419399195
1079.0, 52.27666955767563
1080.0, 56.344940406637065
1081.0, 60.712577714012426
1082.0, 59.99513026540052
1083.0, 46.51531151003167
1084.0, 55.95427119720546
1085.0, 51.280558789289856
1086.0, 45.51053484602917
1087.0, 43.56189885200126
1088.0, 41.7857142857143
1089.0, 38.62147536314442
1090.0, 24.173117522871237
1091.0, 40.57756386523509
1092.0, 40.665434380776325
1093.0, 32.51028806584361
1094.0, 32.04277286135692
1095.0, 33.80028735632182
1096.0, 27.25563909774435
1097.0, 31.143465909090907
1098.0, 37.8044819746671
1099.0, 45.31407457171649
1100.0, 43.099041533546306
1101.0, 44.60978835978834
1102.0, 56.763848396501466
1103.0, 57.01317715959003
1104.0, 63.272454340755566
1105.0, 54.27547363031233
1106.0, 45.38442998312848
1107.0, 54.41111601235112
1108.0, 53.179564561327865
1109.0, 52.52459016393442
1110.0, 68.94717534849595
1111.0, 70.18841345307271
1112.0, 70.6789054381711
1113.0, 71.18788291354662
1114.0, 71.5042735042735
1115.0, 75.45734175165937
1116.0, 70.50147492625366
1117.0, 74.26146010186756
1118.0, 74.12969283276449
1119.0, 78.62622658340767
1120.0, 80.95150624540776
1121.0, 81.06281957633306
1122.0, 88.3610451306413
1123.0, 78.68742675372508
1124.0, 73.68747416287721
1125.0, 70.18541930046354
1126.0, 61.41191170345689
1127.0, 47.366548042704636
1128.0, 49.929078014184405
1129.0, 48.00220953783834
1130.0, 50.74626865671642
1131.0, 50.23562676720076
1132.0, 41.65503489531406
1133.0, 42.013476020610376
1134.0, 46.92589576547231
1135.0, 36.97460595446586
1136.0, 30.3857008466604
1137.0, 33.72487601148525
1138.0, 27.767695099818496
1139.0, 26.033057851239676
1140.0, 36.67963052989791
1141.0, 54.15647921760392
1142.0, 53.12499999999999
1143.0, 50.83579154375614
1144.0, 50.90016366612111
1145.0, 46.90265486725662
1146.0, 53.50440444274224
1147.0, 56.456241032998555
1148.0, 62.16889996883763
1149.0, 57.70899623951402
1150.0, 58.59030837004404
1151.0, 59.67693688303916
1152.0, 66.3405686334454
1153.0, 70.68403908794787
1154.0, 60.98591549295772
1155.0, 57.51533742331287
1156.0, 60.94465985195629
1157.0, 57.38231098430812
1158.0, 49.60106382978724
1159.0, 40.96116233584802
1160.0, 38.58289510102407
1161.0, 35.64385150812069
1162.0, 30.52598622417034
1163.0, 33.9130434782609
1164.0, 35.504998276456405
1165.0, 43.74590700720367
1166.0, 38.80347593582888
1167.0, 38.9728096676737
1168.0, 44.91960314745127
1169.0, 44.67353951890033
1170.0, 33.77732240437159
1171.0, 35.199440167949604
1172.0, 35.510060007059636
1173.0, 35.27349228611497
1174.0, 48.01314610098597
1175.0, 52.07931699256403
1176.0, 55.02713879555442
1177.0, 63.19062425257116
1178.0, 61.72751133381053
1179.0, 61.718377088305495
1180.0, 55.021276595744666
1181.0, 54.75333474486554
1182.0, 54.298545765611614
1183.0, 50.78565672844481
1184.0, 55.3914327917282
1185.0, 53.85091885195125
1186.0, 57.90273556231001
1187.0, 66.90845422711354
1188.0, 62.1025494127757
1189.0, 51.16546762589927
1190.0, 43.52745424292844
1191.0, 44.1959881617889
1192.0, 49.15887850467292
1193.0, 43.21113374066532
1194.0, 46.34146341463418
1195.0, 54.0805223068553
1196.0, 58.70841487279844
1197.0, 59.82053838484545
1198.0, 50.96153846153846
1199.0, 49.116710107153196
1200.0, 54.232873144047915
1201.0, 53.48117586384734
1202.0, 53.42112057836301
1203.0, 55.07053500133085
1204.0, 58.829268292682926
1205.0, 51.92307692307693
1206.0, 48.90402843601896
1207.0, 47.88283062645011
1208.0, 53.63872644574397
1209.0, 48.46127832262427
1210.0, 47.772446881425616
1211.0, 48.470097357440906
1212.0, 55.559984057393386
1213.0, 63.30236486486488
1214.0, 64.50163398692811
1215.0, 66.35284486287354
1216.0, 66.33906633906635
1217.0, 74.17582417582416
1218.0, 71.09174782162994
1219.0, 66.90786300048234
1220.0, 68.16705336426911
1221.0, 67.41624598439651
1222.0, 61.081081081081095
1223.0, 66.67990468625894
1224.0, 44.29347826086956
1225.0, 39.58712811171828
1226.0, 50.49910417199897
1227.0, 49.883389479139666
1228.0, 39.43661971830985
1229.0, 41.17647058823529
1230.0, 42.52873563218392
1231.0, 48.342143200384434
1232.0, 41.693963500233956
1233.0, 48.236077213223886
1234.0, 46.84317718940937
1235.0, 53.22478325227322
1236.0, 57.27554179566565
1237.0, 56.78819056139568
1238.0, 71.69669669669673
1239.0, 86.32682229633158
1240.0, 76.63381742738588
1241.0, 70.7865168539326
1242.0, 75.03820682628628
1243.0, 74.6048199015289
1244.0, 65.19643287539164
1245.0, 57.662206513506675
1246.0, 67.3114593535749
1247.0, 55.760586704518545
1248.0, 55.341629490490725
1249.0, 52.96735905044509
1250.0, 49.8914878225223
1251.0, 51.584342963653306
1252.0, 51.232105139638584
1253.0, 42.11699164345399
1254.0, 52.28882833787465
1255.0, 55.947521865889186
1256.0, 60.02645502645502
1257.0, 59.941675503711565
1258.0, 70.56508293505767
1259.0, 74.92537313432842
1260.0, 71.81208053691282
1261.0, 87.69665187575647
1262.0, 90.0810497877268
1263.0, 76.85557586837304
1264.0, 82.78719397363471
1265.0, 82.97317436661706
1266.0, 81.20888157894741
1267.0, 80.83053691275177
1268.0, 78.02884615384623
1269.0, 81.10902255639107
1270.0, 75.11312217194579
1271.0, 68.78422782037246
1272.0, 67.92346651660108
1273.0, 72.21654749744646
1274.0, 68.20062047569807
1275.0, 68.67040244523692
1276.0, 68.70229007633596
1277.0, 85.10903426791273
1278.0, 84.23482849604218
1279.0, 77.75947281713329
1280.0, 59.12073490813653
1281.0, 56.16438356164384
1282.0, 54.56389452332662
1283.0, 42.7184466019417
1284.0, 52.465897166841486
1285.0, 60.08230452674893
1286.0, 66.65234207133642
1287.0, 58.3586626139817
1288.0, 59.337748344370816
1289.0, 60.07802340702208
1290.0, 59.76408912188725
1291.0, 52.12027756360832
1292.0, 61.029181048007494
1293.0, 63.011606597434316
1294.0, 58.37577815506505
1295.0, 62.03950880939664
1296.0, 61.87667560321712
1297.0, 71.82753552180301
1298.0, 73.8219895287958
1299.0, 73.3796296296296
1300.0, 58.68874773139747
1301.0, 56.93221830985913
1302.0, 63.55370335290774
1303.0, 67.25106382978723
1304.0, 53.0001392175971
1305.0, 56.27594103334766
1306.0, 44.59911658412527
1307.0, 46.60732714138287
1308.0, 45.653272681324246
1309.0, 40.98300525736644
1310.0, 49.634808013355595
1311.0, 48.4184654840778
1312.0, 48.599723139175815
1313.0, 47.66424914675767
1314.0, 48.948521358159915
1315.0, 51.73410404624278
1316.0, 44.10896708286038
1317.0, 37.365086813702476
1318.0, 37.88058991436727
1319.0, 40.17867369144425
1320.0, 43.249907532979904
1321.0, 43.542254384888984
1322.0, 45.30950861518826
1323.0, 54.57950700821654
1324.0, 42.823365785813614
1325.0, 36.12720657593314
1326.0, 37.26839597670725
1327.0, 37.98243279212138
1328.0, 34.77519190934565
1329.0, 35.7845489443378
1330.0, 37.95165394402036
1331.0, 38.145780051150886
1332.0, 50.51590106007065
1333.0, 49.719948298147365
1334.0, 53.760657734470165
1335.0, 52.01453626165274
1336.0, 57.22811671087533
1337.0, 50.536809815950924
1338.0, 54.57696228338431
1339.0, 63.156682027649794
1340.0, 51.224596143824876
1341.0, 45.39675064751587
1342.0, 56.672545561434454
1343.0, 61.624576933090346
1344.0, 59.77272727272727
1345.0, 58.014705882352935
1346.0, 48.11704145218099
1347.0, 46.77598665925515
1348.0, 45.32434709351309
1349.0, 41.05844722302994
1350.0, 50.294261893084816
1351.0, 52.18211842415663
1352.0, 56.21084467487577
1353.0, 54.42847951962251
1354.0, 64.58891013384321
1355.0, 67.77688603531297
1356.0, 69.34920960788335
1357.0, 54.847471792728804
1358.0, 55.11232416544192
1359.0, 62.41994510521495
1360.0, 56.198517298187795
1361.0, 59.98118532455313
1362.0, 65.9183341467382
1363.0, 69.58949592514335
1364.0, 65.78366445916114
1365.0, 61.18172449330125
1366.0, 58.00296406076324
1367.0, 55.23019932968777
1368.0, 51.5186246418338
1369.0, 52.73758310520139
1370.0, 55.73641890566774
1371.0, 61.78260869565216
1372.0, 60.661686232657395
1373.0, 63.03650220617728
1374.0, 68.3112366876766
1375.0, 51.08832147341983
1376.0, 37.75436916447214
1377.0, 25.45000000000006
1378.0, 28.04054054054056
1379.0, 34.63100071650349
1380.0, 35.04639543183441
1381.0, 35.004752851711075
1382.0, 28.064176749079436
1383.0, 25.748069498069512
1384.0, 23.628691983122337
1385.0, 27.20901126408009
1386.0, 27.943444730077132
1387.0, 26.89097548252478
1388.0, 24.30457331447427
1389.0, 36.85350663417276
1390.0, 43.929539295393
1391.0, 47.873597164796195
1392.0, 46.99699699699701
1393.0, 38.838199513382
1394.0, 42.477116704805525
1395.0, 43.87001477104873
1396.0, 42.067988668555245
1397.0, 48.83354350567463
1398.0, 45.905107283167176
1399.0, 45.376869087580104
1400.0, 43.051534452808355
1401.0, 41.31861575178999
1402.0, 62.65954289106559
1403.0, 54.05159332321699
1404.0, 45.3758949880668
1405.0, 45.21403091557671
1406.0, 50.229543613286516
1407.0, 51.66666666666668
1408.0, 52.30263157894736
1409.0, 55.96949251980053
1410.0, 56.34967513290019
1411.0, 52.267573696145135
1412.0, 48.020833333333314
1413.0, 55.673995114368196
1414.0, 60.79980842911874
1415.0, 58.514951849974665
1416.0, 51.89538642374377
1417.0, 55.4300062774639
1418.0, 63.35548172757477
1419.0, 70.96589280596157
1420.0, 57.37799595726247
1421.0, 54.58791208791208
1422.0, 56.964332205154896
1423.0, 54.59081836327348
1424.0, 55.84481878509445
1425.0, 56.362699639361146
1426.0, 64.47368421052627
1427.0, 51.725377426312
1428.0, 50.0
1429.0, 53.05305305305304
1430.0, 47.072599531615914
1431.0, 50.19367333763719
1432.0, 45.89419019798767
1433.0, 39.07163742690062
1434.0, 53.975535168195755
1435.0, 71.94541415423674
1436.0, 64.74637681159422
1437.0, 69.841881989973
1438.0, 65.59217674755524
1439.0, 74.20634920634927
1440.0, 73.23248931272607
1441.0, 66.73658975127361
1442.0, 70.09719839908522
1443.0, 60.3753351206434
1444.0, 58.011334363730036
1445.0, 58.55580981439103
1446.0, 60.62745098039214
1447.0, 54.900419287211726
1448.0, 52.32686980609417
1449.0, 47.41827069966397
1450.0, 44.49541284403671
1451.0, 43.60730593607306
1452.0, 43.409090909090885
1453.0, 43.776460626587614
1454.0, 47.209490428687026
1455.0, 54.318046456223925
1456.0, 55.741488747836115
1457.0, 64.70211402946832
1458.0, 74.9515190691661
1459.0, 75.51342812006317
1460.0, 78.54374307862678
1461.0, 75.97750401713978
1462.0, 76.22581500132517
1463.0, 68.88694127957929
1464.0, 77.04374057315235
1465.0, 79.22190201729106
1466.0, 84.55657492354743
1467.0, 85.61663343776705
1468.0, 87.2119523930109
1469.0, 75.97475771917965
1470.0, 75.29548088064891
1471.0, 75.04681647940075
1472.0, 69.4789674952199
1473.0, 67.08216738743326
1474.0, 60.6415620641562
1475.0, 70.43765483071843
1476.0, 57.966431525176375
1477.0, 62.91894461611601
1478.0, 56.72298079148349
1479.0, 48.799480856586634
1480.0, 51.16566948628017
1481.0, 42.881192881192895
1482.0, 33.43609865470847
1483.0, 38.64593456430189
1484.0, 52.002027369488104
1485.0, 50.720242608036415
1486.0, 44.89932885906041
1487.0, 43.39459459459459
1488.0, 45.24956217162871
1489.0, 37.66233766233765
1490.0, 42.875350497068546
1491.0, 36.28454452405322
1492.0, 39.712389380530915
1493.0, 38.05989928438907
1494.0, 31.440588853838022
1495.0, 39.181286549707565
1496.0, 36.826618379357164
1497.0, 35.547301726021374
1498.0, 16.595985298275224
1499.0, 23.17494027077241
1500.0, 28.613569321533845
1501.0, 27.574226152874218
1502.0, 25.390381011867532
1503.0, 39.56958393113339
1504.0, 36.802775553776314
1505.0, 37.20992984349699
1506.0, 38.504228329809735
1507.0, 47.784019975031214
1508.0, 47.37004950495046
1509.0, 35.612728503723716
1510.0, 36.41398407753544
1511.0, 47.278126031012874
1512.0, 47.03347696387141
1513.0, 38.1481481481481
1514.0, 37.22076215505907
1515.0, 50.290786654422995
1516.0, 47.458116695551674
1517.0, 34.40894568690095
1518.0, 48.4187902978201
1519.0, 46.99046483909414
1520.0, 38.06219480853248
1521.0, 35.90201582036234
1522.0, 38.985387372484155
1523.0, 41.27262113251607
1524.0, 40.36540108478447
1525.0, 35.22480620155035
1526.0, 40.88851160158464
1527.0, 46.142649199417754
1528.0, 45.092460881934585
1529.0, 33.84760705289672
1530.0, 36.852931093589305
1531.0, 40.59844846693757
1532.0, 26.364436619718305
1533.0, 30.130784708249507
1534.0, 55.06816834617664
1535.0, 60.81242532855441
1536.0, 63.63636363636367
1537.0, 64.73118279569891
1538.0, 68.64310148232616
1539.0, 72.48624312156086
1540.0, 65.23505513639006
1541.0, 58.32839359810323
1542.0, 65.62897077509538
1543.0, 62.72009714632671
1544.0, 52.86591606960078
1545.0, 55.80614203454889
1546.0, 59.58451369216242
1547.0, 53.542638947815064
1548.0, 40.96703296703299
1549.0, 43.97163120567371
1550.0, 41.14811568799296
1551.0, 38.04394657475226
1552.0, 51.20087336244539
1553.0, 45.927419354838754
1554.0, 54.28167020523709
1555.0, 55.70079883805373
1556.0, 46.80113457295936
1557.0, 50.750341064120065
1558.0, 53.35245607744713
1559.0, 50.15037593984967
1560.0, 44.32878679109838
1561.0, 52.135165243223135
1562.0, 63.66492146596856
1563.0, 55.85180055401661
1564.0, 59.80453972257247
1565.0, 54.24649699742636
1566.0, 46.48829431438127
1567.0, 48.03507632348162
1568.0, 42.11287988422579
1569.0, 44.27860696517416
1570.0, 48.63387978142077
1571.0, 44.85745218332734
1572.0, 47.84449576597387
1573.0, 49.52561669829218
1574.0, 58.737864077669876
1575.0, 58.28614571536426
1576.0, 57.12068296468755
1577.0, 45.04283965728272
1578.0, 40.49039098740886
1579.0, 39.90855649902028
1580.0, 40.510830908503074
1581.0, 36.87074829931974
1582.0, 37.40303541315344
1583.0, 34.47465592480695
1584.0, 34.05172413793102
1585.0, 44.38184663536772
1586.0, 50.86834733893554
1587.0, 47.67599891274804
1588.0, 48.47430406852247
1589.0, 49.221841202848836
1590.0, 47.37561509021322
1591.0, 64.26018584703365
1592.0, 59.49453551912572
1593.0, 62.571839080459775
1594.0, 64.26611796982169
1595.0, 67.03084832904884
1596.0, 67.48019017432645
1597.0, 69.83457671099578
1598.0, 76.50121485595278
1599.0, 75.59480894015864
1600.0, 71.60234899328862
1601.0, 77.61061946902656
1602.0, 76.23297322686707
1603.0, 61.472234179939754
1604.0, 53.55408388520974
1605.0, 54.41941074523398
1606.0, 62.991452991453
1607.0, 62.22034613761082
1608.0, 58.07899461400356
1609.0, 46.180110968843394
1610.0, 52.94776119402988
1611.0, 52.423900789177026
1612.0, 56.02639805488019
1613.0, 46.81225783726662
1614.0, 44.703891708967866
1615.0, 41.32338631203372
1616.0, 40.80497382198949
1617.0, 44.1259731068648
1618.0, 54.92868462757528
1619.0, 56.473829201101914
1620.0, 46.49899971420404
1621.0, 60.645994832041346
1622.0, 50.36480686695282
1623.0, 50.96634093376763
1624.0, 31.889022092824064
1625.0, 46.78456591639871
1626.0, 37.62988908347927
1627.0, 44.54476231915588
1628.0, 41.99138638228055
1629.0, 45.79790389559026
1630.0, 43.282279953470336
1631.0, 44.332518337408324
1632.0, 38.13607237090086
1633.0, 36.08675153229609
1634.0, 39.81358189081226
1635.0, 40.898477631456075
1636.0, 46.61683331715366
1637.0, 47.05075445816187
1638.0, 57.81822344322345
1639.0, 53.76411543287326
1640.0, 61.03119213787209
1641.0, 58.299039780521255
1642.0, 58.31681658789451
1643.0, 49.78046934140803
1644.0, 52.68386476526199
1645.0, 58.202406227883934
1646.0, 57.923651218481474
1647.0, 54.79744136460556
1648.0, 51.630210482872464
1649.0, 48.619026742656736
1650.0, 48.407923697725614
1651.0, 52.865612648221365
1652.0, 51.7276275842128
1653.0, 41.86979327368096
1654.0, 43.9443005181347
1655.0, 33.79330593071052
1656.0, 40.199906293924705
1657.0, 44.71129279509454
1658.0, 50.69972619409795
1659.0, 43.70331770019109
1660.0, 45.1219512195122
1661.0, 56.01585014409221
1662.0, 52.8372409106354
1663.0, 44.2327150084317
1664.0, 52.32809571861035
1665.0, 48.79693486590039
1666.0, 50.42291141118862
1667.0, 47.68453550378893
1668.0, 54.132283864415406
1669.0, 63.683986974373475
1670.0, 64.25087108013936
1671.0, 60.64112795956368
1672.0, 57.42446043165466
1673.0, 50.52903225806449
1674.0, 60.653247246486885
1675.0, 58.376858175974284
1676.0, 64.92853361566966
1677.0, 70.38020687727143
1678.0, 66.00352960051339
1679.0, 59.86612339930148
1680.0, 57.734764857099634
1681.0, 71.14739757982211
1682.0, 62.59161079058162
1683.0, 57.22070844686649
1684.0, 48.76507754164273
1685.0, 56.62749385077891
1686.0, 58.526068208545674
1687.0, 65.0261324041812
1688.0, 61.35707410972089
1689.0, 61.701112877583455
1690.0, 47.53350441973196
1691.0, 49.43665842264358
1692.0, 48.02259887005649
1693.0, 49.838756962767526
1694.0, 52.43114109050028
1695.0, 41.801096319498846
1696.0, 43.020631850419086
1697.0, 50.85388994307401
1698.0, 51.78743961352657
1699.0, 44.52462565397799
1700.0, 34.934268185801955
1701.0, 34.709160571229546
1702.0, 39.10006497725798
1703.0, 35.73294156056157
1704.0, 59.00353682915579
1705.0, 53.271461716937374
1706.0, 54.29652042360062
1707.0, 61.110282047455584
1708.0, 56.43178410794603
1709.0, 60.97302212791755
1710.0, 55.49730997378949
1711.0, 57.123870281765015
1712.0, 60.56933483652763
1713.0, 58.892847355439834
1714.0, 63.178009701602235
1715.0, 66.01326030556359
1716.0, 64.43438914027149
1717.0, 62.68525311812181
1718.0, 55.22098961084699
1719.0, 60.93554722371006
1720.0, 60.14571948998178
1721.0, 54.375729288214735
1722.0, 59.03083700440528
1723.0, 54.455245038477095
1724.0, 71.57498431290529
1725.0, 60.39488966318237
1726.0, 66.56298600311045
1727.0, 71.13840340103926
1728.0, 75.73578971017756
1729.0, 69.6348061316502
1730.0, 67.36127937969474
1731.0, 74.05434203516252
1732.0, 66.35459332943245
1733.0, 64.88549618320617
1734.0, 58.796747967479696
1735.0, 63.74632232755801
1736.0, 64.48927313480631
1737.0, 69.23599320882853
1738.0, 52.198241406874494
1739.0, 60.68455134135062
1740.0, 47.2164948453608
1741.0, 39.30131004366814
1742.0, 23.189027003857603
1743.0, 32.462356067316136
1744.0, 30.36093418259027
1745.0, 31.323283082077026
1746.0, 51.39442231075698
1747.0, 50.70707070707068
1748.0, 57.37341772151902
1749.0, 51.25766871165646
1750.0, 46.67949951876803
1751.0, 46.114156723637535
1752.0, 49.25938684119877
1753.0, 42.3305588585018
1754.0, 50.0
1755.0, 53.27300150829561
1756.0, 57.31905225576114
1757.0, 62.03810623556583
1758.0, 60.706214689265536
1759.0, 61.16694584031269
1760.0, 40.636868244230214
1761.0, 46.69464847848899
1762.0, 38.25974025974023
1763.0, 41.168365941030586
1764.0, 40.8531583264971
1765.0, 38.33718244803694
1766.0, 40.84975684668542
1767.0, 38.20009573958829
1768.0, 35.07669097309525
1769.0, 33.769063180827885
1770.0, 39.576470588235274
1771.0, 34.18759610456175
1772.0, 39.914054600606626
1773.0, 38.240528858377786
1774.0, 55.0866616428033
1775.0, 48.225352112676084
1776.0, 60.122863247863265
1777.0, 59.7534833869239
1778.0, 65.76246334310858
1779.0, 68.40366039654302
1780.0, 67.56263048016706
1781.0, 81.00750938673349
1782.0, 76.9569317824584
1783.0, 87.0012091898428
1784.0, 85.7992073976222
1785.0, 85.1004851004851
1786.0, 79.87716763005776
1787.0, 76.71755725190843
1788.0, 75.11127596439172
1789.0, 71.93605683836586
1790.0, 55.843667794062355
1791.0, 52.049036777583204
1792.0, 37.32702112163146
1793.0, 34.269475091942525
1794.0, 40.297600971758285
1795.0, 46.390566580385375
1796.0, 41.21103730199286
1797.0, 38.525247127972236
1798.0, 45.33143264433356
1799.0, 41.716247139588084
1800.0, 43.09898894897719
1801.0, 48.08843850760018
1802.0, 38.25730147236299
1803.0, 44.737450844321046
1804.0, 44.05466970387244
1805.0, 48.159226875287615
1806.0, 56.015733456733
1807.0, 54.319048687457915
1808.0, 49.40545581720678
1809.0, 46.233894945490604
1810.0, 51.57545605306801
1811.0, 44.42908487696988
1812.0, 40.707964601769916
1813.0, 50.602072248669835
1814.0, 43.416284126600644
1815.0, 43.5526632923596
1816.0, 41.799676150821185
1817.0, 33.8990932341316
1818.0, 37.693898655635955
1819.0, 33.03662258392676
1820.0, 25.0645327826536
1821.0, 28.868090084820096
1822.0, 33.6030049118752
1823.0, 34.116972477064195
1824.0, 37.30343622597553
1825.0, 44.84866123399297
1826.0, 37.38452655889146
1827.0, 31.706549118387898
1828.0, 33.83736559139783
1829.0, 30.02842928216053
1830.0, 27.04865556978224
1831.0, 29.911504424778684
1832.0, 29.319916724496807
1833.0, 42.81210592686002
1834.0, 48.46461949265684
1835.0, 52.50692094740081
1836.0, 42.71763392857138
1837.0, 45.788222867705315
1838.0, 43.7200638637573
1839.0, 42.511552052188115
1840.0, 46.295215869311534
1841.0, 42.929143195967974
1842.0, 55.01599302122708
1843.0, 51.526497695852555
1844.0, 56.45313979173244
1845.0, 59.77387682237429
1846.0, 57.465675057208266
1847.0, 52.0322580645161
1848.0, 57.526421022565
1849.0, 53.22137404580157
1850.0, 68.3183648188294
1851.0, 67.8605089538172
1852.0, 68.39772007599748
1853.0, 65.22742254449574
1854.0, 64.06812970848345
1855.0, 61.97718631178711
1856.0, 58.974358974359035
1857.0, 59.29872808525269
1858.0, 69.75333602911448
1859.0, 73.23792486583187
1860.0, 73.18555595280655
1861.0, 73.93117831074038
1862.0, 66.31450629825274
1863.0, 59.45355191256826
1864.0, 46.078044934962605
1865.0, 37.59873617693525
1866.0, 36.87064291247101
1867.0, 43.80135762772416
1868.0, 47.22509479489835
1869.0, 58.41584158415842
1870.0, 53.651505445227386
1871.0, 55.62935901693787
1872.0, 48.84806065908427
1873.0, 37.6037172253568
1874.0, 53.98840739718467
1875.0, 50.95596755504054
1876.0, 53.10865775711793
1877.0, 57.44814582023886
1878.0, 59.52458482578967
1879.0, 63.56050069541025
1880.0, 64.98400284393887
1881.0, 61.31186174391203
1882.0, 62.689393939393916
1883.0, 56.83610867659943
1884.0, 63.280599500416365
1885.0, 64.2506142506143
1886.0, 79.70000000000002
1887.0, 76.45083932853728
1888.0, 48.09731752963194
1889.0, 50.58246474555483
1890.0, 53.62485615650178
1891.0, 61.55451225873765
1892.0, 69.85256736146414
1893.0, 61.64199192462995
1894.0, 59.40337224383915
1895.0, 64.20129622569578
1896.0, 58.708891595615135
1897.0, 62.44460856720826
1898.0, 61.57914620324895
1899.0, 55.06792058516197
1900.0, 55.47117707973767
1901.0, 62.00704225352111
1902.0, 73.28023171614774
1903.0, 75.45726637845031
1904.0, 64.618709478234
1905.0, 62.32741617357001
1906.0, 58.5080783774493
1907.0, 63.67377478488583
1908.0, 66.58923732094459
1909.0, 65.08899676375398
1910.0, 60.30734632683658
1911.0, 50.16666666666672
1912.0, 48.11279826464209
1913.0, 46.22759483117965
1914.0, 45.05962521294722
1915.0, 39.47598253275113
1916.0, 32.1917808219178
1917.0, 31.147540983606604
1918.0, 39.06542056074772
1919.0, 34.04255319148932
1920.0, 34.57382953181268
1921.0, 40.847457627118715
1922.0, 41.962305986696265
1923.0, 22.901080631754013
1924.0, 30.383091149273454
1925.0, 27.95786061588332
1926.0, 33.706189410887376
1927.0, 34.82280431432973
1928.0, 34.22945853843238
1929.0, 40.7367280606717
1930.0, 39.87796123474516
1931.0, 36.31178707224338
1932.0, 35.2658788774003
1933.0, 36.42257818459194
1934.0, 40.263543191800885
1935.0, 39.889502762430965
1936.0, 31.998758535071403
1937.0, 42.53300330033002
1938.0, 47.37438609746886
1939.0, 39.347348603702585
1940.0, 31.704138155751153
1941.0, 35.31717747683537
1942.0, 36.285097192224725
1943.0, 27.81128059595612
1944.0, 25.34755900420315
1945.0, 25.87479935794549
1946.0, 28.994271164863235
1947.0, 36.52781823478014
1948.0, 34.584208946262464
1949.0, 32.28713486637665
1950.0, 47.38551477752515
1951.0, 49.92223950233283
1952.0, 39.535623409669185
1953.0, 56.054771074026476
1954.0, 63.83424026789447
1955.0, 59.65954077593039
1956.0, 62.72860277980979
1957.0, 65.53305311425297
1958.0, 76.39109697933232
1959.0, 76.5957446808511
1960.0, 70.29816513761469
1961.0, 67.29797979797982
1962.0, 68.77009646302251
1963.0, 61.667273389151795
1964.0, 46.29360465116283
1965.0, 41.24314442413162
1966.0, 56.951259404645114
1967.0, 61.350954478707806
1968.0, 57.82165998148724
1969.0, 63.21699544764797
1970.0, 56.66361695638918
1971.0, 57.73772529521445
1972.0, 51.706858753523306
1973.0, 49.37623112278398
1974.0, 49.95018266356692
1975.0, 54.31949075477418
1976.0, 62.32500000000002
1977.0, 68.56486210418797
1978.0, 76.3217737350767
1979.0, 73.4007654455987
1980.0, 66.94668820678513
1981.0, 61.41586360266864
1982.0, 61.37037037037038
1983.0, 49.6740994854202
1984.0, 57.47126436781608
1985.0, 61.75702155453948
1986.0, 61.77719699444625
1987.0, 65.46635182998818
1988.0, 70.04689331770223
1989.0, 68.79389312977095
1990.0, 48.37257617728536
1991.0, 47.720897615708296
1992.0, 50.15321756894791
1993.0, 57.937346004927846
1994.0, 60.21542738012511
1995.0, 55.70556091288975
1996.0, 54.207069127306816
1997.0, 66.94214876033061
1998.0, 58.283558629361856
1999.0, 58.40125391849533
2000.0, 63.56120826709066
2001.0, 58.35087719298245
2002.0, 56.78922460866397
2003.0, 53.045886075949376
2004.0, 68.31421006178286
2005.0, 61.025865848312144
2006.0, 54.444917056571654
2007.0, 54.714587737843516
2008.0, 57.53370340999205
2009.0, 53.86043058648853
2010.0, 54.04096834264429
2011.0, 52.6840490797546
2012.0, 47.31404958677682
2013.0, 48.39797639123099
2014.0, 47.97687861271677
2015.0, 50.416250416250385
2016.0, 48.83406556269012
2017.0, 47.92658055744393
2018.0, 45.884846344048036
2019.0, 52.2288522288522
2020.0, 57.72678379347436
2021.0, 53.84033295497539
2022.0, 46.5823785065192
2023.0, 56.13786591123696
2024.0, 64.86367634124893
2025.0, 65.063401836467
2026.0, 88.43683083511787
2027.0, 79.6222095020035
2028.0, 80.78791149487323
2029.0, 80.90128755364815
2030.0, 70.89797837329571
2031.0, 72.09842154131852
2032.0, 71.71764705882357
2033.0, 71.05009633911374
2034.0, 62.35023041474656
2035.0, 63.5509628933772
2036.0, 57.01643489254104
2037.0, 52.77013752455798
2038.0, 40.48257372654157
2039.0, 41.97162061239733
2040.0, 38.04994054696797
2041.0, 45.4789272030652
2042.0, 38.68263473053896
2043.0, 45.182012847965765
2044.0, 43.791075752334876
2045.0, 40.67288474350432
2046.0, 30.93004556419193
2047.0, 34.293727689954096
2048.0, 33.608195902048976
2049.0, 34.183799851374786
2050.0, 41.46779574031309
2051.0, 43.070362473347565
2052.0, 54.37340153452683
2053.0, 47.06831629908553
2054.0, 46.92947170823273
2055.0, 41.64615805304894
2056.0, 45.510919385279074
2057.0, 37.53674309229864
2058.0, 32.76879651013597
2059.0, 39.96101364522418
2060.0, 55.08885298869146
2061.0, 53.30347144456889
2062.0, 64.63005929363243
2063.0, 61.95488721804514
2064.0, 55.67729083665339
2065.0, 57.75569558894814
2066.0, 51.91724137931034
2067.0, 56.98123620309046
2068.0, 57.29744728079912
2069.0, 59.98843596415147
2070.0, 60.79320113314448
2071.0, 63.5535307517084
2072.0, 82.6054774241303
2073.0, 67.10951526032315
2074.0, 60.90757701915072
2075.0, 62.2740056247489
2076.0, 58.21094793057409
2077.0, 52.278177458033596
2078.0, 63.08910891089112
2079.0, 53.75464684014866
2080.0, 58.69853917662683
2081.0, 52.62284196547147
2082.0, 47.626201923076955
2083.0, 50.0
2084.0, 49.595141700404824
2085.0, 51.79756637168145
2086.0, 46.848424212106025
2087.0, 49.05709795704558
2088.0, 55.114432508173735
2089.0, 45.61173123221711
2090.0, 43.05682859761684
2091.0, 52.102964835669965
2092.0, 46.92234848484846
2093.0, 50.76530612244896
2094.0, 51.78616037971523
2095.0, 52.93667007150154
2096.0, 62.927895120174774
2097.0, 62.296296296296276
2098.0, 63.451412158927724
2099.0, 63.240250361097715
2100.0, 72.56143906764635
2101.0, 79.60559161258112
2102.0, 77.56727073036792
2103.0, 93.63248934570065
2104.0, 88.28317710902809
2105.0, 87.37709274515011
2106.0, 87.40031897926634
2107.0, 77.52304419758923
2108.0, 77.0511583011583
2109.0, 80.64735174287006
2110.0, 74.99384084749937
2111.0, 75.46531302876483
2112.0, 74.86379395740465
2113.0, 74.43324937027708
2114.0, 73.96768402154397
2115.0, 72.86821705426355
2116.0, 69.28400319403781
2117.0, 61.80072823568356
2118.0, 61.15296429741239
2119.0, 58.08992451591734
2120.0, 64.21725239616617
2121.0, 77.20666430343856
2122.0, 78.72973867019522
2123.0, 75.7632868450811
2124.0, 83.49282296650725
2125.0, 73.19121447028432
2126.0, 65.34621578099842
2127.0, 65.64495530012775
2128.0, 62.17105263157894
2129.0, 60.84439904664625
2130.0, 64.11075612353571
2131.0, 62.47216035634745
2132.0, 62.034647991153754
2133.0, 64.39135381114899
2134.0, 57.086922474549695
2135.0, 62.947937795808
2136.0, 48.543335761107095
2137.0, 56.98630136986301
2138.0, 51.17484450587423
2139.0, 51.87390542907179
2140.0, 46.38271218290013
2141.0, 44.73854099418979
2142.0, 46.697038724373584
2143.0, 38.66328257191202
2144.0, 39.75069252077558
2145.0, 39.3643713409534
2146.0, 46.769230769230745
2147.0, 43.286311389759675
2148.0, 48.29268292682928
2149.0, 44.837030950424506
2150.0, 48.2037691401649
2151.0, 35.45366483693897
2152.0, 36.76051882315722
2153.0, 41.62927166033829
2154.0, 57.37389295340777
2155.0, 53.338391502276146
2156.0, 44.07275089314715
2157.0, 60.69651741293533
2158.0, 58.72268907563029
2159.0, 60.69142125480159
2160.0, 55.72207084468663
2161.0, 62.581580855692565
2162.0, 59.040880503144656
2163.0, 57.607811228641204
2164.0, 65.24822695035456
2165.0, 60.48652202498357
2166.0, 54.73484848484849
2167.0, 55.86334256694367
2168.0, 44.53170447934844
2169.0, 43.880768128403574
2170.0, 54.8645320197044
2171.0, 59.558620689655115
2172.0, 67.21198156682023
2173.0, 67.48171846435095
2174.0, 64.07029724452158
2175.0, 65.12950094756788
2176.0, 66.36010627426936
2177.0, 66.99418488068979
2178.0, 62.893488572660594
2179.0, 70.99746602165393
2180.0, 75.0607090820786
2181.0, 76.2817551963048
2182.0, 86.45476772616134
2183.0, 90.95238095238089
2184.0, 86.6682855755221
2185.0, 80.18283692126224
2186.0, 64.44298389746957
2187.0, 57.746944169144456
2188.0, 65.36273115220487
2189.0, 59.42350332594233
2190.0, 58.12356979405032
2191.0, 46.82696097753249
2192.0, 65.57687111591466
2193.0, 56.42304814168124
2194.0, 53.03672316384185
2195.0, 52.24988032551455
2196.0, 49.55752212389385
2197.0, 43.430940658201614
2198.0, 48.19958847736625
2199.0, 47.587607922803386
2200.0, 53.25042396834375
2201.0, 65.11850610485993
2202.0, 67.0883216625254
2203.0, 71.27155172413796
2204.0, 71.65638953859239
2205.0, 76.66594781108475
2206.0, 69.97780244173144
2207.0, 69.32380428807029
2208.0, 63.55846774193545
2209.0, 62.451311347701896
2210.0, 63.62264150943392
2211.0, 72.24795940878005
2212.0, 64.62927956311697
2213.0, 61.57694616770065
2214.0, 57.52063015753938
2215.0, 52.545568824638536
2216.0, 50.68582625734817
2217.0, 54.60921843687375
2218.0, 51.57182650218862
2219.0, 54.66567330974108
2220.0, 49.5911321097583
2221.0, 58.357825128581965
2222.0, 70.59540389972145
2223.0, 69.15176199752077
2224.0, 70.01205026682732
2225.0, 63.76728110599073
2226.0, 64.39790575916227
2227.0, 69.82758620689644
2228.0, 66.86128447755178
2229.0, 63.68200836820086
2230.0, 57.50747756729808
2231.0, 54.68849670423128
2232.0, 57.23626852659111
2233.0, 54.094525035095934
2234.0, 56.583455702398375
2235.0, 46.345101939333624
2236.0, 31.687242798353935
2237.0, 33.617155471460265
2238.0, 24.274905422446423
2239.0, 30.596555965559702
2240.0, 42.42887733251766
2241.0, 38.62433862433868
2242.0, 37.065740245857924
2243.0, 33.4539315002412
2244.0, 33.90369102908831
2245.0, 25.542615140286017
2246.0, 20.522640234287138
2247.0, 21.652231845436503
2248.0, 19.09518213866052
2249.0, 16.400336417157376
2250.0, 19.786959328599195
2251.0, 18.171857880732546
2252.0, 20.787148594377584
2253.0, 17.733908427339145
2254.0, 14.070351758794018
2255.0, 16.879152451068478
2256.0, 18.514870986803274
2257.0, 21.706425961745197
2258.0, 23.368810735770538
2259.0, 28.838035992001835
2260.0, 27.401308845260758
2261.0, 31.288711288711326
2262.0, 39.02771467514772
2263.0, 59.82952983227932
2264.0, 52.30010952902518
2265.0, 65.93986688088133
2266.0, 66.01007787448464
2267.0, 69.45668135095451
2268.0, 66.02910602910599
2269.0, 71.48342059336821
2270.0, 72.17621145374441
2271.0, 73.35470806614912
2272.0, 74.58313096972634
2273.0, 74.12230097247397
2274.0, 82.8329342420335
2275.0, 80.74800735744931
2276.0, 77.64152871449008
2277.0, 76.57387580299786
2278.0, 83.6582914572864
2279.0, 78.71555118110236
2280.0, 77.37281700835221
2281.0, 80.2736098852603
2282.0, 84.30512932924155
2283.0, 78.88356357485195
2284.0, 78.95033860045159
2285.0, 66.92785733585521
2286.0, 55.549987471811555
2287.0, 54.86005089058529
2288.0, 66.38288080994013
2289.0, 71.78689480847757
2290.0, 72.27877838684404
2291.0, 71.19609438567929
2292.0, 55.22076937653971
2293.0, 54.73328324567991
2294.0, 56.22357050928478
2295.0, 45.13996032620672
2296.0, 35.1145038167939
2297.0, 33.41808935706503
2298.0, 38.276165347405424
2299.0, 43.43038447181785
2300.0, 49.263803680981646
2301.0, 52.769845802398606
2302.0, 43.41266468338287
2303.0, 35.98557692307689
2304.0, 38.1438289601555
2305.0, 34.29919137466311
2306.0, 38.00398208063708
2307.0, 35.74438202247195
2308.0, 31.633119853613977
2309.0, 34.373576309794984
2310.0, 41.038890399782446
2311.0, 45.98265895953759
2312.0, 36.29265471370737
2313.0, 27.773584905660357
2314.0, 32.90488431876608
2315.0, 22.50242483026193
2316.0, 34.12021857923504
2317.0, 40.37586547972307
2318.0, 34.65398837823561
2319.0, 31.36254980079684
2320.0, 33.22640553773431
2321.0, 34.42967109867041
2322.0, 41.919443063152656
2323.0, 38.01012337867767
2324.0, 40.46400000000001
2325.0, 40.72008921459297
2326.0, 45.1586787564767
2327.0, 55.3236937232994
2328.0, 45.84743155952015
2329.0, 47.018927444794954
2330.0, 40.56668970283345
2331.0, 32.08292201382035
2332.0, 35.31073446327687
2333.0, 48.38875998968807
2334.0, 59.52066842568161
2335.0, 63.92849542455839
2336.0, 64.2027455121436
2337.0, 66.88668866886684
2338.0, 61.19277614447713
2339.0, 58.55949895615867
2340.0, 54.89861259338318
2341.0, 42.77134277134278
2342.0, 58.338914936369726
2343.0, 61.73893507077065
2344.0, 61.10740493662437
2345.0, 61.020726543347415
2346.0, 60.77691453940062
2347.0, 56.64160401002504
2348.0, 49.84185556141276
2349.0, 45.45195323638444
2350.0, 34.167237834132976
2351.0, 37.85269329424703
2352.0, 58.369230769230725
2353.0, 54.262013729977156
2354.0, 62.068076328004146
2355.0, 64.20378767671377
2356.0, 50.49421067495053
2357.0, 47.02702702702708
2358.0, 44.056503198294266
2359.0, 43.323676586779044
2360.0, 48.897256589564265
2361.0, 52.32432432432429
2362.0, 41.37679396740447
2363.0, 35.42274052478129
2364.0, 41.10814927646607
2365.0, 42.97566371681413
2366.0, 36.34492693969951
2367.0, 38.66871031311577
2368.0, 37.15503702041726
2369.0, 40.09685230024213
2370.0, 38.745905474964914
2371.0, 40.29033793431694
2372.0, 50.0
2373.0, 44.68749999999993
2374.0, 39.80621719822367
2375.0, 37.84445805266379
2376.0, 43.67222352664946
2377.0, 52.92486831161628
2378.0, 40.97712510590228
2379.0, 47.262175119858654
2380.0, 42.27773301101261
2381.0, 43.33700440528634
2382.0, 41.74922162468157
2383.0, 41.53759504364966
2384.0, 44.14845854534566
2385.0, 51.04931794333681
2386.0, 45.085344320188405
2387.0, 49.00831733845174
2388.0, 59.70101781170483
2389.0, 62.48052352757866
2390.0, 61.50769230769234
2391.0, 63.60197846959558
2392.0, 67.19950814632651
2393.0, 50.68403908794791
2394.0, 54.05746763498581
2395.0, 58.58240819812126
2396.0, 51.49472450175845
2397.0, 51.72210774212536
2398.0, 58.07704758821624
2399.0, 53.434016540812706
2400.0, 49.034879783271215
2401.0, 59.92076592934964
2402.0, 58.31043956043961
2403.0, 56.39367816091959
2404.0, 49.402139710509694
2405.0, 41.23647604327666
2406.0, 43.809523809523775
2407.0, 58.27005612413338
2408.0, 49.538177339901466
2409.0, 39.174937965260575
2410.0, 35.78917540379719
2411.0, 40.500412427825175
2412.0, 36.18951612903231
2413.0, 35.20982599795293
2414.0, 35.300153925089816
2415.0, 26.622691292876098
2416.0, 20.31209362808852
2417.0, 24.587743047009667
2418.0, 28.47013907826573
2419.0, 28.991946681477472
2420.0, 25.957235206365098
2421.0, 36.74596431605779
2422.0, 35.16260162601628
2423.0, 39.92459153749478
2424.0, 48.5969110289319
2425.0, 53.105774955348274
2426.0, 50.367024280067774
2427.0, 55.49367088607594
2428.0, 51.56838143036386
2429.0, 54.35624394966118
2430.0, 62.48710770590836
2431.0, 59.41515285777583
2432.0, 60.80445014976464
2433.0, 63.431969828836664
2434.0, 69.43628890193779
2435.0, 69.32822628167355
2436.0, 76.8109198076625
2437.0, 76.90406303105209
2438.0, 78.09523809523812
2439.0, 72.96833567306194
2440.0, 80.03421727972628
2441.0, 78.1132783195799
2442.0, 89.57365124267531
2443.0, 87.547777107222
2444.0, 85.32479848269335
2445.0, 89.71132494448568
2446.0, 90.28198555115368
2447.0, 78.66248693834909
2448.0, 75.20971302428266
2449.0, 56.23329283110571
2450.0, 53.91504605936538
2451.0, 44.63448922211809
2452.0, 39.97967995935986
2453.0, 39.498117942283486
2454.0, 47.21971066907772
2455.0, 45.520298646756856
2456.0, 43.187347931873525
2457.0, 37.72582359192347
2458.0, 34.399667636061466
2459.0, 39.234173561670204
2460.0, 38.16330526728026
2461.0, 40.86810652128329
2462.0, 48.34663625997721
2463.0, 54.83940504419059
2464.0, 59.53254780761058
2465.0, 55.521527652675175
2466.0, 54.72217128186318
2467.0, 51.41281874569263
2468.0, 45.10412860796499
2469.0, 43.16441851986878
2470.0, 48.93547330494594
2471.0, 58.85053562319329
2472.0, 61.02980074061008
2473.0, 59.20251061473137
2474.0, 57.46728252501919
2475.0, 59.210787229823524
2476.0, 55.07752784450749
2477.0, 60.36428430013855
2478.0, 54.2581211589113
2479.0, 59.46596102958863
2480.0, 51.72333488588732
2481.0, 48.96384479717812
2482.0, 44.36675988813425
2483.0, 47.27703235990533
2484.0, 44.74772539288665
2485.0, 32.39463601532563
2486.0, 30.046197583511017
2487.0, 27.44286485513757
2488.0, 22.082071981163764
2489.0, 21.556394680676362
2490.0, 29.37176644493718
2491.0, 22.21545952525865
2492.0, 21.552996752288138
2493.0, 34.72260180377154
2494.0, 32.270764541529076
2495.0, 38.827084191731934
2496.0, 40.259185417260035
2497.0, 34.25029058504458
2498.0, 35.70346046981567
2499.0, 36.76202860858262
2500.0, 46.8813599904226
2501.0, 50.05176578856551
2502.0, 51.8222963315865
2503.0, 57.13153724247227
2504.0, 53.828334552548164
2505.0, 50.910977859778605
2506.0, 53.716216216216196
2507.0, 45.85011040394854
2508.0, 56.158238172920065
2509.0, 55.027192860131066
2510.0, 59.68362548097479
2511.0, 63.17694976617891
2512.0, 57.34458691770818
2513.0, 64.68821762939413
2514.0, 56.44880174291939
2515.0, 53.15209749238348
2516.0, 53.17702227432593
2517.0, 47.68142520303905
2518.0, 45.31763417305588
2519.0, 62.38965952080709
2520.0, 52.13450292397662
2521.0, 50.79772079772076
2522.0, 40.81562714187799
2523.0, 39.275668073136465
2524.0, 38.25527350732923
2525.0, 36.78239944998283
2526.0, 40.93671791204853
2527.0, 58.72063968015992
2528.0, 55.5238095238095
2529.0, 54.813739719400054
2530.0, 61.56111929307804
2531.0, 51.6571428571428
2532.0, 52.97910182303237
2533.0, 50.32879286049788
2534.0, 56.18772941793392
2535.0, 58.28120750611911
2536.0, 50.79742918352773
2537.0, 51.27298444130132
2538.0, 49.939452651973816
2539.0, 62.82117163412119
2540.0, 61.51051128990391
2541.0, 39.61759082217981
2542.0, 43.654402645721355
2543.0, 36.78077203204668
2544.0, 35.24804177545687
2545.0, 43.75000000000008
2546.0, 38.505203405865714
2547.0, 37.73946360153252
2548.0, 47.517157852240665
2549.0, 46.85509554140125
2550.0, 63.412408759124105
2551.0, 64.5759717314487
2552.0, 49.162807267545475
2553.0, 53.197769760577245
2554.0, 51.60674514794781
2555.0, 56.55487804878047
2556.0, 58.100558659217874
2557.0, 53.79798529812146
2558.0, 50.378045365443874
2559.0, 58.066842991103606
2560.0, 54.86142662426165
2561.0, 49.104166666666686
2562.0, 41.379310344827594
2563.0, 45.397357936674354
2564.0, 43.63636363636362
2565.0, 45.07487871757015
2566.0, 49.68611950709136
2567.0, 43.82139148494291
2568.0, 49.51600893521972
2569.0, 45.885416666666636
2570.0, 45.857217300677476
2571.0, 55.37215820616627
2572.0, 48.486501227161206
2573.0, 49.00107991360694
2574.0, 56.1763054463785
2575.0, 60.59963658388845
2576.0, 64.25818882466274
2577.0, 56.926475228778756
2578.0, 53.29249617151612
2579.0, 54.84157536274796
2580.0, 60.22558622736715
2581.0, 52.38903025162563
2582.0, 46.13548194568785
2583.0, 52.85140562248998
2584.0, 56.24844720496896
2585.0, 52.390949381852096
2586.0, 67.8586632609621
2587.0, 59.00837988826819
2588.0, 60.559910414333714
2589.0, 66.60977170898238
2590.0, 70.45120671563487
2591.0, 73.92644791896069
2592.0, 73.3289646133683
2593.0, 72.73945077026124
2594.0, 61.6446578631453
2595.0, 68.24788050060562
2596.0, 72.12516797849877
2597.0, 70.89597113650032
2598.0, 70.69035123132822
2599.0, 73.44798657718121
2600.0, 68.38161838161841
2601.0, 75.63610177628418
2602.0, 60.66391842048163
2603.0, 57.67973856209151
2604.0, 62.01550387596897
2605.0, 55.27544351073761
2606.0, 58.59080633006787
2607.0, 56.501088462299656
2608.0, 62.1733449477352
2609.0, 62.3292127521145
2610.0, 63.95517742270179
2611.0, 63.87271214642259
2612.0, 61.14093959731545
2613.0, 62.53989968080256
2614.0, 63.77865961199294
2615.0, 54.231357970697566
2616.0, 70.83333333333333
2617.0, 67.31363034847817
2618.0, 64.28054953000725
2619.0, 60.572337042925334
2620.0, 53.281117696867014
2621.0, 51.452111225540655
2622.0, 54.33613083709919
2623.0, 49.785601444369235
2624.0, 43.42740910246627
2625.0, 40.44432548179874
2626.0, 39.334955393349524
2627.0, 40.9784324039979
2628.0, 39.02173913043478
2629.0, 40.6798866855524
2630.0, 23.650306748466292
2631.0, 28.37585563161167
2632.0, 18.20203303684879
2633.0, 19.35157041540019
2634.0, 22.74712187375947
2635.0, 34.332723948811704
2636.0, 34.85672832789261
2637.0, 33.80232149138233
2638.0, 28.08988764044949
2639.0, 24.28531779072999
2640.0, 23.30847096430476
2641.0, 14.920697082435879
2642.0, 10.706720585403374
2643.0, 28.325896546025447
2644.0, 29.465360151280706
2645.0, 29.234218696102104
2646.0, 33.610677760443764
2647.0, 31.37032842582107
2648.0, 36.73224207839013
2649.0, 33.85146804835922
2650.0, 32.793774319066145
2651.0, 40.03775776938716
2652.0, 40.71175428233902
2653.0, 45.730112324973014
2654.0, 47.824059682934404
2655.0, 59.875462152169696
2656.0, 67.27071005917163
2657.0, 59.16012921089062
2658.0, 55.751250271798284
2659.0, 52.42593387720051
2660.0, 55.277497477295704
2661.0, 67.36350221347763
2662.0, 66.48143470573379
2663.0, 68.23078764663639
2664.0, 73.21937321937321
2665.0, 69.8866436668309
2666.0, 71.14902157551431
2667.0, 71.37167040079667
2668.0, 67.18559961080024
2669.0, 65.98184424271382
2670.0, 67.79009273919928
2671.0, 67.16624394742914
2672.0, 78.32319721980879
2673.0, 83.28217720482914
2674.0, 76.51777970511709
2675.0, 81.35557432432438
2676.0, 73.51500958058344
2677.0, 60.97278517660688
2678.0, 65.19194353589262
2679.0, 63.872325499824655
2680.0, 66.09195402298852
2681.0, 67.05061082024434
2682.0, 63.180397960861725
2683.0, 70.8199121522694
2684.0, 72.25006961849066
2685.0, 67.0240247997933
2686.0, 60.211597696531385
2687.0, 65.48158475659346
2688.0, 67.33572281959378
2689.0, 60.47358834244081
2690.0, 63.183431952662716
2691.0, 71.85426468814087
2692.0, 66.4058209774849
2693.0, 69.05985101464168
2694.0, 72.21132771946014
2695.0, 67.57505773672054
2696.0, 72.3555337904016
2697.0, 65.9023866988469
2698.0, 53.78355225585381
2699.0, 53.806599057277545
2700.0, 59.38266262801099
2701.0, 49.49784791965568
2702.0, 55.26484751203852
2703.0, 59.79506773185134
2704.0, 61.46162810054933
2705.0, 57.709170624771666
2706.0, 60.20611101066713
2707.0, 55.79999999999998
2708.0, 50.22522522522518
2709.0, 57.667134174848044
2710.0, 55.32843362425355
2711.0, 55.20164986251138
2712.0, 57.74209012464048
2713.0, 72.66545784224846
2714.0, 57.097161135545804
2715.0, 48.32376365993704
2716.0, 37.38354037267081
2717.0, 38.45078858055494
2718.0, 27.04474676282578
2719.0, 31.78544061302675
2720.0, 42.42659423101797
2721.0, 42.311661506707935
2722.0, 36.730841827104584
2723.0, 32.95650036864092
2724.0, 35.50654386815319
2725.0, 37.272273521337645
2726.0, 39.994695663705066
2727.0, 34.67590587555942
2728.0, 40.38909211839044
2729.0, 49.786580160491674
2730.0, 50.18069179143006
2731.0, 46.3445645263827
2732.0, 47.29159909179368
2733.0, 46.45799011532125
2734.0, 30.068764325901185
2735.0, 24.544990644667436
2736.0, 25.298036465638106
2737.0, 30.98667626935547
2738.0, 29.397679130594923
2739.0, 22.17898832684827
2740.0, 26.71009771986968
2741.0, 23.50230414746541
2742.0, 22.941406759754628
2743.0, 17.929117442668527
2744.0, 16.42057026476577
2745.0, 22.19757275218585
2746.0, 23.02693921754434
2747.0, 26.896374389303148
2748.0, 29.978667335926744
2749.0, 40.534787814287654
2750.0, 51.356174161313355
2751.0, 46.31880733944952
2752.0, 42.57910188104815
2753.0, 52.85605483625287
2754.0, 50.067222371605254
2755.0, 48.020631850419065
2756.0, 48.44542734486793
2757.0, 47.714101738570484
2758.0, 54.41327654574826
2759.0, 47.77374909354603
2760.0, 62.76670905751026
2761.0, 61.47097528878493
2762.0, 59.1790366555589
2763.0, 52.64095917044719
2764.0, 43.132295719844386
2765.0, 51.79900744416874
2766.0, 52.692469499368954
2767.0, 50.830782684739766
2768.0, 52.13875292615451
2769.0, 67.40899357601712
2770.0, 60.55010578957495
2771.0, 68.05623671734516
2772.0, 69.93368914766299
2773.0, 78.10993249758924
2774.0, 73.30981775426224
2775.0, 72.21542227662182
2776.0, 64.77584629460208
2777.0, 62.799361362426836
2778.0, 62.16167448574523
2779.0, 65.57780695994752
2780.0, 69.0459730383685
2781.0, 64.35594886922323
2782.0, 61.21986733538263
2783.0, 61.666400127938616
2784.0, 69.39318370739815
2785.0, 58.02718589272596
2786.0, 53.99855907780975
2787.0, 44.94341000365102
2788.0, 44.10005437737898
2789.0, 42.203898050974516
2790.0, 51.18032136480856
2791.0, 57.70572542581568
2792.0, 51.97663096397269
2793.0, 45.52683896620278
2794.0, 46.618412123953874
2795.0, 42.35511713933418
2796.0, 46.59913169319827
2797.0, 30.083113723900254
2798.0, 29.669657422512287
2799.0, 37.61677392567987
2800.0, 45.38922155688628
2801.0, 60.13323983169702
2802.0, 61.325385694249654
2803.0, 57.81304499476804
2804.0, 57.155508324477495
2805.0, 57.3067419696435
2806.0, 64.20191965872732
2807.0, 57.45837580699966
2808.0, 61.582826017302146
2809.0, 63.75850058052747
2810.0, 66.68699496874527
2811.0, 76.86776569624698
2812.0, 70.72033166349979
2813.0, 68.79602356406485
2814.0, 67.94023075468132
2815.0, 49.89758295780419
2816.0, 46.84470820969341
2817.0, 47.39791833466774
2818.0, 47.00544464609803
2819.0, 43.98138354135812
2820.0, 45.22134877947873
2821.0, 46.52053628431576
2822.0, 43.24751580849145
2823.0, 44.2979412445062
2824.0, 40.893470790378046
2825.0, 33.98277276456116
2826.0, 49.493693373600976
2827.0, 48.570432357043224
2828.0, 48.92659279778392
2829.0, 54.15868148715981
2830.0, 63.671677081574046
2831.0, 67.99166533098253
2832.0, 62.89317969479914
2833.0, 65.72381781259068
2834.0, 63.69084204056547
2835.0, 67.91819779517502
2836.0, 67.22702790925422
2837.0, 68.41056302939714
2838.0, 68.40006645622202
2839.0, 76.65239247812328
2840.0, 71.65461121157328
2841.0, 70.60133630289533
2842.0, 66.96024756010479
2843.0, 66.03286384976523
2844.0, 55.2304964539007
2845.0, 46.56666666666674
2846.0, 50.269881252249014
2847.0, 34.08662900188335
2848.0, 42.69810085134257
2849.0, 44.65528146742569
2850.0, 41.388803915570485
2851.0, 66.24218051831991
2852.0, 39.17963224893918
2853.0, 33.4092736531761
2854.0, 38.18113958696194
2855.0, 44.24552429667518
2856.0, 50.76025827952511
2857.0, 49.2621790984435
2858.0, 46.96020811253493
2859.0, 48.61993739922221
2860.0, 51.03943320592895
2861.0, 54.923857868020306
2862.0, 55.988104893214384
2863.0, 57.732583297273905
2864.0, 58.57406269207128
2865.0, 53.18051007244218
2866.0, 70.61534628799203
2867.0, 78.50713197618052
2868.0, 76.01977750309015
2869.0, 72.69725408411537
2870.0, 71.53985507246372
2871.0, 80.96032628846868
2872.0, 82.72400075771918
2873.0, 83.54384698664735
2874.0, 83.34246575342458
2875.0, 81.26864187711276
2876.0, 74.95511669658889
2877.0, 69.62421711899793
2878.0, 65.61731431382194
2879.0, 66.0349854227405
2880.0, 62.954248366013054
2881.0, 78.08156755525184
2882.0, 71.23801583993337
2883.0, 73.36073595615584
2884.0, 62.61280618822521
2885.0, 62.84433055733504
2886.0, 62.101709221354746
2887.0, 60.639929870699106
2888.0, 57.27126065913808
2889.0, 58.872604284103716
2890.0, 64.50849645084963
2891.0, 66.25236991784287
2892.0, 70.0721942682127
2893.0, 69.6808510638298
2894.0, 71.33446663833405
2895.0, 67.0654296875
2896.0, 75.33774834437088
2897.0, 73.936170212766
2898.0, 84.24207821866972
2899.0, 83.16559926806957
2900.0, 96.25838333921632
2901.0, 96.4079972890545
2902.0, 83.45555881490176
2903.0, 84.35072142064372
2904.0, 83.21927997619754
2905.0, 74.17459429210976
2906.0, 75.12129380053914
2907.0, 63.72223640541238
2908.0, 53.94612476370515
2909.0, 54.49451319168814
2910.0, 49.29484354341119
2911.0, 49.83649444081098
2912.0, 48.55801475519779
2913.0, 50.30237580993519
2914.0, 57.29719484457921
2915.0, 52.92904290429043
2916.0, 48.58928233289148
2917.0, 50.519409513395324
2918.0, 53.9049235993209
2919.0, 51.913015042511404
2920.0, 55.74115876598951
2921.0, 53.91557496360988
2922.0, 58.645555729738206
2923.0, 59.27126756214296
2924.0, 63.61031518624641
2925.0, 60.33801927025744
2926.0, 63.49229427159057
2927.0, 58.451839906172104
2928.0, 50.82574471369043
2929.0, 44.992485312201154
2930.0, 54.4215671752333
2931.0, 46.00204648443208
2932.0, 44.08960193733922
2933.0, 52.81529822431327
2934.0, 45.11536573392243
2935.0, 51.16926503340761
2936.0, 44.27804004558031
2937.0, 41.67660589538249
2938.0, 39.46551724137931
2939.0, 40.01048767697955
2940.0, 28.68274582560295
2941.0, 39.70890410958907
2942.0, 39.71570474396301
2943.0, 41.146202980837444
2944.0, 37.11848341232229
2945.0, 43.8085327783559
2946.0, 49.81412639405209
2947.0, 40.22463354273749
2948.0, 58.595537757437036
2949.0, 67.46825486009658
2950.0, 80.24795717103405
2951.0, 81.35968799858176
2952.0, 80.7939441950532
2953.0, 79.90772177243838
2954.0, 84.41942641137312
2955.0, 84.61413616814083
2956.0, 86.04555207129883
2957.0, 91.2803062526584
2958.0, 91.6415232814156
2959.0, 91.62170998855645
2960.0, 88.44703462461428
2961.0, 92.10572074421839
2962.0, 90.54757443264626
2963.0, 89.59312320916905
2964.0, 74.91482112436114
2965.0, 75.55678517083966
2966.0, 79.70058360822125
2967.0, 83.70152184585172
2968.0, 84.65804066543436
2969.0, 84.46965267220206
2970.0, 76.34499524363171
2971.0, 75.82108902333619
2972.0, 69.79995697999566
2973.0, 73.09829469246979
2974.0, 69.24403303385058
2975.0, 69.02476921670777
2976.0, 71.41531713900133
2977.0, 67.904727139989
2978.0, 73.7039968341907
2979.0, 69.72860125260956
2980.0, 69.90715456034951
2981.0, 64.29041456459746
2982.0, 56.3864990072799
2983.0, 51.75695461200581
2984.0, 61.68720054757011
2985.0, 63.869614329514235
2986.0, 51.342586587105984
2987.0, 40.31655965357628
2988.0, 38.949798038084296
2989.0, 46.52514531210511
2990.0, 42.83398622180198
2991.0, 34.31818181818183
2992.0, 38.50440774141249
2993.0, 33.098162180994706
2994.0, 27.50775594622543
2995.0, 28.510182207931408
2996.0, 32.928958735410376
2997.0, 36.055375449049336
2998.0, 42.75629461134206
2999.0, 49.80052276791855
3000.0, 55.752348683197276
3001.0, 51.86617952575396
3002.0, 49.42991738922645
3003.0, 44.167577413479066
3004.0, 42.30537569643125
3005.0, 46.61523145843705
3006.0, 50.79146593255334
3007.0, 55.73082732002015
3008.0, 55.68410462776661
3009.0, 53.60774818401939
3010.0, 53.46502590673577
3011.0, 51.05169036873031
3012.0, 47.48766672757173
3013.0, 39.1230671467909
3014.0, 42.709705753184025
3015.0, 49.309164659652716
3016.0, 61.01003764115439
3017.0, 66.95806786190553
3018.0, 68.12008577555403
3019.0, 75.91205990122675
3020.0, 57.86726323639077
3021.0, 65.26508226691041
3022.0, 55.617102302233
3023.0, 70.0394417475728
3024.0, 50.0
3025.0, 50.112303468929376
3026.0, 44.59424083769632
3027.0, 35.09394297726975
3028.0, 30.394203610462924
3029.0, 33.06565895134622
3030.0, 34.05083302930801
3031.0, 28.479601206873937
3032.0, 26.975622823466338
3033.0, 26.864078964919273
3034.0, 31.742828311950348
3035.0, 37.52473941153185
3036.0, 37.4506189096655
3037.0, 14.804153387478138
3038.0, 16.757826137553806
3039.0, 21.12691586724003
3040.0, 23.150411019773358
3041.0, 23.923774537940517
3042.0, 34.38994550105663
3043.0, 30.737613863585835
3044.0, 43.118081180811814
3045.0, 41.09372252505713
3046.0, 37.93593710797023
3047.0, 37.019505427242294
3048.0, 32.88707359503822
3049.0, 32.63229823096195
3050.0, 34.41704035874439
3051.0, 46.374622356495486
3052.0, 55.055066079295145
3053.0, 49.18841851283179
3054.0, 41.855730075625374
3055.0, 48.11750488054291
3056.0, 45.144485944564586
3057.0, 48.98852363353434
3058.0, 44.106990622335886
3059.0, 46.982221718944615
3060.0, 58.23051776863861
3061.0, 66.789159393661
3062.0, 73.60534575275895
3063.0, 68.14315352697093
3064.0, 62.96970858895707
3065.0, 67.97905002709048
3066.0, 63.57202719061365
3067.0, 68.21793416572076
3068.0, 79.46924501131458
3069.0, 76.63207231335792
3070.0, 74.18240442192538
3071.0, 69.14121037463983
3072.0, 64.57416515661407
3073.0, 58.94400378832724
3074.0, 51.11361714124613
3075.0, 34.868176754548855
3076.0, 46.032765820751685
3077.0, 33.721614307565616
3078.0, 39.427746423415115
3079.0, 28.82717789681422
3080.0, 36.7162162162162
3081.0, 38.446372239747674
3082.0, 32.928161704452336
3083.0, 32.973194748358864
3084.0, 32.18528901348286
3085.0, 30.96185950943881
3086.0, 31.16597724922441
3087.0, 44.111922141119244
3088.0, 43.97560975609756
3089.0, 42.003494467093745
3090.0, 32.118758434547885
3091.0, 49.567099567099554
3092.0, 60.25586353944559
3093.0, 72.30300187617254
3094.0, 71.02551521099114
3095.0, 69.86476141872922
3096.0, 67.88149250030986
3097.0, 69.46443820910088
3098.0, 66.47985989492116
3099.0, 70.5314009661835
3100.0, 64.2083897158322
3101.0, 52.83085633404103
3102.0, 52.282012373059395
3103.0, 54.943572129538786
3104.0, 56.01550775387695
3105.0, 56.22899813316737
3106.0, 51.15956117205945
3107.0, 42.88730107177658
3108.0, 35.4390207042466
3109.0, 45.63502163400357
3110.0, 44.95424344991853
3111.0, 39.97626112759644
3112.0, 46.9149324571011
3113.0, 43.64809782608696
3114.0, 45.37963507945848
3115.0, 51.33307819874986
3116.0, 50.87874573270955
3117.0, 48.97164415236701
3118.0, 50.629089079013596
3119.0, 47.84065524944156
3120.0, 43.97494001599576
3121.0, 35.68789714792379
3122.0, 38.333333333333364
3123.0, 22.578716620167413
3124.0, 40.75201432408236
3125.0, 36.64466269521818
3126.0, 31.612791101842205
3127.0, 35.39599143802299
3128.0, 47.14709151537607
3129.0, 50.59740259740255
3130.0, 54.2148198504419
3131.0, 49.68847352024923
3132.0, 55.86393395957869
3133.0, 52.81216361679225
3134.0, 51.70751858992013
3135.0, 47.19115244438857
3136.0, 41.537610619469014
3137.0, 37.86198729680268
3138.0, 39.91255465334168
3139.0, 43.6127858036628
3140.0, 42.741573033707894
3141.0, 37.11219512195121
3142.0, 33.222832280120215
3143.0, 28.084432717678155
3144.0, 29.41785788274295
3145.0, 32.16672329822181
3146.0, 27.947545717035695
3147.0, 33.57545397620544
3148.0, 31.760700389105097
3149.0, 34.06364110589469
3150.0, 41.57285555731732
3151.0, 43.41778440139097
3152.0, 28.634085213032677
3153.0, 24.600753633590628
3154.0, 24.863982589771553
3155.0, 26.7407840842599
3156.0, 33.21479374110952
3157.0, 45.4428341384863
3158.0, 50.870069605568425
3159.0, 53.75825991189427
3160.0, 50.05430355688294
3161.0, 50.4044216770019
3162.0, 55.17287234042552
3163.0, 57.05445544554452
3164.0, 60.87446755199195
3165.0, 61.63896993530382
3166.0, 61.250640697078424
3167.0, 73.31111784307784
3168.0, 75.12570245489505
3169.0, 92.83582089552243
3170.0, 92.45757385292274
3171.0, 91.78082191780827
3172.0, 90.97235283054358
3173.0, 90.24390243902444
3174.0, 83.45864661654142
3175.0, 84.25760286225407
3176.0, 83.17399617590829
3177.0, 80.85501858736066
3178.0, 80.15414258188832
3179.0, 75.77413479052825
3180.0, 69.96527777777779
3181.0, 68.44827586206898
3182.0, 69.55074875207988
3183.0, 52.14408233276158
3184.0, 56.338028169014095
3185.0, 53.731343283582106
3186.0, 48.901098901098926
3187.0, 35.83892617449665
3188.0, 39.61424332344215
3189.0, 38.0517503805175
3190.0, 39.524517087667185
3191.0, 41.47812971342382
3192.0, 34.525660964230156
3193.0, 46.46892655367232
3194.0, 43.69189907038511
3195.0, 47.98994974874372
3196.0, 41.75960346964061
3197.0, 44.81382978723403
3198.0, 30.434782608695627
3199.0, 28.82352941176468
3200.0, 26.281352235550685
3201.0, 33.518776077885946
