15.0, 74.25690021231418
16.0, 74.68684759916489
17.0, 68.1289384391662
18.0, 66.28153737326099
19.0, 60.738714090287274
20.0, 51.07954545454545
21.0, 45.42420027816411
22.0, 61.89274447949529
23.0, 52.89835535184685
24.0, 52.84750337381914
25.0, 47.809076682316125
26.0, 41.73933537591326
27.0, 42.84026465028352
28.0, 36.28691983122359
29.0, 26.73459485686557
30.0, 21.944001821078913
31.0, 23.563920801759892
32.0, 27.640284244057796
33.0, 27.24637681159416
34.0, 24.1882708280896
35.0, 30.21148036253777
36.0, 23.521469079124998
37.0, 24.625388747526117
38.0, 17.716049382716093
39.0, 30.848623853210995
40.0, 34.78823149046231
41.0, 31.54362416107388
42.0, 49.39944564213117
43.0, 43.813165801693536
44.0, 43.76534788540244
45.0, 47.42053152683693
46.0, 42.483324781939466
47.0, 44.73257698541328
48.0, 42.36377590176514
49.0, 44.48003942828979
50.0, 47.73593898951385
51.0, 41.20551326887473
52.0, 35.1331083614548
53.0, 30.494174367215763
54.0, 32.72365805168988
55.0, 33.496133496133496
56.0, 27.522732313151508
57.0, 39.37977909940529
58.0, 47.98636266780312
59.0, 42.549634273772206
60.0, 41.16457743631218
61.0, 44.96604075109869
62.0, 45.54836098745449
63.0, 39.00753768844221
64.0, 34.98634166841772
65.0, 45.905707196029766
66.0, 50.03004807692309
67.0, 41.822687224669586
68.0, 38.120032885722104
69.0, 42.11377729846318
70.0, 34.24019607843138
71.0, 19.334155363748437
72.0, 26.54390298675048
73.0, 40.84647634258335
74.0, 41.24168514412416
75.0, 41.359887346610336
76.0, 43.68143031288094
77.0, 55.61357702349869
78.0, 56.48868458274399
79.0, 54.75578406169666
80.0, 56.94172161824988
81.0, 62.666160273452356
82.0, 63.23050392795555
83.0, 62.51953125000001
84.0, 69.814612868048
85.0, 68.17891373801916
86.0, 62.83582089552239
87.0, 48.92552251987047
88.0, 57.11656441717789
89.0, 55.67533291058971
90.0, 55.60495395363607
91.0, 26.977455101260972
92.0, 28.66666666666667
93.0, 42.09591474245118
94.0, 39.99325008437395
95.0, 40.335570469798654
96.0, 38.975356679636846
97.0, 39.79526551503519
98.0, 39.28007578149668
99.0, 46.89031285337356
100.0, 49.42569992821249
101.0, 50.0
102.0, 48.504113687359755
103.0, 38.39634941329855
104.0, 32.86059143029571
105.0, 45.66804189146303
106.0, 43.89941012108039
107.0, 28.268551236749076
108.0, 34.76077968103955
109.0, 28.856673960612653
110.0, 36.61822985468957
111.0, 33.757961783439484
112.0, 33.05613305613306
113.0, 39.74811083123426
114.0, 39.24307848615698
115.0, 40.55118110236221
116.0, 38.53434288804762
117.0, 45.67901234567902
118.0, 52.24530831099196
119.0, 40.246338215712406
120.0, 35.939357907253296
121.0, 41.93548387096776
122.0, 36.350311469402726
123.0, 38.61424678863374
124.0, 24.499629355077843
125.0, 38.137755102040835
126.0, 44.82549317147195
127.0, 50.20542317173378
128.0, 40.189478932934435
129.0, 43.680116674769096
130.0, 42.472228787520685
131.0, 44.30205949656752
132.0, 46.06691779304232
133.0, 47.07880434782609
134.0, 53.195722457100224
135.0, 52.47791952894995
136.0, 53.301769249937706
137.0, 55.906952430737064
138.0, 66.30971993410215
139.0, 55.18051071323745
140.0, 47.16814159292035
141.0, 31.666103413315298
142.0, 36.17760617760618
143.0, 32.03124999999996
144.0, 37.11934156378601
145.0, 27.917981072555165
146.0, 17.307692307692292
147.0, 26.873661670235506
148.0, 22.684124386252037
149.0, 31.978575929426583
150.0, 39.13166055821819
151.0, 39.634494574528816
152.0, 39.66894977168949
153.0, 40.442246144893794
154.0, 48.940435280641466
155.0, 51.182988918837985
156.0, 54.78316326530611
157.0, 51.55487804878049
158.0, 52.00845665961944
159.0, 57.430647291941874
160.0, 63.12159709618879
161.0, 52.384341637010685
162.0, 60.47049749325107
163.0, 57.2025052192067
164.0, 48.72922776148584
165.0, 51.83654729109274
166.0, 42.95810196870267
167.0, 52.13447171824974
168.0, 42.93893129770993
169.0, 48.03299492385783
170.0, 61.88925081433227
171.0, 62.20767072029935
172.0, 55.70819516816673
173.0, 56.6929133858268
174.0, 66.20918125887358
175.0, 78.46153846153842
176.0, 81.57894736842101
177.0, 76.98185291308496
178.0, 78.97153351698806
179.0, 77.31256085686462
180.0, 80.89330024813893
181.0, 74.05219103889704
182.0, 76.06721162579466
183.0, 76.05633802816895
184.0, 72.59490379615178
185.0, 74.61250668091921
186.0, 80.04587155963294
187.0, 80.12564249000562
188.0, 81.85610010427521
189.0, 81.57755426151395
190.0, 76.86170212765948
191.0, 78.85402455661655
192.0, 74.16843595187537
193.0, 69.58831341301463
194.0, 69.48700866089271
195.0, 77.49287749287754
196.0, 77.23342939481273
197.0, 77.3962804005723
198.0, 67.12683347713552
199.0, 69.83842010771998
200.0, 62.79257465698148
201.0, 62.244062244062256
202.0, 38.81151346332394
203.0, 43.04235090751937
204.0, 43.042350907519456
205.0, 54.326561324304
206.0, 61.58663883089771
207.0, 60.90846524432203
208.0, 55.89980224126566
209.0, 59.52813067150633
210.0, 58.213616489693926
211.0, 56.50195058517558
212.0, 53.60888340530533
213.0, 53.94165114835507
214.0, 51.54211150652431
215.0, 56.02798708288481
216.0, 62.410071942445995
217.0, 59.83810709838107
218.0, 58.36431226765796
219.0, 52.00000000000002
220.0, 43.96887159533079
221.0, 48.81154499151109
222.0, 50.83996463306808
223.0, 46.64107485604616
224.0, 36.78391959799004
225.0, 45.16129032258064
226.0, 50.984251968504005
227.0, 51.28712871287127
228.0, 62.63603385731563
229.0, 60.58673469387754
230.0, 55.88235294117655
231.0, 55.23255813953485
232.0, 48.07692307692315
233.0, 50.81495685522529
234.0, 58.22102425876011
235.0, 60.18835616438355
236.0, 61.504811898512685
237.0, 59.25925925925924
238.0, 69.3911592994162
239.0, 64.64354527938346
240.0, 65.71988246816846
241.0, 69.20731707317077
242.0, 70.66666666666664
243.0, 73.5674676524954
244.0, 78.34645669291332
245.0, 81.74904942965777
246.0, 95.95628415300538
247.0, 80.97609561752984
248.0, 76.12267250821469
249.0, 76.97993664202744
250.0, 83.21492007104794
251.0, 82.09764918625675
252.0, 76.33262260127934
253.0, 74.38633938100315
254.0, 76.65369649805447
255.0, 72.57462686567162
256.0, 77.57437070938215
257.0, 51.30557515878614
258.0, 45.66582914572865
259.0, 52.75805570726381
260.0, 62.84364261168386
261.0, 69.36665230504092
262.0, 68.30717013152312
263.0, 67.04896338773713
264.0, 65.70247933884299
265.0, 66.69675090252711
266.0, 67.42700729927009
267.0, 61.20082815734993
268.0, 58.057764755127664
269.0, 58.00920117105811
270.0, 55.945590171127684
271.0, 66.33714880332982
272.0, 74.17918753478013
273.0, 64.82064191315291
274.0, 54.58976441917139
275.0, 44.680851063829806
276.0, 50.796311818943764
277.0, 50.83752093802343
278.0, 46.34369287020103
279.0, 40.42179261862919
280.0, 41.40017286084694
281.0, 56.16850551654953
282.0, 55.28134254689041
283.0, 53.794428434197926
284.0, 46.39737991266361
285.0, 52.32067510548527
286.0, 55.85937500000007
287.0, 60.27397260273976
288.0, 55.06555423122771
289.0, 48.074921956295576
290.0, 50.98231827111983
291.0, 44.72759226713526
292.0, 47.319932998324944
293.0, 56.682769726248
294.0, 55.2865213882163
295.0, 61.23163051084675
296.0, 66.11747851002858
297.0, 66.07015032211886
298.0, 64.32055749128922
299.0, 56.724367509986756
300.0, 49.757449757449706
301.0, 47.93057409879836
302.0, 46.2439696760854
303.0, 53.80914194065753
304.0, 45.01689189189196
305.0, 50.98777046095959
306.0, 50.56925996204935
307.0, 39.08730158730146
308.0, 42.44465832531279
309.0, 32.58173618940236
310.0, 19.28
311.0, 28.81355932203391
312.0, 23.157894736842138
313.0, 28.049575994781435
314.0, 28.762541806020096
315.0, 27.249683143219258
316.0, 26.33190447030006
317.0, 26.477832512315274
318.0, 29.40063091482648
319.0, 34.176470588235276
320.0, 30.29411764705884
321.0, 33.25183374083137
322.0, 30.71693448702105
323.0, 29.585427135678515
324.0, 38.386308068459726
325.0, 39.66480446927379
326.0, 50.1513622603431
327.0, 45.37037037037042
328.0, 44.05594405594404
329.0, 52.36966824644552
330.0, 55.949367088607474
331.0, 58.86524822695024
332.0, 58.47255369928395
333.0, 53.53805073431241
334.0, 51.213282247764994
335.0, 56.492027334851784
336.0, 50.15166835187058
337.0, 48.10526315789468
338.0, 49.19268030139933
339.0, 38.20512820512827
340.0, 42.20963172804533
341.0, 53.56695869837295
342.0, 54.94223363286271
343.0, 54.60358056265975
344.0, 54.90445859872617
345.0, 47.288776796973586
346.0, 44.77419354838706
347.0, 33.62068965517251
348.0, 30.40935672514634
349.0, 17.520969245107338
350.0, 15.732217573221916
351.0, 15.164279696714487
352.0, 15.358361774744125
353.0, 16.211604095563217
354.0, 16.62292213473323
355.0, 20.715474209650594
356.0, 19.007633587786273
357.0, 27.80054644808743
358.0, 25.571065989847654
359.0, 27.278688524590095
360.0, 27.06571242680542
361.0, 42.54926108374381
362.0, 47.491408934707884
363.0, 46.035976015989334
364.0, 56.05453087409784
365.0, 55.11875511875513
366.0, 57.26767275615569
367.0, 57.26767275615569
368.0, 51.02618542108988
369.0, 43.46405228758167
370.0, 42.525979216626695
371.0, 36.540158870255915
372.0, 46.25668449197862
373.0, 46.06440071556353
374.0, 50.0
375.0, 33.73759647188524
376.0, 45.93572778827974
377.0, 58.720930232558096
378.0, 55.59284116331096
379.0, 50.63694267515927
380.0, 60.858585858585926
381.0, 66.49855907780986
382.0, 76.27765064836011
383.0, 79.41760423560564
384.0, 83.16008316008313
385.0, 83.22981366459626
386.0, 75.05112474437621
387.0, 75.05112474437621
388.0, 71.87499999999999
389.0, 77.05601907032178
390.0, 76.94610778443109
391.0, 76.82119205298008
392.0, 76.04290822407626
393.0, 74.05687753917584
394.0, 61.03169670602853
395.0, 57.1428571428571
396.0, 53.71549893842889
397.0, 49.61479198767336
398.0, 53.04777594728169
399.0, 56.686930091185395
400.0, 56.55799848369975
401.0, 52.86944045911047
402.0, 56.752974107767635
403.0, 52.71614384085691
404.0, 50.161290322580626
405.0, 52.01863354037271
406.0, 57.16475095785435
407.0, 61.14754098360653
408.0, 65.66901408450707
409.0, 67.17171717171719
410.0, 71.28164556962018
411.0, 71.55172413793096
412.0, 73.59683794466407
413.0, 70.82969432314408
414.0, 80.86476540938374
415.0, 88.11121764141907
416.0, 84.58458458458458
417.0, 83.45864661654134
418.0, 70.58823529411758
419.0, 62.717058222676265
420.0, 64.56310679611657
421.0, 66.36726546906186
422.0, 74.5243128964059
423.0, 73.37016574585633
424.0, 71.30952380952385
425.0, 64.27656850192056
426.0, 66.01705237515218
427.0, 59.69802555168422
428.0, 69.07308377896624
429.0, 62.288135593220304
430.0, 61.920808761583906
431.0, 57.64909248055316
432.0, 64.19634263715128
433.0, 65.13671874999997
434.0, 52.99313052011777
435.0, 48.25737265415543
436.0, 43.630017452006946
437.0, 36.480686695279054
438.0, 44.817300521998526
439.0, 46.938775510204096
440.0, 45.32710280373841
441.0, 49.076305220883555
442.0, 26.08695652173907
443.0, 39.464594127806585
444.0, 40.406719717064604
445.0, 38.95993179880649
446.0, 42.67206477732791
447.0, 49.12280701754392
448.0, 49.31945556445158
449.0, 53.61183637946047
450.0, 58.01801801801803
451.0, 63.74269005847944
452.0, 57.630979498861
453.0, 54.853273137697606
454.0, 59.34959349593481
455.0, 59.34959349593481
456.0, 74.28884026258217
457.0, 67.28971962616819
458.0, 66.75496688741717
459.0, 63.71681415929217
460.0, 62.96774193548392
461.0, 62.137203166226826
462.0, 75.00000000000013
463.0, 77.33333333333347
464.0, 73.30677290836647
465.0, 73.99741267787832
466.0, 72.6902173913043
467.0, 75.9052924791085
468.0, 57.91610284167792
469.0, 53.99188092016241
470.0, 53.804347826086754
471.0, 41.55299055613862
472.0, 47.729468599033794
473.0, 52.10970464135016
474.0, 55.87949465500479
475.0, 50.45135406218657
476.0, 54.9270072992701
477.0, 50.42654028436021
478.0, 44.00330851943756
479.0, 43.53628023352789
480.0, 46.52448657187989
481.0, 47.31517509727616
482.0, 45.407020164301656
483.0, 44.08992023205218
484.0, 45.12455516014245
485.0, 56.65338645418319
486.0, 53.38474721508143
487.0, 55.526770293609665
488.0, 50.62320230105473
489.0, 50.47801147227541
490.0, 47.676767676767525
491.0, 52.43190661478585
492.0, 66.6666666666668
493.0, 67.02819956616058
494.0, 64.44444444444449
495.0, 59.318181818181955
496.0, 68.5039370078741
497.0, 76.95417789757424
498.0, 66.51982378854606
499.0, 56.7119155354448
500.0, 59.91620111731834
501.0, 62.187088274044655
502.0, 54.921020656136044
503.0, 59.25465838509297
504.0, 58.74213836477996
505.0, 46.78362573099422
506.0, 41.06699751861039
507.0, 37.81407035175901
508.0, 42.24037339556607
509.0, 47.624703087886076
510.0, 55.02450980392155
511.0, 55.02450980392136
512.0, 52.94811320754721
513.0, 58.48595848595863
514.0, 57.23270440251564
515.0, 43.65256124721599
516.0, 45.422943221320935
517.0, 49.190938511327026
518.0, 41.513513513513516
519.0, 44.290657439446356
520.0, 50.0
521.0, 49.5187165775401
522.0, 52.41935483870975
523.0, 44.49583718778911
524.0, 43.55597365945437
525.0, 47.46059544658495
526.0, 55.64236111111105
527.0, 53.03819444444445
528.0, 45.72342126298965
529.0, 54.76190476190477
530.0, 57.62557077625574
531.0, 54.330708661417184
532.0, 59.21325051759819
533.0, 64.04867256637175
534.0, 62.07701283547263
535.0, 59.977452085682046
536.0, 48.24561403508758
537.0, 57.46268656716404
538.0, 50.71428571428582
539.0, 36.79092382495948
540.0, 20.915032679738644
541.0, 15.477629987908088
542.0, 16.864295125164688
543.0, 28.941441441441555
544.0, 26.616379310344783
545.0, 30.368098159509216
546.0, 24.57852706299923
547.0, 23.478260869565204
548.0, 21.288014311270118
549.0, 26.630920464700566
550.0, 30.06416131989002
551.0, 28.496959165942698
552.0, 37.96747967479674
553.0, 37.844408427876886
554.0, 37.35999999999989
555.0, 47.5121951219513
556.0, 52.39064089521875
557.0, 47.178329571106055
558.0, 43.7696335078534
559.0, 42.56684491978612
560.0, 57.45664739884378
561.0, 58.12865497076019
562.0, 62.86307053941912
563.0, 58.77287405812698
564.0, 58.993576017130536
565.0, 64.85310119695308
566.0, 56.07361963190179
567.0, 57.41206030150736
568.0, 67.79184247538664
569.0, 68.8858695652172
570.0, 60.786802030456634
571.0, 61.71003717472106
572.0, 73.5006973500694
573.0, 73.12588401697288
574.0, 71.12462006079006
575.0, 74.92625368731528
576.0, 71.61936560934838
577.0, 76.3843648208467
578.0, 76.91082802547747
579.0, 69.30379746835426
580.0, 76.47928994082822
581.0, 71.31034482758614
582.0, 71.85385656292277
583.0, 70.8683473389354
584.0, 73.01587301587327
585.0, 72.17261904761928
586.0, 66.7642752562225
587.0, 59.8314606741574
588.0, 50.67385444743923
589.0, 48.59550561797756
590.0, 43.76731301939063
591.0, 44.588508257131195
592.0, 40.57568673290474
593.0, 43.70475291155171
594.0, 33.884720327421675
595.0, 41.456476389152385
596.0, 33.36429500278692
597.0, 24.622030237581455
598.0, 29.481286933683805
599.0, 17.642932304454888
600.0, 16.22057400838476
601.0, 19.022503516174694
602.0, 20.554711246201066
603.0, 24.824734855293997
604.0, 33.215610100653635
605.0, 20.0437636761487
606.0, 16.65858389912701
