15.0, 55.44871794871794
16.0, 54.72312703583061
17.0, 54.42622950819671
18.0, 55.591054313099036
19.0, 60.6779661016949
20.0, 46.68508287292817
21.0, 51.75000000000001
22.0, 64.39628482972135
23.0, 71.64634146341464
24.0, 64.58333333333334
25.0, 59.80392156862748
26.0, 60.576923076923094
27.0, 50.0
28.0, 52.87769784172662
29.0, 54.092526690391445
30.0, 50.724637681159436
31.0, 46.03174603174603
32.0, 45.38152610441765
33.0, 38.989169675090224
34.0, 56.80751173708924
35.0, 46.067415730337046
36.0, 51.26903553299494
37.0, 47.82608695652173
38.0, 57.31707317073173
39.0, 64.13043478260872
40.0, 45.61403508771931
41.0, 60.15625
42.0, 57.79467680608366
43.0, 55.263157894736864
44.0, 53.649635036496335
45.0, 53.818181818181834
46.0, 53.98550724637681
47.0, 59.839357429718866
48.0, 58.506224066390025
49.0, 55.294117647058805
50.0, 50.0
51.0, 52.36220472440946
52.0, 50.59760956175297
53.0, 65.07042253521125
54.0, 76.49006622516552
55.0, 64.18439716312052
56.0, 57.82747603833866
57.0, 56.03715170278638
58.0, 60.55900621118011
59.0, 57.77777777777775
60.0, 53.89408099688473
61.0, 62.03208556149733
62.0, 63.68286445012786
63.0, 65.6992084432718
64.0, 71.19437939110071
65.0, 71.32867132867133
66.0, 60.71428571428573
67.0, 51.35135135135135
68.0, 50.975609756097576
69.0, 56.15384615384618
70.0, 62.784090909090935
71.0, 65.57863501483686
72.0, 61.60714285714288
73.0, 61.24260355029592
74.0, 64.63414634146346
75.0, 55.035971223021626
76.0, 48.698884758364336
77.0, 61.627906976744214
78.0, 53.58361774744023
79.0, 51.25448028673836
80.0, 73.51598173515981
81.0, 69.79166666666669
82.0, 84.32601880877738
83.0, 65.0753768844221
84.0, 69.51754385964911
85.0, 68.76355748373095
86.0, 75.28301886792448
87.0, 78.5714285714285
88.0, 59.546061415220294
89.0, 58.300653594771234
90.0, 59.94764397905758
91.0, 51.22282608695652
92.0, 53.77604166666668
93.0, 53.53403141361256
94.0, 55.289672544080595
95.0, 53.178484107579465
96.0, 46.056338028169016
97.0, 53.77358490566039
98.0, 48.53700516351117
99.0, 46.38157894736843
100.0, 39.7412199630314
101.0, 43.40277777777778
102.0, 50.70993914807303
103.0, 61.75438596491231
104.0, 54.92730210016158
105.0, 63.430420711974136
106.0, 58.16993464052289
107.0, 55.71658615136877
108.0, 46.13003095975232
109.0, 53.757225433526
110.0, 55.617198335644936
111.0, 51.05820105820106
112.0, 50.195058517555275
113.0, 48.6146095717884
114.0, 45.85908529048209
115.0, 39.99999999999999
116.0, 51.5625
117.0, 55.656697009102714
118.0, 59.44444444444444
119.0, 60.646900269541774
120.0, 59.366754617414244
121.0, 57.47126436781612
122.0, 60.81081081081083
123.0, 57.478005865102645
124.0, 50.75528700906345
125.0, 51.45482388973968
126.0, 56.97841726618705
127.0, 66.759388038943
128.0, 61.53846153846153
129.0, 66.21621621621622
130.0, 63.28029375764994
131.0, 63.32518337408316
132.0, 62.560386473429936
133.0, 53.68802902055623
134.0, 60.99537037037038
135.0, 64.11192214111921
136.0, 63.64734299516908
137.0, 61.344537815126046
138.0, 65.16443361753957
139.0, 67.55050505050502
140.0, 61.21134020618557
141.0, 54.99296765119549
142.0, 66.61807580174926
143.0, 60.380622837370254
144.0, 60.17241379310346
145.0, 47.73755656108594
146.0, 52.607709750566904
147.0, 55.36992840095469
148.0, 42.32954545454546
149.0, 44.166666666666636
150.0, 47.891566265060234
151.0, 56.5714285714286
152.0, 58.01104972375694
153.0, 58.659217877094996
154.0, 64.81481481481485
155.0, 61.04651162790702
156.0, 43.902439024390254
157.0, 36.65768194070076
158.0, 32.30403800475054
159.0, 21.11553784860557
160.0, 17.03406813627251
161.0, 19.153674832962068
162.0, 30.59999999999998
163.0, 35.26119402985077
164.0, 31.605351170568554
165.0, 34.13848631239935
166.0, 25.99704579025112
167.0, 26.745913818722144
168.0, 29.591836734693885
169.0, 30.434782608695656
170.0, 29.941002949852503
171.0, 28.95863052781742
172.0, 34.315169366715764
173.0, 46.825396825396844
174.0, 49.03536977491961
175.0, 51.75038051750381
176.0, 50.15723270440252
177.0, 43.67999999999998
178.0, 50.87108013937283
179.0, 44.06130268199233
180.0, 49.356223175965646
181.0, 44.66403162055337
182.0, 41.68377823408622
183.0, 46.55870445344131
184.0, 50.438596491228104
185.0, 58.673469387755084
186.0, 58.461538461538446
187.0, 46.89265536723161
188.0, 43.943661971831006
189.0, 42.15116279069772
190.0, 37.81250000000002
191.0, 42.30769230769237
192.0, 30.909090909090963
193.0, 32.71604938271609
194.0, 45.180722891566255
195.0, 62.29508196721308
196.0, 68.61826697892272
197.0, 65.51724137931035
198.0, 69.09090909090911
199.0, 58.46153846153847
200.0, 51.29310344827583
201.0, 49.17355371900828
202.0, 54.10156250000003
203.0, 53.093812375249506
204.0, 48.605577689243056
205.0, 52.58302583025829
206.0, 56.54761904761904
207.0, 56.199999999999996
208.0, 53.20512820512822
209.0, 54.279749478079346
210.0, 47.85714285714286
211.0, 52.77161862527716
212.0, 53.421633554083876
213.0, 63.35078534031416
214.0, 65.76086956521743
215.0, 67.97752808988764
216.0, 63.23987538940811
217.0, 64.13373860182374
218.0, 68.50649350649348
219.0, 65.96491228070177
220.0, 78.94736842105266
221.0, 80.85106382978725
222.0, 74.87179487179492
223.0, 69.37500000000003
224.0, 69.65944272445827
225.0, 61.437908496732014
226.0, 65.29411764705885
227.0, 72.61306532663318
228.0, 77.72020725388603
229.0, 85.98382749326147
230.0, 82.2164948453608
231.0, 85.19313304721028
232.0, 86.70634920634919
233.0, 87.01550387596897
234.0, 74.59349593495936
235.0, 64.41005802707932
236.0, 64.78599221789881
237.0, 59.58254269449716
238.0, 55.860805860805826
239.0, 59.81818181818183
240.0, 47.6268412438625
241.0, 45.854483925549935
242.0, 59.798994974874375
243.0, 63.841807909604505
244.0, 65.8675799086758
245.0, 55.72429906542056
246.0, 57.65363128491619
247.0, 54.12026726057908
248.0, 59.86394557823128
249.0, 63.999999999999986
250.0, 67.53554502369667
251.0, 70.37943696450428
252.0, 74.30972388955583
253.0, 75.73696145124717
254.0, 85.46144121365361
255.0, 85.53459119496856
256.0, 82.08722741433023
257.0, 77.88104089219333
258.0, 69.33560477001706
259.0, 68.17420435510891
260.0, 58.67620751341685
261.0, 64.38848920863309
262.0, 62.0689655172414
263.0, 57.54884547069273
264.0, 60.430463576158935
265.0, 63.06027820710973
266.0, 62.00317965023849
267.0, 59.76430976430977
268.0, 52.575757575757585
269.0, 44.311377245508986
270.0, 37.64135702746366
271.0, 40.49844236760124
272.0, 44.75043029259897
273.0, 51.792828685258954
274.0, 51.18110236220469
275.0, 56.028368794326234
276.0, 56.869565217391305
277.0, 65.19524617996603
278.0, 60.42471042471043
279.0, 49.25650557620819
280.0, 48.876404494382015
281.0, 42.39543726235741
282.0, 50.21739130434782
283.0, 56.20437956204376
284.0, 49.46466809421841
285.0, 39.0057361376673
286.0, 44.90500863557859
287.0, 43.84485666104553
288.0, 57.37704918032788
289.0, 48.856209150326826
290.0, 45.52845528455285
291.0, 42.14162348877376
292.0, 40.91710758377425
293.0, 40.91710758377425
294.0, 33.98058252427187
295.0, 33.17535545023699
296.0, 35.909090909090935
297.0, 34.49781659388648
298.0, 45.32374100719423
299.0, 49.29577464788733
300.0, 48.57142857142858
301.0, 49.038461538461526
302.0, 39.999999999999986
303.0, 53.215434083601274
304.0, 63.15068493150686
305.0, 63.69770580296896
306.0, 55.85798816568048
307.0, 55.72609208972843
308.0, 63.08068459657701
309.0, 55.54359526372443
310.0, 49.33333333333333
311.0, 50.631578947368425
312.0, 43.10160427807487
313.0, 51.44230769230769
314.0, 48.46077457795431
315.0, 49.899799599198396
316.0, 49.74874371859298
317.0, 42.437923250564346
318.0, 32.031250000000014
319.0, 30.585106382978736
320.0, 33.09352517985613
321.0, 32.57790368271958
322.0, 23.724489795918387
323.0, 28.224582701062232
324.0, 28.837209302325604
325.0, 33.97341211225998
326.0, 32.763532763532794
327.0, 14.893617021276626
328.0, 22.881355932203434
329.0, 30.798479087452478
330.0, 32.342007434944236
331.0, 29.625425652667445
332.0, 31.531531531531556
333.0, 30.06833712984057
334.0, 32.58026159334129
335.0, 36.13666228646518
336.0, 44.25727411944871
337.0, 43.00595238095238
338.0, 41.8234442836469
339.0, 47.45098039215686
340.0, 54.6242774566474
341.0, 66.36904761904762
342.0, 57.79122541603631
343.0, 51.5625
344.0, 45.802919708029194
345.0, 44.98207885304661
346.0, 43.35793357933577
347.0, 40.798611111111114
348.0, 35.65768621236131
349.0, 30.601092896174862
350.0, 28.11244979919678
351.0, 30.527817403708966
352.0, 43.8375350140056
353.0, 26.970954356846477
354.0, 27.572016460905317
355.0, 22.00886262924662
356.0, 27.811550151975638
357.0, 26.33928571428568
358.0, 26.14475627769569
359.0, 31.18644067796606
360.0, 28.01857585139318
361.0, 28.01857585139318
362.0, 31.27147766323023
363.0, 37.52577319587628
364.0, 41.57782515991471
365.0, 38.585858585858574
366.0, 27.0983213429256
367.0, 28.607594936708793
368.0, 33.95784543325529
369.0, 31.084337349397586
370.0, 24.234693877551024
371.0, 38.852097130242846
372.0, 49.402390438247025
373.0, 49.70297029702973
374.0, 52.182952182952185
375.0, 51.016260162601604
376.0, 53.29457364341084
377.0, 45.60530679933665
378.0, 42.39482200647249
379.0, 41.853035143769986
380.0, 47.32272069464544
381.0, 58.09061488673138
382.0, 56.616415410385244
383.0, 58.53658536585366
384.0, 62.403697996918325
385.0, 56.842105263157876
386.0, 56.613756613756614
387.0, 50.080515297906594
388.0, 54.69522240527182
389.0, 61.90476190476193
390.0, 65.4853620955316
391.0, 78.81219903691813
392.0, 79.70779220779221
393.0, 81.4262023217247
394.0, 72.5806451612903
395.0, 68.8191881918819
396.0, 67.43737957610789
397.0, 65.20874751491056
398.0, 59.57894736842105
399.0, 63.80952380952382
400.0, 60.66252587991718
401.0, 71.36363636363635
402.0, 73.96694214876032
403.0, 57.495590828924136
404.0, 44.77611940298509
405.0, 37.94549266247382
406.0, 50.53956834532376
407.0, 54.95495495495496
408.0, 54.464285714285715
409.0, 59.42275042444821
410.0, 64.80117820324006
411.0, 65.73529411764704
412.0, 73.13432835820896
413.0, 72.72727272727272
414.0, 72.02072538860104
415.0, 63.61474435196196
416.0, 55.81947743467934
417.0, 63.513513513513516
418.0, 64.03269754768391
419.0, 62.99319727891157
420.0, 61.904761904761905
421.0, 62.841530054644814
422.0, 68.43575418994415
423.0, 48.84742041712405
424.0, 37.6086956521739
425.0, 37.81148429035752
426.0, 24.270711785297536
427.0, 21.14216281895503
428.0, 28.048780487804876
429.0, 35.89449541284402
430.0, 36.866902237926965
431.0, 38.17966903073285
432.0, 39.82737361282367
433.0, 44.12107101280557
434.0, 41.60583941605837
435.0, 44.250871080139376
436.0, 44.1210710128056
437.0, 56.8215892053973
438.0, 64.89726027397262
439.0, 65.31302876480542
440.0, 72.8301886792453
441.0, 71.56308851224107
442.0, 58.44930417495032
443.0, 48.34710743801652
444.0, 53.69127516778522
445.0, 51.8018018018018
446.0, 54.853273137697514
447.0, 42.212189616252815
448.0, 43.85964912280704
449.0, 37.40831295843521
450.0, 35.51637279596976
451.0, 47.99999999999999
452.0, 52.71317829457361
453.0, 51.199999999999996
454.0, 49.74093264248705
455.0, 48.24120603015079
456.0, 39.42505133470226
457.0, 37.35408560311284
458.0, 35.83815028901736
459.0, 37.54789272030655
460.0, 41.68157423971378
461.0, 45.77603143418468
462.0, 34.97053045186641
463.0, 32.448979591836775
464.0, 32.448979591836775
465.0, 23.580786026200883
466.0, 20.210526315789537
467.0, 18.801652892562032
468.0, 23.492723492723513
469.0, 22.967479674796778
470.0, 31.74157303370788
471.0, 39.10034602076128
472.0, 40.860215053763426
473.0, 51.895043731778415
474.0, 48.91640866873065
475.0, 52.252252252252276
476.0, 63.250883392226164
477.0, 54.304635761589374
478.0, 54.15282392026579
479.0, 50.46439628482974
480.0, 65.6167979002625
481.0, 72.07637231503583
482.0, 63.205417607223495
483.0, 69.634703196347
484.0, 72.39819004524888
485.0, 70.95343680709536
486.0, 73.64185110663986
487.0, 70.09132420091323
488.0, 69.7459584295612
489.0, 67.93349168646081
490.0, 64.4495412844037
491.0, 69.04176904176907
492.0, 42.696629213483135
493.0, 43.894389438943875
494.0, 32.486388384754946
495.0, 24.999999999999943
496.0, 27.25321888412013
497.0, 22.46696035242286
498.0, 18.393234672304402
499.0, 20.842105263157876
500.0, 12.354312354312299
501.0, 8.941176470588232
502.0, 3.0732860520094363
503.0, 3.095238095238088
504.0, 3.037383177570078
505.0, 2.8384279475982197
506.0, 24.912280701754398
507.0, 21.385542168674732
508.0, 21.981424148606834
509.0, 30.769230769230816
510.0, 26.213592233009734
511.0, 38.9937106918239
512.0, 39.4904458598726
513.0, 35.43788187372709
514.0, 31.059245960502707
515.0, 32.427536231884076
516.0, 33.457943925233664
517.0, 32.02146690518785
518.0, 34.93530499075786
519.0, 37.96477495107634
520.0, 39.272030651341
521.0, 43.99141630901288
522.0, 54.318618042226475
523.0, 48.71287128712872
524.0, 53.947368421052644
525.0, 42.85714285714287
526.0, 45.52845528455286
527.0, 50.14749262536869
528.0, 56.10561056105609
529.0, 54.3046357615894
530.0, 58.09523809523812
531.0, 67.37804878048783
532.0, 67.07692307692311
533.0, 67.96407185628746
534.0, 56.630824372759875
535.0, 60.59479553903349
536.0, 48.79227053140103
537.0, 62.38938053097342
538.0, 64.67889908256872
539.0, 77.49999999999994
540.0, 79.99999999999994
541.0, 83.18840579710141
542.0, 88.30769230769229
543.0, 83.43023255813954
544.0, 79.52522255192875
545.0, 77.74193548387093
546.0, 48.8517745302714
547.0, 41.74573055028462
548.0, 43.43629343629342
549.0, 42.88499025341128
550.0, 39.5348837209302
551.0, 39.29961089494163
552.0, 43.177570093457966
553.0, 33.04904051172707
554.0, 30.04291845493563
555.0, 19.856459330143537
556.0, 22.302158273381323
557.0, 24.433249370277068
558.0, 24.55696202531645
559.0, 25.499999999999986
560.0, 45.53571428571423
561.0, 67.74193548387095
562.0, 74.02597402597401
563.0, 76.28458498023713
564.0, 86.28762541806016
565.0, 67.07317073170728
566.0, 65.16129032258058
567.0, 72.62569832402232
568.0, 76.50273224043715
569.0, 76.71232876712324
570.0, 77.51322751322746
571.0, 76.25329815303424
572.0, 69.80676328502412
573.0, 71.33027522935778
574.0, 62.075848303393194
575.0, 59.91649269311063
576.0, 56.06407322654462
577.0, 52.102803738317746
578.0, 48.23232323232323
579.0, 53.80281690140843
580.0, 57.51295336787564
581.0, 52.873563218390785
582.0, 48.66468842729971
583.0, 45.93837535014008
584.0, 40.63400576368882
585.0, 38.52459016393447
586.0, 41.59292035398233
587.0, 33.01282051282054
588.0, 48.20143884892091
589.0, 48.5507246376812
590.0, 42.71186440677964
591.0, 41.31147540983613
592.0, 29.430379746835484
593.0, 39.75535168195724
594.0, 27.672955974842793
595.0, 21.451104100946438
596.0, 22.580645161290377
597.0, 24.305555555555614
598.0, 31.666666666666686
599.0, 38.85135135135136
600.0, 38.98305084745766
601.0, 43.47826086956522
602.0, 31.23028391167189
603.0, 34.13897280966765
604.0, 38.58520900321546
605.0, 39.34426229508193
606.0, 39.344262295081954
607.0, 27.03583061889246
608.0, 28.32764505119451
609.0, 29.22535211267602
610.0, 28.421052631578917
611.0, 29.032258064516128
612.0, 19.37716262975775
613.0, 21.54882154882158
614.0, 19.161676646706596
615.0, 13.315217391304387
616.0, 24.791086350974965
617.0, 20.833333333333357
618.0, 18.6813186813187
619.0, 15.315315315315331
620.0, 13.709677419354861
621.0, 13.821138211382134
622.0, 14.285714285714306
623.0, 14.34599156118145
624.0, 28.798586572438182
625.0, 28.05507745266783
626.0, 28.596491228070192
627.0, 24.45652173913045
628.0, 23.601398601398614
629.0, 24.280575539568375
630.0, 18.568665377176018
631.0, 19.92110453648918
632.0, 23.449612403100787
633.0, 28.13953488372094
634.0, 44.53125000000001
635.0, 48.16901408450703
636.0, 45.23809523809525
637.0, 45.3580901856764
638.0, 23.52941176470587
639.0, 23.170731707317074
640.0, 24.91803278688525
641.0, 24.281150159744413
642.0, 32.92181069958846
643.0, 38.09523809523808
644.0, 41.964285714285715
645.0, 56.375838926174495
646.0, 52.85714285714286
647.0, 51.0344827586207
648.0, 40.49586776859502
649.0, 38.13229571984435
650.0, 29.25373134328356
651.0, 29.696969696969674
652.0, 36.544850498338846
653.0, 42.80936454849498
654.0, 44.62540716612377
655.0, 53.51681957186542
656.0, 59.57446808510638
657.0, 60.209424083769626
658.0, 66.66666666666666
659.0, 46.01226993865032
660.0, 47.599999999999994
661.0, 45.6813819577735
662.0, 44.736842105263165
663.0, 47.5
664.0, 55.5056179775281
665.0, 55.133928571428584
666.0, 47.86150712830958
667.0, 43.14115308151092
668.0, 39.92322456813819
669.0, 38.26429980276134
670.0, 30.78602620087335
671.0, 28.183716075156582
672.0, 11.246943765281145
673.0, 14.60317460317458
674.0, 19.21921921921924
675.0, 21.19205298013246
676.0, 21.917808219178085
677.0, 16.76829268292684
678.0, 23.270440251572367
679.0, 22.023809523809547
680.0, 27.874564459930355
681.0, 24.46483180428139
682.0, 32.515337423312886
683.0, 36.04651162790697
684.0, 42.245989304812845
685.0, 46.306818181818194
686.0, 49.704142011834335
687.0, 48.27586206896551
688.0, 41.768292682926834
689.0, 36.827956989247326
690.0, 33.995037220843685
691.0, 37.22826086956523
692.0, 33.33333333333333
693.0, 34.911242603550306
694.0, 29.708222811671078
695.0, 56.570155902004444
696.0, 55.882352941176485
697.0, 57.33041575492343
698.0, 49.89059080962799
699.0, 50.646551724137936
700.0, 51.172707889125796
701.0, 58.47107438016529
702.0, 65.51724137931035
703.0, 74.03846153846153
704.0, 76.38888888888887
705.0, 76.54075546719682
706.0, 70.64220183486239
707.0, 66.37931034482759
708.0, 61.501597444089455
709.0, 50.411522633744866
710.0, 47.37945492662474
711.0, 40.14251781472684
712.0, 42.462311557788944
713.0, 40.359897172236494
714.0, 47.86516853932584
715.0, 38.20224719101124
716.0, 25.675675675675635
717.0, 20.05649717514123
718.0, 18.29896907216495
719.0, 17.48768472906403
720.0, 18.882978723404236
721.0, 23.09941520467835
722.0, 29.044117647058812
723.0, 28.205128205128204
724.0, 43.29268292682926
725.0, 40.340909090909086
726.0, 39.335180055401665
727.0, 38.069705093833775
728.0, 28.923076923076934
729.0, 31.543624161073836
730.0, 33.550488599348554
731.0, 33.11897106109326
732.0, 59.48051948051948
733.0, 61.72506738544474
734.0, 58.26972010178116
735.0, 63.474387527839625
736.0, 69.04761904761902
737.0, 62.426614481409
738.0, 62.86266924564795
739.0, 69.24493554327807
740.0, 65.16464471403812
741.0, 63.51351351351351
742.0, 59.07590759075909
743.0, 62.214983713355046
744.0, 61.779242174629324
745.0, 63.51575456053068
746.0, 57.28155339805825
747.0, 59.72762645914398
748.0, 59.72762645914398
749.0, 52.258064516129046
750.0, 50.77605321507762
751.0, 59.61995249406177
752.0, 45.226130653266345
753.0, 39.44444444444444
754.0, 49.38271604938273
755.0, 58.76923076923079
756.0, 57.53012048192772
757.0, 49.55489614243325
758.0, 45.00000000000001
759.0, 37.10843373493975
760.0, 32.73195876288656
761.0, 34.91271820448877
762.0, 34.91271820448878
763.0, 33.65384615384613
764.0, 32.6829268292683
765.0, 40.259740259740255
766.0, 40.78947368421052
767.0, 40.78947368421052
768.0, 35.74468085106382
769.0, 30.51224944320711
770.0, 37.24137931034481
771.0, 38.94230769230769
772.0, 43.073047858942054
773.0, 62.35565819861433
774.0, 65.02145922746783
775.0, 64.6420824295011
776.0, 68.348623853211
777.0, 74.40758293838863
778.0, 75.56561085972851
779.0, 71.875
780.0, 77.74647887323941
781.0, 77.99442896935932
782.0, 85.71428571428568
783.0, 80.57142857142856
784.0, 79.70149253731341
785.0, 77.61627906976742
786.0, 77.68115942028983
787.0, 62.8252788104089
788.0, 53.19148936170213
789.0, 52.99145299145297
790.0, 63.076923076923066
791.0, 59.199999999999974
792.0, 55.26315789473684
793.0, 51.40186915887851
794.0, 48.0349344978166
795.0, 52.777777777777786
796.0, 59.24657534246573
797.0, 71.97452229299361
798.0, 65.45454545454544
799.0, 67.28971962616822
800.0, 60.766961651917406
801.0, 69.52908587257619
802.0, 73.54497354497354
803.0, 68.51851851851853
804.0, 64.79289940828403
805.0, 59.34959349593499
806.0, 59.016393442622956
807.0, 62.14833759590793
808.0, 68.83116883116887
809.0, 69.23076923076925
810.0, 67.56756756756761
811.0, 68.16976127320959
812.0, 75.26315789473688
813.0, 77.41935483870971
814.0, 74.41860465116278
815.0, 66.39344262295083
816.0, 56.6929133858268
817.0, 57.60000000000001
818.0, 56.25000000000001
819.0, 65.88541666666666
820.0, 63.04909560723514
821.0, 63.33333333333334
822.0, 54.74452554744524
823.0, 52.67175572519085
824.0, 49.86522911051213
825.0, 50.39999999999999
826.0, 39.02439024390246
827.0, 37.44075829383886
828.0, 43.041237113402076
829.0, 39.85680190930786
830.0, 45.16971279373367
831.0, 48.83116883116884
832.0, 55.86854460093896
833.0, 49.62962962962964
834.0, 46.85314685314686
835.0, 44.254278728606344
836.0, 45.024875621890565
837.0, 37.288135593220325
838.0, 34.84162895927601
839.0, 24.8041775456919
840.0, 25.74525745257452
841.0, 28.96174863387975
842.0, 31.758530183727018
843.0, 37.00305810397553
844.0, 32.485875706214685
845.0, 31.51862464183378
846.0, 19.999999999999957
847.0, 42.85714285714284
848.0, 43.636363636363626
849.0, 36.915887850467264
850.0, 38.442822384428204
851.0, 38.53658536585366
852.0, 45.7420924574209
853.0, 53.34728033472804
854.0, 62.554112554112564
855.0, 60.30368763557486
856.0, 58.876404494382044
857.0, 67.08860759493672
858.0, 74.17677642980938
859.0, 63.91437308868502
860.0, 67.36111111111111
861.0, 53.85714285714286
862.0, 60.6425702811245
863.0, 69.33842239185752
864.0, 68.3814303638645
865.0, 69.69309462915601
866.0, 67.23237597911228
867.0, 67.86171574903969
868.0, 65.26315789473685
869.0, 64.41558441558442
870.0, 68.79271070615033
871.0, 66.54456654456655
872.0, 61.07634543178973
873.0, 68.44319775596074
874.0, 69.67654986522912
875.0, 80.25936599423632
876.0, 78.69362363919129
877.0, 66.7741935483871
878.0, 71.42857142857144
879.0, 73.21131447587354
880.0, 75.12690355329951
881.0, 63.52313167259787
882.0, 66.01769911504425
883.0, 70.29360967184803
884.0, 65.11156186612578
885.0, 61.94690265486727
886.0, 70.77922077922078
887.0, 71.36752136752136
888.0, 49.07216494845361
889.0, 45.95185995623634
890.0, 48.21802935010484
891.0, 48.62579281183932
892.0, 48.07692307692309
893.0, 51.836734693877546
894.0, 55.04761904761904
895.0, 59.22131147540981
896.0, 62.45283018867923
897.0, 54.797047970479696
898.0, 56.86619718309856
899.0, 61.35646687697158
900.0, 53.18818040435459
901.0, 45.0268817204301
902.0, 55.0834597875569
903.0, 51.846381093057595
904.0, 51.70370370370368
905.0, 53.36391437308868
906.0, 48.52071005917159
907.0, 41.24137931034483
908.0, 32.33830845771145
909.0, 32.786885245901644
910.0, 30.417754569190578
911.0, 31.108144192256333
912.0, 26.808510638297875
913.0, 15.059445178335537
914.0, 35.986913849509264
915.0, 41.00985221674877
916.0, 36.13744075829383
917.0, 32.20696937697994
918.0, 35.99202392821536
919.0, 37.60416666666666
920.0, 44.34434434434435
921.0, 43.86138613861385
922.0, 43.135345666991235
923.0, 43.55948869223205
924.0, 38.43283582089553
925.0, 36.267605633802816
926.0, 40.94616639477977
927.0, 47.40088105726873
928.0, 43.142857142857146
929.0, 45.727272727272734
930.0, 49.90671641791045
931.0, 54.536187563710506
932.0, 45.18134715025907
933.0, 45.454545454545446
934.0, 43.347639484978544
935.0, 46.118721461187214
936.0, 54.52091767881242
937.0, 44.69026548672566
938.0, 51.63551401869159
939.0, 54.90683229813664
940.0, 49.58333333333333
941.0, 44.64534075104312
942.0, 27.616279069767444
943.0, 20.447761194029866
944.0, 19.728915662650607
945.0, 31.99445983379502
946.0, 35.81395348837209
947.0, 42.73858921161826
948.0, 39.56204379562045
949.0, 39.21852387843705
950.0, 36.037234042553195
951.0, 52.53731343283584
952.0, 45.83941605839416
953.0, 57.217165149544854
954.0, 60.45673076923077
955.0, 58.76168224299066
956.0, 68.61042183622828
957.0, 64.45221445221443
958.0, 65.65315315315314
959.0, 58.83069427527405
960.0, 62.94642857142857
961.0, 60.895170789163714
962.0, 59.18604651162791
963.0, 64.54545454545453
964.0, 69.39024390243901
965.0, 57.957244655581945
966.0, 59.36739659367397
967.0, 55.7029177718833
968.0, 47.61904761904762
969.0, 58.167330677290835
970.0, 55.69620253164557
971.0, 66.1218424962853
972.0, 66.42120765832107
973.0, 62.206896551724135
974.0, 55.722891566265055
975.0, 52.26209048361936
976.0, 50.451807228915676
977.0, 41.503759398496236
978.0, 44.50784593437945
979.0, 49.52380952380952
980.0, 57.335329341317355
981.0, 52.33494363929146
982.0, 48.363095238095234
983.0, 42.833607907742994
984.0, 38.65030674846626
985.0, 33.993399339934
986.0, 31.856899488926743
987.0, 35.2165725047081
988.0, 43.94463667820069
989.0, 40.83601286173633
990.0, 43.717728055077444
991.0, 50.371747211895915
992.0, 46.706586826347305
993.0, 42.31464737793852
994.0, 32.73092369477912
995.0, 38.403041825095045
996.0, 45.59819413092551
997.0, 41.92771084337348
998.0, 53.23383084577114
999.0, 55.971896955503524
1000.0, 50.64599483204137
1001.0, 47.342995169082116
1002.0, 33.68146214099215
1003.0, 32.249999999999986
1004.0, 30.14018691588781
1005.0, 24.50765864332601
1006.0, 30.722891566265048
1007.0, 34.69387755102039
1008.0, 38.461538461538446
1009.0, 33.98058252427184
1010.0, 34.229828850855725
1011.0, 32.76699029126213
1012.0, 27.486910994764372
1013.0, 23.055555555555557
1014.0, 22.252010723860593
1015.0, 25.382262996941904
1016.0, 33.118971061093234
1017.0, 42.38683127572014
1018.0, 56.809338521400804
1019.0, 80.76923076923076
1020.0, 66.28571428571425
1021.0, 76.17801047120416
1022.0, 77.58620689655169
1023.0, 63.22314049586775
1024.0, 53.40314136125656
1025.0, 64.71389645776567
1026.0, 59.92268041237114
1027.0, 65.01687289088864
1028.0, 69.71252566735113
1029.0, 65.22574447646494
1030.0, 60.072926162260714
1031.0, 60.990990990991
1032.0, 61.51111111111111
1033.0, 57.961165048543684
1034.0, 60.67073170731709
1035.0, 57.112526539278136
1036.0, 51.556016597510386
1037.0, 58.3789704271632
1038.0, 67.9372197309417
1039.0, 59.781121751026
1040.0, 58.26666666666667
1041.0, 52.50379362670713
1042.0, 49.10569105691058
1043.0, 57.54385964912281
1044.0, 55.87734241908007
1045.0, 56.83333333333335
1046.0, 50.80789946140035
1047.0, 48.106060606060616
1048.0, 55.57404326123128
1049.0, 54.93421052631579
1050.0, 62.91739894551846
1051.0, 66.02254428341385
1052.0, 62.388591800356515
1053.0, 69.8813056379822
1054.0, 79.90867579908675
1055.0, 71.61383285302594
1056.0, 63.675832127351676
1057.0, 60.08708272859216
1058.0, 63.888888888888886
1059.0, 57.33532934131736
1060.0, 58.11836115326252
1061.0, 52.48618784530386
1062.0, 49.11242603550295
1063.0, 48.39650145772595
1064.0, 49.85835694050991
1065.0, 40.67796610169491
1066.0, 36.80351906158356
1067.0, 21.594684385382052
1068.0, 13.523131672597856
1069.0, 26.782608695652172
1070.0, 27.45098039215685
1071.0, 29.595588235294116
1072.0, 38.92988929889299
1073.0, 48.33948339483395
1074.0, 55.66343042071197
1075.0, 61.538461538461554
1076.0, 61.46953405017923
1077.0, 67.67857142857144
1078.0, 63.68821292775665
1079.0, 66.73306772908364
1080.0, 65.17509727626461
1081.0, 64.54720616570327
1082.0, 59.29203539823008
1083.0, 49.51830443159922
1084.0, 48.21763602251408
1085.0, 49.81818181818182
1086.0, 43.75
1087.0, 32.64150943396227
1088.0, 19.9124726477024
1089.0, 24.203821656050962
1090.0, 23.060344827586206
1091.0, 23.39055793991416
1092.0, 27.85862785862787
1093.0, 32.27091633466138
1094.0, 36.4864864864865
1095.0, 45.74712643678161
1096.0, 45.022624434389144
1097.0, 47.60765550239235
1098.0, 54.223433242506815
1099.0, 52.67605633802816
1100.0, 53.581661891117484
1101.0, 69.1029900332226
1102.0, 71.71717171717171
1103.0, 70.10676156583628
1104.0, 71.42857142857143
1105.0, 71.71717171717172
1106.0, 75.65217391304347
1107.0, 74.15384615384616
1108.0, 61.47959183673467
1109.0, 58.402203856749296
1110.0, 75.79250720461093
1111.0, 76.23188405797102
1112.0, 77.74647887323941
1113.0, 78.53260869565216
1114.0, 81.08808290155442
1115.0, 82.01970443349754
1116.0, 78.84615384615381
1117.0, 77.34939759036143
1118.0, 73.76623376623374
1119.0, 74.43037974683541
1120.0, 54.56790123456791
1121.0, 49.30555555555555
1122.0, 55.46875
1123.0, 55.9278350515464
1124.0, 48.39650145772596
1125.0, 52.762430939226505
1126.0, 50.42492917847027
1127.0, 36.6906474820144
1128.0, 41.463414634146325
1129.0, 39.99999999999997
1130.0, 41.68618266978921
1131.0, 49.26931106471817
1132.0, 53.634577603143434
1133.0, 46.93446088794928
1134.0, 56.777493606138115
1135.0, 61.83844011142059
1136.0, 66.47727272727273
1137.0, 63.0681818181818
1138.0, 50.56947608200456
1139.0, 43.68070953436807
1140.0, 47.80793319415448
1141.0, 58.7179487179487
1142.0, 54.775280898876375
1143.0, 54.647887323943685
1144.0, 51.199999999999996
1145.0, 41.35802469135802
1146.0, 30.312500000000014
1147.0, 30.50314465408809
1148.0, 40.37940379403795
1149.0, 44.072164948453604
1150.0, 43.34203655352479
1151.0, 45.6233421750663
1152.0, 62.03389830508473
1153.0, 70.1149425287356
1154.0, 54.121863799283155
1155.0, 50.33333333333333
1156.0, 51.77993527508095
1157.0, 49.31972789115642
1158.0, 47.23127035830622
1159.0, 43.413173652694645
1160.0, 44.75308641975309
1161.0, 48.125000000000014
1162.0, 39.1941391941392
1163.0, 35.65891472868216
1164.0, 36.39846743295022
1165.0, 40.50179211469539
1166.0, 37.49999999999997
1167.0, 36.04240282685511
1168.0, 44.491525423728824
1169.0, 44.871794871794876
1170.0, 47.77327935222666
1171.0, 42.62295081967218
1172.0, 42.798353909465035
1173.0, 43.15352697095436
1174.0, 51.48936170212766
1175.0, 46.28099173553721
1176.0, 37.80918727915193
1177.0, 37.366548042704665
1178.0, 30.448717948717956
1179.0, 28.38283828382839
1180.0, 26.219512195121965
1181.0, 26.959247648902846
1182.0, 30.030030030030034
1183.0, 31.055900621118028
1184.0, 27.92207792207796
1185.0, 26.543209876543216
1186.0, 32.00000000000003
1187.0, 34.042553191489375
1188.0, 34.50704225352115
1189.0, 36.431226765799266
1190.0, 55.19713261648746
1191.0, 63.4502923976608
1192.0, 72.8155339805825
1193.0, 69.07894736842104
1194.0, 65.42056074766354
1195.0, 66.45569620253161
1196.0, 68.35820895522386
1197.0, 67.75147928994079
1198.0, 64.37908496732021
1199.0, 67.0068027210884
1200.0, 64.04109589041092
1201.0, 75.9894459102902
1202.0, 66.74937965260544
1203.0, 66.99751861042182
1204.0, 67.16049382716047
1205.0, 61.22448979591837
1206.0, 57.71428571428569
1207.0, 53.29815303430076
1208.0, 58.21325648414985
1209.0, 59.497206703910614
1210.0, 56.58682634730535
1211.0, 60.23738872403559
1212.0, 57.02247191011239
1213.0, 59.530791788856334
1214.0, 63.068181818181834
1215.0, 48.41269841269845
1216.0, 62.008733624454166
1217.0, 62.17391304347825
1218.0, 54.6875
1219.0, 49.49999999999992
1220.0, 60.185185185185226
1221.0, 56.03448275862072
1222.0, 51.58730158730159
1223.0, 61.635220125786155
1224.0, 57.861635220125784
1225.0, 49.418604651162795
1226.0, 56.58263305322128
1227.0, 57.53424657534243
1228.0, 55.96590909090911
1229.0, 52.5469168900804
1230.0, 52.673796791443834
1231.0, 53.785900783289804
1232.0, 51.2396694214876
1233.0, 60.24390243902441
1234.0, 51.428571428571445
1235.0, 55.67010309278351
1236.0, 58.536585365853625
1237.0, 46.80134680134679
1238.0, 46.48829431438132
1239.0, 56.043956043956
1240.0, 50.0
1241.0, 52.91828793774322
1242.0, 50.387596899224796
1243.0, 55.83333333333336
1244.0, 45.934959349593505
1245.0, 50.55762081784388
1246.0, 49.81684981684985
1247.0, 33.18584070796453
1248.0, 36.9458128078817
1249.0, 39.682539682539634
1250.0, 57.69230769230771
1251.0, 64.25855513307991
1252.0, 65.50387596899225
1253.0, 62.000000000000064
1254.0, 64.9253731343284
1255.0, 65.0557620817844
1256.0, 63.86861313868612
1257.0, 62.867647058823536
1258.0, 72.89377289377292
1259.0, 69.03765690376572
1260.0, 61.11111111111107
1261.0, 72.83582089552239
1262.0, 79.72222222222221
1263.0, 82.41758241758241
1264.0, 79.15309446254072
1265.0, 77.62237762237763
1266.0, 77.8947368421052
1267.0, 80.74324324324317
1268.0, 79.78723404255311
1269.0, 78.32699619771856
1270.0, 82.14285714285708
1271.0, 68.99999999999997
1272.0, 69.90291262135919
1273.0, 69.67741935483863
1274.0, 76.05633802816897
1275.0, 66.99029126213586
1276.0, 60.919540229884994
1277.0, 62.43093922651928
1278.0, 52.6315789473684
1279.0, 57.87234042553192
1280.0, 57.87234042553192
1281.0, 56.76855895196503
1282.0, 55.80357142857138
1283.0, 50.632911392405006
1284.0, 56.34328358208954
1285.0, 75.72463768115941
1286.0, 70.20408163265297
1287.0, 63.23529411764709
1288.0, 63.468634686346846
1289.0, 64.25992779783391
1290.0, 63.736263736263716
1291.0, 63.6029411764706
1292.0, 79.7619047619047
1293.0, 72.01257861635213
1294.0, 68.76876876876874
1295.0, 67.99999999999999
1296.0, 69.9421965317919
1297.0, 74.25149700598799
1298.0, 76.04456824512532
1299.0, 72.69841269841265
1300.0, 76.878612716763
1301.0, 77.10144927536226
1302.0, 81.8877551020408
1303.0, 84.39560439560438
1304.0, 74.06679764243614
1305.0, 74.5664739884393
1306.0, 61.34453781512604
1307.0, 57.03125
1308.0, 45.91194968553459
1309.0, 45.58359621451105
1310.0, 54.42536327608982
1311.0, 56.10687022900765
1312.0, 57.97807551766138
1313.0, 55.065554231227644
1314.0, 49.476135040745056
1315.0, 52.11764705882355
1316.0, 46.080760095011875
1317.0, 38.08383233532935
1318.0, 34.08360128617363
1319.0, 33.22475570032573
1320.0, 35.212888377445324
1321.0, 40.54054054054054
1322.0, 52.57595772787319
1323.0, 58.03048065650643
1324.0, 47.560975609756106
1325.0, 39.7984886649874
1326.0, 36.26666666666668
1327.0, 35.602094240837715
1328.0, 33.33333333333336
1329.0, 31.789737171464324
1330.0, 33.33333333333333
1331.0, 34.699453551912555
1332.0, 53.63372093023255
1333.0, 52.148148148148174
1334.0, 52.639296187683314
1335.0, 53.79113018597997
1336.0, 47.22222222222223
1337.0, 34.769230769230774
1338.0, 37.10191082802548
1339.0, 40.521739130434796
1340.0, 29.790660225442835
1341.0, 36.17021276595747
1342.0, 43.84920634920635
1343.0, 45.97701149425287
1344.0, 49.62962962962964
1345.0, 47.183098591549324
1346.0, 32.07547169811323
1347.0, 27.419354838709722
1348.0, 25.172413793103473
1349.0, 15.95744680851071
1350.0, 27.574750830564795
1351.0, 35.800344234079205
1352.0, 35.01742160278748
1353.0, 38.0776340110906
1354.0, 50.20661157024794
1355.0, 47.37991266375544
1356.0, 46.566523605150216
1357.0, 41.33611691022966
1358.0, 36.32478632478632
1359.0, 43.83886255924166
1360.0, 42.824074074074055
1361.0, 56.56836461126003
1362.0, 65.63307493540054
1363.0, 76.03092783505154
1364.0, 64.60176991150445
1365.0, 47.32620320855615
1366.0, 45.03816793893129
1367.0, 42.05378973105132
1368.0, 38.75968992248066
1369.0, 33.4128878281623
1370.0, 32.332563510392646
1371.0, 24.647887323943678
1372.0, 24.82269503546101
1373.0, 24.014336917562773
1374.0, 24.49725776965269
1375.0, 19.115044247787637
1376.0, 12.310606060606105
1377.0, 4.819277108433781
1378.0, 6.092436974789962
1379.0, 11.694510739856838
1380.0, 13.546798029556697
1381.0, 13.647642679900798
1382.0, 10.282776349614394
1383.0, 10.752688172043023
1384.0, 11.14206128133705
1385.0, 30.275229357798153
1386.0, 28.57142857142857
1387.0, 32.65306122448982
1388.0, 33.75527426160339
1389.0, 44.05940594059406
1390.0, 59.003831417624525
1391.0, 68.1063122923588
1392.0, 65.14657980456025
1393.0, 55.21472392638036
1394.0, 52.56797583081571
1395.0, 56.69781931464174
1396.0, 57.40740740740742
1397.0, 64.12698412698415
1398.0, 64.53674121405751
1399.0, 55.69620253164559
1400.0, 55.873015873015895
1401.0, 52.721088435374156
1402.0, 57.388316151202744
1403.0, 57.09342560553634
1404.0, 42.01680672268905
1405.0, 26.20320855614969
1406.0, 42.27272727272727
1407.0, 47.69230769230769
1408.0, 54.95049504950494
1409.0, 50.73891625615762
1410.0, 49.2537313432836
1411.0, 43.22916666666667
1412.0, 39.336492890995274
1413.0, 54.58715596330274
1414.0, 62.999999999999986
1415.0, 62.31155778894473
1416.0, 63.41463414634148
1417.0, 63.41463414634148
1418.0, 68.87755102040818
1419.0, 64.90384615384619
1420.0, 48.66310160427805
1421.0, 60.194174757281566
1422.0, 57.29166666666671
1423.0, 53.14009661835752
1424.0, 54.10628019323672
1425.0, 56.000000000000014
1426.0, 62.222222222222214
1427.0, 58.53658536585365
1428.0, 57.76397515527951
1429.0, 51.66666666666663
1430.0, 49.710982658959544
1431.0, 46.19883040935671
1432.0, 40.65934065934068
1433.0, 49.473684210526336
1434.0, 54.02298850574713
1435.0, 58.97435897435894
1436.0, 64.44444444444439
1437.0, 68.72037914691938
1438.0, 70.13574660633482
1439.0, 71.17903930131001
1440.0, 74.67248908296938
1441.0, 64.8068669527897
1442.0, 64.5021645021645
1443.0, 67.42081447963804
1444.0, 65.09433962264148
1445.0, 71.12970711297072
1446.0, 77.54237288135596
1447.0, 76.54867256637169
1448.0, 74.2489270386266
1449.0, 67.21311475409838
1450.0, 54.26829268292685
1451.0, 77.66323024054984
1452.0, 77.27272727272727
1453.0, 78.82736156351791
1454.0, 80.0
1455.0, 86.4238410596026
1456.0, 85.4785478547854
1457.0, 86.04651162790694
1458.0, 88.3720930232558
1459.0, 87.61609907120742
1460.0, 87.49999999999999
1461.0, 82.82208588957054
1462.0, 86.53846153846155
1463.0, 86.75078864353313
1464.0, 90.16393442622949
1465.0, 73.40425531914893
1466.0, 73.95833333333331
1467.0, 68.9024390243903
1468.0, 58.78378378378383
1469.0, 58.503401360544224
1470.0, 60.273972602739775
1471.0, 62.41134751773042
1472.0, 40.9523809523809
1473.0, 41.50943396226418
1474.0, 30.630630630630634
1475.0, 42.99065420560735
1476.0, 45.045045045045065
1477.0, 41.9047619047618
1478.0, 48.214285714285744
1479.0, 54.54545454545455
1480.0, 52.63157894736846
1481.0, 54.16666666666657
1482.0, 59.770114942528856
1483.0, 62.7659574468085
1484.0, 70.8333333333334
1485.0, 68.5483870967743
1486.0, 72.6495726495728
1487.0, 64.03508771929833
1488.0, 75.925925925926
1489.0, 73.7373737373739
1490.0, 73.7373737373738
1491.0, 79.2000000000001
1492.0, 57.79220779220777
1493.0, 48.633879781420745
1494.0, 50.0
1495.0, 64.25855513307988
1496.0, 63.77358490566032
1497.0, 63.77358490566038
1498.0, 62.05533596837943
1499.0, 69.93243243243242
1500.0, 73.87387387387386
1501.0, 82.58928571428571
1502.0, 83.1168831168831
1503.0, 83.74999999999997
1504.0, 81.5573770491803
1505.0, 76.87500000000001
1506.0, 83.92857142857146
1507.0, 91.36690647482015
1508.0, 71.78988326848248
1509.0, 65.91422121896164
1510.0, 65.32438478747207
1511.0, 67.02127659574471
1512.0, 70.07722007722012
1513.0, 58.61423220973785
1514.0, 58.06451612903228
1515.0, 52.26781857451401
1516.0, 45.911949685534616
1517.0, 39.599999999999994
1518.0, 44.971537001897545
1519.0, 45.664739884393065
1520.0, 41.89435336976319
1521.0, 40.25044722719141
1522.0, 48.283261802575105
1523.0, 47.56871035940803
1524.0, 43.77431906614786
1525.0, 42.19999999999999
1526.0, 43.44422700587083
1527.0, 53.34728033472804
1528.0, 47.54797441364605
1529.0, 38.625592417061654
1530.0, 41.58163265306124
1531.0, 49.1758241758242
1532.0, 39.77272727272726
1533.0, 43.62606232294615
1534.0, 50.609756097560954
1535.0, 51.07692307692308
1536.0, 60.49723756906077
1537.0, 63.48314606741571
1538.0, 75.44910179640712
1539.0, 71.0843373493976
1540.0, 64.17910447761196
1541.0, 61.599999999999966
1542.0, 69.83471074380165
1543.0, 76.47058823529407
1544.0, 79.92424242424238
1545.0, 67.24137931034483
1546.0, 75.62724014336928
1547.0, 67.93103448275869
1548.0, 66.54676258992812
1549.0, 72.06896551724147
1550.0, 65.54621848739498
1551.0, 64.65517241379314
1552.0, 63.3928571428572
1553.0, 69.77777777777774
1554.0, 72.35772357723576
1555.0, 68.20083682008372
1556.0, 52.11267605633798
1557.0, 41.355932203389855
1558.0, 29.943502824858754
1559.0, 32.81733746130027
1560.0, 36.36363636363632
1561.0, 31.794871794871767
1562.0, 36.96682464454974
1563.0, 31.1320754716981
1564.0, 31.529411764705927
1565.0, 29.295154185022042
1566.0, 25.2747252747253
1567.0, 21.141649048625865
1568.0, 28.54406130268201
1569.0, 33.99638336347199
1570.0, 45.535714285714285
1571.0, 45.94594594594592
1572.0, 55.62130177514792
1573.0, 54.86381322957198
1574.0, 55.212355212355234
1575.0, 65.87473002159822
1576.0, 66.09442060085834
1577.0, 57.46268656716417
1578.0, 56.35359116022096
1579.0, 55.43478260869562
1580.0, 55.434782608695656
1581.0, 58.396946564885475
1582.0, 49.12663755458514
1583.0, 47.7578475336323
1584.0, 35.696821515892495
1585.0, 40.920716112532034
1586.0, 52.27272727272725
1587.0, 52.38095238095238
1588.0, 47.252747252747255
1589.0, 49.04458598726116
1590.0, 47.4835886214442
1591.0, 68.28193832599118
1592.0, 67.09956709956711
1593.0, 72.09302325581397
1594.0, 72.59953161592503
1595.0, 73.64705882352939
1596.0, 79.13978494623657
1597.0, 72.09302325581399
1598.0, 78.79417879417883
1599.0, 79.47686116700206
1600.0, 73.77892030848332
1601.0, 74.35233160621775
1602.0, 75.92592592592595
1603.0, 60.28708133971293
1604.0, 50.21739130434782
1605.0, 34.93670886075948
1606.0, 41.17647058823524
1607.0, 40.19138755980857
1608.0, 41.93548387096769
1609.0, 38.5150812064965
1610.0, 42.39130434782607
1611.0, 47.36842105263156
1612.0, 49.56140350877193
1613.0, 41.26315789473679
1614.0, 35.114503816793885
1615.0, 33.57664233576641
1616.0, 29.299363057324825
1617.0, 41.335453100158965
1618.0, 47.24137931034482
1619.0, 43.980738362760825
1620.0, 37.25190839694657
1621.0, 36.69172932330826
1622.0, 29.8159509202454
1623.0, 29.706601466992666
1624.0, 19.75155279503106
1625.0, 17.499999999999986
1626.0, 9.544008483563076
1627.0, 14.649681528662413
1628.0, 19.1512513601741
1629.0, 21.316964285714278
1630.0, 22.87425149700597
1631.0, 17.85714285714286
1632.0, 15.0
1633.0, 15.180722891566262
1634.0, 20.049813200498136
1635.0, 30.03412969283275
1636.0, 42.78668310727498
1637.0, 48.44124700239809
1638.0, 55.8968058968059
1639.0, 63.423212192262596
1640.0, 77.7298850574713
1641.0, 71.13997113997112
1642.0, 63.63636363636364
1643.0, 55.83756345177663
1644.0, 59.37888198757765
1645.0, 61.7096018735363
1646.0, 62.07302709069494
1647.0, 66.45649432534678
1648.0, 65.9846547314578
1649.0, 62.215909090909086
1650.0, 60.35767511177346
1651.0, 58.9506172839506
1652.0, 52.45641838351822
1653.0, 40.765391014975044
1654.0, 39.13738019169327
1655.0, 40.69767441860467
1656.0, 35.5587808417997
1657.0, 39.644012944983835
1658.0, 37.31092436974787
1659.0, 36.779661016949156
1660.0, 38.749999999999986
1661.0, 39.642857142857146
1662.0, 34.67600700525395
1663.0, 28.31423895253684
1664.0, 35.302806499261465
1665.0, 31.393568147013795
1666.0, 37.08206686930092
1667.0, 37.65432098765432
1668.0, 44.13075780089154
1669.0, 45.71865443425075
1670.0, 61.552680221811436
1671.0, 61.43911439114388
1672.0, 61.1524163568773
1673.0, 48.41713221601488
1674.0, 57.8397212543554
1675.0, 50.69767441860465
1676.0, 55.22151898734175
1677.0, 64.02640264026401
1678.0, 60.93189964157705
1679.0, 55.284552845528474
1680.0, 55.13866231647636
1681.0, 64.98470948012233
1682.0, 63.004846526655896
1683.0, 62.479871175523364
1684.0, 53.07346326836582
1685.0, 56.61764705882355
1686.0, 60.77127659574469
1687.0, 62.947658402203885
1688.0, 61.29496402877699
1689.0, 68.97106109324761
1690.0, 61.20300751879702
1691.0, 61.37724550898205
1692.0, 63.3001422475107
1693.0, 68.35637480798775
1694.0, 67.50788643533124
1695.0, 57.79661016949155
1696.0, 54.10385259631492
1697.0, 52.35008103727714
1698.0, 57.5757575757576
1699.0, 53.09090909090909
1700.0, 43.90756302521009
1701.0, 47.71689497716892
1702.0, 56.62878787878788
1703.0, 47.97406807131281
1704.0, 60.675883256528415
1705.0, 56.57051282051282
1706.0, 46.554934823091244
1707.0, 48.48484848484849
1708.0, 47.18446601941749
1709.0, 49.49083503054989
1710.0, 46.8208092485549
1711.0, 51.25725338491298
1712.0, 50.76628352490419
1713.0, 47.83393501805053
1714.0, 43.58552631578949
1715.0, 51.64051355206848
1716.0, 44.51718494271685
1717.0, 51.90839694656488
1718.0, 51.631477927063315
1719.0, 56.11111111111111
1720.0, 60.95406360424028
1721.0, 61.22807017543857
1722.0, 62.605752961082885
1723.0, 58.9171974522293
1724.0, 64.12478336221838
1725.0, 62.36559139784945
1726.0, 69.32203389830511
1727.0, 71.5034965034965
1728.0, 82.07885304659497
1729.0, 78.49462365591398
1730.0, 77.01149425287358
1731.0, 80.88531187122737
1732.0, 78.06004618937645
1733.0, 77.48815165876778
1734.0, 64.92027334851936
1735.0, 61.11111111111111
1736.0, 64.92985971943887
1737.0, 73.90350877192981
1738.0, 74.28571428571425
1739.0, 73.16017316017317
1740.0, 70.6855791962175
1741.0, 79.59183673469389
1742.0, 74.38423645320199
1743.0, 78.19706498951783
1744.0, 68.17325800376649
1745.0, 60.95041322314052
1746.0, 58.64332603938735
1747.0, 61.971830985915524
1748.0, 75.00000000000003
1749.0, 66.5529010238908
1750.0, 62.38003838771596
1751.0, 61.793372319688125
1752.0, 65.61403508771932
1753.0, 58.43749999999999
1754.0, 60.88235294117647
1755.0, 53.47119645494829
1756.0, 53.235294117647065
1757.0, 51.671732522796376
1758.0, 56.2913907284768
1759.0, 57.62711864406778
1760.0, 51.93798449612403
1761.0, 53.52323838080959
1762.0, 43.17111459968603
1763.0, 51.754385964912274
1764.0, 49.82394366197183
1765.0, 49.20353982300882
1766.0, 41.984732824427475
1767.0, 44.71544715447155
1768.0, 42.61603375527427
1769.0, 43.72294372294374
1770.0, 51.97628458498023
1771.0, 49.37499999999997
1772.0, 57.97101449275365
1773.0, 55.55555555555556
1774.0, 68.18181818181817
1775.0, 58.362369337979096
1776.0, 67.70293609671847
1777.0, 64.58333333333331
1778.0, 63.69863013698627
1779.0, 58.58267716535436
1780.0, 61.44200626959248
1781.0, 68.76971608832807
1782.0, 67.96116504854368
1783.0, 76.00596125186289
1784.0, 75.3822629969419
1785.0, 70.92846270928463
1786.0, 61.18210862619808
1787.0, 60.69730586370842
1788.0, 54.82695810564665
1789.0, 56.261682242990645
1790.0, 45.86466165413532
1791.0, 50.275229357798175
1792.0, 47.81849912739965
1793.0, 50.553505535055336
1794.0, 50.91575091575089
1795.0, 49.338374291115315
1796.0, 46.32206759443339
1797.0, 39.73214285714288
1798.0, 40.00000000000001
1799.0, 41.86046511627907
1800.0, 39.64757709251104
1801.0, 44.41860465116279
1802.0, 36.421052631578924
1803.0, 50.9874326750449
1804.0, 60.46931407942238
1805.0, 61.17021276595745
1806.0, 70.17241379310344
1807.0, 65.85760517799355
1808.0, 65.35303776683088
1809.0, 65.85760517799355
1810.0, 58.2260371959943
1811.0, 52.247191011235955
1812.0, 51.841359773371096
1813.0, 52.43553008595988
1814.0, 55.45454545454545
1815.0, 49.789621318373065
1816.0, 55.90433482810167
1817.0, 45.73913043478259
1818.0, 38.26714801444041
1819.0, 39.999999999999986
1820.0, 26.517571884984037
1821.0, 28.57142857142857
1822.0, 30.369127516778548
1823.0, 30.948419301164748
1824.0, 41.34275618374559
1825.0, 43.90243902439023
1826.0, 33.506044905008665
1827.0, 49.06914893617021
1828.0, 47.67441860465117
1829.0, 47.42930591259641
1830.0, 39.10614525139665
1831.0, 37.47323340471093
1832.0, 42.590673575129536
1833.0, 39.7170837867247
1834.0, 47.342995169082116
1835.0, 53.3259423503326
1836.0, 48.33869239013934
1837.0, 45.40420819490586
1838.0, 42.044134727061554
1839.0, 48.06866952789699
1840.0, 54.618015963511986
1841.0, 46.57718120805371
1842.0, 54.691689008042886
1843.0, 59.7364568081991
1844.0, 64.15094339622641
1845.0, 67.88685524126453
1846.0, 60.87719298245615
1847.0, 53.23854660347551
1848.0, 50.98684210526317
1849.0, 43.984962406015036
1850.0, 58.92547660311956
1851.0, 60.558464223385705
1852.0, 64.9122807017544
1853.0, 61.60558464223387
1854.0, 58.333333333333314
1855.0, 59.292035398230084
1856.0, 58.70736086175941
1857.0, 59.67741935483872
1858.0, 65.42239685658151
1859.0, 69.36758893280633
1860.0, 66.73003802281366
1861.0, 80.11695906432745
1862.0, 81.75182481751821
1863.0, 81.65137614678895
1864.0, 67.52988047808765
1865.0, 67.20321931589535
1866.0, 51.50375939849624
1867.0, 42.16027874564459
1868.0, 42.756183745583044
1869.0, 42.142857142857125
1870.0, 38.049713193116645
1871.0, 43.455497382198956
1872.0, 32.12903225806453
1873.0, 33.078880407124686
1874.0, 38.020833333333336
1875.0, 33.51955307262571
1876.0, 35.326086956521735
1877.0, 34.883720930232556
1878.0, 40.489913544668596
1879.0, 43.112947658402206
1880.0, 50.23474178403754
1881.0, 59.80230642504119
1882.0, 60.26272577996715
1883.0, 60.1317957166392
1884.0, 62.76923076923076
1885.0, 61.88976377952754
1887.0, 92.63959390862938
1888.0, 83.66834170854267
1889.0, 85.19362186788152
1890.0, 80.86734693877544
1891.0, 80.91603053435108
1892.0, 79.67479674796743
1893.0, 79.61956521739124
1894.0, 78.29670329670327
1895.0, 67.12707182320436
1896.0, 64.5945945945946
1897.0, 65.4353562005277
1898.0, 61.01190476190477
1899.0, 61.24260355029586
1900.0, 63.407821229050235
1901.0, 75.12195121951221
1902.0, 84.3230403800475
1903.0, 82.90155440414507
1904.0, 59.25925925925926
1905.0, 57.61467889908259
1906.0, 60.580204778157
1907.0, 62.193126022913276
1908.0, 58.10397553516819
1909.0, 60.80000000000001
1910.0, 52.48618784530386
1911.0, 47.2913616398243
1912.0, 53.48837209302325
1913.0, 48.06322062443323
1914.0, 44.69987228607919
1915.0, 40.35812672176307
1916.0, 42.26666666666667
1917.0, 44.12903225806451
1918.0, 58.22981366459626
1919.0, 59.7754911131899
1920.0, 43.09951886553558
1921.0, 37.563181697259914
1922.0, 41.72185430463577
1923.0, 40.65609034686744
1924.0, 50.22597167821634
1925.0, 54.4215714699913
1926.0, 56.01566871852266
1927.0, 65.33147420458864
1928.0, 62.2614158009181
1929.0, 59.65040058266569
1930.0, 57.5370464997445
1931.0, 56.819953234606395
1932.0, 50.49950049950052
1933.0, 55.97512216792535
1934.0, 75.71090047393366
1935.0, 75.8007117437722
1936.0, 68.93095768374161
1937.0, 74.7208121827411
1938.0, 75.29761904761902
1939.0, 67.57775683317621
1940.0, 57.12890624999999
1941.0, 52.7448869752422
1942.0, 54.44444444444442
1943.0, 54.74860335195531
1944.0, 49.25053533190577
1945.0, 47.122692725298585
1946.0, 53.51648351648352
1947.0, 49.46236559139785
1948.0, 42.13406292749657
1949.0, 46.20505992010652
1950.0, 52.797704447632725
1951.0, 39.90461049284578
1952.0, 31.87702265372168
1953.0, 41.88948306595367
1954.0, 47.9591836734694
1955.0, 44.147843942505126
1956.0, 53.441295546558706
1957.0, 57.08582834331338
1958.0, 54.06427221172023
1959.0, 55.854126679462574
1960.0, 54.27435387673956
1961.0, 55.598455598455615
1962.0, 55.07812499999999
1963.0, 56.10687022900764
1964.0, 51.31578947368422
1965.0, 53.846153846153854
1966.0, 65.14598540145985
1967.0, 67.4061433447099
1968.0, 70.9059233449477
1969.0, 71.10412299091547
1970.0, 62.58741258741265
1971.0, 59.57446808510642
1972.0, 69.42148760330585
1973.0, 70.16129032258073
1974.0, 68.0345572354212
1975.0, 68.90756302521014
1976.0, 72.38805970149258
1977.0, 72.99270072992708
1978.0, 77.07129094412338
1979.0, 79.99999999999999
1980.0, 76.68997668997669
1981.0, 70.27777777777779
1982.0, 69.68838526912182
1983.0, 67.65676567656763
1984.0, 64.56692913385825
1985.0, 72.05542725173207
1986.0, 69.02654867256638
1987.0, 71.77419354838709
1988.0, 75.7785467128028
1989.0, 74.86535008976661
1990.0, 71.31147540983608
1991.0, 68.53932584269663
1992.0, 71.6024340770791
1993.0, 68.67704280155648
1994.0, 68.61598440545812
1995.0, 58.862876254180655
1996.0, 60.70287539936109
1997.0, 66.30934150076575
1998.0, 66.10687022900768
1999.0, 67.35294117647064
2000.0, 70.13782542113331
2001.0, 67.39130434782615
2002.0, 64.08839779005527
2003.0, 58.508604206501
2004.0, 60.90090090090096
2005.0, 62.52158894645948
2006.0, 61.11111111111117
2007.0, 66.31393298059972
2008.0, 67.57215619694404
2009.0, 58.8757396449704
2010.0, 49.931600547195636
2011.0, 50.33921302578017
2012.0, 48.81578947368422
2013.0, 44.4285714285714
2014.0, 49.868073878627946
2015.0, 50.19659239842728
2016.0, 50.32679738562095
2017.0, 56.07361963190187
2018.0, 56.81544028950545
2019.0, 55.85696670776818
2020.0, 54.568527918781726
2021.0, 57.27923627684965
2022.0, 53.28554360812428
2023.0, 68.49925705794954
2024.0, 76.83333333333339
2025.0, 74.5421245421246
2026.0, 89.63282937365015
2027.0, 87.27272727272737
2028.0, 77.50611246943772
2029.0, 77.22772277227732
2030.0, 67.22488038277513
2031.0, 60.23054755043232
2032.0, 48.37662337662336
2033.0, 40.19607843137251
2034.0, 46.647230320699755
2035.0, 30.681818181818073
2036.0, 33.749999999999915
2037.0, 25.984251968503884
2038.0, 17.983651226157974
2039.0, 21.614583333333314
2040.0, 17.985611510791387
2041.0, 27.861771058315355
2042.0, 27.98264642082428
2043.0, 29.809725158562316
2044.0, 34.77272727272731
2045.0, 32.9032258064516
2046.0, 24.401913875598098
2047.0, 32.33082706766923
2048.0, 25.97014925373135
2049.0, 30.532212885154124
2050.0, 39.276807980049895
2051.0, 43.10559006211181
2052.0, 59.805115712545664
2053.0, 57.97280593325091
2054.0, 58.044554455445514
2055.0, 54.6772068511199
2056.0, 60.102960102960104
2057.0, 55.845771144278636
2058.0, 49.54648526077094
2059.0, 56.80412371134021
2060.0, 72.59001161440186
2061.0, 67.74969915764137
2062.0, 66.86460807600949
2063.0, 62.637362637362656
2064.0, 57.9092159559835
2065.0, 64.16861826697894
2066.0, 53.29815303430079
2067.0, 60.32295271049596
2068.0, 60.60254924681344
2069.0, 63.427947598253276
2070.0, 62.27477477477477
2071.0, 63.05587229190421
2072.0, 65.59905100830369
2073.0, 62.532299741602095
2074.0, 60.54421768707481
2075.0, 62.94200848656294
2076.0, 73.98477157360409
2077.0, 72.87499999999999
2078.0, 69.22155688622755
2079.0, 62.03840472673558
2080.0, 67.84615384615387
2081.0, 52.27272727272729
2082.0, 56.12244897959183
2083.0, 53.42960288808661
2084.0, 54.17406749555949
2085.0, 58.59519408502772
2086.0, 56.50623885918007
2087.0, 50.746268656716396
2088.0, 51.559633027522956
2089.0, 50.0
2090.0, 34.34579439252333
2091.0, 42.789598108747064
2092.0, 38.67521367521367
2093.0, 30.874785591766766
2094.0, 24.72783825816488
2095.0, 25.562700964630253
2096.0, 28.769230769230802
2097.0, 25.709779179810752
2098.0, 30.93841642228746
2099.0, 26.711409395973163
2100.0, 30.163447251114405
2101.0, 28.87624466571836
2102.0, 25.373134328358233
2103.0, 25.679758308157133
2104.0, 25.03770739064862
2105.0, 26.04166666666667
2106.0, 38.69047619047621
2107.0, 55.68862275449101
2108.0, 65.15397082658022
2109.0, 74.14383561643837
2110.0, 71.27468581687619
2111.0, 74.75083056478407
2112.0, 75.91125198098258
2113.0, 86.56195462478189
2114.0, 86.70120898100177
2115.0, 95.00000000000007
2116.0, 76.75840978593274
2117.0, 79.06626506024102
2118.0, 75.64841498559078
2119.0, 66.75900277008316
2120.0, 62.61682242990656
2121.0, 58.90410958904111
2122.0, 59.32203389830512
2123.0, 59.04436860068263
2124.0, 56.628477905073616
2125.0, 47.03049759229537
2126.0, 28.372093023255815
2127.0, 32.65306122448976
2128.0, 25.146886016451177
2129.0, 24.704491725768293
2130.0, 28.708791208791183
2131.0, 25.067385444743948
2132.0, 23.90745501285349
2133.0, 36.92493946731232
2134.0, 33.51955307262568
2135.0, 36.769394261424004
2136.0, 32.700421940928265
2137.0, 36.199999999999974
2138.0, 35.84158415841584
2139.0, 37.74765380604795
2140.0, 37.24279835390947
2141.0, 34.68950749464666
2142.0, 43.21148825065273
2143.0, 39.77968176254587
2144.0, 41.706730769230745
2145.0, 40.87161366313306
2146.0, 41.85765983112181
2147.0, 29.305912596401
2148.0, 32.67326732673267
2149.0, 25.972006220839788
2150.0, 30.71999999999997
2151.0, 19.516407599309133
2152.0, 22.283609576427196
2153.0, 23.01886792452821
2154.0, 32.21649484536074
2155.0, 47.08249496981892
2156.0, 50.74906367041197
2157.0, 55.1934826883911
2158.0, 50.201612903225836
2159.0, 58.405172413793146
2160.0, 61.731207289293906
2161.0, 75.18610421836237
2162.0, 76.01918465227827
2163.0, 70.95959595959594
2164.0, 40.442338072669806
2165.0, 48.19277108433734
2166.0, 43.69747899159664
2167.0, 42.312925170068056
2168.0, 42.93405114401078
2169.0, 30.944625407166143
2170.0, 25.3032928942808
2171.0, 33.80952380952375
2172.0, 41.79104477611939
2173.0, 40.36697247706423
2174.0, 39.75903614457832
2175.0, 41.002949852507385
2176.0, 41.26284875183549
2177.0, 46.304044630404505
2178.0, 61.02941176470591
2179.0, 58.18540433925048
2180.0, 61.84486373165615
2181.0, 64.69298245614033
2182.0, 64.3805309734513
2183.0, 64.99999999999997
2184.0, 68.82591093117409
2185.0, 59.09090909090912
2186.0, 41.95519348268841
2187.0, 45.61068702290076
2188.0, 56.39229422066547
2189.0, 49.90958408679923
2190.0, 46.37681159420291
2191.0, 39.1969407265774
2192.0, 48.30699774266359
2193.0, 42.88990825688075
2194.0, 45.96577017114915
2195.0, 49.07407407407409
2196.0, 46.485260770975025
2197.0, 50.93555093555097
2198.0, 47.085201793721914
2199.0, 46.66666666666669
2200.0, 57.37704918032788
2201.0, 57.37704918032788
2202.0, 54.25219941348974
2203.0, 56.923076923077
2204.0, 70.91346153846162
2205.0, 74.30730478589425
2206.0, 73.97959183673476
2207.0, 61.571125265392745
2208.0, 56.22568093385214
2209.0, 54.545454545454504
2210.0, 53.78486055776896
2211.0, 53.22580645161291
2212.0, 56.47279549718579
2213.0, 60.44176706827309
2214.0, 58.67446393762185
2215.0, 63.63636363636367
2216.0, 60.59479553903347
2217.0, 67.63754045307442
2218.0, 64.66431095406358
2219.0, 65.91695501730102
2220.0, 64.22487223168659
2221.0, 79.52029520295213
2222.0, 89.05228758169942
2223.0, 85.85055643879181
2224.0, 89.23327895595438
2225.0, 88.81355932203394
2226.0, 88.21428571428577
2227.0, 82.60869565217392
2228.0, 79.93527508090621
2229.0, 76.64783427495297
2230.0, 65.77629382303842
2231.0, 61.10056925996208
2232.0, 61.82495344506521
2233.0, 63.6524822695036
2234.0, 66.72443674176776
2235.0, 54.262295081967174
2236.0, 44.64285714285716
2237.0, 48.39357429718872
2238.0, 49.00793650793649
2239.0, 44.7058823529412
2240.0, 47.874306839186666
2241.0, 55.80110497237564
2242.0, 58.26923076923076
2243.0, 44.60317460317461
2244.0, 45.10433386837882
2245.0, 44.20880913539967
2246.0, 35.6140350877193
2247.0, 26.83333333333333
2248.0, 24.179620034542296
2249.0, 21.439509954058195
2250.0, 20.40185471406484
2251.0, 16.642754662840716
2252.0, 27.6463262764632
2253.0, 31.273176761433845
2254.0, 25.738916256157623
2255.0, 24.719101123595493
2256.0, 29.390243902438996
2257.0, 39.5945945945946
2258.0, 44.65875370919882
2259.0, 42.60614934114202
2260.0, 42.54385964912278
2261.0, 51.58371040723983
2262.0, 48.91146589259798
2263.0, 66.89774696707104
2264.0, 58.04511278195487
2265.0, 66.71874999999996
2266.0, 61.27272727272725
2267.0, 57.410881801125676
2268.0, 67.39130434782602
2269.0, 70.68403908794781
2270.0, 67.06689536878213
2271.0, 64.44444444444437
2272.0, 68.2644628099173
2273.0, 69.99999999999993
2274.0, 64.93710691823901
2275.0, 61.77474402730369
2276.0, 56.91823899371071
2277.0, 54.02684563758387
2278.0, 61.56787762906311
2279.0, 64.61267605633802
2280.0, 65.81632653061226
2281.0, 58.02098950524739
2282.0, 51.60771704180061
2283.0, 39.92932862190812
2284.0, 42.55691768826618
2285.0, 42.35500878734626
2286.0, 30.434782608695627
2287.0, 34.81989708404801
2288.0, 43.795620437956146
2289.0, 47.068965517241416
2290.0, 49.10071942446042
2291.0, 47.73960216998192
2292.0, 44.00000000000002
2293.0, 31.11888111888119
2294.0, 21.938775510204152
2295.0, 32.09647495361784
2296.0, 28.221859706362167
2297.0, 29.9307958477509
2298.0, 25.448613376835254
2299.0, 30.441400304414003
2300.0, 40.059790732436475
2301.0, 36.12403100775194
2302.0, 36.46877409406326
2303.0, 40.54834054834052
2304.0, 37.66756032171579
2305.0, 35.39042821158688
2306.0, 36.493506493506494
2307.0, 42.45660881174897
2308.0, 42.91497975708498
2309.0, 40.506329113924025
2310.0, 44.85981308411216
2311.0, 46.969696969696976
2312.0, 48.81889763779529
2313.0, 39.602446483180415
2314.0, 32.59385665529008
2315.0, 31.780366056572362
2316.0, 37.831690674753546
2317.0, 26.46153846153838
2318.0, 28.15057283142383
2319.0, 29.1525423728813
2320.0, 29.351535836177405
2321.0, 28.98799313893653
2322.0, 45.3292496171516
2323.0, 38.367346938775476
2324.0, 41.1845730027548
2325.0, 39.859154929577464
2326.0, 42.93865905848786
2327.0, 51.183431952662694
2328.0, 49.217638691322904
2329.0, 51.67883211678831
2330.0, 43.22033898305086
2331.0, 48.11320754716985
2332.0, 55.74837310195231
2333.0, 60.779816513761546
2334.0, 71.93347193347198
2335.0, 71.39830508474579
2336.0, 64.93506493506497
2337.0, 85.03401360544241
2338.0, 59.59079283887472
2339.0, 54.56730769230765
2340.0, 51.732673267326746
2341.0, 45.98337950138502
2342.0, 52.27272727272724
2343.0, 51.162790697674396
2344.0, 47.05882352941176
2345.0, 35.627530364372404
2346.0, 38.728323699422
2347.0, 36.97318007662827
2348.0, 28.00875273522979
2349.0, 22.294372294372323
2350.0, 25.979381443298962
2351.0, 23.639774859287016
2352.0, 36.71706263498925
2353.0, 39.170506912442434
2354.0, 41.89189189189192
2355.0, 32.566371681416
2356.0, 22.493224932249404
2357.0, 22.222222222222314
2358.0, 22.015915119363456
2359.0, 24.73919523099859
2360.0, 20.32163742690065
2361.0, 19.77240398293037
2362.0, 17.42209631728049
2363.0, 17.348377997179156
2364.0, 9.287925696594527
2365.0, 9.983361064891966
2366.0, 2.857142857142904
2367.0, 11.437908496732064
2368.0, 8.59872611464968
2369.0, 10.693069306930681
2370.0, 15.697674418604635
2371.0, 15.041782729804993
2372.0, 18.769230769230774
2373.0, 19.122257053291534
2374.0, 21.86379928315411
2375.0, 28.517110266159705
2376.0, 36.70411985018731
2377.0, 49.2537313432836
2378.0, 50.90252707581228
2379.0, 52.59259259259261
2380.0, 54.21245421245422
2381.0, 38.68312757201647
2382.0, 43.92523364485979
2383.0, 44.186046511627914
2384.0, 50.802139037433186
2385.0, 68.37209302325574
2386.0, 72.35772357723569
2387.0, 83.96226415094327
2388.0, 83.96226415094327
2389.0, 79.61165048543684
2390.0, 66.19718309859147
2391.0, 60.220994475138035
2392.0, 54.054054054054006
2393.0, 47.596153846153896
2394.0, 50.22831050228305
2395.0, 51.401869158878476
2396.0, 44.71544715447157
2397.0, 41.28787878787875
2398.0, 32.83132530120477
2399.0, 19.063545150501596
2400.0, 11.355311355311315
2401.0, 10.915492957746437
2402.0, 15.100671140939582
2403.0, 13.513513513513502
2404.0, 14.85148514851484
2405.0, 14.569536423841
2406.0, 20.1954397394137
2407.0, 21.527777777777786
2408.0, 14.150943396226467
2409.0, 14.106583072100378
2410.0, 18.15068493150696
2411.0, 21.428571428571544
2412.0, 24.39024390243911
2413.0, 19.108280254777185
2414.0, 40.09433962264152
2415.0, 35.564853556485374
2416.0, 36.62551440329218
2417.0, 40.97995545657018
2418.0, 39.484978540772545
2419.0, 38.85350318471342
2420.0, 32.73809523809524
2421.0, 33.466135458167344
2422.0, 33.13609467455625
2423.0, 32.74853801169593
2424.0, 31.06796116504856
2425.0, 34.259259259259224
2426.0, 46.74457429048417
2427.0, 54.951456310679596
2428.0, 43.82566585956419
2429.0, 54.74860335195531
2430.0, 59.80148883374688
2431.0, 56.085918854415254
2432.0, 61.25290023201856
2433.0, 63.157894736842096
2434.0, 67.64705882352945
2435.0, 72.15189873417722
2436.0, 78.53042479908157
2437.0, 84.48275862068976
2438.0, 87.6344086021506
2439.0, 86.7205542725174
2440.0, 84.24657534246583
2441.0, 86.6898148148149
2442.0, 82.63403263403266
2443.0, 82.51173708920192
2444.0, 74.28198433420373
2445.0, 80.28350515463923
2446.0, 80.53435114503822
2447.0, 75.55831265508685
2448.0, 75.93516209476309
2449.0, 64.69780219780219
2450.0, 69.69696969696969
2451.0, 60.81424936386769
2452.0, 62.06896551724133
2453.0, 61.916461916461905
2454.0, 63.6150234741784
2455.0, 31.35725429017161
2456.0, 43.75000000000002
2457.0, 40.38216560509554
2458.0, 37.738095238095234
2459.0, 39.18604651162793
2460.0, 40.02293577981651
2461.0, 40.628637951105944
2462.0, 47.08423326133911
2463.0, 46.6809421841542
2464.0, 48.016701461377856
2465.0, 46.89092762487258
2466.0, 44.69214437367304
2467.0, 41.47783251231527
2468.0, 36.80078508341509
2469.0, 53.43709468223088
2470.0, 51.156462585034
2471.0, 57.51014884979706
2472.0, 59.60729312762975
2473.0, 58.73925501432666
2474.0, 57.07898658718334
2475.0, 58.3582089552239
2476.0, 52.22602739726029
2477.0, 56.30712979890309
2478.0, 50.0
2479.0, 53.01455301455301
2480.0, 52.21987315010573
2481.0, 53.232758620689665
2482.0, 54.28571428571429
2483.0, 54.585152838427945
2484.0, 51.96304849884528
2485.0, 43.67245657568236
2486.0, 39.550561797752806
2487.0, 32.80182232346239
2488.0, 27.05627705627701
2489.0, 20.598591549295747
2490.0, 17.261904761904717
2491.0, 15.395095367847404
2492.0, 16.436464088397784
2493.0, 21.428571428571416
2494.0, 20.7182320441989
2495.0, 29.98624484181569
2496.0, 30.489510489510494
2497.0, 25.759768451519548
2498.0, 19.08517350157726
2499.0, 18.876755070202776
2500.0, 25.044091710758323
2501.0, 36.363636363636374
2502.0, 37.377049180327866
2503.0, 50.18587360594796
2504.0, 72.04116638078906
2505.0, 76.5027322404372
2506.0, 77.48691099476444
2507.0, 76.28676470588239
2508.0, 80.03144654088054
2509.0, 79.90506329113927
2510.0, 84.37001594896336
2511.0, 86.43790849673204
2512.0, 86.90851735015775
2513.0, 90.82125603864733
2514.0, 90.71661237785015
2515.0, 89.83957219251336
2516.0, 94.2133815551537
2517.0, 94.32624113475177
2518.0, 92.43498817966902
2519.0, 88.06306306306304
2520.0, 77.96976241900649
2521.0, 76.57266811279824
2522.0, 61.81384248210022
2523.0, 48.6284289276808
2524.0, 43.84615384615385
2525.0, 39.31034482758621
2526.0, 47.72277227722772
2527.0, 45.691382765531024
2528.0, 44.23868312757203
2529.0, 44.35318275154004
2530.0, 42.70613107822413
2531.0, 35.30805687203795
2532.0, 43.00626304801672
2533.0, 58.691588785046726
2534.0, 66.20825147347739
2535.0, 70.4626334519573
2536.0, 69.4736842105263
2537.0, 69.35201401050789
2538.0, 73.26732673267327
2539.0, 80.53691275167785
2540.0, 77.77777777777779
2541.0, 79.07869481765836
2542.0, 80.36036036036036
2543.0, 79.23809523809524
2544.0, 80.21778584392014
2545.0, 80.51001821493624
2546.0, 78.76984126984127
2547.0, 66.58986175115209
2548.0, 60.59225512528474
2549.0, 54.18848167539268
2550.0, 71.46401985111666
2551.0, 72.36180904522612
2552.0, 56.470588235294116
2553.0, 50.746268656716396
2554.0, 45.36082474226805
2555.0, 47.00000000000003
2556.0, 40.58355437665782
2557.0, 38.30334190231363
2558.0, 30.30303030303034
2559.0, 31.513647642679942
2560.0, 26.36815920398014
2561.0, 24.824355971896964
2562.0, 30.40380047505944
2563.0, 33.25688073394497
2564.0, 16.580310880829018
2565.0, 22.65193370165747
2566.0, 36.13707165109034
2567.0, 53.3980582524272
2568.0, 49.10714285714283
2569.0, 50.0
2570.0, 53.34773218142548
2571.0, 57.44680851063829
2572.0, 61.503416856492
2573.0, 63.81156316916486
2574.0, 64.5021645021645
2575.0, 71.98067632850241
2576.0, 70.55837563451774
2577.0, 62.29116945107401
2578.0, 64.60396039603961
2579.0, 67.5
2580.0, 66.74418604651163
2581.0, 50.0
2582.0, 62.74509803921567
2583.0, 60.29850746268653
2584.0, 60.76696165191739
2585.0, 48.2849604221636
2586.0, 54.63182897862234
2587.0, 41.05263157894736
2588.0, 41.93548387096774
2589.0, 50.77220077220079
2590.0, 48.78504672897198
2591.0, 50.679611650485434
2592.0, 52.495009980039924
2593.0, 47.69230769230768
2594.0, 44.16475972540044
2595.0, 52.99539170506915
2596.0, 48.48484848484847
2597.0, 56.31691648822271
2598.0, 58.5365853658537
2599.0, 67.58620689655174
2600.0, 63.496143958868934
2601.0, 87.00980392156873
2602.0, 72.00811359026372
2603.0, 68.34862385321104
2604.0, 65.7836644591612
2605.0, 63.26963906581745
2606.0, 61.66666666666671
2607.0, 56.69291338582678
2608.0, 51.06382978723405
2609.0, 47.82608695652173
2610.0, 52.739726027397275
2611.0, 46.923076923076906
2612.0, 34.81349911190047
2613.0, 31.825795644891116
2614.0, 32.781456953642376
2615.0, 17.11026615969581
2616.0, 19.65065502183404
2617.0, 17.67337807606262
2618.0, 26.222222222222214
2619.0, 25.82056892778992
2620.0, 25.48596112311013
2621.0, 55.15239477503632
2622.0, 65.50279329608938
2623.0, 69.43069306930693
2624.0, 67.5
2625.0, 68.57506361323155
2626.0, 74.34482758620689
2627.0, 79.20227920227919
2628.0, 75.69060773480663
2629.0, 76.75070028011203
2630.0, 80.08298755186725
2631.0, 81.79519595448801
2632.0, 81.56209987195905
2633.0, 86.99731903485257
2634.0, 89.30481283422463
2635.0, 84.46601941747576
2636.0, 78.8154897494305
2637.0, 68.8524590163934
2638.0, 68.24512534818936
2639.0, 66.76384839650143
2640.0, 60.26315789473675
2641.0, 41.89723320158104
2642.0, 43.35378323108387
2643.0, 53.27272727272727
2644.0, 55.22648083623695
2645.0, 50.19379844961244
2646.0, 55.22648083623695
2647.0, 45.18518518518514
2648.0, 50.26881720430107
2649.0, 47.71784232365147
2650.0, 46.93877551020411
2651.0, 52.1400778210117
2652.0, 48.957055214723965
2653.0, 48.064918851435735
2654.0, 53.27978580990631
2655.0, 68.5496183206107
2656.0, 69.82892690513219
2657.0, 66.31944444444447
2658.0, 60.89385474860339
2659.0, 49.531249999999986
2660.0, 45.98662207357862
2661.0, 48.75886524822694
2662.0, 37.85425101214572
2663.0, 36.594911937377645
2664.0, 35.68702290076335
2665.0, 23.76599634369282
2666.0, 21.41680395387145
2667.0, 22.94022617124395
2668.0, 31.465517241379345
2669.0, 24.925816023738946
2670.0, 39.880952380952415
2671.0, 39.88095238095237
2672.0, 47.588424437299025
2673.0, 53.42960288808665
2674.0, 52.63157894736841
2675.0, 56.728232189973625
2676.0, 50.647820965842165
2677.0, 49.482163406214056
2678.0, 52.65643447461627
2679.0, 54.72392638036812
2680.0, 64.64237516869098
2681.0, 63.53591160220998
2682.0, 54.49189985272459
2683.0, 63.494132985658425
2684.0, 53.56550580431177
2685.0, 56.18153364632243
2686.0, 38.402457757296474
2687.0, 50.191570881226056
2688.0, 47.38219895287954
2689.0, 46.11464968152867
2690.0, 57.79569892473122
2691.0, 62.947658402203885
2692.0, 64.74442988204457
2693.0, 71.11111111111109
2694.0, 72.37499999999999
2695.0, 66.70506912442396
2696.0, 71.56177156177158
2697.0, 68.5971685971686
2698.0, 57.546145494028245
2699.0, 56.89084895259096
2700.0, 68.00947867298581
2701.0, 56.413612565445014
2702.0, 61.418269230769276
2703.0, 64.19597989949747
2704.0, 62.10106382978723
2705.0, 63.130659767140976
2706.0, 74.0909090909091
2707.0, 74.39353099730457
2708.0, 73.63552266419981
2709.0, 75.80952380952382
2710.0, 75.76335877862596
2711.0, 70.4460966542751
2712.0, 81.4178302900107
2713.0, 80.86283185840705
2714.0, 80.2285714285714
2715.0, 77.56906077348066
2716.0, 71.7416378316032
2717.0, 72.63397947548461
2718.0, 68.49162011173188
2719.0, 60.81808396124869
2720.0, 34.05797101449265
2721.0, 35.23131672597866
2722.0, 28.07625649913345
2723.0, 25.5520504731861
2724.0, 32.95454545454545
2725.0, 41.88034188034187
2726.0, 42.897327707454295
2727.0, 46.010638297872326
2728.0, 44.535519125683074
2729.0, 52.86144578313255
2730.0, 52.544910179640745
2731.0, 46.73157162726009
2732.0, 45.9644322845417
2733.0, 50.0
2734.0, 49.92548435171388
2735.0, 35.357624831309025
2736.0, 35.45331529093366
2737.0, 37.53581661891116
2738.0, 29.10569105691056
2739.0, 18.083462132921184
2740.0, 17.956656346749256
2741.0, 10.107197549770333
2742.0, 17.090395480225993
2743.0, 14.804063860667654
2744.0, 19.011976047904227
2745.0, 38.0704041720991
2746.0, 38.93333333333336
2747.0, 47.0802919708029
2748.0, 44.25287356321839
2749.0, 53.846153846153854
2750.0, 62.81725888324874
2751.0, 66.35388739946377
2752.0, 59.82367758186394
2753.0, 65.24725274725273
2754.0, 70.05917159763314
2755.0, 54.76410730804811
2756.0, 43.278688524590166
2757.0, 37.312365975696906
2758.0, 37.58007117437722
2759.0, 26.515704894083285
2760.0, 27.069351230425042
2761.0, 23.173605655930928
2762.0, 31.31014063656555
2763.0, 29.193433261955775
2764.0, 23.640483383685833
2765.0, 26.725403817914867
2766.0, 27.60712931361398
2767.0, 29.43640517897947
2768.0, 33.48887293610913
2769.0, 44.72076788830716
2770.0, 51.925025329280665
2771.0, 69.81230448383732
2772.0, 71.67318982387474
2773.0, 82.70474137931032
2774.0, 83.70967741935485
2775.0, 82.76431718061676
2776.0, 75.66747572815532
2777.0, 83.41433778857835
2778.0, 77.39571589627957
2779.0, 78.85021097046412
2780.0, 76.15894039735102
2781.0, 72.86432160804023
2782.0, 67.50902527075816
2783.0, 67.7804295942721
2784.0, 72.37163814180929
2785.0, 67.05539358600583
2786.0, 66.51851851851855
2787.0, 60.79295154185021
2788.0, 62.07386363636364
2789.0, 57.88079470198672
2790.0, 68.64988558352404
2791.0, 61.79516685845796
2792.0, 66.21454993834766
2793.0, 62.872628726287225
2794.0, 66.66666666666663
2795.0, 68.53766617429831
2796.0, 70.53941908713688
2797.0, 66.32801161103045
2798.0, 70.37037037037035
2799.0, 66.58227848101265
2800.0, 61.35734072022153
2801.0, 71.22128174123333
2802.0, 72.61219792865357
2803.0, 76.57766990291259
2804.0, 70.27027027027019
2805.0, 67.33812949640289
2806.0, 69.8507462686567
2807.0, 69.20731707317073
2808.0, 70.93749999999996
2809.0, 70.0617283950617
2810.0, 67.28499156829676
2811.0, 71.16968698517294
2812.0, 53.40136054421767
2813.0, 50.809061488673095
2814.0, 53.00813008130084
2815.0, 43.11023622047251
2816.0, 28.486055776892456
2817.0, 28.316831683168346
2818.0, 39.07849829351537
2819.0, 40.246045694200376
2820.0, 40.66317626527052
2821.0, 36.684303350970005
2822.0, 38.103448275862085
2823.0, 38.908450704225345
2824.0, 42.54966887417223
2825.0, 27.965043695380828
2826.0, 38.08290155440415
2827.0, 40.49586776859508
2828.0, 46.2686567164179
2829.0, 43.07891332470893
2830.0, 52.503209242618745
2831.0, 53.76623376623376
2832.0, 47.67441860465116
2833.0, 54.54545454545453
2834.0, 54.330708661417304
2835.0, 55.91572123176666
2836.0, 54.15986949429036
2837.0, 49.258160237388765
2838.0, 46.226415094339636
2839.0, 69.50354609929084
2840.0, 69.43127962085316
2841.0, 74.02298850574715
2842.0, 68.61111111111119
2843.0, 55.01113585746098
2844.0, 48.60050890585243
2845.0, 41.51785714285718
2846.0, 44.39655172413799
2847.0, 52.13358070500924
2848.0, 59.04761904761903
2849.0, 57.585139318885396
2850.0, 61.37026239067055
2851.0, 73.02259887005641
2852.0, 57.60095011876479
2853.0, 52.150537634408586
2854.0, 49.200913242009136
2855.0, 53.694068678459935
2856.0, 58.7198515769944
2857.0, 67.47663551401868
2858.0, 65.73033707865167
2859.0, 70.9125475285171
2860.0, 71.455223880597
2861.0, 70.80152671755724
2862.0, 69.85221674876847
2863.0, 67.07663197729421
2864.0, 65.21739130434781
2865.0, 63.40956340956339
2866.0, 76.92307692307693
2867.0, 85.04801097393687
2868.0, 79.18848167539265
2869.0, 77.76223776223773
2870.0, 67.94871794871796
2871.0, 65.8703071672355
2872.0, 66.8977469670711
2873.0, 65.52346570397117
2874.0, 53.74376039933441
2875.0, 49.17733089579528
2876.0, 38.18181818181821
2877.0, 39.47368421052634
2878.0, 37.90613718411556
2879.0, 33.973128598848334
2880.0, 24.81426448736994
2881.0, 32.770745428973285
2882.0, 39.11806543385489
2883.0, 31.019202363367768
2884.0, 32.507739938080476
2885.0, 28.17133443163094
2886.0, 31.129032258064456
2887.0, 34.408602150537604
2888.0, 43.33333333333334
2889.0, 40.56761268781298
2890.0, 44.83394833948336
2891.0, 49.70760233918128
2892.0, 53.692614770459066
2893.0, 56.47279549718579
2894.0, 71.32701421800945
2895.0, 62.83422459893042
2896.0, 55.78034682080934
2897.0, 64.37500000000009
2898.0, 68.29268292682924
2899.0, 55.35248041775453
2900.0, 50.0
2901.0, 52.97029702970291
2902.0, 45.524296675191785
2903.0, 31.672597864768676
2904.0, 34.0869565217391
2905.0, 26.474820143884898
2906.0, 24.495677233429376
2907.0, 14.916467780429528
2908.0, 14.970059880239475
2909.0, 15.16990291262131
2910.0, 14.409221902017222
2911.0, 17.774086378737522
2912.0, 14.292878635907712
2913.0, 27.08333333333333
2914.0, 35.28421052631579
2915.0, 32.99912816041848
2916.0, 32.32280102476514
2917.0, 41.49758454106277
2918.0, 41.384317521781206
2919.0, 43.13824419778002
2920.0, 44.39393939393939
2921.0, 51.22377622377623
2922.0, 57.80182232346241
2923.0, 58.74006810442679
2924.0, 69.59761549925486
2925.0, 60.036832412523026
2926.0, 67.76776776776777
2927.0, 54.95307612095932
2928.0, 52.29155162893429
2929.0, 47.60869565217393
2930.0, 52.14521452145215
2931.0, 48.901734104046255
2932.0, 47.76995305164318
2933.0, 52.99479166666663
2934.0, 48.886138613861384
2935.0, 55.16372795969774
2936.0, 54.24164524421596
2937.0, 47.575057736720545
2938.0, 35.785007072135826
2939.0, 40.74074074074077
2940.0, 36.774193548387125
2941.0, 50.5263157894737
2942.0, 38.39285714285714
2943.0, 44.339622641509436
2944.0, 42.82945736434108
2945.0, 44.82758620689658
2946.0, 52.73631840796018
2947.0, 53.731343283582106
2948.0, 67.33812949640281
2949.0, 69.65240641711223
2950.0, 62.784471218206114
2951.0, 72.8915662650602
2952.0, 76.59297789336797
2953.0, 81.42664872139972
2954.0, 85.99508599508599
2955.0, 85.07853403141361
2956.0, 86.436170212766
2957.0, 71.18644067796612
2958.0, 72.72727272727275
2959.0, 73.57512953367876
2960.0, 68.11751904243748
2961.0, 68.92895015906684
2962.0, 63.01369863013703
2963.0, 55.3306342780027
2964.0, 55.48037889039245
2965.0, 56.88073394495416
2966.0, 47.880690737833625
2967.0, 51.60349854227405
2968.0, 46.103896103896126
2969.0, 47.634069400630935
2970.0, 47.40973312401885
2971.0, 63.30645161290326
2972.0, 43.7613019891501
2973.0, 41.869158878504685
2974.0, 59.19282511210761
2975.0, 62.135922330097095
2976.0, 62.53481894150417
2977.0, 68.70838881491349
2978.0, 64.0198511166253
2979.0, 60.91954022988502
2980.0, 61.54822335025381
2981.0, 50.84745762711865
2982.0, 48.229548229548236
2983.0, 43.847072879330945
2984.0, 46.163522012578625
2985.0, 46.36591478696744
2986.0, 50.82417582417581
2987.0, 46.875
2988.0, 26.533742331288366
2989.0, 15.319865319865372
2990.0, 24.13273001508297
2991.0, 14.027149321266975
2992.0, 24.83870967741936
2993.0, 22.613803230543326
2994.0, 22.271386430678376
2995.0, 30.26315789473682
2996.0, 32.66998341625201
2997.0, 39.29173693085998
2998.0, 49.492017416545714
2999.0, 53.53805073431242
3000.0, 49.62871287128716
3001.0, 47.90919952210274
3002.0, 54.39056356487551
3003.0, 48.31199068684517
3004.0, 45.52147239263806
3005.0, 51.66666666666665
3006.0, 55.59481743227324
3007.0, 55.85798816568049
3008.0, 56.928406466512726
3009.0, 52.272727272727266
3010.0, 53.33333333333334
3011.0, 52.80898876404495
3012.0, 45.24999999999996
3013.0, 41.20805369127514
3014.0, 51.070336391437316
3015.0, 56.418918918918976
3016.0, 54.6075085324232
3017.0, 70.14314928425357
3018.0, 69.39203354297695
3019.0, 60.16096579476858
3020.0, 44.12532637075725
3021.0, 63.846153846153804
3022.0, 53.09523809523806
3023.0, 68.94409937888192
3024.0, 67.17724288840257
3025.0, 64.00911161731207
3026.0, 57.938144329896915
3027.0, 50.679611650485434
3028.0, 54.80427046263343
3029.0, 56.35738831615115
3030.0, 65.49789621318374
3031.0, 67.02412868632706
3032.0, 65.06024096385542
3033.0, 73.7106918238994
3034.0, 77.86697247706422
3035.0, 76.77496991576415
3036.0, 77.52126366950182
3037.0, 65.75342465753425
3038.0, 66.54501216545012
3039.0, 63.01843317972349
3040.0, 63.75291375291375
3041.0, 64.65721040189123
3042.0, 62.76463262764631
3043.0, 62.151898734177216
3044.0, 57.10186513629843
3045.0, 56.41399416909617
3046.0, 54.507042253521135
3047.0, 45.91999999999996
3048.0, 36.940298507462636
3049.0, 37.057728119180645
3050.0, 41.64989939637828
3051.0, 50.0
3052.0, 55.76923076923076
3053.0, 57.48898678414097
3054.0, 53.593429158110894
3055.0, 59.04139433551206
3056.0, 62.54980079681276
3057.0, 64.59510357815444
3058.0, 65.7559198542805
3059.0, 63.20939334637968
3060.0, 71.88679245283018
3061.0, 76.15658362989329
3062.0, 70.08264462809925
3063.0, 61.53846153846153
3064.0, 53.032440056417485
3065.0, 53.82436260623229
3066.0, 45.112781954887225
3067.0, 47.770700636942664
3068.0, 57.495590828924165
3069.0, 59.49579831932769
3070.0, 50.72463768115947
3071.0, 41.008403361344556
3072.0, 30.664395229983015
3073.0, 38.33333333333334
3074.0, 32.72727272727269
3075.0, 34.142394822006466
3076.0, 35.58178752107925
3077.0, 29.551820728291304
3078.0, 38.622754491017936
3079.0, 42.334739803094266
3080.0, 47.15099715099716
3081.0, 47.08392603129448
3082.0, 43.571428571428534
3083.0, 39.555555555555586
3084.0, 40.271493212669654
3085.0, 42.180094786729896
3086.0, 50.479233226837025
3087.0, 50.0
3088.0, 54.74452554744524
3089.0, 44.4915254237288
3090.0, 44.11764705882351
3091.0, 57.58683729433271
3092.0, 56.22641509433966
3093.0, 52.36139630390141
3094.0, 56.55430711610489
3095.0, 59.50266429840142
3096.0, 60.57866184448464
3097.0, 56.49241146711632
3098.0, 57.85837651122629
3099.0, 65.84938704028016
3100.0, 61.00746268656715
3101.0, 44.15357766143105
3102.0, 39.163498098859314
3103.0, 50.727650727650726
3104.0, 55.81395348837213
3105.0, 50.76923076923081
3106.0, 53.19926873857405
3107.0, 47.126436781609186
3108.0, 45.60810810810809
3109.0, 45.33106960950761
3110.0, 44.132231404958674
3111.0, 41.98113207547173
3112.0, 47.701149425287355
3113.0, 39.645776566757526
3114.0, 41.0714285714286
3115.0, 51.37614678899082
3116.0, 47.72727272727274
3117.0, 43.4850863422292
3118.0, 41.93548387096773
3119.0, 43.1893687707641
3120.0, 43.56435643564354
3121.0, 46.89165186500887
3122.0, 35.051546391752524
3123.0, 26.72811059907832
3124.0, 39.29539295392952
3125.0, 43.478260869565176
3126.0, 32.14285714285711
3127.0, 32.89473684210522
3128.0, 34.428571428571416
3129.0, 29.268292682926855
3130.0, 28.021978021978
3131.0, 21.564482029598295
3132.0, 23.975409836065538
3133.0, 27.46113989637304
3134.0, 22.44224422442244
3135.0, 22.641509433962256
3136.0, 21.911922663802358
3137.0, 24.028268551236735
3138.0, 15.354330708661436
3139.0, 14.53416149068326
3140.0, 15.5792276964048
3141.0, 16.317991631799188
3142.0, 12.433155080213908
3143.0, 12.109375
3144.0, 19.66145833333333
3145.0, 24.9174917491749
3146.0, 52.751817237798555
3147.0, 65.21406727828746
3148.0, 62.30825420014609
3149.0, 61.63294797687865
3150.0, 66.38132295719846
3151.0, 69.35007385524375
3152.0, 66.42335766423359
3153.0, 71.68885774351787
3154.0, 76.59297789336803
3155.0, 77.2965879265092
3156.0, 81.38195777351248
3157.0, 76.76523838261922
3158.0, 76.11662531017372
3159.0, 79.93610223642175
3160.0, 69.88636363636365
3161.0, 57.840909090909115
3162.0, 64.98277841561423
3163.0, 61.72300981461287
3164.0, 58.35051546391751
3165.0, 61.302681992337156
3166.0, 65.61302681992338
3167.0, 62.130801687763714
3168.0, 56.48484848484849
3169.0, 62.36323851203501
3170.0, 57.557436517533255
3171.0, 68.88567293777135
3172.0, 71.29506008010681
3173.0, 71.40957446808511
3174.0, 79.29226736566187
3175.0, 76.8518518518519
3176.0, 73.49228611500706
3177.0, 77.74480712166171
3178.0, 86.14649681528665
3179.0, 78.88198757763979
3180.0, 73.04347826086965
3181.0, 74.27385892116189
3182.0, 74.22037422037427
3183.0, 69.23076923076931
3184.0, 76.78571428571436
3185.0, 81.38297872340428
3186.0, 81.98970840480277
3187.0, 71.47385103011096
3188.0, 62.2764227642277
3189.0, 61.18210862619808
3190.0, 64.66049382716048
3191.0, 70.59724349157739
3192.0, 63.24786324786325
3193.0, 69.7007481296758
3194.0, 72.58064516129032
3195.0, 61.555806087936844
3196.0, 60.02331002331005
3197.0, 60.30092592592594
3198.0, 51.113861386138616
3199.0, 48.23066841415468
3200.0, 39.71428571428575
3201.0, 49.490538573508005
