0, 91726
1, 57722
2, 90383
3, 90383
4, 93103
5, 1383708
6, 938453
7, 1173057
8, 1117221
9, 938191
10, 867791
11, 1234763
12, 914382
13, 874104
14, 659060
15, 703141
16, 625136
17, 572442
18, 641052
19, 790328
20, 708531
21, 700291
22, 626891
23, 592826
24, 580696
25, 649935
26, 1010180
27, 1119997
28, 1049791
29, 1049791
30, 834633
31, 846712
32, 832793
33, 850036
34, 977536
35, 1501541
36, 1339896
37, 1295696
38, 1233084
39, 1652184
40, 1693577
41, 1677353
42, 1616214
43, 1765324
44, 1636503
45, 1741539
46, 1679203
47, 1853542
48, 1788071
49, 1684673
50, 1849593
51, 1836419
52, 1828431
53, 1878031
54, 1863296
55, 1973173
56, 1945969
57, 1952173
58, 3090444
59, 3064944
60, 3076490
61, 3071771
62, 3197015
63, 2812144
64, 3471541
65, 3578972
66, 3432688
67, 3694114
68, 4145222
69, 4674083
70, 5126512
71, 5981695
72, 7545844
73, 8296036
74, 8469023
75, 8721654
76, 8770090
77, 8770090
78, 8894653
79, 8687516
80, 8511862
81, 8382018
82, 7643646
83, 7785587
84, 7668296
85, 7614887
86, 7468682
87, 7625079
88, 7533819
89, 7600080
90, 7643151
91, 7567276
92, 7707113
93, 7357418
94, 7239018
95, 7205574
96, 7302175
97, 7280367
98, 7224018
99, 7112993
100, 7003760
101, 7097184
102, 7080496
103, 6955971
104, 6862679
105, 6663130
106, 6689435
107, 6736571
108, 6742224
109, 6713256
110, 6656069
111, 6728663
112, 6669211
113, 6701058
114, 6892174
115, 7167920
116, 7443236
117, 7733978
118, 7540287
119, 7674135
120, 7869359
121, 7749995
122, 7970027
123, 8204556
124, 8279629
125, 8220119
126, 8332545
127, 8184326
128, 8086783
129, 7913187
130, 7959537
131, 7895265
132, 7961441
133, 7831690
134, 7713562
135, 7713562
136, 7460362
137, 7821074
138, 7969256
139, 8092960
140, 8319471
141, 9188804
142, 9488890
143, 9349607
144, 9146819
145, 9255832
146, 9200271
147, 9080851
148, 8962688
149, 8864709
150, 8945680
151, 9019215
152, 8965293
153, 9033771
154, 9124261
155, 9062154
156, 9115684
157, 9308132
158, 9191707
159, 8904739
160, 8940135
161, 9018550
162, 8896592
163, 9028281
164, 8894197
165, 8498883
166, 8790551
167, 8646255
168, 8289290
169, 8424182
170, 7623604
171, 7824468
172, 7956568
173, 7450031
174, 7138315
175, 6556166
176, 6676716
177, 6784066
178, 6668365
179, 6773269
180, 6997768
181, 7148284
182, 7022294
183, 6384146
184, 7057997
185, 6459155
186, 6736817
187, 7033323
188, 7352623
189, 7061222
190, 7388431
191, 7742436
192, 7399447
193, 7953880
194, 7630154
195, 8165939
196, 8869041
197, 9306531
198, 9058093
199, 9281004
200, 9564060
201, 6428353
202, 7743979
203, 7259914
204, 6880514
205, 7060919
206, 6844830
207, 6526248
208, 6402748
209, 6137040
210, 5914995
211, 5716185
212, 5491679
213, 5237005
214, 4929078
215, 5169296
216, 5009255
217, 5138243
218, 5215517
219, 5360283
220, 5131204
221, 4835877
222, 4657359
223, 4794896
224, 4994713
225, 5229073
226, 5356395
227, 5474624
228, 5687976
229, 6347455
230, 6599311
231, 6894077
232, 7217600
233, 7063231
234, 7152840
235, 7375138
236, 7520816
237, 7703622
238, 7563574
239, 7847491
240, 8129377
241, 8047486
242, 7862368
243, 8518734
244, 8435496
245, 8536364
246, 8401878
247, 8295973
248, 8513965
249, 8229896
250, 8361534
251, 8227699
252, 8325569
253, 8058352
254, 7954416
255, 7871397
256, 7365441
257, 7482668
258, 8048298
259, 7664362
260, 7404586
261, 7255852
262, 6949432
263, 6752313
264, 6493283
265, 6998341
266, 6766816
267, 6562967
268, 6693896
269, 6806683
270, 6736055
271, 6598464
272, 6712576
273, 6592024
274, 6399989
275, 6281412
276, 6674663
277, 6327622
278, 6564028
279, 6702150
280, 6604064
281, 6731854
282, 6650205
283, 6778404
284, 6833931
285, 6927572
286, 7121861
287, 6947568
288, 5968096
289, 5626173
290, 5878541
291, 5728359
292, 5990814
293, 5573350
294, 6027788
295, 5904590
296, 6222374
297, 6327141
298, 6180589
299, 6290645
300, 5354217
301, 5556884
302, 5831914
303, 6100962
304, 6558635
305, 7322355
306, 7694867
307, 7992763
308, 7779671
309, 7564098
310, 7701332
311, 7897076
312, 7710961
313, 7898686
314, 7608758
315, 7888747
316, 7470135
317, 7238997
318, 6997104
319, 7651615
320, 7493450
321, 7662253
322, 7809011
323, 7992184
324, 8083641
325, 8207602
326, 8131601
327, 8205336
328, 8312493
329, 8312493
330, 8200065
331, 8080223
332, 7947883
333, 7947883
334, 8104997
335, 8271423
336, 8118052
337, 7966804
338, 7706216
339, 7584830
340, 7394160
341, 7609457
342, 7726329
343, 7665199
344, 7852208
345, 7954819
346, 8116759
347, 8324947
348, 8084397
349, 8221536
350, 8037713
351, 8151210
352, 8334992
353, 8085954
354, 8242096
355, 8124688
356, 8014756
357, 8234331
358, 8374965
359, 8494706
360, 8582166
361, 8770624
362, 8617251
363, 8873085
364, 9071039
365, 8672972
366, 8254254
367, 7187889
368, 7445421
369, 7079041
370, 7419241
371, 7258041
372, 7126241
373, 7277441
374, 7158941
375, 7353241
376, 7013541
377, 7264041
378, 6960641
379, 6877541
380, 7047141
381, 7154841
382, 7538541
383, 7715641
384, 8039141
385, 8183041
386, 8565741
387, 8422741
388, 8628541
389, 8827541
390, 9023341
391, 9131541
392, 8924341
393, 9126641
394, 9439841
395, 9252958
396, 9429258
397, 9607279
398, 9858379
399, 9131579
400, 9312979
401, 9669989
402, 9028274
403, 8682674
404, 9004066
405, 8686964
406, 8587672
407, 8421772
408, 8227172
409, 8336272
410, 8481072
411, 8669072
412, 8468672
413, 8620872
414, 8936472
415, 8616872
416, 8982502
417, 9213589
418, 9429889
419, 9260889
420, 9101815
421, 8942915
422, 9106715
423, 9259438
424, 9259438
425, 9712838
426, 9568138
427, 9503438
428, 9452138
429, 9596303
430, 9729303
431, 9676058
432, 9921358
433, 10190658
434, 9956160
435, 10137060
436, 10022260
437, 10319060
438, 10192860
439, 10320003
440, 10613085
441, 10819210
442, 10588310
443, 10896010
444, 11349910
445, 12196510
446, 12375710
447, 12652710
448, 12312310
449, 12955529
450, 12724529
451, 12603229
452, 13391529
453, 13122229
454, 13380352
455, 13744652
456, 13547352
457, 13229752
458, 13422552
459, 13224652
460, 13324552
461, 13441552
462, 13305852
463, 13228720
464, 13056704
465, 13166004
466, 13067504
467, 12956104
468, 12835004
469, 13027104
470, 13189604
471, 12638604
472, 12541904
473, 12367704
474, 12579504
475, 12723904
476, 12910404
477, 13062201
478, 12840401
479, 12520801
480, 12986617
481, 12806517
482, 13025317
483, 12813629
484, 12437229
485, 12028029
486, 11688529
487, 11948129
488, 11652629
489, 11974629
490, 12315629
491, 12866029
492, 12352713
493, 11999413
494, 12230813
495, 12460913
496, 12239513
497, 12053313
498, 11902513
499, 12099013
500, 11982713
501, 11822013
502, 12110513
503, 12387013
504, 12496575
505, 12615275
506, 12772675
507, 12972175
508, 13145775
509, 12860193
510, 13390693
511, 13254193
512, 13154193
513, 13341793
514, 13185270
515, 13029170
516, 12840208
517, 12418308
518, 12087608
519, 12413208
520, 12691708
521, 13003274
522, 12325674
523, 12711574
524, 12392974
525, 12048474
526, 12230943
527, 12098143
528, 11717443
529, 12121043
530, 11916043
531, 12263443
532, 12364976
533, 12280176
534, 12421376
535, 12286476
536, 12109976
537, 11935576
538, 12141176
539, 11877776
540, 12134876
541, 12468843
542, 12778643
543, 12470293
544, 13031493
545, 12733293
546, 12497740
547, 12285540
548, 12474840
549, 12311740
550, 12425240
551, 12564040
552, 12358840
553, 12601940
554, 12689340
555, 12573540
556, 12661840
557, 12803540
558, 12962040
559, 13028940
560, 12820340
561, 13038840
562, 12772701
563, 12649954
564, 12820254
565, 12620254
566, 12346772
567, 12173072
568, 12335172
569, 12170072
570, 11956103
571, 12129703
572, 12237803
573, 12013703
574, 11538103
575, 11446303
576, 11287947
577, 11410347
578, 11442005
579, 11246917
580, 11509098
581, 11700291
582, 11859324
583, 11655738
584, 11745771
585, 11616186
586, 11408315
587, 11211066
588, 11575570
589, 11331978
590, 11041223
591, 11328290
592, 11033927
593, 10773327
594, 10353598
595, 10683460
596, 10914697
597, 10722903
598, 10902305
599, 10532763
600, 10357536
601, 10678836
602, 10390875
603, 10238254
604, 9950746
605, 10309769
606, 9981510
607, 9573721
608, 8906717
609, 8682950
610, 8385500
611, 7983814
612, 8333003
613, 8613969
614, 8490731
615, 8364570
616, 8514439
617, 8951492
618, 9269924
619, 10270957
620, 10600530
621, 10335418
622, 10613555
623, 10409500
624, 10089627
625, 10383528
626, 10578860
627, 10424735
628, 10585715
629, 11210546
630, 11452289
631, 11651653
632, 11231567
633, 11516916
634, 11812889
635, 12769397
636, 12599917
637, 12465668
638, 12336361
639, 12080505
640, 11928244
641, 12137444
642, 11918825
643, 12663693
644, 12946831
645, 13477657
646, 13312236
647, 13424528
648, 13224665
649, 13622887
650, 13789328
651, 14168829
652, 13793160
653, 13490130
654, 13632363
655, 13778092
656, 13908328
657, 13835466
658, 13653094
659, 13401853
660, 13266473
661, 13408549
662, 13530023
663, 13271968
664, 13125784
665, 12628504
666, 12365296
667, 12725670
668, 13101369
669, 13395938
670, 13054690
671, 13379779
672, 13109104
673, 13395645
674, 13249699
675, 13400822
676, 13195744
677, 13309176
678, 13205286
679, 13482262
680, 13143111
681, 13606621
682, 13394532
683, 13249652
684, 13377379
685, 13251524
686, 13474456
687, 13651151
688, 13992047
689, 14396565
690, 14097775
691, 14322515
692, 14133066
693, 13975004
694, 13835759
695, 13592910
696, 13380313
697, 13115374
698, 13497444
699, 13649306
700, 13505443
701, 13757107
702, 13968941
703, 13277161
704, 12845245
705, 13092750
706, 13378221
707, 13686879
708, 13923449
709, 13654514
710, 13887246
711, 13667933
712, 13856500
713, 14288376
714, 14087068
715, 13939765
716, 14091840
717, 14334478
718, 14193076
719, 14071132
720, 13963879
721, 13769586
722, 13944125
723, 14062283
724, 14213333
725, 14348718
726, 14649870
727, 14373981
728, 14584488
729, 14286456
730, 14386553
731, 14202538
732, 14441563
733, 14316098
734, 14206346
735, 14393982
736, 13615107
737, 13366356
738, 13586427
739, 13439157
740, 13289659
741, 13120223
742, 13249487
743, 13088279
744, 13237776
745, 13109388
746, 12721497
747, 12568029
748, 12689093
749, 12813808
750, 12597794
751, 12475210
752, 12344949
753, 12570897
754, 12689225
755, 12552098
756, 12286578
757, 12581407
758, 12380024
759, 12536161
760, 12687549
761, 12287818
762, 12401547
763, 12255280
764, 12083940
765, 12241386
766, 12082583
767, 11863696
768, 11953266
769, 12041507
770, 11945133
771, 12062795
772, 11909834
773, 12064419
774, 12226437
775, 12323602
776, 12182055
777, 12321312
778, 12112736
779, 11880057
780, 12126552
781, 11932010
782, 11691672
783, 11812774
784, 11526558
785, 11831956
786, 11954940
787, 12104984
788, 11775341
789, 11441657
790, 11333150
791, 11457424
792, 11578844
793, 11405406
794, 11244009
795, 11332966
796, 11492333
797, 11697470
798, 11424256
799, 12095493
800, 12694356
801, 13063421
802, 13227490
803, 13451246
804, 13175667
805, 13462340
806, 13462340
807, 13605114
808, 13293714
809, 13065446
810, 13176324
811, 13040998
812, 12794804
813, 12557542
814, 12847702
815, 12523494
816, 12682052
817, 12841918
818, 13017204
819, 13261373
820, 13261373
821, 12945000
822, 13164321
823, 13045435
824, 12860149
825, 13670155
826, 13820532
827, 13932663
828, 14147080
829, 14010025
830, 14070775
831, 14157731
832, 14006064
833, 14170599
834, 14399972
835, 14675493
836, 14416916
837, 14158232
838, 14034557
839, 13843833
840, 13978661
841, 14086997
842, 13971175
843, 14046215
844, 13933252
845, 14045550
846, 14356400
847, 14482065
848, 14336738
849, 14685589
850, 14833433
851, 14543736
852, 14203952
853, 14738133
854, 14454843
855, 14630251
856, 14805019
857, 14645070
858, 14565519
859, 14706077
860, 14604277
861, 14748430
862, 14849218
863, 14782774
864, 14782774
865, 14886799
866, 14762293
867, 14589606
868, 14483375
869, 14230192
870, 14912270
871, 15109086
872, 15695391
873, 15404596
874, 15796612
875, 16100456
876, 16388668
877, 16533047
878, 16396227
879, 16217022
880, 16063329
881, 16242371
882, 16349293
883, 16489096
884, 16212008
885, 16395648
886, 15873298
887, 15873298
888, 15766161
889, 15860909
890, 15950040
891, 15860048
892, 15997773
893, 15804382
894, 15985673
895, 15859424
896, 16068856
897, 15939242
898, 15816977
899, 15976832
900, 16171043
901, 16021282
902, 16021282
903, 16243208
904, 16167338
905, 16052804
906, 16147636
907, 16246019
908, 16364326
909, 16466564
910, 16349567
911, 16516473
912, 16721941
913, 16916602
914, 17216189
915, 17061671
916, 17163229
917, 17014870
918, 16906179
919, 16989072
920, 16871807
921, 16629301
922, 15851393
923, 15643515
924, 15440283
925, 15250279
926, 15431232
927, 15228804
928, 15032913
929, 15295403
930, 15498073
931, 15668882
932, 15425530
933, 15568369
934, 15150174
935, 15311332
936, 15126830
937, 15313537
938, 15150490
939, 15337211
940, 15236213
941, 15056777
942, 15204628
943, 15332306
944, 15646450
945, 15835453
946, 15966804
947, 15832786
948, 15745722
949, 15474528
950, 15356495
951, 15159170
952, 15035152
953, 15161114
954, 14953425
955, 15141831
956, 15329276
957, 15533524
958, 15407074
959, 15407074
960, 15442381
961, 15530007
962, 15417770
963, 15501611
964, 15369157
965, 15212441
966, 15384515
967, 15641949
968, 15953004
969, 16083382
970, 15894871
971, 16159319
972, 16524553
973, 16391993
974, 16320286
975, 16444852
976, 16616924
977, 16494942
978, 16350505
979, 16350505
980, 16683124
981, 16554589
982, 16478155
983, 16619026
984, 16225496
985, 15773376
986, 15337526
987, 11073846
988, 12086631
989, 13106376
990, 12488098
991, 13196287
992, 13798793
993, 13396852
994, 13065539
995, 13410555
996, 13719359
997, 13446550
998, 13138097
999, 13406749
1000, 13674540
1001, 13949439
1002, 13679961
1003, 13835558
1004, 13649184
1005, 13890776
1006, 13710096
1007, 14009727
1008, 14241828
1009, 14023566
1010, 13821156
1011, 14134528
1012, 14580942
1013, 14377584
1014, 14224249
1015, 13977831
1016, 14190914
1017, 14374298
1018, 14203170
1019, 14432296
1020, 14694613
1021, 14524873
1022, 14689802
1023, 14513867
1024, 14262965
1025, 14011742
1026, 14159244
1027, 14255823
1028, 14397813
1029, 14287385
1030, 14193106
1031, 14047436
1032, 14205168
1033, 14291284
1034, 14140741
1035, 13820300
1036, 13983680
1037, 14294292
1038, 14294292
1039, 14485501
1040, 14311611
1041, 14417498
1042, 14288103
1043, 14191417
1044, 14371261
1045, 14266844
1046, 14136001
1047, 13945539
1048, 13518057
1049, 13108981
1050, 13578877
1051, 13978004
1052, 13753511
