0, 7.665
1, 9.723
2, 10.065
3, 10.428
4, 10.63
5, 10.25
6, 10.447
7, 10.654
8, 10.75
9, 10.484
10, 10.227
11, 10.338
12, 10.045
13, 10.045
14, 10.187
15, 10.758
16, 10.851
17, 10.812
18, 10.936
19, 10.754
20, 10.531
21, 10.564
22, 10.69
23, 10.912
24, 10.831
25, 10.771
26, 10.275
27, 10.069
28, 9.92
29, 10.049
30, 10.218
31, 10.074
32, 9.997
33, 10.056
34, 9.895
35, 9.944
36, 10.074
37, 9.879
38, 9.886
39, 9.762
40, 9.569
41, 9.2523
42, 9.1702
43, 9.0235
44, 8.854
45, 9.0774
46, 8.9601
47, 8.983
48, 9.175
49, 8.8755
50, 8.9357
51, 9.52
52, 9.56
53, 9.4858
54, 9.622
55, 10.175
56, 10.154
57, 9.983
58, 9.682
59, 9.1788
60, 8.9793
61, 9.0622
62, 9.3829
63, 9.2406
64, 9.0575
65, 8.754
66, 8.5521
67, 8.3909
68, 8.1892
69, 7.9835
70, 7.8866
71, 8.1085
72, 7.5922
73, 7.4187
74, 7.1443
75, 7.1484
76, 7.4511
77, 7.5681
78, 7.3664
79, 7.4913
80, 7.35
81, 7.5437
82, 7.9472
83, 8.1085
84, 8.2337
85, 7.8503
86, 8.0155
87, 8.3989
88, 8.4151
89, 8.4512
90, 9.1788
91, 9.512
92, 9.651
93, 9.2658
94, 9.15
95, 9.2658
96, 9.528
97, 9.74
98, 9.2173
99, 9.2523
100, 9.622
101, 9.781
102, 9.582
103, 9.642
104, 9.648
105, 9.638
106, 9.743
107, 9.997
108, 10.292
109, 10.447
110, 10.564
111, 10.489
112, 10.527
113, 10.463
114, 10.527
115, 10.444
116, 10.378
117, 10.343
118, 10.369
119, 10.327
120, 10.405
121, 10.025
122, 10.061
123, 10.125
124, 10.208
125, 10.179
126, 10.085
127, 10.208
128, 10.502
129, 10.576
130, 10.389
131, 10.649
132, 10.671
133, 10.805
134, 10.82
135, 10.901
136, 10.964
137, 10.909
138, 10.809
139, 10.549
140, 10.435
141, 10.694
142, 10.646
143, 10.893
144, 11.066
145, 11.174
146, 11.114
147, 10.893
148, 10.909
149, 10.784
150, 11.114
151, 11.537
152, 11.445
153, 11.526
154, 10.932
155, 11.053
156, 10.939
157, 11.215
158, 10.939
159, 11.126
160, 11.312
161, 11.308
162, 11.385
163, 11.364
164, 11.545
165, 11.308
166, 11.278
167, 11.472
168, 11.53
169, 12.006
170, 11.579
171, 11.604
172, 11.566
173, 11.248
174, 11.2
175, 11.066
176, 11.133
177, 11.196
178, 11.687
179, 11.941
180, 12.021
181, 12.103
182, 12.095
183, 11.921
184, 11.855
185, 11.891
186, 12.014
187, 12.017
188, 12.395
189, 12.619
190, 12.465
191, 12.637
192, 12.67
193, 12.484
194, 12.686
195, 12.965
196, 12.707
197, 12.232
198, 12.17
199, 12.123
200, 12.67
201, 12.651
202, 12.573
203, 12.772
204, 12.965
205, 13.091
206, 12.578
207, 12.465
208, 12.624
209, 12.543
210, 12.628
211, 13.17
212, 13.635
213, 13.62
214, 13.372
215, 13.024
216, 13.17
217, 13.103
218, 13.099
219, 13.064
220, 12.869
221, 12.846
222, 13.432
223, 13.249
224, 12.897
225, 12.716
226, 12.864
227, 12.321
228, 12.263
229, 12.452
230, 12.484
231, 11.921
232, 12.103
233, 12.26
234, 12.364
235, 11.776
236, 11.76
237, 12.768
238, 12.658
239, 12.628
240, 12.293
241, 11.855
242, 11.534
243, 12.204
244, 12.637
245, 12.852
246, 13.056
247, 13.562
248, 13.744
249, 13.677
250, 14.115
251, 14.099
252, 14.259
253, 14.543
254, 14.693
255, 14.886
256, 14.471
257, 14.624
258, 14.471
259, 14.439
260, 14.075
261, 13.731
262, 13.454
263, 13.152
264, 13.178
265, 13.103
266, 13.723
267, 13.635
268, 13.533
269, 14.14
270, 14.135
271, 13.794
272, 13.236
273, 13.776
274, 13.85
275, 13.735
276, 13.446
277, 12.029
278, 11.9
279, 11.489
280, 11.461
281, 11.114
282, 11.057
283, 11.07
284, 11.094
285, 11.436
286, 11.7
287, 11.687
288, 11.71
289, 11.685
290, 11.54
291, 11.445
292, 10.897
293, 10.893
294, 10.812
295, 11.336
296, 11.396
297, 11.291
298, 11.396
299, 11.409
300, 11.162
301, 11.215
302, 11.255
303, 10.986
304, 11.629
305, 11.513
306, 11.449
307, 11.672
308, 11.939
309, 11.975
310, 12.36
311, 12.387
312, 12.271
313, 12.36
314, 12.462
315, 12.387
316, 12.624
317, 12.707
318, 12.693
319, 12.869
320, 12.988
321, 13.638
322, 13.755
323, 13.547
324, 14.032
325, 13.533
326, 13.91
327, 14.039
328, 14.144
329, 13.776
330, 13.961
331, 14.018
332, 13.628
333, 13.651
334, 14.079
335, 14.172
336, 14.099
337, 14.088
338, 14.224
339, 13.958
340, 13.108
341, 12.702
342, 12.338
343, 12.941
344, 13.052
345, 13.174
346, 13.116
347, 13.441
348, 13.608
349, 14.005
350, 13.902
351, 13.603
352, 13.819
353, 13.918
354, 14.027
355, 13.759
356, 13.677
357, 13.479
358, 13.31
359, 13.599
360, 15.45
361, 15.459
362, 15.72
363, 15.399
364, 15.134
365, 15.406
366, 15.333
367, 15.459
368, 15.579
369, 15.573
370, 15.725
371, 15.854
372, 15.481
373, 15.857
374, 16.049
375, 15.936
376, 16.102
377, 15.959
378, 15.944
379, 15.902
380, 15.561
381, 15.761
382, 15.725
383, 15.182
384, 15.213
385, 15.034
386, 15.582
387, 15.688
388, 15.899
389, 15.899
390, 15.861
391, 15.936
392, 15.835
393, 16.596
394, 16.238
395, 16.127
396, 15.54
397, 15.434
398, 15.49
399, 15.84
400, 16.173
401, 16.486
402, 16.549
403, 16.338
404, 16.516
405, 16.693
406, 17.464
407, 16.89
408, 16.737
409, 16.965
410, 16.781
411, 16.859
412, 17.05
413, 17.241
414, 17.314
415, 16.947
416, 16.794
417, 16.871
418, 16.25
419, 16.134
420, 16.11
421, 15.782
422, 15.23
423, 15.477
424, 15.952
425, 15.782
426, 15.941
427, 16.459
428, 16.362
429, 16.381
430, 16.525
431, 16.481
432, 16.94
433, 17.167
434, 17.245
435, 17.428
436, 17.794
437, 17.262
438, 17.169
439, 17.266
440, 17.076
441, 17.028
442, 17.103
443, 17.237
444, 17.012
445, 17.3
446, 16.96
447, 17.129
448, 17.003
449, 17.226
450, 16.89
451, 17.12
452, 17.084
453, 16.474
454, 16.106
455, 16.478
456, 16.703
457, 16.398
458, 16.279
459, 16.238
460, 16.177
461, 15.636
462, 15.499
463, 15.636
464, 15.486
465, 15.258
466, 15.464
467, 15.286
468, 15.477
469, 15.676
470, 15.359
471, 15.029
472, 14.475
473, 14.563
474, 14.434
475, 14.615
476, 15.144
477, 15.512
478, 15.329
479, 15.09
480, 15.254
481, 15.161
482, 15.222
483, 15.419
484, 15.495
485, 15.13
486, 14.927
487, 14.749
488, 14.491
489, 14.619
490, 14.304
491, 13.798
492, 14.079
493, 13.947
494, 14.209
495, 14.757
496, 14.543
497, 14.108
498, 14.051
499, 14.217
500, 13.922
501, 13.625
502, 14.256
503, 14.231
504, 14.047
505, 14.079
506, 13.943
507, 14.071
508, 14.346
509, 14.099
510, 13.931
511, 13.939
512, 14.252
513, 14.534
514, 14.548
515, 14.471
516, 14.412
517, 15.419
518, 14.828
519, 14.828
520, 14.217
521, 13.983
522, 13.372
523, 12.893
524, 13.041
525, 13.411
526, 13.446
527, 13.574
528, 12.702
529, 13.394
530, 13.554
531, 13.806
532, 13.819
533, 13.103
534, 12.869
535, 12.805
536, 12.819
537, 12.819
538, 13.461
539, 13.45
540, 13.441
541, 13.178
542, 12.619
543, 12.933
544, 12.383
545, 12.009
546, 12.178
547, 12.252
548, 12.284
549, 12.539
550, 11.622
551, 11.545
552, 11.2
553, 10.812
554, 10.964
555, 10.658
556, 10.797
557, 10.793
558, 10.877
559, 11.554
560, 11.731
561, 11.445
562, 11.338
563, 11.162
564, 10.754
565, 10.851
566, 10.671
567, 10.154
568, 10.32
569, 10.484
570, 10.584
571, 10.61
572, 10.564
573, 10.463
574, 10.171
575, 10.125
576, 10.2
577, 9.868
578, 9.755
579, 9.674
580, 9.56
581, 9.3036
582, 9.2998
583, 9.2948
584, 9.331
585, 9.857
586, 10.093
587, 9.1616
588, 8.8874
589, 8.9878
590, 9.0774
591, 8.7094
592, 8.6579
593, 8.6209
594, 8.682
595, 8.3266
596, 8.5205
597, 8.4998
598, 9.1365
599, 9.63
600, 9.328
601, 9.0927
602, 9.0889
603, 8.6738
604, 8.5205
605, 8.2337
606, 8.754
607, 8.0722
608, 8.5681
609, 9.0369
610, 8.6774
611, 9.0736
612, 8.5838
613, 8.3385
614, 8.6855
615, 8.6367
616, 8.379
617, 8.3466
618, 8.157
619, 8.177
620, 8.1045
621, 7.4429
622, 7.0759
623, 7.4671
624, 7.0677
625, 7.0072
626, 7.0192
627, 7.0394
628, 7.0192
629, 6.9184
630, 7.6688
631, 7.5681
632, 7.0637
633, 6.9469
634, 6.9386
635, 7.338
636, 7.4429
637, 7.5638
638, 7.2452
639, 7.0475
640, 7.1242
641, 6.5312
642, 6.6966
643, 6.5434
644, 6.4141
645, 6.7854
646, 7.0718
647, 7.463
648, 7.1767
649, 7.4066
650, 7.2613
651, 7.1443
652, 7.4469
653, 8.0644
654, 7.665
655, 7.2252
656, 7.2855
657, 7.8101
658, 7.7818
659, 7.8263
660, 8.0197
661, 8.0644
662, 8.0321
663, 7.8341
664, 7.9754
665, 8.2337
666, 7.6972
667, 7.7534
668, 7.665
669, 7.7938
670, 7.935
671, 7.6769
672, 7.3461
673, 7.0353
674, 6.8177
675, 6.862
676, 6.523
677, 6.5595
678, 6.1077
679, 6.4226
680, 6.2569
681, 6.4022
682, 6.2247
683, 6.0671
684, 6.6805
685, 6.5192
686, 7.1484
687, 7.4066
688, 7.4429
689, 7.0797
690, 5.3815
691, 5.4421
692, 5.2239
693, 5.4499
694, 5.345
695, 5.2122
696, 5.2403
697, 5.4058
698, 5.2038
699, 4.9619
700, 4.9619
701, 4.8006
702, 4.74
703, 4.7765
704, 5.0183
705, 5.1758
706, 5.305
707, 5.1836
708, 5.2038
709, 5.4459
710, 5.7931
711, 6.0511
712, 6.0995
713, 6.3217
714, 6.1842
715, 6.1198
716, 6.156
717, 6.1644
718, 6.0552
719, 5.8778
720, 5.5226
721, 5.4015
722, 5.5026
723, 5.4905
724, 5.5549
725, 5.6519
726, 5.6155
727, 5.6195
728, 5.5387
729, 5.333
730, 5.4058
731, 5.3652
732, 5.5265
733, 5.7607
734, 5.8897
735, 5.9583
736, 5.9461
737, 5.8735
738, 5.7043
739, 5.9666
740, 5.6559
741, 5.4742
742, 5.547
743, 5.3738
744, 5.5026
745, 5.6437
746, 5.68
747, 5.8576
748, 5.5874
749, 5.6155
750, 5.426
751, 5.3212
752, 5.3615
753, 5.4499
754, 5.0951
755, 5.099
756, 4.7521
757, 4.8451
758, 4.607
759, 4.5707
760, 4.4457
761, 4.8045
762, 4.7561
763, 4.5387
764, 4.357
765, 4.2679
766, 4.3004
767, 4.7077
768, 4.9659
769, 4.8532
770, 4.8209
771, 5.1637
772, 5.4015
773, 5.1758
774, 5.1637
775, 4.8045
776, 5.2081
777, 5.4459
778, 5.4499
779, 5.4985
780, 5.2203
781, 5.4742
782, 5.3738
783, 5.083
784, 5.6519
785, 5.9867
786, 5.902
787, 5.7484
788, 5.9666
789, 6.0106
790, 5.8615
791, 5.5953
792, 5.579
793, 5.5549
794, 5.8858
795, 5.7648
796, 5.8375
797, 6.031
798, 5.898
799, 5.8615
800, 5.8858
801, 6.035
802, 6.0995
803, 6.1804
804, 6.3903
805, 6.1316
806, 6.0754
807, 6.0754
808, 5.9547
809, 5.579
810, 5.547
811, 5.3615
812, 5.7283
813, 6.0633
814, 5.6841
815, 5.4621
816, 5.6155
817, 5.9906
818, 6.0229
819, 5.4863
820, 5.5265
821, 5.5874
822, 5.3129
823, 4.8975
824, 5.2687
825, 5.1234
826, 5.0426
827, 4.2962
828, 4.9015
829, 5.2122
830, 4.9135
831, 4.2721
832, 4.6393
833, 4.8168
834, 5.075
835, 5.0912
836, 4.5387
837, 4.4293
838, 4.3004
839, 4.2358
840, 4.1471
841, 4.4374
842, 5.0468
843, 5.2162
844, 4.8289
845, 5.2442
846, 4.8693
847, 5.0306
848, 5.1354
849, 4.8568
850, 4.9095
851, 4.4174
852, 4.8006
853, 4.3811
854, 4.3649
855, 4.2036
856, 3.78
857, 3.3201
858, 3.2276
859, 3.4331
860, 3.7435
861, 4.018
862, 4.0545
863, 3.6307
864, 3.7276
865, 3.7595
866, 3.8564
867, 4.2478
868, 4.4739
869, 4.2762
870, 4.3689
871, 3.9656
872, 4.0503
873, 3.9695
874, 4.3165
875, 4.3165
876, 4.3974
877, 4.6838
878, 4.6473
879, 4.5989
880, 4.72
881, 4.74
882, 4.6473
883, 4.7844
884, 5.0264
885, 4.9054
886, 4.6997
887, 4.6352
888, 4.486
889, 4.498
890, 4.2358
891, 4.2679
892, 4.3044
893, 3.901
894, 3.9854
895, 4.0462
896, 3.7196
897, 3.8729
898, 3.8364
899, 4.1067
900, 4.2962
901, 4.2276
902, 4.5827
903, 4.2036
904, 4.0261
905, 4.1067
906, 4.0987
907, 4.0424
908, 4.1188
909, 4.4657
910, 4.4779
911, 4.2802
912, 4.2962
913, 4.1956
914, 4.0785
915, 3.8729
916, 3.7233
917, 3.6591
918, 3.5862
919, 3.5621
920, 3.6427
921, 3.651
922, 3.5783
923, 3.5139
924, 3.3725
925, 3.1787
926, 3.1306
927, 3.0699
928, 2.7957
929, 2.6908
930, 2.8642
931, 2.852
932, 3.1306
933, 3.409
934, 3.2677
935, 3.5905
936, 3.9695
937, 3.8971
938, 3.7233
939, 4.1027
940, 4.0218
941, 3.7196
942, 3.651
943, 3.6874
944, 3.7595
945, 3.7479
946, 4.0342
947, 4.2924
948, 4.4578
949, 4.3285
950, 4.0825
951, 4.26
952, 4.5387
953, 4.6554
954, 4.4457
955, 4.2841
956, 4.6029
957, 4.4739
958, 4.0744
959, 4.0342
960, 4.0503
961, 3.9252
962, 3.8768
963, 3.7839
964, 4.0744
965, 4.2679
966, 4.385
967, 4.4457
968, 4.5182
969, 4.8367
970, 4.8532
971, 4.9619
972, 5.1274
973, 5.1114
974, 5.188
975, 4.9054
976, 4.9781
977, 5.0627
978, 5.2886
979, 5.1836
980, 5.1435
981, 5.107
982, 5.107
983, 5.2442
984, 5.2323
985, 4.5303
986, 4.5868
987, 4.6676
988, 4.6194
989, 4.6676
990, 4.7885
991, 4.6513
992, 4.6229
993, 4.6434
994, 4.4779
995, 4.2439
996, 4.1631
997, 4.2116
998, 4.1994
999, 4.2116
1000, 4.1875
1001, 4.1148
1002, 3.9939
1003, 3.8608
1004, 3.8807
1005, 3.8446
1006, 3.8729
1007, 3.8729
1008, 3.9735
1009, 4.357
1010, 4.26
1011, 4.0744
1012, 4.038
1013, 4.2237
1014, 4.2439
1015, 4.3124
1016, 4.4133
1017, 4.4537
1018, 4.849
1019, 4.7159
1020, 4.728
1021, 4.9619
1022, 4.8731
1023, 4.9862
1024, 5.1718
1025, 5.2038
1026, 5.2323
1027, 5.3533
1028, 5.333
1029, 5.5428
1030, 5.4421
1031, 5.0346
1032, 4.9418
1033, 4.9619
1034, 4.95
1035, 5.1799
1036, 5.1836
1037, 5.0709
1038, 5.3935
1039, 5.5428
1040, 5.2403
1041, 5.0709
1042, 5.1555
1043, 5.1191
1044, 5.4499
1045, 5.5147
1046, 5.4946
1047, 5.6559
1048, 6.0511
1049, 6.043
1050, 6.1119
1051, 6.1157
1052, 5.8657
1053, 5.7
1054, 5.7484
1055, 5.7043
1056, 5.6961
1057, 5.7484
1058, 5.7484
1059, 5.7043
1060, 6.0754
1061, 6.1721
1062, 6.5595
1063, 6.5391
1064, 6.6482
1065, 6.5391
1066, 6.628
1067, 6.8582
1068, 6.5675
1069, 6.5636
1070, 6.7087
1071, 6.6161
1072, 6.4425
1073, 6.0671
1074, 6.4061
1075, 6.4101
1076, 6.757
1077, 7.205
1078, 7.2372
1079, 7.0718
1080, 7.229
1081, 7.0596
1082, 7.1242
1083, 8.056
1084, 8.7942
1085, 8.4512
1086, 8.5079
1087, 8.7057
1088, 8.5681
1089, 8.387
1090, 8.1853
1091, 7.9672
1092, 7.7456
1093, 8.2659
1094, 7.7456
1095, 7.8303
1096, 8.2012
1097, 7.9596
1098, 8.2056
1099, 8.2256
1100, 8.3145
1101, 8.3426
1102, 8.5721
1103, 8.282
1104, 8.387
1105, 8.4838
1106, 8.2778
1107, 8.4512
1108, 8.1085
1109, 8.1731
1110, 8.2862
1111, 9.1616
1112, 9.622
1113, 9.1702
1114, 9.4146
1115, 9.586
1116, 9.586
1117, 9.569
1118, 9.828
1119, 9.912
1120, 9.719
1121, 9.614
1122, 9.56
1123, 9.638
1124, 10.114
1125, 10.149
1126, 10.361
1127, 10.327
1128, 10.245
1129, 10.302
1130, 10.237
1131, 10.855
1132, 10.658
1133, 10.793
1134, 10.75
1135, 10.762
1136, 10.439
1137, 10.619
1138, 10.834
1139, 10.737
1140, 10.73
1141, 10.588
1142, 10.288
1143, 10.347
1144, 10.535
1145, 10.468
1146, 10.498
1147, 10.606
1148, 10.671
1149, 10.338
1150, 9.651
1151, 10.029
1152, 9.883
1153, 10.065
1154, 9.903
1155, 9.723
1156, 10.137
1157, 10.58
1158, 10.675
1159, 10.275
1160, 10.085
1161, 10.056
1162, 10.771
1163, 10.662
1164, 10.981
1165, 10.998
1166, 11.17
1167, 10.576
1168, 10.745
1169, 10.784
1170, 10.716
1171, 10.559
1172, 10.712
1173, 10.863
1174, 10.863
1175, 11.248
1176, 11.338
1177, 11.271
1178, 11.396
1179, 11.404
1180, 11.36
1181, 11.554
1182, 11.687
1183, 11.742
1184, 11.81
1185, 11.871
1186, 10.622
1187, 10.302
1188, 10.646
1189, 10.311
1190, 10.428
1191, 10.699
1192, 10.732
1193, 10.549
1194, 10.592
1195, 10.393
1196, 10.352
1197, 10.298
1198, 10.393
1199, 10.369
1200, 10.555
1201, 10.412
1202, 10.502
1203, 10.523
1204, 10.502
1205, 10.667
1206, 11.17
1207, 11.141
1208, 11.137
1209, 10.851
1210, 10.936
1211, 11.162
1212, 11.291
1213, 11.286
1214, 11.183
1215, 13.003
1216, 12.426
1217, 12.729
1218, 12.183
1219, 12.51
1220, 11.948
1221, 11.962
1222, 11.498
1223, 10.939
1224, 11.864
1225, 12.497
1226, 12.658
1227, 12.162
1228, 11.895
1229, 11.76
1230, 11.51
1231, 11.545
1232, 10.936
1233, 11.103
1234, 10.998
1235, 12.078
1236, 11.664
1237, 11.784
1238, 11.65
1239, 11.062
1240, 10.816
1241, 10.877
1242, 10.175
1243, 9.81
1244, 10.129
1245, 10.129
1246, 10.658
1247, 10.758
1248, 10.921
1249, 10.977
1250, 10.75
1251, 10.498
1252, 10.175
1253, 9.96
1254, 9.762
1255, 9.633
1256, 9.555
1257, 9.737
1258, 9.875
1259, 9.0115
1260, 9.0622
1261, 8.9152
1262, 8.9878
1263, 8.8418
1264, 8.8838
1265, 8.9152
1266, 9.2406
1267, 9.2076
1268, 9.4809
1269, 9.702
1270, 9.755
1271, 9.3623
1272, 9.2948
1273, 9.651
1274, 9.755
1275, 10.241
1276, 10.775
1277, 10.946
1278, 10.925
1279, 10.877
1280, 10.831
1281, 10.732
1282, 10.973
1283, 10.364
1284, 11.239
1285, 11.008
1286, 10.745
1287, 10.658
1288, 10.396
1289, 9.886
1290, 9.928
1291, 9.569
1292, 9.508
1293, 9.785
1294, 10.167
1295, 10.09
1296, 10.385
1297, 10.187
1298, 9.964
1299, 9.793
1300, 9.591
1301, 9.81
1302, 9.599
1303, 9.582
1304, 9.951
1305, 9.565
1306, 9.758
1307, 9.4116
1308, 9.638
1309, 9.56
1310, 9.947
1311, 10.703
1312, 10.802
1313, 10.921
1314, 10.797
1315, 11.219
1316, 11.563
1317, 11.041
1318, 10.82
1319, 11.165
1320, 11.734
1321, 11.941
1322, 11.895
1323, 11.841
1324, 11.579
1325, 12.091
1326, 11.806
1327, 11.948
1328, 11.764
1329, 12.033
1330, 12.417
1331, 12.58
1332, 12.493
1333, 12.628
1334, 12.484
1335, 12.628
1336, 13.031
1337, 12.933
1338, 12.956
1339, 12.58
1340, 12.828
1341, 13.297
1342, 13.347
1343, 13.454
1344, 13.372
1345, 13.422
1346, 13.461
1347, 13.547
1348, 14.035
1349, 14.636
1350, 15.464
1351, 15.47
1352, 14.998
1353, 15.164
1354, 15.265
1355, 14.813
1356, 14.899
1357, 14.374
1358, 15.13
1359, 15.316
1360, 15.573
1361, 16.076
1362, 15.843
1363, 15.809
1364, 15.684
1365, 15.77
1366, 15.773
1367, 15.915
1368, 16.204
1369, 16.106
1370, 15.628
1371, 16.222
1372, 15.952
1373, 15.843
1374, 15.712
1375, 15.392
1376, 15.52
1377, 15.641
1378, 15.915
1379, 15.931
1380, 15.931
1381, 16.11
1382, 15.632
1383, 15.664
1384, 15.712
1385, 15.644
1386, 15.596
1387, 15.54
1388, 15.771
1389, 15.54
1390, 14.728
1391, 14.543
1392, 14.126
1393, 14.318
1394, 13.885
1395, 13.681
1396, 14.172
1397, 14.156
1398, 14.335
1399, 13.667
1400, 13.337
1401, 13.996
1402, 14.055
1403, 14.172
1404, 14.023
1405, 14.091
1406, 13.947
1407, 13.425
1408, 13.43
1409, 13.876
1410, 13.836
1411, 14.343
1412, 14.18
1413, 14.391
1414, 14.615
1415, 16.806
1416, 16.573
1417, 16.56
1418, 16.403
1419, 15.902
1420, 16.381
1421, 16.49
1422, 16.131
1423, 15.861
1424, 15.895
1425, 16.056
1426, 16.381
1427, 15.974
1428, 16.134
1429, 16.429
1430, 16.596
1431, 16.023
1432, 16.591
1433, 16.659
1434, 16.42
1435, 16.659
1436, 16.627
1437, 15.43
1438, 15.773
1439, 16.209
1440, 15.49
1441, 15.423
1442, 15.121
1443, 15.195
1444, 15.877
1445, 15.62
1446, 15.617
1447, 15.809
1448, 16.358
1449, 16.118
1450, 16.728
1451, 16.565
1452, 17.401
1453, 17.535
1454, 17.769
1455, 17.334
1456, 17.527
1457, 17.253
1458, 17.336
1459, 17.233
1460, 17.727
1461, 17.666
1462, 17.802
1463, 18.364
1464, 18.296
1465, 18.53
1466, 18.53
1467, 19.235
1468, 19.249
1469, 19.154
1470, 19.025
1471, 18.558
1472, 17.675
1473, 17.811
1474, 17.819
1475, 17.973
1476, 18.166
1477, 18.052
1478, 17.964
1479, 18.153
1480, 17.844
1481, 17.722
1482, 17.789
1483, 17.906
1484, 17.472
1485, 17.423
1486, 20.362
1487, 19.859
1488, 20.137
1489, 20.705
1490, 20.23
1491, 19.582
1492, 19.239
1493, 19.153
1494, 18.384
1495, 18.806
1496, 18.448
1497, 19.258
1498, 18.803
1499, 18.886
1500, 19.384
1501, 18.847
1502, 18.759
1503, 18.939
1504, 19.485
1505, 20.145
1506, 19.854
1507, 20.53
1508, 19.966
1509, 19.957
1510, 20.129
1511, 20.613
1512, 20.417
1513, 20.759
1514, 20.924
1515, 21.146
1516, 22.023
1517, 22.082
1518, 21.379
1519, 21.427
1520, 21.852
1521, 21.61
1522, 21.889
1523, 21.656
1524, 22.207
1525, 22.253
1526, 22.082
1527, 22.313
1528, 21.873
1529, 21.785
1530, 21.346
1531, 21.512
1532, 21.373
1533, 21.848
1534, 20.619
1535, 21.535
1536, 19.355
1537, 19.508
1538, 17.275
1539, 19.169
1540, 18.436
1541, 18.336
1542, 18.387
1543, 18.395
1544, 17.776
1545, 17.468
1546, 16.065
1547, 15.254
1548, 15.261
1549, 16.672
1550, 17.184
1551, 17.405
1552, 18.139
1553, 19.047
1554, 19.0
1555, 18.723
1556, 18.34
1557, 17.855
1558, 18.113
1559, 18.863
1560, 18.326
1561, 17.971
1562, 18.113
1563, 18.587
1564, 19.142
1565, 19.16
1566, 19.721
1567, 20.217
1568, 19.474
1569, 18.958
1570, 18.448
1571, 19.031
1572, 20.015
1573, 20.167
1574, 19.716
1575, 19.804
1576, 19.511
1577, 19.014
1578, 20.081
1579, 20.474
1580, 20.869
1581, 20.852
1582, 21.647
1583, 21.291
1584, 21.393
1585, 21.179
1586, 21.714
1587, 21.033
1588, 21.291
1589, 21.455
1590, 21.697
1591, 22.099
1592, 22.569
1593, 21.994
1594, 22.04
1595, 22.721
1596, 22.638
1597, 22.116
1598, 21.962
1599, 22.22
1600, 21.978
1601, 22.407
1602, 21.487
1603, 21.101
1604, 20.392
1605, 20.462
1606, 21.575
1607, 20.918
1608, 20.976
1609, 19.209
1610, 18.893
1611, 18.93
1612, 18.95
1613, 19.106
1614, 18.525
1615, 18.159
1616, 19.028
1617, 18.571
1618, 19.014
1619, 19.305
1620, 19.456
1621, 19.763
1622, 20.129
1623, 20.172
1624, 19.995
1625, 20.557
1626, 20.288
1627, 19.352
1628, 18.817
1629, 18.955
1630, 19.097
1631, 18.934
1632, 19.097
1633, 18.688
1634, 18.485
1635, 18.89
1636, 18.976
1637, 18.679
1638, 18.893
1639, 18.744
1640, 17.919
1641, 17.768
1642, 18.757
1643, 18.079
1644, 18.079
1645, 20.396
1646, 19.854
1647, 19.669
1648, 19.753
1649, 20.005
1650, 20.529
1651, 20.584
1652, 20.476
1653, 20.608
1654, 20.809
1655, 21.087
1656, 20.783
1657, 20.983
1658, 20.949
1659, 21.187
1660, 21.456
1661, 21.136
1662, 21.393
1663, 21.716
1664, 21.749
1665, 21.859
1666, 21.773
1667, 21.592
1668, 21.652
1669, 21.554
1670, 21.939
1671, 22.33
1672, 22.683
1673, 22.59
1674, 22.555
1675, 22.92
1676, 22.763
1677, 23.641
1678, 23.928
1679, 23.915
1680, 23.979
1681, 23.314
1682, 23.316
1683, 22.772
1684, 23.048
1685, 23.304
1686, 23.484
1687, 23.385
1688, 23.812
1689, 23.584
1690, 24.038
1691, 23.593
1692, 23.096
1693, 23.86
1694, 23.556
1695, 23.366
1696, 23.268
1697, 23.273
1698, 23.345
1699, 23.469
1700, 23.257
1701, 23.282
1702, 23.801
1703, 23.979
1704, 23.317
1705, 23.105
1706, 22.758
1707, 22.21
1708, 22.736
1709, 23.039
1710, 23.044
1711, 23.273
1712, 23.543
1713, 24.069
1714, 23.873
1715, 23.886
1716, 23.268
1717, 22.964
1718, 23.785
1719, 24.698
1720, 24.434
1721, 23.916
1722, 23.992
1723, 24.74
1724, 24.367
1725, 24.128
1726, 24.111
1727, 23.444
1728, 23.772
1729, 23.626
1730, 23.523
1731, 23.56
1732, 23.57
1733, 23.667
1734, 23.073
1735, 23.356
1736, 23.72
1737, 26.028
1738, 26.149
1739, 26.098
1740, 26.004
1741, 26.025
1742, 25.378
1743, 25.369
1744, 24.339
1745, 24.372
1746, 24.567
1747, 24.934
1748, 24.52
1749, 24.412
1750, 24.282
1751, 24.975
1752, 24.464
1753, 24.506
1754, 25.074
1755, 22.229
1756, 22.374
1757, 22.694
1758, 22.505
1759, 22.619
1760, 22.409
1761, 22.686
1762, 22.924
1763, 22.806
1764, 23.198
1765, 23.571
1766, 23.541
1767, 24.11
1768, 23.853
1769, 23.647
1770, 23.545
1771, 23.537
1772, 23.562
1773, 23.875
1774, 23.609
1775, 23.549
1776, 23.873
1777, 24.049
1778, 23.581
1779, 23.735
1780, 23.648
1781, 23.634
1782, 24.308
1783, 25.312
1784, 25.428
1785, 25.211
1786, 24.901
1787, 24.938
1788, 24.995
1789, 25.151
1790, 25.589
1791, 25.562
1792, 25.174
1793, 25.167
1794, 25.261
1795, 25.179
1796, 24.947
1797, 25.769
1798, 26.712
1799, 26.111
1800, 27.503
1801, 27.433
1802, 27.374
1803, 27.469
1804, 27.62
1805, 27.522
1806, 27.747
1807, 27.522
1808, 27.512
1809, 27.567
1810, 27.363
1811, 27.789
1812, 27.627
1813, 27.729
1814, 27.22
1815, 27.331
1816, 27.965
1817, 27.884
1818, 27.87
1819, 27.539
1820, 28.192
1821, 28.192
1822, 28.615
1823, 28.106
1824, 27.815
1825, 27.947
1826, 28.478
1827, 28.529
1828, 28.114
1829, 28.07
1830, 28.453
1831, 28.989
1832, 29.243
1833, 29.337
1834, 28.989
1835, 29.084
1836, 29.218
1837, 29.345
1838, 29.527
1839, 29.257
1840, 28.852
1841, 28.025
1842, 27.298
1843, 27.247
1844, 27.425
1845, 27.226
1846, 27.448
1847, 27.01
1848, 27.57
1849, 27.794
1850, 27.641
1851, 27.546
1852, 27.527
1853, 27.274
1854, 26.584
1855, 26.5
1856, 26.636
1857, 26.636
1858, 26.314
1859, 25.721
1860, 26.053
1861, 27.439
1862, 29.865
1863, 29.592
1864, 30.007
1865, 30.067
1866, 29.813
1867, 29.972
1868, 30.143
1869, 29.967
1870, 29.86
1871, 31.064
1872, 29.762
1873, 30.04
1874, 29.54
1875, 28.904
1876, 28.848
1877, 28.441
1878, 28.218
1879, 28.411
1880, 28.516
1881, 28.826
1882, 29.15
1883, 28.896
1884, 28.655
1885, 28.629
1886, 28.115
1887, 28.214
1888, 28.407
1889, 29.017
1890, 29.219
1891, 29.497
1892, 29.785
1893, 28.976
1894, 29.118
1895, 29.179
1896, 29.012
1897, 28.88
1898, 29.092
1899, 29.683
1900, 29.785
1901, 29.745
1902, 30.108
1903, 29.9
1904, 29.943
1905, 29.9
1906, 30.191
1907, 29.886
1908, 29.542
1909, 29.326
1910, 29.564
1911, 29.838
1912, 29.542
1913, 29.891
1914, 30.072
1915, 30.007
1916, 30.296
1917, 29.998
1918, 29.984
1919, 29.975
1920, 30.04
1921, 29.813
1922, 30.425
1923, 29.855
1924, 29.63
1925, 29.723
1926, 29.15
1927, 28.984
1928, 29.609
1929, 29.9
1930, 29.877
1931, 30.059
1932, 30.236
1933, 30.227
1934, 30.027
1935, 29.914
1936, 30.632
1937, 29.846
1938, 30.186
1939, 30.277
1940, 29.865
1941, 29.617
1942, 27.782
1943, 28.314
1944, 28.0
1945, 29.022
1946, 28.456
1947, 27.982
1948, 28.138
1949, 28.181
1950, 27.787
1951, 28.333
1952, 28.252
1953, 28.8
1954, 28.858
1955, 28.949
1956, 28.976
1957, 29.229
1958, 29.86
1959, 29.657
1960, 29.003
1961, 29.158
1962, 28.46
1963, 27.942
1964, 28.045
1965, 27.947
1966, 28.024
1967, 27.965
1968, 28.631
1969, 28.539
1970, 28.671
1971, 29.207
1972, 28.601
1973, 28.05
1974, 29.003
1975, 28.733
1976, 29.162
1977, 29.363
1978, 29.98
1979, 30.396
1980, 30.442
1981, 31.025
1982, 30.891
1983, 30.502
1984, 30.724
1985, 30.86
1986, 30.86
1987, 30.598
1988, 30.887
1989, 30.557
1990, 30.91
1991, 32.016
1992, 32.734
1993, 32.683
1994, 32.485
1995, 32.782
1996, 32.563
1997, 32.465
1998, 32.246
1999, 32.641
2000, 32.614
2001, 32.641
2002, 32.975
2003, 32.979
2004, 32.864
2005, 32.975
2006, 32.668
2007, 32.07
2008, 32.23
2009, 31.866
2010, 32.412
2011, 32.613
2012, 32.962
2013, 32.562
2014, 33.372
2015, 33.795
2016, 33.723
2017, 34.118
2018, 34.547
2019, 34.601
2020, 34.724
2021, 34.937
2022, 35.004
2023, 34.778
2024, 34.646
2025, 34.5
2026, 34.757
2027, 34.394
2028, 34.221
2029, 33.595
2030, 33.46
2031, 33.668
2032, 33.874
2033, 33.7
2034, 33.658
2035, 33.59
2036, 34.312
2037, 34.125
2038, 34.376
2039, 36.012
2040, 35.646
2041, 35.765
2042, 35.711
2043, 35.841
2044, 36.173
2045, 35.651
2046, 35.274
2047, 34.898
2048, 34.941
2049, 35.619
2050, 35.391
2051, 35.581
2052, 35.813
2053, 36.041
2054, 38.891
2055, 38.0
2056, 38.222
2057, 38.156
2058, 37.776
2059, 38.017
2060, 37.979
2061, 37.711
2062, 37.73
2063, 37.675
2064, 37.581
2065, 37.048
2066, 36.731
2067, 36.886
2068, 36.905
2069, 37.896
2070, 37.565
2071, 37.856
2072, 37.679
2073, 37.758
2074, 37.583
2075, 37.823
2076, 37.616
2077, 37.93
2078, 38.074
2079, 37.916
2080, 37.683
2081, 37.697
2082, 38.003
2083, 37.741
2084, 37.611
2085, 37.63
2086, 37.625
2087, 37.754
2088, 37.341
2089, 36.341
2090, 36.23
2091, 35.85
2092, 35.864
2093, 35.838
2094, 36.278
2095, 37.217
2096, 37.754
2097, 38.61
2098, 38.463
2099, 38.581
2100, 38.973
2101, 38.869
2102, 39.153
2103, 39.956
2104, 39.386
2105, 38.853
2106, 39.51
2107, 39.902
2108, 40.239
2109, 40.755
2110, 41.156
2111, 41.2
2112, 41.466
2113, 40.674
2114, 41.014
2115, 41.414
2116, 41.35
2117, 41.981
2118, 39.964
2119, 39.956
2120, 39.855
2121, 39.537
2122, 39.404
2123, 39.43
2124, 39.217
2125, 38.231
2126, 38.112
2127, 37.758
2128, 38.097
2129, 38.187
2130, 38.168
2131, 37.672
2132, 37.274
2133, 37.941
2134, 37.229
2135, 37.345
2136, 37.621
2137, 37.926
2138, 37.907
2139, 37.862
2140, 38.102
2141, 38.102
2142, 38.434
2143, 38.532
2144, 37.976
2145, 37.818
2146, 37.14
2147, 36.623
2148, 35.403
2149, 34.481
2150, 34.643
2151, 34.955
2152, 34.624
2153, 34.454
2154, 34.016
2155, 33.697
2156, 33.44
2157, 33.116
2158, 33.519
2159, 33.788
2160, 33.385
2161, 33.885
2162, 33.573
2163, 32.869
2164, 33.394
2165, 33.288
2166, 33.984
2167, 33.459
2168, 33.779
2169, 35.045
2170, 34.331
2171, 34.419
2172, 33.938
2173, 33.6
2174, 33.232
2175, 33.028
2176, 33.42
2177, 33.341
2178, 34.1
2179, 34.928
2180, 34.964
2181, 34.312
2182, 34.376
2183, 34.776
2184, 35.09
2185, 35.328
2186, 36.539
2187, 36.497
2188, 36.435
2189, 35.945
2190, 35.293
2191, 35.249
2192, 35.66
2193, 34.688
2194, 33.697
2195, 33.734
2196, 33.509
2197, 32.903
2198, 31.699
2199, 31.432
2200, 31.371
2201, 31.602
2202, 31.977
2203, 32.994
2204, 33.492
2205, 33.656
2206, 33.073
2207, 32.309
2208, 32.344
2209, 32.4
2210, 31.52
2211, 30.884
2212, 31.056
2213, 31.082
2214, 30.579
2215, 30.383
2216, 30.383
2217, 31.046
2218, 30.598
2219, 30.553
2220, 29.943
2221, 29.307
2222, 30.15
2223, 29.926
2224, 30.141
2225, 30.176
2226, 30.016
2227, 29.452
2228, 29.423
2229, 29.746
2230, 29.845
2231, 31.107
2232, 31.117
2233, 31.017
2234, 30.822
2235, 31.099
2236, 30.983
2237, 29.792
2238, 29.1
2239, 29.926
2240, 29.513
2241, 29.147
2242, 21.169
2243, 22.165
2244, 22.453
2245, 22.619
2246, 23.125
2247, 23.176
2248, 23.551
2249, 24.198
2250, 24.753
2251, 24.682
2252, 24.62
2253, 24.271
2254, 24.485
2255, 24.538
2256, 25.291
2257, 25.426
2258, 25.109
2259, 24.939
2260, 25.262
2261, 25.262
2262, 25.009
2263, 24.901
2264, 25.163
2265, 25.209
2266, 25.318
2267, 24.974
2268, 25.858
2269, 25.497
2270, 25.154
2271, 25.262
2272, 24.865
2273, 24.911
2274, 24.722
2275, 24.623
2276, 24.135
2277, 24.314
2278, 24.959
2279, 24.949
2280, 24.959
2281, 24.803
2282, 24.874
2283, 24.504
2284, 23.766
2285, 23.648
2286, 24.019
2287, 23.99
2288, 23.892
2289, 24.623
2290, 24.685
2291, 24.722
2292, 24.198
2293, 24.966
2294, 24.776
2295, 24.685
2296, 24.901
2297, 24.785
2298, 24.135
2299, 24.639
2300, 25.559
2301, 25.451
2302, 25.479
2303, 25.623
2304, 25.597
2305, 27.96
2306, 28.367
2307, 27.977
2308, 27.916
2309, 27.923
2310, 27.588
2311, 27.12
2312, 27.13
2313, 27.573
2314, 27.312
2315, 27.194
2316, 27.401
2317, 27.464
2318, 27.085
2319, 27.627
2320, 27.824
2321, 27.996
2322, 28.114
2323, 27.696
2324, 27.251
2325, 27.478
2326, 27.353
2327, 27.869
2328, 27.595
2329, 27.333
2330, 27.062
2331, 27.605
2332, 28.342
2333, 27.525
2334, 26.753
2335, 27.435
2336, 26.979
2337, 27.298
2338, 26.998
2339, 27.545
2340, 27.851
2341, 27.561
2342, 27.207
2343, 27.378
2344, 27.987
2345, 27.724
2346, 28.016
2347, 27.815
2348, 27.778
2349, 28.377
2350, 28.205
2351, 27.326
2352, 26.916
2353, 27.034
2354, 27.225
2355, 27.444
2356, 28.532
2357, 28.314
2358, 28.152
2359, 27.86
2360, 28.532
2361, 28.994
2362, 28.942
2363, 28.468
2364, 28.451
2365, 29.113
2366, 29.904
2367, 30.184
2368, 30.547
2369, 31.21
2370, 31.457
2371, 32.207
2372, 31.192
2373, 30.967
2374, 31.79
2375, 31.59
2376, 31.457
2377, 31.671
2378, 31.582
2379, 31.655
2380, 31.819
2381, 32.318
2382, 32.843
2383, 32.699
2384, 32.971
2385, 32.79
2386, 32.496
2387, 32.588
2388, 32.888
2389, 32.851
2390, 33.208
2391, 34.017
2392, 33.938
2393, 34.037
2394, 34.017
2395, 33.427
2396, 32.669
2397, 33.171
2398, 33.809
2399, 33.682
2400, 34.284
2401, 33.956
2402, 33.673
2403, 32.732
2404, 32.568
2405, 32.222
2406, 31.903
2407, 33.005
2408, 33.309
2409, 33.309
2410, 33.262
2411, 33.024
2412, 33.062
2413, 32.449
2414, 32.132
2415, 32.132
2416, 32.468
2417, 32.132
2418, 33.053
2419, 32.79
2420, 33.151
2421, 33.005
2422, 33.253
2423, 33.39
2424, 33.108
2425, 33.015
2426, 32.678
2427, 34.085
2428, 33.646
2429, 33.828
2430, 34.112
2431, 33.883
2432, 34.395
2433, 33.985
2434, 34.104
2435, 34.075
2436, 34.037
2437, 33.764
2438, 34.248
2439, 33.901
2440, 33.646
2441, 34.089
2442, 33.919
2443, 33.627
2444, 34.978
2445, 34.811
2446, 34.665
2447, 34.886
2448, 34.546
2449, 34.401
2450, 33.959
2451, 33.3
2452, 33.528
2453, 34.171
2454, 33.831
2455, 33.482
2456, 33.694
2457, 33.859
2458, 33.904
2459, 34.08
2460, 33.932
2461, 33.959
2462, 34.272
2463, 33.841
2464, 33.638
2465, 33.85
2466, 33.033
2467, 33.225
2468, 33.576
2469, 33.648
2470, 34.648
2471, 35.906
2472, 35.098
2473, 34.629
2474, 33.711
2475, 33.272
2476, 33.382
2477, 33.619
2478, 33.09
2479, 32.574
2480, 33.014
2481, 33.134
2482, 32.859
2483, 32.308
2484, 32.189
2485, 31.722
2486, 32.383
2487, 32.787
2488, 32.749
2489, 32.419
2490, 32.454
2491, 32.41
2492, 31.418
2493, 32.244
2494, 31.905
2495, 31.785
2496, 31.996
2497, 32.089
2498, 32.613
2499, 32.822
2500, 32.739
2501, 32.445
2502, 32.089
2503, 31.924
2504, 31.851
2505, 31.905
2506, 32.116
2507, 32.729
2508, 32.537
2509, 31.937
2510, 31.678
2511, 31.439
2512, 31.919
2513, 31.282
2514, 31.264
2515, 31.503
2516, 30.665
2517, 30.784
2518, 31.56
2519, 31.55
2520, 31.754
2521, 32.213
2522, 31.929
2523, 32.085
2524, 32.122
2525, 32.288
2526, 30.674
2527, 30.443
2528, 30.756
2529, 30.001
2530, 29.575
2531, 29.89
2532, 30.249
2533, 29.447
2534, 28.948
2535, 28.589
2536, 29.086
2537, 29.271
2538, 30.055
2539, 30.001
2540, 29.669
2541, 30.859
2542, 30.719
2543, 30.415
2544, 30.398
2545, 30.581
2546, 29.981
2547, 29.851
2548, 30.055
2549, 30.11
2550, 30.369
2551, 30.415
2552, 30.102
2553, 30.02
2554, 29.447
2555, 28.478
2556, 25.231
2557, 26.448
2558, 26.909
2559, 26.772
2560, 27.389
2561, 27.317
2562, 27.75
2563, 27.795
2564, 27.693
2565, 27.924
2566, 27.259
2567, 27.066
2568, 26.799
2569, 26.495
2570, 26.513
2571, 26.708
2572, 26.577
2573, 26.188
2574, 26.392
2575, 26.373
2576, 26.217
2577, 25.984
2578, 24.935
2579, 23.216
2580, 23.038
2581, 23.514
2582, 23.309
2583, 23.625
2584, 23.447
2585, 23.383
2586, 23.455
2587, 23.856
2588, 23.79
2589, 23.495
2590, 23.038
2591, 23.373
2592, 23.567
2593, 23.54
2594, 24.469
2595, 24.358
2596, 23.996
2597, 23.708
2598, 23.15
2599, 22.695
2600, 22.481
2601, 23.123
2602, 22.89
2603, 23.168
2604, 22.705
2605, 22.769
2606, 20.985
2607, 21.674
2608, 21.858
2609, 21.83
2610, 21.979
2611, 21.367
2612, 21.023
2613, 20.391
2614, 20.568
2615, 20.086
2616, 20.578
2617, 20.549
2618, 21.181
2619, 21.413
2620, 21.839
2621, 22.314
2622, 21.979
2623, 21.329
2624, 21.237
2625, 21.319
2626, 21.125
2627, 21.989
2628, 21.83
2629, 21.655
2630, 21.96
2631, 22.184
2632, 22.203
2633, 21.655
2634, 21.561
2635, 22.32
2636, 22.029
2637, 22.152
2638, 22.029
2639, 22.818
2640, 22.873
2641, 22.716
2642, 22.716
2643, 22.921
2644, 22.732
2645, 22.358
2646, 22.686
2647, 23.118
2648, 22.611
2649, 22.489
2650, 21.87
2651, 22.067
2652, 21.786
2653, 21.151
2654, 21.421
2655, 21.552
2656, 21.346
2657, 21.571
2658, 21.702
2659, 21.58
2660, 21.046
2661, 21.832
2662, 21.796
2663, 21.458
2664, 22.498
2665, 22.77
2666, 22.808
2667, 22.985
2668, 23.221
2669, 22.264
2670, 21.918
2671, 21.964
2672, 21.524
2673, 20.746
2674, 21.346
2675, 22.114
2676, 23.36
2677, 23.745
2678, 23.708
2679, 24.27
2680, 24.364
2681, 24.887
2682, 25.009
2683, 24.794
2684, 24.55
2685, 23.745
2686, 23.783
2687, 24.588
2688, 24.203
2689, 24.298
2690, 24.382
2691, 24.476
2692, 24.823
2693, 25.394
2694, 25.759
2695, 26.555
2696, 25.132
2697, 25.693
2698, 25.281
2699, 25.404
2700, 25.301
2701, 24.785
2702, 24.906
2703, 25.271
2704, 26.21
2705, 26.294
2706, 26.087
2707, 26.038
2708, 25.595
2709, 25.54
2710, 25.859
2711, 25.502
2712, 24.624
2713, 24.633
2714, 24.812
2715, 25.635
2716, 25.143
2717, 25.17
2718, 24.086
2719, 24.011
2720, 24.114
2721, 23.868
2722, 23.906
2723, 23.433
2724, 23.812
2725, 23.566
2726, 23.339
2727, 23.189
2728, 23.274
2729, 23.198
2730, 23.358
2731, 22.34
2732, 22.5
2733, 22.566
2734, 22.547
2735, 21.726
2736, 21.415
2737, 20.877
2738, 20.699
2739, 20.724
2740, 19.81
2741, 19.829
2742, 20.159
2743, 20.508
2744, 18.12
2745, 19.31
2746, 19.245
2747, 19.81
2748, 19.971
2749, 19.914
2750, 20.113
2751, 19.941
2752, 19.754
2753, 19.64
2754, 19.725
2755, 19.339
2756, 19.33
2757, 19.102
2758, 19.055
2759, 19.322
2760, 19.665
2761, 20.018
2762, 20.009
2763, 20.026
2764, 20.035
2765, 20.14
2766, 20.313
2767, 19.332
2768, 19.359
2769, 19.903
2770, 20.19
2771, 20.294
2772, 19.722
2773, 20.104
2774, 20.627
2775, 21.313
2776, 22.2
2777, 22.752
2778, 22.572
2779, 22.647
2780, 22.629
2781, 22.916
2782, 22.496
2783, 22.629
2784, 22.572
2785, 22.295
2786, 23.125
2787, 23.333
2788, 23.317
2789, 23.049
2790, 23.125
2791, 22.762
2792, 21.971
2793, 22.057
2794, 22.277
2795, 22.802
2796, 22.439
2797, 22.028
2798, 21.857
2799, 22.657
2800, 22.782
2801, 23.297
2802, 23.211
2803, 23.039
2804, 23.707
2805, 24.174
2806, 24.355
2807, 24.812
2808, 24.698
2809, 24.755
2810, 24.727
2811, 24.803
2812, 22.239
2813, 22.83
2814, 22.602
2815, 22.742
2816, 23.011
2817, 23.888
2818, 23.754
2819, 23.278
2820, 23.106
2821, 22.562
2822, 22.62
2823, 22.708
2824, 22.053
2825, 21.216
2826, 20.544
2827, 20.639
2828, 20.563
2829, 20.496
2830, 20.149
2831, 19.967
2832, 19.977
2833, 19.506
2834, 19.688
2835, 19.832
2836, 19.774
2837, 20.006
2838, 19.64
2839, 20.102
2840, 20.236
2841, 19.997
2842, 20.313
2843, 20.342
2844, 20.524
2845, 20.129
2846, 19.891
2847, 20.285
2848, 20.332
2849, 20.189
2850, 20.371
2851, 20.217
2852, 20.073
2853, 19.496
2854, 19.659
2855, 19.967
2856, 19.697
2857, 19.881
2858, 19.813
2859, 19.803
2860, 20.199
2861, 20.255
2862, 20.812
2863, 21.986
2864, 22.985
2865, 24.101
2866, 22.371
2867, 22.255
2868, 22.562
2869, 22.015
2870, 22.178
2871, 23.937
2872, 24.032
2873, 23.937
2874, 23.659
2875, 22.794
2876, 22.841
2877, 23.505
2878, 23.89
2879, 24.457
2880, 24.783
2881, 24.495
2882, 24.687
2883, 24.418
2884, 23.87
2885, 23.611
2886, 23.629
2887, 23.717
2888, 23.455
2889, 23.717
2890, 24.056
2891, 23.311
2892, 22.457
2893, 22.137
2894, 22.321
2895, 22.089
2896, 22.06
2897, 21.953
2898, 20.47
2899, 21.119
2900, 20.19
2901, 19.811
2902, 19.946
2903, 19.946
2904, 19.753
2905, 20.15
2906, 20.324
2907, 20.848
2908, 20.635
2909, 19.937
2910, 20.025
2911, 19.637
2912, 19.869
2913, 20.073
2914, 20.237
2915, 19.714
2916, 19.889
2917, 20.509
2918, 20.237
2919, 19.918
2920, 19.869
2921, 20.393
2922, 20.364
2923, 20.597
2924, 20.994
2925, 21.313
2926, 20.848
2927, 20.915
2928, 21.139
2929, 20.606
2930, 20.801
2931, 21.488
2932, 21.391
2933, 20.344
2934, 20.906
2935, 20.654
2936, 20.383
2937, 20.083
2938, 20.538
2939, 20.063
2940, 20.025
2941, 19.811
2942, 19.976
2943, 19.763
2944, 20.073
2945, 19.22
2946, 19.394
2947, 19.825
2948, 20.188
2949, 19.972
2950, 19.169
2951, 18.621
2952, 18.543
2953, 18.738
2954, 18.866
2955, 19.599
2956, 19.825
2957, 20.1
2958, 20.383
2959, 20.246
2960, 19.707
2961, 19.032
2962, 18.689
2963, 18.788
2964, 18.944
2965, 19.277
2966, 19.531
2967, 19.394
2968, 19.169
2969, 19.316
2970, 19.649
2971, 19.629
2972, 20.491
2973, 20.354
2974, 20.383
2975, 20.432
2976, 20.52
2977, 20.491
2978, 20.188
2979, 19.825
2980, 20.452
2981, 20.295
2982, 19.845
2983, 20.559
2984, 20.471
2985, 20.481
2986, 21.166
2987, 19.483
2988, 18.797
2989, 18.464
2990, 18.259
2991, 17.652
2992, 17.309
2993, 17.113
2994, 17.279
2995, 15.869
2996, 16.242
2997, 16.438
2998, 16.378
2999, 16.36
3000, 16.476
3001, 16.751
3002, 16.448
3003, 16.438
3004, 16.134
3005, 16.291
3006, 16.536
3007, 17.153
3008, 17.378
3009, 17.279
3010, 17.407
3011, 17.348
3012, 17.209
3013, 17.13
3014, 16.734
3015, 16.368
3016, 16.427
3017, 16.972
3018, 17.239
3019, 17.496
3020, 17.585
3021, 17.982
3022, 17.526
3023, 18.001
3024, 17.605
3025, 17.15
3026, 17.318
3027, 16.694
3028, 16.536
3029, 16.575
3030, 17.17
3031, 16.853
3032, 17.17
3033, 16.556
3034, 16.714
3035, 16.952
3036, 16.892
3037, 16.318
3038, 17.486
3039, 17.665
3040, 18.536
3041, 18.051
3042, 17.863
3043, 18.199
3044, 17.932
3045, 17.744
3046, 18.209
3047, 18.269
3048, 18.774
3049, 18.021
3050, 16.803
3051, 17.1
3052, 16.793
3053, 15.922
3054, 16.209
3055, 16.249
3056, 15.684
3057, 15.536
3058, 18.249
3059, 18.803
3060, 18.932
3061, 19.853
3062, 18.853
3063, 18.744
3064, 18.615
3065, 18.348
3066, 18.536
3067, 18.249
3068, 18.328
3069, 18.615
3070, 18.793
3071, 18.922
3072, 19.279
3073, 19.526
3074, 19.813
3075, 20.15
3076, 20.19
3077, 20.19
3078, 20.17
3079, 19.83
3080, 20.5
3081, 21.08
3082, 21.19
3083, 21.5
3084, 21.38
3085, 21.48
3086, 21.77
3087, 21.32
3088, 21.08
3089, 21.26
3090, 21.0
3091, 20.39
3092, 20.75
3093, 19.96
3094, 19.22
3095, 18.86
3096, 18.77
3097, 18.81
3098, 19.61
3099, 19.72
3100, 20.4
3101, 20.7
3102, 20.95
3103, 20.97
3104, 21.29
3105, 21.05
3106, 20.16
3107, 19.15
3108, 18.6
3109, 18.87
3110, 18.89
3111, 18.74
3112, 18.6
3113, 18.86
3114, 19.4
3115, 19.71
