0, 15.429
1, 14.39
2, 15.373
3, 15.141
4, 14.853
5, 14.211
6, 13.922
7, 13.816
8, 14.39
9, 13.869
10, 12.3
11, 12.012
12, 11.551
13, 11.082
14, 11.195
15, 11.253
16, 11.656
17, 13.571
18, 12.764
19, 12.068
20, 11.892
21, 12.245
22, 12.355
23, 12.942
24, 12.764
25, 12.764
26, 12.533
27, 12.422
28, 12.476
29, 12.942
30, 12.533
31, 13.405
32, 13.634
33, 13.869
34, 12.476
35, 12.068
36, 11.031
37, 10.851
38, 10.267
39, 9.1722
40, 10.267
41, 11.319
42, 11.138
43, 10.907
44, 10.211
45, 10.388
46, 10.733
47, 11.082
48, 11.656
49, 11.37
50, 11.319
51, 11.138
52, 11.082
53, 11.138
54, 11.551
55, 12.942
56, 13.922
57, 14.39
58, 14.499
59, 14.038
60, 14.211
61, 13.749
62, 14.038
63, 13.922
64, 13.979
65, 13.922
66, 14.211
67, 14.853
68, 15.493
69, 15.782
70, 16.191
71, 16.356
72, 15.782
73, 16.479
74, 16.421
75, 16.999
76, 17.174
77, 17.118
78, 17.062
79, 17.062
80, 17.406
81, 18.567
82, 17.463
83, 17.526
84, 17.581
85, 17.581
86, 17.526
87, 17.927
88, 17.638
89, 17.581
90, 17.87
91, 18.456
92, 19.848
93, 20.424
94, 20.942
95, 19.958
96, 18.1
97, 20.777
98, 20.19
99, 18.62
100, 18.1
101, 17.285
102, 17.23
103, 17.062
104, 17.35
105, 17.062
106, 17.23
107, 17.463
108, 16.356
109, 16.821
110, 16.598
111, 15.206
112, 14.39
113, 15.316
114, 15.029
115, 16.598
116, 16.709
117, 17.174
118, 20.19
119, 20.655
120, 19.727
121, 18.676
122, 18.046
123, 17.174
124, 16.303
125, 17.062
126, 17.062
127, 16.132
128, 16.709
129, 17.406
130, 18.1
131, 17.285
132, 17.23
133, 17.174
134, 16.356
135, 16.069
136, 16.653
137, 15.837
138, 15.782
139, 15.029
140, 15.429
141, 15.029
142, 14.742
143, 14.853
144, 15.373
145, 14.676
146, 13.518
147, 15.261
148, 15.029
149, 14.796
150, 15.316
151, 16.598
152, 16.245
153, 16.015
154, 16.766
155, 16.535
156, 17.174
157, 16.885
158, 15.893
159, 16.356
160, 15.782
161, 15.782
162, 15.206
163, 14.964
164, 15.429
165, 15.206
166, 15.085
167, 14.91
168, 15.261
169, 15.55
170, 17.638
171, 16.535
172, 16.356
173, 16.191
174, 16.015
175, 16.999
176, 16.479
177, 15.782
178, 16.245
179, 17.23
180, 16.709
181, 17.118
182, 16.245
183, 16.356
184, 16.132
185, 16.421
186, 16.303
187, 16.132
188, 16.132
189, 16.479
190, 16.598
191, 15.958
192, 17.406
193, 17.87
194, 17.638
195, 16.479
196, 16.421
197, 16.421
198, 16.245
199, 16.356
200, 17.526
201, 17.23
202, 17.23
203, 17.526
204, 16.999
205, 16.999
206, 16.766
207, 17.118
208, 17.174
209, 17.927
210, 17.581
211, 18.919
212, 20.014
213, 19.958
214, 20.071
215, 19.604
216, 18.974
217, 18.567
218, 19.032
219, 19.144
220, 19.495
221, 17.992
222, 19.727
223, 19.958
224, 20.886
225, 20.424
226, 20.942
227, 21.297
228, 21.584
229, 21.239
230, 20.655
231, 20.478
232, 20.424
233, 19.958
234, 19.783
235, 20.534
236, 19.317
237, 18.799
238, 18.676
239, 18.799
240, 18.676
241, 18.456
242, 18.1
243, 19.032
244, 19.495
245, 18.567
246, 19.207
247, 19.44
248, 19.086
249, 19.44
250, 20.711
251, 20.6
252, 20.655
253, 20.424
254, 19.902
255, 20.246
256, 20.311
257, 19.604
258, 18.744
259, 18.567
260, 19.383
261, 19.604
262, 19.495
263, 19.548
264, 19.144
265, 19.317
266, 18.744
267, 19.604
268, 18.676
269, 18.158
270, 18.456
271, 18.854
272, 18.854
273, 19.261
274, 20.071
275, 19.727
276, 20.246
277, 20.424
278, 20.19
279, 20.311
280, 19.144
281, 18.955
282, 18.854
283, 19.144
284, 18.854
285, 18.388
286, 17.812
287, 18.799
288, 19.317
289, 19.495
290, 19.548
291, 19.44
292, 19.383
293, 18.744
294, 18.388
295, 18.567
296, 18.744
297, 18.388
298, 18.676
299, 19.207
300, 19.44
301, 19.44
302, 19.261
303, 18.332
304, 18.512
305, 18.456
306, 18.158
307, 18.456
308, 17.694
309, 17.406
310, 17.285
311, 16.766
312, 16.356
313, 16.766
314, 17.118
315, 18.512
316, 19.032
317, 19.495
318, 22.512
319, 23.151
320, 24.6
321, 25.01
322, 23.56
323, 24.311
324, 23.56
325, 25.473
326, 25.352
327, 23.438
328, 24.954
329, 26.744
330, 27.848
331, 27.44
332, 28.314
333, 26.691
334, 27.848
335, 27.738
336, 27.616
337, 27.386
338, 27.386
339, 26.922
340, 26.744
341, 26.105
342, 24.889
343, 25.993
344, 24.6
345, 26.512
346, 27.906
347, 29.241
348, 28.545
349, 27.097
350, 26.105
351, 27.153
352, 26.456
353, 25.993
354, 28.203
355, 27.738
356, 26.866
357, 27.738
358, 27.097
359, 31.098
360, 29.761
361, 32.025
362, 32.723
363, 33.188
364, 31.331
365, 28.777
366, 28.777
367, 28.314
368, 27.274
369, 28.136
370, 28.136
371, 27.848
372, 28.723
373, 29.707
374, 31.451
375, 30.344
376, 31.331
377, 30.282
378, 30.987
379, 31.04
380, 32.846
381, 33.42
382, 33.011
383, 31.386
384, 31.451
385, 31.156
386, 30.282
387, 34.237
388, 35.738
389, 36.558
390, 38.526
391, 36.78
392, 37.078
393, 36.314
394, 34.635
395, 35.853
396, 35.045
397, 34.7
398, 34.291
399, 34.635
400, 35.853
401, 35.738
402, 34.867
403, 34.81
404, 36.203
405, 37.708
406, 37.31
407, 37.365
408, 36.725
409, 35.507
410, 34.403
411, 35.919
412, 33.307
413, 32.549
414, 32.954
415, 34.06
416, 35.332
417, 35.919
418, 35.165
419, 35.275
420, 33.708
421, 30.633
422, 32.723
423, 34.988
424, 36.203
425, 36.027
426, 35.275
427, 36.78
428, 38.989
429, 42.126
430, 40.846
431, 39.916
432, 38.757
433, 36.847
434, 37.829
435, 38.757
436, 38.415
437, 39.221
438, 38.059
439, 38.989
440, 40.615
441, 40.327
442, 41.135
443, 40.733
444, 39.686
445, 37.884
446, 37.244
447, 37.708
448, 40.384
449, 39.86
450, 39.045
451, 41.663
452, 41.718
453, 41.718
454, 43.631
455, 44.56
456, 44.735
457, 42.989
458, 44.092
459, 45.256
460, 43.345
461, 43.985
462, 44.615
463, 43.806
464, 45.869
465, 46.063
466, 46.472
467, 45.376
468, 44.206
469, 43.401
470, 43.167
471, 43.167
472, 44.847
473, 47.694
474, 48.161
475, 47.919
476, 49.145
477, 50.481
478, 50.825
479, 50.594
480, 51.169
481, 51.112
482, 50.129
483, 50.129
484, 48.968
485, 48.792
486, 49.488
487, 49.312
488, 47.752
489, 46.823
490, 47.576
491, 48.82
492, 40.615
493, 42.237
494, 41.828
495, 41.311
496, 39.916
497, 41.599
498, 42.815
499, 43.22
500, 45.078
501, 43.743
502, 41.95
503, 42.349
504, 42.526
505, 38.636
506, 36.558
507, 37.133
508, 38.933
509, 38.172
510, 37.708
511, 36.957
512, 37.652
513, 37.365
514, 37.652
515, 38.117
516, 35.971
517, 36.333
518, 36.26
519, 34.291
520, 35.853
521, 37.597
522, 39.51
523, 38.581
524, 39.51
525, 38.059
526, 40.03
527, 42.415
528, 43.22
529, 42.469
530, 40.846
531, 41.718
532, 41.828
533, 42.756
534, 36.203
535, 34.171
536, 36.26
537, 36.092
538, 35.045
539, 34.579
540, 34.81
541, 34.867
542, 33.829
543, 32.846
544, 32.435
545, 32.846
546, 31.331
547, 32.723
548, 32.954
549, 32.313
550, 30.523
551, 30.745
552, 32.493
553, 33.011
554, 36.899
555, 36.899
556, 36.957
557, 38.004
558, 39.221
559, 40.437
560, 41.718
561, 43.401
562, 43.345
563, 44.206
564, 43.985
565, 42.415
566, 42.184
567, 42.237
568, 41.077
569, 42.88
570, 42.88
571, 42.989
572, 42.126
573, 40.788
574, 39.973
575, 37.95
576, 40.205
577, 39.916
578, 39.973
579, 39.166
580, 39.045
581, 43.688
582, 43.575
583, 46.415
584, 47.399
585, 44.967
586, 45.774
587, 47.919
588, 46.415
589, 44.325
590, 45.2
591, 44.15
592, 45.84
593, 45.774
594, 44.15
595, 39.166
596, 41.311
597, 40.958
598, 41.366
599, 42.126
600, 42.062
601, 38.757
602, 40.492
603, 41.366
604, 40.733
605, 40.03
606, 39.806
607, 40.672
608, 43.345
609, 43.631
610, 42.646
611, 41.775
612, 42.469
613, 43.113
614, 43.631
615, 46.007
616, 46.007
617, 44.792
618, 44.615
619, 46.368
620, 46.406
621, 44.102
622, 44.606
623, 43.518
624, 42.943
625, 42.46
626, 41.384
627, 40.93
628, 40.68
629, 39.007
630, 37.884
631, 39.705
632, 40.625
633, 40.788
634, 40.473
635, 38.599
636, 39.249
637, 38.961
638, 39.221
639, 39.12
640, 39.322
641, 37.969
642, 36.909
643, 36.528
644, 35.755
645, 36.063
646, 36.593
647, 35.515
648, 34.839
649, 35.553
650, 34.394
651, 34.523
652, 32.455
653, 32.618
654, 31.423
655, 29.624
656, 29.17
657, 31.506
658, 33.43
659, 33.671
660, 32.944
661, 33.476
662, 33.485
663, 32.243
664, 30.942
665, 31.06
666, 32.954
667, 33.651
668, 35.229
669, 36.744
670, 35.738
671, 36.438
672, 36.112
673, 35.784
674, 36.17
675, 35.117
676, 34.758
677, 32.818
678, 34.126
679, 33.623
680, 34.263
681, 34.394
682, 33.883
683, 33.048
684, 34.116
685, 35.127
686, 36.15
687, 36.808
688, 37.234
689, 37.384
690, 37.735
691, 37.597
692, 36.947
693, 36.855
694, 37.858
695, 38.366
696, 38.434
697, 40.394
698, 41.03
699, 39.916
700, 39.86
701, 39.456
702, 39.369
703, 38.013
704, 38.156
705, 38.22
706, 38.356
707, 35.871
708, 36.482
709, 36.027
710, 34.441
711, 33.178
712, 33.512
713, 33.448
714, 32.964
715, 32.944
716, 32.908
717, 33.42
718, 33.364
719, 32.87
720, 31.396
721, 28.553
722, 27.059
723, 26.912
724, 27.097
725, 28.082
726, 27.479
727, 27.022
728, 26.866
729, 26.643
730, 26.328
731, 25.891
732, 23.923
733, 25.945
734, 26.067
735, 26.214
736, 27.635
737, 27.479
738, 27.572
739, 28.351
740, 27.766
741, 26.178
742, 29.269
743, 30.42
744, 29.373
745, 28.759
746, 28.917
747, 29.383
748, 28.834
749, 29.187
750, 29.392
751, 28.481
752, 27.848
753, 27.526
754, 27.051
755, 27.107
756, 26.606
757, 26.224
758, 26.365
759, 25.577
760, 25.549
761, 26.021
762, 26.412
763, 26.456
764, 27.758
765, 27.562
766, 26.96
767, 26.724
768, 25.945
769, 26.057
770, 26.418
771, 26.105
772, 25.073
773, 24.368
774, 24.694
775, 24.137
776, 23.988
777, 24.859
778, 23.8
779, 25.001
780, 25.343
781, 25.639
782, 26.003
783, 24.981
784, 25.761
785, 25.639
786, 25.62
787, 26.781
788, 26.995
789, 26.269
790, 25.898
791, 25.568
792, 25.592
793, 26.224
794, 25.252
795, 24.591
796, 24.137
797, 23.655
798, 23.496
799, 23.765
800, 23.025
801, 24.321
802, 25.993
803, 27.32
804, 27.031
805, 26.16
806, 25.872
807, 26.086
808, 26.606
809, 26.744
810, 26.922
811, 26.883
812, 26.932
813, 27.014
814, 27.248
815, 27.357
816, 28.406
817, 28.082
818, 29.419
819, 29.604
820, 30.773
821, 30.448
822, 29.854
823, 30.429
824, 30.82
825, 30.96
826, 29.845
827, 29.816
828, 30.849
829, 32.37
830, 33.251
831, 35.611
832, 35.303
833, 35.507
834, 34.839
835, 33.976
836, 33.27
837, 34.032
838, 33.892
839, 34.941
840, 34.895
841, 34.941
842, 34.283
843, 34.329
844, 34.273
845, 34.179
846, 34.244
847, 35.462
848, 34.801
849, 34.366
850, 34.82
851, 35.238
852, 34.032
853, 33.279
854, 32.899
855, 32.714
856, 32.396
857, 32.12
858, 31.229
859, 30.552
860, 29.501
861, 28.098
862, 28.777
863, 29.428
864, 29.518
865, 28.741
866, 28.286
867, 27.821
868, 27.951
869, 29.419
870, 30.309
871, 29.761
872, 29.643
873, 29.734
874, 29.438
875, 29.419
876, 29.987
877, 30.16
878, 30.354
879, 30.754
880, 30.16
881, 29.624
882, 29.018
883, 28.435
884, 28.602
885, 28.732
886, 28.963
887, 28.064
888, 28.305
889, 28.871
890, 29.475
891, 28.685
892, 29.438
893, 29.707
894, 29.94
895, 29.614
896, 29.566
897, 28.871
898, 28.881
899, 28.592
900, 28.89
901, 28.963
902, 28.249
903, 28.443
904, 28.732
905, 28.166
906, 28.221
907, 28.108
908, 27.45
909, 26.829
910, 26.502
911, 26.412
912, 26.96
913, 27.738
914, 27.153
915, 27.616
916, 27.153
917, 27.18
918, 27.922
919, 27.616
920, 28.231
921, 27.748
922, 27.848
923, 27.951
924, 27.32
925, 26.829
926, 25.549
927, 25.577
928, 24.908
929, 25.176
930, 25.686
931, 25.677
932, 25.064
933, 24.292
934, 23.7
935, 23.347
936, 25.714
937, 24.657
938, 24.283
939, 24.637
940, 25.195
941, 25.549
942, 25.305
943, 25.445
944, 24.786
945, 24.321
946, 24.292
947, 25.11
948, 24.898
949, 24.571
950, 24.498
951, 24.088
952, 24.359
953, 23.673
954, 24.137
955, 24.041
956, 23.227
957, 23.159
958, 22.79
959, 23.033
960, 22.669
961, 22.641
962, 23.217
963, 23.061
964, 22.827
965, 22.41
966, 21.853
967, 19.634
968, 17.927
969, 17.601
970, 17.803
971, 17.722
972, 18.081
973, 17.174
974, 17.146
975, 16.709
976, 17.267
977, 16.663
978, 15.809
979, 15.16
980, 14.796
981, 14.574
982, 14.901
983, 15.373
984, 15.419
985, 14.833
986, 14.651
987, 15.131
988, 15.559
989, 13.692
990, 13.692
991, 12.857
992, 14.018
993, 13.739
994, 14.038
995, 13.556
996, 13.405
997, 12.951
998, 13.23
999, 13.136
1000, 13.998
1001, 14.067
1002, 14.093
1003, 14.038
1004, 15.298
1005, 15.856
1006, 16.106
1007, 16.689
1008, 17.544
1009, 16.98
1010, 17.378
1011, 17.108
1012, 16.553
1013, 17.016
1014, 16.607
1015, 15.958
1016, 16.709
1017, 16.374
1018, 16.653
1019, 17.136
1020, 17.741
1021, 17.777
1022, 17.359
1023, 17.535
1024, 17.454
1025, 16.98
1026, 15.762
1027, 15.27
1028, 14.761
1029, 14.436
1030, 14.334
1031, 14.91
1032, 14.306
1033, 13.951
1034, 13.941
1035, 13.23
1036, 12.979
1037, 12.041
1038, 11.937
1039, 12.161
1040, 11.695
1041, 12.216
1042, 12.634
1043, 13.692
1044, 15.792
1045, 14.676
1046, 15.465
1047, 15.009
1048, 15.782
1049, 14.983
1050, 14.527
1051, 14.382
1052, 14.574
1053, 14.373
1054, 13.951
1055, 14.193
1056, 13.816
1057, 13.894
1058, 14.156
1059, 14.084
1060, 14.363
1061, 14.111
1062, 13.989
1063, 13.878
1064, 13.998
1065, 14.093
1066, 15.151
1067, 15.009
1068, 14.843
1069, 15.316
1070, 15.17
1071, 16.06
1072, 15.661
1073, 15.27
1074, 15.17
1075, 15.782
1076, 16.005
1077, 16.033
1078, 15.948
1079, 16.132
1080, 15.179
1081, 15.216
1082, 14.93
1083, 15.17
1084, 14.946
1085, 14.853
1086, 14.761
1087, 14.713
1088, 14.39
1089, 14.111
1090, 13.672
1091, 13.97
1092, 13.922
1093, 14.093
1094, 14.202
1095, 13.816
1096, 14.028
1097, 14.067
1098, 14.297
1099, 14.202
1100, 15.27
1101, 14.796
1102, 14.249
1103, 14.565
1104, 14.67
1105, 15.093
1106, 14.872
1107, 14.833
1108, 14.556
1109, 14.445
1110, 13.366
1111, 11.532
1112, 11.927
1113, 11.743
1114, 11.695
1115, 11.763
1116, 11.613
1117, 11.685
1118, 11.837
1119, 11.648
1120, 11.666
1121, 11.639
1122, 11.648
1123, 11.57
1124, 11.484
1125, 11.352
1126, 11.158
1127, 10.695
1128, 11.048
1129, 11.57
1130, 11.319
1131, 11.186
1132, 11.273
1133, 10.851
1134, 10.889
1135, 10.917
1136, 11.1
1137, 11.416
1138, 11.253
1139, 11.1
1140, 11.234
1141, 11.031
1142, 11.138
1143, 10.536
1144, 10.545
1145, 10.61
1146, 10.955
1147, 11.119
1148, 11.56
1149, 11.465
1150, 11.648
1151, 11.875
1152, 12.476
1153, 11.855
1154, 12.143
1155, 12.031
1156, 12.171
1157, 11.845
1158, 12.254
1159, 12.068
1160, 12.44
1161, 12.432
1162, 12.3
1163, 12.326
1164, 12.207
1165, 12.051
1166, 12.3
1167, 11.984
1168, 12.374
1169, 12.364
1170, 12.309
1171, 12.459
1172, 12.615
1173, 12.81
1174, 14.676
1175, 14.436
1176, 14.651
1177, 14.892
1178, 14.93
1179, 15.058
1180, 15.141
1181, 15.131
1182, 15.179
1183, 15.141
1184, 15.206
1185, 14.796
1186, 15.241
1187, 15.503
1188, 15.289
1189, 15.316
1190, 15.261
1191, 14.761
1192, 14.454
1193, 14.518
1194, 14.622
1195, 14.796
1196, 15.151
1197, 15.651
1198, 15.708
1199, 15.856
1200, 16.598
1201, 16.283
1202, 16.227
1203, 14.983
1204, 15.439
1205, 15.225
1206, 14.853
1207, 15.085
1208, 15.225
1209, 15.782
1210, 15.484
1211, 15.875
1212, 16.505
1213, 16.951
1214, 15.439
1215, 15.782
1216, 15.336
1217, 15.53
1218, 14.91
1219, 14.936
1220, 14.761
1221, 14.853
1222, 15.009
1223, 14.853
1224, 14.983
1225, 15.688
1226, 16.152
1227, 15.827
1228, 15.058
1229, 15.233
1230, 15.429
1231, 15.179
1232, 15.048
1233, 14.353
1234, 14.806
1235, 14.316
1236, 14.872
1237, 15.383
1238, 14.685
1239, 15.503
1240, 15.075
1241, 15.354
1242, 15.55
1243, 15.661
1244, 15.67
1245, 15.809
1246, 15.53
1247, 15.233
1248, 15.447
1249, 15.54
1250, 15.762
1251, 15.976
1252, 15.866
1253, 16.069
1254, 16.033
1255, 16.235
1256, 16.374
1257, 16.489
1258, 16.709
1259, 16.525
1260, 16.283
1261, 16.374
1262, 16.401
1263, 16.673
1264, 16.709
1265, 16.616
1266, 17.044
1267, 17.479
1268, 17.425
1269, 17.118
1270, 17.174
1271, 16.803
1272, 16.895
1273, 16.803
1274, 16.905
1275, 17.23
1276, 17.285
1277, 17.685
1278, 18.072
1279, 17.526
1280, 17.694
1281, 17.081
1282, 16.757
1283, 16.689
1284, 17.276
1285, 17.025
1286, 17.544
1287, 17.675
1288, 18.054
1289, 18.168
1290, 18.705
1291, 18.799
1292, 19.124
1293, 19.114
1294, 18.168
1295, 18.03
1296, 16.989
1297, 16.766
1298, 16.709
1299, 17.09
1300, 17.248
1301, 13.116
1302, 13.914
1303, 13.878
1304, 14.39
1305, 14.676
1306, 14.593
1307, 14.481
1308, 14.91
1309, 15.392
1310, 14.695
1311, 14.574
1312, 14.964
1313, 14.815
1314, 14.751
1315, 14.742
1316, 15.216
1317, 14.892
1318, 14.481
1319, 14.165
1320, 13.961
1321, 13.922
1322, 13.878
1323, 13.834
1324, 14.057
1325, 14.39
1326, 14.211
1327, 14.239
1328, 14.416
1329, 14.202
1330, 13.97
1331, 14.119
1332, 14.028
1333, 13.878
1334, 13.597
1335, 13.86
1336, 14.093
1337, 14.111
1338, 14.084
1339, 15.289
1340, 14.936
1341, 15.151
1342, 14.964
1343, 15.225
1344, 15.948
1345, 16.274
1346, 16.162
1347, 16.086
1348, 16.106
1349, 16.209
1350, 16.382
1351, 16.544
1352, 16.479
1353, 16.738
1354, 16.748
1355, 17.479
1356, 17.685
1357, 17.518
1358, 17.479
1359, 17.463
1360, 17.359
1361, 18.081
1362, 17.034
1363, 16.293
1364, 16.106
1365, 16.245
1366, 16.217
1367, 15.624
1368, 15.772
1369, 15.521
1370, 15.661
1371, 14.426
1372, 14.901
1373, 15.009
1374, 15.085
1375, 14.992
1376, 15.206
1377, 15.55
1378, 15.67
1379, 15.661
1380, 15.261
1381, 15.009
1382, 15.029
1383, 14.872
1384, 14.641
1385, 14.508
1386, 14.722
1387, 14.713
1388, 15.093
1389, 15.503
1390, 15.614
1391, 15.484
1392, 15.513
1393, 15.576
1394, 15.189
1395, 15.103
1396, 14.833
1397, 14.593
1398, 14.882
1399, 14.565
1400, 14.565
1401, 15.0
1402, 14.713
1403, 14.472
1404, 13.834
1405, 13.979
1406, 13.86
1407, 14.472
1408, 14.111
1409, 14.373
1410, 14.416
1411, 14.111
1412, 14.193
1413, 14.722
1414, 15.27
1415, 14.815
1416, 14.632
1417, 15.595
1418, 15.576
1419, 15.233
1420, 14.992
1421, 14.92
1422, 14.843
1423, 14.901
1424, 14.583
1425, 14.853
1426, 14.713
1427, 14.632
1428, 14.175
1429, 13.931
1430, 13.834
1431, 13.556
1432, 13.48
1433, 13.462
1434, 13.807
1435, 13.692
1436, 13.961
1437, 13.556
1438, 13.563
1439, 13.634
1440, 13.547
1441, 13.547
1442, 13.692
1443, 13.385
1444, 13.433
1445, 13.452
1446, 13.211
1447, 13.328
1448, 13.267
1449, 13.702
1450, 13.886
1451, 13.634
1452, 13.626
1453, 13.563
1454, 13.922
1455, 13.797
1456, 13.886
1457, 13.989
1458, 14.148
1459, 13.97
1460, 14.119
1461, 13.721
1462, 13.961
1463, 13.941
1464, 14.076
1465, 13.979
1466, 13.922
1467, 14.047
1468, 13.998
1469, 13.778
1470, 13.711
1471, 13.851
1472, 13.824
1473, 14.297
1474, 13.914
1475, 13.807
1476, 13.375
1477, 13.32
1478, 12.988
1479, 13.183
1480, 13.183
1481, 12.951
1482, 12.81
1483, 12.969
1484, 12.596
1485, 12.71
1486, 12.961
1487, 12.81
1488, 12.569
1489, 12.319
1490, 12.402
1491, 12.533
1492, 12.393
1493, 12.495
1494, 12.29
1495, 12.402
1496, 12.143
1497, 11.974
1498, 11.733
1499, 11.541
1500, 11.724
1501, 11.993
1502, 11.81
1503, 11.763
1504, 11.532
1505, 11.855
1506, 11.947
1507, 12.114
1508, 12.041
1509, 12.495
1510, 12.624
1511, 12.587
1512, 13.098
1513, 12.894
1514, 12.914
1515, 12.738
1516, 12.904
1517, 12.624
1518, 12.81
1519, 12.615
1520, 12.755
1521, 12.682
1522, 12.672
1523, 12.412
1524, 12.412
1525, 12.254
1526, 12.041
1527, 12.076
1528, 11.882
1529, 11.791
1530, 11.855
1531, 11.676
1532, 11.911
1533, 11.855
1534, 11.845
1535, 11.882
1536, 11.875
1537, 12.468
1538, 12.662
1539, 12.72
1540, 12.569
1541, 12.587
1542, 12.393
1543, 12.432
1544, 12.44
1545, 12.216
1546, 12.3
1547, 12.412
1548, 12.682
1549, 12.728
1550, 12.44
1551, 11.911
1552, 11.918
1553, 12.095
1554, 12.061
1555, 11.875
1556, 12.207
1557, 12.226
1558, 12.076
1559, 12.273
1560, 12.44
1561, 12.662
1562, 13.041
1563, 12.914
1564, 13.005
1565, 12.961
1566, 12.951
1567, 13.183
1568, 13.357
1569, 13.174
1570, 13.423
1571, 13.922
1572, 14.057
1573, 13.86
1574, 14.076
1575, 13.922
1576, 14.093
1577, 14.057
1578, 13.878
1579, 13.807
1580, 14.057
1581, 13.778
1582, 13.663
1583, 13.547
1584, 13.311
1585, 13.375
1586, 13.328
1587, 13.183
1588, 13.824
1589, 13.787
1590, 13.663
1591, 13.395
1592, 13.834
1593, 13.878
1594, 13.452
1595, 13.749
1596, 13.749
1597, 13.711
1598, 13.904
1599, 13.904
1600, 13.894
1601, 13.914
1602, 14.093
1603, 13.433
1604, 13.607
1605, 13.769
1606, 13.914
1607, 13.807
1608, 13.472
1609, 13.537
1610, 13.108
1611, 13.395
1612, 13.711
1613, 13.989
1614, 13.682
1615, 13.58
1616, 13.165
1617, 12.997
1618, 13.32
1619, 12.857
1620, 12.81
1621, 13.267
1622, 13.078
1623, 13.032
1624, 13.174
1625, 13.433
1626, 13.328
1627, 13.211
1628, 13.155
1629, 13.108
1630, 13.183
1631, 13.191
1632, 13.537
1633, 13.547
1634, 13.607
1635, 13.682
1636, 13.155
1637, 13.59
1638, 13.721
1639, 13.787
1640, 13.914
1641, 14.067
1642, 14.373
1643, 14.076
1644, 14.306
1645, 14.499
1646, 14.436
1647, 14.183
1648, 14.193
1649, 14.103
1650, 14.277
1651, 14.119
1652, 13.86
1653, 13.961
1654, 13.769
1655, 13.869
1656, 13.749
1657, 13.702
1658, 13.617
1659, 13.731
1660, 13.563
1661, 13.961
1662, 13.86
1663, 13.834
1664, 13.769
1665, 13.547
1666, 13.547
1667, 13.721
1668, 13.423
1669, 13.48
1670, 13.49
1671, 13.443
1672, 13.25
1673, 12.961
1674, 13.005
1675, 13.126
1676, 12.884
1677, 13.098
1678, 13.032
1679, 13.041
1680, 12.672
1681, 11.974
1682, 11.676
1683, 12.031
1684, 12.216
1685, 11.956
1686, 11.947
1687, 11.875
1688, 11.827
1689, 12.104
1690, 12.235
1691, 12.012
1692, 11.902
1693, 11.819
1694, 11.993
1695, 12.068
1696, 12.197
1697, 12.235
1698, 12.143
1699, 12.364
1700, 12.485
1701, 12.374
1702, 12.432
1703, 12.495
1704, 12.653
1705, 12.495
1706, 12.412
1707, 12.319
1708, 12.505
1709, 12.533
1710, 12.476
1711, 12.44
1712, 12.345
1713, 12.364
1714, 12.263
1715, 12.283
1716, 12.254
1717, 12.449
1718, 12.412
1719, 12.374
1720, 11.964
1721, 11.882
1722, 11.882
1723, 11.902
1724, 12.216
1725, 12.904
1726, 13.201
1727, 13.366
1728, 13.366
1729, 13.366
1730, 13.375
1731, 13.607
1732, 13.414
1733, 13.414
1734, 13.443
1735, 13.405
1736, 13.443
1737, 13.366
1738, 13.385
1739, 13.951
1740, 13.49
1741, 13.692
1742, 13.433
1743, 13.547
1744, 13.537
1745, 13.5
1746, 13.508
1747, 13.375
1748, 13.547
1749, 13.462
1750, 13.292
1751, 13.283
1752, 13.25
1753, 13.211
1754, 13.136
1755, 13.155
1756, 13.098
1757, 13.098
1758, 13.023
1759, 12.997
1760, 12.857
1761, 12.904
1762, 13.005
1763, 12.942
1764, 12.894
1765, 12.914
1766, 12.773
1767, 13.088
1768, 12.914
1769, 13.201
1770, 13.146
1771, 13.191
1772, 13.311
1773, 13.32
1774, 13.136
1775, 13.201
1776, 13.24
1777, 13.051
1778, 13.508
1779, 13.347
1780, 13.462
1781, 13.338
1782, 13.191
1783, 13.098
1784, 12.801
1785, 12.997
1786, 12.988
1787, 12.979
1788, 13.015
1789, 13.116
1790, 13.338
1791, 13.259
1792, 13.211
1793, 12.997
1794, 12.773
1795, 13.005
1796, 12.904
1797, 12.634
1798, 12.745
1799, 12.755
1800, 13.005
1801, 12.829
1802, 12.764
1803, 12.933
1804, 14.632
1805, 14.761
1806, 14.955
1807, 15.251
1808, 15.058
1809, 14.695
1810, 14.853
1811, 15.085
1812, 15.029
1813, 15.216
1814, 15.122
1815, 15.122
1816, 15.326
1817, 15.039
1818, 15.093
1819, 15.009
1820, 15.039
1821, 15.019
1822, 14.973
1823, 15.029
1824, 15.179
1825, 15.085
1826, 15.307
1827, 15.058
1828, 15.289
1829, 15.336
1830, 15.039
1831, 15.048
1832, 15.411
1833, 15.55
1834, 16.024
1835, 15.976
1836, 16.2
1837, 16.245
1838, 16.382
1839, 16.498
1840, 16.505
1841, 16.349
1842, 16.411
1843, 16.132
1844, 15.893
1845, 15.754
1846, 15.503
1847, 15.586
1848, 15.0
1849, 14.823
1850, 14.992
1851, 14.823
1852, 15.0
1853, 14.713
1854, 14.742
1855, 14.815
1856, 14.806
1857, 14.722
1858, 14.901
1859, 15.225
1860, 15.113
1861, 15.039
1862, 15.009
1863, 14.685
1864, 14.676
1865, 14.815
1866, 14.546
1867, 14.436
1868, 15.604
1869, 15.968
1870, 15.958
1871, 15.91
1872, 15.885
1873, 15.968
1874, 15.809
1875, 15.503
1876, 15.261
1877, 15.429
1878, 15.241
1879, 15.326
1880, 15.216
1881, 15.17
1882, 15.503
1883, 15.503
1884, 15.475
1885, 15.54
1886, 15.447
1887, 15.27
1888, 15.345
1889, 15.316
1890, 15.419
1891, 16.626
1892, 16.124
1893, 16.191
1894, 16.06
1895, 16.616
1896, 16.217
1897, 15.976
1898, 16.116
1899, 16.132
1900, 16.152
1901, 16.096
1902, 16.374
1903, 16.544
1904, 16.498
1905, 16.505
1906, 16.479
1907, 16.32
1908, 16.33
1909, 16.653
1910, 16.699
1911, 16.544
1912, 16.942
1913, 16.999
1914, 16.811
1915, 16.905
1916, 16.719
1917, 16.776
1918, 16.98
1919, 16.912
1920, 16.821
1921, 16.803
1922, 16.728
1923, 16.999
1924, 16.821
1925, 16.786
1926, 16.795
1927, 17.267
1928, 17.305
1929, 17.034
1930, 16.776
1931, 18.196
1932, 17.703
1933, 18.196
1934, 18.072
1935, 17.535
1936, 17.87
1937, 18.03
1938, 18.158
1939, 18.388
1940, 18.342
1941, 18.206
1942, 17.972
1943, 18.14
1944, 17.685
1945, 17.803
1946, 17.675
1947, 17.378
1948, 17.611
1949, 17.703
1950, 17.638
1951, 17.703
1952, 17.544
1953, 17.712
1954, 17.685
1955, 16.634
1956, 17.305
1957, 17.359
1958, 17.314
1959, 17.22
1960, 17.314
1961, 17.267
1962, 17.406
1963, 17.23
1964, 17.23
1965, 16.989
1966, 16.98
1967, 17.638
1968, 17.415
1969, 17.314
1970, 17.415
1971, 17.378
1972, 17.479
1973, 17.526
1974, 17.759
1975, 17.479
1976, 17.406
1977, 18.314
1978, 18.1
1979, 18.342
1980, 17.759
1981, 18.206
1982, 18.177
1983, 17.952
1984, 17.767
1985, 17.434
1986, 17.359
1987, 17.034
1988, 16.951
1989, 17.081
1990, 17.136
1991, 16.932
1992, 16.932
1993, 17.081
1994, 17.127
1995, 17.118
1996, 17.146
1997, 17.184
1998, 17.712
1999, 17.591
2000, 17.591
2001, 17.927
2002, 17.703
2003, 17.62
2004, 17.722
2005, 17.648
2006, 17.899
2007, 17.751
2008, 17.601
2009, 17.87
2010, 18.14
2011, 18.323
2012, 18.378
2013, 18.158
2014, 18.243
2015, 18.196
2016, 18.307
2017, 18.279
2018, 18.417
2019, 18.494
2020, 19.077
2021, 19.373
2022, 19.577
2023, 19.207
2024, 19.134
2025, 19.032
2026, 19.114
2027, 19.077
2028, 19.217
2029, 19.383
2030, 19.217
2031, 19.17
2032, 19.365
2033, 19.114
2034, 19.28
2035, 19.17
2036, 19.124
2037, 19.124
2038, 19.308
2039, 19.188
2040, 19.365
2041, 19.17
2042, 19.002
2043, 19.225
2044, 19.495
2045, 19.459
2046, 18.872
2047, 18.799
2048, 18.827
2049, 19.54
2050, 19.373
2051, 19.587
2052, 19.95
2053, 19.727
2054, 19.709
2055, 19.717
2056, 19.469
2057, 19.495
2058, 19.271
2059, 19.449
2060, 19.838
2061, 19.595
2062, 19.709
2063, 19.691
2064, 19.548
2065, 19.548
2066, 19.681
2067, 20.407
2068, 20.369
2069, 20.506
2070, 20.895
2071, 21.046
2072, 21.424
2073, 21.693
2074, 21.871
2075, 22.16
2076, 22.765
2077, 22.735
2078, 22.457
2079, 22.689
2080, 22.783
2081, 21.973
2082, 22.0
2083, 22.17
2084, 22.391
2085, 22.251
2086, 22.372
2087, 22.372
2088, 22.457
2089, 22.306
2090, 22.325
2091, 22.251
2092, 22.055
2093, 22.14
2094, 22.503
2095, 22.362
2096, 22.26
2097, 22.297
2098, 22.28
2099, 22.42
2100, 22.075
2101, 22.216
2102, 22.26
2103, 22.093
2104, 22.075
2105, 22.783
2106, 23.188
2107, 22.938
2108, 22.79
2109, 23.114
2110, 23.227
2111, 23.579
2112, 23.819
2113, 23.979
2114, 24.146
2115, 24.265
2116, 24.387
2117, 24.302
2118, 24.321
2119, 24.397
2120, 23.655
2121, 23.645
2122, 23.747
2123, 24.107
2124, 24.176
2125, 24.24
2126, 24.359
2127, 24.283
2128, 24.349
2129, 24.24
2130, 24.647
2131, 24.311
2132, 24.051
2133, 24.445
2134, 24.647
2135, 24.713
2136, 24.776
2137, 25.073
2138, 25.056
2139, 24.812
2140, 24.917
2141, 24.748
2142, 23.819
2143, 23.896
2144, 23.588
2145, 23.245
2146, 23.283
2147, 23.756
2148, 23.682
2149, 23.953
2150, 23.747
2151, 23.756
2152, 22.9
2153, 22.873
2154, 23.237
2155, 23.188
2156, 23.385
2157, 23.505
2158, 23.819
2159, 23.747
2160, 23.886
2161, 23.809
2162, 23.645
2163, 23.588
2164, 23.542
2165, 23.588
2166, 23.79
2167, 24.107
2168, 24.166
2169, 24.098
2170, 24.107
2171, 24.127
2172, 24.007
2173, 24.088
2174, 24.283
2175, 24.329
2176, 24.49
2177, 24.561
2178, 24.542
2179, 25.027
2180, 25.073
2181, 25.001
2182, 25.288
2183, 23.438
2184, 23.283
2185, 23.448
2186, 23.347
2187, 23.486
2188, 23.655
2189, 23.781
2190, 23.264
2191, 23.237
2192, 23.505
2193, 23.301
2194, 23.274
2195, 23.169
2196, 23.052
2197, 23.429
2198, 23.292
2199, 23.756
2200, 23.904
2201, 23.923
2202, 23.953
2203, 23.781
2204, 24.088
2205, 24.212
2206, 24.146
2207, 23.896
2208, 24.098
2209, 23.933
2210, 24.051
2211, 23.569
2212, 23.208
2213, 23.347
2214, 23.618
2215, 23.208
2216, 23.347
2217, 23.178
2218, 22.919
2219, 23.124
2220, 22.977
2221, 22.612
2222, 22.938
2223, 22.708
2224, 22.594
2225, 22.612
2226, 22.66
2227, 22.689
2228, 22.503
2229, 22.584
2230, 22.594
2231, 22.065
2232, 22.224
2233, 22.16
2234, 22.447
2235, 22.66
2236, 23.025
2237, 22.773
2238, 22.475
2239, 22.495
2240, 22.485
2241, 22.66
2242, 22.325
2243, 22.651
2244, 22.207
2245, 18.984
2246, 17.406
2247, 17.463
2248, 17.034
2249, 17.685
2250, 17.544
2251, 17.368
2252, 16.84
2253, 16.562
2254, 15.567
2255, 14.695
2256, 14.382
2257, 16.132
2258, 16.374
2259, 16.515
2260, 16.077
2261, 15.55
2262, 15.875
2263, 15.837
2264, 15.92
2265, 16.349
2266, 16.32
2267, 16.421
2268, 16.401
2269, 15.893
2270, 15.799
2271, 15.503
2272, 15.55
2273, 15.131
2274, 15.103
2275, 15.206
2276, 14.973
2277, 14.892
2278, 15.419
2279, 15.447
2280, 15.465
2281, 15.336
2282, 15.085
2283, 15.354
2284, 15.465
2285, 15.678
2286, 15.948
2287, 15.818
2288, 15.866
2289, 15.968
2290, 16.162
2291, 16.116
2292, 16.46
2293, 16.265
2294, 16.392
2295, 16.33
2296, 16.382
2297, 16.303
2298, 16.33
2299, 16.46
2300, 16.235
2301, 16.411
2302, 16.124
2303, 15.938
2304, 16.096
2305, 16.265
2306, 16.077
2307, 16.209
2308, 16.142
2309, 15.958
2310, 15.762
2311, 17.463
2312, 16.895
2313, 16.849
2314, 17.016
2315, 16.653
2316, 16.858
2317, 16.709
2318, 16.505
2319, 16.162
2320, 16.505
2321, 16.2
2322, 16.2
2323, 16.43
2324, 16.283
2325, 15.948
2326, 15.875
2327, 15.595
2328, 15.503
2329, 15.298
2330, 15.827
2331, 15.122
2332, 15.261
2333, 15.411
2334, 15.298
2335, 15.141
2336, 15.225
2337, 14.946
2338, 14.796
2339, 15.54
2340, 15.938
2341, 16.505
2342, 16.265
2343, 15.818
2344, 16.209
2345, 15.92
2346, 15.614
2347, 15.419
2348, 15.326
2349, 15.447
2350, 15.688
2351, 15.846
2352, 15.678
2353, 15.447
2354, 15.411
2355, 15.279
2356, 14.892
2357, 14.66
2358, 14.249
2359, 14.076
2360, 13.749
2361, 13.961
2362, 14.028
2363, 13.894
2364, 13.834
2365, 13.682
2366, 13.961
2367, 13.607
2368, 13.375
2369, 13.25
2370, 13.702
2371, 13.267
2372, 13.165
2373, 13.276
2374, 14.129
2375, 13.914
2376, 14.398
2377, 14.815
2378, 14.49
2379, 14.175
2380, 13.731
2381, 13.769
2382, 13.59
2383, 13.778
2384, 13.824
2385, 13.97
2386, 13.886
2387, 13.851
2388, 13.816
2389, 13.979
2390, 13.869
2391, 13.878
2392, 13.894
2393, 14.148
2394, 14.287
2395, 13.59
2396, 13.405
2397, 13.155
2398, 13.472
2399, 13.292
2400, 12.884
2401, 12.914
2402, 12.867
2403, 13.414
2404, 13.385
2405, 13.518
2406, 13.58
2407, 13.452
2408, 14.018
2409, 13.607
2410, 14.287
2411, 14.316
2412, 14.22
2413, 14.129
2414, 13.878
2415, 14.038
2416, 13.979
2417, 14.008
2418, 14.353
2419, 14.277
2420, 14.398
2421, 14.306
2422, 14.306
2423, 13.97
2424, 14.028
2425, 13.904
2426, 13.914
2427, 14.148
2428, 14.713
2429, 14.722
2430, 15.383
2431, 15.141
2432, 14.704
2433, 14.91
2434, 15.225
2435, 15.233
2436, 15.279
2437, 14.574
2438, 14.593
2439, 14.761
2440, 14.66
2441, 14.593
2442, 14.632
2443, 14.353
2444, 14.408
2445, 14.258
2446, 14.565
2447, 14.583
2448, 14.761
2449, 14.892
2450, 14.946
2451, 14.964
2452, 14.853
2453, 14.843
2454, 14.872
2455, 14.622
2456, 14.732
2457, 14.713
2458, 14.91
2459, 14.973
2460, 14.751
2461, 14.565
2462, 14.695
2463, 14.481
2464, 14.324
2465, 14.165
2466, 14.202
2467, 14.084
2468, 14.267
2469, 14.416
2470, 14.527
2471, 14.398
2472, 14.287
2473, 14.537
2474, 14.287
2475, 14.183
2476, 14.084
2477, 14.22
2478, 13.951
2479, 13.878
2480, 13.797
2481, 13.626
2482, 13.423
2483, 13.537
2484, 13.721
2485, 13.922
2486, 13.617
2487, 13.721
2488, 13.375
2489, 13.283
2490, 12.997
2491, 12.923
2492, 12.857
2493, 12.857
2494, 12.988
2495, 13.069
2496, 11.81
2497, 11.244
2498, 11.048
2499, 11.56
2500, 11.656
2501, 11.724
2502, 11.791
2503, 11.927
2504, 11.656
2505, 12.095
2506, 12.3
2507, 12.533
2508, 12.942
2509, 13.259
2510, 13.165
2511, 13.221
2512, 13.25
2513, 13.328
2514, 13.32
2515, 13.078
2516, 13.276
2517, 13.32
2518, 13.414
2519, 13.328
2520, 13.518
2521, 13.692
2522, 13.787
2523, 13.692
2524, 14.593
2525, 14.882
2526, 14.833
2527, 14.91
2528, 15.206
2529, 15.261
2530, 15.345
2531, 15.455
2532, 15.216
2533, 14.416
2534, 14.651
2535, 13.931
2536, 14.175
2537, 14.454
2538, 13.922
2539, 13.682
2540, 13.816
2541, 14.436
2542, 14.462
2543, 13.201
2544, 13.721
2545, 13.692
2546, 13.146
2547, 13.267
2548, 12.801
2549, 12.273
2550, 11.855
2551, 10.917
2552, 10.313
2553, 11.406
2554, 10.917
2555, 10.407
2556, 10.733
2557, 10.582
2558, 10.927
2559, 10.841
2560, 10.463
2561, 9.942
2562, 9.4769
2563, 9.2005
2564, 6.6465
2565, 5.9597
2566, 6.4797
2567, 7.1386
2568, 7.1016
2569, 7.2223
2570, 6.9069
2571, 6.2196
2572, 6.3404
2573, 5.6812
2574, 5.3841
2575, 5.0778
2576, 5.3378
2577, 5.0406
2578, 4.688
2579, 4.5674
2580, 4.1958
2581, 3.769
2582, 4.0751
2583, 4.3258
2584, 4.3536
2585, 4.3725
2586, 5.8391
2587, 5.0594
2588, 5.3006
2589, 5.4213
2590, 5.4213
2591, 5.5422
2592, 5.8948
2593, 5.8762
2594, 5.9041
2595, 5.6348
2596, 5.8391
2597, 5.6069
2598, 5.8112
2599, 5.9505
2600, 5.774
2601, 6.0711
2602, 5.9318
2603, 5.5884
2604, 5.6998
2605, 5.7371
2606, 5.5606
2607, 5.8019
2608, 5.9505
2609, 6.3684
2610, 6.554
2611, 7.176
2612, 6.7491
2613, 6.953
2614, 6.814
2615, 6.7767
2616, 6.7581
2617, 6.5074
2618, 6.5725
2619, 6.7212
2620, 6.2476
2621, 6.5909
2622, 6.4889
2623, 6.4052
2624, 6.563
2625, 7.7885
2626, 7.7236
2627, 7.5752
2628, 6.9903
2629, 7.2502
2630, 7.1296
2631, 7.1664
2632, 7.6122
2633, 7.6308
2634, 7.4452
2635, 7.0832
2636, 7.176
2637, 7.2039
2638, 7.0459
2639, 6.3869
2640, 6.294
2641, 6.2476
2642, 6.1082
2643, 5.8298
2644, 6.2384
2645, 5.9597
2646, 5.8668
2647, 5.9875
2648, 5.7371
2649, 5.449
2650, 5.8577
2651, 5.3751
2652, 5.2913
2653, 5.1615
2654, 5.7834
2655, 5.6905
2656, 5.8577
2657, 6.2196
2658, 6.0803
2659, 6.3774
2660, 6.7023
2661, 6.7023
2662, 6.4334
2663, 7.1943
2664, 7.1108
2665, 7.6585
2666, 7.9926
2667, 7.6214
2668, 7.2592
2669, 7.5008
2670, 7.7792
2671, 8.3365
2672, 8.4478
2673, 8.4756
2674, 8.3546
2675, 8.3546
2676, 8.9025
2677, 8.782
2678, 8.7264
2679, 8.8097
2680, 8.8839
2681, 9.0324
2682, 8.6984
2683, 9.0509
2684, 9.1622
2685, 8.8839
2686, 9.0603
2687, 8.9766
2688, 8.9119
2689, 9.4406
2690, 9.3844
2691, 9.3933
2692, 9.823
2693, 9.468
2694, 9.3753
2695, 8.9957
2696, 9.2646
2697, 9.0139
2698, 9.1622
2699, 8.4568
2700, 8.6889
2701, 8.5404
2702, 8.8191
2703, 8.7168
2704, 8.6053
2705, 8.624
2706, 8.6706
2707, 8.9486
2708, 8.6796
2709, 8.42
2710, 8.5871
2711, 8.5498
2712, 8.8191
2713, 8.7074
2714, 8.8191
2715, 9.0234
2716, 8.9766
2717, 8.8654
2718, 8.8097
2719, 8.7352
2720, 8.6148
2721, 8.4756
2722, 8.4103
2723, 8.4289
2724, 8.3644
2725, 8.2248
2726, 8.0022
2727, 7.8812
2728, 8.0579
2729, 8.067
2730, 8.5219
2731, 8.5124
2732, 8.6148
2733, 8.5313
2734, 8.1411
2735, 8.1321
2736, 7.8536
2737, 7.7978
2738, 8.0113
2739, 7.9466
2740, 7.8722
2741, 8.0484
2742, 8.2339
2743, 8.4756
2744, 8.6148
2745, 8.9678
2746, 9.1622
2747, 9.2932
2748, 9.59
2749, 9.645
2750, 9.746
2751, 9.645
2752, 9.727
2753, 9.699
2754, 9.942
2755, 9.645
2756, 9.681
2757, 9.506
2758, 9.755
2759, 9.942
2760, 10.052
2761, 9.878
2762, 10.062
2763, 10.043
2764, 9.859
2765, 9.859
2766, 9.898
2767, 9.971
2768, 9.813
2769, 10.062
2770, 10.185
2771, 10.322
2772, 10.417
2773, 10.231
2774, 10.407
2775, 10.062
2776, 9.878
2777, 9.878
2778, 10.09
2779, 10.006
2780, 10.09
2781, 10.397
2782, 10.258
2783, 10.221
2784, 10.165
2785, 10.231
2786, 10.397
2787, 10.304
2788, 10.498
2789, 10.203
2790, 10.417
2791, 10.454
2792, 10.1
2793, 9.3665
2794, 9.681
2795, 9.681
2796, 9.2267
2797, 8.8282
2798, 8.8375
2799, 9.638
2800, 9.765
2801, 9.638
2802, 9.775
2803, 9.898
2804, 10.147
2805, 10.211
2806, 10.275
2807, 10.211
2808, 10.129
2809, 10.211
2810, 9.99
2811, 9.916
2812, 10.129
2813, 9.952
2814, 9.898
2815, 10.221
2816, 9.924
2817, 10.417
2818, 10.072
2819, 9.924
2820, 10.147
2821, 10.062
2822, 10.417
2823, 10.446
2824, 10.776
2825, 10.917
2826, 10.832
2827, 10.695
2828, 10.786
2829, 11.065
2830, 11.074
2831, 10.889
2832, 10.62
2833, 10.63
2834, 10.752
2835, 10.714
2836, 10.666
2837, 10.322
2838, 10.379
2839, 10.454
2840, 10.156
2841, 10.147
2842, 10.349
2843, 10.285
2844, 10.249
2845, 10.417
2846, 10.369
2847, 10.249
2848, 9.878
2849, 9.69
2850, 9.839
2851, 9.645
2852, 10.211
2853, 10.043
2854, 10.139
2855, 10.446
2856, 10.463
2857, 10.446
2858, 10.322
2859, 10.175
2860, 9.98
2861, 10.156
2862, 10.139
2863, 10.267
2864, 10.231
2865, 10.249
2866, 10.714
2867, 10.498
2868, 10.695
2869, 10.776
2870, 10.776
2871, 10.61
2872, 10.686
2873, 10.498
2874, 10.313
2875, 10.258
2876, 10.267
2877, 10.034
2878, 9.942
2879, 9.933
2880, 9.961
2881, 10.221
2882, 10.239
2883, 10.006
2884, 10.006
2885, 9.916
2886, 10.1
2887, 10.09
2888, 10.767
2889, 10.955
2890, 11.426
2891, 11.3
2892, 11.493
2893, 11.63
2894, 11.56
2895, 11.455
2896, 11.613
2897, 11.532
2898, 11.455
2899, 11.704
2900, 11.621
2901, 11.695
2902, 11.685
2903, 12.114
2904, 11.947
2905, 11.801
2906, 11.892
2907, 11.827
2908, 11.927
2909, 11.984
2910, 11.845
2911, 11.902
2912, 11.827
2913, 11.772
2914, 11.845
2915, 12.012
2916, 11.937
2917, 11.695
2918, 11.666
2919, 11.782
2920, 11.666
2921, 11.379
2922, 11.387
2923, 11.666
2924, 11.791
2925, 11.714
2926, 11.865
2927, 11.902
2928, 12.061
2929, 11.918
2930, 12.254
2931, 12.355
2932, 12.245
2933, 12.3
2934, 12.326
2935, 12.402
2936, 12.44
2937, 12.738
2938, 12.738
2939, 12.263
2940, 11.902
2941, 12.134
2942, 11.733
2943, 11.827
2944, 11.639
2945, 11.596
2946, 11.048
2947, 10.841
2948, 11.158
2949, 11.082
2950, 11.309
2951, 11.138
2952, 10.814
2953, 10.898
2954, 10.767
2955, 10.686
2956, 10.359
2957, 10.388
2958, 10.203
2959, 10.024
2960, 9.952
2961, 10.211
2962, 10.139
2963, 9.709
2964, 9.736
2965, 9.933
2966, 9.628
2967, 9.3118
2968, 9.2267
2969, 9.0973
2970, 9.3844
2971, 9.543
2972, 9.638
2973, 9.718
2974, 9.736
2975, 9.849
2976, 9.823
2977, 9.628
2978, 9.665
2979, 9.609
2980, 9.421
2981, 9.506
2982, 9.534
2983, 9.3029
2984, 9.1066
2985, 8.9861
2986, 8.9766
2987, 8.8375
2988, 9.2452
2989, 9.4869
2990, 9.4111
2991, 9.681
2992, 9.916
2993, 9.924
2994, 9.942
2995, 9.468
2996, 9.506
2997, 9.665
2998, 9.515
2999, 9.785
3000, 9.924
3001, 10.09
3002, 10.147
3003, 10.175
3004, 10.211
3005, 10.369
3006, 10.258
3007, 9.1439
3008, 9.553
3009, 9.4959
3010, 9.3933
3011, 9.3844
3012, 9.3029
3013, 9.1439
3014, 9.1622
3015, 9.0417
3016, 9.3395
3017, 9.4111
3018, 9.618
3019, 9.4504
3020, 9.4022
3021, 9.4584
3022, 9.3488
3023, 9.553
3024, 9.4022
3025, 9.553
3026, 9.4306
3027, 9.4022
3028, 9.618
3029, 9.765
3030, 9.785
3031, 9.515
3032, 9.468
3033, 9.4869
3034, 9.4584
3035, 9.6
3036, 9.628
3037, 9.699
3038, 9.609
3039, 9.515
3040, 9.6
3041, 9.525
3042, 9.534
3043, 9.515
3044, 9.718
3045, 9.709
3046, 9.785
3047, 9.618
3048, 9.699
3049, 9.942
3050, 9.849
3051, 9.98
3052, 9.98
3053, 10.043
3054, 10.211
3055, 10.407
3056, 10.436
3057, 10.601
3058, 10.536
3059, 10.564
3060, 10.714
3061, 10.454
3062, 10.647
3063, 10.714
3064, 10.676
3065, 10.87
3066, 10.601
3067, 10.397
3068, 10.489
3069, 10.526
3070, 10.526
3071, 10.676
3072, 10.63
3073, 10.917
3074, 11.04
3075, 10.982
3076, 11.743
3077, 11.819
3078, 11.837
3079, 11.639
3080, 11.695
3081, 11.484
3082, 11.512
3083, 11.502
3084, 11.753
3085, 11.656
3086, 12.031
3087, 11.837
3088, 12.076
3089, 11.964
3090, 12.061
3091, 12.226
3092, 12.485
3093, 12.355
3094, 12.449
3095, 12.468
3096, 12.309
3097, 12.3
3098, 12.393
3099, 12.283
3100, 12.29
3101, 12.207
3102, 12.263
3103, 12.226
3104, 12.326
3105, 12.402
3106, 12.374
3107, 12.319
3108, 12.3
3109, 12.254
3110, 12.309
3111, 12.226
3112, 12.782
3113, 12.829
3114, 13.041
3115, 13.069
3116, 12.764
3117, 13.005
3118, 12.951
3119, 13.051
3120, 12.263
3121, 12.643
3122, 13.48
3123, 13.191
3124, 13.051
3125, 12.951
3126, 13.292
3127, 13.385
3128, 13.414
3129, 13.375
3130, 12.961
3131, 13.221
3132, 13.191
3133, 12.923
3134, 12.72
3135, 12.81
3136, 12.857
3137, 12.979
3138, 13.283
3139, 13.032
3140, 13.221
3141, 13.23
3142, 13.126
3143, 13.259
3144, 13.49
3145, 13.663
3146, 13.146
3147, 12.839
3148, 12.867
3149, 13.06
3150, 13.06
3151, 12.923
3152, 12.875
3153, 13.041
3154, 12.969
3155, 12.653
3156, 12.961
3157, 13.06
3158, 12.801
3159, 12.884
3160, 12.682
3161, 12.596
3162, 12.495
3163, 12.634
3164, 12.672
3165, 13.088
3166, 13.49
3167, 13.462
3168, 13.405
3169, 13.311
3170, 13.183
3171, 13.24
3172, 13.311
3173, 13.328
3174, 13.452
3175, 13.414
3176, 13.414
3177, 13.433
3178, 13.311
3179, 13.108
3180, 13.032
3181, 13.005
3182, 13.023
3183, 13.06
3184, 13.015
3185, 12.773
3186, 12.82
3187, 13.023
3188, 13.041
3189, 12.961
3190, 13.165
3191, 13.23
3192, 13.347
3193, 13.462
3194, 13.183
3195, 13.078
3196, 12.867
3197, 12.81
3198, 12.634
3199, 12.606
3200, 12.738
3201, 12.55
3202, 12.682
3203, 12.55
3204, 12.384
3205, 12.319
3206, 12.449
3207, 12.44
3208, 12.319
3209, 12.022
3210, 12.051
3211, 11.927
3212, 12.003
3213, 11.964
3214, 11.865
3215, 11.714
3216, 11.648
3217, 11.639
3218, 11.435
3219, 11.512
3220, 11.56
3221, 11.613
3222, 11.63
3223, 11.588
3224, 11.763
3225, 11.604
3226, 11.743
3227, 11.918
3228, 12.245
3229, 12.662
3230, 12.682
3231, 12.56
3232, 12.412
3233, 12.345
3234, 12.56
3235, 12.624
3236, 12.662
3237, 12.867
3238, 12.764
3239, 12.773
3240, 12.969
3241, 12.791
3242, 12.523
3243, 12.514
3244, 12.44
3245, 12.153
3246, 12.19
3247, 11.882
3248, 12.114
3249, 12.068
3250, 12.263
3251, 12.235
3252, 12.235
3253, 12.114
3254, 11.902
3255, 11.704
3256, 11.551
3257, 11.282
3258, 12.235
3259, 11.455
3260, 10.917
3261, 10.473
3262, 9.785
3263, 9.638
3264, 9.0047
3265, 9.1819
3266, 9.3665
3267, 9.681
3268, 9.534
3269, 9.515
3270, 8.9678
3271, 8.624
3272, 8.7725
3273, 8.9861
3274, 9.1536
3275, 8.7631
3276, 9.0878
3277, 9.59
3278, 9.839
3279, 9.888
3280, 9.506
3281, 9.0047
3282, 8.782
3283, 9.2735
3284, 8.9678
3285, 8.8749
3286, 8.8933
3287, 8.9678
3288, 9.0779
3289, 9.2452
3290, 9.4769
3291, 9.218
3292, 9.0139
3293, 8.7264
3294, 8.5404
3295, 8.6889
3296, 8.7911
3297, 9.125
3298, 8.7264
3299, 8.856
3300, 8.7074
3301, 7.9926
3302, 8.4478
3303, 8.3922
3304, 8.6332
3305, 8.5498
3306, 8.8004
3307, 9.0973
3308, 9.421
3309, 9.4406
3310, 9.665
3311, 9.3585
3312, 9.609
3313, 9.3844
3314, 9.3844
3315, 9.4769
3316, 9.868
3317, 9.4306
3318, 9.709
3319, 10.285
3320, 10.313
3321, 9.933
3322, 9.562
3323, 10.426
3324, 11.082
3325, 11.012
3326, 11.031
3327, 11.1
3328, 10.647
3329, 10.794
3330, 11.309
3331, 11.282
3332, 11.493
3333, 11.326
3334, 11.082
3335, 11.166
3336, 11.065
3337, 10.955
3338, 10.743
3339, 10.695
3340, 11.263
3341, 11.3
3342, 11.998
3343, 11.685
3344, 11.695
3345, 11.956
3346, 11.532
3347, 11.724
3348, 11.36
3349, 11.743
3350, 11.435
3351, 11.291
3352, 11.205
3353, 11.128
3354, 11.522
3355, 11.138
3356, 11.902
3357, 11.827
3358, 11.918
3359, 12.003
3360, 11.964
3361, 11.596
3362, 11.882
3363, 11.855
3364, 11.782
3365, 11.676
3366, 11.724
3367, 11.685
3368, 11.656
3369, 11.801
3370, 11.865
3371, 11.875
3372, 11.639
3373, 11.801
3374, 12.068
3375, 12.061
3376, 12.143
3377, 12.207
3378, 12.393
3379, 12.495
3380, 12.485
3381, 12.476
3382, 12.319
3383, 12.355
3384, 12.432
3385, 12.44
3386, 12.533
3387, 12.523
3388, 12.364
3389, 12.114
3390, 12.076
3391, 11.875
3392, 12.114
3393, 12.022
3394, 11.937
3395, 12.374
3396, 12.309
3397, 12.245
3398, 12.076
3399, 12.273
3400, 12.245
3401, 12.309
3402, 12.134
3403, 11.959
3404, 11.855
3405, 11.512
3406, 11.465
3407, 11.344
3408, 11.319
3409, 11.465
3410, 11.621
3411, 11.541
3412, 11.763
3413, 11.596
3414, 11.974
3415, 11.927
3416, 11.892
3417, 11.865
3418, 11.801
3419, 13.015
3420, 12.653
3421, 12.745
3422, 12.533
3423, 12.412
3424, 12.468
3425, 12.393
3426, 12.533
3427, 12.422
3428, 12.345
3429, 12.263
3430, 12.095
3431, 12.031
3432, 12.114
3433, 12.319
3434, 11.937
3435, 12.104
3436, 12.523
3437, 12.374
3438, 12.216
3439, 12.374
3440, 12.134
3441, 12.143
3442, 12.245
3443, 12.459
3444, 12.495
3445, 12.412
3446, 12.449
3447, 12.319
3448, 12.076
3449, 11.974
3450, 12.086
3451, 12.095
3452, 12.061
3453, 11.621
3454, 11.753
3455, 12.374
3456, 12.345
3457, 12.326
3458, 12.273
3459, 12.061
3460, 12.476
3461, 12.432
3462, 12.543
3463, 12.894
3464, 12.979
3465, 13.183
3466, 13.06
3467, 12.951
3468, 12.77
3469, 12.81
3470, 12.959
3471, 13.267
3472, 13.259
3473, 13.311
3474, 13.108
3475, 13.24
3476, 13.125
3477, 13.22
3478, 13.22
3479, 13.357
3480, 13.366
3481, 13.395
3482, 13.311
3483, 13.414
3484, 13.267
3485, 13.328
3486, 13.518
3487, 13.433
3488, 13.76
3489, 13.842
3490, 13.923
3491, 13.972
3492, 13.923
3493, 13.981
3494, 13.916
3495, 13.896
3496, 13.564
3497, 13.683
3498, 13.888
3499, 13.916
3500, 13.972
3501, 13.923
3502, 13.664
3503, 13.491
3504, 13.433
3505, 13.481
3506, 13.703
3507, 14.02
3508, 13.906
3509, 13.732
3510, 14.001
3511, 13.842
3512, 14.347
3513, 14.532
3514, 14.665
3515, 14.597
3516, 14.717
3517, 14.357
3518, 14.617
3519, 14.636
3520, 14.578
3521, 14.261
3522, 14.456
3523, 14.456
3524, 14.367
3525, 14.29
3526, 14.337
3527, 14.281
3528, 14.214
3529, 14.394
3530, 14.532
3531, 14.411
3532, 14.449
3533, 14.756
3534, 14.756
3535, 14.756
3536, 14.887
3537, 14.887
3538, 14.933
3539, 14.979
3540, 15.035
3541, 14.988
3542, 14.942
3543, 14.988
3544, 15.006
3545, 15.055
3546, 15.186
3547, 15.344
3548, 15.045
3549, 14.355
3550, 14.492
3551, 14.645
3552, 14.54
3553, 14.502
3554, 14.483
3555, 14.698
3556, 14.988
3557, 14.801
3558, 14.664
3559, 14.801
3560, 14.818
3561, 14.746
3562, 15.015
3563, 15.195
3564, 15.278
3565, 15.222
3566, 14.848
3567, 14.96
3568, 14.96
3569, 14.942
3570, 15.287
3571, 15.11
3572, 15.709
3573, 16.1
3574, 15.474
3575, 15.634
3576, 15.727
3577, 15.287
3578, 15.168
3579, 15.214
3580, 14.988
3581, 14.952
3582, 14.567
3583, 14.037
3584, 14.23
3585, 14.119
3586, 14.111
3587, 14.148
3588, 14.325
3589, 14.22
3590, 14.075
3591, 14.093
3592, 14.438
3593, 14.586
3594, 14.635
3595, 14.698
3596, 14.877
3597, 14.848
3598, 14.906
3599, 15.055
3600, 15.278
3601, 15.1
3602, 15.091
3603, 15.195
3604, 15.353
3605, 15.559
3606, 15.446
3607, 15.559
3608, 15.324
3609, 15.286
3610, 15.221
3611, 15.213
3612, 15.024
3613, 15.381
3614, 15.577
3615, 15.586
3616, 16.082
3617, 16.028
3618, 15.98
3619, 15.962
3620, 15.888
3621, 15.895
3622, 15.755
3623, 15.914
3624, 15.839
3625, 15.933
3626, 15.794
3627, 15.895
3628, 15.82
3629, 15.774
3630, 15.802
3631, 15.952
3632, 15.914
3633, 15.784
3634, 15.952
3635, 16.019
3636, 15.69
3637, 15.895
3638, 15.914
3639, 15.438
3640, 15.024
3641, 15.238
3642, 15.268
3643, 15.314
3644, 15.54
3645, 15.7
3646, 15.727
3647, 15.464
3648, 15.286
3649, 15.474
3650, 15.213
3651, 15.438
3652, 15.595
3653, 15.55
3654, 15.605
3655, 15.455
3656, 15.727
3657, 15.662
3658, 15.718
3659, 15.942
3660, 15.952
3661, 15.849
3662, 15.924
3663, 16.065
3664, 16.102
3665, 15.924
3666, 15.952
3667, 16.169
3668, 16.178
3669, 16.038
3670, 16.02
3671, 16.038
3672, 16.057
3673, 16.02
3674, 15.849
3675, 15.689
3676, 15.481
3677, 15.623
3678, 15.36
3679, 15.565
3680, 15.398
3681, 15.849
3682, 15.859
3683, 15.801
3684, 15.125
3685, 15.284
3686, 15.144
3687, 14.964
3688, 14.936
3689, 14.984
3690, 15.275
3691, 15.144
3692, 15.331
3693, 15.453
3694, 15.642
3695, 16.01
3696, 15.952
3697, 16.481
3698, 16.527
3699, 16.451
3700, 16.601
3701, 16.723
3702, 16.772
3703, 16.902
3704, 16.762
3705, 17.025
3706, 17.109
3707, 16.882
3708, 17.043
3709, 17.137
3710, 17.062
3711, 16.827
3712, 16.873
3713, 17.109
3714, 17.439
3715, 17.166
3716, 17.315
3717, 17.086
3718, 17.147
3719, 16.685
3720, 16.431
3721, 16.791
3722, 16.827
3723, 16.807
3724, 16.685
3725, 16.647
3726, 17.1
3727, 17.034
3728, 17.193
3729, 17.401
3730, 16.997
3731, 16.458
3732, 16.741
3733, 16.477
3734, 16.514
3735, 16.336
3736, 16.562
3737, 16.448
3738, 16.948
3739, 16.9
3740, 17.099
3741, 17.343
3742, 17.439
3743, 17.722
3744, 17.703
3745, 18.025
3746, 18.042
3747, 18.051
3748, 18.051
3749, 18.042
3750, 18.185
3751, 18.185
3752, 18.194
3753, 18.156
3754, 17.939
3755, 18.185
3756, 17.712
3757, 17.647
3758, 17.797
3759, 17.863
3760, 18.553
3761, 18.333
3762, 18.409
3763, 18.232
3764, 18.127
3765, 18.223
3766, 18.323
3767, 18.298
3768, 18.279
3769, 18.166
3770, 17.732
3771, 17.751
3772, 17.674
3773, 17.863
3774, 17.459
3775, 17.751
3776, 17.655
3777, 17.647
3778, 17.013
3779, 16.997
3780, 17.146
3781, 16.635
3782, 16.443
3783, 16.708
3784, 16.786
3785, 16.869
3786, 17.241
3787, 17.371
3788, 17.372
3789, 17.08
3790, 17.332
3791, 17.599
3792, 17.788
3793, 17.967
3794, 17.873
3795, 17.883
3796, 17.56
3797, 17.56
3798, 17.541
3799, 17.674
3800, 17.863
3801, 17.751
3802, 17.903
3803, 17.684
3804, 17.4
3805, 17.674
3806, 17.551
3807, 17.305
3808, 17.257
3809, 17.751
3810, 18.07
3811, 18.07
3812, 17.814
3813, 18.128
3814, 18.271
3815, 18.461
3816, 18.574
3817, 18.51
3818, 18.666
3819, 18.801
3820, 18.885
3821, 19.103
3822, 19.113
3823, 18.97
3824, 18.686
3825, 18.565
3826, 18.556
3827, 18.481
3828, 18.556
3829, 18.373
3830, 18.838
3831, 18.96
3832, 18.848
3833, 19.113
3834, 19.076
3835, 19.123
3836, 19.093
3837, 18.931
3838, 18.904
3839, 19.161
3840, 19.33
3841, 19.143
3842, 19.465
3843, 19.52
3844, 19.427
3845, 19.17
3846, 19.369
3847, 19.34
3848, 19.133
3849, 19.418
3850, 19.143
3851, 18.96
3852, 18.716
3853, 18.666
3854, 18.875
3855, 19.398
3856, 19.263
3857, 19.766
3858, 19.643
3859, 19.946
3860, 20.09
3861, 20.127
3862, 19.974
3863, 20.022
3864, 20.042
3865, 19.984
3866, 19.757
3867, 19.955
3868, 19.804
3869, 21.256
3870, 20.856
3871, 20.846
3872, 20.571
3873, 20.259
3874, 20.375
3875, 20.515
3876, 20.571
3877, 20.61
3878, 20.668
3879, 20.706
3880, 20.551
3881, 19.757
3882, 19.546
3883, 19.709
3884, 19.499
3885, 19.785
3886, 19.337
3887, 18.495
3888, 18.662
3889, 18.426
3890, 18.551
3891, 18.596
3892, 18.35
3893, 18.456
3894, 18.662
3895, 18.854
3896, 18.798
3897, 18.844
3898, 18.702
3899, 18.891
3900, 18.987
3901, 19.158
3902, 19.338
3903, 19.528
3904, 19.482
3905, 19.434
3906, 19.12
3907, 19.642
3908, 19.491
3909, 19.574
3910, 19.765
3911, 19.728
3912, 19.709
3913, 19.652
3914, 19.463
3915, 19.482
3916, 19.747
3917, 20.267
3918, 20.127
3919, 20.316
3920, 20.21
3921, 19.991
3922, 20.659
3923, 20.572
3924, 20.496
3925, 20.487
3926, 20.857
3927, 21.259
3928, 21.023
3929, 21.18
3930, 20.544
3931, 20.572
3932, 20.572
3933, 21.023
3934, 20.582
3935, 20.335
3936, 20.191
3937, 20.375
3938, 20.659
3939, 20.774
3940, 20.745
3941, 20.896
3942, 20.848
3943, 20.745
3944, 20.468
3945, 20.365
3946, 20.316
3947, 20.506
3948, 20.602
3949, 20.848
3950, 20.678
3951, 20.448
3952, 20.572
3953, 20.592
3954, 20.544
3955, 20.944
3956, 21.515
3957, 20.838
3958, 20.764
3959, 20.993
3960, 21.069
3961, 20.745
3962, 20.857
3963, 20.848
3964, 21.133
3965, 21.2
3966, 21.105
3967, 21.069
3968, 20.774
3969, 20.64
3970, 20.431
3971, 20.487
3972, 20.973
3973, 21.2
3974, 21.327
3975, 21.143
3976, 20.983
3977, 20.631
3978, 20.345
3979, 20.089
3980, 20.413
3981, 20.288
3982, 20.307
3983, 20.001
3984, 19.925
3985, 19.793
3986, 20.119
3987, 20.059
3988, 20.317
3989, 20.478
3990, 20.766
3991, 20.386
3992, 20.709
3993, 20.459
3994, 20.268
3995, 20.099
3996, 19.991
3997, 19.773
3998, 19.849
3999, 19.839
4000, 19.708
4001, 19.449
4002, 19.83
4003, 19.608
4004, 19.734
4005, 19.678
4006, 19.56
4007, 19.275
4008, 19.255
4009, 19.124
4010, 19.104
4011, 18.522
4012, 18.395
4013, 18.425
4014, 18.207
4015, 18.405
4016, 18.236
4017, 18.236
4018, 18.532
4019, 17.766
4020, 17.786
4021, 17.633
4022, 17.574
4023, 17.939
4024, 17.766
4025, 17.832
4026, 18.089
4027, 18.129
4028, 18.283
4029, 18.265
4030, 18.158
4031, 18.08
4032, 18.338
4033, 18.569
4034, 18.265
4035, 18.007
4036, 17.948
4037, 17.71
4038, 17.462
4039, 17.757
4040, 18.016
4041, 18.293
4042, 18.283
4043, 18.178
4044, 17.86
4045, 18.042
4046, 17.794
4047, 17.622
4048, 17.372
4049, 17.45
4050, 17.123
4051, 17.191
4052, 17.276
4053, 17.084
4054, 16.807
4055, 16.863
4056, 17.094
4057, 17.046
4058, 16.729
4059, 17.314
4060, 16.979
4061, 16.999
4062, 16.999
4063, 17.314
4064, 17.314
4065, 17.296
4066, 17.342
4067, 17.476
4068, 17.89
4069, 17.794
4070, 18.178
4071, 18.187
4072, 18.197
4073, 18.734
4074, 18.744
4075, 18.943
4076, 19.336
4077, 19.185
4078, 19.416
4079, 19.279
4080, 19.624
4081, 20.086
4082, 20.573
4083, 20.458
4084, 20.506
4085, 20.374
4086, 20.248
4087, 20.096
4088, 20.143
4089, 19.798
4090, 19.96
4091, 20.116
4092, 20.228
4093, 20.258
4094, 20.096
4095, 19.988
4096, 19.96
4097, 20.028
4098, 20.096
4099, 19.998
4100, 19.882
4101, 19.585
4102, 19.75
4103, 19.474
4104, 19.634
4105, 19.24
4106, 18.992
4107, 18.876
4108, 19.223
4109, 19.634
4110, 19.519
4111, 19.565
4112, 19.741
4113, 19.731
4114, 19.644
4115, 19.913
4116, 20.02
4117, 19.594
4118, 19.538
4119, 19.146
4120, 18.874
4121, 19.212
4122, 19.434
4123, 19.375
4124, 19.056
4125, 19.056
4126, 18.99
4127, 19.126
4128, 19.23
4129, 18.884
4130, 18.652
4131, 19.076
4132, 18.999
4133, 19.126
4134, 18.913
4135, 18.856
4136, 19.165
4137, 18.432
4138, 18.701
4139, 19.405
4140, 19.434
4141, 19.99
4142, 19.855
4143, 19.78
4144, 20.04
4145, 19.952
4146, 20.163
4147, 20.298
4148, 20.2
4149, 20.21
4150, 20.817
4151, 21.212
4152, 21.261
4153, 21.481
4154, 21.424
4155, 21.548
4156, 21.501
4157, 21.732
4158, 21.471
4159, 21.404
4160, 21.309
4161, 20.913
4162, 21.202
4163, 20.529
4164, 20.425
4165, 21.309
4166, 21.012
4167, 21.51
4168, 21.837
4169, 22.002
4170, 21.837
4171, 21.886
4172, 22.059
4173, 21.857
4174, 21.46
4175, 21.47
4176, 21.664
4177, 22.059
4178, 22.069
4179, 22.146
4180, 22.088
4181, 22.32
4182, 22.166
4183, 22.31
4184, 22.156
4185, 22.31
4186, 22.33
4187, 22.156
4188, 22.176
4189, 22.107
4190, 21.636
4191, 22.059
4192, 22.146
4193, 22.234
4194, 22.31
4195, 22.33
4196, 22.05
4197, 22.599
4198, 22.436
4199, 21.886
4200, 21.936
4201, 22.079
4202, 21.916
4203, 22.599
4204, 22.977
4205, 22.947
4206, 23.055
4207, 23.197
4208, 23.545
4209, 23.99
4210, 23.555
4211, 23.758
4212, 23.749
4213, 23.972
4214, 23.874
4215, 23.72
4216, 23.429
4217, 23.933
4218, 24.094
4219, 23.963
4220, 24.104
4221, 24.084
4222, 24.356
4223, 24.124
4224, 24.242
4225, 24.036
4226, 24.018
4227, 24.492
4228, 24.405
4229, 24.501
4230, 24.223
4231, 24.483
4232, 24.415
4233, 24.687
4234, 24.627
4235, 24.782
4236, 25.219
4237, 25.219
4238, 25.344
4239, 25.624
4240, 24.84
4241, 24.677
4242, 24.782
4243, 24.81
4244, 24.627
4245, 24.464
4246, 24.213
4247, 24.326
4248, 24.549
4249, 24.83
4250, 24.976
4251, 25.006
4252, 25.17
4253, 24.782
4254, 24.782
4255, 24.512
4256, 24.763
4257, 24.512
4258, 24.326
4259, 23.922
4260, 23.883
4261, 24.464
4262, 24.307
4263, 24.307
4264, 24.203
4265, 24.233
4266, 23.332
4267, 22.751
4268, 22.662
4269, 22.884
4270, 22.362
4271, 22.285
4272, 22.129
4273, 22.479
4274, 22.643
4275, 22.499
4276, 22.294
4277, 21.918
4278, 21.51
4279, 20.493
4280, 20.649
4281, 21.627
4282, 22.159
4283, 22.091
4284, 21.878
4285, 21.538
4286, 21.829
4287, 22.062
4288, 21.763
4289, 22.139
4290, 21.898
4291, 21.918
4292, 22.159
4293, 22.043
4294, 22.362
4295, 22.732
4296, 22.585
4297, 22.178
4298, 22.431
4299, 22.188
4300, 22.256
4301, 22.304
4302, 22.138
4303, 22.023
4304, 22.198
4305, 22.449
4306, 22.342
4307, 22.693
4308, 23.459
4309, 23.286
4310, 23.723
4311, 24.23
4312, 24.285
4313, 24.537
4314, 24.21
4315, 23.938
4316, 24.442
4317, 24.491
4318, 24.781
4319, 24.791
4320, 23.918
4321, 24.557
4322, 24.869
4323, 24.859
4324, 24.714
4325, 25.539
4326, 25.501
4327, 24.937
4328, 24.927
4329, 24.937
4330, 25.091
4331, 24.432
4332, 25.248
4333, 25.111
4334, 25.121
4335, 24.869
4336, 24.24
4337, 23.948
4338, 23.986
4339, 23.788
4340, 23.986
4341, 24.13
4342, 24.324
4343, 24.909
4344, 24.889
4345, 24.966
4346, 25.141
4347, 25.024
4348, 25.402
4349, 24.781
4350, 24.031
4351, 24.762
4352, 24.363
4353, 24.256
4354, 23.858
4355, 23.732
4356, 23.685
4357, 24.665
4358, 25.529
4359, 25.646
4360, 24.956
4361, 24.462
4362, 23.878
4363, 24.619
4364, 24.775
4365, 24.365
4366, 24.502
4367, 24.832
4368, 24.619
4369, 24.257
4370, 23.333
4371, 23.323
4372, 24.072
4373, 23.313
4374, 22.835
4375, 22.902
4376, 22.992
4377, 22.251
4378, 22.942
4379, 22.786
4380, 22.474
4381, 22.62
4382, 22.728
4383, 23.185
4384, 22.397
4385, 23.089
4386, 22.62
4387, 22.718
4388, 23.818
4389, 23.508
4390, 23.595
4391, 24.052
4392, 23.995
4393, 23.381
4394, 23.546
4395, 23.361
4396, 23.294
4397, 23.245
4398, 23.838
4399, 24.257
4400, 24.395
4401, 24.211
4402, 24.062
4403, 24.201
4404, 23.798
4405, 25.387
4406, 25.36
4407, 25.067
4408, 25.125
4409, 25.671
4410, 25.905
4411, 25.837
4412, 25.993
4413, 25.798
4414, 25.456
4415, 25.7
4416, 25.466
4417, 25.818
4418, 25.496
4419, 25.369
4420, 25.565
4421, 26.022
4422, 26.15
4423, 26.208
4424, 26.11
4425, 25.992
4426, 26.021
4427, 26.374
4428, 27.067
4429, 26.881
4430, 27.146
4431, 27.117
4432, 26.16
4433, 25.942
4434, 26.178
4435, 25.886
4436, 25.876
4437, 25.856
4438, 26.178
4439, 26.638
4440, 26.735
4441, 26.95
4442, 26.96
4443, 27.028
4444, 26.823
4445, 26.51
4446, 26.256
4447, 26.021
4448, 26.266
4449, 26.354
4450, 26.11
4451, 25.904
4452, 26.031
4453, 25.748
4454, 25.62
4455, 25.65
4456, 25.65
4457, 26.198
4458, 27.204
4459, 27.184
4460, 27.312
4461, 27.224
4462, 27.107
4463, 26.472
4464, 26.452
4465, 26.314
4466, 26.716
4467, 26.538
4468, 27.36
4469, 27.194
4470, 27.224
4471, 27.508
4472, 27.556
4473, 27.763
4474, 27.673
4475, 27.605
4476, 27.733
4477, 27.673
4478, 27.753
4479, 27.517
4480, 26.765
4481, 26.188
4482, 26.236
4483, 26.031
4484, 26.012
4485, 25.425
4486, 25.62
4487, 25.23
4488, 25.063
4489, 25.7
4490, 24.542
4491, 23.876
4492, 24.091
4493, 24.051
4494, 24.523
4495, 24.651
4496, 24.532
4497, 24.562
4498, 24.592
4499, 25.318
4500, 25.308
4501, 25.564
4502, 26.073
4503, 26.143
4504, 26.053
4505, 26.034
4506, 26.143
4507, 26.288
4508, 26.093
4509, 26.163
4510, 26.083
4511, 26.437
4512, 26.358
4513, 26.191
4514, 26.143
4515, 26.543
4516, 26.113
4517, 26.298
4518, 26.318
4519, 26.868
4520, 26.74
4521, 28.192
4522, 28.723
4523, 28.752
4524, 28.447
4525, 28.879
4526, 28.819
4527, 29.222
4528, 28.948
4529, 28.869
4530, 28.849
4531, 29.007
4532, 29.222
4533, 29.34
4534, 29.114
4535, 29.261
4536, 29.242
4537, 29.261
4538, 29.389
4539, 29.723
4540, 30.016
4541, 30.194
4542, 30.085
4543, 29.084
4544, 29.212
4545, 28.614
4546, 28.329
4547, 28.78
4548, 28.31
4549, 28.545
4550, 28.594
4551, 28.949
4552, 29.528
4553, 29.136
4554, 29.096
4555, 29.254
4556, 29.844
4557, 29.677
4558, 29.933
4559, 29.608
4560, 29.126
4561, 29.066
4562, 29.136
4563, 28.673
4564, 29.116
4565, 28.713
4566, 29.195
4567, 29.214
4568, 29.116
4569, 29.106
4570, 29.49
4571, 29.677
4572, 29.312
4573, 29.214
4574, 29.412
4575, 29.224
4576, 29.106
4577, 28.82
4578, 28.574
4579, 28.733
4580, 27.778
4581, 27.403
4582, 27.788
4583, 27.699
4584, 28.367
4585, 27.925
4586, 25.564
4587, 24.127
4588, 24.373
4589, 23.645
4590, 23.595
4591, 23.782
4592, 24.698
4593, 25.15
4594, 24.973
4595, 25.446
4596, 25.632
4597, 25.436
4598, 25.632
4599, 25.937
4600, 25.455
4601, 24.187
4602, 24.01
4603, 24.835
4604, 24.737
4605, 24.983
4606, 25.515
4607, 25.032
4608, 24.983
4609, 25.091
4610, 24.333
4611, 24.373
4612, 24.127
4613, 24.885
4614, 24.659
4615, 24.659
4616, 24.215
4617, 24.442
4618, 24.491
4619, 24.135
4620, 24.491
4621, 24.253
4622, 24.253
4623, 24.925
4624, 25.261
4625, 25.389
4626, 25.033
4627, 25.29
4628, 25.271
4629, 24.974
4630, 25.369
4631, 25.379
4632, 25.468
4633, 25.379
4634, 25.172
4635, 25.053
4636, 25.468
4637, 25.527
4638, 25.152
4639, 25.172
4640, 24.896
4641, 24.51
4642, 24.452
4643, 24.649
4644, 24.846
4645, 24.471
4646, 24.471
4647, 24.235
4648, 24.539
4649, 24.649
4650, 24.826
4651, 24.689
4652, 23.761
4653, 24.016
4654, 24.235
4655, 24.352
4656, 24.737
4657, 22.347
4658, 22.456
4659, 22.417
4660, 21.607
4661, 21.973
4662, 21.291
4663, 21.35
4664, 20.925
4665, 21.162
4666, 21.005
4667, 20.906
4668, 20.876
4669, 20.906
4670, 21.064
4671, 21.162
4672, 21.093
4673, 20.886
4674, 20.778
4675, 20.293
4676, 20.165
4677, 20.432
4678, 20.293
4679, 20.542
4680, 20.442
4681, 20.472
4682, 20.839
4683, 20.978
4684, 20.522
4685, 20.73
4686, 20.79
4687, 21.038
4688, 21.117
4689, 21.236
4690, 21.216
4691, 21.127
4692, 21.067
4693, 21.206
4694, 21.603
4695, 21.593
4696, 21.97
4697, 21.831
4698, 21.97
4699, 22.307
4700, 22.376
4701, 22.436
4702, 22.327
4703, 22.317
4704, 22.356
4705, 22.376
4706, 22.506
4707, 22.744
4708, 22.783
4709, 24.252
4710, 23.696
4711, 23.746
4712, 23.596
4713, 23.924
4714, 23.814
4715, 23.626
4716, 23.726
4717, 23.804
4718, 23.964
4719, 23.914
4720, 23.864
4721, 23.884
4722, 23.844
4723, 23.924
4724, 24.112
4725, 24.42
4726, 24.509
4727, 24.032
4728, 23.904
4729, 23.706
4730, 23.944
4731, 24.082
4732, 24.568
4733, 24.45
4734, 24.261
4735, 24.102
4736, 24.014
4737, 24.032
4738, 23.894
4739, 23.894
4740, 24.073
4741, 24.143
4742, 24.173
4743, 23.854
4744, 24.103
4745, 23.894
4746, 23.685
4747, 23.984
4748, 23.715
4749, 23.575
4750, 23.844
4751, 23.814
4752, 23.804
4753, 24.073
4754, 23.964
4755, 23.904
4756, 23.794
4757, 23.426
4758, 23.595
4759, 23.954
4760, 23.994
4761, 23.914
4762, 24.193
4763, 23.964
4764, 23.904
4765, 23.755
4766, 23.874
4767, 24.004
4768, 23.735
4769, 23.705
4770, 23.804
4771, 23.476
4772, 23.296
4773, 23.535
4774, 23.247
4775, 23.446
4776, 23.715
4777, 23.306
4778, 23.565
4779, 23.107
4780, 22.828
4781, 22.918
4782, 23.177
4783, 23.107
4784, 23.207
4785, 23.217
4786, 23.316
4787, 23.247
4788, 23.277
4789, 23.406
4790, 23.416
4791, 23.406
4792, 23.595
4793, 23.555
4794, 23.625
4795, 24.014
4796, 24.223
4797, 24.213
4798, 24.243
4799, 24.522
4800, 24.721
4801, 24.9
4802, 24.9
4803, 25.03
4804, 25.48
4805, 25.53
4806, 25.7
4807, 26.01
4808, 25.86
4809, 25.89
4810, 26.65
4811, 26.34
4812, 25.9
4813, 26.03
4814, 25.85
4815, 25.85
4816, 25.95
4817, 25.98
4818, 26.02
4819, 25.89
4820, 25.74
4821, 25.49
4822, 25.76
4823, 25.71
4824, 26.02
4825, 25.79
4826, 26.28
4827, 26.27
4828, 25.83
4829, 25.73
4830, 25.58
4831, 25.73
4832, 25.81
4833, 25.69
4834, 25.29
4835, 25.4
4836, 24.75
4837, 23.3
4838, 23.6
4839, 23.33
