0, 329488800
1, 281462400
2, 238591200
3, 265944000
4, 252919200
5, 244807200
6, 240386400
7, 248246400
8, 267746400
9, 275378400
10, 269356800
11, 264237600
12, 269164800
13, 278971200
14, 272786400
15, 264540000
16, 270139200
17, 270139200
18, 274279200
19, 280219200
20, 277411200
21, 273316800
22, 275541600
23, 275541600
24, 273067200
25, 268708800
26, 264542400
27, 261888000
28, 264828000
29, 264828000
30, 262567200
31, 258768000
32, 261895200
33, 260128800
34, 258883200
35, 256375200
36, 256375200
37, 260268000
38, 256754400
39, 254808000
40, 250473600
41, 253200000
42, 247447200
43, 245328000
44, 242006400
45, 236414400
46, 240559200
47, 243564000
48, 246189600
49, 245469600
50, 245469600
51, 243955200
52, 236455200
53, 240650400
54, 243009600
55, 242011200
56, 240523200
57, 239757600
58, 239757600
59, 237537600
60, 231559200
61, 235154400
62, 236860800
63, 238886400
64, 242685600
65, 244632000
66, 244632000
67, 243376800
68, 242145600
69, 240151200
70, 239169600
71, 240501600
72, 241168800
73, 240722400
74, 241524000
75, 242575200
76, 244070400
77, 244070400
78, 244070400
79, 243196800
80, 242217600
81, 244005600
82, 242085600
83, 241140000
84, 251685600
85, 256567200
86, 255266400
87, 254320800
88, 254320800
89, 253819200
90, 253012800
91, 254937600
92, 253876800
93, 253876800
94, 255897600
95, 261177600
96, 259152000
97, 258127200
98, 257085600
99, 257085600
100, 256852800
101, 256852800
102, 257752800
103, 256740000
104, 258045600
105, 259519200
106, 262754400
107, 262754400
108, 265435200
109, 263424000
110, 265231200
111, 272704800
112, 267343200
113, 263469600
114, 261362400
115, 261362400
116, 261362400
117, 260440800
118, 256320000
119, 262185600
120, 266512800
121, 264393600
122, 265240800
123, 262862400
124, 265344000
125, 256651200
126, 259159200
127, 265732800
128, 265732800
129, 262994400
130, 266580000
131, 266580000
132, 264307200
133, 262332000
134, 260810400
135, 259538400
136, 257517600
137, 258122400
138, 257414400
139, 256440000
140, 254678400
141, 254280000
142, 253264800
143, 250224000
144, 248445600
145, 249499200
146, 251690400
147, 254145600
148, 253300800
149, 251880000
150, 250195200
151, 251520000
152, 249760800
153, 247500000
154, 247500000
155, 245827200
156, 247046400
157, 253788000
158, 250334400
159, 249220800
160, 250072800
161, 248920800
162, 258040800
163, 256296000
164, 264504000
165, 258864000
166, 262819200
167, 260227200
168, 257527200
169, 260498400
170, 260498400
171, 258496800
172, 256735200
173, 262353600
174, 260232000
175, 255232800
176, 258864000
177, 259711200
178, 258156000
179, 260035200
180, 258528000
181, 254556000
182, 257236800
183, 259430400
184, 266162400
185, 271288800
186, 268336800
187, 273304800
188, 270626400
189, 288885600
190, 283456800
191, 334228800
192, 354556800
193, 379029600
194, 415276800
195, 445812000
196, 445812000
197, 473947200
198, 445838400
199, 487418400
200, 459993600
201, 477825600
202, 499260000
203, 492252000
204, 508411200
205, 494719200
206, 487164000
207, 475569600
208, 456744000
209, 447388800
210, 460200000
211, 488774400
212, 506414400
213, 495727200
214, 484939200
215, 475274400
216, 467980800
217, 461640000
218, 451572000
219, 465338400
220, 453180000
221, 448154400
222, 439243200
223, 428344800
224, 420796800
225, 408655200
226, 395822400
227, 402163200
228, 398563200
229, 391509600
230, 383529600
231, 369931200
232, 381463200
233, 356414400
234, 344788800
235, 365980800
236, 395829600
237, 368688000
238, 368688000
239, 358236000
240, 368829600
241, 360943200
242, 355236000
243, 361536000
244, 369055200
245, 359973600
246, 377522400
247, 400850400
248, 390268800
249, 415828800
250, 380942400
251, 402088800
252, 391387200
253, 377152800
254, 377152800
255, 387600000
256, 377272800
257, 364300800
258, 336921600
259, 350503200
260, 332541600
261, 325968000
262, 338059200
263, 359006400
264, 382051200
265, 382051200
266, 395409600
267, 411816000
268, 392491200
269, 409118400
270, 417117600
271, 407524800
272, 397905600
273, 372806400
274, 372806400
275, 383853600
276, 396225600
277, 402753600
278, 409672800
279, 424377600
280, 418452000
281, 421200000
282, 424147200
283, 429487200
284, 429487200
285, 439233600
286, 442572000
287, 440191200
288, 437505600
289, 439557600
290, 433329600
291, 439478400
292, 439478400
293, 422030400
294, 427809600
295, 431222400
296, 447189600
297, 452623200
298, 444535200
299, 450093600
300, 472958400
301, 455071200
302, 461623200
303, 461623200
304, 456458400
305, 448027200
306, 462206400
307, 458114400
308, 452148000
309, 447679200
310, 462146400
311, 479515200
312, 517120800
313, 473020800
314, 488469600
315, 513463200
316, 547428000
317, 535881600
318, 523075200
319, 523075200
320, 534367200
321, 546225600
322, 538766400
323, 523519200
324, 532814400
325, 528892800
326, 533532000
327, 581056800
328, 614918400
329, 594878400
330, 581966400
331, 593284800
332, 600360000
333, 591912000
334, 605426400
335, 586872000
336, 576067200
337, 557692800
338, 552060000
339, 542985600
340, 561144000
341, 581402400
342, 603196800
343, 592701600
344, 580207200
345, 590635200
346, 584608800
347, 584608800
348, 609427200
349, 623133600
350, 633786400
351, 645360800
352, 654663200
353, 671308000
354, 692498400
355, 710120800
356, 733303200
357, 767285600
358, 744343200
359, 712660000
360, 750292000
361, 729540000
362, 741922400
363, 766314400
364, 784162400
365, 769256800
366, 781944800
367, 767108000
368, 777410400
369, 784111200
370, 780332000
371, 794848800
372, 817591200
373, 837199200
374, 852616800
375, 836709600
376, 868741600
377, 834759200
378, 815844000
379, 797719200
380, 797719200
381, 809309600
382, 788112800
383, 763236000
384, 783485600
385, 796930400
386, 810978400
387, 795764000
388, 779951200
389, 744893600
390, 796796000
391, 766586400
392, 784252000
393, 798431200
394, 811554400
395, 837047200
396, 876464800
397, 847352800
398, 824240800
399, 810485600
400, 789655200
401, 764309600
402, 793624800
403, 818359200
404, 843519200
405, 820924000
406, 807799200
407, 832208800
408, 819541600
409, 799378400
410, 829095200
411, 837949600
412, 840144800
413, 856748000
414, 841151200
415, 850591200
416, 850591200
417, 876524000
418, 907408800
419, 879871200
420, 865084000
421, 847626400
422, 862223200
423, 847775200
424, 861392800
425, 850429600
426, 837621600
427, 867412000
428, 891317600
429, 914215200
430, 907970400
431, 917640800
432, 932775200
433, 949300000
434, 933772000
435, 915904800
436, 889279200
437, 917994400
438, 902191200
439, 924023200
440, 893695200
441, 931970400
442, 984791200
443, 1011536800
444, 983576800
445, 983576800
446, 948448800
447, 930058400
448, 918866400
449, 908087200
450, 897477600
451, 897477600
452, 867812000
453, 901026400
454, 933732000
455, 958335200
456, 924362400
457, 910572000
458, 892100000
459, 906570400
460, 889984800
461, 910852000
462, 922864800
463, 922864800
464, 909532000
465, 898066400
466, 886674400
467, 900186400
468, 912759200
469, 901488800
470, 887216800
471, 907376800
472, 947181600
473, 1047221600
474, 1047221600
475, 1024981600
476, 1002069600
477, 1055266400
478, 1107439200
479, 1173749600
480, 1068474400
481, 1002213600
482, 932421600
483, 963909600
484, 988940000
485, 974527200
486, 1016159200
487, 982332000
488, 964221600
489, 953351200
490, 981706400
491, 1019916000
492, 1047816800
493, 1076816800
494, 1107608800
495, 1088418400
496, 1127493600
497, 1192498400
498, 1133871200
499, 1086688800
500, 1004772000
501, 1098199200
502, 1275069600
503, 1160940000
504, 1238895200
505, 1279522400
506, 1426532000
507, 1332562400
508, 1399674400
509, 1348517600
510, 1290935200
511, 1207872800
512, 1286440800
513, 1218528800
514, 1293885600
515, 1254824800
516, 1290639200
517, 1270098400
518, 1285855200
519, 1262255200
520, 1239637600
521, 1266205600
522, 1292658400
523, 1265400800
524, 1299205600
525, 1359383200
526, 1301360800
527, 1275746400
528, 1242114400
529, 1265882400
530, 1249839200
531, 1268248800
532, 1252516000
533, 1205981600
534, 1309546400
535, 1261916000
536, 1225668000
537, 1152864800
538, 1267144800
539, 1195588000
540, 1245476000
541, 1282663200
542, 1315975200
543, 1411703200
544, 1342580000
545, 1393983200
546, 1345511200
547, 1399498400
548, 1463335200
549, 1594047200
550, 1512274400
551, 1571424800
552, 1652776800
553, 1775324000
554, 1871498400
555, 1970711200
556, 1902818400
557, 1953986400
558, 2017280800
559, 2091301600
560, 2210528800
561, 2427293600
562, 2228853600
563, 2003976800
564, 1796412000
565, 1683461600
566, 1769226400
567, 1709951200
568, 1673226400
569, 1725013600
570, 1678570400
571, 1742508000
572, 1627277600
573, 1695335200
574, 1651732000
575, 1563946400
576, 1647551200
577, 1585711200
578, 1519023200
579, 1615552800
580, 1551756000
581, 1516942400
582, 1474842400
583, 1420700000
584, 1457684000
585, 1509382400
586, 1544315200
587, 1493451200
588, 1535636000
589, 1508833600
590, 1483455200
591, 1503721600
592, 1545964000
593, 1512688800
594, 1536588800
595, 1505616000
596, 1527531200
597, 1508131200
598, 1486064800
599, 1446920000
600, 1384804000
601, 1307742400
602, 1404307200
603, 1482607200
604, 1418887200
605, 1452589600
606, 1507593600
607, 1469411200
608, 1408200000
609, 1408200000
610, 1443624000
611, 1477557600
612, 1575281600
613, 1471812800
614, 1511977600
615, 1573940000
616, 1662108800
617, 1783830400
618, 1664261600
619, 1744357600
620, 1829388000
621, 1917052000
622, 1833314400
623, 1710410400
624, 1846036800
625, 1715743200
626, 1592290400
627, 1454663200
628, 1281663200
629, 1355965600
630, 1459232800
631, 1407372800
632, 1466986400
633, 1538277600
634, 1483579200
635, 1525906400
636, 1477736000
637, 1512778400
638, 1573180800
639, 1573180800
640, 1614089600
641, 1566784800
642, 1609172000
643, 1650630400
644, 1611025600
645, 1693285600
646, 1604704000
647, 1680061600
648, 1762563200
649, 1801747200
650, 1875709600
651, 1979804800
652, 1883364800
653, 1960196000
654, 1900896000
655, 1948267200
656, 2014192000
657, 2094298400
658, 2011071200
659, 2085662400
660, 2177696000
661, 2045447200
662, 1988788800
663, 2005433600
664, 1949207200
665, 2047920800
666, 1984663200
667, 1917047200
668, 1990423200
669, 2020892000
670, 2071654400
671, 2008336000
672, 1960383200
673, 2003039200
674, 1962921600
675, 1995430400
676, 2051470400
677, 2105515200
678, 2143204000
679, 2212017600
680, 2148382400
681, 2178302400
682, 2168915200
683, 2229362400
684, 2187942400
685, 2128884000
686, 2091324000
687, 2125195200
688, 2169122400
689, 2240616000
690, 2317769600
691, 2379300800
692, 2459502400
693, 2355404000
694, 2258280000
695, 2201584800
696, 2117660800
697, 2152339200
698, 2109019200
699, 2019830400
700, 2092879200
701, 2141964000
702, 2208208000
703, 2154160800
704, 2206623200
705, 2172820800
706, 2132956800
707, 2083652800
708, 2128721600
709, 2080156800
710, 2129284000
711, 2090961600
712, 2049268400
713, 2097260400
714, 2129972800
715, 2105082800
716, 2046768400
717, 2008102800
718, 1972844000
719, 2006626000
720, 2040198000
721, 2085559200
722, 2049779200
723, 2082718400
724, 2053358400
725, 2092594800
726, 2062937200
727, 2088160800
728, 2064877200
729, 2096952800
730, 2133306400
731, 2107642000
732, 2129953200
733, 2164714000
734, 2145869600
735, 2159792000
736, 2147646800
737, 2136082400
738, 2149118000
739, 2135096000
740, 2118826800
741, 2098186000
742, 2120994800
743, 2153574000
744, 2130406400
745, 2146172800
746, 2108141600
747, 2075944800
748, 2116463600
749, 2198531600
750, 2098418400
751, 2028744800
752, 1972262800
753, 1996432000
754, 1956445600
755, 1985702400
756, 1959724800
757, 2005151200
758, 1981710000
759, 1939676800
760, 1981763600
761, 2006380400
762, 2031702800
763, 2051635200
764, 2065570800
765, 2045436400
766, 2026634400
767, 2052578000
768, 2037628800
769, 2017191200
770, 1992071200
771, 2031397600
772, 2008029600
773, 1980424400
774, 2006364400
775, 2049364400
776, 2026631200
777, 2008102000
778, 1984322000
779, 2010494400
780, 1991636400
781, 2008350800
782, 1997775200
783, 1982854000
784, 1952840800
785, 1915014400
786, 1968003200
787, 1937272400
788, 1965945600
789, 1934544800
790, 1979588400
791, 1949372000
792, 1985526400
793, 2022367200
794, 1995161600
795, 2019003600
796, 1998267200
797, 1972309600
798, 1921491600
799, 1971508000
800, 2030641600
801, 2079500800
802, 2096954400
803, 2146966400
804, 2096114000
805, 2138457600
806, 2110366400
807, 2088714400
808, 2127226400
809, 2172722800
810, 2232073600
811, 2278844400
812, 2308440800
813, 2245423200
814, 2178374400
815, 2110516800
816, 2082042400
817, 2034591600
818, 2081975200
819, 2118964000
820, 2094542800
821, 2074010400
822, 2048550400
823, 2024211200
824, 2056980000
825, 2017642400
826, 2036831600
827, 1995129200
828, 1955688400
829, 2002616400
830, 1959998800
831, 1934827600
832, 1910255200
833, 1849317600
834, 1803556400
835, 1896805600
836, 1838369200
837, 1807402400
838, 1867178800
839, 1914304400
840, 1946115200
841, 1970607200
842, 1991376400
843, 2020905600
844, 2062398000
845, 2031258800
846, 2051354000
847, 2093517200
848, 2140443600
849, 2165525600
850, 2141883600
851, 2121701200
852, 2104504400
853, 2146792400
854, 2128814400
855, 2106905200
856, 2139946400
857, 2139946400
858, 2122168800
859, 2163266400
860, 2204444400
861, 2175909200
862, 2201051200
863, 2174298800
864, 2199430800
865, 2179710800
866, 2199830800
867, 2243304400
868, 2290635600
869, 2224433200
870, 2280664000
871, 2242394000
872, 2275190800
873, 2248463200
874, 2271654000
875, 2246978800
876, 2212645200
877, 2264699600
878, 2300664000
879, 2400667600
880, 2438050800
881, 2367483200
882, 2321867600
883, 2276413200
884, 2318607600
885, 2274024400
886, 2307749600
887, 2343627200
888, 2373196400
889, 2411694400
890, 2391168800
891, 2406174000
892, 2418376400
893, 2403833200
894, 2432958800
895, 2462384400
896, 2484529600
897, 2468310800
898, 2486514400
899, 2509355200
900, 2528871600
901, 2568346800
902, 2538583600
903, 2565436800
904, 2549534400
905, 2567456800
906, 2591151200
907, 2607577600
908, 2623632800
909, 2640984800
910, 2663794800
911, 2637819200
912, 2660498400
913, 2652442800
914, 2633906400
915, 2609662800
916, 2662444800
917, 2701695600
918, 2741746400
919, 2806160800
920, 3071515200
921, 2971872000
922, 3017562000
923, 3055757600
924, 3032956400
925, 3004156400
926, 2971017200
927, 2990899200
928, 3011558000
929, 3039091200
930, 3079538800
931, 3114116800
932, 3095632400
933, 3133811600
934, 3112906000
935, 3124671200
936, 3149650400
937, 3159787200
938, 3198273600
939, 3128388400
940, 3045174000
941, 2973860800
942, 3022882800
943, 3083918000
944, 3008155600
945, 2934044400
946, 2866280000
947, 2915531200
948, 2884810400
949, 2916610400
950, 2885244000
951, 2885244000
952, 2859909600
953, 2894513200
954, 2875106800
955, 2894341200
956, 2857676000
957, 2893515200
958, 2868818400
959, 2895639200
960, 2934706800
961, 2900881600
962, 2921759600
963, 2951604800
964, 2927664000
965, 2945656000
966, 2926476000
967, 2911307200
968, 2932632200
969, 2919811600
970, 2932254400
971, 2917608400
972, 2899910200
973, 2921105600
974, 2937615000
975, 2926186800
976, 2907766400
977, 2894079200
978, 2882420200
979, 2870188600
980, 2885167400
981, 2910737400
982, 2893388600
983, 2910631200
984, 2928039000
985, 2917628600
986, 2905588200
987, 2889814800
988, 2872169400
989, 2889223800
990, 2900448400
991, 2910855600
992, 2936095600
993, 2967482800
994, 2952769400
995, 2967481600
996, 2984772600
997, 2971936600
998, 2950396600
999, 2918655000
1000, 2940341200
1001, 2921016800
1002, 2963550000
1003, 2936171600
1004, 2880175400
1005, 2855214800
1006, 2830354800
1007, 2801493600
1008, 2831198200
1009, 2803173800
1010, 2764703200
1011, 2720229800
1012, 2745099200
1013, 2726769800
1014, 2713668800
1015, 2691685600
1016, 2716851200
1017, 2700176200
1018, 2720142800
1019, 2735056600
1020, 2749316000
1021, 2735647600
1022, 2721263000
1023, 2734263000
1024, 2742646400
1025, 2734677000
1026, 2721011600
1027, 2739791200
1028, 2754755600
1029, 2769616600
1030, 2781215400
1031, 2801585800
1032, 2822429600
1033, 2807209000
1034, 2778946400
1035, 2810949000
1036, 2793042200
1037, 2815776600
1038, 2796982800
1039, 2784319400
1040, 2802061200
1041, 2773699600
1042, 2790281200
1043, 2812472800
1044, 2830443400
1045, 2816501800
1046, 2837168600
1047, 2819657600
1048, 2810926000
1049, 2799199400
1050, 2814161200
1051, 2814161200
1052, 2824768800
1053, 2838518200
1054, 2823977000
1055, 2844683800
1056, 2828854200
1057, 2812069600
1058, 2793958600
1059, 2770535800
1060, 2791113600
1061, 2778045400
1062, 2765859800
1063, 2774932400
1064, 2779713000
1065, 2771068400
1066, 2782778400
1067, 2757257800
1068, 2734151200
1069, 2672389400
1070, 2746512800
1071, 2726044000
1072, 2744393400
1073, 2759880000
1074, 2744745400
1075, 2765615400
1076, 2785195800
1077, 2774587000
1078, 2761663800
1079, 2774411400
1080, 2763322400
1081, 2751427000
1082, 2737403000
1083, 2748483600
1084, 2739695800
1085, 2730404200
1086, 2742629600
1087, 2753470800
1088, 2762974800
1089, 2754013800
1090, 2745864800
1091, 2738998200
1092, 2731553200
1093, 2739697600
1094, 2732995000
1095, 2744157800
1096, 2733109400
1097, 2718191200
1098, 2733900000
1099, 2715407400
1100, 2730024000
1101, 2749670000
1102, 2735765600
1103, 2696684600
1104, 2669497400
1105, 2684555800
1106, 2673458000
1107, 2637977600
1108, 2665522000
1109, 2646428600
1110, 2610904000
1111, 2573911200
1112, 2591477800
1113, 2604392800
1114, 2593272200
1115, 2604338800
1116, 2590997200
1117, 2579352800
1118, 2588996800
1119, 2605958000
1120, 2597348000
1121, 2609376800
1122, 2599227800
1123, 2585088800
1124, 2525086000
1125, 2552650000
1126, 2538759000
1127, 2513636400
1128, 2487948200
1129, 2506733200
1130, 2487038200
1131, 2463715600
1132, 2489717200
1133, 2451153400
1134, 2358907200
1135, 2295465400
1136, 2351818800
1137, 2320778400
1138, 2261868800
1139, 2321760600
1140, 2356096000
1141, 2330503200
1142, 2346282800
1143, 2322673200
1144, 2302512800
1145, 2322318800
1146, 2307519400
1147, 2290619000
1148, 2313637200
1149, 2348163400
1150, 2377380200
1151, 2397763000
1152, 2383505400
1153, 2397400800
1154, 2381383000
1155, 2354661400
1156, 2335456000
1157, 2316111000
1158, 2330081400
1159, 2313883800
1160, 2300303400
1161, 2278777800
1162, 2260324600
1163, 2210368600
1164, 2167183600
1165, 2186887400
1166, 2162038600
1167, 2132641800
1168, 2167692200
1169, 2201640600
1170, 2161461000
1171, 2131453400
1172, 2162176600
1173, 2129605600
1174, 2074460200
1175, 2074460200
1176, 2003410800
1177, 2082695400
1178, 2049054800
1179, 2028143800
1180, 2068596400
1181, 2036888800
1182, 2000750600
1183, 1955886200
1184, 1928083600
1185, 1956435200
1186, 1993980600
1187, 1971932200
1188, 1996315000
1189, 1975414000
1190, 1953464000
1191, 2003410000
1192, 1968351600
1193, 1941480000
1194, 1915311800
1195, 1958418600
1196, 2012725200
1197, 1879794600
1198, 1930379000
1199, 1962448600
1200, 2029398200
1201, 2087326600
1202, 2046335600
1203, 2071855200
1204, 2106640200
1205, 2163943400
1206, 2119689000
1207, 2095225000
1208, 2114054600
1209, 2095269600
1210, 2072800600
1211, 2052680000
1212, 2030854600
1213, 2050307800
1214, 2071066600
1215, 2051524000
1216, 2023228600
1217, 2000197400
1218, 2018300000
1219, 1996526200
1220, 2019350000
1221, 2059719000
1222, 2040422400
1223, 2013841400
1224, 1990340800
1225, 1944170200
1226, 1972334200
1227, 1997035200
1228, 1977072600
1229, 1997423600
1230, 2019284000
1231, 1997799000
1232, 2015319400
1233, 2036100600
1234, 2025591200
1235, 1906858400
1236, 1878749000
1237, 1845902800
1238, 1816132400
1239, 1794935200
1240, 1778551200
1241, 1753878600
1242, 1771404000
1243, 1747870800
1244, 1732685800
1245, 1753295400
1246, 1735288200
1247, 1722782000
1248, 1744191600
1249, 1726001000
1250, 1743928800
1251, 1764117000
1252, 1744964200
1253, 1715162400
1254, 1745325600
1255, 1796575000
1256, 1765593200
1257, 1784073600
1258, 1824049600
1259, 1787005400
1260, 1821189800
1261, 1855914000
1262, 1820511200
1263, 1857898000
1264, 1884303400
1265, 1858389400
1266, 1837823200
1267, 1858347200
1268, 1872894400
1269, 1858222400
1270, 1873481800
1271, 1894501000
1272, 1915396600
1273, 1951055800
1274, 1931423000
1275, 1906512800
1276, 1892698600
1277, 1877323400
1278, 1860171400
1279, 1847680000
1280, 1838491800
1281, 1828659000
1282, 1845536400
1283, 1865050000
1284, 1883571800
1285, 1873208600
1286, 1897134200
1287, 1927424000
1288, 1912361000
1289, 1929676000
1290, 1921969000
1291, 1906543600
1292, 1890370400
1293, 1908958000
1294, 1926903200
1295, 1951063600
1296, 1965213400
1297, 1948978400
1298, 1933688000
1299, 1922648400
1300, 1909052600
1301, 1924689400
1302, 1912431400
1303, 1895861000
1304, 1878626200
1305, 1866980200
1306, 1886548000
1307, 1908519600
1308, 1886730000
1309, 1873819600
1310, 1907653600
1311, 1880065200
1312, 1858863200
1313, 1875020800
1314, 1886901800
1315, 1900964200
1316, 1893612800
1317, 1874589000
1318, 1855270800
1319, 1869605800
1320, 1856678600
1321, 1806447400
1322, 1838437400
1323, 1819011200
1324, 1795429000
1325, 1811163200
1326, 1790499200
1327, 1806825600
1328, 1824220000
1329, 1812391800
1330, 1800560200
1331, 1790382400
1332, 1802166400
1333, 1814782200
1334, 1806280600
1335, 1796812200
1336, 1810847400
1337, 1818379000
1338, 1810901400
1339, 1803640800
1340, 1796049400
1341, 1786040600
1342, 1770016200
1343, 1751373800
1344, 1761755600
1345, 1744444200
1346, 1722488000
1347, 1737279200
1348, 1728229600
1349, 1737992200
1350, 1725402400
1351, 1743611400
1352, 1727955000
1353, 1741266000
1354, 1726220600
1355, 1711950200
1356, 1690370600
1357, 1666582600
1358, 1682249600
1359, 1663643800
1360, 1639529200
1361, 1669500400
1362, 1651708600
1363, 1681271400
1364, 1646313200
1365, 1625419800
1366, 1600877800
1367, 1584774600
1368, 1558849800
1369, 1574388600
1370, 1598063600
1371, 1582315600
1372, 1611388800
1373, 1598277000
1374, 1612298600
1375, 1622545000
1376, 1646406000
1377, 1682269200
1378, 1669848800
1379, 1683973200
1380, 1671726800
1381, 1698344200
1382, 1756609600
1383, 1726670400
1384, 1726670400
1385, 1740518200
1386, 1716840000
1387, 1702206400
1388, 1715318000
1389, 1727145000
1390, 1706551600
1391, 1719016800
1392, 1739770400
1393, 1727938200
1394, 1713139200
1395, 1698967600
1396, 1687690400
1397, 1702316400
1398, 1691638400
1399, 1706775200
1400, 1730222400
1401, 1759251400
1402, 1736319400
1403, 1754682200
1404, 1739172200
1405, 1754509800
1406, 1784049800
1407, 1753219200
1408, 1785190000
1409, 1802676200
1410, 1775900000
1411, 1792317400
1412, 1801517600
1413, 1846848200
1414, 1803286000
1415, 1777715600
1416, 1810845800
1417, 1785686800
1418, 1808628600
1419, 1831086200
1420, 1871807200
1421, 1933320200
1422, 1900771000
1423, 1923876800
1424, 1953159200
1425, 1984372400
1426, 1961451200
1427, 1941345600
1428, 1956794000
1429, 1972379200
1430, 1958726000
1431, 1938137600
1432, 1961890200
1433, 1957695800
1434, 1983023200
1435, 1998666600
1436, 2023984000
1437, 2005156200
1438, 2027059800
1439, 2050727800
1440, 2026677600
1441, 2056194000
1442, 2037172800
1443, 2075307200
1444, 2096392000
1445, 2081903800
1446, 2059955400
1447, 2076054600
1448, 2036088800
1449, 2095932200
1450, 2060089400
1451, 2031098800
1452, 2052664000
1453, 2023386600
1454, 2043637200
1455, 2055951600
1456, 2035842000
1457, 1998523400
1458, 2013955000
1459, 2000094800
1460, 1982267400
1461, 1982267400
1462, 2007442600
1463, 1985950400
1464, 2004507200
1465, 1991659400
1466, 1981958200
1467, 2006881000
1468, 1993140400
1469, 1978055400
1470, 1953188400
1471, 1978353600
1472, 1958051600
1473, 1976243600
1474, 1996063400
1475, 1979096400
1476, 1962487200
1477, 1945755000
1478, 1979240400
1479, 2011676600
1480, 2040483000
1481, 2063886200
1482, 2047267600
1483, 2066324400
1484, 2100419600
1485, 2071269200
1486, 2054922600
1487, 2066743000
1488, 2040161800
1489, 2055240800
1490, 2044455600
1491, 2034202000
1492, 2054660800
1493, 2041417400
1494, 2030951800
1495, 2014715200
1496, 2025967600
1497, 2036100000
1498, 2048973600
1499, 2034469600
1500, 2020375600
1501, 2005224400
1502, 2023377800
1503, 2049803600
1504, 2028165800
1505, 1995142600
1506, 1926873600
1507, 1950054600
1508, 1931706000
1509, 1902068600
1510, 1924797400
1511, 1907840000
1512, 1889680200
1513, 1869699400
1514, 1884214800
1515, 1911168800
1516, 1894554600
1517, 1913642200
1518, 1897839000
1519, 1919028800
1520, 1945804400
1521, 1924375800
1522, 1911736600
1523, 1896687600
1524, 1909456400
1525, 1930814600
1526, 1952852200
1527, 1935232200
1528, 1949450600
1529, 1974372200
1530, 1995655800
1531, 2009763200
1532, 1997499000
1533, 1983236200
1534, 1973327600
1535, 1956353400
1536, 1970921200
1537, 1962028600
1538, 1952059000
1539, 1962918600
1540, 1953915800
1541, 1942430600
1542, 1930130800
1543, 1945477600
1544, 1957455000
1545, 1943834000
1546, 1928137400
1547, 1918386200
1548, 1929374600
1549, 1912049400
1550, 1922429200
1551, 1908569400
1552, 1922941600
1553, 1911533000
1554, 1897767200
1555, 1883510400
1556, 1865622200
1557, 1845820400
1558, 1815889800
1559, 1842965200
1560, 1842965200
1561, 1856689400
1562, 1840704400
1563, 1806648400
1564, 1831918800
1565, 1841459400
1566, 1820199000
1567, 1801633600
1568, 1757877000
1569, 1838051600
1570, 1873567600
1571, 1912838400
1572, 1947214600
1573, 1978798600
1574, 1957432000
1575, 1937676400
1576, 1911397000
1577, 1887307600
1578, 1918063200
1579, 1878871600
1580, 1903492000
1581, 1920659200
1582, 1939822400
1583, 1925415600
1584, 1908817800
1585, 1890894400
1586, 1874539800
1587, 1889810800
1588, 1872951800
1589, 1886054800
1590, 1886054800
1591, 1895199800
1592, 1874970400
1593, 1894814200
1594, 1908592600
1595, 1893769600
1596, 1918881400
1597, 1902373200
1598, 1881432800
1599, 1860422000
1600, 1842883800
1601, 1819922200
1602, 1794917400
1603, 1739127200
1604, 1810121400
1605, 1833948800
1606, 1807555600
1607, 1834192200
1608, 1814973800
1609, 1832451200
1610, 1851428600
1611, 1870799000
1612, 1885864800
1613, 1865735400
1614, 1879466800
1615, 1869867600
1616, 1859714400
1617, 1859714400
1618, 1850067000
1619, 1862838200
1620, 1846221800
1621, 1828192800
1622, 1852659000
1623, 1888779400
1624, 1888779400
1625, 1867515200
1626, 1885794000
1627, 1868005000
1628, 1855939400
1629, 1844922600
1630, 1834304800
1631, 1850419800
1632, 1889042400
1633, 2014608200
1634, 2080198200
1635, 2145422400
1636, 2220626600
1637, 2266121200
1638, 2220620800
1639, 2250751200
1640, 2215113400
1641, 2185881600
1642, 2215693200
1643, 2180658200
1644, 2156570800
1645, 2135770800
1646, 2116069800
1647, 2134743000
1648, 2114212200
1649, 2133246200
1650, 2178744800
1651, 2203712800
1652, 2253752800
1653, 2208562800
1654, 2226738200
1655, 2210950000
1656, 2227537000
1657, 2205634800
1658, 2226991000
1659, 2256207000
1660, 2275889600
1661, 2254080400
1662, 2275665000
1663, 2302683400
1664, 2319484800
1665, 2319484800
1666, 2301436600
1667, 2314269000
1668, 2305599400
1669, 2289624200
1670, 2274655800
1671, 2253601000
1672, 2243541800
1673, 2253445200
1674, 2240901400
1675, 2257157800
1676, 2267356400
1677, 2293144400
1678, 2261665600
1679, 2243078200
1680, 2258797600
1681, 2245629000
1682, 2224428800
1683, 2242676200
1684, 2257110600
1685, 2250787200
1686, 2241341000
1687, 2232117600
1688, 2220912800
1689, 2212151800
1690, 2231792200
1691, 2246882800
1692, 2268092200
1693, 2296184800
1694, 2276940200
1695, 2292886600
1696, 2319009200
1697, 2291081600
1698, 2307142200
1699, 2262531200
1700, 2204111800
1701, 2182073200
1702, 2161951600
1703, 2185008200
1704, 2203101600
1705, 2179633200
1706, 2160768600
1707, 2178399400
1708, 2194526200
1709, 2184125200
1710, 2197411200
1711, 2187824600
1712, 2175903200
1713, 2188890000
1714, 2199560000
1715, 2185439800
1716, 2195926200
1717, 2210822000
1718, 2198454000
1719, 2171756200
1720, 2187657800
1721, 2204734200
1722, 2191881800
1723, 2205739800
1724, 2218457000
1725, 2208766600
1726, 2220590800
1727, 2204963400
1728, 2219857000
1729, 2243314000
1730, 2217102400
1731, 2196173400
1732, 2208452400
1733, 2186887200
1734, 2207607400
1735, 2195744600
1736, 2183724800
1737, 2197408200
1738, 2221026600
1739, 2239316600
1740, 2281430600
1741, 2255640600
1742, 2280443600
1743, 2309879200
1744, 2346090400
1745, 2312311400
1746, 2347685800
1747, 2385261600
1748, 2349013200
1749, 2327092600
1750, 2299695400
1751, 2252190200
1752, 2289273600
1753, 2317073860
1754, 2267334164
1755, 2231711708
1756, 2206265154
1757, 2157056018
1758, 2230154594
1759, 2274302018
1760, 2243555320
1761, 2271481440
1762, 2243786542
1763, 2265983368
1764, 2288813072
1765, 2311516620
1766, 2286619346
1767, 2268202544
1768, 2244203502
1769, 2263770548
1770, 2247736982
1771, 2231513528
1772, 2214017636
1773, 2231538074
1774, 2213560316
1775, 2233536804
1776, 2219210446
1777, 2235592752
1778, 2220626434
1779, 2243293536
1780, 2284214940
1781, 2259638630
1782, 2279030414
1783, 2299343706
1784, 2267267576
1785, 2302165640
1786, 2282587526
1787, 2299587616
1788, 2330014550
1789, 2374811298
1790, 2348428160
1791, 2370755780
1792, 2338656536
1793, 2304097080
1794, 2262057344
1795, 2304943448
1796, 2285770146
1797, 2242867082
1798, 2206583934
1799, 2226998500
1800, 2266375316
1801, 2292951670
1802, 2271769380
1803, 2310680316
1804, 2337887038
1805, 2370817782
1806, 2342939480
1807, 2368900804
1808, 2351373268
1809, 2329454178
1810, 2329454178
1811, 2357680236
1812, 2331740020
1813, 2353240352
1814, 2373557928
1815, 2393029862
1816, 2408931876
1817, 2434485202
1818, 2402107964
1819, 2449115992
1820, 2380509544
1821, 2343362344
1822, 2403876472
1823, 2430386228
1824, 2411273746
1825, 2384965028
1826, 2358455664
1827, 2390602772
1828, 2415698348
1829, 2436029934
1830, 2471837878
1831, 2447150070
1832, 2433338238
1833, 2416378950
1834, 2399038066
1835, 2416605158
1836, 2432570724
1837, 2414176432
1838, 2397502796
1839, 2365188630
1840, 2344223930
1841, 2361376838
1842, 2344302928
1843, 2365476292
1844, 2346559834
1845, 2359225010
1846, 2368651132
1847, 2388808026
1848, 2416278802
1849, 2400331548
1850, 2425672746
1851, 2404795702
1852, 2415000336
1853, 2415000336
1854, 2426984130
1855, 2416296246
1856, 2432432428
1857, 2459958460
1858, 2437519334
1859, 2468370114
1860, 2502174826
1861, 2524279478
1862, 2477209170
1863, 2448823976
1864, 2474973112
1865, 2497898052
1866, 2484907692
1867, 2509450526
1868, 2534725108
1869, 2570314524
1870, 2546700560
1871, 2523572058
1872, 2555329112
1873, 2523726786
1874, 2496184882
1875, 2471635912
1876, 2495100200
1877, 2473897252
1878, 2509189808
1879, 2539251122
1880, 2573108674
1881, 2593262666
1882, 2549272534
1883, 2502180518
1884, 2612836918
1885, 2648932774
1886, 2623724684
1887, 2602219908
1888, 2575467534
1889, 2594834144
1890, 2621169974
1891, 2638285532
1892, 2660827736
1893, 2636794584
1894, 2601850104
1895, 2630641802
1896, 2648132766
1897, 2674060256
1898, 2701845272
1899, 2735117728
1900, 2735117728
1901, 2756495258
1902, 2739203606
1903, 2754265656
1904, 2730989786
1905, 2712752888
1906, 2695707012
1907, 2676003888
1908, 2697998040
1909, 2717293104
1910, 2698542526
1911, 2656336270
1912, 2621065810
1913, 2659037034
1914, 2637227878
1915, 2657492114
1916, 2682194038
1917, 2705079608
1918, 2730459738
1919, 2723985778
1920, 2744854068
1921, 2727308844
1922, 2708402906
1923, 2729269216
1924, 2713079244
1925, 2693696518
1926, 2676410014
1927, 2655828942
1928, 2674139106
1929, 2689812646
1930, 2670070286
1931, 2640455156
1932, 2662009350
1933, 2678259988
1934, 2697650756
1935, 2712609650
1936, 2729332640
1937, 2747499034
1938, 2739005292
1939, 2752781340
1940, 2741801270
1941, 2760681386
1942, 2777160774
1943, 2800269766
1944, 2820798022
1945, 2840024962
1946, 2865494058
1947, 2846450832
1948, 2876371460
1949, 2847683328
1950, 2813122976
1951, 2759100504
1952, 2759100504
1953, 2737809956
1954, 2722742980
1955, 2707967874
1956, 2696788616
1957, 2712437718
1958, 2697772042
1959, 2681146322
1960, 2649488226
1961, 2666022810
1962, 2645038134
1963, 2624742948
1964, 2607466684
1965, 2626317282
1966, 2640823582
1967, 2652319070
1968, 2644575116
1969, 2660194176
1970, 2650617330
1971, 2636295124
1972, 2647954312
1973, 2637889478
1974, 2625881846
1975, 2642096734
1976, 2623458476
1977, 2601438350
1978, 2568316330
1979, 2595728038
1980, 2626607356
1981, 2600008006
1982, 2578512038
1983, 2598527514
1984, 2617001750
1985, 2637296250
1986, 2616995916
1987, 2596001796
1988, 2569550226
1989, 2541519358
1990, 2558825064
1991, 2544571860
1992, 2564574474
1993, 2596658124
1994, 2616865226
1995, 2645309850
1996, 2621238506
1997, 2602628682
1998, 2620046918
1999, 2643756086
2000, 2660702014
2001, 2678269242
2002, 2695586940
2003, 2674526552
2004, 2696329266
2005, 2718815156
2006, 2695981956
2007, 2672309350
2008, 2638913132
2009, 2729478844
2010, 2694786596
2011, 2668779566
2012, 2689187778
2013, 2671562858
2014, 2690763280
2015, 2709991072
2016, 2689878174
2017, 2710345104
2018, 2743223086
2019, 2723370276
2020, 2745279490
2021, 2765425904
2022, 2744847856
2023, 2715573434
2024, 2662474178
2025, 2691961304
2026, 2716854612
2027, 2732433542
2028, 2712071866
2029, 2734942764
2030, 2703580676
2031, 2738135324
2032, 2764240346
2033, 2784188088
2034, 2764983230
2035, 2778971660
2036, 2798056288
2037, 2823691448
2038, 2840228585
2039, 2855675396
2040, 2879382172
2041, 2904390262
2042, 2883428296
2043, 2902073356
2044, 2918752230
2045, 2947556348
2046, 2917500822
2047, 2898990402
2048, 2915268360
2049, 2933284816
2050, 2951621700
2051, 2934605892
2052, 2952144856
2053, 2940377331
2054, 2955173315
2055, 2966459802
2056, 2954801173
2057, 2938884288
2058, 2926514760
2059, 2941653933
2060, 2969028013
2061, 2984647984
2062, 3004913392
2063, 3029664480
2064, 3014647420
2065, 3036229710
2066, 3007600210
2067, 2991356358
2068, 2963856130
2069, 2927745070
2070, 2840211110
2071, 2866677514
2072, 2886353784
2073, 2905438468
2074, 2924199104
2075, 2910632912
2076, 2891984040
2077, 2859962766
2078, 2879478532
2079, 2859935524
2080, 2886047000
2081, 2870284661
2082, 2891769595
2083, 2917367719
2084, 2892774241
2085, 2911522297
2086, 2927792460
2087, 2915533646
2088, 2897799006
2089, 2867637418
2090, 2839987422
2091, 2809807678
2092, 2790809004
2093, 2815278098
2094, 2840088836
2095, 2858868058
2096, 2842589694
2097, 2858514206
2098, 2878122928
2099, 2900486664
2100, 2872828382
2101, 2890069574
2102, 2903097341
2103, 2886554449
2104, 2902076582
2105, 2892314794
2106, 2900643234
2107, 2887865408
2108, 2899258292
2109, 2915927622
2110, 2933184058
2111, 2920396862
2112, 2936727993
2113, 2955409007
2114, 2971774619
2115, 2983126732
2116, 3000729400
2117, 3028975784
2118, 3011728422
2119, 2988392198
2120, 3003510960
2121, 2984728438
2122, 2984728438
2123, 2962500718
2124, 2978195757
2125, 2966904748
2126, 2951647600
2127, 2969893844
2128, 3000091832
2129, 2974381740
2130, 2996499950
2131, 2975204134
2132, 2990170617
2133, 2990170617
2134, 2973926459
2135, 2957769458
2136, 2945099040
2137, 2977182344
2138, 3026679548
2139, 3026679548
2140, 3007018440
2141, 3026854808
2142, 3004553960
2143, 2988570068
2144, 3016560440
2145, 2980859368
2146, 2998579492
2147, 2982865222
2148, 3003842046
2149, 3017197969
2150, 3003743396
2151, 3020214764
2152, 3043141928
2153, 3068527284
2154, 3048692056
2155, 3022962034
2156, 3038334323
2157, 3023310561
2158, 3009130801
2159, 3025780181
2160, 3042325623
2161, 3029216817
2162, 3014051230
2163, 3029279504
2164, 3044711060
2165, 3028745902
2166, 3046014732
2167, 3031336548
2168, 3047835620
2169, 3054066698
2170, 3067992589
2171, 3056941863
2172, 3070147606
2173, 3092639006
2174, 3076735136
2175, 3064725477
2176, 3047002281
2177, 3032994701
2178, 3051895883
2179, 3041875147
2180, 3052161511
2181, 3062252668
2182, 3071982930
2183, 3053641164
2184, 3039754000
2185, 3021421252
2186, 3021421252
2187, 3033357829
2188, 3027311980
2189, 3038411040
2190, 3049722025
2191, 3039560751
2192, 3046516408
2193, 3038956192
2194, 3064491108
2195, 3037748622
2196, 3019276190
2197, 2998440206
2198, 3017046382
2199, 3034673442
2200, 3014784182
2201, 3038056786
2202, 3019469502
2203, 3047183666
2204, 3090963254
2205, 3046615334
2206, 3016368238
2207, 2994187288
2208, 2962699048
2209, 2989658368
2210, 3015444364
2211, 2993985616
2212, 2976127416
2213, 2996953084
2214, 2978156492
2215, 3011680402
2216, 2994903863
2217, 2978043307
2218, 2963447272
2219, 2946121708
2220, 2927750224
2221, 2895111704
2222, 2915136552
2223, 2935334644
2224, 2914610334
2225, 2936798462
2226, 2920548218
2227, 2908067161
2228, 2889870945
2229, 2855109301
2230, 2799542341
2231, 2819662399
2232, 2844980089
2233, 2865243059
2234, 2849881490
2235, 2867858840
2236, 2885328472
2237, 2903044360
2238, 2920882100
2239, 2899071164
2240, 2879703392
2241, 2866338655
2242, 2846576715
2243, 2867457515
2244, 2849499807
2245, 2863259953
2246, 2842426217
2247, 2860892113
2248, 2841316081
2249, 2827391741
2250, 2850610885
2251, 2871052417
2252, 2847527531
2253, 2875295543
2254, 2900685451
2255, 2928663267
2256, 2956516543
2257, 2976793647
2258, 2953199209
2259, 2973794127
2260, 2962687892
2261, 2950928705
2262, 2928199817
2263, 2911313769
2264, 2891408581
2265, 2864366093
2266, 2883567385
2267, 2917730857
2268, 2967876813
2269, 2995733437
2270, 2963859497
2271, 2987743009
2272, 2969720927
2273, 2954759692
2274, 2938599117
2275, 2954350949
2276, 2941115540
2277, 2919062930
2278, 2942909522
2279, 2925979290
2280, 2911754043
2281, 2921753352
2282, 2908132127
2283, 2927672903
2284, 2908766221
2285, 2924631250
2286, 2940106146
2287, 2953281764
2288, 2976907546
2289, 2998174910
2290, 2984401867
2291, 3006021235
2292, 2988595595
2293, 2973595890
2294, 2989143614
2295, 2999400265
2296, 2986931406
2297, 3015085122
2298, 3028237515
2299, 3015385595
2300, 3027816476
2301, 3004881916
2302, 2984760822
2303, 3003215890
2304, 2988990760
2305, 3000590199
2306, 2987578447
2307, 2964530551
2308, 2977027412
2309, 2961188193
2310, 2973975769
2311, 2990196215
2312, 2978044400
2313, 2962476053
2314, 2948898039
2315, 2936803611
2316, 2950151063
2317, 2933664225
2318, 2916566577
2319, 2906694007
2320, 2922790636
2321, 2909101297
2322, 2925459469
2323, 2909939816
2324, 2930183880
2325, 2949913540
2326, 2966961144
2327, 2981703358
2328, 2969324310
2329, 2969324310
2330, 3003609806
2331, 2920677158
2332, 2882739318
2333, 2910611564
2334, 2933883660
2335, 2950743748
2336, 2971248326
2337, 2959168714
2338, 2942842069
2339, 2930202185
2340, 2947839661
2341, 2966122313
2342, 2954865991
2343, 2942878888
2344, 2955949802
2345, 2965951065
2346, 2984005729
2347, 3006671561
2348, 2993034006
2349, 2993034006
2350, 2981160290
2351, 2991604081
2352, 2979449580
2353, 2966253631
2354, 2945191031
2355, 2928277477
2356, 2951522525
2357, 2964087513
2358, 2973920970
2359, 2985343632
2360, 2971848896
2361, 2984883907
2362, 2973244169
2363, 2966395910
2364, 2978908493
2365, 2991453836
2366, 2973997328
2367, 2989246199
2368, 3007785055
2369, 3027131351
2370, 3012122962
2371, 3001719723
2372, 2980869499
2373, 2965455621
2374, 2950872166
2375, 2928978422
2376, 2947235846
2377, 2962139289
2378, 2975684518
2379, 2987931419
2380, 2976309518
2381, 2998516530
2382, 3014049378
2383, 3000866726
2384, 2986535964
2385, 2971896608
2386, 2993732376
2387, 3005985671
2388, 3021209296
2389, 3004710015
2390, 2988622719
2391, 2972375521
2392, 2989795181
2393, 3011782797
2394, 2976870517
2395, 3040122185
2396, 3010874941
2397, 3039168145
2398, 3019571733
2399, 3005113014
2400, 3022240618
2401, 3010620746
2402, 3024745548
2403, 3050882160
2404, 3092888728
2405, 3110777820
2406, 3093898032
2407, 3105567235
2408, 3117158554
2409, 3131577823
2410, 3119342920
2411, 3133133701
2412, 3120902314
2413, 3110789570
2414, 3098806506
2415, 3138241130
2416, 3182968846
2417, 3152256062
2418, 3180163250
2419, 3206549318
2420, 3228012614
2421, 3219759696
2422, 3196588262
2423, 3167908308
2424, 3199366212
2425, 3219412590
2426, 3233821090
2427, 3218890865
2428, 3202649303
2429, 3187030659
2430, 3199738599
2431, 3188631172
2432, 3178854925
2433, 3196114281
2434, 3219073403
2435, 3239949339
2436, 3261667227
2437, 3243205491
2438, 3227943805
2439, 3216583534
2440, 3226131478
2441, 3221061881
2442, 3209388975
2443, 3220956417
2444, 3210845859
2445, 3198614097
2446, 3222841727
2447, 3243388879
2448, 3256158606
2449, 3285572390
2450, 3301751478
2451, 3285465203
2452, 3259274283
2453, 3240388141
2454, 3209433489
2455, 3250428585
2456, 3131907665
2457, 3071000761
2458, 3013338789
2459, 3044225095
2460, 3075853643
2461, 3052075783
2462, 3080509111
2463, 3056193127
2464, 3027164757
2465, 2990822125
2466, 3034419581
2467, 3016103969
2468, 2983466367
2469, 2959946779
2470, 2997180955
2471, 2969071043
2472, 2943747895
2473, 2963357887
2474, 2937220309
2475, 2963416637
2476, 2982957315
2477, 2963459367
2478, 2976076678
2479, 2961749825
2480, 2980183305
2481, 2965236115
2482, 2955102159
2483, 2943281144
2484, 2903360236
2485, 2921801576
2486, 2898321448
2487, 2875126496
2488, 2891707035
2489, 2868353979
2490, 2847462791
2491, 2829189465
2492, 2858176775
2493, 2839741739
2494, 2859020483
2495, 2838264887
2496, 2821169729
2497, 2797539983
2498, 2818993039
2499, 2800134295
2500, 2823278731
2501, 2857055315
2502, 2839337423
2503, 2824533021
2504, 2850442977
2505, 2875641525
2506, 2861392554
2507, 2848888475
2508, 2834008882
2509, 2850240000
2510, 2862221266
2511, 2883793850
2512, 2870813691
2513, 2880431627
2514, 2858331187
2515, 2843406584
2516, 2859014156
2517, 2840775274
2518, 2878643614
2519, 2955888974
2520, 2932576320
2521, 2907362934
2522, 2922800722
2523, 2900455738
2524, 2924882086
2525, 2944517848
2526, 2931272000
2527, 2911523628
2528, 2895275329
2529, 2918557697
2530, 2928959673
2531, 2943594465
2532, 2961781589
2533, 2948392257
2534, 2934595205
2535, 2910382915
2536, 2893639339
2537, 2906989888
2538, 2891656163
2539, 2851831327
2540, 2813582679
2541, 2846671477
2542, 2881757553
2543, 2910313879
2544, 2937598923
2545, 2972331267
2546, 2986173674
2547, 2969929398
2548, 2948627062
2549, 2965278794
2550, 2948808691
2551, 2931620171
2552, 2916005639
2553, 2898536255
2554, 2878000915
2555, 2867956226
2556, 2853612032
2557, 2837221218
2558, 2817964124
2559, 2840338364
2560, 2827387223
2561, 2815152118
2562, 2827724241
2563, 2845975977
2564, 2834462581
2565, 2851833759
2566, 2863282421
2567, 2846704851
2568, 2860737636
2569, 2876477496
2570, 2897805088
2571, 2905872245
2572, 2892437985
2573, 2906235083
2574, 2893862493
2575, 2909179044
2576, 2920460415
2577, 2939162935
2578, 2919701027
2579, 2907217820
2580, 2890849946
2581, 2934264814
2582, 2729932478
2583, 2784592070
2584, 2820779170
2585, 2863406518
2586, 2884784308
2587, 2904854088
2588, 2879705800
2589, 2901288608
2590, 2884797945
2591, 2866211541
2592, 2848095837
2593, 2863563563
2594, 2875171511
2595, 2888015113
2596, 2907346033
2597, 2892620796
2598, 2905218718
2599, 2914470226
2600, 2903831703
2601, 2919130289
2602, 2931719641
2603, 2948971325
2604, 2968581343
2605, 2957007084
2606, 2967898894
2607, 2959128840
2608, 2968108121
2609, 2961904271
2610, 2972305608
2611, 2982194435
2612, 2995314817
2613, 2986435482
2614, 2998009143
2615, 2986585690
2616, 2973786671
2617, 2955352243
2618, 2965133925
2619, 2978070003
2620, 2988074947
2621, 3003323428
2622, 2993757883
2623, 3013308219
2624, 2997623141
2625, 2869906597
2626, 2814289621
2627, 2785762093
2628, 2806429493
2629, 2786439555
2630, 2751490503
2631, 2721656027
2632, 2756982183
2633, 2738001843
2634, 2718360699
2635, 2697216025
2636, 2718931395
2637, 2701303575
2638, 2722145317
2639, 2706416939
2640, 2676045785
2641, 2636694073
2642, 2610872467
2643, 2662208679
2644, 2625713463
2645, 2559690655
2646, 2448093127
2647, 2490389359
2648, 2540184879
2649, 2566482417
2650, 2598174793
2651, 2638245721
2652, 2676676585
2653, 2706319517
2654, 2741611477
2655, 2775104313
2656, 2748805195
2657, 2783626991
2658, 2768313485
2659, 2790872075
2660, 2819313375
2661, 2842696987
2662, 2870124623
2663, 2848757981
2664, 2865634449
2665, 2845492241
2666, 2823391487
2667, 2784886983
2668, 2802842257
2669, 2782571329
2670, 2803709685
2671, 2835765353
2672, 2826296355
2673, 2806377437
2674, 2791445415
2675, 2810820083
2676, 2795917874
2677, 2775874898
2678, 2803888202
2679, 2830993852
2680, 2795801876
2681, 2773395978
2682, 2754135194
2683, 2767052121
2684, 2799145353
2685, 2778769985
2686, 2793167733
2687, 2820385273
2688, 2800961103
2689, 2819917093
2690, 2794666827
2691, 2767616271
2692, 2782243559
2693, 2773843026
2694, 2786264833
2695, 2774362743
2696, 2790659510
2697, 2817005742
2698, 2849513222
2699, 2913775414
2700, 2939412614
2701, 2913794010
2702, 2954032422
2703, 2982903850
2704, 3003873198
2705, 2979439082
2706, 2961642888
2707, 2937774584
2708, 2913020060
2709, 2889823400
2710, 2846958536
2711, 2927964184
2712, 2899614722
2713, 2878283182
2714, 2861429282
2715, 2875001428
2716, 2889092491
2717, 2906996221
2718, 2923479186
2719, 2912317541
2720, 2936806055
2721, 2965965377
2722, 2981525864
2723, 2963361244
2724, 2945077616
2725, 2957879962
2726, 2988700322
2727, 3016858334
2728, 3053630854
2729, 3073656944
2730, 3045658916
2731, 3030180492
2732, 3051714046
2733, 3080014444
2734, 3048523136
2735, 3018035414
2736, 3018035414
2737, 2999899742
2738, 2978490302
2739, 3011962616
2740, 2995948298
2741, 3009648716
2742, 2936981364
2743, 2973028196
2744, 2954765052
2745, 2978366892
2746, 2993802988
2747, 2974003776
2748, 2983992044
2749, 2996196389
2750, 3022868987
2751, 3009620998
2752, 3022349364
2753, 3035253897
2754, 3025853075
2755, 3012343708
2756, 2998529495
2757, 2989104530
2758, 2980439271
2759, 2992763872
2760, 2984927713
2761, 2998805723
2762, 2986397819
2763, 2999089054
2764, 2982948012
2765, 2996852733
2766, 3008862740
2767, 3023241441
2768, 3065184749
2769, 2937352117
2770, 2891683549
2771, 2852519613
2772, 2879781997
2773, 2905745961
2774, 2941313989
2775, 2973644895
2776, 2952547991
2777, 2934952121
2778, 2916643737
2779, 2933555531
2780, 2953675023
2781, 3199308319
2782, 3158065339
2783, 3186083547
2784, 3162550999
2785, 3135981843
2786, 3149859262
2787, 3128963402
2788, 3106736684
2789, 3139706970
2790, 3116169786
2791, 3151629326
2792, 3132651980
2793, 3113520666
2794, 3085556886
2795, 3066434032
2796, 3076767909
2797, 3062786496
2798, 3046739408
2799, 3062598412
2800, 3074967449
2801, 3061538724
2802, 3041043970
2803, 3007539334
2804, 2973299166
2805, 2991917650
2806, 2977048680
2807, 2954845116
2808, 2986056004
2809, 2967136684
2810, 2990953556
2811, 3061629308
2812, 2995661816
2813, 3029158192
2814, 3047033872
2815, 3013237004
2816, 3034469202
2817, 3059778788
2818, 3045780316
2819, 3028655872
2820, 3014826648
2821, 2993702104
2822, 3005345490
2823, 2989278231
2824, 3001559594
2825, 3019074352
2826, 2994440160
2827, 2972508914
2828, 2992575882
2829, 2974057878
2830, 3004847070
2831, 3057332366
2832, 2992209058
2833, 2962691902
2834, 2924639254
2835, 2898020456
2836, 2869041048
2837, 2847158684
2838, 2813794624
2839, 2778116128
2840, 2799092648
2841, 2777587944
2842, 2777587944
2843, 2798685158
2844, 2779239650
2845, 2808187558
2846, 2828262350
2847, 2845457152
2848, 2821448778
2849, 2844337194
2850, 2865646900
2851, 2847006054
2852, 2828239250
2853, 2798653494
2854, 2818181392
2855, 2804843693
2856, 2780004409
2857, 2798580303
2858, 2783661887
2859, 2794852391
2860, 2778335544
2861, 2760325128
2862, 2784922108
2863, 2803072480
2864, 2816037934
2865, 2859003262
2866, 2882004462
2867, 2895874607
2868, 2883634521
2869, 2868597629
2870, 2885625035
2871, 2869071426
2872, 2879380379
2873, 2908253427
2874, 2928690705
2875, 2956792985
2876, 2982650047
2877, 2982650047
2878, 3035697591
2879, 3008176267
2880, 3041014563
2881, 3059608111
2882, 3039018835
2883, 3060703777
2884, 3077485227
2885, 3062451996
2886, 3080322180
2887, 3061152102
2888, 3089510004
2889, 3104447388
2890, 3123985452
2891, 3123985452
2892, 3098796754
2893, 3120334582
2894, 3097817172
2895, 3043090284
2896, 3118130332
2897, 3146259820
2898, 3104365404
2899, 3132051894
2900, 3177371210
2901, 3210948218
2902, 3249645706
2903, 3315520814
2904, 3231862606
2905, 3179463150
2906, 3214215734
2907, 3187312882
2908, 3221383490
2909, 3264538254
2910, 3200942110
2911, 3144037426
2912, 3085894074
2913, 3040708818
2914, 3009490186
2915, 3043592554
2916, 3005445862
2917, 3033366502
2918, 3086371762
2919, 3053304578
2920, 3027644542
2921, 3004325302
2922, 3013579553
2923, 2989422775
2924, 3008907211
2925, 3031970903
2926, 3049897127
2927, 3073720757
2928, 3058479615
2929, 3043812380
2930, 3022667144
2931, 3003439822
2932, 2991999815
2933, 2965941723
2934, 2937415065
2935, 2957650477
2936, 2933863377
2937, 2918790777
2938, 2883276533
2939, 2855669089
2940, 2882201673
2941, 2903227769
2942, 2927322247
2943, 2952184027
2944, 2942412479
2945, 2926382642
2946, 2912737663
2947, 2898065897
2948, 2923707433
2949, 2943884861
2950, 2923139129
2951, 2947896533
2952, 2924922583
2953, 2878280103
2954, 2930621115
2955, 2903327033
2956, 2921879161
2957, 2889968905
2958, 2851814985
2959, 2823003525
2960, 2781877821
2961, 2743872053
2962, 2785288485
2963, 2825099037
2964, 2853403053
2965, 2821215111
2966, 2897489527
2967, 2781691511
2968, 2822815087
2969, 3260558735
2970, 3405313375
2971, 3336841423
2972, 3281516375
2973, 3325764983
2974, 3381111375
2975, 3448216595
2976, 3405792723
2977, 3462819627
2978, 3500864363
2979, 3461045131
2980, 3422367451
2981, 3393092839
2982, 3358599703
2983, 3358599703
2984, 3326129811
2985, 3352141735
2986, 3379805707
2987, 3350032567
2988, 3326173877
2989, 3303408913
2990, 3331712073
2991, 3361992117
2992, 3396582477
2993, 3424845421
2994, 3395136779
2995, 3417697203
2996, 3399359441
2997, 3323729361
2998, 3279343281
2999, 3245553201
3000, 3283505697
3001, 3260194781
3002, 3290060825
3003, 3272700107
3004, 3306469871
3005, 3291601388
3006, 3276048957
3007, 3310323357
3008, 3293101105
3009, 3272627345
3010, 3242802697
3011, 3257338091
3012, 3285357247
3013, 3255905739
3014, 3255905739
3015, 3287673535
3016, 3320343811
3017, 3301923875
3018, 3287792560
3019, 3299840828
3020, 3309042244
3021, 3298219448
3022, 3323499076
3023, 3341807892
3024, 3313447826
3025, 3282313454
3026, 3256275060
3027, 3205752028
3028, 3184943830
3029, 3221620758
3030, 3251785086
3031, 3199811914
3032, 3279129066
3033, 3000114410
3034, 3179913114
3035, 3116189066
3036, 3177430906
3037, 3146801896
3038, 3105482784
3039, 3186382112
3040, 3250415020
3041, 3329847660
3042, 3276550892
3043, 3331898596
3044, 3302483104
3045, 3264167948
3046, 3288867210
3047, 3312902826
3048, 3292461944
3049, 3314120192
3050, 3296218370
3051, 3278471516
3052, 3252110834
3053, 3226527238
3054, 3256500590
3055, 3226348654
3056, 3264097518
3057, 3281339386
3058, 3269485406
3059, 3256170103
3060, 3134319687
3061, 3015768351
3062, 3060458207
3063, 3037652605
3064, 3023396794
3065, 3004395582
3066, 2969801190
3067, 2939982248
3068, 3025173880
3069, 3005662108
3070, 2981670500
3071, 2951677622
3072, 2934513430
3073, 2897878822
3074, 2956282406
3075, 2978208250
3076, 3062341818
3077, 3096575342
3078, 3074857610
3079, 3056356364
3080, 3079416398
3081, 3056631850
3082, 3030895730
3083, 3051622318
3084, 3019799910
3085, 3043172182
3086, 3018559138
3087, 2989516282
3088, 2941585922
3089, 2966007510
3090, 2986139938
3091, 2972411418
3092, 2989060571
3093, 2964103567
3094, 2947492204
3095, 2927737210
3096, 2913709361
3097, 2928124061
3098, 2942821957
3099, 2956838329
3100, 2943198862
3101, 2956078250
3102, 2969925983
3103, 2957999093
3104, 2946895893
3105, 2961840954
3106, 2947269432
3107, 2934432353
3108, 2918095479
3109, 2901103475
3110, 2912190894
3111, 2898416766
3112, 2898416766
3113, 2907716777
3114, 2919445641
3115, 2908241921
3116, 2891302707
3117, 2902859318
3118, 2878985394
3119, 2896062334
3120, 2912497435
3121, 2887226331
3122, 2906845921
3123, 2935232043
3124, 2956533047
3125, 2923971243
3126, 2957867143
3127, 2929167281
3128, 2966426757
3129, 2934782933
3130, 2917876201
3131, 2938097075
3132, 2950861641
3133, 2965346965
3134, 2950431453
3135, 2913379045
3136, 2937040933
3137, 2923318687
3138, 2899914927
3139, 2925734153
3140, 2882879097
3141, 2855183857
3142, 2823535041
3143, 2782764977
3144, 2744094593
3145, 2770134985
3146, 2743231565
3147, 2715744337
3148, 2823369433
3149, 2784415345
3150, 2759436033
3151, 2731619989
3152, 2767253909
3153, 2794984565
3154, 2765266619
3155, 2748892952
3156, 2771689144
3157, 2750246192
3158, 2776953652
3159, 2753331744
3160, 2742991420
3161, 2767968068
3162, 2839231780
3163, 2883631332
3164, 2836338184
3165, 2819632142
3166, 2786342202
3167, 2757315688
3168, 2782526542
3169, 2763970042
3170, 2749375379
3171, 2801012795
3172, 2743363271
3173, 2706058503
3174, 2735919211
3175, 2758368919
3176, 2741480463
3177, 2755117133
3178, 2767570659
3179, 2741329929
3180, 2787562689
3181, 2787562689
3182, 2769136525
3183, 2788990215
3184, 2822017861
3185, 2793074703
3186, 2839749423
3187, 2813222275
3188, 2837857599
3189, 2818154313
3190, 2836698297
3191, 2823915370
3192, 2809313702
3193, 2826856438
3194, 2813910090
3195, 2821384788
3196, 2818876938
3197, 2822750754
3198, 2812837521
3199, 2820227915
3200, 2829313357
3201, 2838827931
3202, 2850817319
3203, 2860871800
3204, 2835877676
3205, 2849676825
3206, 2868956397
3207, 2849889961
3208, 2824390799
3209, 2847983837
3210, 2822737197
3211, 2797977375
3212, 2780260787
3213, 2795194918
3214, 2778481347
3215, 2794239560
3216, 2777771746
3217, 2810970576
3218, 2846653460
3219, 2824624056
3220, 2803128868
3221, 2824345972
3222, 2842340320
3223, 2864840076
3224, 2881811804
3225, 2899251880
3226, 2914613048
3227, 2891863896
3228, 2878316044
3229, 2893741526
3230, 2904402109
3231, 2889901592
3232, 2902028083
3233, 2889833224
3234, 2906293912
3235, 2889850573
3236, 2911206033
3237, 2895348432
3238, 2921218536
3239, 2941301080
3240, 2921317392
3241, 2904945370
3242, 2929021486
3243, 2911471676
3244, 2941716548
3245, 2918593616
3246, 2941325904
3247, 2958832856
3248, 2975515664
3249, 2962992462
3250, 2943543482
3251, 2961096168
3252, 2934770628
3253, 2960724992
3254, 2938645768
3255, 2956846724
3256, 2939552960
3257, 2922806620
3258, 2898582040
3259, 2876154404
3260, 2860364674
3261, 2872246249
3262, 2857808610
3263, 2886323964
3264, 2904150932
3265, 2892378667
3266, 2880773647
3267, 2891841723
3268, 2908273149
3269, 2942037613
3270, 2927411566
3271, 2915105575
3272, 2934229787
3273, 2914432885
3274, 2900964566
3275, 2954121086
3276, 3019359222
3277, 3052155848
3278, 3077709898
3279, 3056304784
3280, 3037931544
3281, 3053869647
3282, 3079335683
3283, 3055618423
3284, 3080712935
3285, 3115151875
3286, 3134116959
3287, 3109863243
3288, 3131857987
3289, 3170854939
3290, 3140083239
3291, 3117370787
3292, 3137545655
3293, 3159825907
3294, 3178061645
3295, 3191675876
3296, 3176238677
3297, 3161146872
3298, 3180109132
3299, 3199665624
3300, 3180697134
3301, 3199663938
3302, 3228225938
3303, 3255596166
3304, 3270807302
3305, 3244838094
3306, 3263408055
3307, 3246103664
3308, 3232683918
3309, 3245583430
3310, 3229912930
3311, 3215127305
3312, 3231724178
3313, 3231724178
3314, 3216612070
3315, 3200456533
3316, 3184591576
3317, 3204334263
3318, 3179391638
3319, 3163599368
3320, 3193452138
3321, 3213227169
3322, 3239433508
3323, 3251536363
3324, 3235621130
3325, 3223257064
3326, 3206973856
3327, 3193443737
3328, 3179028689
3329, 3163785779
3330, 3179113970
3331, 3201597798
3332, 3214637901
3333, 3227410285
3334, 3245442889
3335, 3266779460
3336, 3299189069
3337, 3325956694
3338, 3293174278
3339, 3346683102
3340, 3309470973
3341, 3329415630
3342, 3309992431
3343, 3345341949
3344, 3221298388
3345, 3121397570
3346, 3058839807
3347, 3102526330
3348, 3145315243
3349, 3195923843
3350, 3231446336
3351, 3203327508
3352, 3221643294
3353, 3204160767
3354, 3228059467
3355, 3267711135
3356, 3267711135
3357, 3239258642
3358, 3253745711
3359, 3269157149
3360, 3253618344
3361, 3277153489
3362, 3302992839
3363, 3325732007
3364, 3310094147
3365, 3310094147
3366, 3276320332
3367, 3261381152
3368, 3231220219
3369, 3254746091
3370, 3269098089
3371, 3285747853
3372, 3268082541
3373, 3286746226
3374, 3334890590
3375, 3361558185
3376, 3342501947
3377, 3405899869
3378, 3458263496
3379, 3519677862
3380, 3433373837
3381, 3407378628
3382, 3377031497
3383, 3413393696
3384, 3387265415
3385, 3407703985
3386, 3434115684
3387, 3402515972
3388, 3441867961
3389, 3417120306
3390, 3384993081
3391, 3362803587
3392, 3383639631
3393, 3395916940
3394, 3423809538
3395, 3395471190
3396, 3378664838
3397, 3398022641
3398, 3415438632
3399, 3391855002
3400, 3412099620
3401, 3429540266
3402, 3392100484
3403, 3437766749
3404, 3453758320
3405, 3436564311
3406, 3415350218
3407, 3395469749
3408, 3370423926
3409, 3409586401
3410, 3387273108
3411, 3372129464
3412, 3355012592
3413, 3336316769
3414, 3353325610
3415, 3366887633
3416, 3381719369
3417, 3405723143
3418, 3422007069
3419, 3411987456
3420, 3385741875
3421, 3411746940
3422, 3389513243
3423, 3376774814
3424, 3350209499
3425, 3334082287
3426, 3357696519
3427, 3338193179
3428, 3359516477
3429, 3348063633
3430, 3330503958
3431, 3347600415
3432, 3365021097
3433, 3347959394
3434, 3365440165
3435, 3383128522
3436, 3383128522
3437, 3357977676
3438, 3376705930
3439, 3399103102
3440, 3416914454
3441, 3403642715
3442, 3424256041
3443, 3450287832
3444, 3479914358
3445, 3462806843
3446, 3473403280
3447, 3495904782
3448, 3500641317
3449, 3511976470
3450, 3524927516
3451, 3533063973
3452, 3523816634
3453, 3540296238
3454, 3551948827
3455, 3535831188
3456, 3505630450
3457, 3505630450
3458, 3521210003
3459, 3505781456
3460, 3522393531
3461, 3538938053
3462, 3520523440
3463, 3506202724
3464, 3492436072
3465, 3472077283
3466, 3447254375
3467, 3427587218
3468, 3470158893
3469, 3428502302
3470, 3398728899
3471, 3359642009
3472, 3389259279
3473, 3416467224
3474, 3440729572
3475, 3413246777
3476, 3433683598
3477, 3414055288
3478, 3430594278
3479, 3394292514
3480, 3418307752
3481, 3399484405
3482, 3420454893
3483, 3433135270
3484, 3446400960
3485, 3461808802
3486, 3451502238
3487, 3433217263
3488, 3452315969
3489, 3432323838
3490, 3447219698
3491, 3464095119
3492, 3444083035
3493, 3423561443
3494, 3446298607
3495, 3467625539
3496, 3497659646
3497, 3518150842
3498, 3550873376
3499, 3529401142
3500, 3506431291
3501, 3525398894
3502, 3507086543
3503, 3520841063
3504, 3533468206
3505, 3515598167
3506, 3496854744
3507, 3464975650
3508, 3497695489
3509, 3525182840
3510, 3548407673
3511, 3563262047
3512, 3579341031
3513, 3567387946
3514, 3547334946
3515, 3556476315
3516, 3582068951
3517, 3562262032
3518, 3607511764
3519, 3655181522
3520, 3677961149
3521, 3725413976
3522, 3766437469
3523, 3826393012
3524, 3774972217
3525, 3801687071
3526, 3763347631
3527, 3691799758
3528, 3727456166
3529, 3708690204
3530, 3708690204
3531, 3686294989
3532, 3659882883
3533, 3676458413
3534, 3657064375
3535, 3674816077
3536, 3643943772
3537, 3666498577
3538, 3634589090
3539, 3590648130
3540, 3618348454
3541, 3645928419
3542, 3662312425
3543, 3647851046
3544, 3675403754
3545, 3653466215
3546, 3637637027
3547, 3617229963
3548, 3584022693
3549, 3614757388
3550, 3634792097
3551, 3607079504
3552, 3640612921
3553, 3671505901
3554, 3654122534
3555, 3624321498
3556, 3648827761
3557, 3677059582
3558, 3653788713
3559, 3634790466
3560, 3599462599
3561, 3581517501
3562, 3602578239
3563, 3616179330
3564, 3604150595
3565, 3617869355
3566, 3602167249
3567, 3612846840
3568, 3600207704
3569, 3579935437
3570, 3557915781
3571, 3571210888
3572, 3553032503
3573, 3524621414
3574, 3516450429
3575, 3484969896
3576, 3461090059
3577, 3494207319
3578, 3475658976
3579, 3492914268
3580, 3510283578
3581, 3527088139
3582, 3539698854
3583, 3555256475
3584, 3577246591
3585, 3565034361
3586, 3565034361
3587, 3548205820
3588, 3564228664
3589, 3593505021
3590, 3516445958
3591, 3473963435
3592, 3508246891
3593, 3531439254
3594, 3510638339
3595, 3497299264
3596, 3480765917
3597, 3499100523
3598, 3512862203
3599, 3498927273
3600, 3513112952
3601, 3500040273
3602, 3513131045
3603, 3525327956
3604, 3515722147
3605, 3502760439
3606, 3491745723
3607, 3484002876
3608, 3472683974
3609, 3485908889
3610, 3501442108
3611, 3487510198
3612, 3470417838
3613, 3458280688
3614, 3445014087
3615, 3429540074
3616, 3415039068
3617, 3427474100
3618, 3420566054
3619, 3404077029
3620, 3428473997
3621, 3446608050
3622, 3459032388
3623, 3448908548
3624, 3460311668
3625, 3442711100
3626, 3461176105
3627, 3485074115
3628, 3462088307
3629, 3551620336
3630, 3524756086
3631, 3445443110
3632, 3419218514
3633, 3451266464
3634, 3432932397
3635, 3449731548
3636, 3473420343
3637, 3452982053
3638, 3468966891
3639, 3444585984
3640, 3424586328
3641, 3440602567
3642, 3460989747
3643, 3484539518
3644, 3464852346
3645, 3447202615
3646, 3462932598
3647, 3454676021
3648, 3467030862
3649, 3515514265
3650, 3637882523
3651, 3695818427
3652, 3659955830
3653, 3627415545
3654, 3665162999
3655, 3691703479
3656, 3715310416
3657, 3732377035
3658, 3754652033
3659, 3740898071
3660, 3728649234
3661, 3744443606
3662, 3730082972
3663, 3740047659
3664, 3722723475
3665, 3749208113
3666, 3762477041
3667, 3777707962
3668, 3832780242
3669, 3815903029
3670, 3800786318
3671, 3783412811
3672, 3802333387
3673, 3779113756
3674, 3768807982
3675, 3814603354
3676, 3793912390
3677, 3779708341
3678, 3757271693
3679, 3768829344
3680, 3763875506
3681, 3778444791
3682, 3753999863
3683, 3771000607
3684, 3784167873
3685, 3793316412
3686, 3781388991
3687, 3809515795
3688, 3831241607
3689, 3822706100
3690, 3831675749
3691, 3819707260
3692, 3808277765
3693, 3797483719
3694, 3810383053
3695, 3785918161
3696, 3768815395
3697, 3779950830
3698, 3786664677
3699, 3795553405
3700, 3788258057
3701, 3779955237
3702, 3787426387
3703, 3795450999
3704, 3787930251
3705, 3805531703
3706, 3794789780
3707, 3817884396
3708, 3848539634
3709, 3828673246
3710, 3812929714
3711, 3798425994
3712, 3813487396
3713, 3829291016
3714, 3842689202
3715, 3821870474
3716, 3805227874
3717, 3790886726
3718, 3767521098
3719, 3790847854
3720, 3764619892
3721, 3715888792
3722, 3754010648
3723, 3729840964
3724, 3752367184
3725, 3769102811
3726, 3789912961
3727, 3822828939
3728, 3841815749
3729, 3857838129
3730, 3840319781
3731, 3822541391
3732, 3837727998
3733, 3852749981
3734, 3866991429
3735, 3898107537
3736, 3938931065
3737, 3962220893
3738, 3948525536
3739, 3915118506
3740, 3880436806
3741, 3848954046
3742, 3865356408
3743, 3845299224
3744, 3828742414
3745, 3853245886
3746, 3887680026
3747, 3907664072
3748, 3889697148
3749, 3902411285
3750, 3934826353
3751, 3909167365
3752, 3928615113
3753, 3906999617
3754, 3855478717
3755, 3817118853
3756, 3779570077
3757, 3806062165
3758, 3818002363
3759, 3787304683
3760, 3756469771
3761, 3776592495
3762, 3797637743
3763, 3782165864
3764, 3792203727
3765, 3779590960
3766, 3764461556
3767, 3776844370
3768, 3786400242
3769, 3804593702
3770, 3791304840
3771, 3779162937
3772, 3766373161
3773, 3731688425
3774, 3711906125
3775, 3728273659
3776, 3744869091
3777, 3730124659
3778, 3708200889
3779, 3676783561
3780, 3708488661
3781, 3694503476
3782, 3712274882
3783, 3732021842
3784, 3715427801
3785, 3729838771
3786, 3760611469
3787, 3804113037
3788, 3771490557
3789, 3795064237
3790, 3825825475
3791, 3855510495
3792, 3840270541
3793, 3821763469
3794, 3691072501
3795, 3640357805
3796, 3520359893
3797, 3459603925
3798, 3490805757
3799, 3465158837
3800, 3505069437
3801, 3481583349
3802, 3462332861
3803, 3485217117
3804, 3519338557
3805, 3495358781
3806, 3515449565
3807, 3545691265
3808, 3505534201
3809, 3526371181
3810, 3504146089
3811, 3485964141
3812, 3485964141
3813, 3464108089
3814, 3482784113
3815, 3463337017
3816, 3448755819
3817, 3470627437
3818, 3429641353
3819, 3405277917
3820, 3382314525
3821, 3414663097
3822, 3431686477
3823, 3401610413
3824, 3369719493
3825, 3344457425
3826, 3344457425
3827, 3360101140
3828, 3334638740
3829, 3369539788
3830, 3384896497
3831, 3404927749
3832, 3423182849
3833, 3444125453
3834, 3429790438
3835, 3408377430
3836, 3386030582
3837, 3402638033
3838, 3375747545
3839, 3395313961
3840, 3370883515
3841, 3400841627
3842, 3338664311
3843, 3369122293
3844, 3399102969
3845, 3382469073
3846, 3403279309
3847, 3382927617
3848, 3362333285
3849, 3294683629
3850, 3294683629
3851, 3269031213
3852, 3295194563
3853, 3255965879
3854, 3208900195
3855, 3149374551
3856, 3196857551
3857, 3148830327
3858, 3199928135
3859, 3248395995
3860, 3222719047
3861, 3248234613
3862, 3231228129
3863, 3200807453
3864, 3174629211
3865, 3160429900
3866, 3177612152
3867, 3152646896
3868, 3130850832
3869, 3094978964
3870, 3125969684
3871, 3155119680
3872, 3129729320
3873, 3111892194
3874, 3091390378
3875, 3145684894
3876, 3223006606
3877, 3316931430
3878, 3376931750
3879, 3344403842
3880, 3344403842
3881, 3381773022
3882, 3440287014
3883, 3497054786
3884, 3469823154
3885, 3448085282
3886, 3416085772
3887, 3476263280
3888, 3525513944
3889, 3549965704
3890, 3525007888
3891, 3503826268
3892, 3458063076
3893, 3427864044
3894, 3470946916
3895, 3515263776
3896, 3612118336
3897, 3562233604
3898, 3534304952
3899, 3567368858
3900, 3585395682
3901, 3564847656
3902, 3597295076
3903, 3573832032
3904, 3552676332
3905, 3521391226
3906, 3575609534
3907, 3616357278
3908, 3586725278
3909, 3616533986
3910, 3592492344
3911, 3616048588
3912, 3635763928
3913, 3615689892
3914, 3575937728
3915, 3534102556
3916, 3554864556
3917, 3571679572
3918, 3529848852
3919, 3552211844
3920, 3577115264
3921, 3531840608
3922, 3547196826
3923, 3561733916
3924, 3547459408
3925, 3529813626
3926, 3515476377
3927, 3498080499
3928, 3515234021
3929, 3491560381
3930, 3476727071
3931, 3456638947
3932, 3467420675
3933, 3486333633
3934, 3515597461
3935, 3549071143
3936, 3596037587
3937, 3573358407
3938, 3553497371
3939, 3536165635
3940, 3516430735
3941, 3498314279
3942, 3511752882
3943, 3497070243
3944, 3481505994
3945, 3454309472
3946, 3469135307
3947, 3436518131
3948, 3415071505
3949, 3430956287
3950, 3477953319
3951, 3511732047
3952, 3529562033
3953, 3519850201
3954, 3505191838
3955, 3520377649
3956, 3520377649
3957, 3540088163
3958, 3504445872
3959, 3485022902
3960, 3471711590
3961, 3458518895
3962, 3472567901
3963, 3483368682
3964, 3496034280
3965, 3484427568
3966, 3469161910
3967, 3504860354
3968, 3527505382
3969, 3505499405
3970, 3487633505
3971, 3504338152
3972, 3480988661
3973, 3465580311
3974, 3476442398
3975, 3465376970
3976, 3454650536
3977, 3467871533
3978, 3458285195
3979, 3471937297
3980, 3460646291
3981, 3474141689
3982, 3460701673
3983, 3483239357
3984, 3511031213
3985, 3500963923
3986, 3412310536
3987, 3387482024
3988, 3402853852
3989, 3379962658
3990, 3350266108
3991, 3323078708
3992, 3338768470
3993, 3350874829
3994, 3337443918
3995, 3352843760
3996, 3333228329
3997, 3345511558
3998, 3336346684
3999, 3324594003
4000, 3311897144
4001, 3319857106
4002, 3319857106
4003, 3329629436
4004, 3318320277
4005, 3335454613
4006, 3350222444
4007, 3368161139
4008, 3396504273
4009, 3379854137
4010, 3402043782
4011, 3427069571
4012, 3412449710
4013, 3403953918
4014, 3415454720
4015, 3403561698
4016, 3384729900
4017, 3375668632
4018, 3360152884
4019, 3374576631
4020, 3356360350
4021, 3377318492
4022, 3365599530
4023, 3375733467
4024, 3360446601
4025, 3349244760
4026, 3358732254
4027, 3343395645
4028, 3329756503
4029, 3350294545
4030, 3386855473
4031, 3368601061
4032, 3393159570
4033, 3371475931
4034, 3383616128
4035, 3396853042
4036, 3409395872
4037, 3419133815
4038, 3408239278
4039, 3418038505
4040, 3428879456
4041, 3417945237
4042, 3404181110
4043, 3419338007
4044, 3438031730
4045, 3417990780
4046, 3429165160
4047, 3408030943
4048, 3438850584
4049, 3425107618
4050, 3407101626
4051, 3393364088
4052, 3427499550
4053, 3478646469
4054, 3445104385
4055, 3463216321
4056, 3452884828
4057, 3466513761
4058, 3484978678
4059, 3470053634
4060, 3452892651
4061, 3436690446
4062, 3452169401
4063, 3461894841
4064, 3477364363
4065, 3477364363
4066, 3493786521
4067, 3476641434
4068, 3493653875
4069, 3477199100
4070, 3488811711
4071, 3488811711
4072, 3498466860
4073, 3509105007
4074, 3520365698
4075, 3507263018
4076, 3518305701
4077, 3505966451
4078, 3492326128
4079, 3503587873
4080, 3491108689
4081, 3504610517
4082, 3511837072
4083, 3519986167
4084, 3508545440
4085, 3496392981
4086, 3486017165
4087, 3501951002
4088, 3485468793
4089, 3467078406
4090, 3478890299
4091, 3463907499
4092, 3433317846
4093, 3452588451
4094, 3468574046
4095, 3485494158
4096, 3470665114
4097, 3450930644
4098, 3466022631
4099, 3477056292
4100, 3491278922
4101, 3481091419
4102, 3467337592
4103, 3481346050
4104, 3468445629
4105, 3477586420
4106, 3486390298
4107, 3503673017
4108, 3496294085
4109, 3487714571
4110, 3425742559
4111, 3404893115
4112, 3375237249
4113, 3395920127
4114, 3420891989
4115, 3440532689
4116, 3429338823
4117, 3457048142
4118, 3447879839
4119, 3435416536
4120, 3444067340
4121, 3434012889
4122, 3421306519
4123, 3442420060
4124, 3431721026
4125, 3420101334
4126, 3438917546
4127, 3460036732
4128, 3478048241
4129, 3491037130
4130, 3480516973
4131, 3488553314
4132, 3510559283
4133, 3522696614
4134, 3540339122
4135, 3528641522
4136, 3571088416
4137, 3540406910
4138, 3522236027
4139, 3473069121
4140, 3496075118
4141, 3473108281
4142, 3460336508
4143, 3484753252
4144, 3465008725
4145, 3444437692
4146, 3458135339
4147, 3478536267
4148, 3495820162
4149, 3486579812
4150, 3474843128
4151, 3460733098
4152, 3446185379
4153, 3459158334
4154, 3446919045
4155, 3426140045
4156, 3446714334
4157, 3466284804
4158, 3439923813
4159, 3407030729
4160, 3374849151
4161, 3446416151
4162, 3421299045
4163, 3444380112
4164, 3467756943
4165, 3488815699
4166, 3508587972
4167, 3536160822
4168, 3568015353
4169, 3594336506
4170, 3569988773
4171, 3549661171
4172, 3573493477
4173, 3595856277
4174, 3624873636
4175, 3588471730
4176, 3624119755
4177, 3593102355
4178, 3626098558
4179, 3599870333
4180, 3619456083
4181, 3627170815
4182, 3661197356
4183, 3690523400
4184, 3667551737
4185, 3640293019
4186, 3616242449
4187, 3586638462
4188, 3617364984
4189, 3592625964
4190, 3617941955
4191, 3617941955
4192, 3642072155
4193, 3661121466
4194, 3638222329
4195, 3617767787
4196, 3637347695
4197, 3652107964
4198, 3635013419
4199, 3622662076
4200, 3647240807
4201, 3614513007
4202, 3625946729
4203, 3616570586
4204, 3630570488
4205, 3613900371
4206, 3634545932
4207, 3654993046
4208, 3635395677
4209, 3647885377
4210, 3624019071
4211, 3640950748
4212, 3619304065
4213, 3588657949
4214, 3610210097
4215, 3624038528
4216, 3640126062
4217, 3673424215
4218, 3687932807
4219, 3674397715
4220, 3660527048
4221, 3674384882
4222, 3688096960
4223, 3673150224
4224, 3633749940
4225, 3576111828
4226, 3612685253
4227, 3577708512
4228, 3605320812
4229, 3581414381
4230, 3594974179
4231, 3610348454
4232, 3635057445
4233, 3657307379
4234, 3679397207
4235, 3707147848
4236, 3688349778
4237, 3701167635
4238, 3688578712
4239, 3705245699
4240, 3690803391
4241, 3677505338
4242, 3691178604
4243, 3677842885
4244, 3691881222
4245, 3707579014
4246, 3726455819
4247, 3760223772
4248, 3790292250
4249, 3820786610
4250, 3805592454
4251, 3792706907
4252, 3803290671
4253, 3786796790
4254, 3774783086
4255, 3760825586
4256, 3773629969
4257, 3740070382
4258, 3724998754
4259, 3737845994
4260, 3719750602
4261, 3744473816
4262, 3762535850
4263, 3785674977
4264, 3802568096
4265, 3802568096
4266, 3784955724
4267, 3772611401
4268, 3787336882
4269, 3772402630
4270, 3784923861
4271, 3770680225
4272, 3780678247
4273, 3795447633
4274, 3812732195
4275, 3825098677
4276, 3838441463
4277, 3810311735
4278, 3779565169
4279, 3734412857
4280, 3708589457
4281, 3726449635
4282, 3741989919
4283, 3758708911
4284, 3773850227
4285, 3791145438
4286, 3771566538
4287, 3759033136
4288, 3769130260
4289, 3758054565
4290, 3768706464
4291, 3780222051
4292, 3792212941
4293, 3818084027
4294, 3843047714
4295, 3831860745
4296, 3848639234
4297, 3832829250
4298, 3847657461
4299, 3869614839
4300, 3851421664
4301, 3836561389
4302, 3861636897
4303, 3876527524
4304, 3860480671
4305, 3837093201
4306, 3852062245
4307, 3833041472
4308, 3814300725
4309, 3827216877
4310, 3803221563
4311, 3819676161
4312, 3806462497
4313, 3792191655
4314, 3805752730
4315, 3822701877
4316, 3806848575
4317, 3796751252
4318, 3784877332
4319, 3794641317
4320, 3787242597
4321, 3797532352
4322, 3807243028
4323, 3795844095
4324, 3776730508
4325, 3752156453
4326, 3715149672
4327, 3734035277
4328, 3746618494
4329, 3761108467
4330, 3734333736
4331, 3745013059
4332, 3734881566
4333, 3740940602
4334, 3752038020
4335, 3741559428
4336, 3759124456
4337, 3744003209
4338, 3761594136
4339, 3778912748
4340, 3795581562
4341, 3764315846
4342, 3848090990
4343, 3848090990
4344, 3827382646
4345, 3781364087
4346, 3755455053
4347, 3778201253
4348, 3798363273
4349, 3786444614
4350, 3775349103
4351, 3785684128
4352, 3806604455
4353, 3793453444
4354, 3781675906
4355, 3789515702
4356, 3778564289
4357, 3788010739
4358, 3796945626
4359, 3809996749
4360, 3826559932
4361, 3811665591
4362, 3803192277
4363, 3788974802
4364, 3803799852
4365, 3791940040
4366, 3802648786
4367, 3793856447
4368, 3809577350
4369, 3822769806
4370, 3813018778
4371, 3798470539
4372, 3808074044
4373, 3821986360
4374, 3805642529
4375, 3820233629
4376, 3829115775
4377, 3838107637
4378, 3827300017
4379, 3848475928
4380, 3861482749
4381, 3851118044
4382, 3873151911
4383, 3859314584
4384, 3875129512
4385, 3885628750
4386, 3901200131
4387, 3913745854
4388, 3898811587
4389, 3883079207
4390, 3910845742
4391, 3929989442
4392, 3969214842
4393, 4000998764
4394, 3970939527
4395, 3999103711
4396, 3977484217
4397, 3954228817
4398, 3978172017
4399, 3962736230
4400, 3919834136
4401, 3953340936
4402, 3976778186
4403, 3993789011
4404, 3976187511
4405, 3933616345
4406, 3888845395
4407, 3863643020
4408, 3888269220
4409, 3906041320
4410, 3888486120
4411, 3872573495
4412, 3857511590
4413, 3835217015
4414, 3853542665
4415, 3882891752
4416, 3868599941
4417, 3883901869
4418, 3899106269
4419, 3914885846
4420, 3901414146
4421, 3890583653
4422, 3873726483
4423, 3888811858
4424, 3904647510
4425, 3922873310
4426, 3944192110
4427, 3965588966
4428, 3949997375
4429, 3930932455
4430, 3916041039
4431, 3948471564
4432, 3974869820
4433, 3988107020
4434, 3972946720
4435, 3983406720
4436, 3993831920
4437, 4000287369
4438, 4011758969
4439, 3997663175
4440, 4023796727
4441, 4051448568
4442, 4029234577
4443, 4043604752
4444, 4069074604
4445, 4048173202
4446, 4064355304
4447, 4078132429
4448, 4078132429
4449, 4068300059
4450, 4085140956
4451, 4095854456
4452, 4071214556
4453, 4078661491
4454, 4083775381
4455, 4076410120
4456, 4070271320
4457, 4061594316
4458, 4069886916
4459, 4048373547
4460, 4064134199
4461, 4051662464
4462, 4065799664
4463, 4084450403
4464, 4071552830
4465, 4080286267
4466, 4064236617
4467, 4078712947
4468, 4069228278
4469, 4052873578
4470, 4033168766
4471, 4011717227
4472, 4024723977
4473, 4009335511
4474, 3982966036
4475, 3956202286
4476, 3996832283
4477, 3929613832
4478, 3961864976
4479, 3991939695
4480, 3969742464
4481, 3990825831
4482, 3976784823
4483, 3991037446
4484, 4007243275
4485, 4024888064
4486, 4043239808
4487, 4029139735
4488, 4041230166
4489, 4031244261
4490, 4043351465
4491, 4027477410
4492, 4016321129
4493, 4003947065
4494, 4019697515
4495, 4009918351
4496, 4025700313
4497, 4041189730
4498, 4058148475
4499, 4043433750
4500, 4059635258
4501, 4047058100
4502, 4057684907
4503, 4043188987
4504, 4031336523
4505, 4018727325
4506, 4003930716
4507, 3982751032
4508, 4013613288
4509, 4043311629
4510, 4060246308
4511, 4040930039
4512, 4021413072
4513, 4037460808
4514, 4007871858
4515, 3976156764
4516, 3955217964
4517, 3977149153
4518, 3995442030
4519, 3995442030
4520, 4011180388
4521, 4025700552
4522, 4008874415
4523, 3967842668
4524, 3920074999
4525, 3955557369
4526, 3977199697
4527, 3943176756
4528, 3915134456
4529, 3941457662
4530, 3991960121
4531, 4053542152
4532, 4082476368
4533, 4099166184
4534, 4081249943
4535, 4062207577
4536, 4044969600
4537, 4025574411
4538, 3995141905
4539, 4023871152
4540, 4047190980
4541, 4066669024
4542, 4089119402
4543, 4102238342
4544, 4083119337
4545, 4017067693
4546, 3986656774
4547, 3966354188
4548, 3988876821
4549, 3976400523
4550, 3959360873
4551, 3940498456
4552, 3921651240
4553, 3936494454
4554, 3917914642
4555, 3931719650
4556, 3949236489
4557, 3965529451
4558, 3978585974
4559, 3961625221
4560, 3971406156
4561, 3958233997
4562, 3967412316
4563, 3960854314
4564, 3970289056
4565, 3981481738
4566, 4000188007
4567, 4014556257
4568, 4023738861
4569, 4037059672
4570, 4049487005
4571, 4062412550
4572, 4029993594
4573, 4005587664
4574, 4023424169
4575, 4007223130
4576, 3985626825
4577, 3959424428
4578, 3944831689
4579, 3926754134
4580, 3942764729
4581, 3968265426
4582, 3988757024
4583, 4007359071
4584, 4023900271
4585, 4032505169
4586, 4016791891
4587, 3993698727
4588, 4006325604
4589, 4024394188
4590, 4042766235
4591, 4061454087
4592, 4024984525
4593, 3968656813
4594, 3931133766
4595, 3952669005
4596, 3934241336
4597, 3952395331
4598, 3990993653
4599, 4038379306
4600, 4018238101
4601, 4003630556
4602, 3992057818
4603, 4021922012
4604, 4003995940
4605, 3989422307
4606, 4002520935
4607, 3984906683
4608, 3996677663
4609, 3985370477
4610, 3995963476
4611, 3987299824
4612, 3974395001
4613, 3990925420
4614, 3999851300
4615, 4013188194
4616, 4033326110
4617, 4050413544
4618, 4037756708
4619, 4050011765
4620, 4064893498
4621, 4050536053
4622, 4060053797
4623, 4084887367
4624, 4101365015
4625, 4112985368
4626, 4132781366
4627, 4116693935
4628, 4131452587
4629, 4157472632
4630, 4232876969
4631, 4180212250
4632, 4210933653
4633, 4236152345
4634, 4305835520
4635, 4233539726
4636, 4294947951
4637, 4255474960
4638, 4162029929
4639, 3928272604
4640, 3819245042
4641, 3885333092
4642, 3934327698
4643, 3898443039
4644, 3960588176
4645, 3924712257
4646, 3955090476
4647, 3919922445
4648, 3944507492
4649, 3982689889
4650, 4006260303
4651, 3983737759
4652, 4010328293
4653, 4043852093
4654, 4007096824
4655, 3968270724
4656, 3929757883
4657, 3887790357
4658, 3914791282
4659, 3938878909
4660, 3956675479
4661, 3998205457
4662, 4067551044
4663, 4098199438
4664, 4131999288
4665, 4168595800
4666, 4205484969
4667, 4180095892
4668, 4196305484
4669, 4214752290
4670, 4231868262
4671, 4256906001
4672, 4289915922
4673, 4312551197
4674, 4336710639
4675, 4361418841
4676, 4329836591
4677, 4360388457
4678, 4324874929
4679, 4353688163
4680, 4392074947
4681, 4365239935
4682, 4335988613
4683, 4364896607
4684, 4342671247
4685, 4357309395
4686, 4343099948
4687, 4356533073
4688, 4347619335
4689, 4324476435
4690, 4340773910
4691, 4326539288
4692, 4338696646
4693, 4354109443
4694, 4335923027
4695, 4355577703
4696, 4339400248
4697, 4360498032
4698, 4380867642
4699, 4362738634
4700, 4341347781
4701, 4358453056
4702, 4373790634
4703, 4349700707
4704, 4373719812
4705, 4358208476
4706, 4364171346
4707, 4369341394
4708, 4362716925
4709, 4373419478
4710, 4364115239
4711, 4352192681
4712, 4337805492
4713, 4354002961
4714, 4342215712
4715, 4356918196
4716, 4349453616
4717, 4339283650
4718, 4317684642
4719, 4301774525
4720, 4284660861
4721, 4299341538
4722, 4339105985
4723, 4355293282
4724, 4367516599
4725, 4382213975
4726, 4401179978
4727, 4355499069
4728, 4271085145
4729, 4196730789
4730, 4232759842
4731, 4253062831
4732, 4270047143
4733, 4253773991
4734, 4235367944
4735, 4219309346
4736, 4203801940
4737, 4215956760
4738, 4206168901
4739, 4224324685
4740, 4238106610
4741, 4225317255
4742, 4235726634
4743, 4249018943
4744, 4236986335
4745, 4224858082
4746, 4215061505
4747, 4232981805
4748, 4242201321
4749, 4232157540
4750, 4221130340
4751, 4198738040
4752, 4228836540
4753, 4240704240
4754, 4228816240
4755, 4217014340
4756, 4206413740
4757, 4196406440
4758, 4204793440
4759, 4213880440
4760, 4225256840
4761, 4234912940
4762, 4253832840
4763, 4268590840
4764, 4282784940
4765, 4274516140
4766, 4266957140
4767, 4252920340
4768, 4269083240
4769, 4289646640
4770, 4280762340
4771, 4270346823
4772, 4255624523
4773, 4267853823
4774, 4257136823
4775, 4245755315
4776, 4261826315
4777, 4275504290
4778, 4267067990
4779, 4258230690
4780, 4270596490
4781, 4285635452
4782, 4299468525
4783, 4285876925
4784, 4296105529
4785, 4277567534
4786, 4245286109
4787, 4230987309
4788, 4242268386
4789, 4231412986
4790, 4224215936
4791, 4211503436
4792, 4197245636
4793, 4186778036
4794, 4172294336
4795, 4152917236
4796, 4166884445
4797, 4195098157
4798, 4210848257
4799, 4199338657
4800, 4213603412
4801, 4224590656
4802, 4234892356
4803, 4227124062
4804, 4217906112
4805, 4172542183
4806, 4227072963
4807, 4257477163
4808, 4247197863
4809, 4234403233
4810, 4248089733
4811, 4238675706
4812, 4227747806
4813, 4238900660
4814, 4230035036
4815, 4241928336
4816, 4231895036
4817, 4222063936
4818, 4214438436
4819, 4202443880
4820, 4210387348
4821, 4186692378
4822, 4177461478
4823, 4166585278
4824, 4187039778
4825, 4198982778
4826, 4188965278
4827, 4177303878
4828, 4183445378
4829, 4176584746
4830, 4188046946
4831, 4198823146
4832, 4182392246
4833, 4169910946
4834, 4181169288
4835, 4187567688
4836, 4195280588
4837, 4183477188
4838, 4164044788
4839, 4143515688
4840, 4160424988
4841, 4170482488
4842, 4179195588
4843, 4169689079
4844, 4160541969
4845, 4169004369
4846, 4183868569
4847, 4169116569
4848, 4183978069
4849, 4166263369
4850, 4156995969
4851, 4148405269
4852, 4135462569
4853, 4125129569
4854, 4114838965
4855, 4105296365
4856, 4089850265
4857, 4099737161
4858, 4108789061
4859, 4115633061
4860, 4103335889
4861, 4115181289
4862, 4126532689
4863, 4112751702
4864, 4081308602
4865, 4110296202
4866, 4122537202
4867, 4114603702
4868, 4103158502
4869, 4094181902
4870, 4078577502
4871, 4060203902
4872, 4037040824
4873, 4052793024
4874, 4078207524
4875, 4097312524
4876, 4087946524
4877, 4074337624
4878, 4054434124
4879, 4070122124
4880, 4083870924
4881, 4070016824
4882, 4043143024
4883, 4090201524
4884, 4075872516
4885, 4090237816
4886, 4068050916
4887, 4093712516
4888, 4115892216
4889, 4098798032
4890, 4078259732
4891, 4097004632
4892, 4081389732
4893, 4068634345
4894, 4049530275
4895, 4036712775
4896, 3987175963
4897, 4029071363
4898, 4047389263
4899, 4047389263
4900, 4076639763
4901, 4089522368
4902, 4100486168
4903, 4112711010
4904, 4126956310
4905, 4138786310
4906, 4151353612
4907, 4135479812
4908, 4124197012
4909, 4143600812
4910, 4131101912
4911, 4141958424
4912, 4122609251
4913, 4092172751
4914, 4110673851
4915, 4134982451
4916, 4150792651
4917, 4177173451
4918, 4192347651
4919, 4181551551
4920, 4198970351
4921, 4183763657
4922, 4171369377
4923, 4188871186
4924, 4204550186
4925, 4187941686
4926, 4174296228
4927, 4185807128
4928, 4174000328
4929, 4159727228
4930, 4148663928
4931, 4159751728
4932, 4149481428
4933, 4160587028
4934, 4146364928
4935, 4158863428
4936, 4170763728
4937, 4157401028
4938, 4170658928
4939, 4165342928
4940, 4182877628
4941, 4171857175
4942, 4228556675
4943, 4211478073
4944, 4227587573
4945, 4215539673
4946, 4235392252
4947, 4190290352
4948, 4206464452
4949, 4191528352
4950, 4173970399
4951, 4190157599
4952, 4202846999
4953, 4189603499
4954, 4172681699
4955, 4181788399
4956, 4197319674
4957, 4210788774
4958, 4207318116
4959, 4196297361
4960, 4208919253
4961, 4203623142
4962, 4196709597
4963, 4175347715
4964, 4188883658
4965, 4174146644
4966, 4155368484
4967, 4179584785
4968, 4162444663
4969, 4173430792
4970, 4157929213
4971, 4172043832
4972, 4156015953
4973, 4176068853
4974, 4156596966
4975, 4171170476
4976, 4185582012
4977, 4207591293
4978, 4218201526
4979, 4206110399
4980, 4191417621
4981, 4206653722
4982, 4217990540
4983, 4184441087
4984, 4132814107
4985, 4158662040
4986, 4144161958
4987, 4121186599
4988, 4108083978
4989, 4116397121
4990, 4106234839
4991, 4118351181
4992, 4136877759
4993, 4149073070
4994, 4162982122
4995, 4182734612
4996, 4203220593
4997, 4188891942
4998, 4200784814
4999, 4219547957
5000, 4235075255
5001, 4252279038
5002, 4265658393
5003, 4275261485
5004, 4264678387
5005, 4286570504
5006, 4306097691
5007, 4290348072
5008, 4300775172
5009, 4281322429
5010, 4292322597
5011, 4284069854
5012, 4273397536
5013, 4284400060
5014, 4293735765
5015, 4314288403
5016, 4327839751
5017, 4316225820
5018, 4304008115
5019, 4318126730
5020, 4329967144
5021, 4352007798
5022, 4370017895
5023, 4386869202
5024, 4374170904
5025, 4392880215
5026, 4381696487
5027, 4399965264
5028, 4363409582
5029, 4344429684
5030, 4355993681
5031, 4365179511
5032, 4380886449
5033, 4365255411
5034, 4347473633
5035, 4363938510
5036, 4346080148
5037, 4374834980
5038, 4363734401
5039, 4355422977
5040, 4346553390
5041, 4337268296
5042, 4321942538
5043, 4311562841
5044, 4322676307
5045, 4316607333
5046, 4308205474
5047, 4299487186
5048, 4311625361
5049, 4319793040
5050, 4313947289
5051, 4320612871
5052, 4311736618
5053, 4303761843
5054, 4293657019
5055, 4309825656
5056, 4299224174
5057, 4291493946
5058, 4284863600
5059, 4250972584
5060, 4258065262
5061, 4266718681
5062, 4238042619
5063, 4253425252
5064, 4267207820
5065, 4277694187
5066, 4256883433
5067, 4268337185
5068, 4256970462
5069, 4265224855
5070, 4251591643
5071, 4259971560
5072, 4273963246
5073, 4263456089
5074, 4257442832
5075, 4269127740
5076, 4259953640
5077, 4269518751
5078, 4258105098
5079, 4266440468
5080, 4271397083
5081, 4266366857
5082, 4272985944
5083, 4255375375
5084, 4243734752
5085, 4253401962
5086, 4262736077
5087, 4274896301
5088, 4284887476
5089, 4276906909
5090, 4284113176
5091, 4291281553
5092, 4299334616
5093, 4316391971
5094, 4302894820
5095, 4294275833
5096, 4304546730
5097, 4291387181
5098, 4306560623
5099, 4316816003
5100, 4324642961
5101, 4317272219
5102, 4327912082
5103, 4288068647
5104, 4302104107
5105, 4290429447
5106, 4283481882
5107, 4271087434
5108, 4280222077
5109, 4273610650
5110, 4267879756
5111, 4276571138
5112, 4283156089
5113, 4291729949
5114, 4291729949
5115, 4303565598
5116, 4325363037
5117, 4349657857
5118, 4340522127
5119, 4327480249
5120, 4334614922
5121, 4343017748
5122, 4350166699
5123, 4343981259
5124, 4352454006
5125, 4345909535
5126, 4350660239
5127, 4356504118
5128, 4352312308
5129, 4357911777
5130, 4364543440
5131, 4369692485
5132, 4375778220
5133, 4389769513
5134, 4382224258
5135, 4375111433
5136, 4363383396
5137, 4372620048
5138, 4363369617
5139, 4373295097
5140, 4384074383
5141, 4371795706
5142, 4364449680
5143, 4356435293
5144, 4367539521
5145, 4367539521
5146, 4336211829
5147, 4324457534
5148, 4332254446
5149, 4339142887
5150, 4330822783
5151, 4340585036
5152, 4347375686
5153, 4355180503
5154, 4360526588
5155, 4355248112
5156, 4347674536
5157, 4352692044
5158, 4344290404
5159, 4337795514
5160, 4324473665
5161, 4317620247
5162, 4323198163
5163, 4312047885
5164, 4323829174
5165, 4313735166
5166, 4309841556
5167, 4314066827
5168, 4309264295
5169, 4304582317
5170, 4298624955
5171, 4293647889
5172, 4289898231
5173, 4278146710
5174, 4265126754
5175, 4257013934
5176, 4261593371
5177, 4266544663
5178, 4270499780
5179, 4293563983
5180, 4277701797
5181, 4292563050
5182, 4279870757
5183, 4293235675
5184, 4304219314
5185, 4312443645
5186, 4304960385
5187, 4295535897
5188, 4287989801
5189, 4284670241
5190, 4282199838
5191, 4288115164
5192, 4295095032
5193, 4288857657
5194, 4277519174
5195, 4284692978
5196, 4288937367
5197, 4283316306
5198, 4289581927
5199, 4298506498
5200, 4305042366
5201, 4300659634
5202, 4307057522
5203, 4288689218
5204, 4246803174
5205, 4267498401
5206, 4254077613
5207, 4268621976
5208, 4260590291
5209, 4252192053
5210, 4255920722
5211, 4259172409
5212, 4254894796
5213, 4250914413
5214, 4257347205
5215, 4263198618
5216, 4274848735
5217, 4284634035
5218, 4279509810
5219, 4286765539
5220, 4293534678
5221, 4299019998
5222, 4293250850
5223, 4297228100
5224, 4292527729
5225, 4295948602
5226, 4301258391
5227, 4296409763
5228, 4307939245
5229, 4331862209
5230, 4342706602
5231, 4333899171
5232, 4329194516
5233, 4323428686
5234, 4328183701
5235, 4323140903
5236, 4318234940
5237, 4324657378
5238, 4331560788
5239, 4327160803
5240, 4331610824
5241, 4334648702
5242, 4330872802
5243, 4336974999
5244, 4330799600
5245, 4352378858
5246, 4345060913
5247, 4335947007
5248, 4342649423
5249, 4349298939
5250, 4342520742
5251, 4346155454
5252, 4348772604
5253, 4343291574
5254, 4350132476
5255, 4344174820
5256, 4339652272
5257, 4334623454
5258, 4338200008
5259, 4341345454
5260, 4338050623
5261, 4341041051
5262, 4345744041
5263, 4341943747
5264, 4335664449
5265, 4339291530
5266, 4333955757
5267, 4339778748
5268, 4333309309
5269, 4340082704
5270, 4348380519
5271, 4342847100
5272, 4342847100
5273, 4347095723
5274, 4351182276
5275, 4347758323
5276, 4340528988
5277, 4348204366
5278, 4343773973
5279, 4348503072
5280, 4344453100
5281, 4349082914
5282, 4356191370
5283, 4350597503
5284, 4354887201
5285, 4358506526
5286, 4362234377
5287, 4371110568
5288, 4359643849
5289, 4368818733
5290, 4362887916
5291, 4372741722
5292, 4383021469
5293, 4378968332
5294, 4389603724
5295, 4384678186
5296, 4391064628
5297, 4397129906
5298, 4392427495
5299, 4386218603
5300, 4394054070
5301, 4404106546
5302, 4414376460
5303, 4406018616
5304, 4412161545
5305, 4405976115
5306, 4415093208
5307, 4434500354
5308, 4413558028
5309, 4399820519
5310, 4410987830
5311, 4420671202
5312, 4413329920
5313, 4425560636
5314, 4437521807
5315, 4443570989
5316, 4435171521
5317, 4426501407
5318, 4434278097
5319, 4424421421
5320, 4424421421
5321, 4397105567
5322, 4423097946
5323, 4498478167
5324, 4424306210
5325, 4366586823
5326, 4209276991
5327, 4281340398
5328, 4210062090
5329, 4210062090
5330, 4248941741
5331, 4204078918
5332, 4232810602
5333, 4215551898
5334, 4228606992
5335, 4205890704
5336, 4188867201
5337, 4203541737
5338, 4191627343
5339, 4200441095
5340, 4195881555
5341, 4204687765
5342, 4198709459
5343, 4201485576
5344, 4205649766
5345, 4215844884
5346, 4221680865
5347, 4225479324
5348, 4229899578
5349, 4236798740
5350, 4243925351
5351, 4235249431
5352, 4243739493
5353, 4234912782
5354, 4231241579
5355, 4227977157
5356, 4233420465
5357, 4225025434
5358, 4230896479
5359, 4224202513
5360, 4228354052
5361, 4222508053
5362, 4227233981
5363, 4234564383
5364, 4240097343
5365, 4235891713
5366, 4232820790
5367, 4228401329
5368, 4222849085
5369, 4230251814
5370, 4238113170
5371, 4245753466
5372, 4257695286
5373, 4270704270
5374, 4275298362
5375, 4280917688
5376, 4285048784
5377, 4280993319
5378, 4275052371
5379, 4269496515
5380, 4265907305
5381, 4271195794
5382, 4267521501
5383, 4265333224
5384, 4262059946
5385, 4257184052
5386, 4261124361
5387, 4257827441
5388, 4263290485
5389, 4269953866
5390, 4280708398
5391, 4269250340
5392, 4277834785
5393, 4283157595
5394, 4287630719
5395, 4276197733
5396, 4272073790
5397, 4280597078
5398, 4262596944
5399, 4255948129
5400, 4269925568
5401, 4262712138
5402, 4268164513
5403, 4288585498
5404, 4294286407
5405, 4289996770
5406, 4293448202
5407, 4295381742
5408, 4298136703
5409, 4303825857
5410, 4308077507
5411, 4303967552
5412, 4300586859
5413, 4305105343
5414, 4300846641
5415, 4306202228
5416, 4302907563
5417, 4310056905
5418, 4306099961
5419, 4309765741
5420, 4305215143
5421, 4310181707
5422, 4317786484
5423, 4325551038
5424, 4336231498
5425, 4346115133
5426, 4336060540
5427, 4329739025
5428, 4336868853
5429, 4346030374
5430, 4338667009
5431, 4328612346
5432, 4333052246
