0, 61.4
1, 61.76
2, 62.6
3, 61.4
4, 60.2
5, 58.04
6, 62.4
7, 61.8
8, 60.6
9, 61.4
10, 61.4
11, 61.4
12, 59.2
13, 54.68
14, 51.48
15, 55.24
16, 55.44
17, 63.0
18, 57.04
19, 55.48
20, 55.04
21, 51.48
22, 51.28
23, 48.12
24, 49.92
25, 49.92
26, 46.16
27, 55.24
28, 49.52
29, 49.72
30, 47.52
31, 47.92
32, 46.56
33, 45.96
34, 45.96
35, 45.16
36, 46.16
37, 46.36
38, 44.92
39, 47.32
40, 45.16
41, 47.32
42, 47.72
43, 48.32
44, 47.92
45, 48.12
46, 48.32
47, 49.12
48, 48.52
49, 49.72
50, 49.92
51, 49.92
52, 49.72
53, 49.32
54, 48.32
55, 46.56
56, 47.52
57, 46.76
58, 45.96
59, 46.92
60, 45.16
61, 45.36
62, 45.96
63, 44.36
64, 45.36
65, 44.96
66, 44.96
67, 43.56
68, 43.36
69, 43.56
70, 43.56
71, 43.76
72, 42.8
73, 42.96
74, 42.96
75, 42.6
76, 46.36
77, 47.32
78, 47.92
79, 49.52
80, 47.12
81, 48.12
82, 47.32
83, 43.56
84, 42.8
85, 42.96
86, 43.56
87, 43.16
88, 43.36
89, 42.96
90, 42.6
91, 42.96
92, 42.6
93, 74.08
94, 59.4
95, 61.4
96, 60.0
97, 56.24
98, 53.28
99, 51.88
100, 53.24
101, 53.88
102, 52.88
103, 51.68
104, 50.92
105, 52.28
106, 51.48
107, 51.08
108, 50.52
109, 54.08
110, 52.68
111, 53.88
112, 56.64
113, 53.68
114, 52.88
115, 52.48
116, 50.72
117, 51.28
118, 51.08
119, 50.32
120, 49.92
121, 49.92
122, 49.92
123, 47.72
124, 46.36
125, 45.76
126, 46.16
127, 46.16
128, 46.16
129, 44.56
130, 45.76
131, 46.92
132, 48.12
133, 50.32
134, 52.28
135, 48.92
136, 47.72
137, 48.12
138, 47.92
139, 47.72
140, 45.76
141, 46.16
142, 46.76
143, 47.32
144, 49.12
145, 49.92
146, 48.12
147, 49.92
148, 49.12
149, 49.32
150, 47.88
151, 48.12
152, 46.76
153, 46.56
154, 50.32
155, 48.72
156, 47.72
157, 48.32
158, 47.32
159, 49.52
160, 49.52
161, 48.92
162, 51.48
163, 50.52
164, 49.52
165, 50.32
166, 48.52
167, 48.12
168, 47.52
169, 48.12
170, 48.92
171, 48.32
172, 48.52
173, 49.72
174, 49.52
175, 48.92
176, 48.92
177, 48.52
178, 48.72
179, 50.12
180, 53.28
181, 51.28
182, 50.32
183, 52.48
184, 52.16
185, 52.48
186, 53.08
187, 56.84
188, 57.2
189, 47.92
190, 47.72
191, 47.92
192, 47.12
193, 47.72
194, 46.76
195, 45.76
196, 44.36
197, 45.16
198, 45.36
199, 47.12
200, 47.12
201, 46.56
202, 45.16
203, 45.56
204, 45.76
205, 46.16
206, 46.92
207, 46.76
208, 45.36
209, 45.16
210, 44.96
211, 45.36
212, 47.32
213, 48.92
214, 47.52
215, 48.52
216, 50.52
217, 51.88
218, 52.08
219, 50.32
220, 50.92
221, 50.52
222, 50.72
223, 50.12
224, 52.88
225, 55.24
226, 51.88
227, 51.48
228, 51.28
229, 51.68
230, 50.92
231, 51.28
232, 50.92
233, 51.08
234, 51.48
235, 51.48
236, 51.68
237, 52.08
238, 52.48
239, 52.88
240, 53.48
241, 53.28
242, 52.08
243, 52.68
244, 52.68
245, 53.28
246, 52.68
247, 53.08
248, 52.68
249, 52.28
250, 52.48
251, 51.08
252, 51.08
253, 51.28
254, 50.92
255, 50.92
256, 51.28
257, 50.32
258, 51.08
259, 58.84
260, 58.04
261, 57.24
262, 56.84
263, 56.64
264, 55.44
265, 55.44
266, 55.44
267, 58.24
268, 57.64
269, 56.44
270, 55.24
271, 54.28
272, 54.08
273, 52.68
274, 50.92
275, 50.92
276, 50.52
277, 51.68
278, 51.88
279, 53.48
280, 53.28
281, 53.28
282, 53.28
283, 52.08
284, 52.28
285, 51.68
286, 51.48
287, 52.48
288, 51.68
289, 51.48
290, 53.68
291, 53.48
292, 53.48
293, 54.08
294, 54.28
295, 54.48
296, 54.88
297, 54.88
298, 54.48
299, 54.48
300, 51.68
301, 51.48
302, 51.48
303, 52.08
304, 52.28
305, 52.08
306, 54.88
307, 56.24
308, 54.48
309, 54.08
310, 54.88
311, 54.28
312, 55.24
313, 55.24
314, 55.24
315, 55.24
316, 55.24
317, 54.88
318, 53.68
319, 52.48
320, 51.88
321, 53.28
322, 53.28
323, 53.48
324, 52.48
325, 51.88
326, 52.88
327, 53.08
328, 53.28
329, 53.08
330, 52.88
331, 53.08
332, 53.08
333, 53.08
334, 52.88
335, 52.48
336, 53.08
337, 55.04
338, 56.04
339, 55.44
340, 55.64
341, 56.04
342, 56.24
343, 56.04
344, 55.44
345, 55.44
346, 55.44
347, 54.28
348, 53.88
349, 55.04
350, 53.48
351, 54.88
352, 54.88
353, 54.88
354, 54.08
355, 54.48
356, 53.28
357, 53.48
358, 53.08
359, 52.48
360, 53.08
361, 52.28
362, 52.68
363, 52.48
364, 52.28
365, 52.48
366, 53.28
367, 53.08
368, 52.88
369, 53.08
370, 50.12
371, 47.12
372, 47.72
373, 47.92
374, 47.52
375, 48.12
376, 47.92
377, 47.92
378, 48.52
379, 47.52
380, 47.32
381, 45.56
382, 47.72
383, 46.16
384, 46.16
385, 45.76
386, 45.96
387, 43.76
388, 43.56
389, 44.16
390, 43.76
391, 43.36
392, 44.16
393, 43.36
394, 45.76
395, 47.52
396, 48.92
397, 49.12
398, 48.92
399, 49.52
400, 47.52
401, 49.52
402, 49.52
403, 49.72
404, 50.52
405, 51.08
406, 51.88
407, 51.68
408, 54.08
409, 53.68
410, 49.92
411, 54.08
412, 53.08
413, 52.08
414, 52.88
415, 52.08
416, 51.68
417, 50.52
418, 50.92
419, 48.72
420, 49.52
421, 49.72
422, 49.72
423, 49.52
424, 49.72
425, 49.52
426, 49.52
427, 49.52
428, 49.72
429, 49.52
430, 49.52
431, 49.52
432, 50.32
433, 49.92
434, 50.12
435, 49.52
436, 49.52
437, 50.52
438, 51.08
439, 50.72
440, 50.12
441, 51.28
442, 51.08
443, 52.48
444, 52.48
445, 52.88
446, 52.48
447, 51.68
448, 51.08
449, 51.48
450, 51.28
451, 50.92
452, 51.88
453, 50.92
454, 50.52
455, 51.88
456, 51.68
457, 51.28
458, 50.12
459, 50.72
460, 49.52
461, 50.52
462, 50.72
463, 50.12
464, 50.12
465, 50.12
466, 49.92
467, 49.92
468, 49.52
469, 49.52
470, 49.52
471, 49.52
472, 49.72
473, 49.72
474, 50.72
475, 49.52
476, 49.52
477, 49.92
478, 51.68
479, 50.52
480, 49.92
481, 49.72
482, 49.92
483, 49.52
484, 49.52
485, 49.92
486, 49.52
487, 49.92
488, 49.72
489, 49.92
490, 49.92
491, 49.72
492, 49.72
493, 49.72
494, 49.72
495, 50.52
496, 50.72
497, 50.72
498, 51.08
499, 51.28
500, 49.52
501, 50.32
502, 50.32
503, 50.12
504, 49.52
505, 51.48
506, 50.72
507, 49.72
508, 52.08
509, 50.52
510, 50.6
511, 51.2
512, 51.4
513, 51.4
514, 52.44
515, 52.0
516, 51.0
517, 51.2
518, 51.0
519, 51.4
520, 52.0
521, 51.4
522, 51.0
523, 51.2
524, 51.0
525, 58.0
526, 54.4
527, 53.6
528, 56.2
529, 57.0
530, 57.0
531, 56.6
532, 57.6
533, 57.8
534, 56.08
535, 56.0
536, 55.76
537, 55.8
538, 55.4
539, 55.4
540, 55.2
541, 53.2
542, 52.8
543, 53.6
544, 53.2
545, 52.4
546, 53.0
547, 52.6
548, 52.6
549, 54.6
550, 53.6
551, 54.4
552, 54.8
553, 55.0
554, 54.4
555, 53.2
556, 55.0
557, 53.6
558, 54.8
559, 55.4
560, 53.6
561, 53.4
562, 53.6
563, 54.0
564, 53.6
565, 53.4
566, 52.6
567, 52.2
568, 52.4
569, 52.4
570, 54.0
571, 53.6
572, 54.0
573, 56.0
574, 55.6
575, 55.8
576, 53.8
577, 53.2
578, 54.4
579, 52.4
580, 54.8
581, 54.0
582, 54.0
583, 53.4
584, 52.6
585, 52.0
586, 51.4
587, 51.4
588, 51.6
589, 50.8
590, 53.0
591, 52.6
592, 52.4
593, 52.2
594, 51.8
595, 50.2
596, 50.0
597, 49.8
598, 49.8
599, 49.8
600, 49.6
601, 52.0
602, 51.6
603, 50.2
604, 48.8
605, 49.0
606, 50.0
607, 49.2
608, 47.8
609, 47.6
610, 47.4
611, 48.4
612, 48.4
613, 49.8
614, 49.56
615, 50.6
616, 51.0
617, 50.8
618, 51.8
619, 51.2
620, 50.0
621, 49.6
622, 51.2
623, 49.4
624, 48.0
625, 48.6
626, 48.6
627, 47.4
628, 47.6
629, 48.0
630, 47.8
631, 46.0
632, 46.8
633, 46.6
634, 46.8
635, 46.8
636, 47.8
637, 48.2
638, 48.0
639, 48.4
640, 48.4
641, 48.0
642, 47.4
643, 48.0
644, 48.0
645, 47.8
646, 47.0
647, 46.6
648, 49.6
649, 49.8
650, 48.2
651, 48.8
652, 47.6
653, 46.0
654, 47.8
655, 46.2
656, 47.6
657, 45.0
658, 45.0
659, 44.8
660, 45.8
661, 45.6
662, 45.6
663, 45.6
664, 44.8
665, 44.52
666, 44.4
667, 44.0
668, 44.0
669, 45.0
670, 45.4
671, 44.6
672, 45.4
673, 45.0
674, 42.0
675, 41.0
676, 45.0
677, 42.0
678, 39.2
679, 39.8
680, 38.0
681, 38.0
682, 38.0
683, 38.0
684, 39.0
685, 41.0
686, 38.8
687, 40.0
688, 39.8
689, 39.4
690, 39.2
691, 35.4
692, 37.8
693, 38.2
694, 37.4
695, 37.6
696, 37.4
697, 38.4
698, 37.0
699, 37.6
700, 37.6
701, 37.8
702, 35.6
703, 37.0
704, 37.6
705, 38.4
706, 36.8
707, 35.4
708, 35.4
709, 33.4
710, 33.8
711, 31.8
712, 32.0
713, 30.0
714, 29.6
715, 33.8
716, 31.6
717, 31.0
718, 30.0
719, 30.6
720, 29.6
721, 29.6
722, 29.2
723, 30.4
724, 30.8
725, 31.6
726, 31.0
727, 31.4
728, 30.0
729, 29.8
730, 29.0
731, 29.6
732, 29.6
733, 30.4
734, 31.2
735, 31.4
736, 32.4
737, 32.0
738, 32.6
739, 32.4
740, 31.4
741, 31.4
742, 30.0
743, 30.6
744, 30.4
745, 29.2
746, 29.0
747, 28.0
748, 28.0
749, 28.6
750, 29.6
751, 29.4
752, 28.0
753, 27.0
754, 27.0
755, 26.8
756, 27.6
757, 27.0
758, 27.2
759, 24.8
760, 25.6
761, 25.8
762, 25.4
763, 24.6
764, 24.6
765, 24.6
766, 24.4
767, 24.6
768, 24.6
769, 24.6
770, 24.4
771, 23.8
772, 24.4
773, 23.6
774, 24.6
775, 23.8
776, 23.2
777, 23.2
778, 23.6
779, 23.0
780, 23.0
781, 22.8
782, 23.2
783, 23.0
784, 20.2
785, 21.68
786, 19.8
787, 18.56
788, 18.0
789, 18.0
790, 17.8
791, 15.76
792, 15.6
793, 15.4
794, 15.8
795, 15.6
796, 15.6
797, 15.6
798, 13.8
799, 15.16
800, 14.6
801, 15.8
802, 12.0
803, 11.4
804, 13.0
805, 15.2
806, 14.0
807, 15.2
808, 13.8
809, 12.6
810, 13.6
811, 11.4
812, 11.4
813, 10.8
814, 10.8
815, 13.6
816, 12.0
817, 11.36
818, 10.8
819, 10.96
820, 10.36
821, 9.6
822, 9.0
823, 8.56
824, 8.0
825, 8.0
826, 8.0
827, 7.8
828, 6.6
829, 7.6
830, 7.4
831, 7.8
832, 7.0
833, 6.4
834, 6.4
835, 4.6
836, 4.4
837, 5.8
838, 6.4
839, 6.2
840, 5.4
841, 6.0
842, 6.4
843, 6.2
844, 6.4
845, 6.6
846, 7.2
847, 7.4
848, 9.0
849, 9.0
850, 9.0
851, 8.6
852, 9.56
853, 9.76
854, 9.4
855, 10.0
856, 10.4
857, 10.2
858, 10.0
859, 9.6
860, 10.0
861, 10.4
862, 10.4
863, 11.0
864, 12.0
865, 12.8
866, 12.4
867, 11.8
868, 12.56
869, 12.8
870, 11.4
871, 9.4
872, 8.2
873, 8.2
874, 8.84
875, 9.8
876, 9.4
877, 8.2
878, 8.0
879, 5.0
880, 9.0
881, 11.6
882, 9.84
883, 10.6
884, 10.2
885, 8.8
886, 8.04
887, 9.0
888, 8.6
889, 11.0
890, 11.0
891, 11.0
892, 10.8
893, 7.8
894, 10.8
895, 10.8
896, 10.8
897, 8.8
898, 10.8
899, 10.76
900, 10.8
901, 10.0
902, 10.4
903, 10.0
904, 11.0
905, 12.0
906, 11.6
907, 11.6
908, 11.6
909, 13.2
910, 12.2
911, 11.0
912, 10.8
913, 10.6
914, 9.8
915, 9.24
916, 9.0
917, 8.8
918, 8.4
919, 9.4
920, 8.8
921, 8.8
922, 8.4
923, 8.0
924, 8.6
925, 8.4
926, 8.6
927, 8.8
928, 9.0
929, 9.0
930, 8.4
931, 8.4
932, 8.36
933, 8.4
934, 8.2
935, 8.2
936, 8.0
937, 8.2
938, 8.4
939, 8.6
940, 8.0
941, 8.0
942, 8.2
943, 8.2
944, 8.0
945, 8.8
946, 9.0
947, 8.8
948, 9.8
949, 7.4
950, 7.4
951, 7.8
952, 7.6
953, 8.8
954, 8.0
955, 8.4
956, 7.6
957, 7.6
958, 7.6
959, 7.6
960, 7.0
961, 7.0
962, 8.2
963, 7.6
964, 7.6
965, 7.4
966, 7.2
967, 7.36
968, 7.2
969, 7.4
970, 7.6
971, 7.4
972, 7.8
973, 7.6
974, 7.8
975, 7.6
976, 7.8
977, 7.8
978, 8.0
979, 8.0
980, 8.0
981, 8.0
982, 9.8
983, 9.32
984, 8.52
985, 8.36
986, 8.0
987, 7.8
988, 7.6
989, 8.0
990, 8.0
991, 7.8
992, 8.0
993, 7.96
994, 7.6
995, 8.0
996, 8.0
997, 8.0
998, 8.0
999, 8.6
1000, 8.8
1001, 8.76
1002, 8.4
1003, 8.6
1004, 8.6
1005, 8.0
1006, 8.2
1007, 8.0
1008, 8.2
1009, 8.2
1010, 8.8
1011, 8.68
1012, 8.8
1013, 8.4
1014, 8.76
1015, 8.0
1016, 8.6
1017, 8.2
1018, 8.16
1019, 8.2
1020, 8.0
1021, 8.0
1022, 7.4
1023, 8.0
1024, 8.0
1025, 7.8
1026, 7.8
1027, 7.8
1028, 7.6
1029, 7.76
1030, 7.72
1031, 7.8
1032, 7.8
1033, 7.8
1034, 7.76
1035, 7.4
1036, 7.0
1037, 7.0
1038, 7.0
1039, 6.8
1040, 6.6
1041, 6.4
1042, 6.4
1043, 6.4
1044, 6.4
1045, 6.4
1046, 6.2
1047, 6.2
1048, 6.0
1049, 5.8
1050, 5.6
1051, 5.4
1052, 5.0
1053, 4.92
1054, 5.6
1055, 5.4
1056, 5.4
1057, 7.2
1058, 6.4
1059, 6.4
1060, 6.0
1061, 5.8
1062, 5.76
1063, 6.0
1064, 5.8
1065, 5.64
1066, 5.6
1067, 5.0
1068, 5.8
1069, 5.8
1070, 5.4
1071, 5.24
1072, 5.52
1073, 5.2
1074, 5.32
1075, 5.12
1076, 4.72
1077, 4.48
1078, 4.84
1079, 5.0
1080, 5.08
1081, 5.24
1082, 5.16
1083, 5.0
1084, 5.16
1085, 5.12
1086, 5.0
1087, 5.24
1088, 5.16
1089, 5.6
1090, 5.48
1091, 5.4
1092, 5.32
1093, 5.52
1094, 5.52
1095, 5.2
1096, 5.2
1097, 4.92
1098, 5.0
1099, 5.2
1100, 5.52
1101, 5.4
1102, 5.64
1103, 5.56
1104, 5.76
1105, 5.6
1106, 5.52
1107, 5.44
1108, 5.4
1109, 5.4
1110, 5.4
1111, 5.4
1112, 5.72
1113, 5.8
1114, 5.68
1115, 5.76
1116, 5.8
1117, 5.6
1118, 5.4
1119, 5.36
1120, 5.36
1121, 5.36
1122, 5.32
1123, 5.48
1124, 5.52
1125, 5.52
1126, 5.56
1127, 5.64
1128, 5.68
1129, 5.64
1130, 5.56
1131, 5.48
1132, 5.56
1133, 5.72
1134, 5.36
1135, 5.56
1136, 5.64
1137, 5.32
1138, 5.48
1139, 5.6
1140, 5.44
1141, 5.44
1142, 5.28
1143, 5.36
1144, 5.32
1145, 5.24
1146, 5.16
1147, 5.2
1148, 5.08
1149, 5.04
1150, 5.0
1151, 5.08
1152, 4.96
1153, 5.04
1154, 5.04
1155, 5.04
1156, 5.04
1157, 4.84
1158, 4.92
1159, 4.92
1160, 4.96
1161, 4.96
1162, 4.92
1163, 4.92
1164, 4.84
1165, 4.92
1166, 4.72
1167, 4.72
1168, 4.76
1169, 4.76
1170, 4.52
1171, 4.64
1172, 4.32
1173, 3.72
1174, 3.84
1175, 3.96
1176, 3.88
1177, 3.92
1178, 3.92
1179, 3.92
1180, 3.84
1181, 3.88
1182, 3.8
1183, 3.72
1184, 3.08
1185, 3.2
1186, 3.32
1187, 3.32
1188, 3.32
1189, 3.48
1190, 3.68
1191, 3.96
1192, 4.08
1193, 4.0
1194, 4.28
1195, 4.32
1196, 4.04
1197, 4.24
1198, 4.0
1199, 4.08
1200, 4.24
1201, 4.52
1202, 4.28
1203, 4.08
1204, 4.36
1205, 5.2
1206, 5.0
1207, 5.2
1208, 5.6
1209, 5.68
1210, 5.44
1211, 5.52
1212, 5.52
1213, 5.6
1214, 5.4
1215, 5.64
1216, 5.88
1217, 5.88
1218, 5.88
1219, 6.4
1220, 6.96
1221, 7.56
1222, 7.76
1223, 7.84
1224, 8.08
1225, 8.32
1226, 9.12
1227, 9.04
1228, 9.16
1229, 9.0
1230, 9.2
1231, 9.96
1232, 11.84
1233, 12.44
1234, 13.2
1235, 12.32
1236, 11.04
1237, 10.2
1238, 11.84
1239, 11.56
1240, 12.28
1241, 12.08
1242, 11.76
1243, 11.84
1244, 12.2
1245, 12.4
1246, 11.72
1247, 9.36
1248, 9.32
1249, 9.28
1250, 9.32
1251, 7.8
1252, 7.52
1253, 6.84
1254, 6.96
1255, 7.4
1256, 7.52
1257, 7.56
1258, 7.84
1259, 7.8
1260, 8.08
1261, 8.36
1262, 7.36
1263, 7.2
1264, 7.12
1265, 7.32
1266, 7.56
1267, 7.88
1268, 8.16
1269, 7.84
1270, 7.36
1271, 7.44
1272, 7.12
1273, 6.76
1274, 6.72
1275, 6.24
1276, 6.24
1277, 6.48
1278, 6.28
1279, 6.24
1280, 6.0
1281, 5.88
1282, 5.8
1283, 6.56
1284, 6.68
1285, 7.08
1286, 6.8
1287, 6.68
1288, 6.96
1289, 6.36
1290, 6.4
1291, 6.4
1292, 6.0
1293, 5.76
1294, 5.48
1295, 5.4
1296, 5.4
1297, 5.88
1298, 5.84
1299, 5.92
1300, 5.96
1301, 5.96
1302, 6.6
1303, 6.68
1304, 6.68
1305, 6.72
1306, 6.8
1307, 6.48
1308, 6.76
1309, 6.4
1310, 6.68
1311, 6.8
1312, 6.36
1313, 6.0
1314, 6.0
1315, 6.0
1316, 6.12
1317, 5.8
1318, 5.84
1319, 5.88
1320, 6.4
1321, 6.24
1322, 5.8
1323, 5.44
1324, 6.12
1325, 6.12
1326, 6.08
1327, 5.8
1328, 6.4
1329, 6.96
1330, 6.96
1331, 7.28
1332, 6.92
1333, 6.96
1334, 6.64
1335, 6.68
1336, 7.2
1337, 7.0
1338, 6.52
1339, 6.28
1340, 6.8
1341, 6.88
1342, 6.88
1343, 6.96
1344, 7.0
1345, 6.92
1346, 6.96
1347, 7.0
1348, 7.0
1349, 6.92
1350, 7.0
1351, 7.52
1352, 9.56
1353, 9.56
1354, 8.88
1355, 9.04
1356, 8.96
1357, 8.96
1358, 9.44
1359, 10.72
1360, 11.4
1361, 12.2
1362, 14.08
1363, 12.64
1364, 11.84
1365, 12.4
1366, 12.24
1367, 12.16
1368, 11.56
1369, 11.12
1370, 12.96
1371, 12.76
1372, 12.72
1373, 12.8
1374, 12.8
1375, 13.44
1376, 13.56
1377, 13.16
1378, 13.2
1379, 13.04
1380, 11.84
1381, 11.4
1382, 11.6
1383, 12.28
1384, 12.6
1385, 12.56
1386, 12.48
1387, 12.4
1388, 12.28
1389, 12.0
1390, 11.56
1391, 11.16
1392, 11.92
1393, 11.88
1394, 11.8
1395, 11.56
1396, 11.92
1397, 11.36
1398, 11.96
1399, 11.8
1400, 11.8
1401, 11.76
1402, 11.48
1403, 9.56
1404, 8.88
1405, 8.8
1406, 7.84
1407, 9.48
1408, 7.96
1409, 8.72
1410, 8.44
1411, 7.84
1412, 7.72
1413, 7.68
1414, 7.68
1415, 8.24
1416, 7.96
1417, 7.6
1418, 8.0
1419, 8.0
1420, 9.0
1421, 9.4
1422, 9.76
1423, 9.36
1424, 10.0
1425, 9.84
1426, 10.0
1427, 9.08
1428, 9.48
1429, 9.8
1430, 9.28
1431, 9.72
1432, 9.56
1433, 9.36
1434, 10.52
1435, 10.52
1436, 10.64
1437, 10.92
1438, 10.36
1439, 10.56
1440, 10.44
1441, 9.96
1442, 9.96
1443, 9.96
1444, 9.88
1445, 9.28
1446, 8.84
1447, 8.28
1448, 8.2
1449, 8.96
1450, 9.16
1451, 8.28
1452, 7.64
1453, 7.68
1454, 7.52
1455, 7.0
1456, 7.84
1457, 7.52
1458, 7.56
1459, 7.52
1460, 7.36
1461, 7.64
1462, 6.44
1463, 6.08
1464, 6.4
1465, 5.68
1466, 5.84
1467, 5.44
1468, 6.0
1469, 5.8
1470, 5.8
1471, 5.36
1472, 5.28
1473, 5.6
1474, 5.32
1475, 5.2
1476, 5.48
1477, 4.92
1478, 5.2
1479, 5.32
1480, 5.2
1481, 4.8
1482, 4.44
1483, 4.4
1484, 4.68
1485, 5.08
1486, 5.08
1487, 4.32
1488, 4.56
1489, 4.6
1490, 4.72
1491, 4.44
1492, 4.48
1493, 4.48
1494, 4.4
1495, 4.32
1496, 4.48
1497, 4.32
1498, 4.44
1499, 4.048
1500, 2.84
1501, 3.12
1502, 3.04
1503, 3.08
1504, 3.16
1505, 3.0396
1506, 3.04
1507, 2.88
1508, 2.88
1509, 2.72
1510, 2.7996
1511, 2.7996
1512, 2.8956
1513, 4.0
1514, 3.0804
1515, 3.9992
1516, 3.56
1517, 3.7596
1518, 3.2
1519, 2.9
1520, 2.9912
1521, 3.28
1522, 3.0524
1523, 3.4316
1524, 3.12
1525, 3.0004
1526, 3.2
1527, 3.32
1528, 3.44
1529, 3.4
1530, 3.48
1531, 3.0004
1532, 2.8444
1533, 3.04
1534, 3.04
1535, 3.2
1536, 3.6
1537, 3.004
1538, 2.96
1539, 3.04
1540, 3.56
1541, 3.56
1542, 3.44
1543, 3.4
1544, 3.402
1545, 3.56
1546, 3.84
1547, 4.4796
1548, 4.4796
1549, 4.7596
1550, 4.24
1551, 4.12
1552, 4.636
1553, 4.2
1554, 4.2
1555, 4.4
1556, 4.0
1557, 4.0
1558, 4.0
1559, 4.0
1560, 4.2
1561, 4.0004
1562, 4.1596
1563, 4.0404
1564, 3.6052
1565, 3.68
1566, 3.2004
1567, 3.76
1568, 3.48
1569, 3.44
1570, 3.04
1571, 2.8404
1572, 2.8404
1573, 3.3196
1574, 3.2
1575, 3.056
1576, 3.0404
1577, 2.8404
1578, 2.8404
1579, 2.5604
1580, 3.0392
1581, 2.72
1582, 3.3956
1583, 3.46
1584, 2.764
1585, 3.6
1586, 3.4
1587, 3.0412
1588, 2.6924
1589, 2.6884
1590, 3.0
1591, 2.8532
1592, 2.6796
1593, 2.502
1594, 2.48
1595, 2.3604
1596, 2.3604
1597, 2.3472
1598, 2.36
1599, 2.28
1600, 2.0
1601, 2.0
1602, 2.0
1603, 1.96
1604, 2.12
1605, 1.9996
1606, 1.96
1607, 1.8676
1608, 1.6444
1609, 2.1596
1610, 1.6404
1611, 2.2396
1612, 2.1736
1613, 2.0788
1614, 2.3196
1615, 2.7996
1616, 2.4
1617, 2.4
1618, 2.0404
1619, 2.1952
1620, 2.2
1621, 1.7604
1622, 2.996
1623, 2.4
1624, 2.8
1625, 2.2408
1626, 2.28
1627, 2.56
1628, 2.84
1629, 3.99
1630, 3.5
1631, 4.72
1632, 8.19
1633, 5.9
1634, 5.7
1635, 5.81
1636, 5.25
1637, 4.85
1638, 4.3212
1639, 4.51
1640, 4.33
1641, 4.3
1642, 4.21
1643, 4.0524
1644, 4.26
1645, 4.31
1646, 4.3899
1647, 4.47
1648, 4.61
1649, 5.056
1650, 6.08
1651, 5.35
1652, 4.87
1653, 4.52
1654, 4.5
1655, 4.37
1656, 4.17
1657, 4.31
1658, 4.2601
1659, 4.17
1660, 4.25
1661, 4.25
1662, 4.44
1663, 4.3799
1664, 4.36
1665, 4.44
1666, 4.7197
1667, 4.66
1668, 4.5358
1669, 4.5
1670, 4.26
1671, 3.45
1672, 3.4
1673, 3.48
1674, 3.4199
1675, 3.25
1676, 3.1
1677, 2.9452
1678, 3.04
1679, 3.12
1680, 2.88
1681, 2.79
1682, 2.8828
1683, 2.66
1684, 3.846
1685, 3.97
1686, 3.63
1687, 3.42
1688, 3.44
1689, 3.55
1690, 3.29
1691, 3.1901
1692, 3.15
1693, 3.23
1694, 3.4
1695, 3.16
1696, 3.1999
1697, 3.2
1698, 3.2
1699, 4.73
1700, 4.12
1701, 3.54
1702, 3.4997
1703, 3.32
1704, 3.45
1705, 3.41
1706, 3.26
1707, 3.17
1708, 3.05
1709, 3.25
1710, 3.2
1711, 3.26
1712, 3.3
1713, 3.22
1714, 3.25
1715, 3.3201
1716, 3.34
1717, 3.3
1718, 3.39
1719, 3.27
1720, 3.33
1721, 3.36
1722, 3.274
1723, 3.2601
1724, 3.26
1725, 3.2899
1726, 3.3311
1727, 3.21
1728, 3.3299
1729, 3.1976
1730, 3.2899
1731, 3.37
1732, 3.61
1733, 3.6
1734, 3.49
1735, 3.8099
1736, 3.24
1737, 3.23
1738, 3.06
1739, 2.9
1740, 2.76
1741, 2.71
1742, 2.63
1743, 2.84
1744, 2.8397
1745, 2.92
1746, 2.8401
1747, 2.74
1748, 2.78
1749, 2.77
1750, 2.71
1751, 2.74
1752, 2.66
1753, 2.76
1754, 2.99
1755, 2.94
1756, 2.88
1757, 2.9
1758, 2.85
1759, 2.83
1760, 2.76
1761, 2.95
1762, 2.7801
1763, 2.89
1764, 2.79
1765, 2.71
1766, 2.9
1767, 2.84
1768, 2.78
1769, 2.8101
1770, 2.79
1771, 2.8
1772, 2.72
1773, 2.74
1774, 2.74
1775, 2.73
1776, 2.79
1777, 2.77
1778, 2.73
1779, 2.73
1780, 2.78
1781, 2.77
1782, 2.77
1783, 2.88
1784, 4.05
1785, 3.1
1786, 2.98
1787, 3.9
1788, 3.56
1789, 3.7
1790, 3.59
1791, 3.53
1792, 3.51
1793, 3.42
1794, 3.86
1795, 3.8589
1796, 4.16
1797, 4.021
1798, 4.19
1799, 4.2
1800, 4.03
1801, 3.89
1802, 4.07
1803, 4.04
1804, 3.83
1805, 3.87
1806, 3.94
1807, 4.0299
1808, 3.95
1809, 4.0495
1810, 4.07
1811, 4.06
1812, 4.0
1813, 3.935
1814, 3.86
1815, 3.91
1816, 3.91
1817, 3.8
1818, 3.53
1819, 3.6
1820, 3.61
1821, 3.71
1822, 3.68
1823, 3.64
1824, 3.69
1825, 3.69
1826, 3.65
1827, 4.05
1828, 4.02
1829, 4.15
1830, 4.1799
1831, 4.02
1832, 3.96
1833, 4.09
1834, 3.73
1835, 4.02
1836, 3.99
1837, 4.13
1838, 4.02
1839, 4.05
1840, 4.05
1841, 4.2586
1842, 4.52
1843, 4.54
1844, 4.45
1845, 4.67
1846, 4.69
1847, 4.2201
1848, 4.31
1849, 4.32
1850, 4.18
1851, 4.1
1852, 4.0399
1853, 4.17
1854, 3.93
1855, 3.98
1856, 3.85
1857, 3.65
1858, 3.84
1859, 3.8
1860, 4.19
1861, 4.3
1862, 4.4
1863, 4.55
1864, 4.89
1865, 4.41
1866, 7.6
1867, 7.33
1868, 6.86
1869, 7.45
1870, 8.4
1871, 8.2
1872, 8.12
1873, 8.0
1874, 7.82
1875, 7.84
1876, 7.47
1877, 7.18
1878, 7.29
1879, 7.06
1880, 7.06
1881, 6.97
1882, 6.98
1883, 6.81
1884, 6.67
1885, 6.71
1886, 7.75
1887, 7.65
1888, 7.3051
1889, 7.11
1890, 7.07
1891, 7.55
1892, 7.15
1893, 7.09
1894, 6.86
1895, 6.8
1896, 6.88
1897, 7.35
1898, 7.24
1899, 7.7
1900, 7.88
1901, 7.17
1902, 6.86
1903, 6.98
1904, 7.45
1905, 7.34
1906, 7.29
1907, 7.02
1908, 6.88
1909, 6.8
1910, 6.77
1911, 6.64
1912, 6.69
1913, 6.66
1914, 6.63
1915, 6.65
1916, 6.64
1917, 6.8
1918, 6.94
1919, 6.81
1920, 6.72
1921, 6.66
1922, 6.77
1923, 6.71
1924, 6.76
1925, 6.74
1926, 6.56
1927, 6.65
1928, 6.69
1929, 6.51
1930, 6.48
1931, 6.61
1932, 6.65
1933, 6.45
1934, 6.42
1935, 6.2999
1936, 6.27
1937, 7.0
1938, 6.94
1939, 6.95
1940, 6.689
1941, 6.4588
1942, 6.6999
1943, 6.6
1944, 6.7
1945, 6.43
1946, 6.54
1947, 6.5601
1948, 6.6
1949, 6.37
1950, 6.25
1951, 6.57
1952, 6.601
1953, 6.37
1954, 6.7199
1955, 6.3
1956, 6.1
1957, 4.79
1958, 4.21
1959, 4.41
1960, 4.32
1961, 4.3
1962, 4.15
1963, 4.34
1964, 4.2196
1965, 4.18
1966, 4.03
1967, 4.0
1968, 4.03
1969, 3.86
1970, 4.07
1971, 4.01
1972, 3.93
1973, 3.93
1974, 3.83
1975, 3.81
1976, 3.9
1977, 3.93
1978, 3.93
1979, 3.85
1980, 3.94
1981, 4.3399
1982, 4.2199
1983, 4.3005
1984, 4.25
1985, 4.32
1986, 4.24
1987, 4.37
1988, 4.16
1989, 4.18
1990, 4.22
1991, 4.08
1992, 3.98
1993, 3.97
1994, 4.22
1995, 3.95
1996, 4.03
1997, 3.9942
1998, 3.9499
1999, 3.8
2000, 3.7699
2001, 4.25
2002, 4.26
2003, 4.19
2004, 4.03
2005, 4.1
2006, 4.01
2007, 3.82
2008, 3.72
2009, 3.81
2010, 3.969
2011, 3.95
2012, 3.9
2013, 3.97
2014, 4.2001
2015, 4.0751
2016, 3.81
2017, 3.81
2018, 3.83
2019, 3.79
2020, 3.88
2021, 3.82
2022, 3.6601
2023, 3.67
2024, 3.7
2025, 3.82
2026, 3.66
2027, 3.7001
2028, 3.69
2029, 3.69
2030, 3.65
2031, 3.49
2032, 3.45
2033, 3.6495
2034, 3.39
2035, 3.47
2036, 3.484
2037, 3.7
2038, 3.64
2039, 3.7
2040, 3.6252
2041, 3.578
2042, 3.604
2043, 3.74
2044, 3.78
2045, 3.75
2046, 3.7301
2047, 3.49
2048, 3.34
2049, 3.33
2050, 3.28
2051, 3.2799
2052, 3.3299
2053, 3.2501
2054, 3.25
2055, 3.23
2056, 3.37
2057, 3.69
2058, 3.64
2059, 3.88
2060, 3.94
2061, 4.1
2062, 4.2
2063, 4.39
2064, 4.42
2065, 4.05
2066, 4.04
2067, 4.14
2068, 3.91
2069, 4.19
2070, 4.1
2071, 3.94
2072, 4.07
2073, 4.29
2074, 4.2299
2075, 4.13
2076, 3.9551
2077, 4.11
2078, 4.0
2079, 4.1899
2080, 4.27
2081, 4.25
2082, 4.19
2083, 3.36
2084, 3.37
2085, 3.33
2086, 3.14
2087, 3.46
2088, 3.54
2089, 3.7
2090, 3.95
2091, 3.52
2092, 3.5
2093, 3.63
2094, 3.8
2095, 4.19
2096, 4.0
2097, 3.9
2098, 4.04
2099, 3.96
2100, 3.9278
2101, 3.95
2102, 4.06
2103, 4.04
2104, 4.1999
2105, 3.91
2106, 4.02
2107, 4.2014
2108, 4.13
2109, 3.8346
2110, 3.7
2111, 3.71
2112, 3.81
2113, 3.74
2114, 3.7701
2115, 3.7732
2116, 3.98
2117, 3.8399
2118, 3.8199
2119, 3.89
2120, 3.74
2121, 3.7599
2122, 3.6799
2123, 3.9
2124, 3.75
2125, 3.65
2126, 3.68
2127, 3.62
2128, 3.63
2129, 3.658
2130, 3.45
2131, 3.5099
2132, 3.291
2133, 3.48
2134, 3.38
2135, 3.3001
2136, 3.32
2137, 3.16
2138, 3.28
2139, 3.3
2140, 3.33
2141, 3.41
2142, 3.25
2143, 3.3
2144, 3.27
2145, 3.27
2146, 3.19
2147, 3.38
2148, 3.3
2149, 3.3
2150, 3.18
2151, 3.1
2152, 3.23
2153, 3.19
2154, 3.14
2155, 3.06
2156, 3.1
2157, 3.2099
2158, 3.1
2159, 3.06
2160, 3.2099
2161, 3.15
2162, 3.23
2163, 3.1899
2164, 3.1
2165, 3.12
2166, 3.12
2167, 3.2099
2168, 3.0999
2169, 3.19
2170, 3.1
2171, 3.0899
2172, 3.1199
2173, 3.07
2174, 3.13
2175, 2.98
2176, 3.06
2177, 3.0
2178, 2.91
2179, 2.85
2180, 3.07
2181, 2.92
2182, 3.0
2183, 2.92
2184, 2.82
2185, 2.88
2186, 2.82
2187, 2.81
2188, 2.89
2189, 2.45
2190, 2.41
2191, 2.49
2192, 2.43
2193, 2.36
2194, 2.2
2195, 2.16
2196, 2.15
2197, 2.07
2198, 1.96
2199, 2.0
2200, 2.17
2201, 2.19
2202, 2.25
2203, 2.299
2204, 2.27
2205, 2.26
2206, 2.3
2207, 2.31
2208, 2.33
2209, 2.3799
2210, 2.36
2211, 2.331
2212, 2.34
2213, 2.22
2214, 2.27
2215, 2.3
2216, 2.2
2217, 2.22
2218, 3.05
2219, 2.83
2220, 2.7
2221, 2.64
2222, 2.58
2223, 2.52
2224, 2.55
2225, 2.7499
2226, 2.6699
2227, 2.6
2228, 2.65
2229, 2.94
2230, 2.97
2231, 3.07
2232, 3.08
2233, 3.09
2234, 2.93
2235, 2.95
2236, 2.8
2237, 2.75
2238, 2.81
2239, 2.77
2240, 2.8
2241, 2.76
2242, 2.65
2243, 2.69
2244, 2.72
2245, 2.56
2246, 2.53
2247, 2.57
2248, 2.54
2249, 2.51
2250, 2.74
2251, 2.7
2252, 2.6399
2253, 2.56
2254, 2.65
2255, 2.56
2256, 2.43
2257, 2.5899
2258, 2.32
2259, 2.41
2260, 2.36
2261, 2.23
2262, 2.2
2263, 2.31
2264, 2.4
2265, 2.4
2266, 2.4799
2267, 2.44
2268, 2.35
2269, 2.25
2270, 2.16
2271, 2.19
2272, 2.2
2273, 2.08
2274, 2.24
2275, 2.23
2276, 2.3
2277, 2.23
2278, 2.24
2279, 2.13
2280, 2.21
2281, 2.19
2282, 2.11
2283, 2.19
2284, 2.18
2285, 2.24
2286, 2.23
2287, 2.35
2288, 2.32
2289, 2.23
2290, 2.25
2291, 2.37
2292, 2.296
2293, 2.25
2294, 2.22
2295, 2.24
2296, 2.17
2297, 2.25
2298, 2.25
2299, 2.11
2300, 2.08
2301, 2.14
2302, 2.27
2303, 2.26
2304, 2.2068
2305, 2.28
2306, 2.31
2307, 2.2799
2308, 2.24
2309, 2.27
2310, 2.47
2311, 2.451
2312, 2.44
2313, 2.42
2314, 2.41
2315, 2.36
2316, 2.31
2317, 2.35
2318, 2.26
2319, 2.14
2320, 2.34
2321, 2.31
2322, 2.25
2323, 2.29
2324, 2.3
2325, 2.27
2326, 2.21
2327, 2.29
2328, 2.3
2329, 2.16
2330, 2.22
2331, 2.1
2332, 2.19
2333, 2.08
2334, 2.17
2335, 2.14
2336, 2.14
2337, 2.06
2338, 2.17
2339, 2.2
2340, 2.13
2341, 2.06
2342, 2.18
2343, 2.1899
2344, 2.08
2345, 2.12
2346, 2.1
2347, 2.17
2348, 2.04
2349, 2.04
2350, 2.13
2351, 2.04
2352, 2.06
2353, 2.15
2354, 2.19
2355, 2.26
2356, 2.28
2357, 2.23
2358, 2.28
2359, 2.1801
2360, 2.1299
2361, 2.12
2362, 2.14
2363, 2.0525
2364, 2.07
2365, 2.05
2366, 2.11
2367, 2.0184
2368, 1.91
2369, 2.03
2370, 1.88
2371, 1.81
2372, 1.86
2373, 1.89
2374, 1.94
2375, 1.94
2376, 2.0699
2377, 1.9599
2378, 2.0028
2379, 1.95
2380, 1.9472
2381, 2.03
2382, 1.86
2383, 1.83
2384, 1.93
2385, 1.82
2386, 1.8656
2387, 1.75
2388, 1.76
2389, 1.76
2390, 1.72
2391, 1.68
2392, 1.68
2393, 1.7
2394, 1.8099
2395, 1.77
2396, 1.72
2397, 1.8
2398, 1.829
2399, 1.73
2400, 1.74
2401, 1.7499
2402, 1.7399
2403, 1.72
2404, 1.64
2405, 1.7499
2406, 1.71
2407, 1.7499
2408, 1.65
2409, 1.6999
2410, 1.65
2411, 1.7
2412, 1.7501
2413, 1.7232
2414, 1.66
2415, 1.67
2416, 1.73
2417, 1.74
2418, 1.76
2419, 1.7899
2420, 1.7799
2421, 1.7299
2422, 1.75
2423, 1.72
2424, 1.77
2425, 1.79
2426, 1.71
2427, 1.78
2428, 1.78
2429, 1.7799
2430, 1.711
2431, 1.9
2432, 1.94
2433, 1.93
2434, 1.8947
2435, 1.9399
2436, 1.8936
2437, 2.03
2438, 2.13
2439, 2.22
2440, 2.15
2441, 2.1
2442, 2.13
2443, 2.03
2444, 1.9301
2445, 2.08
2446, 2.11
2447, 2.09
2448, 2.03
2449, 2.06
2450, 2.08
2451, 2.066
2452, 2.1497
2453, 2.15
2454, 2.14
2455, 2.15
2456, 2.17
2457, 2.15
2458, 2.17
2459, 2.143
2460, 2.14
2461, 2.07
2462, 2.1001
2463, 2.1423
2464, 2.07
2465, 1.99
2466, 2.02
2467, 2.03
2468, 2.06
2469, 2.021
2470, 2.0151
2471, 2.02
2472, 2.02
2473, 2.03
2474, 2.0855
2475, 2.065
2476, 2.1748
2477, 2.17
2478, 4.07
2479, 3.3001
2480, 3.5
2481, 3.62
2482, 3.13
2483, 3.02
2484, 3.02
2485, 2.94
2486, 2.95
2487, 2.7
2488, 2.63
2489, 2.86
2490, 2.87
2491, 2.8
2492, 2.96
2493, 3.19
2494, 2.94
2495, 2.96
2496, 3.03
2497, 2.85
2498, 2.9087
2499, 3.27
2500, 3.02
2501, 3.12
2502, 3.0899
2503, 3.09
2504, 3.12
2505, 3.12
2506, 3.05
2507, 3.09
2508, 3.0799
2509, 3.0601
2510, 3.0
2511, 2.93
2512, 2.96
2513, 2.97
2514, 2.99
2515, 3.11
2516, 3.08
2517, 3.09
2518, 3.11
2519, 3.06
2520, 3.09
2521, 3.03
2522, 3.01
2523, 3.04
2524, 3.14
2525, 3.17
2526, 3.48
2527, 3.4
2528, 3.27
2529, 3.2799
2530, 3.27
2531, 3.36
2532, 3.38
2533, 3.61
2534, 3.65
2535, 3.7
2536, 3.67
2537, 3.47
2538, 3.55
2539, 3.41
2540, 3.49
2541, 2.99
2542, 2.94
2543, 2.69
2544, 2.67
2545, 2.61
2546, 2.51
2547, 2.56
2548, 2.45
2549, 2.34
2550, 2.42
2551, 2.24
2552, 2.32
2553, 2.31
2554, 2.29
2555, 2.24
2556, 2.14
2557, 2.27
2558, 2.38
2559, 2.38
2560, 2.39
2561, 2.34
2562, 2.3002
2563, 2.21
2564, 2.22
2565, 2.22
2566, 2.16
2567, 2.2
2568, 2.12
2569, 2.06
2570, 2.11
2571, 2.08
2572, 2.01
2573, 2.16
2574, 2.12
2575, 2.07
2576, 2.1
2577, 2.12
2578, 2.07
2579, 2.07
2580, 2.04
2581, 2.06
2582, 2.08
2583, 2.16
2584, 2.05
2585, 2.17
2586, 2.13
2587, 2.11
2588, 2.08
2589, 2.08
2590, 2.1
2591, 2.08
2592, 2.06
2593, 2.08
2594, 2.12
2595, 2.16
2596, 2.28
2597, 2.22
2598, 2.45
2599, 2.4
2600, 2.26
2601, 2.25
2602, 2.23
2603, 2.33
2604, 2.01
2605, 1.98
2606, 1.97
2607, 1.96
2608, 1.9599
2609, 1.98
2610, 2.0
2611, 1.99
2612, 1.95
2613, 1.96
2614, 1.97
2615, 2.0704
2616, 1.99
2617, 2.19
2618, 2.08
2619, 2.21
2620, 2.21
2621, 2.2
2622, 2.21
2623, 2.23
2624, 2.2
2625, 2.2499
2626, 2.17
2627, 2.12
2628, 2.13
2629, 2.13
2630, 2.1366
2631, 2.11
2632, 2.16
2633, 2.16
2634, 2.15
2635, 2.23
2636, 2.18
2637, 2.2201
2638, 2.2212
2639, 2.2
2640, 2.17
2641, 2.22
2642, 2.25
2643, 2.32
2644, 2.34
2645, 2.33
2646, 2.34
2647, 2.31
2648, 2.27
2649, 2.25
2650, 2.26
2651, 2.32
2652, 2.4
2653, 2.39
2654, 2.4
2655, 2.4
2656, 2.4
2657, 2.46
2658, 2.41
2659, 2.35
2660, 2.38
2661, 2.36
2662, 2.33
2663, 2.31
2664, 2.32
2665, 2.3
2666, 2.25
2667, 2.29
2668, 2.28
2669, 2.26
2670, 2.23
2671, 2.18
2672, 2.29
2673, 2.26
2674, 2.23
2675, 2.2
2676, 2.32
2677, 2.28
2678, 2.35
2679, 2.38
2680, 2.38
2681, 2.25
2682, 2.1
2683, 2.09
2684, 2.12
2685, 2.2
2686, 2.14
2687, 2.12
2688, 2.1
2689, 2.15
2690, 2.1
2691, 1.98
2692, 1.98
2693, 1.99
2694, 1.98
2695, 2.02
2696, 2.04
2697, 2.09
2698, 2.03
2699, 2.02
2700, 2.07
2701, 2.05
2702, 2.02
2703, 2.02
2704, 2.02
2705, 2.12
2706, 2.1
2707, 2.1
2708, 2.07
2709, 2.02
2710, 2.06
2711, 2.02
2712, 2.11
2713, 2.05
2714, 2.05
2715, 2.09
2716, 2.09
2717, 2.1
2718, 2.09
2719, 2.07
2720, 2.08
2721, 2.05
2722, 2.0517
2723, 2.08
2724, 2.09
2725, 2.07
2726, 2.24
2727, 2.05
2728, 2.02
2729, 1.98
2730, 1.97
2731, 1.99
2732, 2.01
2733, 1.94
2734, 1.8899
2735, 1.88
2736, 1.88
2737, 1.9
2738, 1.92
2739, 1.88
2740, 1.86
2741, 1.79
2742, 1.82
2743, 1.8
2744, 1.81
2745, 1.75
2746, 1.76
2747, 1.84
2748, 1.88
2749, 1.77
2750, 1.78
2751, 1.74
2752, 1.78
2753, 1.82
2754, 1.76
2755, 1.85
2756, 1.87
2757, 1.9
2758, 1.9
2759, 2.08
2760, 2.03
2761, 2.06
2762, 2.0
2763, 2.0071
2764, 2.0
2765, 2.05
2766, 1.99
2767, 1.98
2768, 2.0
2769, 1.99
2770, 2.0
2771, 1.9958
2772, 2.05
2773, 2.01
2774, 1.96
2775, 1.885
2776, 1.87
2777, 1.91
2778, 1.89
2779, 1.98
2780, 1.99
2781, 1.86
2782, 1.89
2783, 1.99
2784, 1.94
2785, 1.86
2786, 1.83
2787, 1.9
2788, 1.79
2789, 1.74
2790, 1.79
2791, 1.7
2792, 1.745
2793, 1.74
2794, 1.7201
2795, 1.73
2796, 1.7201
2797, 1.7
2798, 1.73
2799, 1.73
2800, 1.67
2801, 1.69
2802, 1.69
2803, 1.69
2804, 1.6884
2805, 1.71
2806, 1.7
2807, 1.6801
2808, 1.7
2809, 1.7
2810, 1.83
2811, 1.8
2812, 1.76
2813, 1.75
2814, 1.83
2815, 1.85
2816, 1.8
2817, 1.78
2818, 1.85
2819, 1.85
2820, 1.82
2821, 1.9
2822, 1.91
2823, 1.844
2824, 1.94
2825, 1.8748
2826, 1.82
2827, 1.76
2828, 1.91
2829, 1.9
2830, 1.8456
2831, 1.84
2832, 1.8
2833, 1.9
2834, 1.84
2835, 1.87
2836, 1.85
2837, 1.85
2838, 1.95
2839, 1.9
2840, 1.9
2841, 1.9
2842, 1.9
2843, 1.85
2844, 1.91
