0, 11659315
1, 11659315
2, 12020279
3, 11677460
4, 10438452
5, 10994619
6, 11190085
7, 11393308
8, 11082761
9, 10802193
10, 11277124
11, 11693867
12, 11849803
13, 11997957
14, 11779229
15, 12156659
16, 11660216
17, 11179483
18, 10836571
19, 10626310
20, 9978959
21, 10446497
22, 10087366
23, 10570095
24, 10361748
25, 10655967
26, 10977796
27, 10795946
28, 10594104
29, 10753804
30, 10753804
31, 10753804
32, 10516338
33, 10332764
34, 10412443
35, 10052251
36, 10555331
37, 10133071
38, 10437355
39, 10159719
40, 9887853
41, 10102983
42, 9789138
43, 9465307
44, 9756585
45, 9412053
46, 9142832
47, 8877472
48, 9153186
49, 12286067
50, 12647281
51, 13123351
52, 13424223
53, 13133183
54, 13609571
55, 13713845
56, 13400556
57, 13529852
58, 13679689
59, 13868812
60, 13602258
61, 14171279
62, 14549211
63, 14359364
64, 14556697
65, 14396677
66, 14174098
67, 14291289
68, 14105885
69, 14330701
70, 14211093
71, 14296296
72, 14394088
73, 14440750
74, 14472264
75, 14420710
76, 14368966
77, 14307325
78, 14430170
79, 14376626
80, 14318429
81, 14240102
82, 14281446
83, 14207802
84, 14355201
85, 14255467
86, 14370298
87, 14278718
88, 14215185
89, 14314657
90, 14164718
91, 14045090
92, 14194758
93, 14017889
94, 13802098
95, 13656870
96, 13751052
97, 13586385
98, 13904214
99, 14357492
100, 14863060
101, 14489971
102, 14385510
103, 14288069
104, 14454327
105, 14647363
106, 14647363
107, 14437248
108, 14546212
109, 14726371
110, 15004931
111, 14882863
112, 14695335
113, 14695335
114, 14610194
115, 14720742
116, 14624840
117, 14768261
118, 14588938
119, 14906848
120, 14663170
121, 14833362
122, 14935145
123, 15123005
124, 15394613
125, 15103759
126, 15333260
127, 14950091
128, 14603083
129, 14256194
130, 14519190
131, 14570908
132, 14644806
133, 14766984
134, 14863563
135, 14652902
136, 14532713
137, 14297608
138, 14585502
139, 14665283
140, 14852180
141, 14665838
142, 14564928
143, 14623939
144, 14477637
145, 14293627
146, 14203292
147, 14096828
148, 13960827
149, 13848731
150, 13744030
151, 13283371
152, 13746093
153, 20341514
154, 19203565
155, 21311427
156, 20643587
157, 21538721
158, 22193491
159, 21052923
160, 20741473
161, 21276871
162, 22020313
163, 22807325
164, 22247734
165, 22622747
166, 23070400
167, 22828920
168, 23444008
169, 22641980
170, 23009368
171, 22724165
172, 22965033
173, 23858312
174, 23634634
175, 23439046
176, 23102242
177, 23368641
178, 24101000
179, 23875435
180, 23659681
181, 23883957
182, 23523267
183, 23790237
184, 23624160
185, 23310246
186, 22983036
187, 23338165
188, 23078271
189, 23302545
190, 23535050
191, 23797978
192, 23936197
193, 24113181
194, 24649633
195, 25129326
196, 24972449
197, 25150649
198, 24818545
199, 25551201
200, 26226334
201, 26450018
202, 26164268
203, 26464728
204, 26885675
205, 26473873
206, 26024260
207, 26565166
208, 26006406
209, 26375491
210, 25885847
211, 25361560
212, 25035311
213, 25288981
214, 25091723
215, 25278282
216, 25557809
217, 25231169
218, 25479283
219, 25640047
220, 25736964
221, 26072070
222, 26426685
223, 26100275
224, 26331491
225, 26073426
226, 26687105
227, 26941605
228, 26561486
229, 27198975
230, 26752250
231, 27157472
232, 27550505
233, 27835644
234, 27459159
235, 26954100
236, 24637355
237, 24951394
238, 24679700
239, 24455003
240, 24305293
241, 24642118
242, 24918092
243, 25214479
244, 25815357
245, 26124503
246, 26270512
247, 26538724
248, 26851439
249, 25516606
250, 25688306
251, 25485188
252, 25288018
253, 25497079
254, 25806061
255, 25617658
256, 25465206
257, 25276164
258, 25081881
259, 24863784
260, 24658266
261, 24829259
262, 24714350
263, 24602801
264, 24842032
265, 25052479
266, 24848087
267, 24848087
268, 25036076
269, 24679746
270, 23121143
271, 22384495
272, 22384495
273, 22797077
274, 22498805
275, 22255807
276, 22511864
