0, -91814
1, 94175
2, 94175
3, 208610
4, 119831
5, 179931
6, 179931
7, 41940
8, 94484
9, -11187
10, -729035
11, -755308
12, -853065
13, -798797
14, -798797
15, -712314
16, -767785
17, -891619
18, -964174
19, -1022186
20, -1022186
21, -1057147
22, -1146725
23, -1127854
24, -1110207
25, -1243427
26, -1121167
27, -1020703
28, -917152
29, -1010635
30, -1064159
31, -1020234
32, -997083
33, -954494
34, -940749
35, -953578
36, -994777
37, -961065
38, -961065
39, -998814
40, -684746
41, -797018
42, -852517
43, -911575
44, -878931
45, -915613
46, -963191
47, -936653
48, -936653
49, -1008060
50, -1029331
51, -1053943
52, -1025112
53, -963341
54, -953260
55, -993731
56, -1033918
57, -1022483
58, -991346
59, -1019265
60, -998555
61, -979879
62, -991700
63, -980358
64, -1009013
65, -1021127
66, -1045103
67, -1020759
68, -1005195
69, -1021688
70, -1026810
71, -1003010
72, -1022435
73, -995196
74, -966910
75, -944397
76, -915040
77, -931793
78, -924029
79, -908854
80, -916924
81, -901808
82, -938570
83, -934896
84, -950738
85, -939453
86, -928502
87, -947293
88, -922692
89, -908621
90, -935046
91, -921182
92, -885718
93, -834715
94, -859622
95, -882472
96, -882472
97, -863009
98, -887413
99, -875428
100, -884193
101, -900386
102, -883698
103, -887280
104, -901313
105, -880143
106, -894754
107, -908723
108, -905404
109, -902198
110, -923192
111, -916123
112, -923929
113, -938783
114, -941668
115, -960414
116, -957702
117, -954145
118, -970823
119, -962870
120, -983383
121, -994421
122, -989979
123, -976732
124, -976732
125, -993196
126, -998291
127, -1007450
128, -994108
129, -978734
130, -998431
131, -1013124
132, -1021224
133, -974833
134, -985805
135, -1001096
136, -989659
137, -1021381
138, -1115739
139, -983587
140, -945536
141, -966384
142, -931410
143, -844062
144, -659616
145, -647067
146, -640840
147, -660033
148, -674908
149, -712641
150, -690508
151, -689299
152, -699333
153, -606859
154, -584794
155, -595350
156, -608659
157, -584087
158, -597031
159, -566102
160, -550946
161, -532929
162, -556708
163, -540618
164, -471728
165, -536618
166, -510777
167, -505516
168, -493357
169, -514871
170, -538255
171, -505284
172, -549360
173, -538719
174, -526910
175, -513232
176, -535330
177, -520014
178, -525509
179, -516040
180, -529370
181, -523525
182, -511132
183, -522707
184, -513118
185, -513118
186, -472782
187, -478980
188, -464950
189, -473016
190, -461157
191, -453676
192, -459287
193, -444440
194, -450051
195, -422811
196, -433861
197, -444037
198, -427902
199, -440399
200, -437789
201, -429604
202, -420485
203, -414874
204, -418967
205, -399093
206, -400027
207, -391961
208, -398509
209, -387402
210, -403069
211, -417811
212, -396017
213, -372166
214, -366436
215, -381427
216, -371287
217, -410227
218, -408412
219, -414306
220, -424674
221, -439997
222, -482856
223, -457741
224, -474528
225, -456095
226, -473235
227, -469549
228, -457799
229, -463001
230, -434776
231, -443647
232, -435583
233, -431089
234, -434474
235, -446200
236, -433523
237, -432026
238, -434906
239, -470621
240, -511174
241, -523501
242, -534329
243, -523383
244, -539301
245, -559002
246, -550476
247, -557963
248, -567181
249, -557596
250, -557596
251, -553563
252, -557365
253, -552641
254, -786977
255, -776837
256, -776837
257, -774070
258, -789072
259, -756015
260, -716268
261, -678134
262, -684816
263, -697835
264, -720071
265, -693804
266, -693804
267, -722029
268, -732512
269, -723064
270, -732396
271, -739194
272, -729800
273, -722081
274, -698577
275, -709648
276, -703887
277, -683148
278, -695884
279, -690776
280, -690776
281, -706669
282, -716999
283, -700764
284, -722562
285, -689414
286, -691799
287, -708385
288, -703958
289, -700100
290, -697715
291, -736881
292, -750049
293, -744941
294, -741877
295, -752775
296, -761743
297, -733135
298, -733135
299, -687405
300, -665040
301, -675825
302, -722143
303, -708633
304, -700233
305, -711131
306, -695238
307, -703753
308, -690017
309, -682566
310, -626711
311, -615982
312, -626202
313, -629723
314, -612693
315, -612693
316, -607074
317, -622060
318, -645787
319, -639655
320, -628076
321, -632363
322, -636790
323, -645417
324, -631907
325, -623280
326, -626344
327, -633675
328, -627432
329, -614264
330, -605296
331, -615516
332, -608023
333, -603482
334, -575669
335, -593947
336, -553076
337, -546037
338, -537518
339, -529003
340, -535587
341, -521926
342, -532111
343, -526738
344, -530207
345, -524498
346, -521588
347, -524161
348, -519571
349, -522818
350, -516772
351, -525502
352, -513109
353, -495422
354, -490720
355, -494413
356, -511798
357, -518693
358, -578803
359, -575670
360, -581826
361, -577496
362, -578951
363, -588467
364, -593503
365, -608943
366, -599427
367, -596294
368, -586554
369, -583867
370, -579503
371, -584198
372, -591922
373, -591321
374, -593710
375, -590103
376, -590631
377, -590407
378, -585199
379, -575240
380, -573158
381, -582887
382, -574557
383, -569485
384, -567359
385, -572007
386, -570394
387, -565162
388, -570871
389, -576388
390, -581275
391, -603988
392, -613683
393, -639639
394, -635537
395, -629340
396, -617620
397, -615936
398, -618166
399, -611523
400, -607996
401, -612359
402, -621297
403, -638839
404, -633721
405, -655915
406, -639365
407, -641552
408, -635569
409, -631530
410, -627280
411, -629631
412, -638832
413, -632197
414, -628517
415, -623472
416, -610713
417, -626360
418, -697390
419, -699079
420, -696814
421, -693906
422, -701684
423, -696400
424, -700102
425, -696465
426, -711399
427, -719717
428, -715088
429, -710679
430, -705535
431, -735164
432, -728383
433, -719140
434, -723609
435, -713884
436, -722297
437, -733303
438, -744623
439, -752223
440, -749104
441, -744330
442, -714563
443, -720012
444, -721101
445, -712282
446, -724287
447, -733330
448, -742277
449, -814383
450, -778013
451, -771264
452, -771264
453, -770659
454, -778763
455, -774412
456, -767360
457, -763398
458, -767055
459, -760890
460, -754650
461, -758250
462, -750139
463, -752891
464, -739348
465, -743202
466, -739964
467, -754341
468, -762569
469, -765773
470, -761556
471, -747952
472, -744107
473, -752093
474, -760574
475, -757018
476, -777264
477, -784910
478, -783261
479, -779923
480, -776890
481, -784665
482, -791036
483, -783436
484, -769807
485, -765573
486, -778009
487, -780049
488, -782021
489, -785194
490, -757632
491, -756521
492, -761744
493, -765004
494, -759091
495, -764270
496, -756837
497, -767662
498, -755947
499, -758584
500, -753400
501, -759623
502, -751490
503, -757977
504, -747536
505, -742067
506, -735759
507, -739486
508, -730359
509, -733938
510, -729259
511, -723333
512, -711564
513, -719737
514, -730622
515, -724662
516, -730856
517, -729764
518, -739800
519, -742078
520, -733804
521, -727533
522, -722715
523, -730225
524, -739219
525, -734076
526, -730314
527, -733319
528, -745392
529, -758866
530, -747142
531, -752910
532, -756517
533, -766080
534, -760085
535, -747304
536, -751385
537, -756196
538, -761517
539, -754855
540, -757882
541, -755953
542, -751567
543, -744752
544, -753379
545, -759306
546, -753065
547, -751410
548, -747524
549, -750666
550, -742777
551, -743956
552, -739157
553, -746722
554, -749862
555, -746796
556, -751460
557, -748874
558, -739801
559, -742649
560, -742649
561, -739091
562, -744333
563, -746974
564, -745311
565, -748625
566, -744949
567, -746196
568, -743528
569, -753389
570, -787471
571, -815992
572, -798542
573, -754655
574, -750753
575, -753783
576, -792587
577, -796707
578, -787847
579, -782785
580, -785326
581, -819692
582, -805021
583, -797946
584, -796907
585, -799703
586, -798352
587, -800878
588, -806786
589, -804772
590, -830394
591, -855281
592, -844767
593, -835834
594, -853727
595, -868110
596, -950771
597, -891653
598, -879863
599, -943386
600, -987837
601, -1011161
602, -976276
603, -1038977
604, -1024084
605, -1026900
606, -1024350
607, -1012314
608, -1017921
609, -1059915
610, -1089947
611, -1114714
612, -1034113
613, -1053480
614, -1088162
615, -1081491
616, -1073125
617, -1059726
618, -1073065
619, -1083778
620, -1077804
621, -1092455
622, -1077253
623, -1077253
624, -1073605
625, -1061487
626, -1061487
627, -1066807
628, -1061315
629, -1053061
630, -1040864
631, -1053501
632, -1041820
633, -1049380
634, -1040203
635, -1018043
636, -999878
637, -978463
638, -985529
639, -999835
640, -995051
641, -982242
642, -966341
643, -987521
644, -982580
645, -977375
646, -972090
647, -975157
648, -977737
649, -981248
650, -998377
651, -993138
652, -991163
653, -1003968
654, -994565
655, -988189
656, -986507
657, -983324
658, -981219
659, -978799
660, -982514
661, -983937
662, -981947
663, -978349
664, -988062
665, -979820
666, -975564
667, -980522
668, -974716
669, -976783
670, -989752
671, -988252
672, -989320
673, -1010222
674, -1017860
675, -1027708
676, -1018194
677, -1010243
678, -1018242
679, -1023471
680, -1023471
681, -1034942
682, -1048954
683, -1033237
684, -1025310
685, -1041252
686, -1052771
687, -1037569
688, -1041198
689, -1032027
690, -1043387
691, -1063223
692, -1039588
693, -1049107
694, -1014742
695, -1002895
696, -1018225
697, -1097593
698, -1050464
699, -1003540
700, -976339
701, -1000422
702, -977487
703, -957114
704, -976134
705, -1811460
706, -1768160
707, -1804343
708, -1745908
709, -1713690
710, -1749944
711, -1735321
712, -1685885
713, -1654587
714, -1682888
715, -1656836
716, -1635785
717, -1676493
718, -1632610
719, -1590770
720, -1611655
721, -1590996
722, -1583251
723, -1606207
724, -1568718
725, -1557723
726, -1574005
727, -1538031
728, -1548948
729, -1530100
730, -1534000
731, -1527988
732, -1521753
733, -1516146
734, -1506230
735, -1497602
736, -1483437
737, -1483437
738, -1495079
739, -1488711
740, -1491530
741, -1496296
742, -1484836
743, -1492522
744, -1496094
745, -1493354
746, -1487149
747, -1482034
748, -1482034
749, -1474904
750, -1482287
751, -1501455
752, -1504633
753, -1514292
754, -1509404
755, -1508032
756, -1515409
757, -1517228
758, -1511231
759, -1503597
760, -1515986
761, -1505456
762, -1509342
763, -1505703
764, -1492991
765, -1487952
766, -1483373
767, -1480399
768, -1488192
769, -1477256
770, -1462058
771, -1450741
772, -1455431
773, -1452642
774, -1447035
775, -1451566
776, -1450458
777, -1453573
778, -1453573
779, -1446359
780, -1445746
781, -1437362
782, -1431165
783, -1432892
784, -1431772
785, -1437536
786, -1425221
787, -1424391
788, -1431429
789, -1425050
790, -1429967
791, -1438059
792, -1438774
793, -1458976
794, -1460079
795, -1455921
796, -1451525
797, -1446959
798, -1460764
799, -1446155
800, -1458096
801, -1449747
802, -1454906
803, -1460501
804, -1471788
805, -1480668
806, -1487714
807, -1494854
808, -1490209
809, -1485742
810, -1482417
811, -1499821
812, -1496099
813, -1491915
814, -1487998
815, -1481186
816, -1485277
817, -1483376
818, -1486083
819, -1478295
820, -1473022
821, -1468593
822, -1471433
823, -1468757
824, -1477661
825, -1488889
826, -1496262
827, -1500185
828, -1502370
829, -1494362
830, -1490153
831, -1485612
832, -1481810
833, -1484662
834, -1481745
835, -1483739
836, -1483739
837, -1483739
838, -1491057
839, -1498267
840, -1494424
841, -1493916
842, -1498732
843, -1504907
844, -1500274
845, -1502950
846, -1500915
847, -1502112
