0, 5109.0
1, 5448.0
2, 6015.0
3, 5511.0
4, 5565.0
5, 5796.0
6, 5982.0
7, 5913.0
8, 5685.0
9, 5775.0
10, 5730.0
11, 5712.0
12, 5823.0
13, 5841.0
14, 5685.0
15, 5580.0
16, 5664.0
17, 5571.0
18, 5544.0
19, 5583.0
20, 5817.0
21, 5919.0
22, 5613.0
23, 5760.0
24, 5259.0
25, 5214.0
26, 5352.0
27, 5628.0
28, 5940.0
29, 6030.0
30, 5910.0
31, 6393.0
32, 7023.0
33, 6888.0
34, 7395.0
35, 7665.0
36, 7590.0
37, 7335.0
38, 7005.0
39, 6678.0
40, 6273.0
41, 6102.0
42, 5781.0
43, 5913.0
44, 6330.0
45, 6033.0
46, 6183.0
47, 6096.0
48, 5889.0
49, 5760.0
50, 5805.0
51, 6123.0
52, 5955.0
53, 5712.0
54, 5670.0
55, 5742.0
56, 5715.0
57, 5823.0
58, 6009.0
59, 6033.0
60, 5997.0
61, 5913.0
62, 5970.0
63, 5958.0
64, 6186.0
65, 6051.0
66, 6012.0
67, 5730.0
68, 5853.0
69, 5880.0
70, 5922.0
71, 5784.0
72, 5481.0
73, 5394.0
74, 5103.0
75, 4950.0
76, 4944.0
77, 4938.0
78, 4935.0
79, 4860.0
80, 5115.0
81, 4950.0
82, 4929.0
83, 4857.0
84, 4758.0
85, 4443.0
86, 4041.0
87, 4062.0
88, 4245.0
89, 4440.0
90, 4293.0
91, 4851.0
92, 4695.0
93, 4719.0
94, 4920.0
95, 4911.0
96, 5358.0
97, 5253.0
98, 5268.0
99, 4965.0
100, 4986.0
101, 5385.0
102, 5358.0
103, 5340.0
104, 5241.0
105, 5406.0
106, 5403.0
107, 5355.0
108, 5508.0
109, 5502.0
110, 5202.0
111, 4857.0
112, 4980.0
113, 4959.0
114, 5010.0
115, 4506.0
116, 4545.0
117, 4422.0
118, 4161.0
119, 3711.0
120, 3933.0
121, 3468.0
122, 3177.0
123, 3177.0
124, 3699.0
125, 3450.0
126, 3426.0
127, 3447.0
128, 3417.0
129, 3030.0
130, 3420.0
131, 3267.0
132, 2991.0
133, 3057.0
134, 3276.0
135, 3135.0
136, 3201.0
137, 3105.0
138, 2892.0
139, 2997.0
140, 2964.0
141, 2886.0
142, 2631.0
143, 2595.0
144, 2610.0
145, 2682.0
146, 2619.0
147, 2700.0
148, 2583.0
149, 2478.0
150, 2271.0
151, 1989.0
152, 2016.0
153, 2043.0
154, 2001.0
155, 1869.0
156, 1770.0
157, 1671.0
158, 1692.0
159, 1845.0
160, 1968.0
161, 2016.0
162, 2217.0
163, 2178.0
164, 2484.0
165, 2445.0
166, 2355.0
167, 2469.0
168, 2256.0
169, 2397.0
170, 2388.0
171, 2244.0
172, 2250.0
173, 2331.0
174, 2235.0
175, 2250.0
176, 2538.0
177, 2601.0
178, 2229.0
179, 2034.0
180, 2214.0
181, 2241.0
182, 2196.0
183, 2193.0
184, 2325.0
185, 2325.0
186, 2286.0
187, 2316.0
188, 2265.0
189, 2214.0
190, 2298.0
191, 2130.0
192, 2163.0
193, 1938.0
194, 1809.0
195, 1644.0
196, 1554.0
197, 1770.0
198, 1857.0
199, 1845.0
200, 1845.0
201, 1887.0
202, 1890.0
203, 1914.0
204, 2028.0
205, 2007.0
206, 1911.0
207, 1833.0
208, 1803.0
209, 1692.0
210, 1911.0
211, 1911.0
212, 1779.0
213, 1749.0
214, 1695.0
215, 1767.0
216, 1740.0
217, 1695.0
218, 1680.0
219, 1722.0
220, 1887.0
221, 1932.0
222, 1938.0
223, 1806.0
224, 1746.0
225, 1659.0
226, 1770.0
227, 1803.0
228, 1815.0
229, 1827.0
230, 1824.0
231, 1905.0
232, 1926.0
233, 1995.0
234, 2058.0
235, 2205.0
236, 2436.0
237, 2463.0
238, 2592.0
239, 2592.0
240, 2601.0
241, 2691.0
242, 2835.0
243, 2970.0
244, 2997.0
245, 2925.0
246, 2820.0
247, 2697.0
248, 2547.0
249, 3033.0
250, 3147.0
251, 3063.0
252, 3006.0
253, 2940.0
254, 2871.0
255, 2841.0
256, 2793.0
257, 2703.0
258, 2781.0
259, 2676.0
260, 3003.0
261, 2730.0
262, 2463.0
263, 2301.0
264, 2151.0
265, 2334.0
266, 2739.0
267, 2799.0
268, 2727.0
269, 2943.0
270, 2823.0
271, 2625.0
272, 2670.0
273, 2655.0
274, 2679.0
275, 2808.0
276, 2790.0
277, 2892.0
278, 3084.0
279, 2916.0
280, 2943.0
281, 2931.0
282, 2757.0
283, 2775.0
284, 2832.0
285, 2811.0
286, 2877.0
287, 2775.0
288, 2766.0
289, 2925.0
290, 2910.0
291, 2742.0
292, 2730.0
293, 2850.0
294, 2781.0
295, 2748.0
296, 2793.0
297, 2892.0
298, 2973.0
299, 2913.0
300, 2925.0
301, 2946.0
302, 2907.0
303, 2931.0
304, 2997.0
305, 2676.0
306, 2451.0
307, 2343.0
308, 2349.0
309, 2169.0
310, 2190.0
311, 2106.0
312, 1908.0
313, 1824.0
314, 1752.0
315, 1680.0
316, 1680.0
317, 1737.0
318, 1620.0
319, 1605.0
320, 1758.0
321, 1731.0
322, 1725.0
323, 1653.0
324, 1821.0
325, 1668.0
326, 1584.0
327, 1746.0
328, 1731.0
329, 1689.0
330, 1647.0
331, 1719.0
332, 1695.0
333, 1725.0
334, 1797.0
335, 1788.0
336, 1758.0
337, 1776.0
338, 2325.0
339, 2241.0
340, 2334.0
341, 2433.0
342, 2631.0
343, 2040.0
344, 1485.0
345, 1491.0
346, 1485.0
347, 1464.0
348, 1356.0
349, 1332.0
350, 1254.0
351, 1311.0
352, 1335.0
353, 1308.0
354, 1317.0
355, 1317.0
356, 1341.0
357, 1305.0
358, 1344.0
359, 1350.0
360, 1329.0
361, 1230.0
362, 1308.0
363, 1239.0
364, 1275.0
365, 1185.0
366, 1164.0
367, 1098.0
368, 1104.0
369, 1200.0
370, 1104.0
371, 1155.0
372, 1119.0
373, 1101.0
374, 1161.0
375, 1131.0
376, 1152.0
377, 1110.0
378, 1185.0
379, 1167.0
380, 1173.0
381, 1152.0
382, 1152.0
383, 1095.0
384, 1095.0
385, 1107.0
386, 1122.0
387, 1095.0
388, 1062.0
389, 1062.0
390, 1038.0
391, 1020.0
392, 957.0
393, 990.0
394, 981.0
395, 969.0
396, 984.0
397, 1035.0
398, 1041.0
399, 1050.0
400, 1005.0
401, 990.0
402, 987.0
403, 990.0
404, 993.0
405, 642.0
406, 552.0
407, 600.0
408, 642.0
409, 630.0
410, 603.0
411, 633.0
412, 654.0
413, 627.0
414, 636.0
415, 603.0
416, 612.0
417, 612.0
418, 609.0
419, 615.0
420, 594.0
421, 603.0
422, 600.26
423, 585.0
424, 570.0
425, 576.0
426, 594.0
427, 627.0
428, 621.0
429, 606.0
430, 603.0
431, 600.0
432, 621.0
433, 624.0
434, 600.0
435, 597.0
436, 573.0
437, 513.0
438, 498.0
439, 486.0
440, 444.0
441, 435.0
442, 441.0
443, 438.0
444, 456.0
445, 480.0
446, 450.0
447, 474.0
448, 474.0
449, 513.0
450, 480.0
451, 462.12
452, 462.0
453, 447.0
454, 438.0
455, 423.0
456, 420.0
457, 435.0
458, 414.0
459, 423.0
460, 456.0
461, 474.0
462, 456.0
463, 486.0
464, 510.0
465, 507.0
466, 498.0
467, 471.0
468, 468.0
469, 465.0
470, 462.0
471, 546.0
472, 546.0
473, 654.0
474, 663.0
475, 609.0
476, 585.0
477, 621.0
478, 609.0
479, 576.0
480, 579.0
481, 564.0
482, 603.0
483, 636.0
484, 621.0
485, 579.0
486, 636.0
487, 621.0
488, 609.0
489, 714.0
490, 699.0
491, 690.0
492, 759.0
493, 735.0
494, 702.0
495, 690.0
496, 687.0
497, 729.0
498, 729.0
499, 756.0
500, 777.0
501, 759.0
502, 756.0
503, 711.0
504, 624.0
505, 609.0
506, 630.0
507, 579.0
508, 576.0
509, 570.0
510, 594.0
511, 591.0
512, 579.0
513, 558.0
514, 588.0
515, 630.0
516, 594.0
517, 576.0
518, 585.0
519, 582.0
520, 579.0
521, 567.0
522, 579.0
523, 618.0
524, 660.0
525, 681.0
526, 669.0
527, 642.0
528, 651.0
529, 678.0
530, 672.0
531, 666.0
532, 648.0
533, 624.0
534, 627.0
535, 627.0
536, 624.0
537, 651.0
538, 657.0
539, 654.0
540, 627.0
541, 565.5
542, 567.0
543, 522.0
544, 528.0
545, 529.5
546, 528.0
547, 510.0
548, 508.5
549, 504.0
550, 507.0
551, 537.0
552, 555.0
553, 498.0
554, 510.0
555, 540.0
556, 531.0
557, 540.0
558, 534.0
559, 501.0
560, 522.0
561, 513.0
562, 495.0
563, 480.0
564, 501.0
565, 501.0
566, 552.0
567, 546.0
568, 555.0
569, 555.0
570, 546.0
571, 537.0
572, 528.0
573, 543.0
574, 537.0
575, 513.0
576, 498.0
577, 489.0
578, 495.0
579, 546.0
580, 513.0
581, 501.0
582, 498.0
583, 501.0
584, 504.0
585, 519.0
586, 621.0
587, 681.0
588, 639.0
589, 666.0
590, 633.0
591, 582.0
592, 594.0
593, 618.0
594, 609.0
595, 642.0
596, 660.0
597, 648.0
598, 636.0
599, 636.0
600, 606.0
601, 600.0
602, 612.0
603, 606.0
604, 597.0
605, 591.0
606, 582.0
607, 573.0
608, 564.0
609, 549.0
610, 567.0
611, 555.0
612, 540.0
613, 561.0
614, 558.0
615, 555.0
616, 552.0
617, 603.0
618, 600.0
619, 609.0
620, 588.0
621, 546.0
622, 561.0
623, 555.0
624, 534.0
625, 537.0
626, 552.0
627, 540.0
628, 510.0
629, 507.0
630, 513.0
631, 516.0
632, 522.0
633, 567.0
634, 576.0
635, 591.0
636, 594.0
637, 588.0
638, 552.0
639, 561.0
640, 567.0
641, 582.0
642, 585.0
643, 573.0
644, 567.0
645, 567.0
646, 558.0
647, 576.0
648, 585.0
649, 585.0
650, 609.0
651, 585.0
652, 573.0
653, 582.0
654, 576.0
655, 573.0
656, 591.0
657, 591.0
658, 576.0
659, 570.0
660, 570.0
661, 561.0
662, 552.0
663, 555.0
664, 543.0
665, 537.0
666, 540.0
667, 546.0
668, 549.0
669, 540.0
670, 546.0
671, 558.0
672, 540.0
673, 552.0
674, 540.0
675, 537.0
676, 519.0
677, 510.0
678, 534.0
679, 537.0
680, 516.0
681, 510.0
682, 501.0
683, 516.0
684, 498.0
685, 396.0
686, 414.0
687, 408.0
688, 411.0
689, 402.0
690, 405.0
691, 414.0
692, 522.0
693, 450.0
694, 444.0
695, 441.0
696, 429.0
697, 459.0
698, 495.0
699, 492.0
700, 543.0
701, 534.0
702, 546.0
703, 531.0
704, 540.0
705, 510.0
706, 504.0
707, 510.0
708, 498.0
709, 363.0
710, 357.0
711, 354.0
712, 342.0
713, 360.0
714, 351.0
715, 384.0
716, 381.0
717, 390.0
718, 391.5
719, 402.0
720, 417.0
721, 426.0
722, 429.0
723, 423.0
724, 414.0
725, 414.0
726, 402.0
727, 408.0
728, 399.0
729, 387.0
730, 390.0
731, 387.0
732, 387.0
733, 384.0
734, 390.0
735, 402.0
736, 390.0
737, 390.0
738, 384.0
739, 360.0
740, 369.0
741, 408.0
742, 411.0
743, 414.0
744, 393.0
745, 393.0
746, 378.0
747, 384.0
748, 387.0
749, 396.0
750, 396.02
751, 387.0
752, 396.0
753, 387.0
754, 387.0
755, 375.0
756, 363.0
757, 363.0
758, 387.0
759, 399.0
760, 402.0
761, 429.0
762, 408.0
763, 396.0
764, 390.0
765, 402.0
766, 426.0
767, 414.0
768, 420.0
769, 435.0
770, 438.0
771, 423.0
772, 429.0
773, 417.0
774, 408.0
775, 390.0
776, 396.0
777, 396.0
778, 381.0
779, 372.0
780, 351.0
781, 348.0
782, 351.0
783, 351.0
784, 357.0
785, 363.0
786, 358.5
787, 354.0
788, 351.0
789, 354.0
790, 354.0
791, 342.0
792, 334.5
793, 309.0
794, 253.26
795, 248.1
796, 279.0
797, 261.0
798, 354.0
799, 327.0
800, 345.0
801, 333.0
802, 318.0
803, 309.0
804, 309.0
805, 318.0
806, 315.0
807, 333.0
808, 312.0
809, 309.0
810, 288.0
811, 270.0
812, 300.0
813, 306.0
814, 306.0
815, 293.96
816, 287.28
817, 276.12
818, 271.08
819, 270.0
820, 274.82
821, 279.0
822, 273.0
823, 273.06
824, 273.0
825, 276.62
826, 270.0
827, 258.0
828, 258.0
829, 253.2
830, 260.6
831, 267.0
832, 279.0
833, 288.0
834, 287.96
835, 288.0
836, 288.0
837, 291.0
838, 276.0
839, 273.42
840, 270.9
841, 264.0
842, 255.78
843, 264.0
844, 267.06
845, 252.0
846, 258.0
847, 262.62
848, 264.0
849, 261.0
850, 263.64
851, 252.44
852, 255.0
853, 239.48
854, 246.0
855, 248.46
856, 240.62
857, 231.42
858, 225.2
859, 228.6
860, 216.32
861, 210.0
862, 178.05
863, 176.04
864, 201.0
865, 186.0
866, 210.0
867, 216.0
868, 153.0
869, 143.4
870, 150.0
871, 150.03
872, 149.58
873, 145.8
874, 136.5
875, 149.7
876, 150.06
877, 147.0
878, 144.0
879, 136.53
880, 137.88
881, 139.8
882, 135.9
883, 135.03
884, 135.09
885, 133.5
886, 138.72
887, 139.62
888, 141.3
889, 156.06
890, 165.9
891, 153.0
892, 147.66
893, 135.21
894, 141.3
895, 144.15
896, 138.15
897, 142.17
898, 136.53
899, 129.9
900, 129.03
901, 123.09
902, 105.0
903, 120.3
904, 127.47
905, 129.0
906, 106.29
907, 105.03
908, 102.0
909, 96.03
910, 102.75
911, 96.57
912, 91.5
913, 91.32
914, 84.0
915, 78.0
916, 81.0
917, 81.0
918, 81.0
919, 80.25
920, 85.8
921, 87.66
922, 84.0
923, 87.6
924, 90.03
925, 96.45
926, 102.66
927, 106.5
928, 109.05
929, 109.5
930, 108.09
931, 109.5
932, 106.17
933, 107.37
934, 96.33
935, 97.5
936, 93.0
937, 95.79
938, 98.4
939, 97.5
940, 97.5
941, 117.0
942, 108.0
943, 123.0
944, 123.0
945, 117.0
946, 113.94
947, 129.0
948, 135.0
949, 150.0
950, 147.0
951, 150.0
952, 132.03
953, 122.85
954, 117.03
955, 119.1
956, 114.0
957, 111.03
958, 96.0
959, 96.0
960, 97.35
961, 90.0
962, 93.03
963, 84.0
964, 87.0
965, 86.28
966, 87.78
967, 96.0
968, 99.0
969, 113.37
970, 111.0
971, 109.5
972, 103.5
973, 98.64
974, 96.0
975, 105.0
976, 105.0
977, 102.0
978, 96.0
979, 99.0
980, 96.0
981, 96.0
982, 99.78
983, 92.1
984, 94.5
985, 90.48
986, 89.7
987, 87.18
988, 87.03
989, 85.44
990, 88.35
991, 83.1
992, 76.8
993, 40.56
994, 39.0
995, 39.0
996, 36.6
997, 39.0
998, 39.27
999, 40.5
1000, 39.0
1001, 41.01
1002, 47.97
1003, 60.0
1004, 68.7
1005, 84.0
1006, 72.69
1007, 70.5
1008, 81.0
1009, 78.45
1010, 77.7
1011, 75.0
1012, 81.0
1013, 81.0
1014, 78.0
1015, 75.0
1016, 75.0
1017, 78.0
1018, 75.0
1019, 84.0
1020, 78.0
1021, 75.0
1022, 78.0
1023, 75.0
1024, 75.0
1025, 72.0
1026, 72.0
1027, 72.0
1028, 72.0
1029, 75.0
1030, 81.0
1031, 75.0
1032, 81.0
1033, 75.0
1034, 63.0
1035, 60.3
1036, 51.0
1037, 57.0
1038, 63.0
1039, 65.1
1040, 60.0
1041, 59.7
1042, 60.0
1043, 57.0
1044, 60.0
1045, 58.5
1046, 54.0
1047, 57.0
1048, 51.15
1049, 40.2
1050, 55.7
1051, 56.4
1052, 54.4
1053, 50.8
1054, 48.4
1055, 46.0
1056, 50.2
1057, 49.2
1058, 50.8
1059, 49.4
1060, 49.0
1061, 109.2
1062, 106.0
1063, 91.4
1064, 93.6
1065, 89.4
1066, 78.0
1067, 79.4
1068, 76.2
1069, 68.0
1070, 64.4
1071, 60.4
1072, 63.2
1073, 59.4
1074, 61.6
1075, 72.0
1076, 61.4
1077, 62.0
1078, 78.4
1079, 68.0
1080, 74.8
1081, 74.2
1082, 73.8
1083, 75.4
1084, 82.6
1085, 77.4
1086, 76.6
1087, 75.0
1088, 74.0
1089, 75.8
1090, 73.2
1091, 77.0
1092, 74.6
1093, 73.0
1094, 75.0
1095, 75.8
1096, 74.4
1097, 65.2
1098, 65.4
1099, 65.2
1100, 63.8
1101, 62.2
1102, 57.4
1103, 45.6
1104, 49.0
1105, 54.2
1106, 51.8
1107, 46.0
1108, 46.4
1109, 45.4
1110, 45.0
1111, 39.8
1112, 38.6
1113, 41.4
1114, 42.2
1115, 42.2
1116, 40.6
1117, 41.2
1118, 43.8
1119, 52.4
1120, 52.8
1121, 56.0
1122, 54.4
1123, 49.4
1124, 50.4
1125, 48.2
1126, 49.8
1127, 47.8
1128, 49.4
1129, 44.6
1130, 43.4
1131, 43.2
1132, 45.2
1133, 49.0
1134, 45.8
1135, 45.8
1136, 47.6
1137, 48.8
1138, 44.0
1139, 47.0
1140, 46.6
1141, 48.2
1142, 47.6
1143, 47.2
1144, 45.8
1145, 46.4
1146, 46.0
1147, 45.6
1148, 44.4
1149, 44.4
1150, 42.2
1151, 44.8
1152, 44.6
1153, 44.4
1154, 45.6
1155, 47.0
1156, 44.0
1157, 41.8
1158, 41.8
1159, 39.2
1160, 39.7
1161, 37.2
1162, 34.4
1163, 36.4
1164, 38.4
1165, 40.4
1166, 41.2
1167, 41.2
1168, 42.8
1169, 43.2
1170, 41.4
1171, 42.4
1172, 43.4
1173, 43.0
1174, 43.0
1175, 43.2
1176, 42.8
1177, 43.8
1178, 44.2
1179, 43.8
1180, 42.4
1181, 39.0
1182, 40.0
1183, 40.2
1184, 40.2
1185, 40.2
1186, 39.4
1187, 39.4
1188, 38.4
1189, 34.2
1190, 34.4
1191, 31.8
1192, 31.0
1193, 29.4
1194, 28.8
1195, 30.4
1196, 28.2
1197, 29.4
1198, 27.4
1199, 26.8
1200, 28.8
1201, 28.6
1202, 28.6
1203, 28.2
1204, 29.2
1205, 27.0
1206, 26.6
1207, 26.2
1208, 25.8
1209, 25.0
1210, 16.1
1211, 15.4
1212, 15.0
1213, 13.6
1214, 13.588
1215, 12.2
1216, 12.2
1217, 12.8
1218, 12.8
1219, 14.6
1220, 14.044
1221, 14.4
1222, 14.8
1223, 14.0
1224, 13.2
1225, 12.882
1226, 12.4
1227, 13.0
1228, 13.33
1229, 11.9
1230, 11.0
1231, 10.6
1232, 9.6
1233, 8.28
1234, 8.0
1235, 8.4
1236, 7.802
1237, 7.0
1238, 7.002
1239, 7.714
1240, 9.202
1241, 8.8
1242, 8.7
1243, 8.32
1244, 8.462
1245, 9.5
1246, 8.4
1247, 7.802
1248, 8.258
1249, 8.5
1250, 8.204
1251, 7.26
1252, 7.2
1253, 7.022
1254, 6.64
1255, 7.0
1256, 8.314
1257, 8.2
1258, 8.0
1259, 7.348
1260, 7.662
1261, 7.4
1262, 7.486
1263, 7.8
1264, 7.656
1265, 7.604
1266, 7.804
1267, 8.4
1268, 8.3
1269, 8.402
1270, 8.972
1271, 8.0
1272, 7.6
1273, 7.8
1274, 7.59
1275, 7.494
1276, 7.064
1277, 7.4
1278, 7.7
1279, 7.578
1280, 7.434
1281, 10.2
1282, 8.6
1283, 9.2
1284, 9.2
1285, 5.602
1286, 5.202
1287, 5.4
1288, 5.002
1289, 4.78
1290, 4.46
1291, 4.82
1292, 4.778
1293, 5.2
1294, 5.1
1295, 5.8
1296, 5.302
1297, 5.31
1298, 5.102
1299, 5.13
1300, 5.4
1301, 5.68
1302, 5.28
1303, 5.4
1304, 5.23
1305, 5.298
1306, 5.196
1307, 5.212
1308, 5.102
1309, 5.228
1310, 5.2
1311, 5.398
1312, 5.0
1313, 6.4
1314, 6.9
1315, 6.0
1316, 5.87
1317, 6.4
1318, 7.8
1319, 6.116
1320, 5.624
1321, 6.74
1322, 6.22
1323, 6.32
1324, 6.798
1325, 6.8
1326, 7.22
1327, 6.9
1328, 7.044
1329, 7.0
1330, 6.81
1331, 6.48
1332, 6.82
1333, 8.02
1334, 12.066
1335, 19.194
1336, 14.0
1337, 8.7
1338, 9.692
1339, 9.49
1340, 10.472
1341, 11.98
1342, 11.98
1343, 11.788
1344, 11.2
1345, 10.2
1346, 11.68
1347, 12.2
1348, 12.58
1349, 12.78
1350, 12.194
1351, 11.8
1352, 12.004
1353, 11.44
1354, 11.3
1355, 10.558
1356, 10.8
1357, 11.36
1358, 11.4
1359, 11.276
1360, 10.898
1361, 11.0
1362, 11.1
1363, 10.926
1364, 10.6
1365, 10.49
1366, 10.126
1367, 10.98
1368, 10.642
1369, 10.8
1370, 10.51
1371, 10.644
1372, 10.4
1373, 10.678
1374, 13.14
1375, 13.6
1376, 13.948
1377, 16.0
1378, 15.094
1379, 10.1
1380, 11.16
1381, 10.872
1382, 10.77
1383, 10.64
1384, 11.098
1385, 10.72
1386, 10.56
1387, 10.546
1388, 10.508
1389, 10.516
1390, 10.2
1391, 10.22
1392, 11.74
1393, 11.32
1394, 11.8
1395, 11.304
1396, 11.34
1397, 11.76
1398, 13.878
1399, 10.04
1400, 9.844
1401, 9.4
1402, 9.83
1403, 9.5
1404, 9.34
1405, 9.108
1406, 9.22
1407, 9.762
1408, 9.878
1409, 9.628
1410, 9.514
1411, 9.74
1412, 9.612
1413, 9.64
1414, 9.682
1415, 9.64
1416, 9.632
1417, 9.422
1418, 9.58
1419, 9.6
1420, 9.38
1421, 9.16
1422, 9.122
1423, 8.6
1424, 8.096
1425, 7.882
1426, 8.052
1427, 8.144
1428, 8.8
1429, 8.6
1430, 8.428
1431, 8.54
1432, 8.19
1433, 8.162
1434, 8.008
1435, 7.972
1436, 7.706
1437, 7.302
1438, 7.2
1439, 6.93
1440, 7.156
1441, 7.37
1442, 7.078
1443, 7.026
1444, 7.92
1445, 7.802
1446, 7.776
1447, 7.02
1448, 6.818
1449, 6.76
1450, 6.2
1451, 6.13
1452, 6.2
1453, 6.73
1454, 6.576
1455, 6.326
1456, 6.66
1457, 6.56
1458, 6.28
1459, 6.298
1460, 6.33
1461, 6.214
1462, 6.05
1463, 5.8
1464, 5.342
1465, 4.656
1466, 4.738
1467, 4.5
1468, 4.594
1469, 4.636
1470, 4.342
1471, 4.16
1472, 3.968
1473, 3.758
1474, 3.6
1475, 4.082
1476, 4.198
1477, 3.948
1478, 3.46
1479, 3.38
1480, 3.938
1481, 3.8
1482, 4.05
1483, 4.09
1484, 3.75
1485, 3.93
1486, 3.86
1487, 3.72
1488, 3.84
1489, 3.75
1490, 3.53
1491, 3.33
1492, 3.11
1493, 3.05
1494, 3.07
1495, 2.71
1496, 2.87
1497, 2.97
1498, 3.0
1499, 2.86
1500, 3.27
1501, 2.97
1502, 2.92
1503, 2.84
1504, 2.7
1505, 2.69
1506, 2.64
1507, 2.33
1508, 1.59
1509, 1.36
1510, 1.38
1511, 1.3
1512, 1.23
1513, 1.06
1514, 1.19
1515, 1.09
1516, 1.03
1517, 1.01
1518, 1.09
1519, 1.01
1520, 1.01
1521, 0.95
1522, 1.0
1523, 0.97
1524, 0.9735
1525, 0.99
1526, 0.9935
1527, 0.944
1528, 0.93
1529, 1.05
1530, 1.02
1531, 1.09
1532, 1.06
1533, 1.04
1534, 1.05
1535, 1.13
1536, 1.28
1537, 1.12
1538, 1.17
1539, 1.05
1540, 1.14
1541, 1.1
1542, 1.06
1543, 1.02
1544, 1.08
1545, 1.06
1546, 1.02
1547, 1.07
1548, 1.05
1549, 1.04
1550, 1.03
1551, 1.02
1552, 1.04
1553, 1.13
1554, 1.05
1555, 1.03
1556, 1.03
1557, 1.04
1558, 1.05
1559, 1.04
1560, 1.02
1561, 0.99
1562, 1.04
1563, 1.01
1564, 1.03
1565, 1.01
1566, 0.999
1567, 0.955
1568, 0.9899
1569, 0.98
1570, 0.955
1571, 0.9481
1572, 0.915
1573, 0.925
1574, 0.918
1575, 0.8553
1576, 0.89
1577, 0.8401
1578, 0.779
1579, 0.745
1580, 0.6738
1581, 0.709
1582, 0.6901
1583, 0.68
1584, 0.634
1585, 0.585
1586, 0.58
1587, 0.6202
1588, 0.6452
1589, 0.659
1590, 0.655
1591, 0.639
1592, 0.62
1593, 0.6226
1594, 0.6399
1595, 0.6197
1596, 0.5838
1597, 0.5948
1598, 0.61
1599, 0.622
1600, 0.6119
1601, 0.6371
1602, 0.7322
1603, 0.6891
1604, 0.65
1605, 0.65
1606, 0.63
1607, 0.63
1608, 0.6
1609, 0.5561
1610, 0.5682
1611, 0.5862
1612, 0.5738
1613, 0.581
1614, 0.59
1615, 0.6
1616, 0.7068
1617, 0.69
1618, 0.7246
1619, 0.7
1620, 0.649
1621, 0.643
1622, 0.651
1623, 0.631
1624, 0.6311
1625, 0.6299
1626, 0.6161
1627, 0.6124
1628, 0.6098
1629, 0.62
1630, 0.582
1631, 0.567
1632, 0.569
1633, 0.5985
1634, 0.58
1635, 0.58
1636, 0.575
1637, 0.574
1638, 0.57
1639, 0.563
1640, 0.57
1641, 0.5766
1642, 0.5999
1643, 0.59
1644, 0.5918
1645, 0.6405
1646, 0.65
1647, 0.6301
1648, 0.6055
1649, 0.5995
1650, 0.58
1651, 0.57
1652, 0.595
1653, 0.621
1654, 0.615
1655, 0.5991
1656, 0.5634
1657, 0.58
1658, 0.5901
1659, 0.605
1660, 0.81
1661, 0.7401
1662, 0.6505
1663, 0.63
1664, 0.68
1665, 0.6336
1666, 0.6243
1667, 0.5952
1668, 0.645
1669, 0.626
1670, 0.6585
1671, 0.705
1672, 0.71
1673, 0.685
1674, 0.67
1675, 0.68
1676, 0.695
1677, 0.671
1678, 0.67
1679, 0.6545
1680, 0.66
1681, 0.6572
1682, 0.718
1683, 0.6951
1684, 0.675
1685, 0.68
1686, 0.6498
1687, 0.638
1688, 0.635
1689, 0.61
1690, 0.62996
1691, 0.689
1692, 0.6707
1693, 0.62
1694, 0.6799
1695, 0.6535
1696, 0.63
