15.0, 81.67770419426043
16.0, 69.81132075471714
17.0, 71.41518275538888
18.0, 72.41379310344826
19.0, 67.7865612648221
20.0, 71.62750217580502
21.0, 56.100886162235795
22.0, 64.73165388828036
23.0, 62.470862470862386
24.0, 60.80544526375498
25.0, 56.41456582633061
26.0, 54.00108873162771
27.0, 42.400482509046974
28.0, 52.271483305966115
29.0, 49.01277584204417
30.0, 52.750000000000036
31.0, 47.652173913043505
32.0, 46.19347452776191
33.0, 47.88087056128299
34.0, 38.26037521318933
35.0, 54.44726810673444
36.0, 30.80872913992293
37.0, 46.10000000000005
38.0, 45.151811949069554
39.0, 41.662901039313184
40.0, 51.33200795228629
41.0, 52.71539403838305
42.0, 42.20146222583266
43.0, 46.18306114698063
44.0, 45.10385756676554
45.0, 47.425897035881476
46.0, 50.26555386949922
47.0, 47.84053156146177
48.0, 53.5834896810507
49.0, 49.42391736193882
50.0, 57.48613678373387
51.0, 42.08556149732621
52.0, 47.04315396909961
53.0, 62.295081967213044
54.0, 51.11647555823776
55.0, 53.43465045592704
56.0, 50.604490500863584
57.0, 54.28875865743211
58.0, 57.63187429854106
59.0, 59.80445410103199
60.0, 57.47126436781614
61.0, 57.43825387708214
62.0, 59.94594594594592
63.0, 56.581632653061206
64.0, 56.98979591836737
65.0, 61.61059018201872
66.0, 60.31927023945262
67.0, 56.85058896466211
68.0, 54.615842763549765
69.0, 53.53901996370238
70.0, 67.86809815950903
71.0, 59.39922480620144
72.0, 59.94263862332683
73.0, 57.11361310133068
74.0, 58.39126117179737
75.0, 62.88770053475921
76.0, 45.359477124183186
77.0, 68.91428571428574
78.0, 56.18508026440036
79.0, 61.445783132530174
80.0, 50.18532246108237
81.0, 40.997464074387295
82.0, 45.11627906976746
83.0, 52.86521388216294
84.0, 48.09104258443467
85.0, 48.35646457268073
86.0, 43.0107526881721
87.0, 47.329192546583776
88.0, 46.05597964376582
89.0, 49.78488014751082
90.0, 50.18587360594796
91.0, 43.49964862965555
92.0, 48.93280632411062
93.0, 43.63001745200691
94.0, 57.5879396984925
95.0, 53.10472659870253
96.0, 49.48186528497407
97.0, 42.871093749999915
98.0, 39.90909090909092
99.0, 36.92748091603055
100.0, 46.169772256728656
101.0, 37.35362997658061
102.0, 39.479638009049694
103.0, 30.868544600938705
104.0, 51.41811527904845
105.0, 43.59649122807011
106.0, 41.835016835016816
107.0, 39.63317384370004
108.0, 44.825072886297384
109.0, 51.38993238166788
110.0, 57.01684041700085
111.0, 55.73905862923216
112.0, 67.23107569721114
113.0, 63.859981078524065
114.0, 63.89413988657843
115.0, 65.57223264540337
116.0, 66.26838235294113
117.0, 69.96161228406902
118.0, 60.178117048346
119.0, 67.37891737891724
120.0, 78.12499999999955
121.0, 87.92846497764496
122.0, 71.24999999999987
123.0, 70.24029574861365
124.0, 65.0092081031307
125.0, 68.8524590163932
126.0, 65.52262090483609
127.0, 72.85945072697895
128.0, 69.94633273703042
129.0, 65.94982078853064
130.0, 66.31205673758885
131.0, 69.10569105691067
132.0, 73.04964539007105
133.0, 76.65706051873237
134.0, 75.03852080123298
135.0, 75.5287009063448
136.0, 89.12466843501355
137.0, 73.69668246445505
138.0, 75.03015681544044
139.0, 76.63656884875867
140.0, 76.72316384180792
141.0, 49.69325153374236
142.0, 43.78378378378385
143.0, 51.26353790613724
144.0, 44.63181562675664
145.0, 47.4666666666666
146.0, 41.50219298245615
147.0, 43.51508734780302
148.0, 42.96257248286765
149.0, 45.35353535353529
150.0, 43.26166754063966
151.0, 42.54770500257856
152.0, 39.66346153846147
153.0, 44.419840566873326
154.0, 45.62805148690633
155.0, 54.04837013669825
156.0, 59.55967555040559
157.0, 52.383979656706934
158.0, 55.19089082384458
159.0, 55.60716655607173
160.0, 57.67377838953891
161.0, 50.0
162.0, 54.76190476190473
163.0, 46.52338811630849
164.0, 46.72544080604537
165.0, 47.65574823378291
166.0, 57.36434108527123
167.0, 50.301204819277075
168.0, 45.313601127554676
169.0, 45.538243626062425
170.0, 42.72425249169446
171.0, 49.312499999999936
172.0, 54.014129736673084
173.0, 47.62579730687455
174.0, 47.157894736842124
175.0, 50.5643340857788
176.0, 41.61442006269595
177.0, 41.16279069767446
178.0, 34.8323793949305
179.0, 49.69325153374236
180.0, 43.35060449050082
181.0, 29.53586497890278
182.0, 37.51763046544425
183.0, 41.70337738619662
184.0, 50.0
185.0, 44.18789808917207
186.0, 45.952197378566034
187.0, 41.562064156206496
188.0, 51.58150851581508
189.0, 53.03314571607259
190.0, 57.08737864077663
191.0, 53.13253012048191
192.0, 51.33876600698485
193.0, 52.14653692043502
194.0, 46.78993323061119
195.0, 57.4861367837339
196.0, 51.570351758794
197.0, 54.753521126760646
198.0, 38.406144983197265
199.0, 53.931777378815056
200.0, 50.719942404607615
201.0, 54.04789053591787
202.0, 47.71615008156603
203.0, 44.52054794520545
204.0, 43.92307692307692
205.0, 44.66171294485724
206.0, 49.0143022806339
207.0, 44.74235441977381
208.0, 48.15148782687104
209.0, 40.3393752410335
210.0, 39.11742707554222
211.0, 34.23560808234838
212.0, 40.26905829596407
213.0, 7.4411541381928
214.0, 21.57385795265084
215.0, 21.1192538307795
216.0, 20.359666024405925
217.0, 30.350665054413554
218.0, 39.67007069913589
219.0, 41.09031733116355
220.0, 39.1255605381166
221.0, 47.57422157856625
222.0, 44.14333706606943
223.0, 50.2491103202847
224.0, 52.66634050880626
225.0, 49.392062399632934
226.0, 52.67573696145125
227.0, 70.30871670702179
228.0, 65.80690135935865
229.0, 63.33445152633339
230.0, 68.55955678670361
231.0, 60.34482758620686
232.0, 51.53458543289051
233.0, 51.53458543289051
234.0, 44.6664003196165
235.0, 29.588205388917203
236.0, 40.655549166187534
237.0, 45.94028287061287
238.0, 37.808711270767894
239.0, 54.920212765957466
240.0, 50.0
241.0, 48.21831303563372
242.0, 40.05325218714341
243.0, 49.791955617198326
244.0, 47.474390674673245
245.0, 49.50276243093927
246.0, 53.240109140518456
247.0, 52.329869259135094
248.0, 59.35412026726063
249.0, 55.29497984609751
250.0, 51.95195195195194
251.0, 50.712360415864445
252.0, 52.0347688660608
253.0, 45.92427616926503
254.0, 44.748263888888864
255.0, 45.55899248784797
256.0, 60.91395235780267
257.0, 51.7549077929804
258.0, 50.259965337954945
259.0, 49.77116704805485
260.0, 41.20769741207699
261.0, 41.40000000000005
262.0, 38.84077281812126
263.0, 45.08310249307483
264.0, 46.76724137931037
265.0, 35.565217391304586
266.0, 54.825870646766184
267.0, 44.39959636730577
268.0, 57.8139980824544
269.0, 53.315649867373935
270.0, 38.719512195121986
271.0, 36.776061776061844
272.0, 38.17635270541089
273.0, 42.00819672131159
274.0, 35.839160839160996
275.0, 46.88552188552183
276.0, 45.80592105263158
277.0, 52.10755813953487
278.0, 52.14545454545457
279.0, 52.42227042660881
280.0, 52.62778977681786
281.0, 43.85122975404924
282.0, 39.14174252275684
283.0, 47.5728155339806
284.0, 54.20560747663557
285.0, 56.86024250159541
286.0, 60.49304677623263
287.0, 63.27849588719158
288.0, 74.28407789232526
289.0, 63.43077771649191
290.0, 70.81292850146909
291.0, 66.26768226332962
292.0, 67.32409381663105
293.0, 68.69254341164446
294.0, 59.522625559423126
295.0, 75.98468271334781
296.0, 75.52954292084716
297.0, 73.57013847080064
298.0, 67.51552795031049
299.0, 66.29353233830838
300.0, 67.05167173252269
301.0, 64.96444731738833
302.0, 53.51056578050434
303.0, 65.83941605839411
304.0, 57.64705882352937
305.0, 57.28417266187039
306.0, 50.598290598290724
307.0, 46.08208955223884
308.0, 56.71641791044777
309.0, 42.71570014144269
310.0, 44.214876033057955
311.0, 50.968523002421186
312.0, 56.73854447439331
313.0, 44.834930777422926
314.0, 61.74298375184631
315.0, 48.248309772587625
316.0, 62.176724137931096
317.0, 54.89677077818959
318.0, 54.14424111948333
319.0, 57.50517598343688
320.0, 62.81719316416364
321.0, 63.12275295326146
322.0, 61.8831822759315
323.0, 62.90076335877871
324.0, 63.65902293120641
325.0, 61.8923157344486
326.0, 61.22026887280254
327.0, 66.85488424618856
328.0, 55.053598774885195
329.0, 68.60687022900763
330.0, 44.64285714285718
331.0, 61.98125836680038
332.0, 66.89976689976677
333.0, 53.78440366972488
334.0, 41.56285390713498
335.0, 30.681818181818272
336.0, 43.35086401202106
337.0, 41.00719424460432
338.0, 42.53679046951643
339.0, 42.25352112676047
340.0, 37.174721189591004
341.0, 43.570170287727606
342.0, 40.987507436049945
343.0, 46.13147178592197
344.0, 49.132589838909475
345.0, 46.58425504229017
346.0, 46.37491835401696
347.0, 52.917505030181076
348.0, 53.564154786150596
349.0, 65.96989966555168
350.0, 60.48543689320385
351.0, 65.86586586586571
352.0, 60.387513455328246
353.0, 59.871931696905015
354.0, 78.33109017496606
355.0, 76.42752562225428
356.0, 73.31460674157297
357.0, 73.9010989010989
358.0, 67.50313676286055
359.0, 65.27958387516242
360.0, 59.165424739195274
361.0, 46.28820960698678
362.0, 61.89151599443685
363.0, 61.89151599443685
364.0, 52.38095238095237
365.0, 57.26495726495723
366.0, 56.574185765983216
367.0, 58.24436536180305
368.0, 52.868391451068526
369.0, 50.0
370.0, 51.79233621755253
371.0, 42.1720733427362
372.0, 55.013192612137274
373.0, 51.54511742892474
374.0, 52.351485148514875
375.0, 56.85483870967747
376.0, 58.8461538461538
377.0, 61.185006045949216
378.0, 69.97549019607857
379.0, 49.50711938663744
380.0, 46.64602683178527
381.0, 55.12152777777772
382.0, 55.84872471416005
383.0, 49.02597402597413
384.0, 55.01130369253955
385.0, 57.54231052244294
386.0, 55.06230529595026
387.0, 50.0
388.0, 48.0466072652501
389.0, 48.24501032346873
390.0, 50.26455026455024
391.0, 50.132625994695005
392.0, 42.73345701917121
393.0, 51.766304347826065
394.0, 49.706457925635995
395.0, 36.64473684210533
396.0, 39.78849966953085
397.0, 41.00817438692094
398.0, 41.801075268817286
399.0, 36.030341340075985
400.0, 37.220843672456596
401.0, 45.81961816984854
402.0, 42.90998766954381
403.0, 47.85879629629626
404.0, 37.43811881188134
405.0, 41.289198606271825
406.0, 49.30345245305876
407.0, 47.02531645569618
408.0, 48.593852190974516
409.0, 56.705539358600596
410.0, 54.376854599406464
411.0, 58.31381733021081
412.0, 47.137254901960766
413.0, 59.78674790555985
414.0, 57.41935483870973
415.0, 51.548117154811834
416.0, 57.142857142857146
417.0, 51.214361140443486
418.0, 58.34319526627227
419.0, 47.317744154057685
420.0, 33.94366197183123
421.0, 39.48387096774194
422.0, 44.671532846715316
423.0, 37.327823691460026
424.0, 38.439716312056746
425.0, 37.19247467438502
426.0, 53.55450236966837
427.0, 25.919732441471652
428.0, 21.92362093352206
429.0, 28.326180257510714
430.0, 25.384615384615387
431.0, 24.75000000000003
432.0, 41.38266796494627
433.0, 49.42426926483622
434.0, 56.54121863799287
435.0, 55.78851412944404
436.0, 56.45756457564577
437.0, 61.17647058823534
438.0, 61.17647058823534
439.0, 56.778889899909025
440.0, 55.56594948550045
441.0, 61.618257261410776
442.0, 74.83124397299883
443.0, 76.07699358386785
444.0, 85.30318602261045
445.0, 89.25764192139731
446.0, 67.43787489288766
447.0, 62.703739213806365
448.0, 57.75347912524845
449.0, 56.32065775950655
450.0, 62.35606731620902
451.0, 61.18479221927498
452.0, 62.1551724137931
453.0, 63.6363636363637
454.0, 65.66666666666673
455.0, 68.33046471600699
456.0, 61.569416498993945
457.0, 53.87029288702937
458.0, 53.03810504634403
459.0, 41.4634146341464
460.0, 60.26119402985107
461.0, 72.72727272727269
462.0, 76.40449438202256
463.0, 76.66666666666674
464.0, 57.558139534883715
465.0, 62.43243243243235
466.0, 62.48313090418351
467.0, 72.20172201722012
468.0, 68.16901408450704
469.0, 82.91761148904008
470.0, 53.226589034449376
471.0, 59.831335996449155
472.0, 61.01620674551032
473.0, 67.38732136313669
474.0, 52.40809347392416
475.0, 48.88217522658608
476.0, 51.67095115681231
477.0, 50.75219982969061
478.0, 53.114086146682176
479.0, 52.68722466960352
480.0, 52.78429073856978
481.0, 48.31460674157307
482.0, 52.71481286241434
483.0, 49.49324324324322
484.0, 56.67311411992261
485.0, 52.23570190641251
486.0, 56.72110552763821
487.0, 44.61942257217848
488.0, 62.500000000000014
489.0, 64.65342521280905
490.0, 62.07046541974771
491.0, 65.15342580916351
492.0, 66.36916835699799
493.0, 62.22308589195492
494.0, 62.74434649290914
495.0, 68.62823061630213
496.0, 66.36828644501279
497.0, 60.07085020242913
498.0, 64.898851831602
499.0, 68.08398950131232
500.0, 63.307181653590796
501.0, 77.87676317743143
502.0, 75.69331158238185
503.0, 73.41659232827845
504.0, 73.46393588601968
505.0, 69.43620178041554
506.0, 64.19068736141918
507.0, 76.28458498023745
508.0, 77.3869346733671
509.0, 68.79895561357716
510.0, 62.597809076682296
511.0, 34.933333333333294
512.0, 46.27560521415259
513.0, 34.990958408679816
514.0, 26.869806094182664
515.0, 33.66834170854263
516.0, 51.11111111111104
517.0, 48.05571677307021
518.0, 47.29093050647824
519.0, 51.02493074792241
520.0, 49.3833780160858
521.0, 46.444780635400846
522.0, 42.77426160337548
523.0, 45.6855479089465
524.0, 45.30916844349683
525.0, 55.26657997399217
526.0, 52.02231520223152
527.0, 57.73993808049534
528.0, 62.785208497246266
529.0, 60.21867115222874
530.0, 48.02197802197814
531.0, 45.09803921568617
532.0, 48.14814814814815
533.0, 40.43010752688178
534.0, 33.33333333333343
535.0, 43.08797127468587
536.0, 48.827470686767235
537.0, 45.268542199488515
538.0, 34.480385409497686
539.0, 41.31075110456556
540.0, 40.01426533523549
541.0, 38.0081300813009
542.0, 34.20698924731194
543.0, 27.554535017221696
544.0, 27.05202312138738
545.0, 35.52168815943732
546.0, 33.292904790782245
547.0, 29.901960784313715
548.0, 47.10786868160499
549.0, 42.84949116229247
550.0, 33.111638954869306
551.0, 35.71428571428574
552.0, 41.757641921397386
553.0, 45.2258726899384
554.0, 42.17328865485875
555.0, 48.52473899228322
556.0, 49.559573481687565
557.0, 52.299412915851306
558.0, 48.92613933996856
559.0, 44.94635798983629
560.0, 44.94635798983629
561.0, 50.9603072983355
562.0, 40.757927300850675
563.0, 39.24050632911384
564.0, 53.74878286270701
565.0, 51.18191161356628
566.0, 51.77664974619291
567.0, 38.83720930232556
568.0, 48.97360703812321
569.0, 45.96273291925468
570.0, 53.65168539325838
571.0, 80.44009779951102
572.0, 81.19858989424203
573.0, 81.54555940023067
574.0, 81.838819523269
575.0, 82.16276477146037
576.0, 82.02247191011236
577.0, 58.35331734612325
578.0, 56.85483870967736
579.0, 57.53968253968259
580.0, 60.89181286549703
581.0, 54.09090909090914
582.0, 53.39743589743584
583.0, 50.2735978112176
584.0, 53.57598978288628
585.0, 31.452513966480396
586.0, 23.22781988408383
587.0, 27.46419545071612
588.0, 26.22277024249901
589.0, 25.182186234817905
590.0, 27.44405182567739
591.0, 30.404523705959207
592.0, 36.1256544502618
593.0, 31.27944907575207
594.0, 41.57164869029282
595.0, 40.66927946940009
596.0, 44.74807856532879
597.0, 47.512168739859376
598.0, 46.33674315731269
599.0, 54.10828025477705
600.0, 64.47615471273
601.0, 63.003519749706655
602.0, 67.37668161434976
603.0, 68.96290688872068
604.0, 64.39891766524926
605.0, 69.09995852343424
606.0, 66.33529145955718
607.0, 71.08958837772386
608.0, 59.33242506811976
609.0, 75.1235584843491
610.0, 63.73728029602214
611.0, 64.06966086159474
612.0, 63.90423572744006
613.0, 62.12962962962959
614.0, 61.487758945386005
615.0, 61.15859449192775
616.0, 48.654467168999005
617.0, 52.490039840637316
618.0, 63.84615384615391
619.0, 71.02321582115214
620.0, 72.42225859247134
621.0, 83.49056603773604
622.0, 80.96118299445497
623.0, 80.90824837812815
624.0, 89.01515151515181
625.0, 71.81347150259072
626.0, 73.41153470185742
627.0, 74.20948616600799
628.0, 76.0769935838681
629.0, 80.73800738007387
630.0, 78.31066571224048
631.0, 78.23275862068964
632.0, 76.10410094637218
633.0, 72.8007181328546
634.0, 71.27962085308059
635.0, 70.21475256769364
636.0, 58.61262665627433
637.0, 69.10994764397901
638.0, 67.12574850299393
639.0, 68.22884966524646
640.0, 61.277955271565425
641.0, 63.70235934664243
642.0, 64.93278784336641
643.0, 52.27710070558042
644.0, 51.97704081632644
645.0, 48.43228819212808
646.0, 48.085963734049756
647.0, 43.43558282208585
648.0, 55.177442877977555
649.0, 49.78070175438601
650.0, 51.01123595505614
651.0, 38.48758465011287
652.0, 35.42857142857146
653.0, 49.93258426966292
654.0, 55.54596460940874
655.0, 45.9553158705701
656.0, 46.81576952236545
657.0, 51.295938104448744
658.0, 50.99999999999999
659.0, 54.31693989071041
660.0, 53.23792486583186
661.0, 56.71028037383179
662.0, 43.95161290322588
663.0, 50.64322469982842
664.0, 59.690246965257444
665.0, 57.866556836902824
666.0, 62.81099956350938
667.0, 55.92343507501299
668.0, 41.192535275375505
669.0, 48.603651987110645
670.0, 43.63957597173142
671.0, 42.89976133651553
672.0, 44.21894218942193
673.0, 39.49299533022009
674.0, 43.81578947368425
675.0, 52.34374999999999
676.0, 51.68044077134986
677.0, 61.51820974111457
678.0, 48.3291562238931
679.0, 51.24275062137528
680.0, 54.83499616270144
681.0, 55.78512396694214
682.0, 63.87096774193548
683.0, 65.4756780025829
684.0, 64.85788113695094
685.0, 66.14107883817432
686.0, 64.40404040404042
687.0, 65.93194122196445
688.0, 62.323270920901784
689.0, 59.138002486531256
690.0, 66.48326455754236
691.0, 61.88738269030237
692.0, 70.78115682766838
693.0, 62.29600450196961
694.0, 58.020050125313276
695.0, 53.26666666666664
696.0, 57.49822316986493
697.0, 60.6060606060606
698.0, 56.23471882640578
699.0, 55.5555555555555
700.0, 51.734104046242734
701.0, 46.479750778816104
702.0, 52.126984126984134
703.0, 47.75725593667554
704.0, 35.69246435845224
705.0, 22.734852695942237
706.0, 36.67164922770309
707.0, 42.45780590717298
708.0, 48.24478178368127
709.0, 48.474737845567205
710.0, 49.65067536096886
711.0, 43.4926644581165
712.0, 45.45004945598426
713.0, 40.861889927310536
714.0, 47.68768768768776
715.0, 57.98611111111113
716.0, 57.60760760760754
717.0, 59.93065874195142
718.0, 72.32516437537345
719.0, 65.6894679695983
720.0, 61.17936117936117
721.0, 53.00171526586622
722.0, 41.71855541718553
723.0, 39.20421299005269
724.0, 36.390708755211435
725.0, 48.903156768325296
726.0, 45.18042511122096
727.0, 51.2272727272727
728.0, 50.88596092685139
729.0, 42.56110520722632
730.0, 40.39087947882737
731.0, 49.04872389791182
732.0, 49.23148579413131
733.0, 57.69845498135317
734.0, 58.55949895615864
735.0, 56.72396359959561
736.0, 61.713106295149686
737.0, 60.896130346232226
738.0, 61.966031909418454
739.0, 59.771366358192694
740.0, 60.000000000000036
741.0, 60.30368763557494
742.0, 56.10494450050457
743.0, 58.01158301158304
744.0, 59.83992467043315
745.0, 49.80609418282545
746.0, 58.47368421052632
747.0, 58.429926238145434
748.0, 54.06779661016946
749.0, 65.13362336855187
750.0, 60.19777503090241
751.0, 59.864781807006686
752.0, 58.298129149064515
753.0, 52.384196185286115
754.0, 55.44340302811821
755.0, 51.52941176470579
756.0, 60.76475477971736
757.0, 53.13351498637598
758.0, 50.384615384615344
759.0, 55.13565891472875
760.0, 45.529411764705856
761.0, 62.449310624493044
762.0, 51.02717031146462
763.0, 46.34812286689421
764.0, 52.56410256410247
765.0, 52.74204468517264
766.0, 57.610789980732264
767.0, 54.929577464788785
768.0, 61.268472906403964
769.0, 64.01601830663624
770.0, 61.54299175500589
771.0, 65.59322033898307
772.0, 65.14124293785318
773.0, 64.39699942296598
774.0, 41.38719512195124
775.0, 12.548512289780064
776.0, 28.894593293759016
777.0, 28.402460179782352
778.0, 30.95057034220534
779.0, 35.69857792112596
780.0, 32.29718427655422
781.0, 35.211076421881344
782.0, 36.57142857142857
783.0, 33.84967672413792
784.0, 32.91421087098885
785.0, 30.99301784328935
786.0, 30.299582859309808
787.0, 30.62405636638148
788.0, 34.63782553009821
789.0, 65.98589837101869
790.0, 50.62003179650235
791.0, 56.10675039246467
792.0, 50.48644892286307
793.0, 41.604109047807164
794.0, 51.11650485436893
795.0, 48.039215686274495
796.0, 39.17585606500283
797.0, 42.58675078864342
798.0, 51.47375988497486
799.0, 52.88035450516999
800.0, 66.49408284023683
801.0, 63.58897989575578
802.0, 63.58897989575578
803.0, 55.301645338208424
804.0, 61.546286876907516
805.0, 52.15189873417717
806.0, 49.16467780429597
807.0, 54.84261501210648
808.0, 42.139534883720856
809.0, 47.37732656514392
810.0, 42.715484363081636
811.0, 52.31746031746033
812.0, 46.167452830188694
813.0, 51.31061598951505
814.0, 43.383947939262455
815.0, 48.12500000000004
816.0, 49.18367346938772
817.0, 48.34024896265565
818.0, 49.57446808510637
819.0, 47.190250507786104
820.0, 48.63921842288911
821.0, 48.567435359888165
822.0, 61.25696101829749
823.0, 51.54228855721389
824.0, 64.69933184855242
825.0, 44.837340876944765
826.0, 54.749568221070845
827.0, 59.36000000000012
828.0, 62.35294117647049
829.0, 58.36431226765798
830.0, 59.928443649373925
831.0, 60.28368794326237
832.0, 61.04129263913837
833.0, 47.55244755244754
834.0, 73.68018362662582
835.0, 69.00672143390582
836.0, 49.94117647058827
837.0, 45.49891540130152
838.0, 46.342765616657864
839.0, 46.21938232161878
840.0, 47.071583514099785
841.0, 39.72669594924351
842.0, 40.62045564711588
843.0, 39.27522037218412
844.0, 37.71973882471124
845.0, 49.73652209160922
846.0, 52.95902883156294
847.0, 54.982276486805816
848.0, 36.30812588069517
849.0, 37.56073858114677
850.0, 48.10513447432771
851.0, 55.56265984654728
852.0, 55.760661998726825
853.0, 55.796178343949116
854.0, 57.44941753525451
855.0, 65.61624649859948
856.0, 67.63348714568228
857.0, 61.18067978533096
858.0, 59.03337169159954
859.0, 47.10252600297179
860.0, 40.61718098415356
861.0, 44.192377495462814
862.0, 60.158572844400446
863.0, 57.97516714422162
864.0, 52.758007117437614
865.0, 52.80000000000009
866.0, 50.833333333333364
867.0, 50.59907834101374
868.0, 51.18397085610198
869.0, 56.561085972850606
870.0, 51.61290322580645
871.0, 60.306242638398075
872.0, 62.89926289926284
873.0, 62.53101736972703
874.0, 56.440281030444886
875.0, 54.15730337078659
876.0, 44.91315136476425
877.0, 44.41717791411039
878.0, 40.088593576965785
879.0, 38.731596828991975
880.0, 27.01688555347097
881.0, 20.824295010846015
882.0, 18.70824053452111
883.0, 14.296520423600612
884.0, 32.719714964370496
885.0, 31.112365894974545
886.0, 35.63342318059294
887.0, 38.58024691358026
888.0, 43.68737474949902
889.0, 51.42725598526698
890.0, 51.28558310376496
891.0, 58.18556701030934
892.0, 65.91836734693878
893.0, 68.34723275208495
894.0, 78.83185840707965
895.0, 92.16535433070872
896.0, 86.70933734939764
897.0, 76.3341067285383
898.0, 76.09641781051226
899.0, 79.28272980501397
900.0, 80.92948717948723
901.0, 79.0040376850605
902.0, 78.81154499151098
903.0, 77.79359430604978
904.0, 69.00252525252522
905.0, 67.31025299600529
906.0, 66.82432432432432
907.0, 65.84347826086955
908.0, 60.72
909.0, 59.11740216486257
910.0, 63.16725978647681
911.0, 77.19298245614029
912.0, 73.92097264437683
913.0, 72.05707491082035
914.0, 68.83289124668424
915.0, 72.03551046290428
916.0, 60.41787579802668
917.0, 53.47501435956344
918.0, 68.25513196480932
919.0, 45.43391945547358
920.0, 41.41291108404384
921.0, 38.76511775938886
922.0, 35.37586860391657
923.0, 40.69565217391311
924.0, 50.17048222113983
925.0, 48.44660194174757
926.0, 47.21669980119289
927.0, 57.6524263790958
928.0, 55.453752181500874
929.0, 49.8300764655905
930.0, 52.34270414993308
931.0, 53.70879120879127
932.0, 48.997493734335876
933.0, 67.35849056603774
934.0, 65.18066635382445
935.0, 67.41326306543695
936.0, 70.58315334773215
937.0, 71.76616915422885
938.0, 63.59927470534907
939.0, 66.35843240863059
940.0, 68.98091758018676
941.0, 60.79188797682287
942.0, 59.68222442899706
943.0, 59.03732809430263
944.0, 63.57069143446858
945.0, 68.17042606516291
946.0, 76.92307692307698
947.0, 75.61267184698153
948.0, 73.84705195563348
949.0, 64.97461928934021
950.0, 63.467902051621515
951.0, 40.136830102622504
952.0, 48.2142857142857
953.0, 45.82603619381197
954.0, 43.449116392443585
955.0, 36.96215655780189
956.0, 35.80497714575918
957.0, 50.638686131386834
958.0, 45.56962025316454
959.0, 40.63166880068287
960.0, 42.93366295838482
961.0, 37.3887240356083
962.0, 43.03901437371665
963.0, 44.369178662150674
964.0, 48.3896307934014
965.0, 57.43589743589742
966.0, 57.01506591337096
967.0, 59.16815742397138
968.0, 58.481127785357
969.0, 63.44351258016766
970.0, 63.34975369458132
971.0, 59.388646288209635
972.0, 63.44023323615166
973.0, 68.00486618004871
974.0, 57.55879059350501
975.0, 61.768082663605
976.0, 52.32892466935018
977.0, 61.073170731707314
978.0, 59.47181310309803
979.0, 58.933064921992944
980.0, 52.0161290322581
981.0, 43.0081691494474
982.0, 49.63906581740977
983.0, 49.324894514767934
984.0, 50.959488272921064
985.0, 46.56133828996285
986.0, 48.81585306911553
987.0, 48.06277587052475
988.0, 53.31882480957561
989.0, 55.12552301255223
990.0, 56.78879310344822
991.0, 39.25027563395813
992.0, 41.16390816871335
993.0, 40.45120671563486
994.0, 37.390882638215324
995.0, 44.63069669984293
996.0, 43.263553408480945
997.0, 47.383891828336324
998.0, 45.21739130434788
999.0, 47.44160177975523
1000.0, 47.991194276279586
1001.0, 47.991194276279586
1002.0, 49.08077994428976
1003.0, 52.09643605870026
1004.0, 53.21199143468953
1005.0, 56.18993781797628
1006.0, 53.36943441636586
1007.0, 50.94773118897188
1008.0, 67.57068667051357
1009.0, 67.40139211136885
1010.0, 58.48506919155136
1011.0, 57.9783393501805
1012.0, 55.37931034482753
1013.0, 36.27152988855122
1014.0, 32.934990439770516
1015.0, 26.267632481890956
1016.0, 32.9403606102635
1017.0, 26.33517495395948
1018.0, 29.245973645680806
1019.0, 37.85432364549695
1020.0, 43.67479674796742
1021.0, 43.14166398972047
1022.0, 40.38396766588073
1023.0, 40.08124576844959
1024.0, 37.8758797184901
1025.0, 40.90206981773243
1026.0, 42.902508732931096
1027.0, 47.721653126103824
1028.0, 48.38825214899713
1029.0, 57.464908549553364
1030.0, 56.57837603126359
1031.0, 57.578435704816606
1032.0, 55.94309316200092
1033.0, 49.35930292157872
1034.0, 49.54034729315636
1035.0, 58.68571428571434
1036.0, 59.35919055649247
1037.0, 55.747767857142854
1038.0, 59.89208633093521
1039.0, 57.388535031847205
1040.0, 44.637385086823286
1041.0, 48.88143176733784
1042.0, 51.41176470588241
1043.0, 52.96969696969704
1044.0, 46.33471645919785
1045.0, 56.921309592188386
1046.0, 43.35083114610676
1047.0, 42.789291882556135
1048.0, 38.314711359404015
1049.0, 36.45882912898619
1050.0, 31.150077359463523
1051.0, 35.459183673469326
1052.0, 37.968188814776724
1053.0, 37.35751295336784
1054.0, 51.048088779284924
1055.0, 51.23762376237622
1056.0, 50.85995085995082
1057.0, 60.49896049896052
1058.0, 54.493580599144
1059.0, 48.520710059171606
1060.0, 68.95252449133376
1061.0, 66.11271676300561
1062.0, 60.152931180968515
1063.0, 62.222222222222
1064.0, 62.28430566967939
1065.0, 54.13961038961037
1066.0, 53.915171288743856
1067.0, 56.87022900763353
1068.0, 56.638526477359825
1069.0, 66.56716417910437
1070.0, 74.55873402312838
1071.0, 67.60456273764237
1072.0, 81.09000825763817
1073.0, 74.79338842975211
1074.0, 78.38412473423102
1075.0, 83.40874811463051
1076.0, 83.45864661654142
1077.0, 84.56140350877202
1078.0, 79.73333333333343
1079.0, 74.70331043098061
1080.0, 74.51227186910003
1081.0, 66.31773399014773
1082.0, 70.41644131963227
1083.0, 63.53071389042609
1084.0, 57.23556132381565
1085.0, 59.08233815210564
1086.0, 52.348578491965405
1087.0, 55.78880407124675
1088.0, 57.92978208232443
1089.0, 53.10765815760271
1090.0, 57.40927419354838
1091.0, 50.661241098677515
1092.0, 55.854509217737885
1093.0, 53.73921380632786
1094.0, 57.933740191804695
1095.0, 59.27743086529881
1096.0, 52.101712506486756
1097.0, 58.23892893923791
1098.0, 58.76970005083882
1099.0, 52.76309466602591
1100.0, 59.84178687761753
1101.0, 59.273242095328
1102.0, 53.55220667384279
1103.0, 60.12842965557496
1104.0, 51.83116076970818
1105.0, 43.219461697722544
1106.0, 32.025259359494754
1107.0, 48.95484949832774
1108.0, 54.26966292134835
1109.0, 50.034530386740364
1110.0, 54.4965167827739
1111.0, 48.56794637416208
1112.0, 43.66279069767441
1113.0, 45.268233875828805
1114.0, 41.398865784499044
1115.0, 44.47761194029848
1116.0, 43.157582938388614
1117.0, 40.52436591621543
1118.0, 41.78102189781022
1119.0, 50.93502377179083
1120.0, 59.6739900779589
1121.0, 50.43298969072166
1122.0, 39.41532258064509
1123.0, 46.65871121718371
1124.0, 44.84885872917946
1125.0, 57.076101468624856
1126.0, 69.46386946386957
1127.0, 74.05446293494724
1128.0, 73.71987951807226
1129.0, 69.70486111111113
1130.0, 75.38200339558583
1131.0, 62.40337315530573
1132.0, 61.77090653548842
1133.0, 54.96481626270519
1134.0, 56.6591422121896
1135.0, 55.367647058823565
1136.0, 63.954869358669896
1137.0, 65.13387660069847
1138.0, 59.73509933774835
1139.0, 60.621761658031154
1140.0, 63.78796902918405
1141.0, 51.08808290155435
1142.0, 54.48065173116085
1143.0, 56.390243902439025
1144.0, 53.07234886025764
1145.0, 64.131736526946
1146.0, 68.94736842105254
1147.0, 70.75471698113198
1148.0, 69.27312775330388
1149.0, 72.75882012724107
1150.0, 65.31664212076575
1151.0, 60.014204545454454
1152.0, 67.488262910798
1153.0, 57.74400935125645
1154.0, 49.09529553679128
1155.0, 53.90728476821197
1156.0, 51.80055401662049
1157.0, 56.41828428303063
1158.0, 51.75186674325101
1159.0, 51.48571428571427
1160.0, 46.197718631178674
1161.0, 41.13432835820903
1162.0, 37.86913723219455
1163.0, 36.99095022624433
1164.0, 44.71464019851115
1165.0, 48.87443721860935
1166.0, 31.848341232227526
1167.0, 37.88546255506614
1168.0, 40.518134715025916
1169.0, 40.89958158995811
1170.0, 45.69918308505531
1171.0, 32.246376811594274
1172.0, 39.52513966480452
1173.0, 43.20815948076034
1174.0, 42.16241737488205
1175.0, 53.64294844482315
1176.0, 52.00330441966131
1177.0, 56.3529411764706
1178.0, 50.345721694036264
1179.0, 50.410012947777254
1180.0, 50.0
1181.0, 48.27280779450835
1182.0, 50.170648464163804
1183.0, 41.805901173124816
1184.0, 39.28041543026708
1185.0, 54.444444444444464
1186.0, 48.62772695285012
1187.0, 43.590604026845675
1188.0, 52.7410739387124
1189.0, 50.7471432757105
1190.0, 50.73227885178677
1191.0, 50.1334123925289
1192.0, 50.89498806682581
1193.0, 49.862930246725554
1194.0, 60.08569545154909
1195.0, 59.58926796952635
1196.0, 60.619754680439016
1197.0, 73.0171073094868
1198.0, 69.96904024767802
1199.0, 57.02199661590519
1200.0, 66.59935379644585
1201.0, 70.83333333333329
1202.0, 63.99787910922581
1203.0, 57.1345707656613
1204.0, 51.08921161825722
1205.0, 55.62352941176469
1206.0, 55.0731477111845
1207.0, 55.72093023255815
1208.0, 51.77304964539007
1209.0, 55.89335827876522
1210.0, 43.54495100127824
1211.0, 48.57870173949937
1212.0, 54.306510311362715
1213.0, 52.58418167580268
1214.0, 42.933662958384865
1215.0, 39.36531922931627
1216.0, 38.17411402157167
1217.0, 35.99709407918637
1218.0, 50.0536672629696
1219.0, 35.72626635357258
1220.0, 41.16013576056772
1221.0, 36.63927458203455
1222.0, 41.74048983845753
1223.0, 40.70538318748342
1224.0, 45.4224315572564
1225.0, 42.261904761904766
1226.0, 35.97291727995285
1227.0, 38.85532591414941
1228.0, 44.38791732909376
1229.0, 48.4722222222222
1230.0, 47.37588652482269
1231.0, 50.3201506591337
1232.0, 49.36660268714016
1233.0, 65.91296928327648
1234.0, 54.228644283892855
1235.0, 65.14445479962717
1236.0, 56.879283078545036
1237.0, 56.04513702310579
1238.0, 46.68470906630586
1239.0, 46.10244988864141
1240.0, 51.49253731343289
1241.0, 53.91658189216684
1242.0, 49.4419642857143
1243.0, 57.023984336759646
1244.0, 49.03083700440527
1245.0, 50.4039497307002
1246.0, 40.34810126582279
1247.0, 30.611010284331485
1248.0, 35.86109142452169
1249.0, 47.168709865732694
1250.0, 40.42021010505255
1251.0, 48.059310946358515
1252.0, 58.147773279352194
1253.0, 59.1658084449021
1254.0, 59.84810126582275
1255.0, 58.08232931726902
1256.0, 58.08232931726902
1257.0, 53.66259711431745
1258.0, 50.5224660397074
1259.0, 46.79706601466994
1260.0, 50.833333333333286
1261.0, 57.95819935691318
1262.0, 60.39215686274502
1263.0, 49.24977934686668
1264.0, 61.26829268292678
1265.0, 46.217616580310874
1266.0, 44.473684210526315
1267.0, 50.63291139240513
1268.0, 50.93105183694008
1269.0, 44.99777678968435
1270.0, 42.84504657070285
1271.0, 43.22960470984021
1272.0, 51.27182044887786
1273.0, 58.838010832102384
1274.0, 55.76719576719577
1275.0, 42.31227651966627
1276.0, 45.21788341822294
1277.0, 47.27810650887576
1278.0, 42.27068633739573
1279.0, 49.437359339834934
1280.0, 51.07967237527923
1281.0, 50.48982667671432
1282.0, 51.797505502567866
1283.0, 58.347107438016494
1284.0, 57.49185667752435
1285.0, 51.899827288428206
1286.0, 51.89982728842836
1287.0, 50.0
1288.0, 50.0
1289.0, 54.28849902534103
1290.0, 46.88561721404304
1291.0, 48.936170212765916
1292.0, 48.42105263157888
1293.0, 46.99205448354156
1294.0, 45.316159250585535
1295.0, 32.67457180500655
1296.0, 25.618631732168836
1297.0, 55.500618046971745
1298.0, 70.33678756476706
1299.0, 63.88235294117666
1300.0, 58.5129310344827
1301.0, 55.594002306805166
1302.0, 57.269700332963424
1303.0, 59.174311926605554
1304.0, 50.0
1305.0, 54.44330949948928
1306.0, 61.81980374665485
1307.0, 65.15426497277676
1308.0, 70.57471264367813
1309.0, 73.43749999999996
1310.0, 78.46738442051928
1311.0, 72.96072507552881
1312.0, 49.60182025028443
1313.0, 61.11670020120725
1314.0, 67.80789348549695
1315.0, 66.9756097560976
1316.0, 66.86245717082723
1317.0, 61.44849302744041
1318.0, 67.18334809565988
1319.0, 63.71991247264778
1320.0, 62.09419295839052
1321.0, 59.93705035971227
1322.0, 57.225156024963994
1323.0, 57.18404613166749
1324.0, 50.47248471372994
1325.0, 51.71460176991144
1326.0, 73.23506594259132
1327.0, 53.94973070017961
1328.0, 55.35248041775453
1329.0, 55.39130434782609
1330.0, 55.4300608166812
1331.0, 69.77186311787095
1332.0, 68.07228915662681
1333.0, 76.11630321910712
1334.0, 73.73626373626394
1335.0, 63.24222431668232
1336.0, 66.55231560891946
1337.0, 38.39150227617608
1338.0, 55.171144644828814
1339.0, 56.86968838526913
1340.0, 51.18589743589746
1341.0, 52.845797485109195
1342.0, 45.84323040380053
1343.0, 52.47170935080405
1344.0, 51.39300533491406
1345.0, 50.765535875112604
1346.0, 49.600491702519925
1347.0, 45.45189504373176
1348.0, 48.00335101926835
1349.0, 54.3086727625381
1350.0, 49.150219298245595
1351.0, 59.78659553184395
1352.0, 52.982456140350855
1353.0, 47.572815533980574
1354.0, 52.93863439930854
1355.0, 47.22436391673088
1356.0, 50.0
1357.0, 38.122332859174925
1358.0, 37.44760130414527
1359.0, 36.16920152091252
1360.0, 34.57422056770601
1361.0, 35.75553416746877
1362.0, 38.67707854846124
1363.0, 35.78643578643576
1364.0, 37.070254110612815
1365.0, 48.28244274809162
1366.0, 35.827186512118004
1367.0, 52.749670039595244
1368.0, 52.26678291194418
1369.0, 64.02704007725734
1370.0, 58.51721094439538
1371.0, 64.43341604631928
1372.0, 64.94372655273037
1373.0, 60.06984866123397
1374.0, 58.08630393996243
1375.0, 61.11330438215554
1376.0, 58.68288590604024
1377.0, 50.726978998384524
1378.0, 54.177215189873436
1379.0, 56.01458080194413
1380.0, 57.91457286432162
1381.0, 48.14241486068113
1382.0, 52.76381909547739
1383.0, 45.40088539104776
1384.0, 51.633986928104555
1385.0, 38.84970157352137
1386.0, 45.154639175257664
1387.0, 45.15463917525774
1388.0, 48.74791318864779
1389.0, 59.372156505914475
1390.0, 54.541305340027435
1391.0, 63.18335752298019
1392.0, 66.26773049645399
1393.0, 64.13760603204531
1394.0, 66.04316546762598
1395.0, 65.05429417571577
1396.0, 63.27800829875527
1397.0, 71.29135538954114
1398.0, 72.3535457348408
1399.0, 85.56949806949821
1400.0, 75.69216330361351
1401.0, 80.00992063492079
1402.0, 76.22873345935736
1403.0, 71.42045454545465
1404.0, 76.10513739546
1405.0, 71.52521525215263
1406.0, 57.78863775198533
1407.0, 64.08523908523907
1408.0, 54.86925157799823
1409.0, 51.89165950128971
1410.0, 48.233861144945195
1411.0, 41.21491733948479
1412.0, 48.15191590369614
1413.0, 46.14300810144422
1414.0, 55.72828658330515
1415.0, 55.00333555703804
1416.0, 59.720869847452136
1417.0, 54.63821892393323
1418.0, 55.74660633484163
1419.0, 55.89836660617055
1420.0, 61.21097445600755
1421.0, 41.9297727943346
1422.0, 48.42923794712288
1423.0, 54.78567234292426
1424.0, 57.13410900183713
1425.0, 64.71674876847297
1426.0, 55.86648685097779
1427.0, 53.72923294450334
1428.0, 46.88368400158792
1429.0, 49.06522642293308
1430.0, 47.89630259243518
1431.0, 53.205428170332176
1432.0, 48.52872489490895
1433.0, 53.81225209343329
1434.0, 46.59231722428749
1435.0, 70.1291711517762
1436.0, 71.78444331469251
1437.0, 68.89013452914806
1438.0, 58.94484412470021
1439.0, 55.25352848928379
1440.0, 61.75496688741722
1441.0, 60.979729729729776
1442.0, 56.70157068062829
1443.0, 60.990566037735896
1444.0, 59.91274842462433
1445.0, 54.00881057268728
1446.0, 61.55102040816325
1447.0, 57.05679862306366
1448.0, 62.4293785310735
1449.0, 51.77687809266758
1450.0, 48.879351454458735
1451.0, 45.85858585858591
1452.0, 59.27723840345203
1453.0, 57.82122905027936
1454.0, 56.78305666857475
1455.0, 62.789551503203526
1456.0, 69.7496167603475
1457.0, 68.25737265415547
1458.0, 71.84973846885404
1459.0, 80.11664899257687
1460.0, 79.2358803986711
1461.0, 80.84745762711856
1462.0, 83.90804597701131
1463.0, 98.89624724061794
1464.0, 97.72196261682235
1465.0, 97.86066922654956
1466.0, 92.77810133954561
1467.0, 84.68899521531085
1468.0, 79.41473259334003
1469.0, 76.14035087719297
1470.0, 65.4948620876149
1471.0, 60.52048726467335
1472.0, 60.234244283324045
1473.0, 58.44155844155846
1474.0, 63.23599808520818
1475.0, 57.91319596668131
1476.0, 49.633550488599404
1477.0, 40.76433121019109
1478.0, 39.555006180469675
1479.0, 39.555006180469675
1480.0, 45.69744597249505
1481.0, 42.85187914517319
1482.0, 43.90335975839937
1483.0, 42.492260061919445
1484.0, 49.598715890850734
1485.0, 52.37903225806449
1486.0, 47.60425909494231
1487.0, 48.95738893925658
1488.0, 42.19712525667354
1489.0, 43.91025641025645
1490.0, 57.15077605321506
1491.0, 54.14915966386559
1492.0, 61.03637269556559
1493.0, 53.33011583011588
1494.0, 59.92540406133446
1495.0, 72.13186813186817
1496.0, 68.23284823284828
1497.0, 65.8506731946145
1498.0, 69.03440621531637
1499.0, 67.30123180291156
1500.0, 66.30769230769232
1501.0, 66.21673736984188
1502.0, 66.08594657375147
1503.0, 71.57126392623896
1504.0, 69.34548467274237
1505.0, 67.22891566265054
1506.0, 57.948316366483915
1507.0, 64.15322580645156
1508.0, 49.80970504281638
1509.0, 47.72051536174434
1510.0, 58.748221906116605
1511.0, 61.57184185149465
1512.0, 48.154180238870765
1513.0, 52.167101827676284
1514.0, 53.28913819479859
1515.0, 53.28913819479859
1516.0, 48.826815642458165
1517.0, 49.50385887541353
1518.0, 53.69059656218395
1519.0, 60.85959885386823
1520.0, 62.17798594847775
1521.0, 57.220216606498134
1522.0, 68.78579610538368
1523.0, 53.17073170731705
1524.0, 59.23566878980889
1525.0, 57.573186253712336
1526.0, 57.35418427726127
1527.0, 57.372201098436854
1528.0, 52.146263910969815
1529.0, 58.87978142076504
1530.0, 55.448098001289466
1531.0, 56.07120152574701
1532.0, 50.64102564102569
1533.0, 46.144859813084125
1534.0, 47.40474047404743
1535.0, 49.21780986762937
1536.0, 43.750000000000036
1537.0, 51.021139376567575
1538.0, 35.420168067226896
1539.0, 41.886645962732935
1540.0, 40.7939508506616
1541.0, 39.01869158878507
1542.0, 40.40322580645165
1543.0, 26.564610535794756
1544.0, 23.15541601255896
1545.0, 14.087759815242464
1546.0, 20.6276310753923
1547.0, 22.733024040489283
1548.0, 23.465389638659147
1549.0, 20.614596670934816
1550.0, 39.37521455544117
1551.0, 32.99613210354066
1552.0, 33.94551576369764
1553.0, 44.695028190671444
1554.0, 46.50666666666667
1555.0, 41.87300809021819
1556.0, 41.436196021348835
1557.0, 41.75018332925935
1558.0, 46.162162162162176
1559.0, 47.92368125701459
1560.0, 44.4026612669945
1561.0, 50.394811054709514
1562.0, 45.691638967016104
1563.0, 49.2087415222306
1564.0, 40.9807355516637
1565.0, 48.731642189586104
1566.0, 40.61196105702362
1567.0, 17.18704406186167
1568.0, 14.937864570124233
1569.0, 20.208222103577185
1570.0, 38.28260869565218
1571.0, 46.30434782608696
1572.0, 45.71707317073171
1573.0, 41.1775043936731
1574.0, 45.13377926421405
1575.0, 42.23334483948915
1576.0, 42.71251527317159
1577.0, 42.87206266318536
1578.0, 44.29735234215886
1579.0, 42.37597478015597
1580.0, 48.079421042865086
1581.0, 57.34934853420195
1582.0, 60.8291945584107
1583.0, 59.59910913140308
1584.0, 47.96328169822147
1585.0, 42.33947870311509
1586.0, 40.30257186081694
1587.0, 50.0
1588.0, 49.02411021814004
1589.0, 44.32525951557089
1590.0, 53.01837270341209
1591.0, 45.831775700934614
1592.0, 39.88486842105273
1593.0, 42.19225750326236
1594.0, 40.31979256698362
1595.0, 32.59566620562475
1596.0, 40.530697190426764
1597.0, 32.15049166310398
1598.0, 31.01030927835062
1599.0, 20.824826459779615
1600.0, 23.30895795246815
1601.0, 42.552435122644944
1602.0, 41.933165648580726
1603.0, 49.222177901874794
1604.0, 42.62485481997678
1605.0, 45.04909983633387
1606.0, 46.543408360128616
1607.0, 55.78727841501559
1608.0, 53.750837240455446
1609.0, 48.82871919683605
1610.0, 47.99010513296224
1611.0, 58.979456593770735
1612.0, 51.66908563134976
1613.0, 46.97809448403274
1614.0, 55.101092261213104
1615.0, 46.57079646017698
1616.0, 41.22293739028671
1617.0, 39.72764949674366
1618.0, 40.75311266322501
1619.0, 39.48220064724921
1620.0, 38.6153387048642
1621.0, 29.166666666666686
1622.0, 33.003533568904615
1623.0, 39.99207292905277
1624.0, 41.11240762349281
1625.0, 35.6566085847854
1626.0, 54.14567109482365
1627.0, 76.28865979381439
1628.0, 66.26402070750639
1629.0, 67.17044500419807
1630.0, 67.22689075630251
1631.0, 71.7069368667185
1632.0, 79.91596638655457
1633.0, 92.71332694151484
1634.0, 93.0656934306569
1635.0, 94.00157853196525
1636.0, 94.03921568627447
1637.0, 95.01312335958002
1638.0, 94.81935923653712
1639.0, 95.3316953316953
1640.0, 83.60995850622416
1641.0, 84.02964959568739
1642.0, 79.03448275862092
1643.0, 74.56492637215547
1644.0, 82.44803695150136
1645.0, 64.1176470588236
1646.0, 55.66695727986056
1647.0, 60.45878693623643
1648.0, 62.347278785634956
1649.0, 63.41726618705038
1650.0, 68.56259659969093
1651.0, 65.23076923076925
1652.0, 70.70852534562215
1653.0, 57.53148614609577
1654.0, 54.368007617233964
1655.0, 51.45838273654258
1656.0, 52.722063037249264
1657.0, 51.289198606271746
1658.0, 44.648750589344644
1659.0, 47.58793969849246
1660.0, 51.78045515394912
1661.0, 44.63799673380508
1662.0, 46.92066805845511
1663.0, 48.99699097291878
1664.0, 37.26114649681527
1665.0, 35.84321815368749
1666.0, 26.390532544378686
1667.0, 31.97132616487454
1668.0, 37.04318936877078
1669.0, 38.66493281317729
1670.0, 36.8421052631579
1671.0, 41.29330254041571
1672.0, 56.743002544529226
1673.0, 54.56769983686788
1674.0, 52.33870967741935
1675.0, 59.65136054421772
1676.0, 53.976721629485986
1677.0, 40.538990825688
1678.0, 55.53459119496863
1679.0, 54.10539215686276
1680.0, 53.2751091703057
1681.0, 53.710691823899325
1682.0, 53.30836454431966
1683.0, 59.53854811480022
1684.0, 64.58773784355182
1685.0, 60.36772216547506
1686.0, 45.83850931677027
1687.0, 58.760107816711546
1688.0, 62.63736263736274
1689.0, 49.14738124238737
1690.0, 47.222222222222186
1691.0, 54.306658521686074
1692.0, 48.976807639836245
1693.0, 57.45614035087724
1694.0, 55.465884079237014
1695.0, 61.84767277856131
1696.0, 59.94531784005471
1697.0, 56.78466076696171
1698.0, 54.18295543393275
1699.0, 59.73154362416105
1700.0, 64.3761301989149
1701.0, 52.64116575591983
1702.0, 53.818827708703296
1703.0, 69.41580756013728
1704.0, 76.54320987654313
1705.0, 75.79617834394897
1706.0, 80.78034682080917
1707.0, 64.97524752475239
1708.0, 63.291139240506276
1709.0, 57.59454432734037
1710.0, 60.5246321177222
1711.0, 60.29601029601025
1712.0, 61.937075879086926
1713.0, 66.43090315560383
1714.0, 67.1536796536796
1715.0, 62.86727456940227
1716.0, 65.7156220767072
1717.0, 64.65715600552232
1718.0, 58.73586844809866
1719.0, 55.48421615837341
1720.0, 44.999999999999986
1721.0, 55.57971014492754
1722.0, 62.950373895309355
1723.0, 61.77451634422958
1724.0, 56.63551401869163
1725.0, 52.729608220937735
1726.0, 48.27828531271961
1727.0, 37.994945240101025
1728.0, 33.80392156862737
1729.0, 45.28650646950089
1730.0, 31.16279069767424
1731.0, 32.40628778718245
1732.0, 37.767220902612785
1733.0, 34.868421052631504
1734.0, 48.12942366026293
1735.0, 45.64564564564565
1736.0, 35.35714285714293
1737.0, 41.87582562747683
1738.0, 51.4548238897398
1739.0, 66.21951219512184
1740.0, 63.780487804877986
1741.0, 54.64994775339595
1742.0, 64.09691629955947
1743.0, 62.87015945330291
1744.0, 65.05894962486609
1745.0, 64.30084745762701
1746.0, 59.445037353255
1747.0, 72.31527093596047
1748.0, 73.3396584440226
1749.0, 69.20322291853171
1750.0, 66.92640692640683
1751.0, 59.29133858267719
1752.0, 57.84081954294714
1753.0, 44.585448392554994
1754.0, 50.0
1755.0, 58.221476510067156
1756.0, 60.663507109004705
1757.0, 47.46307000642258
1758.0, 48.58579509742295
1759.0, 48.042262274704825
1760.0, 49.36143039591317
1761.0, 48.068107400130934
1762.0, 38.220640569395016
1763.0, 44.52397995705087
1764.0, 48.02538787023987
1765.0, 60.85825747724316
1766.0, 55.05882352941179
1767.0, 63.22101656196464
1768.0, 59.35828877005354
1769.0, 59.35828877005354
1770.0, 53.4898085237801
1771.0, 65.21084337349399
1772.0, 64.67889908256882
1773.0, 61.437908496732085
1774.0, 59.745762711864394
1775.0, 58.42450765864337
1776.0, 65.36039188243525
1777.0, 62.70310192023639
1778.0, 63.79928315412184
1779.0, 57.20338983050855
1780.0, 61.92660550458702
1781.0, 54.979388153612426
1782.0, 58.2869855394883
1783.0, 47.44897959183672
1784.0, 53.887510339123345
1785.0, 51.3801261829654
1786.0, 40.74074074074077
1787.0, 37.55732970952945
1788.0, 24.865047233468403
1789.0, 29.503007280785056
1790.0, 26.67910447761207
1791.0, 31.013316687474045
1792.0, 25.946454716586643
1793.0, 23.48640856672165
1794.0, 24.364452040162476
1795.0, 30.1194118227574
1796.0, 28.98749022673958
1797.0, 33.890455094643585
1798.0, 32.316256056076625
1799.0, 34.68848996832098
1800.0, 35.823336968375145
1801.0, 40.20807833537331
1802.0, 70.01779359430591
1803.0, 61.777301927194884
1804.0, 53.08008213552352
1805.0, 47.10648148148147
1806.0, 44.04761904761912
1807.0, 48.726772195457585
1808.0, 51.696832579185376
1809.0, 29.498525073746308
1810.0, 48.09160305343523
1811.0, 45.60000000000002
1812.0, 41.17647058823537
1813.0, 44.827586206896605
1814.0, 44.82449486242335
1815.0, 46.52825996389398
1816.0, 44.60509279240388
1817.0, 39.24186811795972
1818.0, 33.697424193022414
