0, 24.773
1, 24.773
2, 24.763
3, 24.792
4, 24.812
5, 24.822
6, 24.871
7, 24.841
8, 24.871
9, 24.88
10, 24.939
11, 24.949
12, 24.929
13, 24.988
14, 24.998
15, 24.91
16, 24.89
17, 24.89
18, 24.939
19, 24.959
20, 24.871
21, 24.871
22, 24.88
23, 24.988
24, 24.998
25, 24.92
26, 24.92
27, 24.949
28, 24.988
29, 25.145
30, 25.174
31, 25.194
32, 25.154
33, 25.154
34, 25.223
35, 25.252
36, 25.35
37, 25.35
38, 25.243
39, 25.331
40, 25.331
41, 25.331
42, 25.389
43, 25.409
44, 25.448
45, 25.487
46, 25.791
47, 25.869
48, 25.859
49, 25.693
50, 25.703
51, 25.849
52, 25.82
53, 25.859
54, 25.791
55, 25.761
56, 25.879
57, 25.977
58, 25.937
59, 26.035
60, 25.84
61, 25.791
62, 25.967
63, 25.957
64, 26.12
65, 26.09
66, 26.07
67, 25.92
68, 25.76
69, 25.79
70, 25.84
71, 25.9
72, 26.0
73, 26.18
74, 26.28
75, 26.42
76, 26.45
77, 26.72
78, 26.68
79, 26.73
80, 26.4
81, 26.17
82, 26.32
83, 26.35
84, 26.3
85, 26.34
86, 26.34
87, 26.35
88, 26.4
89, 26.44
90, 26.49
91, 26.54
92, 26.56
93, 26.47
94, 26.43
95, 26.517
96, 26.52
97, 26.66
98, 26.7
99, 26.75
100, 26.78
101, 26.76
102, 26.82
103, 26.81
104, 26.91
105, 26.92
106, 27.05
107, 26.97
108, 27.0
109, 26.81
110, 26.93
111, 26.88
112, 26.92
113, 26.96
114, 26.94
115, 26.9
116, 26.91
117, 26.87
118, 26.86
119, 27.1
120, 27.08
121, 26.94
122, 26.485
123, 26.5
124, 26.88
125, 26.74
126, 26.56
127, 26.14
128, 26.14
129, 26.18
130, 26.11
131, 26.14
132, 26.13
133, 26.14
134, 26.18
135, 26.18
136, 26.1
137, 25.94
138, 26.08
139, 25.97
140, 25.79
141, 25.82
142, 25.87
143, 25.81
144, 25.87
145, 25.88
146, 25.86
147, 25.88
148, 25.9
149, 25.93
150, 25.984
151, 25.97
152, 25.98
153, 26.0
154, 25.96
155, 25.94
156, 25.97
157, 26.02
158, 26.04
159, 25.95
160, 26.0
161, 26.19
162, 26.22
163, 26.24
164, 26.3
165, 26.3
166, 26.33
167, 26.3
168, 26.4
169, 26.52
170, 26.58
171, 26.75
172, 26.98
173, 26.92
174, 26.986
175, 26.86
176, 26.79
177, 26.85
178, 26.89
179, 26.913
180, 26.87
181, 26.9
182, 27.0
183, 26.97
184, 27.12
185, 27.33
186, 27.27
187, 27.24
188, 27.27
189, 27.57
190, 27.5
191, 27.05
192, 26.95
193, 26.71
194, 26.62
195, 26.65
196, 26.61
197, 26.6
198, 26.19
199, 26.46
200, 26.55
201, 26.74
202, 26.62
203, 26.51
204, 26.5
205, 26.58
206, 26.5
207, 26.49
208, 26.4
209, 26.4
210, 26.32
211, 26.46
212, 26.437
213, 26.479
214, 26.45
215, 26.47
216, 26.52
217, 26.71
218, 26.57
219, 26.59
220, 26.55
221, 26.55
222, 26.39
223, 26.45
224, 26.5
225, 26.35
226, 26.3
227, 26.51
228, 26.59
229, 26.59
230, 26.72
231, 26.64
232, 26.81
233, 26.93
234, 26.96
235, 27.1
236, 27.19
237, 27.21
238, 27.3
239, 27.33
240, 27.47
241, 27.33
242, 27.43
243, 27.52
244, 27.58
245, 27.3
246, 27.21
247, 27.25
248, 27.33
249, 27.3
250, 27.21
251, 27.07
252, 26.99
253, 27.23
254, 27.23
255, 26.9
256, 26.9
257, 26.82
258, 26.77
259, 26.81
260, 26.73
261, 26.77
262, 26.81
263, 26.74
264, 26.79
265, 26.8
266, 26.68
267, 26.68
268, 26.63
269, 26.6
270, 26.65
271, 26.64
272, 26.61
273, 26.56
274, 26.62
275, 26.53
276, 26.01
277, 26.391
278, 26.55
279, 26.72
280, 26.75
281, 26.9
282, 26.96
283, 27.02
284, 27.1
285, 27.18
286, 27.45
287, 27.59
288, 27.55
289, 27.79
290, 27.53
291, 27.33
292, 27.22
293, 27.36
294, 27.26
295, 27.2777
296, 27.19
297, 27.11
298, 27.08
299, 26.95
300, 26.84
301, 26.75
302, 27.08
303, 26.76
304, 26.71
305, 26.7699
306, 26.95
307, 27.22
308, 27.15
309, 27.19
310, 27.16
311, 27.1
312, 27.0
313, 26.41
314, 26.11
315, 26.3
316, 25.3
317, 25.86
318, 26.15
319, 26.35
320, 26.33
321, 26.47
322, 26.35
323, 26.35
324, 26.42
325, 26.53
326, 26.5451
327, 26.5117
328, 26.64
329, 26.5399
330, 26.42
331, 26.45
332, 26.45
333, 26.59
334, 26.7
335, 26.74
336, 26.8
337, 26.6935
338, 26.6
339, 26.68
340, 26.75
341, 26.87
342, 26.93
343, 27.03
344, 27.0321
345, 27.13
346, 27.2135
347, 27.27
348, 27.2601
349, 27.16
350, 26.95
351, 26.82
352, 26.9585
353, 27.0
354, 26.9
355, 26.9238
356, 27.06
357, 27.15
358, 27.24
359, 27.27
360, 27.05
361, 27.12
362, 27.17
363, 27.26
364, 27.24
365, 27.29
366, 27.27
367, 27.33
368, 27.41
369, 27.425
370, 27.44
371, 27.57
372, 27.47
373, 27.47
374, 27.51
375, 27.59
376, 27.67
377, 27.7499
378, 27.84
379, 27.83
380, 27.54
381, 27.43
382, 27.49
383, 27.44
384, 27.36
385, 27.38
386, 27.53
387, 27.52
388, 27.48
389, 27.56
390, 27.63
391, 27.74
392, 27.731
393, 27.74
394, 27.86
395, 27.892
396, 27.89
397, 27.73
398, 27.79
399, 27.83
400, 27.8843
401, 27.83
402, 27.95
403, 27.93
404, 28.09
405, 28.17
406, 28.25
407, 28.23
408, 28.37
409, 28.2
410, 28.11
411, 28.3
412, 28.18
413, 28.3
414, 28.4045
415, 28.4
416, 28.35
417, 28.37
418, 28.421
419, 28.43
420, 28.44
421, 28.4999
422, 28.4899
423, 28.38
424, 28.45
425, 28.5
426, 28.5499
427, 28.49
428, 28.49
429, 28.57
430, 28.57
431, 28.63
432, 28.73
433, 28.65
434, 28.69
435, 28.68
436, 28.75
437, 28.85
438, 28.85
439, 29.16
440, 29.29
441, 29.31
442, 29.26
443, 29.2
444, 28.72
445, 28.69
446, 28.7
447, 28.66
448, 28.66
449, 28.61
450, 28.61
451, 28.67
452, 28.68
453, 28.66
454, 28.68
455, 28.6899
456, 28.62
457, 28.5499
458, 28.45
459, 28.46
460, 28.41
461, 28.4
462, 27.93
463, 28.02
464, 27.92
465, 28.04
466, 27.77
467, 27.65
468, 27.8064
469, 27.95
470, 28.11
471, 28.33
472, 28.29
473, 28.19
474, 28.2964
475, 28.32
476, 28.06
477, 28.13
478, 28.28
479, 28.21
480, 28.3
481, 28.244
482, 28.34
483, 28.3
484, 28.12
485, 27.7401
486, 27.79
487, 27.9351
488, 28.1
489, 28.34
490, 28.39
491, 28.319
492, 28.39
493, 28.3
494, 28.44
495, 28.47
496, 28.24
497, 28.1
498, 28.09
499, 27.98
500, 27.8
501, 27.6
502, 27.64
503, 27.69
504, 27.66
505, 27.1319
506, 26.38
507, 26.16
508, 25.38
509, 25.93
510, 26.24
511, 26.11
512, 25.93
513, 26.12
514, 26.35
515, 26.4
516, 26.47
517, 26.41
518, 26.29
519, 25.98
520, 25.88
521, 25.98
522, 25.9811
523, 25.97
524, 26.03
525, 25.92
526, 25.9
527, 25.77
528, 25.72
529, 25.61
530, 25.64
531, 25.73
532, 25.76
533, 25.95
534, 26.04
535, 26.04
536, 25.98
537, 25.92
538, 26.025
539, 25.98
540, 25.96
541, 26.12
542, 26.54
543, 26.48
544, 26.35
545, 26.41
546, 26.59
547, 26.71
548, 26.645
549, 26.6333
550, 26.5601
551, 26.62
552, 26.26
553, 26.14
554, 26.59
555, 26.72
556, 26.6417
557, 26.76
558, 26.84
559, 26.9
560, 27.18
561, 27.13
562, 27.275
563, 27.48
564, 27.53
565, 27.52
566, 27.67
567, 27.5
568, 27.5
569, 27.42
570, 27.5
571, 27.5699
572, 27.511
573, 27.51
574, 27.37
575, 27.47
576, 27.49
577, 27.47
578, 27.48
579, 27.45
580, 27.29
581, 27.3
582, 27.2887
583, 27.3235
584, 27.24
585, 26.9
586, 26.87
587, 26.7625
588, 26.71
589, 26.86
590, 27.2
591, 27.29
592, 27.44
593, 27.43
594, 27.4
595, 27.4
596, 27.41
597, 27.42
598, 27.4138
599, 27.45
600, 27.32
601, 27.3501
602, 27.44
603, 27.7
604, 27.72
605, 27.5065
606, 27.58
607, 27.568
608, 27.58
609, 27.56
610, 27.51
611, 27.52
612, 27.51
613, 27.4911
614, 27.48
615, 27.45
616, 27.51
617, 27.54
618, 27.51
619, 27.4899
620, 27.4899
621, 27.5
622, 27.57
623, 27.69
624, 27.66
625, 27.6499
626, 27.7071
627, 27.77
628, 27.76
629, 27.82
630, 27.87
631, 27.82
632, 27.38
633, 27.34
634, 27.2399
635, 27.2831
636, 27.28
637, 27.2501
638, 27.31
639, 27.3
640, 27.29
641, 27.27
642, 27.3
643, 27.3
644, 27.3
645, 27.34
646, 27.2946
647, 27.26
648, 27.28
649, 27.29
650, 27.31
651, 27.27
652, 27.28
653, 27.34
654, 27.32
655, 27.32
656, 27.37
657, 27.32
658, 27.3378
659, 27.33
660, 27.39
661, 27.36
662, 27.39
663, 27.5
664, 27.42
665, 27.43
666, 27.4424
667, 27.4
668, 27.35
669, 27.44
670, 27.38
671, 27.27
672, 27.44
673, 27.33
674, 27.34
675, 27.49
676, 27.49
677, 27.5
678, 27.41
679, 27.56
680, 27.39
681, 27.44
682, 27.4
683, 27.36
684, 27.55
685, 27.5
686, 27.4901
687, 27.5
688, 27.52
689, 27.5288
690, 27.56
691, 27.56
692, 27.5888
693, 27.4
694, 27.45
695, 27.57
696, 27.27
697, 27.32
698, 27.24
699, 27.37
700, 27.25
701, 27.34
702, 27.298
703, 27.34
704, 27.34
705, 27.18
706, 27.0936
707, 27.13
708, 27.23
709, 27.22
710, 27.15
711, 27.13
712, 27.166
713, 27.16
714, 27.21
715, 27.17
716, 27.12
717, 27.04
718, 27.04
719, 27.07
720, 27.08
721, 27.11
722, 27.08
723, 27.1
724, 27.1107
725, 27.08
726, 27.16
727, 27.14
728, 27.17
729, 27.17
730, 27.1399
731, 27.15
732, 27.149
733, 26.87
734, 26.88
735, 26.92
736, 26.95
737, 27.05
738, 27.1
739, 27.02
740, 27.0
741, 27.1
742, 27.05
743, 27.25
744, 27.2399
745, 27.32
746, 27.152
747, 27.13
748, 27.14
749, 27.01
750, 27.05
751, 27.0
752, 27.11
753, 27.13
754, 27.0564
755, 27.0414
756, 27.07
757, 27.05
758, 27.0521
