0, -76690
1, -291167
2, -119329
3, -220204
4, 37871
5, -213520
6, 404775
7, 81785
8, -143195
9, -384720
10, -553377
11, -669527
12, -312805
13, 105651
14, -2862
15, -299757
16, -602381
17, -1047249
18, -1255997
19, -1153214
20, -1275410
21, -1103572
22, -1028792
23, -871910
24, -978833
25, -978833
26, -942558
27, -1026250
28, -1113760
29, -1189496
30, -1353058
31, -1410974
32, -1662684
33, -1844388
34, -1635320
35, -1354016
36, -1458709
37, -1531582
38, -1701192
39, -1893714
40, -2085280
41, -2414633
42, -2616065
43, -2405404
44, -2495776
45, -2369442
46, -2236110
47, -2351943
48, -2512639
49, -2424173
50, -2658382
51, -2720435
52, -3039287
53, -3208581
54, -2885591
55, -2745574
56, -2490682
57, -2543506
58, -2614148
59, -2407308
60, -2121548
61, -1744460
62, -1635947
63, -1455834
64, -1301815
65, -1181528
66, -1348274
67, -1028465
68, -934911
69, -1079700
70, -1173254
71, -1301178
72, -989961
73, -787894
74, -885268
75, -755117
76, -608736
77, -491315
78, -612238
79, -785985
80, -911364
81, -786943
82, -786943
83, -746849
84, -853133
85, -669840
86, -953371
87, -1196489
88, -1305638
89, -1305638
90, -1119801
91, -969284
92, -751302
93, -595695
94, -676202
95, -782805
96, -946051
97, -866178
98, -926958
99, -808263
100, -431491
101, -544140
102, -715978
103, -994100
104, -807307
105, -685431
106, -743666
107, -663159
108, -775808
109, -483047
110, -325212
111, -440088
112, -567691
113, -704523
114, -582011
115, -112005
116, 54741
117, -91004
118, 63331
119, -107869
120, -35634
121, -114551
122, -21312
123, -99912
124, -259340
125, -259340
126, -277796
127, -231338
128, -343034
129, -246296
130, -111053
131, 47418
132, -28635
133, 60147
134, 166114
135, 508517
136, 380276
137, 311859
138, 522520
139, 869059
140, 1504221
141, 2529836
142, 2067784
143, 2390138
144, 2811456
145, 2646938
146, 3002069
147, 2789180
148, 3024661
149, 3438980
150, 3146855
151, 2941288
152, 2716945
153, 2414638
154, 2791410
155, 2980113
156, 3330786
157, 3753698
158, 3415114
159, 3136038
160, 2825777
161, 3042165
162, 2856007
163, 2521879
164, 2165474
165, 2472553
166, 2688941
167, 2843596
168, 2661892
169, 2536196
170, 2536196
171, 2724262
172, 2659983
173, 2810819
174, 2645982
175, 2524106
176, 2624981
177, 2683216
178, 3000478
179, 3385520
180, 3704372
181, 3992995
182, 3651549
183, 4315667
184, 5140485
185, 4919005
186, 5314231
187, 4952735
188, 4763077
189, 4837857
190, 5090203
191, 4766576
192, 4515185
193, 4831812
194, 4605242
195, 4858226
196, 5161170
197, 5621314
198, 5978990
199, 6477638
200, 7030383
201, 6758307
202, 6214794
203, 6484643
204, 6600156
205, 6733170
206, 6500552
207, 6607155
208, 6763083
209, 6872866
210, 6963238
211, 7237860
212, 7061567
213, 7183443
214, 7978987
215, 8444539
216, 8139369
217, 8396170
218, 8838493
219, 8505319
220, 8726799
221, 8370394
222, 8802533
223, 9479701
224, 9125208
225, 9494341
226, 9112480
227, 8725211
228, 8502777
229, 8915823
230, 9211129
231, 8951463
232, 9255042
233, 9912795
234, 10198871
235, 10522180
236, 9979619
237, 10215418
238, 9584394
239, 9935707
240, 10278110
241, 9856792
242, 9316776
243, 9627673
244, 9055201
245, 9639765
246, 10026400
247, 10282564
248, 10553683
249, 10427987
250, 10657739
251, 10410482
252, 9953205
253, 10109450
254, 10540951
255, 10325200
256, 9913108
257, 9495289
258, 9086061
259, 8783117
260, 8979140
261, 9164977
262, 9442143
263, 9617162
264, 9797908
265, 9700534
266, 9421776
267, 9191706
268, 9095287
269, 8804119
270, 9243896
271, 9654715
272, 9512154
273, 9690355
274, 10255507
275, 10104035
276, 10385020
277, 10540312
278, 10743654
279, 10888125
280, 10686375
281, 10196320
282, 9729496
283, 10080809
284, 9859648
285, 10189959
286, 10576912
287, 10853124
288, 10282560
289, 10562592
290, 10920585
291, 11225437
292, 11019548
293, 10782476
294, 10998545
295, 11338400
296, 11053596
297, 10714057
298, 10932988
299, 11305303
300, 11086052
301, 11430362
302, 11118826
303, 10471889
304, 9782313
305, 9087008
306, 8397432
307, 7681761
308, 8114536
309, 7332674
310, 6435937
311, 6847390
312, 6174042
313, 6517717
314, 6611591
315, 6128220
316, 6384066
317, 5910241
318, 6089397
319, 5921379
320, 5776908
321, 5440869
322, 4751293
323, 4552091
324, 4370707
325, 3880017
326, 3515341
327, 3794738
328, 3922025
329, 3709456
330, 4084313
331, 4441353
332, 5177390
333, 5397279
334, 5155434
335, 4578507
336, 4668879
337, 5040874
338, 5485105
339, 6256784
340, 5893381
341, 6317566
342, 5881608
343, 5696724
344, 5901655
345, 6195050
346, 5956389
347, 5585347
348, 5296724
349, 4879859
350, 5392189
351, 5227990
352, 4947005
353, 5175484
354, 5301818
355, 5399511
356, 5182487
357, 5312001
358, 5312001
359, 5649948
360, 6422262
361, 5805877
362, 6028947
363, 6182966
364, 6051225
365, 6282886
366, 6022267
367, 5762281
368, 5571031
369, 5726323
370, 5836429
371, 5700549
372, 5576128
373, 5802063
374, 6017496
375, 5752421
376, 5472707
377, 5530942
378, 5412565
379, 5186313
380, 5324736
381, 5573583
382, 5664912
383, 5968491
384, 5740012
385, 5475254
386, 5000793
387, 4314398
388, 3931901
389, 4252667
390, 3932858
391, 3671920
392, 4007321
393, 3768337
394, 3595863
395, 3935082
396, 4142878
397, 3965314
398, 4066505
399, 4338263
400, 4184883
401, 4056959
402, 4203340
403, 3870166
404, 3509308
405, 3711375
406, 3711375
407, 3552584
408, 3799204
409, 3654733
410, 3830707
411, 4096101
412, 3739379
413, 3586952
414, 3521399
415, 3690056
416, 3552905
417, 3454256
418, 3843753
419, 4349402
420, 4211932
421, 4030228
422, 4421318
423, 4569924
424, 4569924
425, 4340806
426, 4568967
427, 4388221
428, 4776766
429, 4413042
430, 4890686
431, 4710573
432, 4448680
433, 4312483
434, 3843113
435, 3490527
436, 3118532
437, 3475572
438, 4375808
439, 4618609
440, 4841043
441, 4371991
442, 3960854
443, 4147967
444, 4487822
445, 4202062
446, 4488456
447, 3997766
448, 3666183
449, 3666183
450, 3481299
451, 3627680
452, 3491166
453, 3576767
454, 3684959
455, 3126169
456, 3004610
457, 3148442
458, 2324896
459, 2220838
460, 2220838
461, 2315985
462, 2385992
463, 2493867
464, 2554009
465, 2203015
466, 1959261
467, 1740010
468, 1740010
469, 1609540
470, 1426884
471, 1670956
472, 1968491
473, 2211928
474, 2361173
475, 2561650
476, 2339851
477, 2201744
478, 2418768
479, 2617970
480, 2261885
481, 1974215
482, 1877158
483, 1980578
484, 2087181
485, 2212560
486, 2033404
487, 2184876
488, 2252656
489, 2151465
490, 2311529
491, 2709936
492, 2556473
493, 2805573
494, 3056647
495, 3180752
496, 3266034
497, 3125381
498, 3399366
499, 3210983
500, 3406369
501, 3568025
502, 3219578
503, 3418780
504, 3065875
505, 2891175
506, 2568821
507, 2764844
508, 2607962
509, 2733975
510, 2875263
511, 3036597
512, 2862214
513, 2686877
514, 2904538
515, 3044235
516, 3357361
517, 3601433
518, 3908196
519, 4046939
520, 3864601
521, 4073987
522, 3932063
523, 4010980
524, 4119810
525, 4219732
526, 4393797
527, 4555131
528, 4750198
529, 4902625
530, 5023548
531, 5156245
532, 5459505
533, 5340491
534, 5498008
535, 5861732
536, 5594747
537, 5247252
538, 4474938
539, 4608907
540, 4492439
541, 4322511
542, 4407793
543, 4215906
544, 4125534
545, 3993793
546, 3789499
547, 3896422
548, 3721085
549, 3376775
550, 3534928
551, 3360228
552, 3500561
553, 3333497
554, 3458876
555, 3217988
556, 3048694
557, 2758162
558, 2582825
559, 2711066
560, 2932227
561, 2751481
562, 2864767
563, 2654106
564, 2788712
565, 2729524
566, 2643923
567, 2835489
568, 3449968
569, 3369461
570, 3299454
571, 3215762
572, 3034058
573, 2882268
574, 2957048
575, 2526182
576, 2634374
577, 2721248
578, 2818622
579, 2918544
580, 3094202
581, 2923639
582, 3121569
583, 3044240
584, 2955774
585, 2747658
586, 2859670
587, 2959592
588, 3083697
589, 3252667
590, 3296264
591, 3422277
592, 3693081
593, 3824503
594, 3760859
595, 3677804
596, 3811456
597, 3903103
598, 3802547
599, 3717581
600, 4010976
601, 4142084
602, 4142084
603, 4068576
604, 3970247
605, 3712491
606, 3395229
607, 3007960
608, 3229440
609, 3129518
610, 2942405
611, 3084647
612, 3227526
613, 2979955
614, 2619415
615, 2826574
616, 2685603
617, 2874306
618, 2708516
619, 2537633
620, 2337475
621, 1943839
622, 2279558
623, 2637870
624, 2767066
625, 2917263
626, 2761018
627, 2920763
628, 2654733
629, 2346699
630, 2647095
631, 2742878
632, 2925534
633, 3094191
634, 2944310
635, 3324262
636, 3036276
637, 3338264
638, 3498009
639, 3752901
640, 3898961
641, 3679072
642, 3498006
643, 3776128
644, 4133487
645, 4499756
646, 4223544
647, 4864751
648, 5221473
649, 5778672
650, 6111525
651, 6797283
652, 7074768
653, 6727910
654, 6535388
655, 6938889
656, 7083041
657, 6906429
658, 7064582
659, 7222735
660, 7620188
661, 7802208
662, 8126153
663, 7989002
664, 7826712
665, 7934904
666, 7772930
667, 7292739
668, 7421617
669, 7654870
670, 7867439
671, 7957179
672, 8130926
673, 7980729
674, 8219713
675, 8003962
676, 8129021
677, 7932362
678, 8122060
679, 7922187
680, 7344267
681, 7156581
682, 6801579
683, 6345222
684, 6519287
685, 6141246
686, 6268849
687, 5966861
688, 5740197
689, 5575899
690, 5679963
691, 5363972
692, 4791500
693, 5000248
694, 5083145
695, 5248621
696, 5456737
697, 5614299
698, 5515970
699, 5726631
700, 5653442
701, 5757818
702, 5613045
703, 5677324
704, 5449797
705, 5219092
706, 4710262
707, 4485919
708, 4321401
709, 3973906
710, 4213525
711, 4245983
712, 4451872
713, 4829922
714, 5091020
715, 4923002
716, 5308776
717, 5645130
718, 5258844
719, 4960039
720, 5440230
721, 5724398
722, 5969742
723, 6134896
724, 6401241
725, 6057725
726, 5412380
727, 5119301
728, 4732985
729, 5209039
730, 4628611
731, 4887004
732, 4616519
733, 4785813
734, 4677300
735, 4880642
736, 5068073
737, 4747307
738, 4566561
739, 3751448
740, 3876190
741, 4013341
742, 4153038
743, 4321056
744, 4149856
745, 4350620
746, 4572885
747, 4710036
748, 5174982
749, 5387235
750, 5811333
751, 5692831
752, 5549952
753, 5831735
754, 6005482
755, 6146453
756, 6377027
757, 6631219
758, 6278314
759, 6543249
760, 6343674
761, 6110484
762, 5798789
763, 6064051
764, 6287439
765, 6607411
766, 6926438
767, 6406473
768, 6094621
769, 5377443
770, 4483979
771, 4077297
772, 4284137
773, 4521463
774, 4521463
775, 4657025
776, 5420428
777, 4918282
778, 5185903
779, 5340558
780, 5555354
781, 5946444
782, 5652570
783, 5959012
784, 6142624
785, 5943738
786, 5943738
787, 5987699
788, 6167650
789, 6013187
790, 5746183
791, 5530133
792, 5641112
793, 5398872
794, 5154346
795, 5276186
796, 5409627
797, 5226445
798, 5516577
799, 5222420
800, 5389491
801, 5567362
802, 5750018
803, 5526791
804, 5684587
805, 5834599
806, 5906940
807, 5766344
808, 5631339
809, 5791481
810, 5965052
811, 6123464
812, 6251043
813, 6048279
814, 6390512
815, 6531118
816, 6329314
817, 6421389
818, 6258460
819, 6309964
820, 6231464
821, 6107899
822, 6053975
823, 6226967
824, 6359036
825, 6291445
826, 6100777
827, 6195765
828, 3792815
829, 1420015
830, 4494036
831, 3798572
832, 4078361
833, 3983367
834, 3845039
835, 3394235
836, 3034520
837, 5119925
838, 7273416
839, 7573766
840, 7853342
841, 7339341
842, 6944837
843, 5978830
844, 5311538
845, 4837175
846, 5160696
847, 5471899
848, 6158032
849, 6607450
850, 6429158
851, 6250214
852, 6151856
853, 6060104
854, 6147279
855, 6023052
856, 5005994
857, 4649269
858, 5104427
859, 4724355
860, 4514270
861, 5007773
862, 5340660
863, 5076260
864, 4614202
865, 4204439
866, 4714966
867, 4524270
868, 4191417
869, 4748133
870, 4377061
871, 4727144
872, 4425740
873, 4152751
874, 4534313
875, 4773627
876, 4619243
877, 4913300
878, 4571322
879, 4471917
880, 4309672
881, 4424959
882, 4283741
883, 4211843
884, 4017652
885, 3802569
886, 3389151
887, 3640725
888, 3333669
889, 2786691
890, 3116115
891, 2437917
892, 2778426
893, 2530104
894, 2688516
895, 3094608
896, 2504217
897, 2769384
898, 3222972
899, 3005236
900, 3144419
901, 2970597
902, 2826561
903, 2603297
904, 2472375
905, 2590752
906, 2314298
907, 2540448
908, 2124252
909, 1755325
910, 2163013
911, 1897690
912, 1525640
913, 1876138
914, 2020356
915, 1757142
916, 1375134
917, 1730744
918, 1985179
919, 1847743
920, 1584351
921, 1340931
922, 1745028
923, 1466047
924, 1699221
925, 2118529
926, 2258792
927, 2166487
928, 2373398
929, 2707749
930, 2423599
931, 2111637
932, 2111637
933, 2302254
934, 2166942
935, 1967432
936, 2245819
937, 1989106
938, 1855289
939, 1644009
940, 2136008
941, 1949409
942, 2434454
943, 3196617
944, 3022087
945, 3237278
946, 3326015
947, 2945148
948, 3205084
949, 2821713
950, 2560647
951, 2144513
952, 2413673
953, 2942790
954, 3342708
955, 3801449
956, 4026477
957, 4287718
958, 4509913
959, 4721140
960, 4581825
961, 4730591
962, 4563757
963, 4723846
964, 4675922
965, 4802829
966, 5086312
967, 4945665
968, 5160248
969, 5031146
970, 4723241
971, 4976118
972, 4454366
973, 4822854
974, 4591310
975, 4404917
976, 4485718
977, 4321805
978, 4538683
979, 4737361
980, 4938438
981, 5069617
982, 4960175
983, 5235035
984, 5386137
985, 5290955
986, 5185561
987, 5350645
988, 5540787
989, 5408734
990, 5498435
991, 5636080
992, 5753467
993, 5847073
994, 5691724
995, 5533331
996, 5799396
997, 6019258
998, 5946931
999, 6198069
1000, 6366172
1001, 6009408
1002, 6327758
1003, 6165222
1004, 5814098
1005, 5654541
1006, 5802835
1007, 5627226
1008, 5303326
1009, 5657013
1010, 5781896
1011, 5974071
1012, 5810787
1013, 4793069
1014, 4503662
1015, 4825100
1016, 5009165
1017, 5166996
1018, 4897242
1019, 4758575
1020, 4988632
1021, 5355794
1022, 5248253
1023, 5386948
1024, 5257562
1025, 5350178
1026, 5508987
1027, 5447378
1028, 5363598
1029, 5410690
1030, 5560580
1031, 5437341
1032, 5203985
1033, 4917130
1034, 5047618
1035, 4846413
1036, 4631554
1037, 4863014
1038, 4708440
1039, 4810983
1040, 4708158
1041, 4557014
1042, 4839415
1043, 4777985
1044, 4829084
1045, 5060424
1046, 5257270
1047, 5471514
1048, 5089141
1049, 5228368
1050, 5071965
1051, 5012784
1052, 5280192
1053, 5361355
1054, 5466088
1055, 5376591
1056, 5520658
1057, 5583347
1058, 5717331
1059, 5555288
1060, 5626495
1061, 5531890
1062, 5398128
1063, 5529014
1064, 5688950
1065, 5826247
1066, 5957235
1067, 6124168
1068, 5958467
1069, 6186984
1070, 6507599
1071, 6798590
1072, 7124909
1073, 6752633
1074, 6901720
1075, 6721214
1076, 6500852
1077, 6610860
1078, 6516055
1079, 6632356
1080, 6511760
1081, 6406396
1082, 6531135
1083, 6444892
1084, 6314302
1085, 6399255
1086, 6256602
1087, 6357366
1088, 6610308
1089, 6726388
1090, 6609561
1091, 6673507
1092, 6560144
1093, 6658431
1094, 6600210
1095, 6488334
1096, 6544777
1097, 6314795
1098, 6393764
1099, 6340473
1100, 6178334
1101, 6261247
1102, 6355356
1103, 6460746
1104, 6569013
1105, 6642588
1106, 6581936
1107, 6660259
1108, 6773114
1109, 6792591
1110, 6824635
1111, 6709014
1112, 6635719
1113, 6692240
1114, 6777620
1115, 6940801
1116, 7059041
1117, 6986838
1118, 7067482
1119, 7015586
1120, 6945759
1121, 6907782
1122, 6955668
1123, 7036305
1124, 6954255
1125, 6829092
1126, 6865775
1127, 6924534
1128, 6946501
1129, 7020346
1130, 6915834
1131, 6995269
1132, 6965793
1133, 7080690
1134, 7180727
1135, 7089294
1136, 7007735
1137, 7444944
1138, 7791267
1139, 7907991
1140, 8145054
1141, 8438978
1142, 8658220
1143, 8830143
1144, 8705642
1145, 8868544
1146, 9063823
1147, 8781797
1148, 8660600
1149, 8485972
1150, 8797726
1151, 7942394
1152, 7361676
1153, 7111157
1154, 6851150
1155, 6962194
1156, 7180149
1157, 6906907
1158, 6699063
1159, 6375718
1160, 6648107
1161, 6880957
1162, 7092145
1163, 6965265
1164, 6761756
1165, 7040814
1166, 7164297
1167, 7063485
1168, 7153776
1169, 7238460
1170, 7081879
1171, 7009368
1172, 7069876
1173, 6799152
1174, 6667271
1175, 6540237
1176, 6402193
1177, 6508453
1178, 6336979
1179, 6454877
1180, 6670153
1181, 6804218
1182, 6695239
1183, 6803749
1184, 6979126
1185, 7110723
1186, 7001723
1187, 6861665
1188, 6962678
1189, 7159364
1190, 7013563
1191, 6825646
1192, 6704363
1193, 6605701
1194, 6241689
1195, 6062361
1196, 6250332
1197, 6092635
1198, 6283603
1199, 6674033
1200, 6889490
1201, 6711550
1202, 6295385
1203, 5974798
1204, 5772013
1205, 5989428
1206, 6081961
1207, 5897350
1208, 6203203
1209, 5986218
1210, 6090739
1211, 5774300
1212, 5922428
1213, 5759437
1214, 5990233
1215, 6160912
1216, 6269335
1217, 6415239
1218, 6297893
1219, 6236099
1220, 6316679
1221, 6477157
1222, 6400298
1223, 6568279
1224, 6496870
1225, 6558726
1226, 6615343
1227, 6446828
1228, 6518092
1229, 6439928
1230, 6372356
1231, 6420204
1232, 6245962
1233, 5998519
1234, 6089706
1235, 5996436
1236, 5865691
1237, 5769872
1238, 5860987
1239, 5761282
1240, 5847080
1241, 5584309
1242, 5527751
1243, 5336482
1244, 5624708
1245, 5482058
1246, 5580694
1247, 5539095
1248, 5599624
1249, 5562122
1250, 5647518
1251, 5579073
1252, 5631564
1253, 5557160
1254, 5506876
1255, 5406252
1256, 5324775
1257, 5462574
1258, 5495516
1259, 5534988
1260, 5616659
1261, 5690282
1262, 5584635
1263, 5636736
1264, 5560069
1265, 5528547
1266, 5438380
1267, 5333893
1268, 5407487
1269, 5361179
1270, 5485740
1271, 5388083
1272, 5302026
1273, 5210757
1274, 5121272
1275, 5163814
1276, 5110324
1277, 5062273
1278, 5141423
1279, 5224059
1280, 5196370
1281, 5260085
1282, 5423027
1283, 5520300
1284, 5641305
1285, 5781673
1286, 5893970
1287, 5974399
1288, 5849928
1289, 5761304
1290, 5804589
1291, 5756958
1292, 5707039
1293, 5746567
1294, 5773947
1295, 5741894
1296, 5763358
1297, 5801317
1298, 5874119
1299, 5976419
1300, 6140703
1301, 6235445
1302, 6115558
1303, 6059237
1304, 5986604
1305, 5893648
1306, 6074449
1307, 5975040
1308, 6052424
1309, 6280730
1310, 6443997
1311, 6550037
1312, 6464626
1313, 6403139
1314, 6337059
1315, 6232776
1316, 6080566
1317, 5980199
1318, 6027214
1319, 6133051
1320, 6029404
1321, 6092059
1322, 6057972
1323, 5993829
1324, 6031197
1325, 5967111
1326, 5920166
1327, 5971419
1328, 6040772
1329, 5985032
1330, 6043734
1331, 6080490
1332, 6016361
1333, 6049180
1334, 6089704
1335, 6138575
1336, 6254034
1337, 6134477
1338, 6217218
1339, 6157221
1340, 6058104
1341, 6122775
1342, 6059408
1343, 5976200
1344, 6025477
1345, 5864225
1346, 5892474
1347, 5858771
1348, 5889927
1349, 5842294
1350, 5887639
1351, 5825652
1352, 5863553
1353, 5832091
1354, 5877888
1355, 5827157
1356, 5743181
1357, 5782364
1358, 5751337
1359, 5833134
1360, 5888541
1361, 5842648
1362, 5573922
1363, 5595771
1364, 5624408
1365, 5692080
1366, 5810203
1367, 5731099
1368, 5867564
1369, 5788162
1370, 5823396
1371, 5838914
1372, 5874204
1373, 5822743
1374, 5886118
1375, 5932914
1376, 5993499
1377, 6047244
1378, 6116051
1379, 6062711
1380, 5997805
1381, 5948483
1382, 5863283
1383, 5934694
1384, 5997926
1385, 6031456
1386, 6005013
1387, 6064807
1388, 6007107
1389, 6082377
1390, 6162322
1391, 6264388
1392, 6362856
1393, 6330877
1394, 6350927
1395, 6405771
1396, 6526565
1397, 6481386
1398, 6553183
1399, 6481193
1400, 6558770
1401, 6460447
1402, 6592195
1403, 6520585
1404, 6583602
1405, 6553919
1406, 6640234
1407, 6597551
1408, 6676306
1409, 6740375
1410, 6682006
1411, 6764461
1412, 6833728
1413, 6713662
1414, 6768287
1415, 6817308
1416, 6779910
1417, 6849932
1418, 6933614
1419, 6867106
1420, 6927066
1421, 6836704
1422, 6962703
1423, 6905280
1424, 6847967
1425, 6945721
1426, 7013588
1427, 6839685
1428, 6954919
1429, 6994051
1430, 7081913
1431, 7115850
1432, 7200345
1433, 7536139
1434, 7458758
1435, 7527606
1436, 7439792
1437, 7528442
1438, 7457949
1439, 7335358
1440, 7428140
1441, 7300284
1442, 7335116
1443, 7530808
1444, 7561432
1445, 7645274
1446, 7590763
1447, 7565363
1448, 7493106
1449, 7542455
1450, 7667813
1451, 7601363
1452, 7673252
1453, 7726197
1454, 7797485
1455, 7733020
1456, 7640302
1457, 7703046
1458, 7654011
1459, 7708860
1460, 7735129
1461, 7507885
1462, 7440530
1463, 7395687
1464, 7347300
1465, 7389913
1466, 7414015
1467, 7361305
1468, 7333145
1469, 7449804
1470, 7480465
1471, 7447052
1472, 7484573
1473, 7397293
1474, 7258873
1475, 7159646
1476, 7115065
1477, 6921690
1478, 6967740
1479, 7019448
1480, 7070724
1481, 6958762
1482, 6871485
1483, 6912644
1484, 6948356
1485, 6827502
1486, 6754496
1487, 6684876
1488, 6581897
1489, 6650976
1490, 6579527
1491, 6625699
1492, 6596998
1493, 6680347
1494, 6628338
1495, 6725878
1496, 6668506
1497, 6733885
1498, 6800193
1499, 6823673
1500, 6783772
1501, 6752610
1502, 6717279
1503, 6770885
1504, 6810223
1505, 6900982
1506, 6819711
1507, 6712813
1508, 6613561
1509, 6667207
1510, 6698301
1511, 6806688
1512, 6851044
1513, 6797052
1514, 6828461
1515, 6746417
1516, 6633811
1517, 6544851
1518, 6437120
1519, 6514902
1520, 6454457
1521, 6222727
1522, 6132458
1523, 6185593
1524, 6290010
1525, 6358015
1526, 6386474
1527, 6489410
1528, 6571785
1529, 6441083
1530, 6362302
1531, 6437238
1532, 6482667
1533, 6528080
1534, 6512683
1535, 6542784
1536, 6598331
1537, 6672111
1538, 6631913
1539, 6729562
1540, 6667948
1541, 6632135
1542, 6603612
1543, 6654923
1544, 6737939
1545, 6603414
1546, 6643929
1547, 6733609
1548, 6790293
1549, 6725004
1550, 6570488
1551, 6663365
1552, 6614423
1553, 6695880
1554, 6560793
1555, 6439226
1556, 6343788
1557, 6237655
1558, 6341043
1559, 6446152
1560, 6352485
1561, 6225361
1562, 5932293
1563, 5808964
1564, 5645790
1565, 5783624
1566, 5874555
1567, 5932413
1568, 6033759
1569, 5978569
1570, 6042085
1571, 6088138
1572, 6153205
1573, 6216557
1574, 6325582
1575, 6253144
1576, 6106109
1577, 6042050
1578, 5951393
1579, 6045514
1580, 5857709
1581, 5941680
1582, 5852000
1583, 5739278
1584, 5801141
1585, 5707179
1586, 5578682
1587, 5472702
1588, 5527848
1589, 5625955
1590, 5767572
1591, 5721052
1592, 5633807
1593, 5665946
1594, 5697103
1595, 5726329
1596, 5834289
1597, 5751411
1598, 5795852
1599, 5884687
1600, 5918683
1601, 5884774
1602, 5793332
1603, 5860876
1604, 5951764
1605, 5864783
1606, 5998551
1607, 6133879
1608, 5996014
1609, 6037182
1610, 6099521
1611, 6128440
1612, 6045559
1613, 6112350
1614, 5906166
1615, 5863155
1616, 5800932
1617, 5730795
1618, 5808005
1619, 5887250
1620, 5740995
1621, 5651757
1622, 5436694
1623, 5556369
1624, 5717746
1625, 5796505
1626, 5758630
1627, 5806818
1628, 5753112
1629, 5790788
1630, 5736476
1631, 5804722
1632, 5894317
1633, 5780606
1634, 5655019
1635, 5730328
1636, 5782270
1637, 5687086
1638, 5738631
1639, 5833871
1640, 5930834
1641, 5384826
1642, 5486491
1643, 5555234
1644, 5688946
1645, 5577445
1646, 5503760
1647, 5547414
1648, 5463390
1649, 5363944
1650, 5408759
1651, 5300538
1652, 5385928
1653, 5332645
1654, 5099004
1655, 4889250
1656, 4984666
1657, 5135454
1658, 5008706
1659, 5068471
1660, 4983191
1661, 4853002
1662, 4637169
1663, 4727759
1664, 4771654
1665, 4666733
1666, 4758119
1667, 4789638
1668, 4897931
1669, 4855187
1670, 4898530
1671, 4761696
1672, 4803531
1673, 4671163
1674, 4585120
1675, 4632566
1676, 4718360
1677, 4799372
1678, 4893861
1679, 4961739
1680, 5025820
1681, 4994633
1682, 4922567
1683, 4981962
1684, 5031064
1685, 5055981
1686, 5125380
1687, 5213852
1688, 5178430
1689, 5112373
1690, 5182120
1691, 5141244
1692, 5163645
1693, 5116647
1694, 5003091
1695, 4952056
1696, 4897407
1697, 4927913
1698, 4904309
1699, 4892863
1700, 4973433
1701, 4921427
1702, 5077189
1703, 5118641
1704, 4939281
1705, 4866468
1706, 4908780
1707, 4889464
1708, 4834818
1709, 4875491
1710, 4821177
1711, 4747227
1712, 4628689
1713, 4555158
1714, 4624356
1715, 4557425
1716, 4611998
1717, 4574894
1718, 4518471
1719, 4487072
1720, 4451854
1721, 4362551
1722, 4428537
1723, 4497435
1724, 4634208
1725, 4634208
1726, 4697363
1727, 4612879
1728, 4636253
1729, 4682769
1730, 4743141
1731, 4774874
1732, 4758103
1733, 4807566
1734, 4842500
1735, 4775391
1736, 4739874
1737, 4762372
1738, 4731917
1739, 4881815
1740, 4932594
1741, 5059205
1742, 4971549
1743, 5015935
1744, 5051277
1745, 5079141
1746, 4975303
1747, 4901970
1748, 4866625
1749, 4800579
1750, 4879335
1751, 4818461
1752, 4770817
1753, 4755629
1754, 4767449
1755, 4820581
1756, 4732759
1757, 4791002
1758, 4834029
1759, 4886094
1760, 4867904
1761, 4840845
1762, 4874526
1763, 4754889
1764, 4704931
1765, 4653064
1766, 4567095
1767, 4513851
1768, 4545163
1769, 4571879
1770, 4540283
1771, 4507425
1772, 4586831
1773, 4503263
1774, 4548194
1775, 4493533
1776, 4447053
1777, 4359205
1778, 4359205
1779, 4320603
1780, 4348742
1781, 4383157
1782, 4290958
1783, 4248276
1784, 4209601
1785, 4311040
1786, 4395731
1787, 4334010
1788, 4101257
1789, 4050243
1790, 4089315
1791, 4156867
1792, 4092208
1793, 4171311
1794, 4147920
1795, 4075532
1796, 4105403
1797, 4072545
1798, 4095239
1799, 4069953
1800, 4043724
1801, 4110631
1802, 4218248
1803, 4162355
1804, 4271654
1805, 4355011
1806, 4297973
1807, 4269582
1808, 4198243
1809, 4154137
1810, 4094506
1811, 4028304
1812, 4107440
1813, 4066826
1814, 4033633
1815, 4006105
1816, 3951452
1817, 4049440
1818, 4168611
1819, 4075036
1820, 4114185
1821, 4076132
1822, 4130192
1823, 4081108
1824, 4119985
1825, 4098989
1826, 4052743
1827, 4094304
1828, 4281609
1829, 4329761
1830, 4376802
1831, 4493889
1832, 4452305
1833, 4399093
1834, 4358837
1835, 4392083
1836, 4364227
1837, 4230463
1838, 4218319
1839, 4323898
1840, 4366823
1841, 4328432
1842, 4242885
1843, 4293622
1844, 4237258
1845, 4154560
1846, 4154560
1847, 4101190
1848, 4148387
1849, 4014637
1850, 4059313
1851, 3981080
1852, 3930392
1853, 3880626
1854, 3817172
1855, 3718407
1856, 3663055
1857, 3690699
1858, 3621518
1859, 3585985
1860, 3540026
1861, 3555713
1862, 3540772
1863, 3517588
1864, 3499611
1865, 3525807
1866, 3550560
1867, 3603484
1868, 3627730
1869, 3601795
1870, 3552600
1871, 3423901
1872, 3467691
1873, 3502663
1874, 3529397
1875, 3578708
1876, 3604070
1877, 3493372
1878, 3457988
1879, 3372112
1880, 3322448
1881, 3385603
1882, 3351415
1883, 3312850
1884, 3388265
1885, 3461589
1886, 3535274
1887, 3535274
1888, 3471977
1889, 3450881
1890, 3345693
1891, 3315519
1892, 3478241
1893, 3500995
1894, 3541007
1895, 3600441
1896, 3690823
1897, 3597931
1898, 3623382
1899, 3718434
1900, 3945892
1901, 4056754
1902, 4141945
1903, 4207998
1904, 4249444
1905, 4190222
1906, 4281714
1907, 4202529
1908, 4151414
1909, 3989492
1910, 4021385
1911, 4003862
1912, 4044908
1913, 4003143
1914, 3950755
1915, 4118819
1916, 4090767
1917, 3991752
1918, 3953958
1919, 3980016
1920, 3929070
1921, 3884806
1922, 3828169
1923, 3888071
1924, 3907734
1925, 3863326
1926, 3836219
1927, 3663638
1928, 3607950
1929, 3533363
1930, 3583518
1931, 3562918
1932, 3762720
1933, 3709795
1934, 3561968
1935, 3418716
1936, 3542646
1937, 3634980
1938, 3545284
1939, 3502538
1940, 3462819
1941, 3016742
1942, 2856248
1943, 2761527
1944, 2902722
1945, 2965939
1946, 3045836
1947, 3045836
1948, 3066271
1949, 2983615
1950, 2838876
1951, 2882381
1952, 2961758
1953, 2851880
1954, 2765538
1955, 2703424
1956, 2489346
1957, 2433172
1958, 2364352
1959, 2272500
1960, 2097570
1961, 2320193
1962, 2110925
1963, 1990815
1964, 2156970
1965, 1985841
1966, 1905492
1967, 2039299
1968, 1993135
1969, 2055777
1970, 1962747
1971, 2031460
1972, 1955968
1973, 2113159
1974, 2259001
1975, 2092768
1976, 1950905
1977, 1894170
1978, 1956545
1979, 1916214
1980, 1963717
1981, 1922961
1982, 1869192
1983, 1894115
1984, 1867676
1985, 1904335
1986, 1869339
1987, 2051411
1988, 1806921
1989, 1674832
1990, 1550117
1991, 1474422
1992, 1525535
1993, 1573517
1994, 1530221
1995, 1615475
1996, 1615475
1997, 1560761
1998, 1619401
1999, 1593037
2000, 1562764
2001, 1511713
2002, 1589104
2003, 1502913
2004, 1445474
2005, 1341966
2006, 1194987
2007, 881429
2008, 1014196
2009, 964144
2010, 828462
2011, 942589
2012, 861243
2013, 761194
2014, 896991
2015, 775036
2016, 933108
2017, 1074638
2018, 1006296
2019, 1092421
2020, 1048244
2021, 1120219
2022, 1055029
2023, 1083007
2024, 1025918
2025, 1119660
2026, 1119660
2027, 1092577
2028, 1162123
2029, 1075482
2030, 1022405
2031, 969070
2032, 1018486
2033, 999069
2034, 961694
2035, 827568
2036, 598945
2037, 685346
2038, 758057
2039, 691465
2040, 859490
2041, 774030
2042, 701759
2043, 504535
2044, 38714
2045, -168512
2046, -300563
2047, -169969
2048, -86807
2049, -281756
2050, -399242
2051, -162280
2052, -49585
2053, -130523
2054, -52295
2055, -5291
2056, -146385
2057, -109780
2058, -29615
2059, -82789
2060, -196416
2061, -74278
2062, -214050
2063, -358390
2064, -429336
2065, -480171
2066, -794482
2067, -1003434
2068, -1203794
2069, -1064177
2070, -1161503
2071, -1320472
2072, -1183730
2073, -1266990
2074, -1447182
2075, -1340778
2076, -1056599
2077, -1115274
2078, -1033297
2079, -1159300
2080, -1203350
2081, -1203350
2082, -1265577
2083, -1292224
2084, -1370962
2085, -1472037
2086, -1439656
2087, -1521393
2088, -1602904
2089, -1695613
2090, -1767405
2091, -2126327
2092, -1865938
2093, -2028596
2094, -1954185
2095, -2212760
2096, -1919179
2097, -1765266
2098, -1646370
2099, -1786251
2100, -2032766
2101, -2203631
2102, -2259669
2103, -2188048
2104, -2118446
2105, -2014866
2106, -2072035
2107, -2043971
2108, -1977633
2109, -2055390
2110, -2011194
2111, -1962911
2112, -1871890
2113, -1799019
2114, -1858045
2115, -1809815
2116, -1745426
2117, -1780787
2118, -1796974
2119, -1854956
2120, -1874104
2121, -1953264
2122, -1988751
2123, -2084699
2124, -2208880
2125, -2057649
2126, -1927206
2127, -1759880
2128, -1862682
2129, -1707980
2130, -1573741
2131, -1644012
2132, -1694857
2133, -1641947
2134, -1663086
2135, -1636354
2136, -1573474
2137, -1530664
2138, -1698536
2139, -1825892
2140, -1866942
2141, -1901548
2142, -1979138
2143, -2006941
2144, -2078786
2145, -2007700
2146, -1965428
2147, -2145983
2148, -2088244
2149, -2262972
2150, -2166878
2151, -2359805
2152, -2315707
2153, -2139371
2154, -2190652
2155, -2245613
2156, -2294764
2157, -2223794
2158, -2157456
2159, -2189646
2160, -2157554
2161, -2178171
2162, -2332272
2163, -2061733
2164, -2140581
2165, -2072031
2166, -2018121
2167, -2113209
2168, -2113209
2169, -2143617
2170, -2249402
2171, -2132371
2172, -2050120
2173, -2085461
2174, -2014154
2175, -2038493
2176, -1872948
2177, -1695125
2178, -1726791
2179, -1661875
2180, -1778188
2181, -1902175
2182, -1947915
2183, -1918474
2184, -1972431
2185, -2069190
2186, -2025949
2187, -2080351
2188, -2032508
2189, -2095803
2190, -2192164
2191, -2143680
2192, -2203068
2193, -2149254
2194, -1990614
2195, -2041600
2196, -2073709
2197, -2229128
2198, -2296558
2199, -2409944
2200, -2454694
2201, -2265855
2202, -2483983
2203, -2343124
2204, -2318405
2205, -2466772
2206, -2507700
2207, -2598685
2208, -2665771
2209, -2715213
2210, -2628134
2211, -2446508
2212, -2556272
2213, -2686985
2214, -2621057
2215, -2542467
2216, -2629045
2217, -2767941
2218, -2929664
2219, -3224999
2220, -2993545
2221, -2900309
2222, -2685033
2223, -2227430
2224, -1812695
2225, -1506769
2226, -1352749
2227, -1576420
2228, -1464327
2229, -1596196
2230, -1633809
2231, -1695636
2232, -1552292
2233, -1451144
2234, -1510079
2235, -1440682
2236, -1412901
2237, -1324374
2238, -1223698
2239, -1255503
2240, -1160835
2241, -1086053
2242, -1128642
2243, -1086684
2244, -1042736
2245, -1080808
2246, -1185188
2247, -1045631
2248, -1069266
2249, -1088532
2250, -1061996
2251, -1016065
2252, -956157
2253, -857857
2254, -904911
2255, -813651
2256, -714547
2257, -775874
2258, -829095
2259, -764073
2260, -656866
2261, -606028
2262, -629819
2263, -660405
2264, -613183
2265, -613183
2266, -545910
2267, -567516
2268, -518337
2269, -486333
2270, -508109
2271, -522611
2272, -510586
2273, -444019
2274, -388042
2275, -343330
2276, -397926
2277, -469834
2278, -531465
2279, -688056
2280, -634646
2281, -694578
2282, -742309
2283, -836857
2284, -772332
2285, -728092
2286, -802502
2287, -896134
2288, -723577
2289, -853034
2290, -716654
2291, -613829
2292, -542665
2293, -425536
2294, -466366
2295, -488175
2296, -459785
2297, -545054
2298, -581916
2299, -650797
2300, -628168
2301, -489686
2302, -382410
2303, -442291
2304, -377620
2305, -434823
2306, -394496
2307, -407309
2308, -439853
2309, -356423
2310, -299511
2311, -266027
2312, -345760
2313, -333641
2314, -357641
2315, -317331
2316, -356283
2317, -315273
2318, -360688
2319, -439511
2320, -467092
2321, -467092
2322, -445633
2323, -465898
2324, -486796
2325, -704137
2326, -748934
2327, -696822
2328, -672552
2329, -701285
2330, -770748
2331, -800580
2332, -717680
2333, -785300
2334, -825208
2335, -753232
2336, -703764
2337, -628399
2338, -598083
2339, -657667
2340, -694866
2341, -608663
2342, -506036
2343, -655517
2344, -590717
2345, -620141
2346, -595927
2347, -582300
2348, -582300
2349, -464013
2350, -536008
2351, -445555
2352, -469952
2353, -516411
2354, -484988
2355, -430943
2356, -504469
2357, -462802
2358, -610229
2359, -686712
2360, -599647
2361, -523448
2362, -438402
2363, -545271
2364, -570672
2365, -589085
2366, -698723
2367, -609508
2368, -518849
2369, -563998
2370, -628199
2371, -666453
2372, -580980
2373, -638242
2374, -756887
2375, -707655
2376, -760216
2377, -790994
2378, -731184
2379, -693140
2380, -667401
2381, -717953
2382, -779445
2383, -706818
2384, -836209
2385, -869090
2386, -980193
2387, -921053
2388, -957844
2389, -816920
2390, -778845
2391, -702873
2392, -665927
2393, -908421
2394, -1042859
2395, -1142282
2396, -1075052
2397, -1142107
2398, -1030965
2399, -1134953
2400, -1056174
2401, -1158092
2402, -1400514
2403, -1400514
2404, -1581723
2405, -1685930
2406, -1848167
2407, -2038808
2408, -1972290
2409, -2002605
2410, -1902476
2411, -1941536
2412, -1979681
2413, -2114891
2414, -2276530
2415, -2069428
2416, -2502734
2417, -2333937
2418, -2489185
2419, -2331329
2420, -2486243
2421, -2574966
2422, -2493276
2423, -2447201
2424, -2522440
2425, -2493070
2426, -2562579
2427, -2523891
2428, -2455048
2429, -2492813
2430, -2419502
2431, -2505257
2432, -2532236
2433, -2490477
2434, -2593449
2435, -2881283
2436, -3066666
2437, -2975482
2438, -3061583
2439, -3213184
2440, -3030538
2441, -2879312
2442, -3027567
2443, -2962125
2444, -2924478
2445, -3011898
2446, -2912578
2447, -2836520
2448, -2727589
2449, -2795536
2450, -2703306
2451, -2670615
2452, -2751239
2453, -2679054
2454, -2772259
2455, -2841021
2456, -2748895
2457, -2865640
2458, -2928071
2459, -2857640
2460, -2947858
2461, -2866938
2462, -2802951
2463, -2857407
2464, -2896396
2465, -2929564
2466, -2988883
2467, -3147274
2468, -2964456
2469, -2846631
2470, -2982233
2471, -3153673
2472, -3306090
2473, -3252438
2474, -3155762
2475, -3287524
2476, -2900869
2477, -2649389
2478, -2565396
2479, -2406186
2480, -2276758
2481, -2382865
2482, -2436855
2483, -2357066
2484, -2273805
2485, -2361001
2486, -2614408
2487, -2300524
2488, -2060867
2489, -1754282
2490, -1962318
2491, -2078604
2492, -2146481
2493, -2283743
2494, -2176858
2495, -2278150
2496, -2468435
2497, -2197926
2498, -1990338
2499, -2251753
2500, -2174460
2501, -2130434
2502, -2321126
2503, -2124306
2504, -2200785
2505, -2319682
2506, -2232512
2507, -2164321
2508, -2301522
2509, -2074828
2510, -2262041
2511, -2262041
2512, -2262041
2513, -2106960
2514, -1953965
2515, -1865184
2516, -1788482
2517, -2012818
2518, -2082734
2519, -2173118
2520, -2224187
2521, -2453489
2522, -2661411
2523, -2756455
2524, -2612774
2525, -2694341
2526, -2542250
2527, -2752704
2528, -2814717
2529, -2706703
2530, -2622400
2531, -2553802
2532, -2530194
2533, -2530194
2534, -2552283
2535, -2619362
2536, -2659285
2537, -2743488
2538, -2616983
2539, -2455166
2540, -2491439
2541, -2435507
2542, -2569417
2543, -2661624
2544, -2724602
2545, -2551739
2546, -2624491
2547, -2535729
2548, -2454316
2549, -2551382
2550, -2640752
2551, -2640752
2552, -2584180
2553, -2677322
2554, -2592208
2555, -2724089
2556, -2534101
2557, -2274807
2558, -2088365
2559, -2182294
2560, -2072759
2561, -2009024
2562, -2060598
2563, -2134212
2564, -2055914
2565, -2006670
2566, -1944875
2567, -1882981
2568, -1772538
2569, -1772538
2570, -1745338
2571, -1796169
2572, -1856032
2573, -1782404
2574, -1814667
2575, -1860483
2576, -1946466
2577, -1873646
2578, -1784122
2579, -1839545
2580, -1911540
2581, -1887812
2582, -1922200
2583, -1978535
2584, -2043062
2585, -1947991
2586, -2054521
2587, -1988105
2588, -2019719
2589, -2058557
2590, -2035598
2591, -2085964
2592, -2025381
2593, -1998781
2594, -2014053
2595, -2130869
2596, -2054191
2597, -2054191
2598, -2087465
2599, -2107087
2600, -2138338
2601, -2206938
2602, -2262564
2603, -2243954
2604, -1993435
2605, -2062614
2606, -2076773
2607, -2029744
2608, -2133411
2609, -2340039
2610, -2271097
2611, -2410761
2612, -2530914
2613, -2795290
2614, -3610975
2615, -3242122
2616, -3336586
2617, -3461189
2618, -3396966
2619, -3561620
2620, -3482225
2621, -3348318
2622, -3375323
2623, -3309481
2624, -3374487
2625, -3388243
2626, -3388243
2627, -3298803
2628, -3258449
2629, -3195135
2630, -3120150
2631, -2962879
2632, -3022551
2633, -3050567
2634, -3026395
2635, -3046318
2636, -2997064
2637, -2799844
2638, -2949428
2639, -3201116
2640, -3275757
2641, -3490676
2642, -3373456
2643, -3268372
2644, -3504430
2645, -3667668
2646, -3316312
2647, -3370724
2648, -3413000
2649, -3291128
2650, -3346551
2651, -3149862
2652, -3043061
2653, -3072998
2654, -3091709
2655, -2911074
2656, -2880474
2657, -2844468
2658, -2866617
2659, -2899589
2660, -2930313
2661, -2866618
2662, -2884923
2663, -2969851
2664, -2982493
2665, -2952556
2666, -3034984
2667, -2989673
2668, -2869431
2669, -2820681
2670, -2767888
2671, -2692033
2672, -2567733
2673, -2633528
2674, -2551200
2675, -2466445
2676, -2524902
2677, -2572032
2678, -2635754
2679, -2497167
2680, -2598205
2681, -2261714
2682, -2000371
2683, -2066111
2684, -2132560
2685, -2322094
2686, -2425155
2687, -2588191
2688, -2335280
2689, -2335280
2690, -2393064
2691, -2525859
2692, -2615165
2693, -2410794
2694, -2552084
2695, -2436988
2696, -2516365
2697, -2431844
2698, -2605828
2699, -2850112
2700, -2638405
2701, -2396844
2702, -2452721
2703, -2420042
2704, -2369411
2705, -2518281
2706, -2539563
2707, -2440115
2708, -2341940
2709, -2438803
2710, -2342483
2711, -2179392
2712, -2318277
2713, -2505815
2714, -2397693
2715, -2505413
2716, -2668807
2717, -2737393
2718, -2607384
2719, -2454681
2720, -2755146
2721, -2657311
2722, -2538295
2723, -2635569
2724, -2485993
2725, -2432020
2726, -2650515
2727, -2729448
2728, -2797735
2729, -2654909
2730, -2331584
2731, -2141632
2732, -2026781
2733, -1763521
2734, -1886744
2735, -1981466
2736, -2122051
2737, -2228511
2738, -2337945
2739, -2431962
2740, -2542707
2741, -2375798
2742, -2422985
2743, -2342432
2744, -2270857
2745, -2179476
2746, -2117138
2747, -2168489
2748, -2091461
2749, -2026339
2750, -2084757
2751, -1965027
2752, -1883541
2753, -1798299
2754, -1635694
2755, -1741945
2756, -1645823
2757, -1373241
2758, -1291583
2759, -1436224
2760, -1323087
2761, -1234884
2762, -1282685
2763, -1366819
2764, -1281989
2765, -1150882
2766, -992284
2767, -1196311
2768, -1128613
2769, -1313540
2770, -1264111
2771, -1150598
2772, -1491976
2773, -1037786
2774, -1181910
2775, -1097198
2776, -885067
2777, -958022
2778, -1062459
2779, -997103
2780, -875735
2781, -1070836
2782, -893289
2783, -830731
2784, -755863
2785, -869523
2786, -748930
2787, -599136
2788, -479699
2789, -705179
2790, -705179
2791, -565661
2792, -679274
2793, -601543
2794, -681174
2795, 133717
2796, 957605
2797, 1988759
2798, 2297721
2799, 1988141
2800, 1738194
2801, 1963135
2802, 1784392
2803, 2242190
2804, 1963838
2805, 2163294
2806, 1991426
2807, 2117671
2808, 2241745
2809, 2412457
2810, 2705818
2811, 3011932
2812, 2782192
2813, 2597179
2814, 2340295
2815, 2532526
2816, 2810236
2817, 2649178
2818, 2849013
2819, 3057510
2820, 2846189
2821, 2630042
2822, 2835469
2823, 3037927
2824, 2745933
2825, 3180816
2826, 3281581
2827, 3155629
2828, 3052428
2829, 3200562
2830, 3272748
2831, 3013843
2832, 3355745
2833, 3522110
2834, 3624792
2835, 3920317
2836, 4102626
2837, 3914573
2838, 4196730
2839, 4409269
2840, 4252177
2841, 3999833
2842, 3897845
2843, 4117272
2844, 3897387
2845, 4022830
2846, 3800528
2847, 3488960
2848, 3738099
2849, 3565166
2850, 3928448
2851, 4158456
2852, 3862295
2853, 4172605
2854, 4513088
2855, 4874639
2856, 5171130
2857, 5550821
2858, 5088329
2859, 5397587
2860, 5190709
2861, 4985710
2862, 5272235
2863, 5006794
2864, 4786560
2865, 4954684
2866, 4833966
2867, 4591061
2868, 4695943
2869, 4852127
2870, 4747956
2871, 4862192
2872, 5252044
2873, 5070312
2874, 5370498
2875, 5576706
2876, 5743026
2877, 5542760
2878, 5686392
2879, 5365625
2880, 5481804
2881, 5574326
2882, 5660164
2883, 5571770
2884, 5356931
2885, 5223724
2886, 5106460
2887, 4995726
2888, 5034642
2889, 4986209
2890, 4816278
2891, 4589800
2892, 4219904
2893, 4523000
2894, 4889454
2895, 5038974
2896, 4827622
2897, 4626238
2898, 4906265
2899, 5205165
2900, 5306527
2901, 5229003
2902, 5178470
2903, 5116283
2904, 5208580
2905, 5127985
2906, 5166425
2907, 5217169
2908, 5173708
2909, 5207105
2910, 5057829
2911, 5154907
2912, 5100246
2913, 5051082
2914, 4850175
2915, 4821280
2916, 4849692
2917, 4825787
2918, 4878714
2919, 4809211
2920, 4569022
2921, 4736583
2922, 4523907
2923, 4702811
2924, 4629882
2925, 4414984
2926, 4462274
2927, 4592598
2928, 4522732
2929, 4522732
2930, 4712638
2931, 4952199
2932, 5094958
2933, 5002080
2934, 4952864
2935, 5021221
2936, 4991172
2937, 4971738
2938, 5009745
2939, 5067504
2940, 5211958
2941, 5041945
2942, 5087815
2943, 5012666
2944, 4874394
2945, 4750623
2946, 4883717
2947, 4606576
2948, 4252138
2949, 3254050
2950, 3712599
2951, 3465970
2952, 3194483
2953, 2987847
2954, 3173170
2955, 3009262
2956, 2764574
2957, 2842229
2958, 2981976
2959, 2767151
2960, 2564434
2961, 2779721
2962, 2999192
2963, 2820710
2964, 2700906
2965, 2897307
2966, 2802184
2967, 2620197
2968, 2732760
2969, 2845001
2970, 2576605
2971, 2217816
2972, 2525724
2973, 2375418
2974, 2594762
2975, 2594762
2976, 2740952
2977, 2825619
2978, 2996207
2979, 3120282
2980, 3330083
2981, 3106641
2982, 3311715
2983, 3508369
2984, 3665209
2985, 3515442
2986, 3682338
2987, 3840663
2988, 3639360
2989, 3339368
2990, 3452724
2991, 3584176
2992, 3477428
2993, 3589155
2994, 3785166
2995, 3898014
2996, 4153773
2997, 3978854
2998, 3912748
2999, 3979247
3000, 3811609
3001, 3979863
3002, 4073838
3003, 4151088
3004, 4101355
3005, 4162338
3006, 4162338
3007, 4273540
3008, 4174766
3009, 4241895
3010, 4170218
3011, 4044000
3012, 4044000
3013, 4127250
3014, 4069850
3015, 3990837
3016, 3910751
3017, 4067085
3018, 3992973
3019, 3744284
3020, 3907153
3021, 4037361
3022, 3925704
3023, 4085350
3024, 4002902
3025, 3912600
3026, 3846594
3027, 3768941
3028, 3963802
3029, 4010256
3030, 3957014
3031, 4087394
3032, 3988727
3033, 3843590
3034, 3909589
3035, 4032883
3036, 4161050
3037, 4083837
3038, 4158357
3039, 4248223
3040, 4135402
3041, 4194225
3042, 4140223
3043, 4190026
3044, 4304900
3045, 4336435
3046, 4395210
3047, 4395210
3048, 4328164
3049, 4375698
3050, 4465262
3051, 4638368
3052, 4492960
3053, 4459785
3054, 4406153
3055, 4358543
3056, 4466567
3057, 4524488
3058, 4437303
3059, 4287102
3060, 4369394
3061, 4329814
3062, 4374949
3063, 4297058
3064, 4373627
3065, 4300833
3066, 4225808
3067, 4258899
3068, 4206938
3069, 4147396
3070, 4229140
3071, 4289458
3072, 4325248
3073, 4266470
3074, 4334304
3075, 4436352
3076, 4377170
3077, 4444357
3078, 4567953
3079, 4496595
3080, 4581152
3081, 4513126
3082, 4660704
3083, 4547215
3084, 4655567
3085, 4655567
3086, 4702397
3087, 4778469
3088, 4959048
3089, 4810380
3090, 4752001
3091, 4660664
3092, 4563158
3093, 4617573
3094, 4455151
3095, 4335775
3096, 4292983
3097, 4249246
3098, 4187333
3099, 4241824
3100, 4359423
3101, 4416335
3102, 4357509
3103, 4276449
3104, 4322579
3105, 4247352
3106, 4312103
3107, 4273235
3108, 4377576
3109, 4315910
3110, 4242250
3111, 4329565
3112, 4401283
3113, 4438718
3114, 4374101
3115, 4429847
3116, 4540343
3117, 4590045
3118, 4590045
3119, 4634102
3120, 4634102
3121, 4576051
3122, 4685613
3123, 4793482
3124, 4720703
3125, 4771135
3126, 4741448
3127, 4718038
3128, 4697360
3129, 4630509
3130, 4559407
3131, 4495809
3132, 4385140
3133, 4464507
3134, 4642487
3135, 4711678
3136, 4660366
3137, 4597805
3138, 4695554
3139, 4758165
3140, 4680383
3141, 4742351
3142, 4714037
3143, 4797433
3144, 4855541
3145, 4900489
3146, 5039733
3147, 5256319
3148, 5162621
3149, 5220762
3150, 5297623
3151, 5394711
3152, 5273085
3153, 5320543
3154, 5236019
3155, 5125111
3156, 5186901
3157, 5072145
3158, 5143550
3159, 5086586
3160, 4971755
3161, 5103937
3162, 4952640
3163, 4924321
3164, 4944084
3165, 4984990
3166, 4930184
3167, 4890551
3168, 4909480
3169, 4879125
3170, 4732701
3171, 4791460
3172, 4884581
3173, 4785279
3174, 4890046
3175, 4961736
3176, 4921736
3177, 4966845
3178, 4989258
3179, 4894002
3180, 4788920
3181, 4722363
3182, 4641615
3183, 4798530
3184, 4711672
3185, 4614314
3186, 4555388
3187, 4479419
3188, 4381018
3189, 4430459
3190, 4522343
3191, 4453911
3192, 4386577
3193, 4424642
3194, 4360252
3195, 4414853
3196, 4320245
3197, 4364717
3198, 4186824
3199, 4143361
