15.0, 48.93762851267992
16.0, 45.64688715953307
17.0, 49.787798408488094
18.0, 48.57660455486543
19.0, 33.38044758539459
20.0, 26.607697824527875
21.0, 27.887747431721394
22.0, 24.888193202146738
23.0, 30.25332225913627
24.0, 35.82179409993982
25.0, 40.84999029691445
26.0, 36.1681136543015
27.0, 38.02115743621658
28.0, 36.02096351542031
29.0, 31.917631917631923
30.0, 32.85381848952821
31.0, 31.954732510288025
32.0, 38.94943330427201
33.0, 39.76412995104586
34.0, 34.59825750242014
35.0, 31.472349418809443
36.0, 39.10474485228292
37.0, 42.92666554791072
38.0, 37.53576838916006
39.0, 38.088088088088085
40.0, 38.39556004036328
41.0, 43.55665839536808
42.0, 40.2784151751568
43.0, 35.801722835121666
44.0, 30.070224719101162
45.0, 36.777990692581454
46.0, 37.564206542308746
47.0, 39.870875179340025
48.0, 48.26388888888887
49.0, 56.58687790597554
50.0, 51.895096102029804
51.0, 44.88577896686562
52.0, 44.71094710947112
53.0, 40.133185349611566
54.0, 34.930448222565715
55.0, 27.421478277223997
56.0, 31.429187324854496
57.0, 36.132372805042806
58.0, 50.54015969938938
59.0, 41.606217616580345
60.0, 31.984007996002035
61.0, 41.21819960861058
62.0, 43.498706795203425
63.0, 36.93078324225868
64.0, 41.43881667413718
65.0, 45.16264428121719
66.0, 47.286310700944846
67.0, 52.5514240506329
68.0, 63.90277146751475
69.0, 73.21297877531107
70.0, 74.47105324343177
71.0, 73.56764564275397
72.0, 64.00510204081633
73.0, 66.23548046462517
74.0, 76.8418046830383
75.0, 74.93044822256574
76.0, 70.73954983922835
77.0, 85.09726343554249
78.0, 86.82215743440244
79.0, 86.94396302715205
80.0, 85.3658536585367
81.0, 81.0417340666452
82.0, 76.19202075900105
83.0, 60.600112170499195
84.0, 53.98181317167266
85.0, 58.02965569238508
86.0, 66.8620268620269
87.0, 65.02018522916171
88.0, 59.41422594142258
89.0, 58.84016973125885
90.0, 61.497563136907395
91.0, 54.92424242424243
92.0, 42.98780487804877
93.0, 39.588839941262854
94.0, 49.160801299404426
95.0, 50.94953879544221
96.0, 49.77471508083754
97.0, 57.660423702793956
98.0, 60.69812540400773
99.0, 56.909992912827725
100.0, 47.174348697394755
101.0, 62.265351574928424
102.0, 72.58258258258259
103.0, 73.75682667433172
104.0, 66.29930394431551
105.0, 65.82205585948748
106.0, 72.55548890221951
107.0, 71.90666257291983
108.0, 68.68583162217658
109.0, 66.5412247690728
110.0, 76.78850359262721
111.0, 83.5662381218557
112.0, 77.0221535291086
113.0, 72.69096355466795
114.0, 78.70787722687267
115.0, 75.31110004977594
116.0, 72.79210093252874
117.0, 76.76270789412035
118.0, 81.69048792508623
119.0, 79.8795180722891
120.0, 69.75010960105217
121.0, 60.42823156225215
122.0, 55.88573619631898
123.0, 61.105318039624606
124.0, 63.2934229949155
125.0, 54.12396290873595
126.0, 51.01978224198745
127.0, 53.79150579150579
128.0, 47.75624236074736
129.0, 46.6856735566643
130.0, 46.06093383811068
131.0, 41.2757605495584
132.0, 49.34823091247671
133.0, 48.64008009344235
134.0, 49.608577263444495
135.0, 53.496054321893936
136.0, 55.23971953761608
137.0, 52.948207171314735
138.0, 41.18857142857143
139.0, 46.939307111226896
140.0, 64.27962489343562
141.0, 64.13694721825962
142.0, 70.87581093605189
143.0, 70.076194874163
144.0, 65.2937350964665
145.0, 60.34164358264077
146.0, 53.65524683032102
147.0, 55.41933686263581
148.0, 69.72358563678632
149.0, 69.36520174762269
150.0, 75.68870523415973
151.0, 74.83365019011401
152.0, 77.8491965389369
153.0, 72.27450080330502
154.0, 64.99879139473045
155.0, 47.30683506686479
156.0, 35.16371771405329
157.0, 34.39427093694054
158.0, 39.523135987068116
159.0, 39.22984356197355
160.0, 34.703287890938256
161.0, 32.4096611121513
162.0, 26.84903748733535
163.0, 27.679130979736783
164.0, 16.48899977319121
165.0, 12.790146849834187
166.0, 11.254689453939122
167.0, 20.924574209245733
168.0, 28.627145085803434
169.0, 36.94940850742513
170.0, 47.83240494066357
171.0, 44.86597001363015
172.0, 45.16493447808404
173.0, 49.71238938053097
174.0, 54.95376486129458
175.0, 61.83374083129584
176.0, 62.753519446432826
177.0, 53.65157078743371
178.0, 56.60816240219919
179.0, 57.777777777777786
180.0, 61.43075913366881
181.0, 55.82067968185106
182.0, 57.500579642939975
183.0, 57.80885780885778
184.0, 54.06091370558376
185.0, 59.881922968793965
186.0, 62.88686605981795
187.0, 60.32805115373922
188.0, 60.47091412742383
189.0, 56.80317040951124
190.0, 49.46145124716558
191.0, 70.2121390689452
192.0, 64.7988904299584
193.0, 63.959102527691016
194.0, 66.29378863703268
195.0, 71.14093959731544
196.0, 68.4287812041116
197.0, 72.40522063393415
198.0, 72.05789804908751
199.0, 64.76244343891398
200.0, 57.67457180500661
201.0, 58.5350112939658
202.0, 59.78090766823161
203.0, 60.347551342811954
204.0, 58.588957055214706
205.0, 46.45726807888972
206.0, 48.9984591679507
207.0, 48.3417869683964
208.0, 58.94503873109553
209.0, 59.86296429859359
210.0, 48.60866502289537
211.0, 50.41465100207326
212.0, 40.9770992366412
213.0, 57.19063545150505
214.0, 60.501319261213716
215.0, 57.44461617722822
216.0, 65.26492851135409
217.0, 71.62110127069697
218.0, 67.37909798949465
219.0, 71.64731617028436
220.0, 75.00796431984708
221.0, 70.36036036036035
222.0, 70.32025259359492
223.0, 62.83713306511695
224.0, 67.25110535142551
225.0, 69.55782312925167
226.0, 69.24379232505645
227.0, 70.57235421166305
228.0, 65.04499804356331
229.0, 68.42565962235841
230.0, 63.29941860465116
231.0, 65.78590785907859
232.0, 71.35531135531136
233.0, 71.28800117491555
234.0, 69.8069498069498
235.0, 72.89146911788423
236.0, 68.97122064174663
237.0, 67.79385465777924
238.0, 64.62938881664499
239.0, 64.13974950560319
240.0, 56.185939078966356
241.0, 44.90820649615568
242.0, 51.73906074691459
243.0, 41.98683606306444
244.0, 37.32954545454546
245.0, 34.935850169591504
246.0, 33.74426605504587
247.0, 30.7254196642686
248.0, 30.579753679783735
249.0, 37.171236709569115
250.0, 38.97727272727273
251.0, 39.82583454281569
252.0, 41.310160427807496
253.0, 35.40603248259859
254.0, 43.30306469920543
255.0, 49.326633165829136
256.0, 48.42471358428805
257.0, 55.008133860097566
258.0, 55.38137576041176
259.0, 35.78199052132702
260.0, 34.945614441101625
261.0, 33.1192005710207
262.0, 37.268466860075854
263.0, 28.21756894790603
264.0, 33.98309065288866
265.0, 47.99643811219947
266.0, 48.55758643470601
267.0, 50.250683682771225
268.0, 52.115339163318396
269.0, 44.309296264118146
270.0, 48.11817078106031
271.0, 54.27358672583448
272.0, 63.98459667612488
273.0, 78.34593152512227
274.0, 77.75816416593112
275.0, 81.03123823861495
276.0, 83.77334191886669
277.0, 79.90066739096693
278.0, 82.68253543728267
279.0, 81.48942252715835
280.0, 83.93898052833931
281.0, 84.6952821924665
282.0, 77.29556875285519
283.0, 83.184506552244
284.0, 82.85849391180992
285.0, 82.10318439891385
286.0, 77.4843385333497
287.0, 79.27174035960645
288.0, 84.99394917305366
289.0, 84.54507685916079
290.0, 66.87786333950675
291.0, 71.56047170673733
292.0, 66.45087188054715
293.0, 65.25252525252526
294.0, 61.2014721595631
295.0, 53.48620045652627
296.0, 62.429523321373644
297.0, 63.78816322497776
298.0, 63.93071548075978
299.0, 62.58410531448072
300.0, 64.0007977662545
301.0, 63.25325732899023
302.0, 55.709141596004166
303.0, 58.83623016301414
304.0, 73.88828633405639
305.0, 65.1125635439361
306.0, 60.63844176924116
307.0, 46.369466280513045
308.0, 48.407960199004975
309.0, 48.407960199004975
310.0, 40.41131105398458
311.0, 35.675435675435736
312.0, 27.24269122947541
313.0, 35.722051096213136
314.0, 33.29955240266874
315.0, 34.55419290686113
316.0, 39.06880988201761
317.0, 30.925413205805867
318.0, 30.78593502046273
319.0, 30.586673305119916
320.0, 33.479155944415865
321.0, 38.115234375
322.0, 32.86569214166589
323.0, 35.352469396369784
324.0, 34.84501768254631
325.0, 34.38021702838063
326.0, 37.32019481254956
327.0, 22.425356988316736
328.0, 34.02718776550553
329.0, 39.94005607657353
330.0, 33.751002405773846
331.0, 32.2139303482587
332.0, 35.96491228070174
333.0, 44.357272178636094
334.0, 43.08822243595349
335.0, 45.76523031203566
336.0, 48.11284046692606
337.0, 48.54254588281479
338.0, 52.58438818565402
339.0, 60.21007655332028
340.0, 66.14343707713124
341.0, 79.05572602197367
342.0, 67.34774066797644
343.0, 60.797263828281636
344.0, 64.4436345966958
345.0, 73.80528549910994
346.0, 74.59157922698898
347.0, 69.94973295633051
348.0, 61.79572578406885
349.0, 58.69250032951103
350.0, 53.081986834231
351.0, 54.87503093293739
352.0, 60.14207650273223
353.0, 47.841726618705046
354.0, 42.13618157543393
355.0, 41.653204092622495
356.0, 51.6323688689463
357.0, 47.49842668344873
358.0, 47.02333703762502
359.0, 49.03787416004889
360.0, 38.31879460745439
361.0, 35.44190219829517
362.0, 45.99968439324598
363.0, 50.96153846153846
364.0, 60.872093023255815
365.0, 60.61366267850253
366.0, 43.489416292495164
367.0, 46.1957756075403
368.0, 47.456836210919235
369.0, 37.37033195020752
370.0, 35.54843875100083
371.0, 44.70647265428996
372.0, 53.92013380723395
373.0, 47.15395925225792
374.0, 55.404178019981835
375.0, 67.21451440768419
376.0, 59.97236296637494
377.0, 51.37107910830542
378.0, 41.26323095609927
379.0, 44.803418803418765
380.0, 50.74067129195575
381.0, 55.065920173379084
382.0, 55.15557163531114
383.0, 57.38730450781966
384.0, 59.69369996519315
385.0, 61.63021868787277
386.0, 43.73358059032608
387.0, 42.06927307863834
388.0, 36.34482758620692
389.0, 22.809095215537667
390.0, 22.33561405543317
391.0, 30.70307960488087
392.0, 33.13683682428194
393.0, 29.972513743128474
394.0, 34.74211200372571
395.0, 28.477463877507006
396.0, 28.23994867408041
397.0, 31.162170479023487
398.0, 26.38917158558924
399.0, 19.50321018840117
400.0, 30.43239080206841
401.0, 38.5477843032568
402.0, 41.2194564969171
403.0, 50.26455026455026
404.0, 55.57566476402618
405.0, 44.77244772447726
406.0, 43.207596940121334
407.0, 50.85923217550273
408.0, 45.4994155085076
409.0, 55.089311029203294
410.0, 60.048886474742005
411.0, 56.26689429506331
412.0, 65.96425713523607
413.0, 71.87047518757406
414.0, 72.92194627470857
415.0, 63.310558205491844
416.0, 64.60005177323328
417.0, 70.33021192705769
418.0, 67.10343958674568
419.0, 76.73712021136069
420.0, 78.34120026972364
421.0, 77.36434108527142
422.0, 79.69300098577675
423.0, 73.75926184817564
424.0, 70.71460540056698
425.0, 73.15249266862176
426.0, 69.00812457684502
427.0, 66.67273389151809
428.0, 55.580710889744225
429.0, 72.26648959716695
430.0, 71.76656151419567
431.0, 58.043273753527835
432.0, 60.72834645669293
433.0, 48.47374847374847
434.0, 41.24246831498023
435.0, 37.695527649261905
436.0, 31.917978458989182
437.0, 31.760098928276975
438.0, 33.62831858407077
439.0, 29.5435153583618
440.0, 29.438154240546936
441.0, 37.097695677013945
442.0, 36.268851238130715
443.0, 23.134783492579814
444.0, 22.49011857707511
445.0, 35.556822500950204
446.0, 39.193083573487016
447.0, 39.8607803627038
448.0, 57.37608182533438
449.0, 55.8115823817292
450.0, 57.74261603375529
451.0, 59.812062937062926
452.0, 53.30645161290322
453.0, 52.24263979450702
454.0, 46.98575082206794
455.0, 44.063222821896645
456.0, 49.7059381521533
457.0, 50.75552111584656
458.0, 45.78018521754324
459.0, 40.95147478591816
460.0, 38.199561840270874
461.0, 36.05940966347057
462.0, 24.789385004212306
463.0, 22.603474158267247
464.0, 34.40221694378462
465.0, 38.550783635253424
466.0, 42.32402234636871
467.0, 38.01686069851467
468.0, 35.217552993677955
469.0, 27.726771942710272
470.0, 24.95710200190659
471.0, 29.70448045757864
472.0, 36.36751225751439
473.0, 43.66861672013588
474.0, 47.298728813559315
475.0, 47.06605762473647
476.0, 48.570911722141815
477.0, 49.839055793991406
478.0, 52.69814502529511
479.0, 49.09872664130973
480.0, 56.72173170037027
481.0, 64.44007858546172
482.0, 65.6
483.0, 69.42364050797785
484.0, 67.77686628383918
485.0, 68.88959290353239
486.0, 69.23558897243106
487.0, 66.41012485035058
488.0, 61.575562700964625
489.0, 71.05751391465677
490.0, 73.29783187523775
491.0, 79.83917288914418
492.0, 71.95179958775962
493.0, 73.77662168753042
494.0, 71.2169878658101
495.0, 73.60497463590241
496.0, 85.36206896551721
497.0, 86.87641230662256
498.0, 88.35306406685231
499.0, 87.20666161998483
500.0, 83.17225696418424
501.0, 83.14990512333968
502.0, 87.0064874884152
503.0, 87.7959610027855
504.0, 58.64471184293854
505.0, 43.408706352868734
506.0, 42.58337105779384
507.0, 39.95469347302846
508.0, 32.229369098125034
509.0, 37.49842231477971
510.0, 34.32360742705562
511.0, 35.2086876880806
512.0, 35.41150384765881
513.0, 39.724524622135526
514.0, 36.19100499722373
515.0, 35.45270725679623
516.0, 41.0424789657295
517.0, 39.240774029819185
518.0, 59.959733232666416
519.0, 65.9700024588149
520.0, 72.83464566929138
521.0, 77.37642585551333
522.0, 85.23508386032445
523.0, 84.70303375587525
524.0, 81.2750656893929
525.0, 72.92754361390553
526.0, 74.94106553512495
527.0, 73.5637901019647
528.0, 84.47482215092761
529.0, 85.7197844495766
530.0, 83.54523950325253
531.0, 79.66657167284127
532.0, 76.533464890643
533.0, 77.86567395687916
534.0, 66.78627145085805
535.0, 68.70460048426152
536.0, 68.65716883904217
537.0, 65.44695071010861
538.0, 68.16916115558655
539.0, 67.81509695290862
540.0, 56.431608788093556
541.0, 61.99381761978363
542.0, 56.10958109870999
543.0, 45.95951909907168
544.0, 51.94857916102839
545.0, 48.761590245141626
546.0, 46.53663415853962
547.0, 38.835635748519884
548.0, 41.4410348977136
549.0, 46.451169188445675
550.0, 48.01014957264955
551.0, 52.51859982924749
552.0, 54.398011128211174
553.0, 54.039750676231904
554.0, 66.45030425963492
555.0, 53.80788365862992
556.0, 59.69909159727478
557.0, 57.94984844309729
558.0, 54.62834489593656
559.0, 59.686533745601885
560.0, 56.76333400932876
561.0, 58.67597875270508
562.0, 61.66925767586473
563.0, 54.29621535710736
564.0, 56.401023405666635
565.0, 42.80123771386967
566.0, 46.515190196579034
567.0, 52.55704169944925
568.0, 44.103409207951366
569.0, 55.2616512080614
570.0, 56.89065430872782
571.0, 64.88313473877177
572.0, 65.6736476649121
573.0, 62.370466321243505
574.0, 68.42045064623127
575.0, 69.8942318176862
576.0, 69.42414174972318
577.0, 68.72396404297307
578.0, 70.86397058823532
579.0, 86.49179570140977
580.0, 84.884923713473
581.0, 84.92779783393505
582.0, 85.07786571355632
583.0, 77.8060251684251
584.0, 79.51185167800989
585.0, 71.77696359056563
586.0, 67.05176124136369
587.0, 67.525949583666
588.0, 63.40543538546867
589.0, 64.53450870780478
590.0, 65.10102612927115
591.0, 74.6446675280787
592.0, 71.96703296703296
593.0, 74.28168162113116
594.0, 76.55115359867634
595.0, 78.20961817715894
596.0, 68.3316606191616
597.0, 72.96571822992561
598.0, 73.82296153274915
599.0, 74.95852812547128
600.0, 72.27715573651304
601.0, 72.31922013676709
602.0, 72.5673406818016
603.0, 73.12066375795723
604.0, 70.2917202917203
605.0, 69.44403588763056
606.0, 62.64444288815743
607.0, 58.86481067324748
608.0, 44.60279577224682
609.0, 34.86244748610923
610.0, 47.48224871343885
611.0, 44.383414830196266
612.0, 32.712170458649325
613.0, 35.665204678362585
614.0, 33.74368905180164
615.0, 37.32427843803055
616.0, 39.42472712294915
617.0, 40.94498728416546
618.0, 35.46666666666668
619.0, 29.058285843254524
620.0, 34.195784002310134
621.0, 31.087094723458378
622.0, 31.381357291833794
623.0, 31.197830825668575
624.0, 30.57030956596384
625.0, 35.657108116323855
626.0, 40.274938675388384
627.0, 43.72863402185949
628.0, 50.44476469711277
629.0, 51.457917538821015
630.0, 50.3241530587375
631.0, 41.735537190082646
632.0, 53.551228790229736
633.0, 56.274984220492335
634.0, 56.893959035519835
635.0, 63.797016861219184
636.0, 69.42075860041167
637.0, 80.05759539236864
638.0, 70.71554019602291
639.0, 66.04623592175463
640.0, 67.97853309481219
641.0, 61.67306127194514
642.0, 61.77306198179396
643.0, 58.683182816695144
644.0, 55.464559663187046
645.0, 68.40927258193447
646.0, 67.20876203119816
647.0, 70.25523560209425
648.0, 70.06914718472177
649.0, 72.7952913008779
650.0, 78.03643724696357
651.0, 70.48465444910579
652.0, 79.078779826164
653.0, 82.34939428822014
654.0, 82.99804635936428
655.0, 79.81213505965982
656.0, 73.59536407155456
657.0, 74.34493943540625
658.0, 80.08392180943609
659.0, 72.42323603099692
660.0, 73.8594940903568
661.0, 73.42653416428051
662.0, 73.91567925048223
663.0, 71.02540557086013
664.0, 64.45747098935279
665.0, 64.73238421337179
666.0, 62.84647512973042
667.0, 65.97507968704724
668.0, 51.73788171853935
669.0, 52.65135699373697
670.0, 62.49086719496431
671.0, 56.11390284757119
672.0, 55.75003838476894
673.0, 63.912520806362146
674.0, 61.30391670798217
675.0, 53.85344710822161
676.0, 56.03303652084142
677.0, 46.542827657378744
678.0, 50.79524011245044
679.0, 46.660534880430156
680.0, 50.78981723237597
681.0, 43.284016963967765
682.0, 42.77852434888335
683.0, 43.493819128171765
684.0, 34.40479517997453
685.0, 42.88143176733781
686.0, 42.29100114519919
687.0, 35.126071688443176
688.0, 34.25456877204232
689.0, 33.589034205231385
690.0, 31.646388816981627
691.0, 33.30041880894822
692.0, 36.13393322900364
693.0, 38.37869658563613
694.0, 34.22171293387055
695.0, 41.98813616956963
696.0, 47.74006622516556
697.0, 50.03383236065296
698.0, 58.03492592955952
699.0, 48.58232748804373
700.0, 50.49065292473001
701.0, 56.8585563301102
702.0, 55.06209580495621
703.0, 68.42105263157895
704.0, 57.945673914446104
705.0, 68.26524570751926
706.0, 54.68651044965169
707.0, 50.28022417934346
708.0, 37.74122952450428
709.0, 34.810082633150486
710.0, 32.272120317661106
711.0, 30.024466969591046
712.0, 38.666237113402076
713.0, 40.68997179773071
714.0, 40.51049273074142
715.0, 34.50676474451595
716.0, 35.51912568306011
717.0, 29.722709266835523
718.0, 34.786960251644274
719.0, 39.9038144805323
720.0, 37.73361574881634
721.0, 42.71810423866282
722.0, 50.920554854981084
723.0, 47.87965360235695
724.0, 54.59788789601948
725.0, 47.75133214920073
726.0, 49.46746375317804
727.0, 39.50087516232849
728.0, 31.659588194183087
729.0, 29.498096573832896
730.0, 29.107484637856345
731.0, 27.40681020582376
732.0, 33.45361272932787
733.0, 33.00507703081233
734.0, 39.315560950557916
735.0, 43.124221022019114
736.0, 44.80483782297966
737.0, 44.56611760375448
738.0, 44.89823919506059
739.0, 59.58730935486501
740.0, 53.32761210040765
741.0, 55.77345958802675
742.0, 54.2210200253043
743.0, 60.615665370023535
744.0, 59.33832885621378
745.0, 66.46302928165156
746.0, 65.22688800305792
747.0, 64.02869570129356
748.0, 62.88828020280901
749.0, 62.42181045674495
750.0, 66.5458366167586
751.0, 63.63636363636363
752.0, 59.24766611751785
753.0, 50.29137919485566
754.0, 53.95262557077624
755.0, 64.36840313244807
756.0, 84.56562842073842
757.0, 85.1308599367271
758.0, 73.96917950853815
759.0, 73.60498960498964
760.0, 62.679794520547965
761.0, 66.76578225068621
762.0, 62.27629048957255
763.0, 52.3270013568521
764.0, 32.632771205638065
765.0, 40.880503144654085
766.0, 44.85575549842901
767.0, 40.87345338723507
768.0, 42.34261139648787
769.0, 36.11677195842673
770.0, 37.81800148772627
771.0, 30.300425495336754
772.0, 31.773931855056787
773.0, 34.008309643560025
774.0, 37.42010982086596
775.0, 32.77245914321631
776.0, 33.85614385614386
777.0, 38.78279686232079
778.0, 49.19167054753509
779.0, 45.798438608942526
780.0, 45.09310518369403
781.0, 51.341191462249114
782.0, 55.87589553963487
783.0, 70.36661812195277
784.0, 73.07714433642063
785.0, 89.19393343631515
786.0, 93.50066244663627
787.0, 88.21536421889964
788.0, 86.48219550918577
789.0, 88.07204803202137
790.0, 89.85507246376812
791.0, 82.964589314868
792.0, 83.03241000336438
793.0, 84.09544833385894
794.0, 81.52336249199915
795.0, 81.21882454998917
796.0, 69.55185245105969
797.0, 69.71842316975062
798.0, 58.04755506221883
799.0, 52.234255073073285
800.0, 55.31688535386797
801.0, 55.88882632952858
802.0, 62.478301508879674
803.0, 59.58966492497963
804.0, 58.706833210874336
805.0, 53.720304796055565
806.0, 58.907108174799
807.0, 57.081099056407695
808.0, 58.62141123294549
809.0, 54.30811725919986
810.0, 63.53865606936418
811.0, 65.05064496580383
812.0, 71.32143327047062
813.0, 75.5072665645169
814.0, 64.96725912067353
815.0, 64.6511234291034
816.0, 63.96186532073683
817.0, 57.22867115837325
818.0, 51.90852254030934
819.0, 60.657943578322204
820.0, 48.2092730616591
821.0, 43.2944116092451
822.0, 45.05796359234602
823.0, 42.37302977232925
824.0, 36.56226556639157
825.0, 31.910824820089545
826.0, 26.97406644483175
827.0, 27.577082995842076
828.0, 29.571511291256485
829.0, 30.278057745894316
830.0, 16.18485611987795
831.0, 31.586522734707174
832.0, 36.95018637749914
833.0, 43.405523786348716
834.0, 49.29869412008566
835.0, 56.59313896040636
836.0, 45.265676152102735
837.0, 55.918470692492726
838.0, 55.350877192982445
839.0, 47.32652813221531
840.0, 44.03052572074618
841.0, 50.147315582714974
842.0, 59.64330378989721
843.0, 54.89715229467995
844.0, 47.51981978079105
845.0, 40.75797872340428
846.0, 37.66922275868597
847.0, 29.33440822290524
848.0, 29.062047621424668
849.0, 30.705090696313633
850.0, 35.3268045774648
851.0, 30.117115510373907
852.0, 27.784785827894467
853.0, 29.417571569595253
854.0, 28.805367601068966
855.0, 23.777926584281914
856.0, 26.160287786754736
857.0, 27.728466058257283
858.0, 35.161699429296135
859.0, 29.606887806180353
860.0, 36.09417563886367
861.0, 41.83746039956036
862.0, 47.758367945272404
863.0, 48.179339594062405
864.0, 45.22502744237102
865.0, 36.851109590380304
866.0, 36.65580784752273
867.0, 35.674064259688635
868.0, 45.55607259190322
869.0, 41.778244508619956
870.0, 33.61812778603269
871.0, 32.77352768095605
872.0, 34.73481725748833
873.0, 44.66215242760408
874.0, 41.16165432471916
875.0, 36.573701167942005
876.0, 32.69045838230582
877.0, 29.456886898096315
878.0, 39.51282715729463
879.0, 51.47067491895079
880.0, 54.68436873747496
881.0, 55.328855658344956
882.0, 51.579670329670336
883.0, 60.9132682366456
884.0, 67.64257173992007
885.0, 68.90401835269738
886.0, 50.772889417360275
887.0, 39.842848508159804
888.0, 36.84825693668056
889.0, 38.56914893617023
890.0, 37.77801597084517
891.0, 28.706150341685657
892.0, 28.113372226560713
893.0, 23.53051643192488
894.0, 37.052187926118755
895.0, 32.50326228795127
896.0, 33.243708324370814
897.0, 28.285616905248816
898.0, 31.21383503873942
899.0, 41.022902575056364
900.0, 50.53680488588878
901.0, 49.888938249666815
902.0, 51.7818325538502
903.0, 53.20083346690174
904.0, 49.110762583967094
905.0, 45.753039450831196
906.0, 44.18505701480684
907.0, 44.36122344364071
908.0, 32.7288087862574
909.0, 39.252046638551235
910.0, 33.187760126619395
911.0, 34.540296504179125
912.0, 29.90330821718463
913.0, 17.305414256846248
914.0, 11.005264477312622
915.0, 27.26796014682749
916.0, 26.64958360025625
917.0, 20.67012741859368
918.0, 23.813163232311368
919.0, 28.693373003223186
920.0, 33.9306225591546
921.0, 32.67492573162252
922.0, 33.115531212965635
923.0, 30.112643231695472
924.0, 33.33333333333333
925.0, 33.1965458178704
926.0, 40.67329272202628
927.0, 47.17144784605995
928.0, 51.26216061550199
929.0, 42.549842602308495
930.0, 45.21004495427066
931.0, 62.96669146933953
932.0, 57.04611549646863
933.0, 50.76530612244898
934.0, 47.9092509290045
935.0, 53.71746473276375
936.0, 58.01467748165315
937.0, 52.4014420281428
938.0, 56.766930771161235
939.0, 54.157403290351276
940.0, 46.76431924882629
941.0, 42.35070091564703
942.0, 34.95849817702273
943.0, 30.28024122029089
944.0, 37.39568070331911
945.0, 38.619612742036225
946.0, 47.59588455529023
947.0, 54.2928636422722
948.0, 52.57763242186183
949.0, 45.18041887458996
950.0, 49.22750480737351
951.0, 55.76782583284629
952.0, 48.411333732057415
953.0, 54.11827036720055
954.0, 59.97175464712393
955.0, 59.84611868667631
956.0, 69.79237448093622
957.0, 73.92834293026232
958.0, 69.85249919082628
959.0, 66.44882416508003
960.0, 63.28622107100625
961.0, 62.69382617153973
962.0, 52.058868775960214
963.0, 63.30353341847594
964.0, 57.0892289922033
965.0, 55.057290757866575
966.0, 62.02491819783538
967.0, 62.52018382809589
968.0, 55.495783658040125
969.0, 59.73747656040718
970.0, 53.4134056567222
971.0, 65.95257442564824
972.0, 65.71194762684125
973.0, 67.52395715896279
974.0, 50.20813750503558
975.0, 50.34150261149054
976.0, 58.59703819173813
977.0, 48.61734181452964
978.0, 54.566507454045436
979.0, 48.35503110370038
980.0, 50.16399529673866
981.0, 50.11769078295342
982.0, 41.95488721804511
983.0, 43.86158475426278
984.0, 39.38438808175325
985.0, 34.06546311673006
986.0, 34.311789507391794
987.0, 32.798252798252804
988.0, 43.587459921624514
989.0, 38.6831955922865
990.0, 36.97987991151375
991.0, 42.66523374529822
992.0, 45.100617425108624
993.0, 54.23831804095522
994.0, 55.974511867181114
995.0, 60.26486572046642
996.0, 73.45301992720093
997.0, 56.80004559963521
998.0, 61.70704258721791
999.0, 59.855453350854134
1000.0, 60.99471882073009
1001.0, 47.8005399396538
1002.0, 43.38707858834141
1003.0, 48.73888144267089
1004.0, 54.36201385189132
1005.0, 48.02246385470188
1006.0, 51.49960976697514
1007.0, 43.97790647790647
1008.0, 38.14122954137991
1009.0, 27.289755845498007
1010.0, 21.712130005803814
1011.0, 32.435829584546156
1012.0, 40.06807112258671
1013.0, 36.32881085395052
1014.0, 38.47300771208226
1015.0, 44.23099657169878
1016.0, 52.61406113984332
1017.0, 53.32156368221943
1018.0, 53.10393756651295
1019.0, 60.21592007734449
1020.0, 53.6464550011936
1021.0, 61.22383252818037
1022.0, 63.88158718237577
1023.0, 69.64577021673269
1024.0, 77.70410816432658
1025.0, 79.84842253686622
1026.0, 67.32108549471661
1027.0, 77.31147974357279
1028.0, 78.12400433314215
1029.0, 71.93991315573288
1030.0, 57.3992118823886
1031.0, 58.894413571219665
1032.0, 60.288217010454936
1033.0, 64.70617780010045
1034.0, 66.03494829079423
1035.0, 60.63529182500243
1036.0, 55.38838843559873
1037.0, 51.096345514950166
1038.0, 54.45871009641804
1039.0, 50.965520950997785
1040.0, 54.83217592592594
1041.0, 55.45091324200913
1042.0, 49.90523123578468
1043.0, 55.29189416211676
1044.0, 53.48002708192281
1045.0, 53.041279387643506
1046.0, 49.23953052295298
1047.0, 41.66334104876685
1048.0, 44.22313797313799
1049.0, 45.1429461712238
1050.0, 48.77946127946128
1051.0, 56.12334801762115
1052.0, 54.07316323393791
1053.0, 52.77009404884218
1054.0, 61.54014438853642
1055.0, 57.157676348547724
1056.0, 61.32339872855289
1057.0, 60.77913279132793
1058.0, 78.10062262935664
1059.0, 70.35423510927012
1060.0, 69.53974304673162
1061.0, 57.602415966386566
1062.0, 57.20628188986812
1063.0, 59.3904788112273
1064.0, 65.57809458016706
1065.0, 63.65384615384615
1066.0, 63.498934469898785
1067.0, 57.23016992410506
1068.0, 52.53074916138652
1069.0, 59.98907551549909
1070.0, 50.7618662351672
1071.0, 56.78562292146329
1072.0, 54.681421864520466
1073.0, 64.98362276744331
1074.0, 68.76195176114983
1075.0, 69.28766782695175
1076.0, 66.77131734271003
1077.0, 73.69334079462787
1078.0, 65.74454540193298
1079.0, 65.48084212981863
1080.0, 66.14812696597082
1081.0, 71.40096618357487
1082.0, 66.01946969289517
1083.0, 55.50229152399517
1084.0, 55.95920968769917
1085.0, 51.261160714285715
1086.0, 48.17232375979113
1087.0, 41.75780208055482
1088.0, 33.787433235311795
1089.0, 41.052975801177254
1090.0, 42.58252684608247
1091.0, 37.47202771962752
1092.0, 38.20563774195924
1093.0, 36.97642996547066
1094.0, 32.813559322033896
1095.0, 30.753105590062134
1096.0, 30.2574287678558
1097.0, 30.007575757575765
1098.0, 30.884990253411317
1099.0, 34.586407766990305
1100.0, 35.3347665847666
1101.0, 32.27229751024268
1102.0, 44.801893408134646
1103.0, 47.80338196286472
1104.0, 55.40684087529212
1105.0, 52.418014205833465
1106.0, 57.6834771593698
1107.0, 61.29616220130339
1108.0, 64.04444113041534
1109.0, 61.82367056273705
1110.0, 73.46260815822001
1111.0, 88.92487046632128
1112.0, 97.20224608412965
1113.0, 95.50733496332523
1114.0, 83.11664530305809
1115.0, 86.95312500000003
1116.0, 86.28224084113688
1117.0, 87.61403248535196
1118.0, 82.85763559541266
1119.0, 78.54091918674187
1120.0, 72.13342032294896
1121.0, 68.23168464113054
1122.0, 59.554271564176645
1123.0, 57.78471888515136
1124.0, 55.964912280701746
1125.0, 60.41604085310905
1126.0, 52.96837810268618
1127.0, 46.66586783296387
1128.0, 54.71071385433022
1129.0, 47.786946736684165
1130.0, 47.91128044631923
1131.0, 40.0845202692127
1132.0, 44.08716854617494
1133.0, 43.08906761989871
1134.0, 45.63811326707682
1135.0, 47.7205491921414
1136.0, 54.96628090916659
1137.0, 51.17829457364342
1138.0, 44.50453316367107
1139.0, 35.87924919989619
1140.0, 46.56785548865216
1141.0, 59.98012806359019
1142.0, 63.335693334681906
1143.0, 62.98531482599075
1144.0, 64.69346637244554
1145.0, 63.55353075170841
1146.0, 58.66218007545631
1147.0, 66.29753447555372
1148.0, 72.09957299900069
1149.0, 65.73188672306
1150.0, 59.903635567236115
1151.0, 61.48727632407159
1152.0, 68.74023945861532
1153.0, 65.28510217534608
1154.0, 56.54198105634932
1155.0, 55.337403068800526
1156.0, 51.695217701641695
1157.0, 53.362022592791824
1158.0, 49.66131217340816
1159.0, 38.38595360824745
1160.0, 38.96974652493867
1161.0, 43.64240410752039
1162.0, 41.54593155297988
1163.0, 47.0606531881804
1164.0, 56.86671975675089
1165.0, 59.300921032764606
1166.0, 56.06715019150843
1167.0, 60.45162990949828
1168.0, 72.82608695652175
1169.0, 74.37291294556186
1170.0, 69.01315789473682
1171.0, 72.1692887214713
1172.0, 69.49347108623905
1173.0, 84.75450012676407
1174.0, 86.62362387219596
1175.0, 78.66785079928951
1176.0, 68.66796736431358
1177.0, 61.823966065747584
1178.0, 41.570605187319885
1179.0, 51.126466565896514
1180.0, 42.22826086956523
1181.0, 44.981586485064604
1182.0, 38.20091923834538
1183.0, 36.74306068956248
1184.0, 40.07370184254609
1185.0, 33.699036323202364
1186.0, 46.3402258023595
1187.0, 45.58785695909442
1188.0, 46.634706364725915
1189.0, 46.55834750299137
1190.0, 54.28837787445617
1191.0, 62.47286024454348
1192.0, 75.29938059187889
1193.0, 70.17094017094017
1194.0, 79.42133497493626
1195.0, 73.7601842012044
1196.0, 76.33764574349144
1197.0, 71.92386668772706
1198.0, 75.74703233729022
1199.0, 65.65801253357208
1200.0, 60.23771681293623
1201.0, 63.736055965210824
1202.0, 63.19089048106449
1203.0, 64.06381736818213
1204.0, 54.968124154807136
1205.0, 46.45553845026025
1206.0, 41.29966725386572
1207.0, 44.456438912877815
1208.0, 47.189269344836866
1209.0, 51.02872275412509
1210.0, 50.26549893110819
1211.0, 49.65258855585833
1212.0, 40.857805873409625
1213.0, 42.282212653196424
1214.0, 43.704062676682014
1215.0, 33.94415357766141
1216.0, 34.34518647007805
1217.0, 44.08886750080204
1218.0, 52.19575573841492
1219.0, 53.19562146892657
1220.0, 64.14663222729983
1221.0, 63.40498884607585
1222.0, 63.89740445534438
1223.0, 69.55097819529433
1224.0, 66.41634980988596
1225.0, 74.36183050218136
1226.0, 69.84819561858012
1227.0, 84.73365737526038
1228.0, 84.1421947449768
1229.0, 72.1952082044028
1230.0, 72.94158134732858
1231.0, 70.20369493131219
1232.0, 61.63009404388713
1233.0, 66.36969259170078
1234.0, 54.91102704217459
1235.0, 44.72422789879256
1236.0, 42.442563482466745
1237.0, 35.902532863097164
1238.0, 34.29430166227078
1239.0, 29.350899742930622
1240.0, 29.10400203925569
1241.0, 22.204262452107287
1242.0, 29.478482661312228
1243.0, 39.37401663295122
1244.0, 33.907791200266004
1245.0, 27.0464337003351
1246.0, 30.76545392055779
1247.0, 24.398539488821086
1248.0, 36.56841482649841
1249.0, 39.061759595640495
1250.0, 48.92425582080756
1251.0, 46.53039002177786
1252.0, 52.82480591151435
1253.0, 52.921332521201336
1254.0, 56.0763888888889
1255.0, 61.102305843857046
1256.0, 56.37114347975685
1257.0, 48.399390243902445
1258.0, 51.886733220317694
1259.0, 61.736142238159246
1260.0, 61.95498774418775
1261.0, 70.26205298972056
1262.0, 64.98465734742585
1263.0, 75.0137337483977
1264.0, 67.19771727499698
1265.0, 76.93061544492352
1266.0, 72.01284032814169
1267.0, 71.15836466165406
1268.0, 69.4195316392625
1269.0, 66.58303464755078
1270.0, 66.23824824467451
1271.0, 71.83789364997418
1272.0, 75.07140409002628
1273.0, 83.61227336122731
1274.0, 78.1840048105833
1275.0, 63.00294406280665
1276.0, 64.0438721983786
1277.0, 66.70346654890704
1278.0, 57.362574765024206
1279.0, 43.706651506537824
1280.0, 46.99710951718232
1281.0, 56.930554257407216
1282.0, 57.30170496664195
1283.0, 56.48004383962003
1284.0, 62.66297905966019
1285.0, 66.09716599190284
1286.0, 60.806328144934895
1287.0, 52.906364004864194
1288.0, 56.3584981832862
1289.0, 64.72809667673715
1290.0, 60.5156505992929
1291.0, 54.014393868585856
1292.0, 66.99207423158708
1293.0, 63.18140382862351
1294.0, 51.92959259565324
1295.0, 42.263002582073064
1296.0, 43.88276418392045
1297.0, 43.54322305229458
1298.0, 33.61221501777875
1299.0, 30.820926385442547
1300.0, 33.39706819630341
1301.0, 28.897058823529434
1302.0, 29.99095022624438
1303.0, 24.848368152498324
1304.0, 21.154003770182797
1305.0, 19.986061638531837
1306.0, 10.168647263929415
1307.0, 14.701751792445876
1308.0, 13.054607508532442
1309.0, 18.7162719827313
1310.0, 30.861864132195706
1311.0, 29.389077445232957
1312.0, 30.394890251938975
1313.0, 31.177710378861875
1314.0, 27.97421556545646
1315.0, 30.94751192910705
1316.0, 26.86141788386179
1317.0, 25.91701448563714
1318.0, 24.861045690061246
1319.0, 34.795168067226896
1320.0, 37.222586384492935
1321.0, 35.816179990426036
1322.0, 44.36532854900202
1323.0, 51.797337996696776
1324.0, 38.78318935820658
1325.0, 38.60926453519046
1326.0, 42.882387590810914
1327.0, 40.820459683496594
1328.0, 38.44481902058196
1329.0, 37.85873411086357
1330.0, 46.101638801522924
1331.0, 47.5357371452955
1332.0, 60.576841027391424
1333.0, 55.12986081216819
1334.0, 58.26645264847512
1335.0, 61.00354513226072
1336.0, 59.447215485288055
1337.0, 50.21368677305924
1338.0, 56.664759725400465
1339.0, 65.52718286655683
1340.0, 57.842774281130446
1341.0, 64.02145425732918
1342.0, 72.15276823739524
1343.0, 77.4217311233886
1344.0, 66.42697743615176
1345.0, 54.871304704034955
1346.0, 39.32859399684045
1347.0, 41.32295719844356
1348.0, 40.267765190525225
1349.0, 37.003926810928206
1350.0, 45.72240502542627
1351.0, 49.19947121034079
1352.0, 50.03250740446435
1353.0, 41.17434377033768
1354.0, 47.30336251931424
1355.0, 42.38860891128709
1356.0, 48.37221448467969
1357.0, 42.63768338582072
1358.0, 47.86916941915735
1359.0, 68.39437540876388
1360.0, 70.79631040027077
1361.0, 74.46351931330469
1362.0, 75.15299877600977
1363.0, 73.84615384615381
1364.0, 69.69041854029747
1365.0, 68.60725481415136
1366.0, 66.8244202555608
1367.0, 74.47257383966245
1368.0, 78.10747240817803
1369.0, 76.01021216656395
1370.0, 75.92756183745581
1371.0, 87.87631390958265
1372.0, 87.83783783783787
1373.0, 84.25447316103383
1374.0, 76.45219482862302
1375.0, 49.695786936057836
1376.0, 46.52184525262387
1377.0, 47.032515411579844
1378.0, 50.440856521241265
1379.0, 42.633387227162466
1380.0, 35.342831700801426
1381.0, 33.798858894660654
1382.0, 18.202861952861994
1383.0, 18.402297627911963
1384.0, 14.371314437892352
1385.0, 14.808856926570812
1386.0, 13.723047436511749
1387.0, 21.42607784953742
1388.0, 22.91822255414486
1389.0, 29.617565448184337
1390.0, 47.17493661716768
1391.0, 46.10623556581988
1392.0, 45.88628142101846
1393.0, 48.150671598209094
1394.0, 57.14939896966226
1395.0, 64.32849573830916
1396.0, 64.35723328346185
1397.0, 72.10006840613701
1398.0, 83.75813159859231
1399.0, 82.79970215934476
1400.0, 81.25806451612907
1401.0, 73.27316903852832
1402.0, 81.99491881144377
1403.0, 79.136460554371
1404.0, 73.30150068212825
1405.0, 69.68467879105063
1406.0, 73.20767807585568
1407.0, 78.9795409181637
1408.0, 81.22771836007134
1409.0, 77.0948434622468
1410.0, 75.16176637529801
1411.0, 72.94757665677551
1412.0, 62.82140375260597
1413.0, 68.71171804398034
1414.0, 73.55386520431628
1415.0, 75.73770491803279
1416.0, 76.37879056570313
1417.0, 75.96789840373934
1418.0, 69.87231002768107
1419.0, 75.33551554828152
1420.0, 73.3769101669464
1421.0, 73.08639802920993
1422.0, 69.68222158602926
1423.0, 56.49079374903298
1424.0, 63.243462945400374
1425.0, 58.61800141743443
1426.0, 63.41333738417138
1427.0, 63.58757275682213
1428.0, 56.691176470588246
1429.0, 52.792148508825335
1430.0, 53.7216587112172
1431.0, 54.481506693896094
1432.0, 59.217622483858705
1433.0, 58.722226493426604
1434.0, 59.76468824940053
1435.0, 70.06030091914994
1436.0, 71.76603560327776
1437.0, 80.09460737937565
1438.0, 70.42393026941363
1439.0, 73.02103377347227
1440.0, 72.46982358402977
1441.0, 60.36686693084496
1442.0, 63.63694186490268
1443.0, 60.11536381661963
1444.0, 55.69409254567275
1445.0, 61.02002540988566
1446.0, 57.42544310689007
1447.0, 54.25711685948265
1448.0, 43.63518985855974
1449.0, 33.54553003044563
1450.0, 27.314353971730114
1451.0, 29.729162292672683
1452.0, 30.669265756985098
1453.0, 39.72129809804786
1454.0, 45.1222324723247
1455.0, 54.071340713407174
1456.0, 52.578105156210356
1457.0, 60.78402903811249
1458.0, 57.40042503599092
1459.0, 55.81626848691693
1460.0, 59.33564915327839
1461.0, 61.89733505119688
1462.0, 73.79739671760052
1463.0, 62.773307323417086
1464.0, 71.6404809971035
1465.0, 68.63247863247862
1466.0, 74.28202050050785
1467.0, 71.68564457096373
1468.0, 69.06243057098419
1469.0, 66.94362017804146
1470.0, 59.105802769263285
1471.0, 61.73095944609298
1472.0, 69.50914725582328
1473.0, 65.58727293241569
1474.0, 64.26479203280604
1475.0, 59.42144373673039
1476.0, 52.23985067662156
1477.0, 56.76258080872106
1478.0, 46.52153881594102
1479.0, 46.79101019462463
1480.0, 48.38165879973021
1481.0, 41.10028212362149
1482.0, 46.54329608938551
1483.0, 42.4755853629839
1484.0, 48.03725881570192
1485.0, 48.14765635373791
1486.0, 38.58580508474575
1487.0, 30.120737131963537
1488.0, 30.707834488552876
1489.0, 39.77335039298118
1490.0, 39.57802837395422
1491.0, 50.422255340288146
1492.0, 51.31445904954498
1493.0, 46.36820465966197
1494.0, 50.68262969964296
1495.0, 55.53872372656693
1496.0, 55.18798905782811
1497.0, 58.986203124050355
1498.0, 58.786116663638005
1499.0, 58.582907231555865
1500.0, 62.329362124596685
1501.0, 64.1074733550322
1502.0, 62.74608783442702
1503.0, 59.77105478331968
1504.0, 68.9446831364124
1505.0, 60.9428571428571
1506.0, 61.11747851002864
1507.0, 65.56520402674246
1508.0, 60.16941973739938
1509.0, 53.50538910313458
1510.0, 44.094743672939664
1511.0, 47.72451456310679
1512.0, 51.216426625145964
1513.0, 43.10555503336782
1514.0, 45.58122808594803
1515.0, 58.141250230499736
1516.0, 58.600501812099296
1517.0, 52.5538568450313
1518.0, 44.99357517050513
1519.0, 44.53575971040014
1520.0, 36.960051964923686
1521.0, 44.07102092580853
1522.0, 43.27858644041411
1523.0, 37.570028011204464
1524.0, 34.740659198342286
1525.0, 35.967977635173796
1526.0, 37.49689903249818
1527.0, 43.146505629993136
1528.0, 37.95741425474952
1529.0, 37.13584393773013
1530.0, 41.35768308430179
1531.0, 42.786259541984734
1532.0, 42.876266972652495
1533.0, 51.362339947812366
1534.0, 66.33946830265845
1535.0, 66.69589262831316
1536.0, 70.3522569559183
1537.0, 80.06695494490164
1538.0, 90.62165877501141
1539.0, 89.81926711988055
1540.0, 86.3406555090655
1541.0, 87.33225545675015
1542.0, 93.15132972464106
1543.0, 79.59333480143874
1544.0, 77.96128012643223
1545.0, 81.13743306831088
1546.0, 78.48230401004471
1547.0, 66.42282958199362
1548.0, 63.73817171629486
1549.0, 66.53044871794876
1550.0, 66.84131142335477
1551.0, 61.84768427919117
1552.0, 61.943879625864184
1553.0, 55.138258357408205
1554.0, 56.2810683292611
1555.0, 49.694619486185154
1556.0, 40.16442155309036
1557.0, 41.49611133851824
1558.0, 36.07009428927238
1559.0, 29.589371980676276
1560.0, 38.1488736532811
1561.0, 46.75007190106409
1562.0, 46.80362016951587
1563.0, 32.412876550502006
1564.0, 26.104059971795436
1565.0, 24.96096522356281
1566.0, 24.79550465893729
1567.0, 29.26214151895084
1568.0, 33.23721249570889
1569.0, 31.08161911081619
1570.0, 31.512378902045185
1571.0, 30.51068264721208
1572.0, 38.61313380987372
1573.0, 45.61308742958562
1574.0, 44.319797756359606
1575.0, 42.33821484087381
1576.0, 44.18309970697714
1577.0, 44.088825667773065
1578.0, 46.54597029868179
1579.0, 47.39211688752972
1580.0, 44.05701196233141
1581.0, 46.070172568904894
1582.0, 37.17919252279169
1583.0, 44.719859196245245
1584.0, 40.981182795698956
1585.0, 48.20560314887704
1586.0, 50.690668626010286
1587.0, 42.53393665158371
1588.0, 36.43543504014746
1589.0, 34.160474469970694
1590.0, 31.889985895627632
1591.0, 42.409409701928695
1592.0, 40.40509500939653
1593.0, 40.475526425882045
1594.0, 42.3877637728367
1595.0, 40.32565644711749
1596.0, 51.94289078598766
1597.0, 51.51830128443093
1598.0, 64.60176991150443
1599.0, 65.89238459276686
1600.0, 58.2983193277311
1601.0, 73.13903111461208
1602.0, 79.89831124023969
1603.0, 74.56771100838895
1604.0, 62.66250650026004
1605.0, 55.26620817556603
1606.0, 63.214312116507735
1607.0, 60.93928164196125
1608.0, 56.57316661034136
1609.0, 50.945112049366664
1610.0, 51.69811320754719
1611.0, 51.24281748337527
1612.0, 50.429931079750574
1613.0, 46.56347158827809
1614.0, 47.50624282918269
1615.0, 48.1328354227794
1616.0, 39.61509791963137
1617.0, 40.195269526952735
1618.0, 44.92085446442292
1619.0, 45.29676119634279
1620.0, 31.748411508531447
1621.0, 33.488967542736646
1622.0, 25.509091952044983
1623.0, 25.899825276645316
1624.0, 12.553352935597033
1625.0, 28.834426862215366
1626.0, 22.25015261967178
1627.0, 32.191692880528976
1628.0, 33.54104406434793
1629.0, 37.398179204599906
1630.0, 37.31882975226371
1631.0, 39.89291282986672
1632.0, 36.5991902834008
1633.0, 36.2160141018108
1634.0, 39.00964116606765
1635.0, 43.79508596843304
1636.0, 50.884747147751185
1637.0, 50.53058676654182
1638.0, 64.07147415443526
1639.0, 58.64348677766897
1640.0, 66.13890550927418
1641.0, 60.77730980433971
1642.0, 57.682926829268304
1643.0, 46.4089897399707
1644.0, 46.62921348314605
1645.0, 50.65806061217289
1646.0, 55.82972101811717
1647.0, 51.257717230470924
1648.0, 50.26575550493545
1649.0, 45.4742216549198
1650.0, 44.772103239978044
1651.0, 50.65192275953128
1652.0, 45.164445531238506
1653.0, 32.571322940415314
1654.0, 32.1708964761731
1655.0, 23.952128235676398
1656.0, 20.497729168597644
1657.0, 23.881713459332772
1658.0, 29.289748587994225
1659.0, 25.491125506925798
1660.0, 24.57975724950485
1661.0, 29.652269188628125
1662.0, 27.67640884870015
1663.0, 22.643158219389335
1664.0, 30.40394551432597
1665.0, 32.997196346206024
1666.0, 38.236765318882874
1667.0, 41.27334083239596
1668.0, 49.332734767171374
1669.0, 53.68626754308047
1670.0, 67.34972677595628
1671.0, 66.2884767166535
1672.0, 66.74290719743053
1673.0, 56.63346057164136
1674.0, 66.02157988517123
1675.0, 58.09455906599526
1676.0, 61.71945272925247
1677.0, 69.81958883035753
1678.0, 71.64505956552206
1679.0, 62.26885697084373
1680.0, 61.07019256367023
1681.0, 67.99910340705318
1682.0, 63.14072115980338
1683.0, 55.89805470235482
1684.0, 49.14714083945967
1685.0, 51.919750951227954
1686.0, 51.82810604747877
1687.0, 56.66919287608943
1688.0, 54.825583692173964
1689.0, 62.19615842257351
1690.0, 53.58031922682677
1691.0, 51.761393897892404
1692.0, 47.47089771738679
1693.0, 48.961715945992125
1694.0, 46.456587027656994
1695.0, 30.329085418905777
1696.0, 28.807544601623647
1697.0, 35.339018426859084
1698.0, 35.989311308150135
1699.0, 29.166666666666686
1700.0, 19.912718204488755
1701.0, 19.345850999394287
1702.0, 30.209643605870014
1703.0, 27.35406437534097
1704.0, 50.17072129748186
1705.0, 45.25547445255474
1706.0, 44.474466360443145
1707.0, 51.81456074352733
1708.0, 50.10848340203948
1709.0, 54.010757717492986
1710.0, 52.399319342030644
1711.0, 56.630996113506896
1712.0, 55.87246559512553
1713.0, 52.311399626241766
1714.0, 55.337633961086254
1715.0, 55.70276497695852
1716.0, 50.27627557018576
1717.0, 45.225997671218366
1718.0, 39.187918674344814
1719.0, 42.15668202764978
1720.0, 39.10737386804655
1721.0, 34.534075104311526
1722.0, 35.12271023410425
1723.0, 32.39822546972859
1724.0, 41.775816903350325
1725.0, 36.83344551641615
1726.0, 55.79911774686123
1727.0, 62.91208791208792
1728.0, 61.56833457804331
1729.0, 59.851894874401076
1730.0, 58.73750186539323
1731.0, 72.24763647453496
1732.0, 66.76709577284765
1733.0, 68.99753002299636
1734.0, 62.20783322804802
1735.0, 65.01461988304095
1736.0, 69.83852747690878
1737.0, 77.95978062157222
1738.0, 74.35299603637216
1739.0, 74.8973071656778
1740.0, 62.86235361873682
1741.0, 67.78517901748543
1742.0, 75.28575285752858
1743.0, 79.04932904932909
1744.0, 74.5429616087752
1745.0, 70.16172218057193
1746.0, 71.5569167942828
1747.0, 69.63156747329413
1748.0, 81.8302681143364
1749.0, 76.39443436176657
1750.0, 70.6969059777712
1751.0, 62.06238932025614
1752.0, 57.39480977576217
1753.0, 42.64158962915733
1754.0, 51.21236613457265
1755.0, 36.04590505998957
1756.0, 32.52466277431047
1757.0, 37.50481695568401
1758.0, 37.28570060339048
1759.0, 44.77901484480432
1760.0, 40.35512510088783
1761.0, 38.08166268162586
1762.0, 32.548587457423395
1763.0, 34.90116573745567
1764.0, 38.715526290676586
1765.0, 39.13756511672779
1766.0, 44.99746578813988
1767.0, 49.94936423990097
1768.0, 36.80774670873677
1769.0, 34.523931013368696
1770.0, 41.53492095257154
1771.0, 42.79980420949585
1772.0, 46.19195046439629
1773.0, 34.80436760691539
1774.0, 44.920728126835016
1775.0, 38.97096281202243
1776.0, 42.408460860507994
1777.0, 42.74790919952209
1778.0, 42.9252024773702
1779.0, 38.903281519861835
1780.0, 35.39523742426378
1781.0, 35.02021469399138
1782.0, 41.87472623740693
1783.0, 52.04784916422405
1784.0, 45.43817056934765
1785.0, 39.4751625070219
1786.0, 41.34847188739404
1787.0, 46.61802705578356
1788.0, 45.09926528060027
1789.0, 44.94819661914779
1790.0, 36.72638436482083
1791.0, 36.14970865082925
1792.0, 32.39240015509887
1793.0, 36.03347135955831
1794.0, 39.75310850702211
1795.0, 53.749270164317295
1796.0, 46.304224897002996
1797.0, 43.95919399713347
1798.0, 51.13781641523908
1799.0, 56.959279038718314
1800.0, 55.60719511145536
1801.0, 53.677593174674456
1802.0, 43.14024390243905
1803.0, 51.9702909015886
1804.0, 65.36532170119958
1805.0, 65.39174022011551
1806.0, 68.47130416535515
1807.0, 74.19245538739551
1808.0, 76.08832147341981
1809.0, 66.21027509106892
1810.0, 64.84990157480317
1811.0, 53.91730141458106
1812.0, 47.94709603220238
1813.0, 37.372833985466734
1814.0, 34.16817648939575
1815.0, 36.56156927184962
1816.0, 36.87208700155357
1817.0, 31.658434650455916
1818.0, 21.727605118829956
1819.0, 18.7205387205387
1820.0, 14.087893864013253
1821.0, 12.861136999068023
1822.0, 16.950407105847518
1823.0, 16.56539351851852
1824.0, 17.73681356982418
1825.0, 19.39363143631435
1826.0, 18.587662337662337
1827.0, 31.297475638763146
1828.0, 28.2303273582947
1829.0, 24.6064562930722
1830.0, 25.946607511665263
1831.0, 27.98910801221224
1832.0, 33.35446477087487
1833.0, 45.83333333333334
1834.0, 52.98046841971759
1835.0, 51.73808934026918
1836.0, 41.865685042197896
1837.0, 51.29463530208156
1838.0, 50.13646513935986
1839.0, 52.501238236750865
1840.0, 60.34441329595514
1841.0, 56.72202797202795
1842.0, 71.28443927046953
1843.0, 69.90106544901064
1844.0, 56.505690556751766
1845.0, 57.59581345236265
1846.0, 50.139411682699006
1847.0, 45.09517961314093
1848.0, 42.43984871650439
1849.0, 46.37298865734636
1850.0, 59.25953516090583
1851.0, 55.23084479371318
1852.0, 61.115128143327716
1853.0, 58.56101273936383
1854.0, 49.837530463038185
1855.0, 44.70149253731344
1856.0, 36.74098094852047
1857.0, 39.22669661479223
1858.0, 45.13985045693715
1859.0, 49.69101836959282
1860.0, 55.86220022839742
1861.0, 56.35645055048462
1862.0, 55.08860269197251
1863.0, 60.97288949897049
1864.0, 44.8656867714141
1865.0, 39.90389145387732
1866.0, 33.57206803939121
1867.0, 38.93967093235833
1868.0, 49.7318656505786
1869.0, 59.05598243688252
1870.0, 63.90716374269004
1871.0, 61.00946952284639
1872.0, 67.77652946583598
1873.0, 63.44098379496608
1874.0, 71.29152781985255
1875.0, 70.57240451299036
1876.0, 70.89475839475836
1877.0, 67.61958997722095
1878.0, 76.54335815517653
1879.0, 86.84995461029695
1880.0, 84.29200755191948
1881.0, 79.9814151068631
1882.0, 69.60442117510178
1883.0, 65.0384744061559
1884.0, 66.47290135065819
1885.0, 70.30055130713137
1886.0, 73.66858739305037
1887.0, 74.76158038147133
1888.0, 58.66611774392758
1889.0, 54.742880557262865
1890.0, 47.903503733486566
1891.0, 43.08588064046574
1892.0, 32.687312687312684
1893.0, 19.827716487834408
1894.0, 29.30804563639063
1895.0, 27.61798380340693
1896.0, 28.80023296447297
1897.0, 34.94745244113348
1898.0, 49.26829268292684
1899.0, 46.621209037248114
1900.0, 50.857303476061084
1901.0, 50.935453695042106
1902.0, 59.45876288659792
1903.0, 64.96588089330024
1904.0, 63.36409015277566
1905.0, 62.73775647745993
1906.0, 66.06780190595217
1907.0, 72.21036455220695
1908.0, 69.48457285535935
1909.0, 70.77202543142596
1910.0, 65.98915989159892
1911.0, 58.352529254584
1912.0, 55.00696794744178
1913.0, 56.152829996951525
1914.0, 52.399338113623834
1915.0, 49.9671412924425
1916.0, 36.64212776062692
1917.0, 26.602475928473154
1918.0, 29.730976172175232
1919.0, 31.298539919229526
1920.0, 29.705250230273236
1921.0, 35.36543124350531
1922.0, 40.93770709078858
1923.0, 42.61814418765089
1924.0, 53.486924034869226
1925.0, 63.812499999999936
1926.0, 67.39252862774543
1927.0, 73.74578975358979
1928.0, 64.8185825703628
1929.0, 70.51779935275076
1930.0, 63.74140704987567
1931.0, 64.08807764739969
1932.0, 68.32960379097011
1933.0, 61.69262344561153
1934.0, 63.72053872053875
1935.0, 66.60394066858535
1936.0, 60.26097271648873
1937.0, 64.98732894069947
1938.0, 67.51927778822646
1939.0, 59.751852182451145
1940.0, 50.58703420112304
1941.0, 47.15560812990642
1942.0, 50.9759418974126
1943.0, 43.95689846700735
1944.0, 45.02730996813835
1945.0, 40.36015756893639
1946.0, 36.83394921921564
1947.0, 49.07292954264524
1948.0, 46.73378076062638
1949.0, 39.396075666784164
1950.0, 49.95541685242981
1951.0, 46.93925785866226
1952.0, 38.429085494478215
1953.0, 48.017562533262364
1954.0, 54.7513602429457
1955.0, 54.24344991851572
1956.0, 51.50738435249603
1957.0, 56.991525423728774
1958.0, 70.79569892473116
1959.0, 76.309829382455
1960.0, 76.10417301248849
1961.0, 74.01457436237156
1962.0, 80.56039488966314
1963.0, 85.80246913580241
1964.0, 83.33922261484093
1965.0, 84.32252701579381
1966.0, 92.5332910589727
1967.0, 92.42399871320568
1968.0, 85.78740829210025
1969.0, 88.75389919553436
1970.0, 84.11389450754636
1971.0, 78.39151568714097
1972.0, 77.11745437529247
1973.0, 77.71532735834727
1974.0, 74.74839890210431
1975.0, 76.65961945031711
1976.0, 77.1900826446281
1977.0, 69.46001018848699
1978.0, 70.06242197253431
1979.0, 68.32650904768192
1980.0, 56.855410808719164
1981.0, 56.490634755463
1982.0, 57.52317880794705
1983.0, 44.8326549072818
1984.0, 49.89908583640031
1985.0, 52.049535603715185
1986.0, 48.28725226327383
1987.0, 48.08400884303612
1988.0, 50.06183527083847
1989.0, 47.380766223612184
1990.0, 36.94375772558712
1991.0, 40.67710105478058
1992.0, 35.530574007835014
1993.0, 32.913860333215055
1994.0, 49.03932483390196
1995.0, 42.357767076868186
1996.0, 50.22339897401953
1997.0, 72.85104653525708
1998.0, 57.10629585394989
1999.0, 57.846526097476605
2000.0, 60.86561192944163
2001.0, 54.19004207573627
2002.0, 57.213034223022746
2003.0, 46.66904168151056
2004.0, 47.43498396864978
2005.0, 55.43011607568763
2006.0, 65.96467391304344
2007.0, 61.60385737850524
2008.0, 60.954838709677425
2009.0, 46.50979619966529
2010.0, 36.22426241197967
2011.0, 36.83792372881361
2012.0, 37.02422145328722
2013.0, 37.87319985950129
2014.0, 42.14350590372391
2015.0, 41.80180180180184
2016.0, 36.71730568282295
2017.0, 37.08996427411499
2018.0, 39.283755191599425
2019.0, 38.292449824784995
2020.0, 30.901632034245992
2021.0, 31.759853345554575
2022.0, 29.60476550680785
2023.0, 39.09840159840162
2024.0, 46.22766868448253
2025.0, 36.67111704494878
2026.0, 47.872164265606905
2027.0, 41.1949685534591
2028.0, 26.011944260119463
2029.0, 27.93216474276757
2030.0, 30.065961036968886
2031.0, 31.08643933386203
2032.0, 23.206684534132123
2033.0, 20.160629405015612
2034.0, 21.117408906882602
2035.0, 18.843930635838177
2036.0, 12.950368976993232
2037.0, 16.731461483081418
2038.0, 14.744321786575355
2039.0, 20.34518828451887
2040.0, 17.831130294038317
2041.0, 27.179276315789508
2042.0, 55.26669107774929
2043.0, 52.93429974281035
2044.0, 52.1658986175115
2045.0, 47.51311647429169
2046.0, 35.922253074176936
2047.0, 41.4115769621355
2048.0, 35.52923291315642
2049.0, 37.68982663620482
2050.0, 39.22602739726028
2051.0, 38.945847381820684
2052.0, 43.42345078979345
2053.0, 47.58319848026456
2054.0, 47.945779765231975
2055.0, 44.44524082568808
2056.0, 38.051470588235276
2057.0, 38.51630127012377
2058.0, 36.3157894736842
2059.0, 38.59435797665368
2060.0, 61.44367905307074
2061.0, 56.73851513172219
2062.0, 75.23142025919068
2063.0, 79.6706989247312
2064.0, 74.3753322700691
2065.0, 71.16673648931715
2066.0, 65.7140070230199
2067.0, 59.66216216216217
2068.0, 52.365535248041795
2069.0, 53.5855509244416
2070.0, 50.681353622530075
2071.0, 54.00786958965712
2072.0, 66.01314727251759
2073.0, 61.90115713204282
2074.0, 49.706692206392916
2075.0, 43.27975774516653
2076.0, 37.14449541284406
2077.0, 26.231493943472387
2078.0, 37.41514025874217
2079.0, 31.94793831346385
2080.0, 43.31395348837207
2081.0, 41.574489287493755
2082.0, 39.40681968451873
2083.0, 41.667434362045114
2084.0, 36.65835411471323
2085.0, 33.062972751298645
2086.0, 24.53120753691458
2087.0, 25.23529959929178
2088.0, 35.57582668187001
2089.0, 35.52285864424593
2090.0, 39.81456717482395
2091.0, 37.20051524259338
2092.0, 27.70220133564186
2093.0, 26.647632643349993
2094.0, 22.231564786008576
2095.0, 20.800881126583263
2096.0, 27.556649410167154
2097.0, 25.07793557325941
2098.0, 28.862820625054695
2099.0, 28.44693701466781
2100.0, 32.17932058659734
2101.0, 33.288526164186266
2102.0, 20.95530063291139
2103.0, 21.972210700953966
2104.0, 19.146878693456514
2105.0, 34.65039887376817
2106.0, 38.619246861924665
2107.0, 64.19192894381155
2108.0, 56.84269245072518
2109.0, 65.19302615193025
2110.0, 67.97479232311659
2111.0, 70.74977416440832
2112.0, 68.09934017595306
2113.0, 69.26733780760628
2114.0, 71.89258312020462
2115.0, 73.66089407974226
2116.0, 72.19546854030162
2117.0, 74.32190875884046
2118.0, 74.97727961223873
2119.0, 69.51452931964508
2120.0, 66.47254575707157
2121.0, 54.22322775263952
2122.0, 63.50830857268626
2123.0, 62.06247230837394
2124.0, 55.16428851943972
2125.0, 49.006159014557696
2126.0, 49.35852248695902
2127.0, 65.53323029366308
2128.0, 66.51651651651653
2129.0, 63.3802816901409
2130.0, 73.20976130150692
2131.0, 72.87700823545298
2132.0, 71.93350097792684
2133.0, 69.79802087569475
2134.0, 73.89494833524687
2135.0, 65.22675449708645
2136.0, 49.2904235110068
2137.0, 54.86139421117001
2138.0, 54.29182364321355
2139.0, 53.34667333666832
2140.0, 49.10664947504143
2141.0, 35.41374474053299
2142.0, 22.052915916331884
2143.0, 25.86734015685235
2144.0, 41.39119198880154
2145.0, 42.69319856811963
2146.0, 40.1691768103982
2147.0, 43.795696678504285
2148.0, 52.347166877247524
2149.0, 62.11311624155658
2150.0, 76.95555294945466
2151.0, 68.42942832660057
2152.0, 66.08346140205694
2153.0, 71.21106462110643
2154.0, 81.68469860896442
2155.0, 85.50606462134336
2156.0, 75.48137484254093
2157.0, 69.183743757534
2158.0, 63.51310021408912
2159.0, 58.347852823613835
2160.0, 62.818455366098284
2161.0, 62.36930260887221
2162.0, 53.79182963928726
2163.0, 46.48781030836024
2164.0, 43.55601707626632
2165.0, 49.240626483151395
2166.0, 47.608122060341856
2167.0, 46.509721246193514
2168.0, 41.75188972876834
2169.0, 21.208451083299735
2170.0, 29.91654857502759
2171.0, 43.88455538221531
2172.0, 47.96759728048601
2173.0, 54.87893286936345
2174.0, 52.10834102800862
2175.0, 53.08306950097994
2176.0, 62.616550116550144
2177.0, 69.81698169816976
2178.0, 73.40601711288981
2179.0, 77.55125815470637
2180.0, 75.66492384632873
2181.0, 75.87605633802818
2182.0, 82.1563145739638
2183.0, 89.0048981696314
2184.0, 85.02583979328173
2185.0, 77.1366358192706
2186.0, 71.17597530171207
2187.0, 70.17136218414177
2188.0, 72.10376205351083
2189.0, 72.3924731182796
2190.0, 71.4682594804834
2191.0, 59.6017423771002
2192.0, 58.143133462282435
2193.0, 41.16001766524363
2194.0, 42.71310724106325
2195.0, 38.98470549951189
2196.0, 41.02846359490487
2197.0, 45.47833672579238
2198.0, 45.30706836616453
2199.0, 47.55244755244753
2200.0, 46.80532694897502
2201.0, 41.56272401433692
2202.0, 33.16634742890821
2203.0, 29.033265656723373
2204.0, 20.746432491767308
2205.0, 23.22682584269664
2206.0, 22.492024104927324
2207.0, 21.125353753953732
2208.0, 22.231955150665712
2209.0, 27.20564119383404
2210.0, 22.827309236947798
2211.0, 24.155352068203285
2212.0, 24.82960077896783
2213.0, 23.83177570093453
2214.0, 21.120927664273836
2215.0, 19.47308132875139
2216.0, 20.192688399102494
2217.0, 24.152223059532744
2218.0, 24.487457022793777
2219.0, 33.671970624235
2220.0, 33.33743387870582
2221.0, 44.995526013038464
2222.0, 48.68370360857841
2223.0, 50.062484378905296
2224.0, 50.85692522533958
2225.0, 49.33246073298432
2226.0, 52.147001934235966
2227.0, 57.6992988834069
2228.0, 59.8035257704212
2229.0, 72.54001185536455
2230.0, 69.90859754355893
2231.0, 62.26832641770401
2232.0, 62.92982946603299
2233.0, 51.42777155655096
2234.0, 54.2638724133386
2235.0, 45.89868147120054
2236.0, 41.98008849557519
2237.0, 36.34708737864073
2238.0, 50.59323092294242
2239.0, 47.98159105851411
2240.0, 42.33906387250597
2241.0, 38.513338513338496
2242.0, 37.52207923290435
2243.0, 28.326035702256632
2244.0, 32.17054263565889
2245.0, 40.13032243568135
2246.0, 39.02119292112737
2247.0, 46.9133051036327
2248.0, 40.75723830734967
2249.0, 38.137545245146406
2250.0, 44.61378952825297
2251.0, 43.94852415483606
2252.0, 40.69591527987897
2253.0, 43.90268833691098
2254.0, 45.73527845809817
2255.0, 54.332963784183306
2256.0, 62.75868997387984
2257.0, 73.02162478082992
2258.0, 73.95033860045146
2259.0, 76.50651465798047
2260.0, 76.9608847020274
2261.0, 77.20133752153203
2262.0, 79.63001454998955
2263.0, 89.20214587375865
2264.0, 77.58658969804614
2265.0, 75.16670251667023
2266.0, 72.51517676467085
2267.0, 67.13667285095855
2268.0, 63.07960488088318
2269.0, 57.718924673941984
2270.0, 56.13695982327766
2271.0, 59.2851592851593
2272.0, 47.73573573573577
2273.0, 27.716458180034365
2274.0, 26.401869158878526
2275.0, 24.041475765613754
2276.0, 24.041475765613754
2277.0, 22.095535285645752
2278.0, 32.745779543197685
2279.0, 37.67825869402055
2280.0, 30.734500605660173
2281.0, 32.61510546609209
2282.0, 39.44535455183717
2283.0, 38.1868131868132
2284.0, 47.112927950945306
2285.0, 42.14315096668038
2286.0, 49.652500854506094
2287.0, 63.69145309935613
2288.0, 73.24735903416111
2289.0, 75.68578553615961
2290.0, 77.19298245614037
2291.0, 77.02182284980748
2292.0, 75.54341075642782
2293.0, 74.85955056179782
2294.0, 91.47646679561579
2295.0, 92.17844042125198
2296.0, 76.17207893912504
2297.0, 74.43697299605086
2298.0, 72.11874272409786
2299.0, 67.66794101583835
2300.0, 69.57236842105266
2301.0, 67.62904636920389
2302.0, 64.6542261251372
2303.0, 60.893854748603374
2304.0, 57.133667824520785
2305.0, 58.05228758169933
2306.0, 54.8497627833421
2307.0, 49.4142311012455
2308.0, 43.224913494809705
2309.0, 37.7636170535579
2310.0, 41.83896453185408
2311.0, 46.47369262753877
2312.0, 38.847251962883675
2313.0, 53.50048216007713
2314.0, 42.90450928381962
2315.0, 40.9354120267261
2316.0, 37.998759561711886
2317.0, 46.350626118067964
2318.0, 52.35187324641027
2319.0, 56.52173913043481
2320.0, 55.12645767075571
2321.0, 55.47934766041763
2322.0, 47.68317405154937
2323.0, 38.85869565217394
2324.0, 47.70871740848038
2325.0, 49.388223298496065
2326.0, 50.821536905965594
2327.0, 47.6875504167787
2328.0, 43.893082539289715
2329.0, 48.40536168245895
2330.0, 42.7798202614379
2331.0, 37.41063449508485
2332.0, 31.010531032937465
2333.0, 26.17205279927167
2334.0, 31.185218566922032
2335.0, 35.425268373245245
2336.0, 39.514292942069275
2337.0, 46.51578320428823
2338.0, 41.28197130380533
2339.0, 29.312388855957238
2340.0, 29.770318021201376
2341.0, 30.80939947780672
2342.0, 31.935047361298956
2343.0, 35.374732334047096
2344.0, 54.400917882314374
2345.0, 48.62472336389504
2346.0, 60.94202898550727
2347.0, 55.11862629440292
2348.0, 51.99666063726171
2349.0, 53.932434236880745
2350.0, 54.5693968922834
2351.0, 52.93140886447823
2352.0, 57.71731278593789
2353.0, 69.2769607843137
2354.0, 71.34857142857142
2355.0, 68.17718364110111
2356.0, 69.88735338520496
2357.0, 66.55056759545923
2358.0, 57.25271811190665
2359.0, 64.94530653777666
2360.0, 62.63557483731017
2361.0, 73.77935723114962
2362.0, 78.08811959087333
2363.0, 64.71571906354515
2364.0, 65.91276252019387
2365.0, 68.95219700627715
2366.0, 70.4095720202485
2367.0, 67.31062531774273
2368.0, 63.713318284424346
2369.0, 65.71594877764846
2370.0, 68.55928343707303
2371.0, 69.33668936926264
2372.0, 65.53316540722085
2373.0, 52.45084837058985
2374.0, 47.11677774558101
2375.0, 52.06199106908327
2376.0, 36.387400339824836
2377.0, 52.41635687732346
2378.0, 42.663347853142476
2379.0, 44.627403846153804
2380.0, 38.483108559220156
2381.0, 39.46123521681996
2382.0, 38.15271248888321
2383.0, 38.44086021505375
2384.0, 46.57796820385613
2385.0, 46.366311976454625
2386.0, 40.2436628021222
2387.0, 49.74441214794025
2388.0, 48.34404831482562
2389.0, 40.41440552540702
2390.0, 44.78950246036084
2391.0, 35.50496488253813
2392.0, 43.89098969878735
2393.0, 35.82974764507506
2394.0, 36.71292579424248
2395.0, 34.07946278679354
2396.0, 36.64603263927972
2397.0, 35.418253018601106
2398.0, 26.18754614816642
2399.0, 21.37518684603893
2400.0, 31.47892720306521
2401.0, 20.625543006081713
2402.0, 19.809746328437953
2403.0, 22.502369668246487
2404.0, 21.45309958431237
2405.0, 32.35245220282631
2406.0, 21.811886901327185
2407.0, 29.077416090403077
2408.0, 21.685039370078684
2409.0, 17.719727190837688
2410.0, 17.261904761904717
2411.0, 24.611173323379404
2412.0, 19.887391916348307
2413.0, 21.432441217900106
2414.0, 18.272186923549924
2415.0, 18.236677917561636
2416.0, 18.750657272058064
2417.0, 21.196319018404907
2418.0, 19.437412095639942
2419.0, 18.5669604776798
2420.0, 19.690421147854025
2421.0, 26.28471261186455
2422.0, 25.841269841269835
2423.0, 26.87735849056601
2424.0, 33.31325819495828
2425.0, 35.995045417010715
2426.0, 44.493518963034056
2427.0, 45.259287925696604
2428.0, 50.13139276329086
2429.0, 51.94014962593515
2430.0, 56.025349044459844
2431.0, 50.87669415221307
2432.0, 57.14894070052165
2433.0, 55.735180908391065
2434.0, 58.62348178137651
2435.0, 56.78385888606982
2436.0, 58.46498320686656
2437.0, 70.19115890083636
2438.0, 67.15484614118813
2439.0, 52.69739192568775
2440.0, 52.15034333212866
2441.0, 47.076362431671335
2442.0, 42.77360066833749
2443.0, 53.36963921034721
2444.0, 46.45152651312265
2445.0, 49.87778576563621
2446.0, 46.620077946512566
2447.0, 41.202848852545536
2448.0, 47.9594391587381
2449.0, 41.481382266273805
2450.0, 42.27986348122869
2451.0, 35.225204731574195
2452.0, 28.569812174700203
2453.0, 44.0612648221344
2454.0, 38.53760319332306
2455.0, 37.723115176272096
2456.0, 39.37796049691664
2457.0, 21.724619683328157
2458.0, 22.288580984233164
2459.0, 22.180838418258176
2460.0, 27.250976951910047
2461.0, 27.384196185286115
2462.0, 21.626366610805192
2463.0, 20.082999851785985
2464.0, 20.31027505058833
2465.0, 21.460247070003177
2466.0, 21.626366610805192
2467.0, 6.801051709027192
2468.0, 6.925479696564054
2469.0, 8.152380952381023
2470.0, 14.488384465330782
2471.0, 23.856405330772006
2472.0, 36.3417946307323
2473.0, 34.309664694280116
2474.0, 29.749402100447142
2475.0, 30.087285729309073
2476.0, 36.40781941894377
2477.0, 45.56479556479557
2478.0, 46.22685727677527
2479.0, 48.00438062788999
2480.0, 52.46420879260104
2481.0, 48.3084461035931
2482.0, 52.2787526827421
2483.0, 54.02019219073102
2484.0, 52.127659574468076
2485.0, 51.31375579598145
2486.0, 34.60630467990559
2487.0, 36.869359372688265
2488.0, 32.08445989442518
2489.0, 37.799523271860544
2490.0, 42.93278084714547
2491.0, 37.04225352112676
2492.0, 43.60801781737192
2493.0, 49.96739130434783
2494.0, 41.50320633723121
2495.0, 50.737216354700436
2496.0, 51.26254622292656
2497.0, 47.247754886423664
2498.0, 45.198112172099655
2499.0, 47.19196192490746
2500.0, 56.733737889918
2501.0, 67.73366345388632
2502.0, 68.31356461250336
2503.0, 68.874288217258
2504.0, 58.3501890774778
2505.0, 63.292641573414706
2506.0, 56.76796749343945
2507.0, 52.40953375086988
2508.0, 63.70710669416838
2509.0, 68.57444390323104
2510.0, 68.47438391699092
2511.0, 70.80213013812615
2512.0, 67.18775443738807
2513.0, 65.62899786780385
2514.0, 58.45890410958908
2515.0, 58.83600576906763
2516.0, 65.02319657964159
2517.0, 59.05873701626988
2518.0, 68.1809338521401
2519.0, 64.05391394504929
2520.0, 67.57821045723037
2521.0, 67.8528281164196
2522.0, 60.47187744604718
2523.0, 40.12383149204804
2524.0, 41.589875906130956
2525.0, 33.78749364514486
2526.0, 33.61659079413249
2527.0, 31.865807940017305
2528.0, 33.183183183183175
2529.0, 18.20855287342235
2530.0, 23.992256889091323
2531.0, 33.849509269356616
2532.0, 27.492908575169096
2533.0, 37.342141053040585
2534.0, 45.07781236104936
2535.0, 45.2266238401142
2536.0, 45.711966813959776
2537.0, 49.95565191682271
2538.0, 45.65336749633969
2539.0, 54.76576868981934
2540.0, 54.33079317376839
2541.0, 55.34659960638528
2542.0, 54.97393570807992
2543.0, 56.17799386956984
2544.0, 52.98253572238601
2545.0, 47.056570042140216
2546.0, 45.72527608884476
2547.0, 34.96223900488671
2548.0, 15.628009354794287
2549.0, 31.564769266807176
2550.0, 36.96727101483399
2551.0, 43.57940803869628
2552.0, 46.3271302644466
2553.0, 48.719148438413875
2554.0, 48.827667057444295
2555.0, 58.14196242171191
2556.0, 65.96460857857281
2557.0, 68.36506659515507
2558.0, 69.06738921422952
2559.0, 70.7568996860023
2560.0, 73.51476648351647
2561.0, 70.38467861252674
2562.0, 83.06964902709586
2563.0, 80.71665285832647
2564.0, 78.77586022081682
2565.0, 72.51000324429549
2566.0, 67.481884057971
2567.0, 67.57000903342364
2568.0, 72.86458333333334
2569.0, 70.6511942316359
2570.0, 65.50953320184091
2571.0, 55.600066766816944
2572.0, 50.14769765421376
2573.0, 27.798694779116502
2574.0, 22.625127681307475
2575.0, 24.075072807679888
2576.0, 21.46602699988847
2577.0, 18.719157802390654
2578.0, 17.731380492365275
2579.0, 19.00044033465437
2580.0, 20.018557179308786
2581.0, 15.861395802830671
2582.0, 12.205743879472749
2583.0, 14.754285714285672
2584.0, 13.850445231198336
2585.0, 12.348158775705372
2586.0, 12.392013822230723
2587.0, 16.97344201945829
2588.0, 21.541798765226062
2589.0, 34.4577641483133
2590.0, 31.943841366333714
2591.0, 32.72538552787661
2592.0, 34.00616332819719
2593.0, 35.69069069069067
2594.0, 43.12432929633604
2595.0, 47.76854850063353
2596.0, 48.708010335917315
2597.0, 42.053194939993524
2598.0, 51.61342630128105
2599.0, 61.270452358036565
2600.0, 53.27196652719663
2601.0, 49.029574861367855
2602.0, 46.808823529411775
2603.0, 30.41213421173589
2604.0, 29.503567181926286
2605.0, 37.41374551476677
2606.0, 32.21245247148289
2607.0, 28.694959608601664
2608.0, 21.316165951359082
2609.0, 23.5200635677394
2610.0, 31.448496842898848
2611.0, 36.31030557744504
2612.0, 31.366843033509667
2613.0, 30.29812606473594
2614.0, 35.88402198971448
2615.0, 37.016372450379585
2616.0, 38.71245456284675
2617.0, 45.338518296938865
2618.0, 39.12070893917231
2619.0, 32.92546316242998
2620.0, 35.9589685676642
2621.0, 38.08390360011903
2622.0, 50.145107794361515
2623.0, 49.52251023192359
2624.0, 43.03419784255223
2625.0, 37.841222138742815
2626.0, 35.733711718103365
2627.0, 45.225959904858975
2628.0, 45.72999663337447
2629.0, 46.66743014200641
2630.0, 47.42783985102421
2631.0, 50.19845644983462
2632.0, 50.60013336296957
2633.0, 56.49592549476135
2634.0, 57.64342558498638
2635.0, 58.28263921385118
2636.0, 48.668458343513294
2637.0, 40.81998718770018
2638.0, 38.744983582634056
2639.0, 36.185252894576486
2640.0, 35.753853564547185
2641.0, 20.810332257056544
2642.0, 21.618556701030897
2643.0, 29.4657059979414
2644.0, 40.1609724047306
2645.0, 38.37956698240866
2646.0, 45.615407175677
2647.0, 35.14166130070831
2648.0, 40.07660439302743
2649.0, 39.723226922472094
2650.0, 38.226392251816
2651.0, 44.833724987538275
2652.0, 47.323985023126056
2653.0, 47.69162474104764
2654.0, 52.29715741699179
2655.0, 63.95585245425501
2656.0, 61.748690023630935
2657.0, 62.47732312033863
2658.0, 53.69143683006142
2659.0, 45.564803804994035
2660.0, 42.54537100849987
2661.0, 49.83183102381274
2662.0, 40.15006821282398
2663.0, 40.61992420140769
2664.0, 45.14139590854392
2665.0, 26.176996424314638
2666.0, 27.100191260850366
2667.0, 35.53905317597136
2668.0, 38.155216284987276
2669.0, 44.34394321044193
2670.0, 47.51106791923119
2671.0, 43.05962281832028
2672.0, 51.39985642498207
2673.0, 62.093111279333826
2674.0, 66.07311990907368
2675.0, 69.79489744872437
2676.0, 68.6343959071232
2677.0, 69.62073565847153
2678.0, 72.20794623443369
2679.0, 78.01388147357183
2680.0, 71.35216952573158
2681.0, 66.69876939539859
2682.0, 63.4461605871399
2683.0, 62.31933152664861
2684.0, 61.20218579234974
2685.0, 55.92601319509898
2686.0, 42.39900559353636
2687.0, 27.689331944651087
2688.0, 18.95964360587
2689.0, 22.51822770611325
2690.0, 24.953387197016724
2691.0, 29.074889867841392
2692.0, 28.334287349742397
2693.0, 26.891212820861043
2694.0, 24.229074889867817
2695.0, 22.861101489435384
2696.0, 23.318808149805662
2697.0, 15.330970618497773
2698.0, 10.927880386983276
2699.0, 13.495898415552304
2700.0, 17.42506977308578
2701.0, 16.722953301502272
2702.0, 25.10605476282298
2703.0, 28.145041933892458
2704.0, 28.539269634817416
2705.0, 18.572712103709407
2706.0, 22.412922766279635
2707.0, 21.740727139184713
2708.0, 25.028184892897386
2709.0, 26.83995768475137
2710.0, 33.10036343304445
2711.0, 35.59296557943783
2712.0, 36.09756097560976
2713.0, 36.194824961948235
2714.0, 29.570856906306048
2715.0, 27.900013019138115
2716.0, 27.45611736966201
2717.0, 24.395904436860064
2718.0, 20.90792090792091
2719.0, 22.20151571623802
2720.0, 20.249617931737177
2721.0, 31.256756756756772
2722.0, 29.710982658959566
2723.0, 33.4146028487104
2724.0, 31.098127738680105
2725.0, 35.02710027100272
2726.0, 48.32347140039447
2727.0, 48.01587301587302
2728.0, 51.95920558239397
2729.0, 62.733458809903
2730.0, 57.40823302125129
2731.0, 54.368358913813445
2732.0, 63.539151431528076
2733.0, 62.82401091405185
2734.0, 49.66442953020133
2735.0, 36.98039215686275
2736.0, 39.18825322066768
2737.0, 34.048832841427426
2738.0, 28.166858017604312
2739.0, 25.06377551020408
2740.0, 23.96790474957939
2741.0, 18.78557874762808
2742.0, 19.186046511627907
2743.0, 13.638392857142833
2744.0, 26.935531351192225
2745.0, 30.683563748079862
2746.0, 29.486114955254166
2747.0, 37.04549298156604
2748.0, 39.729754239593724
2749.0, 46.92300166324234
2750.0, 49.76173578018859
2751.0, 51.63054912686723
2752.0, 48.56040368061739
2753.0, 54.36964729717284
2754.0, 55.146193536706804
2755.0, 61.30006037432079
2756.0, 62.47486932046642
2757.0, 61.15320279445045
2758.0, 53.488372093023266
2759.0, 48.44642449166096
2760.0, 59.7412160740585
2761.0, 56.187750429307386
2762.0, 64.44493734057892
2763.0, 61.85236130215499
2764.0, 61.28508466713062
2765.0, 67.27929788332476
2766.0, 68.59669438888304
2767.0, 56.82520074119827
2768.0, 49.65186074429772
2769.0, 49.891435464414954
2770.0, 49.421648605868754
2771.0, 59.626948091790425
2772.0, 67.91302580776266
2773.0, 72.28155833587633
2774.0, 73.05714850701999
2775.0, 75.45045045045046
2776.0, 59.28276737543638
2777.0, 61.814024390243915
2778.0, 60.034051373158626
2779.0, 58.22177512961387
2780.0, 61.9514203375875
2781.0, 59.31415057154119
2782.0, 62.05705043375974
2783.0, 66.32366056115798
2784.0, 66.5006141667804
2785.0, 63.095154122875066
2786.0, 56.04975202708022
2787.0, 49.932905919188904
2788.0, 43.11848903193021
2789.0, 35.76279292204687
2790.0, 46.70377241805815
2791.0, 46.070087609511894
2792.0, 46.17990214527662
2793.0, 40.12427287149656
2794.0, 37.266699410609036
2795.0, 43.58127512923608
2796.0, 37.13599999999998
2797.0, 20.278035217794226
2798.0, 29.271501397796428
2799.0, 39.332011590666475
2800.0, 50.0
2801.0, 68.1603472488191
2802.0, 68.77034810919108
2803.0, 69.02248167929451
2804.0, 72.1558557552752
2805.0, 74.80299050313195
2806.0, 79.93736357597041
2807.0, 76.28837967575402
2808.0, 83.43160377358492
2809.0, 78.43680709534368
2810.0, 78.93691905062721
2811.0, 80.75147710487444
2812.0, 79.52871870397642
2813.0, 78.33316013717136
2814.0, 74.28179008813095
2815.0, 55.9026559026559
2816.0, 44.544287548138655
2817.0, 44.08045404759533
2818.0, 39.987176747168206
2819.0, 23.858833474218088
2820.0, 22.599355531686342
2821.0, 26.05263157894737
2822.0, 23.83006254043562
2823.0, 27.05349491981883
2824.0, 29.984725649159913
2825.0, 36.48236830648673
2826.0, 32.06352397225852
2827.0, 30.374408557909888
2828.0, 29.45048369402612
2829.0, 35.51684088269455
2830.0, 46.350999131190264
2831.0, 53.58306188925081
2832.0, 50.23122109736282
2833.0, 58.60309128025662
2834.0, 48.545482530398644
2835.0, 44.901340563337854
2836.0, 50.31691857630425
2837.0, 58.18414322250637
2838.0, 60.83311152515304
2839.0, 53.00070274068869
2840.0, 65.60590993038784
2841.0, 53.591737263548794
2842.0, 49.44325481798716
2843.0, 49.4919242699754
2844.0, 45.68517575140091
2845.0, 43.208692873122395
2846.0, 44.28914610176894
2847.0, 51.05152471083071
2848.0, 56.91301640024913
2849.0, 58.41679096526741
2850.0, 56.451782521821436
2851.0, 57.72332822868811
2852.0, 41.2087912087912
2853.0, 39.19978372533116
2854.0, 40.22326570390717
2855.0, 48.961218836565095
2856.0, 58.997933884297524
2857.0, 58.7550659877377
2858.0, 57.782319877363314
2859.0, 57.97985962770827
2860.0, 54.110499335485095
2861.0, 56.90853984667499
2862.0, 56.360025277602226
2863.0, 60.11212450840934
2864.0, 61.553480475382
2865.0, 57.001803854552364
2866.0, 67.49100719424459
2867.0, 73.28207005980714
2868.0, 57.68203460689813
2869.0, 53.10497495048351
2870.0, 52.30477544732787
2871.0, 49.61849447671108
2872.0, 52.646205896568404
2873.0, 54.87622337363268
2874.0, 61.41291108404385
2875.0, 51.51997683844818
2876.0, 48.831168831168846
2877.0, 37.322078781860284
2878.0, 36.503169836503126
2879.0, 42.27210677991807
2880.0, 48.022772734266795
2881.0, 55.2274996434175
2882.0, 71.90523857190529
2883.0, 73.78873480568399
2884.0, 66.55850009013884
2885.0, 74.74852584113773
2886.0, 71.22789621550159
2887.0, 66.11521992993386
2888.0, 66.17447056537793
2889.0, 70.87378640776699
2890.0, 73.12198483804275
2891.0, 71.82264342528343
2892.0, 68.8290626013623
2893.0, 70.51695045252339
2894.0, 62.14285714285714
2895.0, 59.79876160990711
2896.0, 54.633912904769495
2897.0, 57.50487329434697
2898.0, 54.311138386007975
2899.0, 41.37638062871709
2900.0, 46.68746286393345
2901.0, 47.88732394366197
2902.0, 52.42576882290561
2903.0, 46.34082932536073
2904.0, 43.48302300109529
2905.0, 43.92200248928228
2906.0, 47.688261351052056
2907.0, 31.397876966363995
2908.0, 39.332384525811875
2909.0, 41.055939660590845
2910.0, 39.37786351579455
2911.0, 42.06705841686829
2912.0, 49.21637426900585
2913.0, 62.38022004022241
2914.0, 62.588235294117645
2915.0, 61.23842028278887
2916.0, 56.72291780076211
2917.0, 61.12333186684265
2918.0, 67.09693434280751
2919.0, 72.30827831386492
2920.0, 72.20593857525168
2921.0, 90.76398574306519
2922.0, 87.01105793035147
2923.0, 87.11103832296095
2924.0, 92.64936422226081
2925.0, 92.355072463768
2926.0, 92.31329690346072
2927.0, 75.28681587361284
2928.0, 74.11857396100048
2929.0, 62.236108765411224
2930.0, 61.07245884948241
2931.0, 60.113579422081166
2932.0, 53.64006988934187
2933.0, 54.96888553648871
2934.0, 53.45936464626781
2935.0, 51.060424169667876
2936.0, 53.18663068299773
2937.0, 54.00775035692433
2938.0, 51.688463790747626
2939.0, 43.70848708487084
2940.0, 40.223354231974874
2941.0, 50.43617998163457
2942.0, 48.39357429718877
2943.0, 52.4419729206963
2944.0, 54.47173861197232
2945.0, 51.07334525939172
2946.0, 59.51147298297553
2947.0, 63.93010220903395
2948.0, 69.19177696423537
2949.0, 70.83789704271625
2950.0, 65.37536397012278
2951.0, 63.140161725067344
2952.0, 57.95398317664523
2953.0, 55.83363127160051
2954.0, 55.98574821852733
2955.0, 52.53477411196686
2956.0, 58.01204182951306
2957.0, 68.19500327500702
2958.0, 69.02961275626423
2959.0, 71.5525372571213
2960.0, 64.08658922914468
2961.0, 53.69229105849281
2962.0, 48.141421479598
2963.0, 48.07855497636076
2964.0, 53.176320814767635
2965.0, 55.77200577200578
2966.0, 61.05845181674565
2967.0, 71.45804676753787
2968.0, 70.29365867498935
2969.0, 70.4936690852184
2970.0, 71.00517265483013
2971.0, 53.599999999999966
2972.0, 41.89700320046553
2973.0, 38.878352749932276
2974.0, 37.75322283609575
2975.0, 39.910999860937274
2976.0, 43.67831074035454
2977.0, 40.023231801755294
2978.0, 35.833849969001875
2979.0, 28.94771500065852
2980.0, 32.55250403877221
2981.0, 32.55250403877221
2982.0, 33.06959903446425
2983.0, 32.77511961722486
2984.0, 34.03755868544599
2985.0, 39.097103918228306
2986.0, 49.614643545279364
2987.0, 49.455825864276534
2988.0, 53.7484779961733
2989.0, 68.38607137696869
2990.0, 69.23942077885565
2991.0, 73.89597644749757
2992.0, 80.09252350395468
2993.0, 82.8377753812972
2994.0, 83.03897685749088
2995.0, 80.05558280202722
2996.0, 78.41203104786553
2997.0, 85.79405485301369
2998.0, 85.77302631578954
2999.0, 85.72607260726079
3000.0, 77.84363985901959
3001.0, 85.42852215899303
3002.0, 78.78498727735371
3003.0, 74.77307110438731
3004.0, 71.10677929391382
3005.0, 62.066779374471736
3006.0, 46.45952575633687
3007.0, 45.72766919722174
3008.0, 42.170078216009344
3009.0, 39.81772470144558
3010.0, 44.8731265766434
3011.0, 48.46719378554582
3012.0, 41.53289266603714
3013.0, 40.74014994416972
3014.0, 46.80532445923461
3015.0, 48.05848903330628
3016.0, 47.39625060086523
3017.0, 45.72656637460735
3018.0, 38.759689922480646
3019.0, 37.604654462892036
3020.0, 39.771874530992065
3021.0, 45.3216374269006
3022.0, 41.64534288638688
3023.0, 50.69152134696333
3024.0, 43.39974367936621
3025.0, 44.333677094075874
3026.0, 38.96403827119763
3027.0, 37.97962280511598
3028.0, 32.87740628166158
3029.0, 28.935965334617222
3030.0, 30.874345011815464
3031.0, 32.77378097521981
3032.0, 35.15541264737402
3033.0, 48.44738355376651
3034.0, 53.845334469535544
3035.0, 52.11096374889477
3036.0, 58.15039701074265
3037.0, 44.34149569821312
3038.0, 49.049429657794654
3039.0, 40.91501564129302
3040.0, 43.09445359692476
3041.0, 40.35223036379994
3042.0, 50.588390850191765
3043.0, 58.35777126099705
3044.0, 58.65303836460379
3045.0, 49.57766642806015
3046.0, 52.065154159395
3047.0, 40.214039542898675
3048.0, 43.22433991956637
3049.0, 40.888403422537806
3050.0, 36.590321388991526
3051.0, 62.219666474985594
3052.0, 62.36394882566354
3053.0, 48.2636323333826
3054.0, 47.03341013824886
3055.0, 53.20174075225365
3056.0, 42.656688493919546
3057.0, 38.510019392372364
3058.0, 43.35268721155278
3059.0, 45.69276635807312
3060.0, 47.93922984356202
3061.0, 46.02308172177163
3062.0, 41.856854525694764
3063.0, 35.79897601724602
3064.0, 41.407549584133044
3065.0, 32.51289609432571
3066.0, 29.234665166010117
3067.0, 31.920122887864807
3068.0, 32.56032591664054
3069.0, 37.46004068584713
3070.0, 38.673867386738635
3071.0, 42.61083743842362
3072.0, 43.807632288267804
3073.0, 45.878603505722126
3074.0, 42.787136294027555
3075.0, 45.42001460920383
3076.0, 50.28085841855106
3077.0, 53.05471124620056
3078.0, 52.27132262051918
3079.0, 56.06599345754512
3080.0, 60.959005475802826
3081.0, 70.94385118842571
3082.0, 73.29181494661916
3083.0, 66.10654955126985
3084.0, 67.2363565740921
3085.0, 65.66252798697336
3086.0, 49.90176817288803
3087.0, 50.28270618054204
3088.0, 52.4697110904007
3089.0, 44.132168628940335
3090.0, 41.52256012721125
3091.0, 44.38070958147442
3092.0, 46.91808596918083
3093.0, 35.071527457314204
3094.0, 30.105357543151683
3095.0, 38.01971710244322
3096.0, 35.83838383838385
3097.0, 34.07606607760272
3098.0, 38.86454183266928
3099.0, 39.811727789762664
3100.0, 37.36425547579605
3101.0, 35.8455193100862
3102.0, 35.96556886227539
3103.0, 41.3586220243855
3104.0, 38.29869130100074
3105.0, 45.638599810785244
3106.0, 48.860804556781765
3107.0, 51.930328604776406
3108.0, 54.73126419379259
3109.0, 55.956545755846065
3110.0, 62.6443418013857
3111.0, 72.89665770265084
3112.0, 73.34215000944647
3113.0, 74.3407892344063
3114.0, 95.56200746578186
3115.0, 96.17422012948792
3116.0, 96.0992198439688
3117.0, 96.47314161692891
3118.0, 99.66004651994993
3119.0, 95.81239530988272
3120.0, 95.22900763358776
3121.0, 84.2350203606749
3122.0, 78.27027027027023
3123.0, 76.21301775147926
3124.0, 80.3870548056594
3125.0, 80.38386467143783
3126.0, 79.63869660644941
3127.0, 79.36698032506413
3128.0, 79.33161953727505
3129.0, 74.66414054426454
3130.0, 71.06564364876385
3131.0, 62.543394847432815
3132.0, 63.64603653129987
3133.0, 70.2484672474992
3134.0, 62.84722222222219
3135.0, 67.99863387978135
3136.0, 64.54854919760089
3137.0, 61.30050505050501
3138.0, 52.37910273839584
3139.0, 43.2205087121971
3140.0, 53.008453505718535
3141.0, 44.784988272087624
3142.0, 39.6029609690444
3143.0, 46.1887036737336
3144.0, 51.90128821977337
3145.0, 57.25404732254047
3146.0, 54.05048671836328
3147.0, 54.560287159406066
3148.0, 61.335825968728756
3149.0, 63.536934208312275
3150.0, 69.99073215940683
3151.0, 76.64309125409689
3152.0, 78.63005050505045
3153.0, 82.4697897699056
3154.0, 80.47206343352383
3155.0, 93.01520107754462
3156.0, 76.7545252461099
3157.0, 77.5046097111248
3158.0, 76.64326738991707
3159.0, 67.48188405797097
3160.0, 61.44329896907216
3161.0, 50.570077864293665
3162.0, 51.80967873119157
3163.0, 50.41379310344824
3164.0, 50.39294085206118
3165.0, 43.07958477508656
3166.0, 37.10572198446662
3167.0, 35.30387573518324
3168.0, 27.246376811594217
3169.0, 21.928460342146224
3170.0, 26.503759398496285
3171.0, 15.913978494623677
3172.0, 17.336152219873142
3173.0, 24.235294117647086
3174.0, 30.110497237569106
3175.0, 40.468227424749166
3176.0, 32.319391634981
3177.0, 30.141843971631246
3178.0, 41.50326797385628
3179.0, 38.25301204819277
3180.0, 40.46920821114373
3181.0, 61.151079136690626
3182.0, 77.12082262210795
3183.0, 72.81553398058257
3184.0, 60.1202404809619
3185.0, 60.27944111776446
3186.0, 54.124748490945706
3187.0, 51.55925155925154
3188.0, 53.952569169960455
3189.0, 45.62937062937064
3190.0, 46.00694444444445
3191.0, 46.08695652173912
3192.0, 43.22344322344322
3193.0, 50.59523809523804
3194.0, 58.36120401337791
3195.0, 55.37634408602144
3196.0, 45.67474048442907
3197.0, 57.2687224669603
3198.0, 64.25041186161444
3199.0, 66.92073170731703
3200.0, 61.48459383753493
3201.0, 60.803324099722985
