0, 25.441
1, 25.208
2, 25.321
3, 25.381
4, 25.175
5, 25.185
6, 25.222
7, 25.192
8, 25.319
9, 25.308
10, 25.182
11, 25.262
12, 24.89
13, 24.932
14, 24.822
15, 24.852
16, 24.712
17, 24.846
18, 24.937
19, 24.892
20, 24.782
21, 24.982
22, 24.777
23, 24.782
24, 24.569
25, 24.662
26, 24.729
27, 24.572
28, 24.542
29, 24.332
30, 24.342
31, 24.736
32, 25.112
33, 25.638
34, 25.571
35, 25.731
36, 25.831
37, 25.801
38, 26.071
39, 26.081
40, 26.121
41, 26.171
42, 26.171
43, 26.291
44, 26.251
45, 26.231
46, 25.991
47, 25.949
48, 25.841
49, 25.97
50, 26.041
51, 26.362
52, 26.411
53, 26.451
54, 26.291
55, 26.351
56, 26.101
57, 26.251
58, 26.251
59, 26.351
60, 26.431
61, 26.441
62, 26.131
63, 26.2287
64, 26.322
65, 26.09
66, 26.1158
67, 25.98
68, 26.1905
69, 26.46
70, 26.33
71, 26.3762
72, 26.2699
73, 26.3444
74, 26.47
75, 26.48
76, 26.63
77, 26.5535
78, 26.6552
79, 26.5402
80, 26.62
81, 26.434
82, 26.75
83, 26.9125
84, 26.9478
85, 27.0
86, 26.87
87, 26.98
88, 26.83
89, 26.56
90, 26.79
91, 26.7155
92, 26.79
93, 26.74
94, 26.98
95, 27.04
96, 27.25
97, 27.3121
98, 27.46
99, 27.4162
100, 27.46
101, 27.65
102, 27.5898
103, 27.529
104, 27.55
105, 27.5701
106, 27.5182
107, 27.95
108, 27.8184
109, 27.83
110, 27.7288
111, 27.57
112, 27.66
113, 27.54
114, 27.68
115, 27.7946
116, 27.79
117, 27.9925
118, 27.9275
119, 28.01
120, 27.9
121, 27.58
122, 27.5699
123, 27.52
124, 27.4636
125, 27.52
126, 27.5828
127, 27.65
128, 27.72
129, 27.79
130, 27.6125
131, 27.482
132, 27.4
133, 27.4699
134, 27.48
135, 27.46
136, 27.4612
137, 27.325
138, 27.23
139, 27.3
140, 27.35
141, 27.404
142, 27.75
143, 27.76
144, 28.21
145, 28.277
146, 28.28
147, 28.2816
148, 28.282
149, 28.3586
150, 28.27
151, 28.1799
152, 28.1788
153, 28.4399
154, 28.3
155, 28.34
156, 28.3508
157, 28.27
158, 28.13
159, 28.2
160, 28.17
161, 27.82
162, 27.7623
163, 27.9584
164, 28.0306
165, 28.2699
166, 28.2278
167, 28.28
168, 28.3004
169, 28.2517
170, 28.5301
171, 28.825
172, 28.8296
173, 28.74
174, 28.7379
175, 28.7387
176, 28.7209
177, 28.885
178, 28.99
179, 28.8
180, 28.87
181, 28.99
182, 28.6129
183, 28.5464
184, 28.6899
185, 28.7078
186, 28.7226
187, 28.85
188, 28.41
189, 28.6009
190, 28.74
191, 28.6845
192, 28.24
193, 28.49
194, 28.46
195, 28.4
196, 28.6701
197, 28.71
198, 28.798
199, 28.91
200, 28.84
201, 28.9
202, 28.71
203, 28.7014
204, 28.635
205, 28.7164
206, 28.585
207, 28.45
208, 28.47
209, 28.6477
210, 28.65
211, 28.47
212, 28.25
213, 28.43
214, 28.4
215, 28.276
216, 28.33
217, 27.912
218, 28.72
219, 28.3046
220, 28.208
221, 28.2938
222, 28.04
223, 28.0
224, 27.84
225, 28.0656
226, 27.96
227, 27.77
228, 27.7901
229, 27.9
230, 28.02
231, 28.09
232, 28.2067
233, 27.96
234, 28.03
235, 28.1702
236, 28.36
237, 28.51
238, 28.5291
239, 28.4712
240, 28.38
241, 28.36
242, 28.48
243, 28.52
244, 28.52
245, 28.58
246, 28.6641
247, 28.6763
248, 28.8
249, 28.76
250, 28.87
251, 29.0781
252, 29.1974
253, 29.2
254, 29.2703
255, 29.3314
256, 29.1315
257, 29.19
258, 29.054
259, 29.145
260, 29.34
261, 29.36
262, 29.6539
263, 29.7178
264, 29.82
265, 29.6186
266, 29.6279
267, 29.6501
268, 29.71
269, 29.6644
270, 29.8025
271, 29.6894
272, 29.729
273, 29.7357
274, 29.7391
275, 29.6387
276, 29.5297
