0, 21108
1, 21601
2, 21725
3, 21973
4, 21973
5, 22097
6, 22345
7, 15679
8, 14445
9, 13457
10, 8520
11, 8272
12, 13702
13, -128261
14, -128261
15, -128385
16, -128137
17, -125051
18, -126532
19, -127272
20, -126655
21, -127643
22, -127150
23, -127150
24, -126533
25, -126533
26, -126533
27, -126533
28, -126533
29, -125793
30, -124701
31, -77793
32, -77669
33, -77669
34, -77176
35, -77176
36, -118034
37, -118034
38, -116800
39, -116800
40, -117112
41, -117112
42, -116248
43, -116248
44, -116741
45, -116741
46, -114150
47, -114295
48, -114295
49, -113451
50, -114315
51, -114191
52, -114424
53, -114424
54, -114794
55, -114794
56, -114794
57, -114794
58, -114794
59, -115042
60, -115042
61, -115042
62, -115042
63, -115042
64, -115042
65, -114549
66, -114549
67, -114884
68, -114884
69, -115377
70, -115625
71, -115625
72, -116118
73, -116118
74, -116118
75, -116381
76, -115517
77, -115393
78, -129465
79, -130205
80, -88607
81, -87670
82, -87670
83, -87504
84, -87711
85, -87316
86, -88752
87, -89806
88, -90122
89, -73906
90, -74138
91, -73895
92, -74365
93, -73368
94, -73241
95, -73965
96, -73153
97, -72553
98, -73090
99, -74145
100, -201521
101, -211177
102, -213416
103, -215195
104, -209317
105, -202363
106, -201151
107, -200168
108, -201380
109, -199926
110, -198286
111, -197207
112, -197358
113, -203417
114, -203089
115, -202655
116, -201734
117, -202852
118, -202972
119, -203154
120, -189874
121, -187545
122, -185970
123, -178387
124, -179668
125, -180994
126, -182624
127, -182855
128, -183340
129, -183607
130, -183364
131, -180275
132, -180032
133, -180181
134, -180061
135, -181419
136, -185613
137, -185975
138, -185187
139, -146073
140, -145193
141, -144707
142, -155639
143, -156267
144, -154036
145, -146969
146, -139298
147, -136971
148, -165181
149, -203640
150, -203449
151, -203160
152, -201859
153, -150754
154, 613652
155, -254297
156, -284678
157, -273204
158, -252674
159, -318912
160, -325849
161, -308219
162, -1171711
163, -1164589
164, -1148715
165, -1155059
166, -1159351
167, -1165219
168, -1176131
169, -1182916
170, -1158715
171, -975428
172, -530039
173, -432089
174, -403580
175, -400903
176, -400903
177, -306761
178, -361403
179, -397890
180, -238604
181, -515284
182, -767429
183, -761418
184, -766754
185, -796414
186, -798930
187, 800609
188, -342445
189, -364004
190, -382794
191, -352736
192, -365544
193, -355634
194, -341248
195, -355485
196, -321969
197, -337656
198, -349313
199, -305991
200, -305991
201, -298801
202, -223095
203, -205184
204, -123816
205, -135292
206, -141666
207, -149849
208, -141344
209, -147046
210, -138194
211, -68056
212, 68934
213, 19331
214, 15498
215, 32896
216, 44501
217, -96101
218, -112437
219, -150586
220, -129888
221, -156064
222, -144884
223, -29038
224, -20384
225, -4215
226, -13750
227, -3393
228, -29729
229, -5222
230, -25671
231, -33301
232, -53540
233, -63641
234, -72727
235, -186917
236, -174747
237, -159759
238, -130691
239, -166896
240, -197116
241, -163302
242, -108540
243, -157683
244, -140060
245, -199090
246, -165229
247, -117186
248, -177746
249, -155302
250, -207545
251, -1629886
252, -3202105
253, -3224217
254, -3244479
255, -3206499
256, -3180937
257, -3155480
258, -3127818
259, -3107563
260, -3252674
261, -3213660
262, -3225252
263, -3175104
264, -3234850
265, -3112742
266, -3051559
267, -3051559
268, -3021895
269, -2970071
270, -2925572
271, -2953498
272, -2903172
273, -2886319
274, -2858824
275, -2829191
276, -2868263
277, -2842927
278, -2812261
279, -2786402
280, -2731910
281, -2692219
282, -2692219
283, -2731927
284, -2688609
285, -2711904
286, -2843686
287, -2873161
288, -2943576
289, -3004371
290, -3095926
291, -3075741
292, -3123443
293, -3032685
294, -3111268
295, -3081671
296, -3059917
297, -3087507
298, -3087507
299, -3064027
300, -3046134
301, -3011603
302, -2964317
303, -2939575
304, -2905762
305, -2936139
306, -2919760
307, -2937282
308, -2907133
309, -2936000
310, -2958431
311, -2943229
312, -2968572
313, -2942930
314, -2942930
315, -2984958
316, -3010666
317, -3077725
318, -3077725
319, -3109413
320, -3092217
321, -3070525
322, -3087610
323, -3066519
324, -3054186
325, -3031124
326, -3052051
327, -3083999
328, -3095637
329, -3155740
330, -3185655
331, -3206755
332, -3188775
333, -3173144
334, -3206440
335, -3227774
336, -3243481
337, -3229754
338, -3289772
339, -3267365
340, -3246431
341, -3269585
342, -3247707
343, -3261714
344, -3284199
345, -3258495
346, -3283739
347, -3347046
348, -3324992
349, -3299778
350, -3265218
351, -3240913
352, -3267428
353, -3298480
354, -3329429
355, -3313690
356, -3287715
357, -3310794
358, -3254220
359, -3241648
360, -3254091
361, -3227596
362, -3199313
363, -3177747
364, -3162805
365, -3141758
366, -3127888
367, -3145678
368, -3127937
369, -3107669
370, -3090579
371, -6080048
372, -6058979
373, -6098792
374, -6064878
375, -6068664
376, -6060289
377, -6048821
378, -6075987
379, -6139394
380, -6141825
381, -6163425
382, -6187989
383, -6183123
384, -6131117
385, -6135785
386, -6137003
387, -6137652
388, -6125039
389, -6122615
390, -6128478
391, -6142531
392, -6144003
393, -6139945
394, -6121680
395, -6166268
396, -6188181
397, -6216175
398, -6219466
399, -6202182
400, -6104704
401, -6107890
402, -6106991
403, -6109576
404, -6120531
405, -6114604
406, -6114604
407, -6121909
408, -6118052
409, -6131867
410, -6131077
411, -6129860
412, -6147893
413, -6169243
414, -6151890
415, -6150429
416, -6152856
417, -6153401
418, -6129738
419, -6128301
420, -6182677
421, -6165338
422, -6164754
423, -6160219
424, -6162216
425, -6163108
426, -6164358
427, -6164849
428, -6164079
429, -6159881
430, -6158309
431, -6158569
432, -6159973
433, -6160093
434, -6151814
435, -6148595
436, -6147157
437, -6152910
438, -6156923
439, -6155973
440, -6155172
441, -6154243
442, -6174506
443, -6161540
444, -6158335
445, -6187918
446, -6186859
447, -6188234
448, -6189420
449, -6190442
450, -6191229
451, -6179858
452, -6177327
453, -6174827
454, -6181677
455, -6180781
456, -6180982
457, -6179972
458, -6179454
459, -6167968
460, -6145769
461, -6104071
462, -6101817
463, -6100437
464, -6145240
465, -6128906
466, -6131556
467, -6130978
468, -6138977
469, -6162792
470, -6162792
471, -6172837
472, -6171925
473, -6172634
474, -6168625
475, -6169513
476, -6164874
477, -6162370
478, -6159823
479, -6182864
480, -6177807
481, -6195619
482, -6194823
483, -6197034
484, -6197244
