15.0, 50.91233637445457
16.0, 49.403387220939216
17.0, 47.37941511583749
18.0, 44.84184040258809
19.0, 42.259265827274334
20.0, 36.39382691932019
21.0, 28.716669863802053
22.0, 30.529070854365358
23.0, 38.36034766267332
24.0, 27.94044665012406
25.0, 27.631901840490812
26.0, 12.064497552548232
27.0, 14.311006196518122
28.0, 20.465393794749374
29.0, 31.171548117154828
30.0, 31.26147390506165
31.0, 32.617559119325875
32.0, 47.45231995445485
33.0, 50.3293413173653
34.0, 42.37032569360676
35.0, 48.68329868329874
36.0, 46.321130844508886
37.0, 49.87885081343023
38.0, 51.815893563466354
39.0, 67.5109170305677
40.0, 71.7131474103586
41.0, 76.4640883977901
42.0, 69.36736958934523
43.0, 66.85348278622897
44.0, 67.23027375201286
45.0, 72.43481205553677
46.0, 65.64585787200633
47.0, 58.134642356241194
48.0, 69.5932859909619
49.0, 70.96466093600758
50.0, 67.4695121951219
51.0, 67.842073538276
52.0, 59.93077742279017
53.0, 57.15046604527296
54.0, 51.37614678899079
55.0, 43.45388281469018
56.0, 50.433839479392574
57.0, 51.188251001335104
58.0, 59.6050706972209
59.0, 55.40904198062425
60.0, 55.966295188910046
61.0, 64.08061844284936
62.0, 51.922529193961914
63.0, 46.45606583488192
64.0, 46.149789029535924
65.0, 45.74920297555789
66.0, 56.73716012084602
67.0, 64.15654520917684
68.0, 70.15938606847715
69.0, 72.00234535326896
70.0, 71.20892372625882
71.0, 69.87381703470047
72.0, 60.574506283662515
73.0, 59.794946905895394
74.0, 60.74561403508764
75.0, 57.666535277887206
76.0, 71.29126619306312
77.0, 84.04634581105178
78.0, 92.17926186291749
79.0, 92.98660362490159
80.0, 89.70288970288968
81.0, 75.6433007985803
82.0, 72.70788912579954
83.0, 69.16205869842614
84.0, 64.53089244851257
85.0, 59.356435643564375
86.0, 57.50599520383681
87.0, 55.14950166112955
88.0, 50.17714791851201
89.0, 45.78519469405229
90.0, 46.69751787968018
91.0, 49.562101910828055
92.0, 50.33320266562138
93.0, 50.585023400936066
94.0, 59.57951848084108
95.0, 67.58321273516651
96.0, 65.17794836008375
97.0, 46.92288369756345
98.0, 52.910294453321114
99.0, 54.694519317160825
100.0, 58.39466421343154
101.0, 63.90264026402644
102.0, 60.948258902223124
103.0, 65.24608712049783
104.0, 64.17881438289606
105.0, 64.17881438289601
106.0, 62.239902080783416
107.0, 59.52328886945118
108.0, 53.90848427073399
109.0, 50.91124260355028
110.0, 56.18324234512226
111.0, 77.22675367047304
112.0, 60.953895071542114
113.0, 46.0829493087557
114.0, 34.83976992604765
115.0, 29.1014751899866
116.0, 30.664154498351422
117.0, 25.37389100126741
118.0, 29.65352449223407
119.0, 25.336038549327867
120.0, 24.611973392461138
121.0, 21.199710913032916
122.0, 20.436600092893585
123.0, 20.155748969308263
124.0, 18.74125874125869
125.0, 18.971212836243453
126.0, 23.417721518987236
127.0, 30.081300813008056
128.0, 39.06731192256921
129.0, 30.32718120805353
130.0, 32.019486271036115
131.0, 41.142638036809714
132.0, 36.8052696582956
133.0, 34.279749478079296
134.0, 56.53477218225419
135.0, 55.60141509433965
136.0, 58.69903516962348
137.0, 63.69201030927827
138.0, 63.14584695879652
139.0, 59.80179622174041
140.0, 56.865763546797986
141.0, 55.8343409915356
142.0, 63.6916835699796
143.0, 68.18675352877312
144.0, 67.47851002865326
145.0, 49.379818974187074
146.0, 48.900169204737765
147.0, 54.28837787445624
148.0, 33.105957253296836
149.0, 34.4696969696969
150.0, 27.502833396297575
151.0, 39.387239418825054
152.0, 44.036162146398375
153.0, 43.75543320776589
154.0, 38.14094468300074
155.0, 31.856540084388172
156.0, 29.5545746388443
157.0, 27.641208481891525
158.0, 26.679949284549906
159.0, 29.145231499802122
160.0, 24.957297399886087
161.0, 23.297769156159077
162.0, 25.62076749435664
163.0, 26.212471131639703
164.0, 29.372439076989423
165.0, 20.121951219512184
166.0, 11.957077158916718
167.0, 19.48019801980196
168.0, 35.81146744412055
169.0, 43.519338647770894
170.0, 43.59656906240758
171.0, 45.535990114303345
172.0, 59.8862405200433
173.0, 64.52293094359516
174.0, 54.75285171102662
175.0, 55.548231157987246
176.0, 52.34551195308978
177.0, 53.71956717763753
178.0, 54.5904590459046
179.0, 52.19609582963621
180.0, 59.18535280806419
181.0, 60.359640359640345
182.0, 55.19421860885273
183.0, 53.9633473172886
184.0, 58.15996301433194
185.0, 58.79878476279505
186.0, 54.43266994055312
187.0, 51.81743645804864
188.0, 75.9770889487871
189.0, 75.36281962681414
190.0, 79.56707117087572
191.0, 79.404958677686
192.0, 79.31606905710498
193.0, 84.14872798434448
194.0, 79.10734898037725
195.0, 76.5948275862071
196.0, 75.42986425339387
197.0, 73.9246119733926
198.0, 68.16239316239317
199.0, 77.59226713532514
200.0, 75.52783109404999
201.0, 75.55129434324068
202.0, 62.894056847545315
203.0, 63.16059517701386
204.0, 60.4407713498624
205.0, 48.29001367989049
206.0, 46.603260869565084
207.0, 34.98956158663883
208.0, 39.07392363931759
209.0, 37.86246893123458
210.0, 38.16982687551537
211.0, 47.87878787878792
212.0, 47.73413897280975
213.0, 46.2016881386051
214.0, 37.4896437448219
215.0, 34.4610542879623
216.0, 42.530547891210176
217.0, 35.16350423899891
218.0, 35.32017720499408
219.0, 46.61283086585924
220.0, 53.90499194847025
221.0, 65.30981456354586
222.0, 63.85485391140431
223.0, 56.35691169671748
224.0, 49.285422621478084
225.0, 44.96497373029764
226.0, 46.66060881417541
227.0, 47.283340817243044
228.0, 47.32584269662923
229.0, 58.299096138044426
230.0, 54.687500000000014
231.0, 57.056357708430475
232.0, 59.23961096374891
233.0, 63.4706814580032
234.0, 56.46140503035565
235.0, 58.2188930503538
236.0, 53.67965367965363
237.0, 57.82370307886971
238.0, 59.79066724814646
239.0, 62.28690228690227
240.0, 60.72152411836225
241.0, 56.83991683991683
242.0, 67.35591728992506
243.0, 57.50246791707785
244.0, 57.648794884407245
245.0, 63.47983688264605
246.0, 67.24908573750497
247.0, 59.72828723920414
248.0, 74.67840216655372
249.0, 75.19071310116077
250.0, 83.27515997673062
251.0, 66.6978047641289
252.0, 62.33085988651247
253.0, 58.06382978723408
254.0, 55.444941080861454
255.0, 59.357060849598106
256.0, 54.640133903663774
257.0, 54.6299739680179
258.0, 59.56247928405699
259.0, 54.92084217398397
260.0, 51.76388403772265
261.0, 56.2130177514793
262.0, 53.01990391214823
263.0, 50.52725647899914
264.0, 45.112036486218486
265.0, 58.46153846153847
266.0, 67.38267569460663
267.0, 72.68847795163592
268.0, 72.93054234062798
269.0, 62.598791259879185
270.0, 68.90170632059605
271.0, 69.26793911572844
272.0, 62.50000000000001
273.0, 69.17596034696416
274.0, 71.20949074074079
275.0, 71.76503972758232
276.0, 59.68033775633299
277.0, 62.42093156986769
278.0, 48.05693628558521
279.0, 35.78328433431332
280.0, 32.193671692503756
281.0, 27.949790794979037
282.0, 27.182095625635824
283.0, 28.63879957127544
284.0, 24.718145075515835
285.0, 25.98408259840822
286.0, 24.379414732593318
287.0, 23.302131049591637
288.0, 28.671976291905935
289.0, 28.07246918192007
290.0, 30.829883698009056
291.0, 29.28254735993555
292.0, 34.53767530306632
293.0, 40.04961411245865
294.0, 40.149212489638096
295.0, 47.663295982508885
296.0, 58.093841642228725
297.0, 52.658160552897435
298.0, 55.77139639639645
299.0, 54.5685279187818
300.0, 62.677725118483444
301.0, 69.21438082556591
302.0, 67.57363253856943
303.0, 59.84996738421394
304.0, 56.103731815306816
305.0, 44.43569553805774
306.0, 43.98545076643282
307.0, 51.46155735691476
308.0, 50.445461112448825
309.0, 42.447058823529396
310.0, 38.06169540927856
311.0, 43.395181390196576
312.0, 39.79177247333671
313.0, 34.930896121266144
314.0, 36.57105606258154
315.0, 32.430555555555685
316.0, 27.53227408142999
317.0, 24.584349368211065
318.0, 26.683235427022126
319.0, 38.30308974987741
320.0, 46.33445136559659
321.0, 51.83831434100193
322.0, 55.44836658627493
323.0, 61.308543186632214
324.0, 64.81608407585108
325.0, 68.39733962668959
326.0, 70.62472308373948
327.0, 79.68007998000496
328.0, 77.27880245923546
329.0, 77.72536687631025
330.0, 77.68443160934628
331.0, 82.49233342626151
332.0, 74.67666839110196
333.0, 73.6544671689989
334.0, 64.67049494120869
335.0, 44.53101588252918
336.0, 45.155555555555466
337.0, 43.05679452869452
338.0, 41.59804818542234
339.0, 43.34319526627214
340.0, 50.49928673323818
341.0, 54.21952564809715
342.0, 50.089171974522266
343.0, 50.65491183879093
344.0, 47.14620797498044
345.0, 56.00624024960992
346.0, 60.95076400679104
347.0, 58.78136200716842
348.0, 60.09160305343494
349.0, 69.27138331573371
350.0, 67.57057949479932
351.0, 72.97929191716753
352.0, 76.89231648100527
353.0, 66.46884272997016
354.0, 56.41399416909622
355.0, 57.76836158192082
356.0, 67.46209994385171
357.0, 68.0540242557882
358.0, 70.90229578216763
359.0, 70.99521021820115
360.0, 67.15328467153279
361.0, 66.90337306619318
362.0, 69.93637327677628
363.0, 80.86115326251898
364.0, 83.10731625648752
365.0, 81.49592343140725
366.0, 71.5737883463423
367.0, 73.74228539367874
368.0, 76.75686198170132
369.0, 70.80007786645903
370.0, 71.91011235955058
371.0, 71.67138810198301
372.0, 71.74076865109268
373.0, 67.4550430023456
374.0, 70.47171737798655
375.0, 69.28816293607588
376.0, 72.25720282388856
377.0, 56.62650602409639
378.0, 50.55240370259777
379.0, 51.741589758856875
380.0, 69.37012263099223
381.0, 70.77054307648564
382.0, 77.60964349833293
383.0, 84.41879637262986
384.0, 72.55128575556193
385.0, 72.69330267318192
386.0, 69.377420315758
387.0, 61.30560673861534
388.0, 62.80456194919646
389.0, 62.27190953482391
390.0, 65.19677572309146
391.0, 69.92159657875975
392.0, 64.95315877972607
393.0, 62.90513366453748
394.0, 50.6100795755968
395.0, 53.60878661087869
396.0, 46.14450516089866
397.0, 40.5837004405286
398.0, 48.61030689056162
399.0, 45.76840818820654
400.0, 42.07865168539327
401.0, 55.68077977459645
402.0, 46.0680127523911
403.0, 46.2030375699441
404.0, 33.06199123356312
405.0, 38.1365740740741
406.0, 43.14527915814099
407.0, 50.631890293089505
408.0, 47.80401117034787
409.0, 50.084972080602064
410.0, 48.00373569927621
411.0, 52.22250444500895
412.0, 54.4000000000001
413.0, 53.998532648569324
414.0, 56.06907059421031
415.0, 45.872007816316525
416.0, 53.36743393009384
417.0, 51.87845303867399
418.0, 51.635963706351404
419.0, 44.124031007751825
420.0, 46.55990510083036
421.0, 46.38500446295741
422.0, 61.83703703703706
423.0, 51.39778683750733
424.0, 55.496137849079
425.0, 54.715875805506684
426.0, 43.95113230035747
427.0, 27.150428047289054
428.0, 24.948492227008828
429.0, 27.10622710622711
430.0, 24.78600669892073
431.0, 25.630171252645752
432.0, 28.72706422018345
433.0, 28.557856735702075
434.0, 23.499411533934776
435.0, 21.38681717395687
436.0, 11.966771441400866
437.0, 22.521339461588923
438.0, 22.82537606278622
439.0, 45.78559095903313
440.0, 56.84239656842399
441.0, 76.51128314939876
442.0, 86.14864864864859
443.0, 81.34654130288789
444.0, 87.53387533875342
445.0, 88.68148650941804
446.0, 87.6386962552012
447.0, 88.9808587687533
448.0, 91.53663500678434
449.0, 83.16607316283587
450.0, 78.68300153139361
451.0, 72.45200561885443
452.0, 71.15203021718601
453.0, 62.08109226313612
454.0, 46.02084922451051
455.0, 33.91049547149706
456.0, 28.022982501958737
457.0, 28.67450561197218
458.0, 26.428571428571416
459.0, 16.56691405314821
460.0, 16.476190476190467
461.0, 13.556581986143243
462.0, 7.795100222717181
463.0, 14.715639810426609
464.0, 21.83183910831106
465.0, 28.78182725911131
466.0, 28.81059470264867
467.0, 19.523462193046413
468.0, 23.486192044590837
469.0, 24.311565696302097
470.0, 25.10834236186352
471.0, 40.03901487442085
472.0, 45.473411154345044
473.0, 58.152882859379076
474.0, 60.851823514409595
475.0, 68.65959498553524
476.0, 75.96486558424277
477.0, 76.03503184713375
478.0, 76.60621761658034
479.0, 72.91105121293808
480.0, 76.08640406607374
481.0, 88.41698841698846
482.0, 90.24588498272713
483.0, 94.6722164412072
484.0, 97.89690721649491
485.0, 92.37288135593238
486.0, 87.13619195734292
487.0, 86.35077793493645
488.0, 69.89633173843708
489.0, 68.9619732785201
490.0, 68.71153057037347
491.0, 67.84057359763818
492.0, 62.637604579480495
493.0, 56.50446871896726
494.0, 46.73614920460779
495.0, 44.56707897240725
496.0, 31.312472837896536
497.0, 37.751083103584065
498.0, 34.10083366415245
499.0, 39.03690546674555
500.0, 38.54247856586122
501.0, 39.13546893091472
502.0, 38.76146788990824
503.0, 32.2018004501125
504.0, 27.71142672692058
505.0, 28.65562280981203
506.0, 29.87626180397264
507.0, 28.396781182296507
508.0, 25.282446955084083
509.0, 29.98967208882
510.0, 27.88380746609046
511.0, 27.272727272727295
512.0, 31.758254579395597
513.0, 31.155838041431267
514.0, 28.468487846848788
515.0, 27.2319474835886
516.0, 30.946291560102296
517.0, 31.05597653385479
518.0, 37.42444152431011
519.0, 35.00602167804095
520.0, 37.433981708102536
521.0, 43.90209193112282
522.0, 56.13685734974654
523.0, 40.33283470456248
524.0, 43.85929239528266
525.0, 35.0021303792075
526.0, 27.449146598082876
527.0, 27.937761263353494
528.0, 35.69732937685464
529.0, 35.17798384684417
530.0, 39.503070910106054
531.0, 43.12709539774467
532.0, 43.230909644052296
533.0, 48.36734693877547
534.0, 38.32662449683723
535.0, 32.924393723252365
536.0, 34.67629897193656
537.0, 46.21134896364254
538.0, 61.996779388083766
539.0, 65.43167912984377
540.0, 66.44804970659305
541.0, 68.0368299901349
542.0, 78.57720291026683
543.0, 75.19235871583992
544.0, 70.89489824365779
545.0, 73.25000000000007
546.0, 70.83585705632962
547.0, 54.317476732161374
548.0, 54.247353472760146
549.0, 56.5849717209803
550.0, 57.867224255096744
551.0, 45.468310620808964
552.0, 40.51439358187825
553.0, 44.76234425473007
554.0, 50.322580645161274
555.0, 43.54259141830476
556.0, 36.34413727359404
557.0, 34.05538186690492
558.0, 30.34825870646776
559.0, 27.434815950920353
560.0, 24.660397074190257
561.0, 25.82056892779002
562.0, 32.2995044962379
563.0, 34.56080474223111
564.0, 30.467490596453544
565.0, 34.322033898305165
566.0, 34.295518772708974
567.0, 45.449974861739584
568.0, 47.09897610921502
569.0, 50.06722689075633
570.0, 46.133886870783584
571.0, 51.12563543936095
572.0, 50.39370078740155
573.0, 50.0
574.0, 46.9411568594766
575.0, 52.35772357723579
576.0, 45.30778783040622
577.0, 38.94410949975559
578.0, 44.12233195285122
579.0, 43.20024953212725
580.0, 41.700016007683686
581.0, 25.972301271105977
582.0, 15.5776720034617
583.0, 12.551561579257438
584.0, 14.70704671417252
585.0, 13.923292049540493
586.0, 15.335533553355276
587.0, 18.257839721254257
588.0, 38.636897767332556
589.0, 34.69569080408705
590.0, 35.760073260073256
591.0, 48.198307134220066
592.0, 41.561453233702665
593.0, 52.09518882565958
594.0, 55.14652458222324
595.0, 54.395604395604316
596.0, 45.03284889508261
597.0, 50.0
598.0, 52.707505749529574
599.0, 52.439024390243894
600.0, 51.486374896779495
601.0, 48.01357556398485
602.0, 37.59884974838244
603.0, 45.74290484140236
604.0, 45.97315436241614
605.0, 35.71943310112897
606.0, 28.873786407767014
607.0, 21.88192625428168
608.0, 15.68247821878029
609.0, 14.966740576496704
610.0, 18.53139257006302
611.0, 16.689493249853285
612.0, 16.14808979913353
613.0, 23.719097097814412
614.0, 21.956882255389743
615.0, 27.65680857978552
616.0, 26.406790317510243
617.0, 36.264633814320696
618.0, 35.614973262032066
619.0, 34.114483288513256
620.0, 41.463414634146346
621.0, 36.4937388193202
622.0, 36.733118971061096
623.0, 48.72247733427529
624.0, 55.44757033248082
625.0, 60.72019867549669
626.0, 61.83006535947713
627.0, 61.776256167556134
628.0, 62.145461912479746
629.0, 58.97357098955132
630.0, 55.92578200893725
631.0, 45.79710144927537
632.0, 50.49902253318244
633.0, 55.20741394527801
634.0, 58.89856246203685
635.0, 67.5591253904507
636.0, 66.42535921904137
637.0, 62.358583374323665
638.0, 49.66852293821267
639.0, 43.4290229128259
640.0, 41.407528641571176
641.0, 35.11515496161499
642.0, 46.67039731393395
643.0, 51.224883016790535
644.0, 55.94468660754547
645.0, 65.95485051860891
646.0, 62.84779050736498
647.0, 56.91699604743083
648.0, 45.30862154558994
649.0, 45.65038644959711
650.0, 48.127600554785005
651.0, 47.04424778761063
652.0, 55.61455260570306
653.0, 58.10560920484899
654.0, 54.06761177753545
655.0, 60.233665080051935
656.0, 53.55066969926714
657.0, 58.68734547089233
658.0, 68.21603312006022
659.0, 61.71906900775827
660.0, 60.89846897663176
661.0, 69.2221725525257
662.0, 74.86101039400532
663.0, 72.6500128766418
664.0, 63.89580973952436
665.0, 58.698067096200866
666.0, 55.438439111908494
667.0, 58.43971631205673
668.0, 43.39887640449439
669.0, 41.56244335689685
670.0, 41.01719721917307
671.0, 26.12526335950963
672.0, 9.566236811254356
673.0, 15.725436179981614
674.0, 13.60476663356502
675.0, 12.087042532146413
676.0, 21.82115000906947
677.0, 18.006286484059274
678.0, 19.583265505453355
679.0, 19.71484759095378
680.0, 24.652558433354386
681.0, 20.648148148148152
682.0, 24.656452377191584
683.0, 24.57305502846306
684.0, 24.45359518530249
685.0, 40.3460706560923
686.0, 38.89835320840433
687.0, 35.7682253848388
688.0, 38.756884343036965
689.0, 37.121326299924654
690.0, 27.75140907742511
691.0, 32.103637611530544
692.0, 38.09045226130657
693.0, 32.08239277652373
694.0, 33.41632088520056
695.0, 46.80018069567836
696.0, 48.99117276166459
697.0, 49.06343459782777
698.0, 44.446103314422224
699.0, 27.47130102040815
700.0, 36.31739572736521
701.0, 43.04609218436873
702.0, 46.31240797751306
703.0, 51.00363734339214
704.0, 45.32503292230337
705.0, 45.32503292230337
706.0, 40.149537146926164
707.0, 44.222222222222214
708.0, 37.39299610894941
709.0, 29.31888130603504
710.0, 36.621410549080856
711.0, 39.12290825158685
712.0, 44.917203311867524
713.0, 56.08512524939037
714.0, 49.959183673469404
715.0, 42.11709047900651
716.0, 39.048178613396
717.0, 37.991631799163194
718.0, 43.97398643973986
719.0, 38.99386503067485
720.0, 38.14668107069979
721.0, 41.26760563380281
722.0, 40.57660833438248
723.0, 45.7586163042096
724.0, 39.92957746478873
725.0, 33.531830426768735
726.0, 27.951625094482253
727.0, 11.581403099483424
728.0, 19.073170731707293
729.0, 20.161567548985886
730.0, 20.706090026478364
731.0, 30.775157959623954
732.0, 51.57346889373034
733.0, 60.073311715776114
734.0, 62.10464946800761
735.0, 67.25440806045344
736.0, 74.2262467901068
737.0, 72.70531400966183
738.0, 74.3832511001467
739.0, 80.7033363390442
740.0, 82.02304089125207
741.0, 75.7689159162671
742.0, 67.32862111522496
743.0, 71.2246676835912
744.0, 66.5682281059063
745.0, 62.381596752368054
746.0, 55.76770087509945
747.0, 56.68806498100354
748.0, 57.1221122112211
749.0, 53.111014869351806
750.0, 48.00598883898188
751.0, 51.410698327588406
752.0, 43.96606306192223
753.0, 42.599558957063195
754.0, 46.010248901903374
755.0, 55.363799530581225
756.0, 60.15601560156014
757.0, 50.57504731401951
758.0, 54.82089316711378
759.0, 56.21688999688377
760.0, 51.053823375718515
761.0, 54.35347628330085
762.0, 47.58248009101252
763.0, 47.74595973915508
764.0, 49.13202042304887
765.0, 55.16842375932117
766.0, 55.66221299779479
767.0, 55.091315201681766
768.0, 48.68934746235358
769.0, 46.92052502524161
770.0, 53.774350649350644
771.0, 54.06692056583242
772.0, 60.447761194029844
773.0, 60.337392186707234
774.0, 59.73992532509333
775.0, 52.920696324951635
776.0, 59.69454545454545
777.0, 50.83885520936134
778.0, 57.4938574938575
779.0, 57.62688801197441
780.0, 63.66213151927437
781.0, 66.82194616977225
782.0, 67.46799059315387
783.0, 65.60792783636131
784.0, 58.217562254259484
785.0, 58.01985370950889
786.0, 55.33629794330184
787.0, 53.11556409552567
788.0, 52.31714126186486
789.0, 57.682177348551356
790.0, 64.69356414909953
791.0, 73.15267288612466
792.0, 68.41357537490133
793.0, 55.54914406616658
794.0, 54.328063241106705
795.0, 50.47149592798972
796.0, 55.80766028309743
797.0, 61.803607214428865
798.0, 65.0632911392405
799.0, 70.52366796249711
800.0, 60.51236749116607
801.0, 64.44743331091686
802.0, 62.98013245033114
803.0, 53.77148634984831
804.0, 48.42057761732851
805.0, 40.54649625385637
806.0, 43.13547802446763
807.0, 46.124031007751945
808.0, 47.90349027875383
809.0, 36.25265392781317
810.0, 35.41274536165645
811.0, 36.11702127659577
812.0, 37.649015802606094
813.0, 40.707434052757854
814.0, 43.89140271493214
815.0, 33.22466720999728
816.0, 32.51794735442702
817.0, 37.377750611246995
818.0, 44.335778321108364
819.0, 50.36385688295933
820.0, 53.93922341024195
821.0, 56.45248380129587
822.0, 46.69895488146825
823.0, 51.42204164550531
824.0, 52.2227772227772
825.0, 55.563298490127764
826.0, 44.69357249626306
827.0, 39.11692559280457
828.0, 38.43805238630884
829.0, 38.76823338735817
830.0, 41.82258064516129
831.0, 48.84096244131454
832.0, 44.624424329045574
833.0, 39.99137187230371
834.0, 34.86329508428956
835.0, 39.73787680209699
836.0, 40.22287078800743
837.0, 36.2579821200511
838.0, 34.2510868133316
839.0, 29.852424455375953
840.0, 31.16197183098592
841.0, 34.51974646513894
842.0, 35.153922542204555
843.0, 39.47221706002602
844.0, 34.53663793103446
845.0, 23.120373977405507
846.0, 20.627306273062715
847.0, 43.544106167057
848.0, 35.80690717678779
849.0, 38.241106719367586
850.0, 41.88916876574307
851.0, 39.822796934865885
852.0, 38.44868735083533
853.0, 49.19227738376676
854.0, 55.330996081666314
855.0, 56.8184185852693
856.0, 59.956776782957704
857.0, 64.50315385318584
858.0, 68.60402443406397
859.0, 60.63517268757444
860.0, 64.21797263681592
861.0, 55.59304875991225
862.0, 70.09175900277008
863.0, 67.09523809523809
864.0, 64.36531922931619
865.0, 71.81773640372367
866.0, 73.49304482225655
867.0, 72.35264483627202
868.0, 71.3868613138686
869.0, 65.95101005172243
870.0, 67.47156442289761
871.0, 65.16921233902366
872.0, 58.13862547658617
873.0, 64.34058206210105
874.0, 63.345195729537366
875.0, 66.75260752373138
876.0, 53.35626034900013
877.0, 49.02282036278527
878.0, 51.26131563065783
879.0, 46.01824457593688
880.0, 51.38765541740675
881.0, 36.194477791116476
882.0, 39.29183323814963
883.0, 44.33617539585871
884.0, 44.972907886815186
885.0, 40.28578591125596
886.0, 46.18511993495055
887.0, 56.67752442996741
888.0, 47.31276436924607
889.0, 48.035872173803206
890.0, 60.2489726855209
891.0, 59.03600189483657
892.0, 58.40445708866761
893.0, 62.773207990599296
894.0, 59.44700460829493
895.0, 46.88067837674136
896.0, 49.090557275541784
897.0, 38.82118677817603
898.0, 41.451330131869796
899.0, 48.59241966492722
900.0, 37.824916194977185
901.0, 37.72909901480543
902.0, 37.49384674287588
903.0, 39.18426412262835
904.0, 37.49242549440863
905.0, 34.219920559103016
906.0, 38.18242185647203
907.0, 35.92772104842123
908.0, 32.61790840738209
909.0, 34.695361349425625
910.0, 31.84094703293367
911.0, 33.0619320271051
912.0, 27.075669251230963
913.0, 17.550223214285694
914.0, 40.41580494176552
915.0, 36.627588473759175
916.0, 36.177696012120556
917.0, 29.98219356080658
918.0, 28.305326960035472
919.0, 31.501590435450254
920.0, 27.184749023494405
921.0, 27.116771342172584
922.0, 26.760401721664266
923.0, 29.0728848431947
924.0, 27.66833810888251
925.0, 28.62878319950586
926.0, 35.15340909090908
927.0, 38.79240077747821
928.0, 21.584062976945916
929.0, 32.19106957424714
930.0, 35.287421741605
931.0, 51.85459254463048
932.0, 44.363427822382434
933.0, 44.327111984282894
934.0, 50.295987721990805
935.0, 46.12909712447214
936.0, 50.244579104913484
937.0, 47.81158816173406
938.0, 57.638888888888886
939.0, 53.83626482790861
940.0, 47.28136764796643
941.0, 49.6116033499211
942.0, 41.27267652804912
943.0, 32.27456712390375
944.0, 35.34195731674035
945.0, 37.646068007158654
946.0, 44.00480270698029
947.0, 45.23422159887797
948.0, 39.67314215232809
949.0, 36.659448370184634
950.0, 44.73192177472333
951.0, 49.77192093258997
952.0, 40.894446568011794
953.0, 50.25834542815674
954.0, 57.012691181256095
955.0, 50.79252184515343
956.0, 60.5076679005817
957.0, 57.41381905765468
958.0, 60.32629020194465
959.0, 53.79330650701737
960.0, 57.16495314348103
961.0, 58.31812313582336
962.0, 53.541504884129644
963.0, 63.75410272332121
964.0, 57.69230769230769
965.0, 56.88714039832801
966.0, 59.515357308226584
967.0, 57.87022165114039
968.0, 49.344208089937176
969.0, 57.40974212034384
970.0, 56.26949102677258
971.0, 61.113241308793455
972.0, 52.912865455067895
973.0, 59.089586969168124
974.0, 46.977561955793696
975.0, 45.73264781491003
976.0, 54.116812005678355
977.0, 41.586489252814744
978.0, 46.84965689332501
979.0, 40.1370283260047
980.0, 44.35230197311981
981.0, 47.2056429734129
982.0, 42.84658950997291
983.0, 47.173962521811696
984.0, 39.15387495320105
985.0, 46.0310041286905
986.0, 47.034943882830525
987.0, 44.19189801224523
988.0, 53.24685534591195
989.0, 46.34267824107015
990.0, 44.71678681771369
991.0, 50.5897583429229
992.0, 47.844076655052255
993.0, 48.96731054977711
994.0, 45.68334112513636
995.0, 47.829666217632095
996.0, 58.952718032489344
997.0, 42.43874425727412
998.0, 48.66123399301513
999.0, 46.762510974539076
1000.0, 43.67568675686757
1001.0, 38.878978499671405
1002.0, 28.191148171905084
1003.0, 33.24927499684783
1004.0, 45.10817307692308
1005.0, 36.76487316573769
1006.0, 45.21521103217719
1007.0, 45.29565672422816
1008.0, 41.41230504257966
1009.0, 30.54954565123323
1010.0, 27.236301712911953
1011.0, 32.273580478648526
1012.0, 33.46778840613116
1013.0, 27.23598851430394
1014.0, 29.01325478645066
1015.0, 32.5165058405282
1016.0, 45.02798105897546
1017.0, 45.39437995009222
1018.0, 45.09055204014837
1019.0, 49.52666267225884
1020.0, 35.19935095039406
1021.0, 44.577540106951865
1022.0, 55.32778133674995
1023.0, 55.27466666666668
1024.0, 54.125757259243784
1025.0, 64.48613244926014
1026.0, 56.86915193821476
1027.0, 61.93574297188756
1028.0, 65.56632810095414
1029.0, 64.05322107795234
1030.0, 54.92475515566527
1031.0, 58.86005766245288
1032.0, 51.60107736046686
1033.0, 56.2243692222145
1034.0, 66.93998252570736
1035.0, 61.68518130370992
1036.0, 52.97227682505253
1037.0, 55.36711757184198
1038.0, 65.59344988918986
1039.0, 59.923992542664564
1040.0, 60.93772786933061
1041.0, 63.95262768319763
1042.0, 64.66358839050133
1043.0, 66.88583383144052
1044.0, 61.4497528830313
1045.0, 62.421935407125446
1046.0, 64.93627026358124
1047.0, 63.560956790123456
1048.0, 61.6628331754837
1049.0, 58.27632504315581
1050.0, 64.93847642748514
1051.0, 65.39301310043669
1052.0, 59.14290317383599
1053.0, 50.41053332347066
1054.0, 58.27349005971729
1055.0, 51.50340243709447
1056.0, 48.980271372679596
1057.0, 42.76576302162657
1058.0, 58.40846726773814
1059.0, 48.908941755537334
1060.0, 48.60590249470081
1061.0, 40.31472461596103
1062.0, 36.90589353612167
1063.0, 38.42791158033653
1064.0, 45.24717617720406
1065.0, 41.87603430118852
1066.0, 41.65219361171941
1067.0, 47.16948862664615
1068.0, 41.1246552184358
1069.0, 48.9896417048735
1070.0, 43.79453189726594
1071.0, 50.253479583371735
1072.0, 43.828059950041634
1073.0, 51.47505422993492
1074.0, 52.91559817147954
1075.0, 64.57142857142856
1076.0, 65.18251103088647
1077.0, 72.16876387860842
1078.0, 58.69151768733355
1079.0, 58.54676531967368
1080.0, 50.36695681856972
1081.0, 46.3265306122449
1082.0, 52.56287806431073
1083.0, 36.2199428283168
1084.0, 40.14911463187326
1085.0, 37.0757180156658
1086.0, 28.840190200537506
1087.0, 24.929116684841887
1088.0, 21.428571428571445
1089.0, 25.29708318329132
1090.0, 22.766195085629207
1091.0, 25.13744075829382
1092.0, 26.610475617098132
1093.0, 32.84352660841935
1094.0, 40.407888839085594
1095.0, 48.886138613861384
1096.0, 35.54388268767785
1097.0, 51.99279441567214
1098.0, 46.89277010560519
1099.0, 49.054643673384575
1100.0, 49.003735990037356
1101.0, 44.99783456041576
1102.0, 63.145438898450955
1103.0, 62.218791354212634
1104.0, 64.7313156269302
1105.0, 67.42726754135771
1106.0, 67.14637379284227
1107.0, 69.45960218271432
1108.0, 64.98374122882082
1109.0, 64.85140010307506
1110.0, 80.1936470188551
1111.0, 79.07394113424265
1112.0, 90.24730753889109
1113.0, 87.65432098765429
1114.0, 86.13518197573653
1115.0, 89.07750342935523
1116.0, 87.32842649691659
1117.0, 87.65982177450596
1118.0, 88.9906671275492
1119.0, 90.47690237703688
1120.0, 85.75882102876574
1121.0, 86.11878453038672
1122.0, 81.32255119342636
1123.0, 77.11316689899883
1124.0, 75.62095032397406
1125.0, 74.6062992125984
1126.0, 74.63483146067412
1127.0, 65.04283965728274
1128.0, 66.52163102933864
1129.0, 63.915315556746606
1130.0, 67.07018831010026
1131.0, 68.3697439511393
1132.0, 61.429343420697094
1133.0, 54.67534529290362
1134.0, 56.08207132388861
1135.0, 51.01707228478022
1136.0, 58.37489609310054
1137.0, 57.023954526999596
1138.0, 40.75747046560111
1139.0, 39.15216267447872
1140.0, 44.24443391757462
1141.0, 58.679145329330716
1142.0, 64.13793103448276
1143.0, 65.60846560846562
1144.0, 62.51802018260451
1145.0, 55.755517826825105
1146.0, 64.90522688110282
1147.0, 63.538714008652846
1148.0, 70.20875420875421
1149.0, 68.06838549565698
1150.0, 69.06318082788673
1151.0, 64.68562683331209
1152.0, 78.90825950271507
1153.0, 65.10257014854986
1154.0, 54.515912147019264
1155.0, 50.51162790697675
1156.0, 51.409978308026034
1157.0, 47.427111162736665
1158.0, 43.961900442227005
1159.0, 39.400406504065046
1160.0, 29.895856916459124
1161.0, 34.74870930355074
1162.0, 29.068835184973068
1163.0, 28.665010164897197
1164.0, 32.90130670349518
1165.0, 38.63950276243094
1166.0, 35.994717252971554
1167.0, 43.32369942196532
1168.0, 57.22727272727273
1169.0, 57.83187873220027
1170.0, 43.05621536025338
1171.0, 49.05024509803923
1172.0, 48.8184174416832
1173.0, 57.87095608169165
1174.0, 64.74832214765098
1175.0, 58.083501931212076
1176.0, 55.86128910667169
1177.0, 53.871319520174495
1178.0, 38.3575532274417
1179.0, 46.92274116106505
1180.0, 41.84245660881174
1181.0, 43.707713125845736
1182.0, 36.75213675213676
1183.0, 33.88635420987143
1184.0, 39.810571341277125
1185.0, 33.0633857654571
1186.0, 46.8974076116933
1187.0, 45.984315846403476
1188.0, 45.07836128677483
1189.0, 43.73749499799919
1190.0, 47.51799924213717
1191.0, 52.591463414634134
1192.0, 57.14285714285715
1193.0, 51.507106044041834
1194.0, 52.010723860589806
1195.0, 47.06055261610818
1196.0, 47.62045521726279
1197.0, 50.454118383964925
1198.0, 50.69347046906654
1199.0, 48.178317535545034
1200.0, 45.19968676585747
1201.0, 53.97887847687045
1202.0, 54.28486997635933
1203.0, 58.58834384130401
1204.0, 60.36208419193408
1205.0, 53.715192612898576
1206.0, 58.5992099665755
1207.0, 56.47660118191983
1208.0, 63.02685399253069
1209.0, 72.93447293447294
1210.0, 75.4996776273372
1211.0, 79.54968681225665
1212.0, 77.09258626580119
1213.0, 82.09932690558489
1214.0, 78.58541893362354
1215.0, 76.74858223062384
1216.0, 74.65876899304664
1217.0, 74.60645161290324
1218.0, 70.1365705614568
1219.0, 84.06388039415567
1220.0, 76.12231620039047
1221.0, 76.10677083333341
1222.0, 63.22930800542747
1223.0, 46.87582388610594
1224.0, 48.02682486458603
1225.0, 51.457480125271054
1226.0, 57.69835918183862
1227.0, 61.11904761904761
1228.0, 64.0308370044053
1229.0, 50.72260136491368
1230.0, 53.775183581246466
1231.0, 51.181988742964364
1232.0, 49.495341614906806
1233.0, 53.626804491178056
1234.0, 54.18692598595354
1235.0, 48.50024586133421
1236.0, 49.01441113135664
1237.0, 56.432432432432435
1238.0, 44.68864468864469
1239.0, 39.64976958525342
1240.0, 32.13751868460386
1241.0, 30.951952492351978
1242.0, 28.387458006718887
1243.0, 36.619718309859124
1244.0, 26.50818569185911
1245.0, 22.578796561604534
1246.0, 25.755632899798456
1247.0, 14.826021180030196
1248.0, 14.753481369966053
1249.0, 17.55084923464034
1250.0, 22.073424151466114
1251.0, 20.811825434068467
1252.0, 31.122702434177796
1253.0, 36.1793767418292
1254.0, 43.56228780360409
1255.0, 48.15533980582521
1256.0, 45.535457938558714
1257.0, 43.203592814371234
1258.0, 53.930684699915474
1259.0, 75.34626038781163
1260.0, 73.48230912476723
1261.0, 89.86801242236028
1262.0, 88.59548411787212
1263.0, 81.80831826401447
1264.0, 81.10443275732531
1265.0, 83.76371852808265
1266.0, 83.87820512820514
1267.0, 82.92020373514431
1268.0, 73.6947791164659
1269.0, 74.47223124391041
1270.0, 75.37361923326837
1271.0, 72.91056910569102
1272.0, 73.70580808080804
1273.0, 74.67315293402248
1274.0, 68.66307124609706
1275.0, 56.68668122270739
1276.0, 64.19249592169658
1277.0, 69.11968897528462
1278.0, 70.44910975285676
1279.0, 67.73070226349387
1280.0, 55.50484883057614
1281.0, 55.26838966202786
1282.0, 61.29418813660871
1283.0, 59.20928773140884
1284.0, 53.99129172714076
1285.0, 66.90048224462957
1286.0, 67.44988143996552
1287.0, 58.55010660980812
1288.0, 59.63083604777419
1289.0, 72.36392849969879
1290.0, 65.8793171893609
1291.0, 69.60749646393215
1292.0, 63.593300625951635
1293.0, 53.49470499243571
1294.0, 50.099178237461054
1295.0, 50.205878176913245
1296.0, 50.445103857566785
1297.0, 53.863396624472564
1298.0, 56.33152173913044
1299.0, 49.859594383775345
1300.0, 45.442199966049905
1301.0, 42.60703485596051
1302.0, 45.332480818414325
1303.0, 42.13197969543147
1304.0, 35.119887165021154
1305.0, 32.01300620750814
1306.0, 31.592765460910158
1307.0, 35.082604470359584
1308.0, 35.666062901366715
1309.0, 35.31713680091309
1310.0, 47.31039978748837
1311.0, 44.941013185288
1312.0, 46.75882431888339
1313.0, 42.753527627588035
1314.0, 38.50901012095781
1315.0, 43.39417052574231
1316.0, 39.265793228693724
1317.0, 32.339331619537276
1318.0, 34.40448516340763
1319.0, 33.10556407753451
1320.0, 34.296446113839934
1321.0, 40.18328242154956
1322.0, 44.557351809083904
1323.0, 53.328061157242644
1324.0, 39.36786105460802
1325.0, 33.65175857577073
1326.0, 35.07082152974503
1327.0, 36.07226107226108
1328.0, 32.50196902074035
1329.0, 30.30303030303031
1330.0, 34.48681117785321
1331.0, 37.640607424071995
1332.0, 50.9365471177581
1333.0, 50.05911912503695
1334.0, 54.7244094488189
1335.0, 55.310880829015574
1336.0, 54.49517867271697
1337.0, 47.25509533201841
1338.0, 52.43216412971542
1339.0, 56.448165301033136
1340.0, 44.16028669164357
1341.0, 46.23655913978493
1342.0, 52.29186155285315
1343.0, 58.720706876680744
1344.0, 52.84218399401649
1345.0, 47.38451086956522
1346.0, 37.56471716203257
1347.0, 32.43827716705712
1348.0, 25.982967928972627
1349.0, 15.315985130111443
1350.0, 28.85555917835015
1351.0, 26.753944276602866
1352.0, 27.604512276045114
1353.0, 29.41074822878865
1354.0, 41.844769403824536
1355.0, 40.85203499429441
1356.0, 48.51843956512468
1357.0, 40.02384737678858
1358.0, 46.228908314698096
1359.0, 56.9943878611515
1360.0, 53.828032979976456
1361.0, 65.2912621359223
1362.0, 70.76214244576695
1363.0, 80.54014058453572
1364.0, 76.89942907334212
1365.0, 75.57862859614971
1366.0, 65.31719532554257
1367.0, 67.58338209479228
1368.0, 70.05944874797335
1369.0, 70.42731986411589
1370.0, 68.61721281958953
1371.0, 75.27157811574166
1372.0, 74.33900389424063
1373.0, 73.06368330464718
1374.0, 69.86216827813209
1375.0, 52.68302413724319
1376.0, 47.16291594537413
1377.0, 37.589549093973865
1378.0, 37.32543377063054
1379.0, 44.83747609942637
1380.0, 51.0
1381.0, 39.614356624665895
1382.0, 24.833850243686285
1383.0, 23.752495009980066
1384.0, 23.287671232876733
1385.0, 32.08747514910537
1386.0, 28.920646859721714
1387.0, 31.24772644598032
1388.0, 34.826677478207955
1389.0, 42.87128712871285
1390.0, 56.98709390298177
1391.0, 62.708921206859145
1392.0, 64.6429306441655
1393.0, 52.11726384364824
1394.0, 52.12700997353959
1395.0, 61.09255725190841
1396.0, 67.96249714155047
1397.0, 70.926243567753
1398.0, 70.35304125903876
1399.0, 66.5547024952016
1400.0, 69.85645933014354
1401.0, 67.24137931034485
1402.0, 73.96004700352525
1403.0, 69.65317919075146
1404.0, 58.403041825095066
1405.0, 45.75133132669598
1406.0, 52.10547833197056
1407.0, 54.187925170068006
1408.0, 54.29480381760341
1409.0, 54.00843881856538
1410.0, 51.284916201117305
1411.0, 43.95333183755893
1412.0, 48.05283534502392
1413.0, 53.77912867274567
1414.0, 52.71102284011916
1415.0, 51.33668341708542
1416.0, 42.25799138517343
1417.0, 43.983010854176484
1418.0, 47.25992961287079
1419.0, 59.28842228054827
1420.0, 44.383561643835634
1421.0, 52.282157676348554
1422.0, 51.793199813693484
1423.0, 50.180505415162514
1424.0, 60.599571734475425
1425.0, 69.79246733282092
1426.0, 72.21633085896077
1427.0, 66.5104388581168
1428.0, 59.46666666666667
1429.0, 56.763636363636365
1430.0, 60.21706586826347
1431.0, 64.15232515562066
1432.0, 58.137977227059636
1433.0, 52.90775401069518
1434.0, 55.253798900743604
1435.0, 61.86635944700464
1436.0, 65.59251559251564
1437.0, 68.19778438259925
1438.0, 44.5771144278607
1439.0, 47.48998350223897
1440.0, 42.17985055398094
1441.0, 37.22367482766818
1442.0, 40.21571648690292
1443.0, 33.03797468354429
1444.0, 31.552691748077336
1445.0, 29.77180635529966
1446.0, 32.73981749387936
1447.0, 34.380013752005496
1448.0, 31.75410214929512
1449.0, 31.181542763924455
1450.0, 21.9721871049304
1451.0, 30.97124745302237
1452.0, 37.87375415282388
1453.0, 33.37292161520192
1454.0, 35.23255813953483
1455.0, 35.43859649122801
1456.0, 35.21208599651365
1457.0, 48.94991922455574
1458.0, 48.93015744852642
1459.0, 41.12569060773478
1460.0, 42.88107202680063
1461.0, 42.234976367319334
1462.0, 40.19922879177375
1463.0, 29.536746778126044
1464.0, 32.692307692307665
1465.0, 21.73913043478251
1466.0, 42.29554229554227
1467.0, 49.39981532779314
1468.0, 55.167712026179466
1469.0, 62.347696879643415
1470.0, 68.78274268104776
1471.0, 69.55437831100033
1472.0, 73.56570018507102
1473.0, 86.04417670682736
1474.0, 81.59322033898307
1475.0, 82.42801047120423
1476.0, 75.39658784794968
1477.0, 81.87808896210866
1478.0, 81.52295632698761
1479.0, 80.74820143884885
1480.0, 77.89160608063442
1481.0, 75.96982758620683
1482.0, 66.68048072938242
1483.0, 65.7289002557544
1484.0, 64.50331125827807
1485.0, 66.1125319693094
1486.0, 57.48355263157886
1487.0, 57.84753363228692
1488.0, 63.20907617504049
1489.0, 57.483128225486254
1490.0, 74.79224376731297
1491.0, 70.62937062937056
1492.0, 76.82512733446512
1493.0, 71.93958664546894
1494.0, 72.79383429672446
1495.0, 68.19699499165269
1496.0, 65.78099838969396
1497.0, 61.56758803483526
1498.0, 57.13766799854703
1499.0, 58.64002804065896
1500.0, 65.34069981583794
1501.0, 54.69458987783597
1502.0, 57.17584955460241
1503.0, 62.267287234042534
1504.0, 58.61474844934528
1505.0, 41.09042553191488
1506.0, 32.71567436208991
1507.0, 39.556868537666176
1508.0, 32.22674600689005
1509.0, 31.286105199148665
1510.0, 29.991256193529594
1511.0, 39.06292563334238
1512.0, 47.531020511521895
1513.0, 39.03285515964829
1514.0, 38.14553990610325
1515.0, 48.10933940774487
1516.0, 44.31679296015644
1517.0, 40.75517661388549
1518.0, 46.08021877848676
1519.0, 58.27089337175796
1520.0, 50.430161943319874
1521.0, 49.96168582375479
1522.0, 46.42772371231899
1523.0, 44.073907165389805
1524.0, 45.13151822796491
1525.0, 40.44578011520161
1526.0, 44.99190377052972
1527.0, 53.82854235563469
1528.0, 50.81967213114754
1529.0, 40.41687849517028
1530.0, 40.37140676672599
1531.0, 45.590062111801224
1532.0, 40.42437431991293
1533.0, 43.694541543425615
1534.0, 55.75740637227501
1535.0, 52.77280858676207
1536.0, 58.960692871419056
1537.0, 62.23628691983126
1538.0, 68.87442572741197
1539.0, 69.69809914275066
1540.0, 45.8420392812369
1541.0, 40.45434687636526
1542.0, 43.08980921358769
1543.0, 52.25563909774435
1544.0, 56.99080793420419
1545.0, 63.249276560562244
1546.0, 67.14708056171472
1547.0, 59.88579586009997
1548.0, 60.071047957371235
1549.0, 64.14431673052368
1550.0, 67.53525444512573
1551.0, 73.46809854706254
1552.0, 75.41703248463564
1553.0, 74.81259370314844
1554.0, 81.42950391644912
1555.0, 83.71715861174174
1556.0, 84.48445171849436
1557.0, 82.21933809214799
1558.0, 81.22644741349781
1559.0, 75.329646958741
1560.0, 64.77520733304235
1561.0, 68.76737720111213
1562.0, 68.94009216589862
1563.0, 55.35714285714282
1564.0, 47.536231884057955
1565.0, 37.386018237081984
1566.0, 31.46387832699628
1567.0, 27.114870881567285
1568.0, 37.609457092819646
1569.0, 37.93554006968645
1570.0, 33.47425057647962
1571.0, 30.62587904360059
1572.0, 30.38108680310515
1573.0, 35.77101257445405
1574.0, 45.8451816745656
1575.0, 49.86003110419907
1576.0, 50.82367297132401
1577.0, 45.45702592087316
1578.0, 44.36750998668441
1579.0, 46.510329424902295
1580.0, 39.70440881763525
1581.0, 43.72933095904349
1582.0, 36.2716049382716
1583.0, 32.619557458957914
1584.0, 30.13849197625855
1585.0, 32.24365004703672
1586.0, 35.56251397897567
1587.0, 28.76338442158304
1588.0, 24.767184035476674
1589.0, 23.11352821210066
1590.0, 24.666962699822392
1591.0, 34.390771449170884
1592.0, 37.29025795141501
1593.0, 34.57162758300444
1594.0, 38.93828451882846
1595.0, 38.85833987954963
1596.0, 45.20624303233003
1597.0, 53.409399619668534
1598.0, 64.86308149125699
1599.0, 70.34306776297132
1600.0, 68.08056148916688
1601.0, 82.91199999999994
1602.0, 83.69963369963367
1603.0, 80.40095751047275
1604.0, 66.02841260037059
1605.0, 64.13433322464945
1606.0, 59.99371464487743
1607.0, 71.19524870081662
1608.0, 74.25410660408991
1609.0, 64.76249611921766
1610.0, 69.91783726477604
1611.0, 68.59435528500279
1612.0, 70.22880215343206
1613.0, 67.06372840976775
1614.0, 63.680181457329184
1615.0, 60.11830635118305
1616.0, 43.95982024848002
1617.0, 47.367035281727176
1618.0, 50.195312499999986
1619.0, 45.02046384720329
1620.0, 38.924274593064396
1621.0, 35.88453968948173
1622.0, 24.52107279693483
1623.0, 22.691203781867273
1624.0, 8.514516339018357
1625.0, 25.29236657452688
1626.0, 23.854476028850215
1627.0, 31.340856924254012
1628.0, 31.800097040271694
1629.0, 37.36185383244207
1630.0, 40.75811237675888
1631.0, 39.4714162596955
1632.0, 37.90344827586207
1633.0, 37.431892480929896
1634.0, 40.28965785381026
1635.0, 44.98719529545669
1636.0, 52.467156304955004
1637.0, 53.586899101954565
1638.0, 73.87508394895903
1639.0, 68.7248753818942
1640.0, 66.16099071207431
1641.0, 60.87345623769465
1642.0, 57.96829725583776
1643.0, 44.937407952871865
1644.0, 43.197526373226644
1645.0, 52.53887654712789
1646.0, 54.781601588352075
1647.0, 52.035203520352034
1648.0, 51.80400189065699
1649.0, 46.85545517720641
1650.0, 46.51162790697676
1651.0, 54.73509322503232
1652.0, 52.2120444357825
1653.0, 40.881147540983605
1654.0, 42.15085569406295
1655.0, 30.132568971694752
1656.0, 27.04180064308683
1657.0, 34.00756454530506
1658.0, 36.27257799671594
1659.0, 27.95619082977541
1660.0, 25.422012153950064
1661.0, 32.75675675675676
1662.0, 30.91836734693878
1663.0, 25.901029748283747
1664.0, 33.42328450269852
1665.0, 29.12966252220248
1666.0, 32.118118847976675
1667.0, 31.901025950512974
1668.0, 39.594760998544736
1669.0, 42.98736023334955
1670.0, 51.78755144032923
1671.0, 47.224383916990945
1672.0, 51.070226070226084
1673.0, 44.85918641037103
1674.0, 52.86338410674223
1675.0, 47.725449753638145
1676.0, 50.3233392122281
1677.0, 62.49245260234271
1678.0, 59.969068178889025
1679.0, 58.74258300719607
1680.0, 54.868889181710365
1681.0, 63.815627310820794
1682.0, 58.96765313145217
1683.0, 59.59104186952288
1684.0, 50.3116297573266
1685.0, 54.25787506673783
1686.0, 51.217081850533795
1687.0, 54.8810250152532
1688.0, 52.428433579929234
1689.0, 59.9127077387947
1690.0, 50.41599766457453
1691.0, 41.334194798901635
1692.0, 39.82770046388336
1693.0, 40.981929764746
1694.0, 44.00203320908169
1695.0, 33.07006885378695
1696.0, 29.139900071377582
1697.0, 31.26555619375837
1698.0, 34.52431289640593
1699.0, 30.072863766835937
1700.0, 22.793343164103604
1701.0, 25.70454545454541
1702.0, 26.96604110813223
1703.0, 20.691244239631274
1704.0, 40.946601941747524
1705.0, 40.70945945945944
1706.0, 38.157563553989405
1707.0, 47.19302742886436
1708.0, 43.13007066213028
1709.0, 46.239485403265725
1710.0, 48.78621769772905
1711.0, 54.84464902186422
1712.0, 54.66850194998854
1713.0, 52.04193055252241
1714.0, 56.995933987084456
1715.0, 59.17347865576754
1716.0, 60.053321484114676
1717.0, 60.442754919499144
1718.0, 59.55647005029725
1719.0, 63.86695381670256
1720.0, 64.1074399809841
1721.0, 60.961192495502466
1722.0, 62.78454208575968
1723.0, 55.17331932773107
1724.0, 65.09543088490457
1725.0, 57.765214499501134
1726.0, 67.26813424756402
1727.0, 67.02624955052133
1728.0, 68.9349112426035
1729.0, 64.16767432486895
1730.0, 59.42492012779551
1731.0, 66.94764862466718
1732.0, 60.66525871172117
1733.0, 58.05243445692876
1734.0, 45.02188183807437
1735.0, 50.74183976261122
1736.0, 60.538827258320076
1737.0, 72.27762265656156
1738.0, 76.06749311294757
1739.0, 77.8167778167778
1740.0, 77.87114845938372
1741.0, 88.18084727661088
1742.0, 87.46468926553672
1743.0, 89.36022253129343
1744.0, 80.66750629722921
1745.0, 81.1135035373731
1746.0, 81.31466828971392
1747.0, 75.84445075219985
1748.0, 82.66373142542656
1749.0, 81.2590658543661
1750.0, 76.60779740086633
1751.0, 76.43504531722051
1752.0, 59.84088550674504
1753.0, 57.03875455448825
1754.0, 59.110970996216885
1755.0, 48.79663056558366
1756.0, 49.00302114803627
1757.0, 50.93023255813954
1758.0, 54.81852315394243
1759.0, 45.62383612662942
1760.0, 33.86503067484662
1761.0, 46.37763833428406
1762.0, 41.06583072100313
1763.0, 42.27314958191391
1764.0, 40.313053750738334
1765.0, 38.86872353297033
1766.0, 45.40370499825239
1767.0, 43.97427217332428
1768.0, 41.436659589525874
1769.0, 47.0470068300522
1770.0, 44.47398404861376
1771.0, 37.93517406962786
1772.0, 40.66241021548288
1773.0, 48.40262582056893
1774.0, 69.40386893012231
1775.0, 56.51577503429351
1776.0, 50.16447368421051
1777.0, 52.619233776387794
1778.0, 63.136531365313594
1779.0, 57.98255593477439
1780.0, 51.23435914778492
1781.0, 49.39680469514185
1782.0, 47.46106973595122
1783.0, 51.07154632377186
1784.0, 55.58573853989813
1785.0, 56.682825484764585
1786.0, 57.86460087571571
1787.0, 56.96594427244583
1788.0, 44.03508771929821
1789.0, 48.741845293569476
1790.0, 52.143569292123594
1791.0, 39.71533516988064
1792.0, 24.594195769798446
1793.0, 20.929259104227782
1794.0, 28.800366300366363
1795.0, 46.12317235268055
1796.0, 41.63179916317998
1797.0, 48.218262806236076
1798.0, 53.468979319546335
1799.0, 48.39975845410626
1800.0, 47.28562615669343
1801.0, 51.804850535815
1802.0, 49.24932975871318
1803.0, 50.92040445942439
1804.0, 54.738186462324414
1805.0, 57.406911331368875
1806.0, 63.42765616657764
1807.0, 71.39423076923086
1808.0, 72.24489795918375
1809.0, 67.98288910825934
1810.0, 71.835883171071
1811.0, 63.15995307000392
1812.0, 57.33695652173918
1813.0, 69.32578486875974
1814.0, 67.68325307651148
1815.0, 57.70653514180027
1816.0, 68.09364548494985
1817.0, 52.2140221402215
1818.0, 40.43452021726004
1819.0, 41.53750774953498
1820.0, 21.60158180919423
1821.0, 17.66370250606299
1822.0, 21.502890173410407
1823.0, 20.636094674556233
1824.0, 25.706313219393067
1825.0, 29.67265047518481
1826.0, 26.872690628149087
1827.0, 34.20973103656691
1828.0, 30.29167781643028
1829.0, 32.86322511974454
1830.0, 28.232125367286997
1831.0, 30.617088607594937
1832.0, 38.49085365853662
1833.0, 46.21336459554514
1834.0, 52.39234449760765
1835.0, 64.18282548476452
1836.0, 50.23006134969326
1837.0, 55.169010609425115
1838.0, 51.32235528942117
1839.0, 51.85093780848961
1840.0, 55.00253936008128
1841.0, 53.15886862278615
1842.0, 61.3761202659728
1843.0, 58.92648774795797
1844.0, 60.0118835412953
1845.0, 59.037558685446
1846.0, 50.999692402337715
1847.0, 44.78336221837085
1848.0, 52.298095863427456
1849.0, 51.48580968280465
1850.0, 74.3004181408813
1851.0, 74.94512386328002
1852.0, 79.23173016864462
1853.0, 78.38804029899254
1854.0, 78.21100917431193
1855.0, 73.01097393689986
1856.0, 66.02291325695587
1857.0, 67.032236623463
1858.0, 75.9134973900075
1859.0, 79.47658402203864
1860.0, 83.08135349172078
1861.0, 83.70319001386973
1862.0, 75.16897901102821
1863.0, 66.37458926615565
1864.0, 50.82284607938042
1865.0, 35.338725985844235
1866.0, 27.76659959758534
1867.0, 26.751269035532843
1868.0, 20.973298880275507
1869.0, 17.214563449982194
1870.0, 18.083921277385684
1871.0, 19.348871624121244
1872.0, 21.100253347810238
1873.0, 13.663366336633644
1874.0, 19.62652439024383
1875.0, 12.278675904541942
1876.0, 12.623664424218418
1877.0, 13.471283783783747
1878.0, 13.36405529953916
1879.0, 14.546283629730937
1880.0, 23.176733780760543
1881.0, 21.967769296013515
1882.0, 26.60922453117081
1883.0, 42.60686755430976
1884.0, 52.27118644067798
1885.0, 51.07713690062539
1886.0, 54.28571428571434
1887.0, 50.9853782581055
1888.0, 36.68020893789899
1889.0, 41.67194426852432
1890.0, 50.868167202572266
1891.0, 52.73333333333337
1892.0, 55.704225352112665
1893.0, 54.551724137930975
1894.0, 50.63670411985017
1895.0, 63.89078498293515
1896.0, 66.15483045425461
1897.0, 67.68478924862555
1898.0, 61.76470588235291
1899.0, 52.734374999999964
1900.0, 47.2513897467573
1901.0, 55.9843400447427
1902.0, 75.19915029208715
1903.0, 78.61721611721615
1904.0, 72.3948811700183
1905.0, 67.6056338028169
1906.0, 66.24843161856967
1907.0, 57.41210583544768
1908.0, 53.64806866952791
1909.0, 50.66615911686335
1910.0, 43.01754385964912
1911.0, 39.577934098482004
1912.0, 44.5070422535211
1913.0, 44.886363636363626
1914.0, 40.89291491426719
1915.0, 42.42042231326825
1916.0, 39.079693231077016
1917.0, 35.73689764333453
1918.0, 42.51700680272114
1919.0, 45.84811923349891
1920.0, 54.53400503778337
1921.0, 66.68939652233203
1922.0, 71.52361942781103
1923.0, 65.90909090909089
1924.0, 68.72496662216287
1925.0, 69.32981181908225
1926.0, 68.43357118586479
1927.0, 76.2134251290878
1928.0, 76.37116246981721
1929.0, 69.02074990899162
1930.0, 60.11623683254629
1931.0, 58.87640449438203
1932.0, 44.749163879598655
1933.0, 38.34319526627219
1934.0, 28.44798936523759
1935.0, 29.479200786112003
1936.0, 24.04632152588553
1937.0, 23.73109243697479
1938.0, 28.28422876949739
1939.0, 24.720893141945737
1940.0, 20.85812715314752
1941.0, 15.184099055066824
1942.0, 16.06896551724141
1943.0, 16.939294801890256
1944.0, 15.228758169934665
1945.0, 13.504501500500197
1946.0, 21.839080459770102
1947.0, 31.37003841229202
1948.0, 33.54922279792747
1949.0, 24.660852713178315
1950.0, 33.84064458370639
1951.0, 40.608401738290596
1952.0, 38.56143856143851
1953.0, 46.404109589041056
1954.0, 48.22064056939505
1955.0, 46.91286785920371
1956.0, 56.196120689655196
1957.0, 57.524012806830314
1958.0, 74.34482758620707
1959.0, 76.72090112640812
1960.0, 77.2198407838336
1961.0, 70.5730843528655
1962.0, 71.36591478696754
1963.0, 63.70246085011181
1964.0, 54.589963280293716
1965.0, 51.30324221233313
1966.0, 53.77187688593843
1967.0, 53.09246785058172
1968.0, 61.42691415313218
1969.0, 70.81313947226705
1970.0, 58.33333333333339
1971.0, 57.696506550218345
1972.0, 55.89635113696455
1973.0, 53.87168141592922
1974.0, 51.847575057736734
1975.0, 57.56373937677053
1976.0, 61.09090909090909
1977.0, 71.69021454735748
1978.0, 76.69094693028104
1979.0, 78.96825396825412
1980.0, 76.44606565919756
1981.0, 73.6414423565262
1982.0, 74.43349753694586
1983.0, 61.67076167076172
1984.0, 70.15821058374245
1985.0, 71.99180747567846
1986.0, 79.21126760563368
1987.0, 80.50713153724237
1988.0, 81.68734491315124
1989.0, 83.09665597801181
1990.0, 78.29341317365264
1991.0, 76.5877287405812
1992.0, 76.34584013050566
1993.0, 75.60291643297802
1994.0, 76.90124858115777
1995.0, 70.79414838035524
1996.0, 63.04347826086954
1997.0, 76.17574257425738
1998.0, 69.40427993059564
1999.0, 66.97877652933818
2000.0, 68.18742293464854
2001.0, 49.09589041095887
2002.0, 46.01975595583962
2003.0, 37.44107744107743
2004.0, 46.59653465346526
2005.0, 49.53216374269011
2006.0, 45.51971326164871
2007.0, 44.86094316807748
2008.0, 53.25474115838027
2009.0, 52.31621349446127
2010.0, 50.608865075499324
2011.0, 54.36543654365433
2012.0, 50.0
2013.0, 59.24426450742241
2014.0, 63.43825665859565
2015.0, 73.58803986710961
2016.0, 72.07927677329617
2017.0, 72.64054514480402
2018.0, 73.64620938628154
2019.0, 67.50160565189462
2020.0, 66.41390205371246
2021.0, 68.45697329376853
2022.0, 65.69861245563085
2023.0, 68.69095816464232
2024.0, 72.67913872220254
2025.0, 70.5815279361459
2026.0, 74.10215482841174
2027.0, 66.85393258426959
2028.0, 49.73432518597233
2029.0, 51.26223596084491
2030.0, 53.12343828085956
2031.0, 52.91164658634537
2032.0, 43.21345707656609
2033.0, 51.9050593379138
2034.0, 55.629139072847615
2035.0, 44.25373134328358
2036.0, 47.68907563025201
2037.0, 46.77197802197797
2038.0, 39.47210557888413
2039.0, 53.905893101872984
2040.0, 60.999510044096
2041.0, 63.301060396496055
2042.0, 73.7920168067227
2043.0, 70.15437392795883
2044.0, 74.81910274963823
2045.0, 65.80498866213154
2046.0, 50.0
2047.0, 37.56191524490916
2048.0, 38.675675675675684
2049.0, 37.777191129883846
2050.0, 39.064115822130276
2051.0, 40.531115879828306
2052.0, 43.1837667905116
2053.0, 31.89448441246988
2054.0, 27.845659163987065
2055.0, 24.4047619047618
2056.0, 30.51671732522786
2057.0, 37.624035281146575
2058.0, 28.433664523670274
2059.0, 33.403424451787245
2060.0, 44.73094170403584
2061.0, 61.38461538461545
2062.0, 63.76323387872963
2063.0, 73.12614259597815
2064.0, 62.31625835189319
2065.0, 65.5158240854912
2066.0, 67.6242236024845
2067.0, 68.56388993592168
2068.0, 69.11094224924005
2069.0, 62.70251637366423
2070.0, 60.52535570959506
2071.0, 54.86024196912808
2072.0, 59.475350520126646
2073.0, 43.10850439882702
2074.0, 41.123256690539016
2075.0, 42.60054666146035
2076.0, 36.156351791530966
2077.0, 25.153877718506436
2078.0, 25.96357475645921
2079.0, 18.30122591943966
2080.0, 12.195121951219633
2081.0, 5.794392523364522
2082.0, 11.673753382296212
2083.0, 12.86749041329368
2084.0, 8.213644524236969
2085.0, 6.4291247095275
2086.0, 5.303514376996816
2087.0, 5.76789437109106
2088.0, 16.450216450216473
2089.0, 16.12121212121211
2090.0, 17.694204685573396
2091.0, 19.165275459098524
2092.0, 17.012448132780108
2093.0, 13.95914396887163
2094.0, 18.54990583804144
2095.0, 20.97418152781475
2096.0, 30.905282755410738
2097.0, 35.34136546184739
2098.0, 40.88127294981641
2099.0, 41.69787765293385
2100.0, 47.7030162412993
2101.0, 55.52884615384612
2102.0, 48.53932584269662
2103.0, 47.39151633349587
2104.0, 46.03097773475315
2105.0, 49.62610469068664
2106.0, 51.9326535451743
2107.0, 71.01485148514853
2108.0, 64.55142231947482
2109.0, 65.76665840971023
2110.0, 60.31016657093625
2111.0, 57.47692307692309
2112.0, 53.717347622237135
2113.0, 58.01084990958405
2114.0, 57.363202350348864
2115.0, 57.174474363703474
2116.0, 56.32267441860461
2117.0, 58.868211165970315
2118.0, 56.88073394495411
2119.0, 50.54064877853419
2120.0, 59.19324577861158
2121.0, 33.48650201033887
2122.0, 36.392009987515635
2123.0, 31.753812636165577
2124.0, 25.437112239142834
2125.0, 23.018867924528365
2126.0, 13.930348258706573
2127.0, 14.133482893998973
2128.0, 23.830845771144354
2129.0, 11.532846715328517
2130.0, 10.268630849220159
2131.0, 11.869565217391425
2132.0, 10.107367641614303
2133.0, 8.353733170134731
2134.0, 7.317073170731788
2135.0, 16.358839050132005
2136.0, 16.480595427963934
2137.0, 20.335256938719525
2138.0, 29.054900977688703
2139.0, 29.135243841126254
2140.0, 30.74150360453146
2141.0, 33.698630136986324
2142.0, 28.411405295315717
2143.0, 31.46036916395225
2144.0, 33.27591157048525
2145.0, 33.25674899483056
2146.0, 34.587813620071685
2147.0, 47.67325075326416
2148.0, 61.551904928346744
2149.0, 56.913435174304695
2150.0, 61.31069877615476
2151.0, 49.447895100069005
2152.0, 42.481350608559026
2153.0, 42.1996879875195
2154.0, 39.25759280089986
2155.0, 52.865871399476326
2156.0, 56.40569395017792
2157.0, 53.51180195739781
2158.0, 58.16645807259072
2159.0, 56.07131878266215
2160.0, 65.73978716100245
2161.0, 64.42067736185382
2162.0, 58.72952457051535
2163.0, 57.03467516939025
2164.0, 60.84271703596077
2165.0, 68.08943089430906
2166.0, 61.52373660030632
2167.0, 57.37236701178153
2168.0, 60.975609756097626
2169.0, 38.4943940202882
2170.0, 33.70429252782189
2171.0, 52.07972270363953
2172.0, 59.520239880060046
2173.0, 57.32851985559566
2174.0, 52.47108307045213
2175.0, 53.76747357654279
2176.0, 58.91135303265943
2177.0, 56.00236546422234
2178.0, 44.66858789625364
2179.0, 52.30471984543193
2180.0, 54.12739217366469
2181.0, 56.83863227354528
2182.0, 57.00627427547059
2183.0, 52.54750757367115
2184.0, 50.105042016806706
2185.0, 37.16422043755195
2186.0, 29.00485436893203
2187.0, 32.57932767829094
2188.0, 31.424242424242422
2189.0, 24.008413461538453
2190.0, 17.729342875731987
2191.0, 17.24137931034487
2192.0, 16.681971227425805
2193.0, 9.266666666666737
2194.0, 12.533333333333346
2195.0, 13.391304347826136
2196.0, 23.384615384615415
2197.0, 32.866687877823765
2198.0, 34.641180415828316
2199.0, 38.401486988847616
2200.0, 37.53633720930234
2201.0, 44.079375406636295
2202.0, 48.289379900213824
2203.0, 52.05532078371116
2204.0, 52.95891443648701
2205.0, 64.40360090022504
2206.0, 72.84683920237595
2207.0, 72.62617621899065
2208.0, 74.73351756810112
2209.0, 75.39407920030764
2210.0, 71.44132083891124
2211.0, 67.61133603238869
2212.0, 74.16338582677182
2213.0, 77.0843989769822
2214.0, 77.44090441932165
2215.0, 66.14739364889162
2216.0, 72.13367609254504
2217.0, 71.2182741116751
2218.0, 72.27383863080681
2219.0, 72.6878612716763
2220.0, 73.89813907933394
2221.0, 77.09497206703907
2222.0, 68.7585890975721
2223.0, 62.34676007005255
2224.0, 58.394475615019395
2225.0, 62.136684996072276
2226.0, 61.57831805500196
2227.0, 55.4558506819813
2228.0, 60.724331926863556
2229.0, 66.40677966101691
2230.0, 59.819819819819756
2231.0, 64.69577174286692
2232.0, 49.54665106756363
2233.0, 42.69911504424782
2234.0, 42.645202020202085
2235.0, 32.21369161868209
2236.0, 34.04753933712759
2237.0, 36.076622915927665
2238.0, 35.44789125130713
2239.0, 28.97473997028233
2240.0, 26.291441788743285
2241.0, 28.764234500210904
2242.0, 22.552999548940107
2243.0, 12.872238232468789
2244.0, 13.20197044334978
2245.0, 7.6035658101730235
2246.0, 14.331723027375261
2247.0, 22.784810126582315
2248.0, 34.20829805249785
2249.0, 42.39244491080783
2250.0, 63.326653306613196
2251.0, 61.59844054580888
2252.0, 67.61768901569175
2253.0, 71.42857142857139
2254.0, 74.38231469440827
2255.0, 77.08894878706204
2256.0, 82.09982788296037
2257.0, 88.39092872570195
2258.0, 92.15148188803511
2259.0, 81.1921891058582
2260.0, 81.89015338941118
2261.0, 81.71828171828173
2262.0, 83.21100917431194
2263.0, 88.76058506543502
2264.0, 86.70309653916217
2265.0, 71.52516904583028
2266.0, 68.71165644171782
2267.0, 71.95082497573604
2268.0, 67.16319099635885
2269.0, 68.56780735107735
2270.0, 66.33864947404143
2271.0, 58.8492597577389
2272.0, 48.59094790777114
2273.0, 49.37807347411046
2274.0, 48.163507109004755
2275.0, 48.270765592669214
2276.0, 42.98555377207061
2277.0, 31.710969674279255
2278.0, 27.233542319749233
2279.0, 36.38954869358671
2280.0, 33.289873967840066
2281.0, 18.94395553496996
2282.0, 22.876127195064143
2283.0, 16.902094495859743
2284.0, 20.72490706319705
2285.0, 19.717064544650825
2286.0, 35.914760914760876
2287.0, 45.10813594232755
2288.0, 39.691444600280526
2289.0, 36.036468330134426
2290.0, 35.88150979455334
2291.0, 39.048516250588804
2292.0, 46.88289806234205
2293.0, 46.22601279317698
2294.0, 62.12182331585325
2295.0, 65.11627906976744
2296.0, 61.53523489932889
2297.0, 52.22499110003561
2298.0, 45.550847457627135
2299.0, 53.17738791423003
2300.0, 48.78464818763329
2301.0, 41.12349914236704
2302.0, 43.67030965391616
2303.0, 52.84360189573456
2304.0, 52.1028037383177
2305.0, 49.469964664310936
2306.0, 42.306025140875605
2307.0, 47.88566953797963
2308.0, 30.497017892644166
2309.0, 34.27773343974472
2310.0, 39.44704049844244
2311.0, 49.12706110572265
2312.0, 47.07249070631969
2313.0, 44.22986340084785
2314.0, 48.4769364664926
2315.0, 53.21312991215901
2316.0, 57.34072022160665
2317.0, 49.7553017944535
2318.0, 53.43886462882099
2319.0, 58.584807492195566
2320.0, 49.845064187693715
2321.0, 44.67773437499999
2322.0, 49.35275080906146
2323.0, 51.846153846153825
2324.0, 56.6682048915551
2325.0, 65.38886841135272
2326.0, 75.74738415545596
2327.0, 79.70430107526884
2328.0, 75.28596187175042
2329.0, 72.64375637972095
2330.0, 68.49865951742625
2331.0, 70.83462612472849
2332.0, 70.24374802152578
2333.0, 69.08911542255836
2334.0, 80.57003823427169
2335.0, 77.75078097882677
2336.0, 77.37478411053539
2337.0, 72.8952042628774
2338.0, 69.33279742765271
2339.0, 57.26080621660997
2340.0, 54.685890834191596
2341.0, 35.90385578367551
2342.0, 47.18087505638251
2343.0, 51.06479383778886
2344.0, 53.923444976076574
2345.0, 51.82591295647825
2346.0, 49.78375780874579
2347.0, 49.07407407407407
2348.0, 43.329718004338446
2349.0, 36.51736745886659
2350.0, 46.19336758524054
2351.0, 42.40994854202403
2352.0, 41.532433609055296
2353.0, 43.761467889908296
2354.0, 36.58318425760282
2355.0, 44.12081984897518
2356.0, 43.5729847494553
2357.0, 36.94758478931139
2358.0, 33.16420664206639
2359.0, 27.07599396074474
2360.0, 28.241469816272883
2361.0, 27.603899435607914
2362.0, 27.14212416623903
2363.0, 32.060606060605934
2364.0, 37.58351893095773
2365.0, 44.55445544554458
2366.0, 51.61290322580648
2367.0, 53.255425709515876
2368.0, 65.71428571428574
2369.0, 58.364661654135375
2370.0, 53.56394129979042
2371.0, 56.21562156215617
2372.0, 64.03508771929823
2373.0, 52.40334378265418
2374.0, 48.712967459932074
2375.0, 51.53256704980843
2376.0, 50.0
2377.0, 52.207666181465335
2378.0, 42.40687679083092
2379.0, 48.80705394190873
2380.0, 48.07995791688584
2381.0, 42.714071106659965
2382.0, 47.92899408284021
2383.0, 49.13672421838546
2384.0, 41.02345415778244
2385.0, 50.36778939217968
2386.0, 53.736263736263744
2387.0, 61.44879267277271
2388.0, 61.194029850746254
2389.0, 57.500000000000064
2390.0, 56.84764991896265
2391.0, 55.60840269520414
2392.0, 54.253673627223485
2393.0, 48.15705128205124
2394.0, 46.551011978521245
2395.0, 51.20171673819744
2396.0, 38.003220611916355
2397.0, 38.75205254515603
2398.0, 57.356737222509004
2399.0, 40.82496033844526
2400.0, 32.84552845528454
2401.0, 27.728750580585213
2402.0, 34.37939110070258
2403.0, 27.813565744600226
2404.0, 27.449513836948427
2405.0, 33.34534967555874
2406.0, 33.2614167565624
2407.0, 32.006920415224926
2408.0, 27.837932238910255
2409.0, 24.318030605455732
2410.0, 22.91536050156735
2411.0, 24.101549620837417
2412.0, 11.888365349764399
2413.0, 22.81588447653425
2414.0, 23.278084714548797
2415.0, 23.65269461077841
2416.0, 23.163841807909492
2417.0, 29.999999999999886
2418.0, 40.3581267217631
2419.0, 30.81056874160322
2420.0, 28.871170793117912
2421.0, 45.7121825542878
2422.0, 43.88692579505299
2423.0, 46.58664666166537
2424.0, 53.37657382678368
2425.0, 59.431438127090324
2426.0, 55.792778649921516
2427.0, 53.63845900559763
2428.0, 51.9120458891013
2429.0, 61.58631415241055
2430.0, 59.768637532133695
2431.0, 58.69359419375201
2432.0, 44.173816772764965
2433.0, 48.24663939216836
2434.0, 51.885606536769345
2435.0, 40.6145871899297
2436.0, 38.53178784685637
2437.0, 39.150606709493275
2438.0, 40.11239901650862
2439.0, 29.429892141756568
2440.0, 56.75365643819902
2441.0, 55.45051698670605
2442.0, 57.017010935601455
2443.0, 51.10515740120567
2444.0, 48.536895674300276
2445.0, 47.97233574347687
2446.0, 59.078590785907885
2447.0, 56.576923076923066
2448.0, 54.041146216017616
2449.0, 54.970104633781744
2450.0, 64.79166666666663
2451.0, 58.283358320839525
2452.0, 54.66666666666671
2453.0, 61.25389408099689
2454.0, 25.942028985507108
2455.0, 20.893470790377975
2456.0, 26.865671641790982
2457.0, 30.810448760884043
2458.0, 31.636863823933936
2459.0, 33.823529411764696
2460.0, 37.25178713264497
2461.0, 47.971014492753575
2462.0, 47.38725841088043
2463.0, 43.899204244031765
2464.0, 45.838668373879656
2465.0, 48.11827956989255
2466.0, 48.75755540631287
2467.0, 35.04155124653728
2468.0, 28.06433721575145
2469.0, 25.829504849412842
2470.0, 31.300236406619362
2471.0, 32.51277287505805
2472.0, 37.789324515824305
2473.0, 47.8002378121284
2474.0, 50.1702610669693
2475.0, 45.722356739305894
2476.0, 46.95399917115626
2477.0, 52.848885218827455
2478.0, 55.233241865934936
2479.0, 52.24323322209861
2480.0, 57.894736842105296
2481.0, 62.58823529411771
2482.0, 70.4502459326523
2483.0, 72.90524667188731
2484.0, 70.36402569593153
2485.0, 67.88546255506617
2486.0, 68.92583120204608
2487.0, 61.22345803842268
2488.0, 60.8673469387756
2489.0, 60.929519918284015
2490.0, 69.35698447893569
2491.0, 60.763293310463105
2492.0, 54.971319311663535
2493.0, 69.94508237643541
2494.0, 56.945213060321045
2495.0, 59.415753781951025
2496.0, 56.89310689310692
2497.0, 58.86304909560727
2498.0, 59.053497942386876
2499.0, 59.023136246786635
2500.0, 55.174353205849314
2501.0, 64.23185673892557
2502.0, 58.669165885660796
2503.0, 63.13522825150738
2504.0, 46.280642434488605
2505.0, 49.39106901217867
2506.0, 50.0
2507.0, 43.10520939734422
2508.0, 55.46058879392214
2509.0, 50.25987525987521
2510.0, 49.53893442622958
2511.0, 54.49229133439662
2512.0, 43.61467079098538
2513.0, 46.406926406926395
2514.0, 47.85172704296545
2515.0, 34.35079726651486
2516.0, 35.44898918664788
2517.0, 26.290165530671928
2518.0, 30.066815144766196
2519.0, 43.57381748686094
2520.0, 42.4186046511628
2521.0, 39.84272608125821
2522.0, 27.8277330809276
2523.0, 21.585903083700472
2524.0, 23.563664596273256
2525.0, 27.87545787545784
2526.0, 36.25514403292183
2527.0, 42.394942357753834
2528.0, 38.33992094861659
2529.0, 48.74661246612463
2530.0, 48.565642929463365
2531.0, 56.70006261740766
2532.0, 57.52858958068615
2533.0, 58.4653619136378
2534.0, 58.88610763454313
2535.0, 58.374689826302706
2536.0, 55.45079552150855
2537.0, 64.8294867378574
2538.0, 65.0701334245638
2539.0, 66.25908790482487
2540.0, 61.52088772845951
2541.0, 56.65441176470584
2542.0, 62.684365781710895
2543.0, 61.535537818320016
2544.0, 54.91858887381273
2545.0, 45.727906123945715
2546.0, 43.6166491780343
2547.0, 33.154639175257714
2548.0, 34.905660377358515
2549.0, 36.85578172368991
2550.0, 41.391050583657595
2551.0, 43.52941176470587
2552.0, 37.26480036714091
2553.0, 26.394052044609666
2554.0, 27.921348314606774
2555.0, 27.780883174958106
2556.0, 36.41732283464565
2557.0, 25.38157150932726
2558.0, 31.53089887640445
2559.0, 33.835719668425014
2560.0, 30.77450308430427
2561.0, 26.95078031212479
2562.0, 26.554013277006547
2563.0, 27.16049382716045
2564.0, 22.278481012658133
2565.0, 25.2247752247752
2566.0, 42.63133426313342
2567.0, 45.39325842696625
2568.0, 39.56130043086561
2569.0, 40.17160686427453
2570.0, 25.20064205457463
2571.0, 32.200886262924726
2572.0, 38.885112168592805
2573.0, 38.36351441985242
2574.0, 40.12627148368992
2575.0, 42.24519940915803
2576.0, 38.576909661667244
2577.0, 37.50423872499151
2578.0, 42.294455066921635
2579.0, 44.886778670562435
2580.0, 33.265472312703594
2581.0, 27.878321139776673
2582.0, 39.57826439578266
2583.0, 36.93972179289027
2584.0, 47.961630695443716
2585.0, 44.45392491467573
2586.0, 36.18421052631576
2587.0, 38.67054827753522
2588.0, 49.3293591654248
2589.0, 59.39108061749575
2590.0, 67.57457846952009
2591.0, 74.20382165605098
2592.0, 75.10072522159543
2593.0, 74.80635955972274
2594.0, 80.83267871170456
2595.0, 90.95441595441586
2596.0, 90.74006562158212
2597.0, 91.13877700476014
2598.0, 76.43854273067747
2599.0, 77.43723508314307
2600.0, 76.93553611920953
2601.0, 72.91925465838503
2602.0, 64.79975910870212
2603.0, 56.99481865284971
2604.0, 57.63955342902714
2605.0, 54.2226818338504
2606.0, 58.06132542037586
2607.0, 59.230769230769226
2608.0, 53.48913759052007
2609.0, 44.76153244722438
2610.0, 42.09016393442625
2611.0, 48.03564196030779
2612.0, 58.48126232741621
2613.0, 53.23819978046099
2614.0, 58.898305084745814
2615.0, 64.0184225676454
2616.0, 76.21658670322134
2617.0, 82.49258160237387
2618.0, 88.8836552048987
2619.0, 84.29828624363122
2620.0, 80.47337278106507
2621.0, 80.73929961089495
2622.0, 88.29738412115641
2623.0, 89.1949152542372
2624.0, 82.42914979757083
2625.0, 82.30737871993475
2626.0, 82.61047463175122
2627.0, 80.43824701195221
2628.0, 75.62449637389199
2629.0, 76.96173173560108
2630.0, 77.85028790786953
2631.0, 79.55160417471976
2632.0, 69.54519286125502
2633.0, 72.6835138387486
2634.0, 69.14710933028053
2635.0, 64.35185185185182
2636.0, 58.94897182025896
2637.0, 46.910569105691025
2638.0, 48.81556683587131
2639.0, 37.084398976982044
2640.0, 27.08592777085923
2641.0, 17.330677290836604
2642.0, 14.587525150905407
2643.0, 15.885072655217925
2644.0, 24.622669428825063
2645.0, 28.755244755244675
2646.0, 22.58811422691018
2647.0, 20.31937051608419
2648.0, 21.009810959559644
2649.0, 20.629959124789636
2650.0, 21.3298379408961
2651.0, 28.253039171544344
2652.0, 29.11157504059382
2653.0, 34.87076648841354
2654.0, 45.6806282722513
2655.0, 58.32183273530226
2656.0, 72.32704402515724
2657.0, 68.87599266951736
2658.0, 65.0308853809197
2659.0, 58.97526501766787
2660.0, 72.46947617172114
2661.0, 79.55036748811062
2662.0, 80.19262981574533
2663.0, 77.26161369193144
2664.0, 73.10513447432751
2665.0, 57.33706517393036
2666.0, 55.68932038834949
2667.0, 46.160164271047215
2668.0, 41.15798922800725
2669.0, 43.806258036862395
2670.0, 50.88047958036712
2671.0, 54.74506885001865
2672.0, 59.46666666666664
2673.0, 66.16257088846879
2674.0, 65.1072124756335
2675.0, 70.51372273047149
2676.0, 67.63674614305748
2677.0, 70.22032693674484
2678.0, 74.47103711411724
2679.0, 87.79220779220779
2680.0, 91.45155883338913
2681.0, 97.23036819811011
2682.0, 97.08704592186426
2683.0, 96.99752737548567
2684.0, 96.33146309883467
2685.0, 94.89476041200176
2686.0, 94.74412171507605
2687.0, 93.94261424017
2688.0, 93.17556411667573
2689.0, 69.49917898193756
2690.0, 78.06666666666665
2691.0, 77.98594847775172
2692.0, 76.3790664780764
2693.0, 73.38374291115309
2694.0, 58.00881704628948
2695.0, 46.94819020581973
2696.0, 48.18024263431542
2697.0, 52.98742138364777
2698.0, 53.68649318463444
2699.0, 54.72513897467574
2700.0, 53.88486945580371
2701.0, 53.88486945580371
2702.0, 60.153256704980855
2703.0, 75.54776511831726
2704.0, 73.13863928112966
2705.0, 73.07816018012225
2706.0, 68.89023650697388
2707.0, 72.39263803680981
2708.0, 82.22996515679435
2709.0, 76.69128508124075
2710.0, 76.2849413886384
2711.0, 68.02343509096514
2712.0, 57.53889674681756
2713.0, 60.59333158309265
2714.0, 55.83756345177662
2715.0, 52.01918223119637
2716.0, 41.682094683946026
2717.0, 32.04747774480715
2718.0, 22.59615384615384
2719.0, 26.87358062074182
2720.0, 35.15136953387791
2721.0, 36.14856872486397
2722.0, 38.339830314148124
2723.0, 43.55300859598852
2724.0, 43.13828391498294
2725.0, 49.15209326974033
2726.0, 55.7057057057057
2727.0, 50.45811518324605
2728.0, 55.285620485883165
2729.0, 64.53358802929003
2730.0, 71.53900210822208
2731.0, 68.39099764863965
2732.0, 66.57946370176587
2733.0, 65.8536585365854
2734.0, 55.879218472468985
2735.0, 38.8196721311475
2736.0, 35.32608695652172
2737.0, 31.99999999999997
2738.0, 23.692636072572
2739.0, 21.27718139278832
2740.0, 27.36572890025576
2741.0, 25.55529018390257
2742.0, 20.382165605095494
2743.0, 12.404580152671713
2744.0, 19.426565242832098
2745.0, 28.85543331403204
2746.0, 32.74963518865958
2747.0, 35.32477947072974
2748.0, 34.134056567222004
2749.0, 38.589575120455564
2750.0, 37.714041095890416
2751.0, 35.474129253070274
2752.0, 34.01544401544403
2753.0, 35.93252108716024
2754.0, 29.872764152683004
2755.0, 29.110512129380012
2756.0, 30.474040632054155
2757.0, 29.773938614225315
2758.0, 26.56159907745527
2759.0, 18.138866064091957
2760.0, 21.862745098039156
2761.0, 20.791095209699805
2762.0, 25.187499999999943
2763.0, 25.925155925155877
2764.0, 25.833851253366447
2765.0, 37.49197517654609
2766.0, 48.57571214392802
2767.0, 44.67018469656992
2768.0, 59.51761645779143
2769.0, 69.38476562500003
2770.0, 68.28447861605002
2771.0, 84.57923008057296
2772.0, 82.84200829111008
2773.0, 86.21589561091342
2774.0, 87.7684210526316
2775.0, 86.17305976806428
2776.0, 76.97587354409319
2777.0, 77.42198653885377
2778.0, 79.09981246092936
2779.0, 79.10851905852948
2780.0, 78.68225292242295
2781.0, 79.70953483477165
2782.0, 78.67728378677285
2783.0, 79.45876837843599
2784.0, 85.86283185840709
2785.0, 69.56521739130434
2786.0, 72.62830482115086
2787.0, 61.491628614916316
2788.0, 53.065304309195916
2789.0, 57.12218317138722
2790.0, 70.67085566438737
2791.0, 69.0551917680075
2792.0, 70.02627627627626
2793.0, 66.06557377049177
2794.0, 63.23024054982817
2795.0, 62.22903885480572
2796.0, 58.12740875085013
2797.0, 48.85369888915149
2798.0, 52.7304499781564
2799.0, 60.10956175298806
2800.0, 62.73551988834612
2801.0, 74.83351831298556
2802.0, 78.4453227931489
2803.0, 77.59517940290333
2804.0, 70.80656673804425
2805.0, 70.32967032967036
2806.0, 70.50739957716706
2807.0, 70.55712270803959
2808.0, 77.96721311475422
2809.0, 79.19896640826883
2810.0, 74.09638554216872
2811.0, 83.38870431893696
2812.0, 84.6295727021212
2813.0, 82.47453565008992
2814.0, 83.41836734693882
2815.0, 80.82944246086245
2816.0, 69.45748565466877
2817.0, 70.08175779253963
2818.0, 70.43675839434486
2819.0, 72.20799180327869
2820.0, 66.47412755716002
2821.0, 65.82459485224018
2822.0, 64.4345238095238
2823.0, 62.12158503568788
2824.0, 67.95683790757681
2825.0, 54.75376884422109
2826.0, 42.477496785255035
2827.0, 42.19714711517991
2828.0, 31.231003039513723
2829.0, 36.43745242324283
2830.0, 53.43721356553621
2831.0, 51.02434321523255
2832.0, 48.41330286874842
2833.0, 47.19778838904244
2834.0, 53.24641460234684
2835.0, 57.50814740536475
2836.0, 54.249217935349336
2837.0, 55.62683774391873
2838.0, 47.45762711864407
2839.0, 67.32705423838914
2840.0, 79.75265017667851
2841.0, 86.61360347322727
2842.0, 74.68152866242042
2843.0, 76.0036220947782
2844.0, 65.5353535353535
2845.0, 65.70164857257741
2846.0, 65.01230516817066
2847.0, 68.80222841225623
2848.0, 66.90586745462215
2849.0, 64.54093170511078
2850.0, 65.15981735159806
2851.0, 71.09404990403065
2852.0, 56.65341082899966
2853.0, 38.53329878206795
2854.0, 41.59074119674958
2855.0, 47.98245614035086
2856.0, 55.890348889895776
2857.0, 53.88441496920889
2858.0, 60.906456953642405
2859.0, 60.09716941275877
2860.0, 57.61441879303361
2861.0, 59.15300546448086
2862.0, 60.14092553799277
2863.0, 59.71126082771897
2864.0, 60.972829184875565
2865.0, 53.98487492728332
2866.0, 60.52173913043479
2867.0, 76.79245283018867
2868.0, 75.92954990215264
2869.0, 73.42592592592592
2870.0, 62.00177147918509
2871.0, 65.20681265206811
2872.0, 58.17354566135845
2873.0, 52.58340714496605
2874.0, 51.42939647704303
2875.0, 53.121516164994425
2876.0, 52.47244984458887
2877.0, 49.34888768312531
2878.0, 39.32016536518147
2879.0, 50.60599617265574
2880.0, 52.99487864618122
2881.0, 50.75641306730978
2882.0, 49.33453643131062
2883.0, 44.83495606744239
2884.0, 48.3854433623783
2885.0, 37.37916219119226
2886.0, 35.912486659551746
2887.0, 40.94130989509494
2888.0, 38.89038513331538
2889.0, 36.10250633624333
2890.0, 42.78870398386279
2891.0, 44.41245747186599
2892.0, 56.286454957874255
2893.0, 49.81398809523813
2894.0, 50.376222723852585
2895.0, 57.60830648048695
2896.0, 45.423936333027235
2897.0, 50.565053607649986
2898.0, 52.467843254561764
2899.0, 58.38244924688935
2900.0, 60.7900750897813
2901.0, 66.84152401987856
2902.0, 75.11635122556625
2903.0, 78.17687074829934
2904.0, 68.76456876456874
2905.0, 51.697699890470986
2906.0, 54.39503619441571
2907.0, 40.598658179941516
2908.0, 39.53761099011558
2909.0, 36.417494336992505
2910.0, 40.069018404907965
2911.0, 43.0393586005831
2912.0, 41.69029057406096
2913.0, 45.51324503311257
2914.0, 50.075849514563096
2915.0, 44.177109440267344
2916.0, 48.707504308318974
2917.0, 38.99059871350815
2918.0, 42.155870445344114
2919.0, 45.5108359133127
2920.0, 42.250530785562646
2921.0, 47.33996539792385
2922.0, 44.41964285714284
2923.0, 43.73626373626374
2924.0, 46.11602753195674
2925.0, 38.73450192389906
2926.0, 44.22878381168695
2927.0, 34.80640583823231
2928.0, 31.428571428571445
2929.0, 32.78131634819529
2930.0, 27.733394202236923
2931.0, 33.015640273704776
2932.0, 35.94297733115215
2933.0, 43.28736279200675
2934.0, 45.22968197879855
2935.0, 56.830779263123596
2936.0, 65.55095900714561
2937.0, 62.833453496755595
2938.0, 56.416637042303606
2939.0, 46.82797285334907
2940.0, 38.40513290559118
2941.0, 52.60498894853172
2942.0, 37.99048751486323
2943.0, 33.241607044578956
2944.0, 34.99464094319397
2945.0, 34.29035752979412
2946.0, 36.789994788952576
2947.0, 38.75792141951837
2948.0, 41.101901511457825
2949.0, 34.58145039810631
2950.0, 41.19560797071981
2951.0, 51.846488052136145
2952.0, 51.39985642498204
2953.0, 56.64556962025317
2954.0, 57.521590680859596
2955.0, 55.25703405965728
2956.0, 61.47328783243112
2957.0, 70.68926553672318
2958.0, 68.74109263657954
2959.0, 69.85799358680711
2960.0, 66.9097309529796
2961.0, 68.36538461538458
2962.0, 63.063284905195744
2963.0, 68.86259747243876
2964.0, 67.39864864864862
2965.0, 64.3692307692307
2966.0, 73.81224957069259
2967.0, 80.59622038860789
2968.0, 86.04102805941992
2969.0, 79.65328467153282
2970.0, 81.81186283595916
2971.0, 79.39632545931752
2972.0, 63.48373557187827
2973.0, 57.0106907894737
2974.0, 59.358600583090386
2975.0, 59.834805993084906
2976.0, 64.88676118578532
2977.0, 63.62159234518867
2978.0, 60.648748841519904
2979.0, 56.919642857142875
2980.0, 53.90794615718627
2981.0, 45.821130885334554
2982.0, 44.004656577415595
2983.0, 51.77548682703323
2984.0, 50.88201603665523
2985.0, 53.69330453563713
2986.0, 64.6890450169139
2987.0, 70.02816901408451
2988.0, 60.847166571265
2989.0, 56.15653833916641
2990.0, 42.97939778129956
2991.0, 52.55892255892259
2992.0, 54.70055710306412
2993.0, 53.22466335931961
2994.0, 55.57051497812183
2995.0, 55.514458641560175
2996.0, 49.40726577437861
2997.0, 52.15189873417721
2998.0, 57.45526838966203
2999.0, 47.447154471544714
3000.0, 45.15629835964094
3001.0, 40.69735006973499
3002.0, 40.9486387875386
3003.0, 43.09782608695649
3004.0, 45.64028776978416
3005.0, 44.37573616018844
3006.0, 46.090182648401814
3007.0, 46.34146341463415
3008.0, 40.79648792724991
3009.0, 44.34219495569187
3010.0, 40.61105389632677
3011.0, 33.384674624566784
3012.0, 29.185427752762962
3013.0, 26.515433246560036
3014.0, 31.53039832285107
3015.0, 48.56781802864368
3016.0, 58.45132743362837
3017.0, 68.83504812479262
3018.0, 75.52471225457009
3019.0, 70.51926298157457
3020.0, 70.41022192333557
3021.0, 73.93364928909953
3022.0, 64.04926866820631
3023.0, 68.81255686988172
3024.0, 57.74002672265699
3025.0, 54.649360712901945
3026.0, 50.92047826912129
3027.0, 52.88783757145672
3028.0, 47.36653529201006
3029.0, 39.769503546099294
3030.0, 36.862675430804764
3031.0, 25.927469779074627
3032.0, 22.74534421427076
3033.0, 31.372549019607845
3034.0, 30.862507334246033
3035.0, 26.629306766293084
3036.0, 28.36612867565779
3037.0, 18.336575875486403
3038.0, 22.460530235329188
3039.0, 28.127721335268532
3040.0, 27.97344110854506
3041.0, 29.038058136050353
3042.0, 37.39250085999314
3043.0, 50.36469730123995
3044.0, 50.18168604651159
3045.0, 52.06293706293703
3046.0, 57.45341614906833
3047.0, 46.424192889252154
3048.0, 46.40228945216686
3049.0, 45.57907845579079
3050.0, 54.421187526697906
3051.0, 61.57894736842099
3052.0, 72.48829672308234
3053.0, 66.59259259259255
3054.0, 67.29041916167657
3055.0, 79.4146990355836
3056.0, 79.68493600262545
3057.0, 74.58930443900734
3058.0, 79.43444730077125
3059.0, 77.8726708074534
3060.0, 65.75637800934243
3061.0, 68.7834463075277
3062.0, 63.633253506671274
3063.0, 54.807103490508275
3064.0, 47.69503546099292
3065.0, 51.48026315789475
3066.0, 43.50282485875707
3067.0, 40.51446945337617
3068.0, 48.45272206303724
3069.0, 41.89276485788114
3070.0, 32.284580498866205
3071.0, 30.65948855989231
3072.0, 35.438596491228026
3073.0, 33.00653594771241
3074.0, 35.18288131375964
3075.0, 35.18288131375964
3076.0, 35.27944111776446
3077.0, 39.48390677025527
3078.0, 47.81526548672564
3079.0, 42.8355043926083
3080.0, 41.0211778357992
3081.0, 50.43296506419827
3082.0, 47.167409293443654
3083.0, 41.984982043747905
3084.0, 46.44275911881547
3085.0, 50.39184952978056
3086.0, 40.478153338829344
3087.0, 50.649350649350666
3088.0, 56.658184902459695
3089.0, 56.137339055793944
3090.0, 64.17973717676979
3091.0, 59.322033898305044
3092.0, 53.28888888888886
3093.0, 59.94664634146335
3094.0, 70.0445053064019
3095.0, 67.53246753246749
3096.0, 66.67936024371664
3097.0, 71.1457936810049
3098.0, 77.26333195535335
3099.0, 76.62976629766288
3100.0, 81.22555410690998
3101.0, 73.69574747917576
3102.0, 72.02797202797196
3103.0, 71.89695550351288
3104.0, 63.376251788268945
3105.0, 63.07546274323678
3106.0, 63.07546274323688
3107.0, 40.76262083780887
3108.0, 18.852999340804118
3109.0, 40.90254440710509
3110.0, 34.13521360431352
3111.0, 24.832687566044356
3112.0, 28.95833333333327
3113.0, 25.067628494138816
3114.0, 23.394109396914388
3115.0, 28.904299583911154
3116.0, 37.806357680174706
3117.0, 36.88746614134444
3118.0, 38.185062452204875
3119.0, 37.50625938908361
3120.0, 40.513928914505264
3121.0, 40.976439154724275
3122.0, 39.815907481708734
3123.0, 29.273620972146304
3124.0, 34.41997063142435
3125.0, 39.60797566745517
3126.0, 38.59106529209625
3127.0, 47.7052631578947
3128.0, 56.49819494584829
3129.0, 54.89003275620026
3130.0, 55.9011893870082
3131.0, 27.722323049001844
3132.0, 29.66347225317584
3133.0, 31.709624024592117
3134.0, 28.173147468818783
3135.0, 28.104415711149088
3136.0, 28.66384672804182
3137.0, 27.38293320656051
3138.0, 29.03600464576074
3139.0, 26.590087215486093
3140.0, 25.48045778449574
3141.0, 24.57983193277309
3142.0, 20.907101651084133
3143.0, 19.951681095228466
3144.0, 8.720546135212459
3145.0, 24.794681267109823
3146.0, 23.931962025316494
3147.0, 27.62514113662023
3148.0, 24.672268907562994
3149.0, 24.344941956882224
3150.0, 25.691284564228155
3151.0, 27.408513816280774
3152.0, 34.45718138907617
3153.0, 45.52294958615494
3154.0, 48.044492285611796
3155.0, 47.38145789101204
3156.0, 51.12638411607479
3157.0, 53.923686105111585
3158.0, 53.366583541147115
3159.0, 47.56511891279733
3160.0, 49.4541484716157
3161.0, 42.70213510675533
3162.0, 51.87571049640015
3163.0, 57.739350485027416
3164.0, 58.33683326333476
3165.0, 54.046692607003926
3166.0, 45.65117349286701
3167.0, 45.6761729530819
3168.0, 48.71906209292226
3169.0, 51.82448036951504
3170.0, 56.21242484969943
3171.0, 53.43633457645183
3172.0, 60.90225563909774
3173.0, 65.32867946480508
3174.0, 62.750000000000036
3175.0, 76.35869565217394
3176.0, 63.600782778865074
3177.0, 67.72521062864556
3178.0, 68.340750158932
3179.0, 80.66914498141273
3180.0, 72.38372093023258
3181.0, 70.2427564604542
3182.0, 48.051948051947974
3183.0, 49.5665878644601
3184.0, 56.21959694232102
3185.0, 40.22988505747123
3186.0, 28.88888888888887
3187.0, 33.333333333333286
3188.0, 32.489451476793164
3189.0, 28.508771929824533
3190.0, 26.315789473684163
3191.0, 32.08955223880595
3192.0, 28.825622775800767
3193.0, 34.21052631578945
3194.0, 41.7956656346749
3195.0, 44.213649851632034
3196.0, 43.18840579710146
3197.0, 46.15384615384618
3198.0, 43.3526011560694
3199.0, 33.18584070796457
3200.0, 46.521739130434774
3201.0, 50.10141987829616
