15.0, 50.0
16.0, 56.48148148148146
17.0, 58.4070796460177
18.0, 53.70370370370371
19.0, 50.43478260869564
20.0, 41.66666666666669
21.0, 42.99065420560748
22.0, 39.31623931623933
23.0, 52.336448598130836
24.0, 64.36781609195401
25.0, 53.16455696202535
26.0, 44.56521739130433
27.0, 52.57731958762891
28.0, 44.14414414414415
29.0, 40.38461538461538
30.0, 44.642857142857174
31.0, 44.14414414414411
32.0, 41.88034188034186
33.0, 43.36283185840709
34.0, 48.6725663716814
35.0, 45.76271186440679
36.0, 50.0
37.0, 43.56435643564357
38.0, 35.77235772357723
39.0, 34.37499999999997
40.0, 40.17094017094018
41.0, 38.05309734513271
42.0, 43.87755102040815
43.0, 40.384615384615365
44.0, 19.791666666666586
45.0, 14.705882352941131
46.0, 27.77777777777777
47.0, 36.44067796610168
48.0, 29.60000000000001
49.0, 29.83870967741936
50.0, 29.365079365079367
51.0, 29.83870967741936
52.0, 35.576923076923066
53.0, 39.78494623655913
54.0, 32.07547169811319
55.0, 25.68807339449542
56.0, 28.571428571428584
57.0, 27.350427350427367
58.0, 39.130434782608674
59.0, 40.178571428571445
60.0, 38.53211009174312
61.0, 30.208333333333343
62.0, 34.93975903614458
63.0, 34.939759036144565
64.0, 39.53488372093025
65.0, 39.080459770114956
66.0, 42.69662921348318
67.0, 46.87500000000002
68.0, 52.94117647058825
69.0, 65.93406593406591
70.0, 65.93406593406591
71.0, 79.56989247311829
72.0, 74.390243902439
73.0, 82.051282051282
74.0, 79.41176470588229
75.0, 84.94623655913973
76.0, 76.69902912621357
77.0, 83.18584070796462
78.0, 83.76068376068376
79.0, 85.3448275862069
80.0, 77.86885245901641
81.0, 67.6923076923077
82.0, 68.74999999999997
83.0, 62.93103448275865
84.0, 69.93006993006995
85.0, 63.235294117647044
86.0, 72.41379310344828
87.0, 73.7704918032787
88.0, 66.16915422885573
89.0, 66.00000000000001
90.0, 73.14814814814815
91.0, 70.09803921568626
92.0, 67.6767676767677
93.0, 66.16915422885573
94.0, 71.0
95.0, 80.45454545454547
96.0, 82.22222222222224
97.0, 79.05982905982904
98.0, 77.82805429864253
99.0, 81.57894736842105
100.0, 77.24867724867727
101.0, 75.70621468926555
102.0, 81.70731707317074
103.0, 76.38888888888889
104.0, 65.11627906976743
105.0, 68.18181818181819
106.0, 63.38028169014083
107.0, 66.19718309859154
108.0, 54.14012738853503
109.0, 44.615384615384635
110.0, 47.826086956521756
111.0, 55.22388059701495
112.0, 43.076923076923066
113.0, 33.87096774193549
114.0, 29.166666666666686
115.0, 28.378378378378386
116.0, 26.086956521739154
117.0, 36.81318681318682
118.0, 37.64044943820227
119.0, 32.62032085561498
120.0, 32.446808510638306
121.0, 31.35135135135134
122.0, 36.419753086419746
123.0, 41.80790960451978
124.0, 36.80981595092022
125.0, 47.17948717948717
126.0, 43.1924882629108
127.0, 47.196261682242984
128.0, 46.75925925925927
129.0, 45.089285714285715
130.0, 44.8888888888889
131.0, 43.891402714932134
132.0, 40.416666666666664
133.0, 43.36283185840708
134.0, 48.41628959276017
135.0, 47.96380090497738
136.0, 45.25862068965518
137.0, 38.31775700934579
138.0, 37.5586854460094
139.0, 19.41747572815534
140.0, 21.390374331550788
141.0, 16.9398907103825
142.0, 18.34319526627216
143.0, 28.813559322033896
144.0, 28.176795580110493
145.0, 18.40490797546012
146.0, 24.11347517730495
147.0, 30.519480519480553
148.0, 26.20689655172417
149.0, 25.333333333333357
150.0, 25.50335570469801
151.0, 29.801324503311264
152.0, 27.272727272727266
153.0, 31.914893617021264
154.0, 36.15384615384616
155.0, 36.718750000000014
156.0, 46.26865671641792
157.0, 38.461538461538495
158.0, 47.87234042553191
159.0, 42.8571428571429
160.0, 42.30769230769231
161.0, 36.84210526315792
162.0, 42.85714285714284
163.0, 45.45454545454546
164.0, 49.45054945054942
165.0, 55.33980582524273
166.0, 65.16853932584263
167.0, 70.73170731707319
168.0, 70.73170731707316
169.0, 74.07407407407409
170.0, 47.87234042553191
171.0, 39.252336448598115
172.0, 41.12149532710278
173.0, 46.3157894736842
174.0, 43.61702127659576
175.0, 41.75824175824173
176.0, 36.14457831325297
177.0, 34.48275862068964
178.0, 35.294117647058826
179.0, 14.86486486486477
180.0, 10.989010989010922
181.0, 20.99999999999993
182.0, 24.76190476190476
183.0, 26.168224299065386
184.0, 31.818181818181785
185.0, 35.89743589743587
186.0, 37.5
187.0, 64.70588235294119
188.0, 66.90647482014388
189.0, 65.94202898550726
190.0, 69.07894736842105
191.0, 73.29192546583852
192.0, 63.10160427807485
193.0, 68.55670103092783
194.0, 78.81773399014776
195.0, 79.02439024390242
196.0, 74.51923076923076
197.0, 69.5852534562212
198.0, 69.90740740740742
199.0, 71.56398104265405
200.0, 72.4770642201835
201.0, 64.28571428571428
202.0, 58.52272727272727
203.0, 52.28426395939086
204.0, 50.785340314136135
205.0, 42.85714285714284
206.0, 51.14942528735633
207.0, 37.94871794871792
208.0, 26.404494382022435
209.0, 19.101123595505598
210.0, 23.863636363636346
211.0, 27.10843373493971
212.0, 27.607361963190144
213.0, 26.785714285714235
214.0, 28.070175438596465
215.0, 24.242424242424207
216.0, 26.143790849673152
217.0, 43.12499999999997
218.0, 36.874999999999986
219.0, 38.06451612903225
220.0, 36.84210526315786
221.0, 42.74809160305344
222.0, 48.0
223.0, 51.724137931034484
224.0, 47.27272727272726
225.0, 37.40458015267176
226.0, 42.96296296296294
227.0, 46.212121212121204
228.0, 42.27642276422764
229.0, 52.413793103448256
230.0, 55.55555555555558
231.0, 39.43661971830986
232.0, 42.10526315789474
233.0, 51.8796992481203
234.0, 50.37593984962409
235.0, 56.779661016949156
236.0, 53.389830508474574
237.0, 53.84615384615383
238.0, 57.02479338842973
239.0, 73.58490566037736
240.0, 71.71717171717171
241.0, 77.6
242.0, 81.81818181818181
243.0, 77.86259541984734
244.0, 69.92481203007516
245.0, 83.45864661654137
246.0, 86.18421052631578
247.0, 68.20809248554914
248.0, 63.10160427807485
249.0, 67.14285714285714
250.0, 60.775862068965516
251.0, 58.74999999999999
252.0, 58.92116182572615
253.0, 57.32758620689655
254.0, 55.04201680672269
255.0, 48.80382775119618
256.0, 36.95652173913045
257.0, 40.72164948453607
258.0, 40.51282051282051
259.0, 33.333333333333314
260.0, 24.404761904761926
261.0, 29.927007299270073
262.0, 38.93129770992366
263.0, 25.688073394495376
264.0, 43.87755102040816
265.0, 48.314606741573016
266.0, 52.08333333333333
267.0, 53.5353535353535
268.0, 55.7894736842105
269.0, 49.53271028037384
270.0, 54.54545454545455
271.0, 50.54945054945059
272.0, 57.50000000000001
273.0, 66.26506024096383
274.0, 74.72527472527472
275.0, 79.16666666666664
276.0, 75.00000000000003
277.0, 76.13636363636364
278.0, 65.00000000000003
279.0, 67.08860759493678
280.0, 57.35294117647059
281.0, 64.19753086419757
282.0, 69.8795180722892
283.0, 76.31578947368422
284.0, 67.85714285714286
285.0, 62.068965517241395
286.0, 64.8351648351649
287.0, 61.44578313253019
288.0, 59.493670886075954
289.0, 65.95744680851071
290.0, 70.00000000000006
291.0, 70.00000000000006
292.0, 74.46808510638301
293.0, 74.73684210526318
294.0, 59.166666666666664
295.0, 52.884615384615365
296.0, 51.96078431372549
297.0, 55.55555555555557
298.0, 66.66666666666666
299.0, 67.96116504854366
300.0, 69.1588785046729
301.0, 66.36363636363637
302.0, 63.36633663366338
303.0, 42.70833333333331
304.0, 42.70833333333331
305.0, 35.39823008849558
306.0, 34.188034188034194
307.0, 34.188034188034194
308.0, 42.55319148936172
309.0, 45.99999999999999
310.0, 37.83783783783786
311.0, 42.97520661157024
312.0, 35.51401869158879
313.0, 31.14754098360656
314.0, 25.66371681415923
315.0, 32.773109243697476
316.0, 34.959349593495915
317.0, 35.24590163934427
318.0, 32.47863247863245
319.0, 35.84905660377356
320.0, 30.158730158730123
321.0, 25.89928057553955
322.0, 28.985507246376784
323.0, 25.185185185185176
324.0, 27.19999999999999
325.0, 17.32283464566929
326.0, 14.482758620689651
327.0, 13.907284768211909
328.0, 13.548387096774206
329.0, 29.842931937172764
330.0, 25.98039215686272
331.0, 26.499999999999986
332.0, 26.500000000000014
333.0, 27.835051546391753
334.0, 32.352941176470594
335.0, 35.25641025641026
336.0, 32.903225806451616
337.0, 31.481481481481495
338.0, 32.91139240506328
339.0, 42.138364779874216
340.0, 47.51773049645391
341.0, 56.302521008403374
342.0, 56.779661016949134
343.0, 26.250000000000014
344.0, 38.2352941176471
345.0, 44.067796610169516
346.0, 38.33333333333334
347.0, 33.33333333333337
348.0, 32.307692307692335
349.0, 28.378378378378414
350.0, 28.767123287671254
351.0, 40.84507042253524
352.0, 25.45454545454548
353.0, 12.621359223300999
354.0, 12.037037037037067
355.0, 12.264150943396245
356.0, 12.149532710280397
357.0, 14.851485148514868
358.0, 8.547008547008545
359.0, 21.96969696969697
360.0, 22.137404580152676
361.0, 21.804511278195477
362.0, 21.804511278195477
363.0, 23.38709677419355
364.0, 29.00763358778626
365.0, 25.59999999999998
366.0, 32.0
367.0, 31.06796116504853
368.0, 35.64356435643563
369.0, 37.254901960784316
370.0, 37.254901960784316
371.0, 37.254901960784316
372.0, 50.0
373.0, 51.13636363636364
374.0, 58.76288659793814
375.0, 60.0
376.0, 62.37623762376238
377.0, 64.76190476190477
378.0, 66.66666666666669
379.0, 67.25663716814161
380.0, 79.4392523364486
381.0, 88.659793814433
382.0, 89.81481481481482
383.0, 83.33333333333333
384.0, 88.37209302325581
385.0, 89.05109489051095
386.0, 88.8888888888889
387.0, 85.3448275862069
388.0, 84.82142857142858
389.0, 90.99099099099098
390.0, 90.47619047619047
391.0, 86.53846153846153
392.0, 84.6153846153846
393.0, 84.44444444444443
394.0, 77.01149425287356
395.0, 74.99999999999999
396.0, 71.79487179487178
397.0, 76.7123287671233
398.0, 58.73015873015876
399.0, 52.727272727272755
400.0, 36.111111111111086
401.0, 41.33333333333331
402.0, 31.944444444444414
403.0, 23.28767123287672
404.0, 22.368421052631575
405.0, 22.97297297297297
406.0, 36.66666666666668
407.0, 40.62499999999998
408.0, 55.26315789473684
409.0, 55.26315789473684
410.0, 52.72727272727273
411.0, 50.87719298245614
412.0, 56.48148148148147
413.0, 62.992125984251956
414.0, 74.99999999999999
415.0, 70.37037037037041
416.0, 73.78640776699032
417.0, 79.16666666666669
418.0, 82.10526315789478
419.0, 82.97872340425533
420.0, 80.00000000000001
421.0, 78.3783783783784
422.0, 74.1935483870968
423.0, 79.10447761194033
424.0, 82.66666666666671
425.0, 81.57894736842107
426.0, 81.5789473684211
427.0, 71.9298245614035
428.0, 68.96551724137936
429.0, 78.68852459016391
430.0, 81.15942028985505
431.0, 82.89473684210523
432.0, 79.22077922077924
433.0, 80.26315789473689
434.0, 74.02597402597402
435.0, 73.33333333333334
436.0, 71.83098591549296
437.0, 73.68421052631575
438.0, 69.11764705882352
439.0, 81.69014084507043
440.0, 79.71014492753626
441.0, 83.09859154929586
442.0, 86.11111111111114
443.0, 72.00000000000006
444.0, 68.6567164179105
445.0, 65.00000000000009
446.0, 60.93749999999998
447.0, 62.121212121212075
448.0, 67.74193548387105
449.0, 68.25396825396827
450.0, 62.500000000000014
451.0, 48.93617021276598
452.0, 48.93617021276598
453.0, 39.99999999999996
454.0, 41.025641025640965
455.0, 33.33333333333326
456.0, 33.33333333333326
457.0, 35.2941176470587
458.0, 33.33333333333326
459.0, 39.99999999999996
460.0, 59.52380952380957
461.0, 60.465116279069875
462.0, 52.08333333333329
463.0, 59.64912280701758
464.0, 63.33333333333335
465.0, 67.79661016949154
466.0, 59.70149253731344
467.0, 59.70149253731344
468.0, 66.25
469.0, 56.98924731182796
470.0, 57.89473684210529
471.0, 71.81818181818184
472.0, 76.8
473.0, 78.19548872180451
474.0, 75.99999999999996
475.0, 73.01587301587297
476.0, 74.79674796747969
477.0, 68.64406779661016
478.0, 71.09375
479.0, 68.99224806201549
480.0, 76.15384615384613
481.0, 77.69784172661868
482.0, 64.18918918918918
483.0, 71.53284671532845
484.0, 69.92481203007517
485.0, 61.06194690265485
486.0, 56.86274509803919
487.0, 50.0
488.0, 53.12500000000003
489.0, 53.12500000000003
490.0, 59.61538461538463
491.0, 66.35514018691592
492.0, 56.43564356435643
493.0, 56.43564356435643
494.0, 56.43564356435643
495.0, 46.31578947368424
496.0, 62.82051282051286
497.0, 62.33766233766234
498.0, 39.34426229508192
499.0, 37.20930232558137
500.0, 33.87096774193547
501.0, 32.81249999999997
502.0, 29.133858267716505
503.0, 35.82089552238806
504.0, 25.874125874125838
505.0, 20.74074074074072
506.0, 21.87499999999997
507.0, 21.87499999999997
508.0, 13.84615384615384
509.0, 16.666666666666657
510.0, 13.114754098360649
511.0, 11.6666666666667
512.0, 18.918918918918962
513.0, 20.89552238805973
514.0, 19.71830985915497
515.0, 21.53846153846159
516.0, 30.882352941176535
517.0, 15.384615384615444
518.0, 28.571428571428626
519.0, 28.571428571428626
520.0, 39.2857142857143
521.0, 47.45762711864405
522.0, 60.41666666666662
523.0, 58.69565217391303
524.0, 47.36842105263164
525.0, 60.5263157894737
526.0, 65.11627906976747
527.0, 69.76744186046515
528.0, 74.07407407407409
529.0, 72.289156626506
530.0, 67.08860759493666
531.0, 71.62162162162164
532.0, 57.647058823529406
533.0, 61.11111111111111
534.0, 48.95833333333331
535.0, 51.000000000000014
536.0, 53.33333333333334
537.0, 54.629629629629605
538.0, 63.36633663366332
539.0, 59.78260869565218
540.0, 51.136363636363605
541.0, 50.0
542.0, 45.26315789473682
543.0, 46.8085106382979
544.0, 46.8085106382979
545.0, 45.83333333333335
546.0, 54.878048780487795
547.0, 47.560975609756106
548.0, 57.971014492753625
549.0, 56.060606060605984
550.0, 50.81967213114752
551.0, 47.36842105263156
552.0, 36.06557377049184
553.0, 26.415094339622698
554.0, 29.787234042553266
555.0, 19.67213114754098
556.0, 28.571428571428612
557.0, 21.739130434782552
558.0, 20.270270270270217
559.0, 20.8333333333333
560.0, 26.92307692307685
561.0, 31.999999999999943
562.0, 37.03703703703703
563.0, 35.44303797468358
564.0, 33.734939759036166
565.0, 32.183908045977034
566.0, 35.44303797468358
567.0, 41.37931034482756
568.0, 44.565217391304316
569.0, 53.24675324675324
570.0, 50.68493150684931
571.0, 64.51612903225816
572.0, 64.51612903225816
573.0, 65.57377049180326
574.0, 51.56250000000004
575.0, 50.0
576.0, 38.095238095238045
577.0, 32.20338983050844
578.0, 42.622950819672134
579.0, 43.333333333333314
580.0, 51.47058823529409
581.0, 48.43749999999996
582.0, 41.93548387096776
583.0, 39.99999999999999
584.0, 33.33333333333333
585.0, 28.39506172839502
586.0, 29.48717948717946
587.0, 32.05128205128207
588.0, 51.13636363636362
589.0, 55.67010309278352
590.0, 55.67010309278352
591.0, 56.25000000000001
592.0, 52.80898876404493
593.0, 58.06451612903224
594.0, 55.68181818181817
595.0, 51.80722891566268
596.0, 50.0
597.0, 58.94736842105264
598.0, 68.29268292682927
599.0, 70.88607594936711
600.0, 69.13580246913578
601.0, 62.79069767441861
602.0, 48.5714285714286
603.0, 43.749999999999986
604.0, 40.579710144927525
605.0, 43.83561643835616
606.0, 43.83561643835616
607.0, 40.579710144927525
608.0, 29.2682926829268
609.0, 25.80645161290319
610.0, 26.086956521739083
611.0, 13.095238095238045
612.0, 18.888888888888815
613.0, 23.913043478260875
614.0, 21.359223300970868
615.0, 28.84615384615381
616.0, 26.78571428571425
617.0, 23.21428571428568
618.0, 25.49019607843134
619.0, 38.21138211382113
620.0, 37.90322580645158
621.0, 31.428571428571445
622.0, 33.587786259542
623.0, 45.65217391304349
624.0, 52.380952380952394
625.0, 49.35897435897436
626.0, 46.405228758169955
627.0, 48.42767295597482
628.0, 52.02702702702703
629.0, 50.34965034965034
630.0, 50.34965034965034
631.0, 48.648648648648646
632.0, 51.97368421052632
633.0, 41.2213740458015
634.0, 42.42424242424242
635.0, 54.400000000000006
636.0, 54.400000000000006
637.0, 49.107142857142854
638.0, 37.962962962962926
639.0, 40.19607843137252
640.0, 44.76190476190473
641.0, 35.999999999999986
642.0, 42.424242424242394
643.0, 39.39393939393941
644.0, 48.93617021276596
645.0, 63.55140186915886
646.0, 62.857142857142875
647.0, 60.55045871559634
648.0, 63.24786324786325
649.0, 53.448275862068954
650.0, 55.85585585585587
651.0, 52.83018867924527
652.0, 61.90476190476191
653.0, 60.18518518518518
654.0, 64.75409836065573
655.0, 69.16666666666666
656.0, 68.90756302521007
657.0, 71.4285714285714
658.0, 71.66666666666666
659.0, 66.99029126213591
660.0, 67.30769230769226
661.0, 78.3333333333333
662.0, 72.41379310344828
663.0, 81.25
664.0, 76.47058823529412
665.0, 78.74015748031499
666.0, 78.57142857142858
667.0, 86.8852459016394
668.0, 74.13793103448276
669.0, 73.6842105263158
670.0, 76.74418604651164
671.0, 71.11111111111109
672.0, 60.27397260273972
673.0, 61.333333333333336
674.0, 60.54421768707484
675.0, 51.18110236220473
676.0, 55.199999999999996
677.0, 40.00000000000003
678.0, 45.39473684210525
679.0, 34.09090909090911
680.0, 32.16374269005847
681.0, 28.235294117647044
682.0, 32.5
683.0, 29.41176470588232
684.0, 19.736842105263108
685.0, 26.143790849673195
686.0, 28.3687943262411
687.0, 22.62773722627736
688.0, 24.82269503546098
689.0, 23.02631578947367
690.0, 19.620253164556928
691.0, 23.484848484848456
692.0, 30.344827586206918
693.0, 34.64566929133858
694.0, 33.60000000000004
695.0, 48.666666666666664
696.0, 48.666666666666664
697.0, 50.69444444444442
698.0, 45.91194968553461
699.0, 44.871794871794876
700.0, 51.82926829268293
701.0, 51.82926829268292
702.0, 56.83060109289617
703.0, 55.91397849462364
704.0, 52.79187817258884
705.0, 57.06806282722511
706.0, 53.142857142857125
707.0, 54.06976744186046
708.0, 48.67724867724867
709.0, 40.853658536585364
710.0, 41.21212121212122
711.0, 48.295454545454554
712.0, 54.320987654320994
713.0, 50.9433962264151
714.0, 52.14723926380366
715.0, 46.19565217391305
716.0, 34.30232558139532
717.0, 36.645962732919244
718.0, 37.1069182389937
719.0, 32.335329341317376
720.0, 25.773195876288668
721.0, 33.999999999999986
722.0, 36.95652173913043
723.0, 34.254143646408835
724.0, 29.533678756476675
725.0, 21.857923497267734
726.0, 19.99999999999997
727.0, 21.311475409836035
728.0, 13.77245508982034
729.0, 16.312056737588634
730.0, 19.37984496124028
731.0, 21.774193548387075
732.0, 35.0
733.0, 45.37815126050419
734.0, 59.34065934065934
735.0, 51.31578947368422
736.0, 51.31578947368422
737.0, 60.0
738.0, 71.83098591549297
739.0, 81.69014084507047
740.0, 69.87951807228919
741.0, 54.90196078431374
742.0, 51.96078431372549
743.0, 53.33333333333334
744.0, 50.94339622641509
745.0, 53.15315315315316
746.0, 59.055118110236215
747.0, 60.00000000000001
748.0, 42.857142857142854
749.0, 40.98360655737706
750.0, 43.31550802139037
751.0, 41.758241758241766
752.0, 39.99999999999999
753.0, 39.037433155080215
754.0, 46.40883977900553
755.0, 56.57142857142857
756.0, 54.09836065573771
757.0, 49.230769230769226
758.0, 51.75879396984925
759.0, 47.29064039408866
760.0, 37.57225433526012
761.0, 37.20930232558141
762.0, 47.76119402985076
763.0, 51.1111111111111
764.0, 48.09160305343512
765.0, 46.875
766.0, 48.78048780487806
767.0, 46.666666666666686
768.0, 34.883720930232556
769.0, 22.727272727272734
770.0, 41.666666666666664
771.0, 44.827586206896555
772.0, 45.94594594594595
773.0, 51.40845070422536
774.0, 56.12903225806451
775.0, 49.65986394557822
776.0, 51.04895104895105
777.0, 45.94594594594595
778.0, 49.350649350649356
779.0, 51.24999999999999
780.0, 51.89873417721519
781.0, 51.249999999999986
782.0, 58.571428571428555
783.0, 67.21311475409834
784.0, 54.022988505747115
785.0, 60.0
786.0, 57.647058823529406
787.0, 46.31578947368423
788.0, 38.5542168674699
789.0, 44.44444444444446
790.0, 57.89473684210526
791.0, 67.6470588235294
792.0, 69.01408450704224
793.0, 54.166666666666664
794.0, 49.367088607594916
795.0, 50.0
796.0, 57.60869565217392
797.0, 57.60869565217392
798.0, 58.06451612903227
799.0, 55.17241379310344
800.0, 51.19047619047619
801.0, 70.45454545454544
802.0, 59.405940594059395
803.0, 60.95238095238095
804.0, 54.90196078431373
805.0, 57.4074074074074
806.0, 64.34108527131784
807.0, 58.04195804195803
808.0, 70.1219512195122
809.0, 71.16564417177915
810.0, 68.0
811.0, 72.09302325581396
812.0, 72.88135593220339
813.0, 67.01570680628271
814.0, 60.093896713615024
815.0, 54.22885572139304
816.0, 58.288770053475936
817.0, 57.37704918032787
818.0, 63.13131313131313
819.0, 65.88785046728972
820.0, 60.540540540540526
821.0, 70.90909090909089
822.0, 59.027777777777786
823.0, 59.310344827586206
824.0, 59.72222222222223
825.0, 57.03703703703702
826.0, 46.40522875816992
827.0, 46.71052631578949
828.0, 55.038759689922486
829.0, 54.19847328244277
830.0, 55.97014925373136
831.0, 58.45070422535212
832.0, 51.63934426229507
833.0, 35.454545454545425
834.0, 33.644859813084096
835.0, 30.392156862745082
836.0, 24.603174603174566
837.0, 21.323529411764653
838.0, 20.567375886524772
839.0, 17.037037037037024
840.0, 16.911764705882334
841.0, 16.083916083916066
842.0, 21.192052980132416
843.0, 20.38216560509551
844.0, 16.86746987951804
845.0, 12.101910828025453
846.0, 11.585365853658516
847.0, 15.822784810126564
848.0, 14.880952380952365
849.0, 16.860465116279045
850.0, 20.714285714285694
851.0, 19.727891156462576
852.0, 19.594594594594582
853.0, 31.21387283236993
854.0, 35.06493506493506
855.0, 39.99999999999999
856.0, 36.71875
857.0, 45.45454545454546
858.0, 49.54954954954954
859.0, 46.42857142857143
860.0, 50.467289719626166
861.0, 42.857142857142854
862.0, 52.631578947368425
863.0, 50.0
864.0, 53.91304347826087
865.0, 61.386138613861384
866.0, 56.88073394495412
867.0, 59.82905982905982
868.0, 65.54621848739495
869.0, 64.99999999999999
870.0, 67.93893129770993
871.0, 63.28124999999998
872.0, 65.625
873.0, 64.61538461538461
874.0, 64.34108527131782
875.0, 64.34108527131782
876.0, 60.16949152542371
877.0, 54.61538461538462
878.0, 50.387596899224796
879.0, 50.38759689922482
880.0, 58.67768595041322
881.0, 45.054945054945065
882.0, 43.18181818181818
883.0, 52.0408163265306
884.0, 45.97701149425286
885.0, 43.47826086956521
886.0, 42.85714285714283
887.0, 47.12643678160918
888.0, 41.66666666666667
889.0, 47.67441860465116
890.0, 51.11111111111111
891.0, 55.421686746987945
892.0, 60.00000000000002
893.0, 65.82278481012659
894.0, 52.873563218390785
895.0, 44.44444444444442
896.0, 51.086956521739125
897.0, 48.86363636363635
898.0, 52.63157894736843
899.0, 65.00000000000003
900.0, 54.31034482758621
901.0, 43.57142857142858
902.0, 48.88888888888888
903.0, 48.507462686567166
904.0, 44.77611940298509
905.0, 40.00000000000001
906.0, 44.78527607361964
907.0, 39.88439306358381
908.0, 41.07142857142858
909.0, 38.33333333333333
910.0, 33.13253012048192
911.0, 26.436781609195407
912.0, 20.555555555555543
913.0, 21.42857142857143
914.0, 29.378531073446325
915.0, 33.54838709677418
916.0, 29.936305732484072
917.0, 26.111111111111114
918.0, 28.491620111731834
919.0, 32.484076433121004
920.0, 28.85906040268455
921.0, 29.054054054054063
922.0, 28.85906040268455
923.0, 29.25170068027211
924.0, 25.308641975308646
925.0, 26.11464968152866
926.0, 28.671328671328666
927.0, 32.89473684210526
928.0, 38.18181818181818
929.0, 38.888888888888886
930.0, 41.02564102564102
931.0, 46.37681159420289
932.0, 41.379310344827594
933.0, 38.96103896103897
934.0, 38.96103896103897
935.0, 42.25352112676057
936.0, 45.45454545454546
937.0, 47.24409448818897
938.0, 59.67741935483872
939.0, 62.71186440677967
940.0, 60.65573770491804
941.0, 45.283018867924525
942.0, 24.175824175824175
943.0, 28.42105263157893
944.0, 37.61467889908257
945.0, 53.33333333333334
946.0, 58.400000000000006
947.0, 63.793103448275865
948.0, 61.46788990825688
949.0, 48.9051094890511
950.0, 53.94736842105263
951.0, 59.60264900662252
952.0, 52.777777777777786
953.0, 58.66666666666666
954.0, 63.46153846153846
955.0, 64.70588235294117
956.0, 72.07792207792207
957.0, 64.24242424242425
958.0, 61.68831168831169
959.0, 47.407407407407405
960.0, 54.193548387096776
961.0, 56.707317073170735
962.0, 54.06976744186046
963.0, 67.94871794871796
964.0, 61.904761904761905
965.0, 60.2836879432624
966.0, 59.859154929577464
967.0, 55.72519083969466
968.0, 48.4375
969.0, 49.6
970.0, 49.193548387096776
971.0, 58.03571428571428
972.0, 55.45454545454545
973.0, 62.999999999999986
974.0, 48.83720930232558
975.0, 45.0
976.0, 41.379310344827594
977.0, 25.555555555555543
978.0, 27.058823529411768
979.0, 20.792079207920793
980.0, 29.411764705882362
981.0, 35.45454545454545
982.0, 32.773109243697476
983.0, 37.70491803278689
984.0, 31.531531531531527
985.0, 27.43362831858407
986.0, 32.203389830508485
987.0, 38.46153846153846
988.0, 47.48201438848921
989.0, 42.17687074829932
990.0, 45.25547445255474
991.0, 58.156028368794324
992.0, 59.72222222222223
993.0, 66.15384615384616
994.0, 66.66666666666666
995.0, 66.66666666666667
996.0, 76.52173913043478
997.0, 75.0
998.0, 75.45454545454545
999.0, 80.0
1000.0, 78.7878787878788
1001.0, 66.66666666666666
1002.0, 56.470588235294116
1003.0, 51.612903225806456
1004.0, 53.33333333333334
1005.0, 32.558139534883736
1006.0, 31.764705882352942
1007.0, 31.034482758620697
1008.0, 22.077922077922096
1009.0, 11.764705882352928
1010.0, 11.1111111111111
1011.0, 9.75609756097559
1012.0, 11.904761904761884
1013.0, 9.000000000000014
1014.0, 7.079646017699105
1015.0, 9.615384615384599
1016.0, 17.59259259259258
1017.0, 22.471910112359552
1018.0, 30.208333333333314
1019.0, 39.99999999999999
1020.0, 40.697674418604656
1021.0, 47.05882352941176
1022.0, 55.0
1023.0, 59.090909090909086
1024.0, 59.090909090909086
1025.0, 72.65625
1026.0, 58.169934640522875
1027.0, 65.6934306569343
1028.0, 75.91240875912408
1029.0, 69.38775510204081
1030.0, 63.698630136986296
1031.0, 62.16216216216216
1032.0, 58.86524822695035
1033.0, 58.86524822695035
1034.0, 58.27338129496403
1035.0, 53.90070921985815
1036.0, 46.15384615384615
1037.0, 51.04895104895105
1038.0, 61.1764705882353
1039.0, 52.41379310344826
1040.0, 57.57575757575757
1041.0, 57.25190839694657
1042.0, 55.90551181102362
1043.0, 62.393162393162385
1044.0, 60.33057851239669
1045.0, 63.41463414634146
1046.0, 67.17557251908397
1047.0, 71.71052631578948
1048.0, 76.24309392265194
1049.0, 79.88826815642459
1050.0, 82.28571428571428
1051.0, 80.25477707006368
1052.0, 69.8529411764706
1053.0, 73.04964539007094
1054.0, 84.05797101449278
1055.0, 85.33333333333336
1056.0, 67.04545454545456
1057.0, 60.416666666666686
1058.0, 65.40540540540542
1059.0, 60.103626943005196
1060.0, 55.49738219895288
1061.0, 44.1988950276243
1062.0, 37.654320987654316
1063.0, 33.73493975903614
1064.0, 34.91124260355029
1065.0, 33.73493975903615
1066.0, 36.305732484076415
1067.0, 31.818181818181827
1068.0, 29.530201342281856
1069.0, 29.05405405405405
1070.0, 34.677419354838705
1071.0, 43.24324324324323
1072.0, 50.0
1073.0, 56.89655172413792
1074.0, 64.70588235294119
1075.0, 71.96261682242992
1076.0, 64.35643564356437
1077.0, 65.65656565656566
1078.0, 56.48148148148147
1079.0, 57.27272727272726
1080.0, 53.91304347826087
1081.0, 54.86725663716815
1082.0, 50.94339622641509
1083.0, 41.747572815533985
1084.0, 43.87755102040816
1085.0, 43.87755102040819
1086.0, 30.379746835443044
1087.0, 29.487179487179517
1088.0, 15.789473684210549
1089.0, 18.91891891891892
1090.0, 20.28985507246378
1091.0, 28.358208955223915
1092.0, 41.66666666666666
1093.0, 34.42622950819671
1094.0, 34.42622950819671
1095.0, 46.376811594202884
1096.0, 40.50632911392405
1097.0, 42.10526315789473
1098.0, 45.714285714285715
1099.0, 41.538461538461505
1100.0, 47.94520547945206
1101.0, 47.22222222222222
1102.0, 56.06060606060607
1103.0, 54.6875
1104.0, 55.55555555555557
1105.0, 50.84745762711862
1106.0, 44.44444444444448
1107.0, 50.0
1108.0, 55.55555555555559
1109.0, 41.17647058823535
1110.0, 56.00000000000005
1111.0, 58.33333333333333
1112.0, 71.87500000000003
1113.0, 79.06976744186048
1114.0, 64.10256410256412
1115.0, 64.10256410256412
1116.0, 62.16216216216217
1117.0, 75.00000000000003
1118.0, 76.66666666666669
1119.0, 76.66666666666669
1120.0, 60.52631578947367
1121.0, 65.11627906976746
1122.0, 65.11627906976742
1123.0, 62.2222222222222
1124.0, 67.01030927835049
1125.0, 70.83333333333331
1126.0, 64.13043478260869
1127.0, 56.47058823529414
1128.0, 61.44578313253011
1129.0, 60.97560975609756
1130.0, 61.44578313253011
1131.0, 57.333333333333314
1132.0, 57.333333333333314
1133.0, 56.578947368421055
1134.0, 70.49180327868851
1135.0, 64.70588235294116
1136.0, 64.70588235294116
1137.0, 62.2641509433962
1138.0, 45.283018867924554
1139.0, 46.29629629629629
1140.0, 52.94117647058822
1141.0, 61.538461538461505
1142.0, 70.58823529411762
1143.0, 65.75342465753425
1144.0, 58.97435897435899
1145.0, 60.000000000000014
1146.0, 61.90476190476192
1147.0, 61.17647058823529
1148.0, 57.77777777777779
1149.0, 54.255319148936174
1150.0, 54.255319148936174
1151.0, 54.255319148936174
1152.0, 57.30337078651685
1153.0, 55.8139534883721
1154.0, 46.46464646464647
1155.0, 43.61702127659576
1156.0, 39.080459770114935
1157.0, 44.1860465116279
1158.0, 51.19047619047619
1159.0, 35.71428571428572
1160.0, 27.500000000000014
1161.0, 42.70833333333335
1162.0, 53.846153846153854
1163.0, 60.18518518518517
1164.0, 55.08474576271186
1165.0, 59.1304347826087
1166.0, 58.11965811965811
1167.0, 57.758620689655174
1168.0, 66.66666666666666
1169.0, 66.01941747572815
1170.0, 56.56565656565658
1171.0, 55.20833333333334
1172.0, 52.17391304347826
1173.0, 53.93258426966295
1174.0, 60.21505376344087
1175.0, 48.05194805194804
1176.0, 34.37499999999997
1177.0, 23.636363636363626
1178.0, 22.80701754385963
1179.0, 37.142857142857174
1180.0, 23.636363636363654
1181.0, 22.807017543859672
1182.0, 25.423728813559322
1183.0, 28.688524590163922
1184.0, 33.0508474576271
1185.0, 32.203389830508485
1186.0, 32.47863247863248
1187.0, 34.8623853211009
1188.0, 31.730769230769198
1189.0, 30.555555555555543
1190.0, 31.775700934579447
1191.0, 37.06896551724139
1192.0, 45.454545454545446
1193.0, 34.343434343434325
1194.0, 58.6206896551724
1195.0, 52.30769230769229
1196.0, 54.41176470588237
1197.0, 46.37681159420291
1198.0, 47.14285714285714
1199.0, 41.77215189873418
1200.0, 50.0
1201.0, 50.54945054945053
1202.0, 52.12765957446809
1203.0, 59.57446808510638
1204.0, 63.10679611650484
1205.0, 61.61616161616162
1206.0, 54.0
1207.0, 55.6701030927835
1208.0, 56.25000000000001
1209.0, 64.36781609195401
1210.0, 61.25000000000001
1211.0, 64.47368421052633
1212.0, 63.01369863013701
1213.0, 69.69696969696965
1214.0, 63.6363636363636
1215.0, 51.470588235294116
1216.0, 46.031746031746046
1217.0, 38.59649122807016
1218.0, 25.00000000000007
1219.0, 14.893617021276626
1220.0, 17.073170731707364
1221.0, 17.948717948718
1222.0, 18.918918918918962
1223.0, 26.82926829268297
1224.0, 23.80952380952381
1225.0, 25.000000000000014
1226.0, 31.818181818181827
1227.0, 38.636363636363626
1228.0, 37.20930232558141
1229.0, 51.61290322580649
1230.0, 53.33333333333333
1231.0, 59.375000000000014
1232.0, 55.88235294117648
1233.0, 67.64705882352943
1234.0, 73.52941176470591
1235.0, 60.97560975609753
1236.0, 73.58490566037734
1237.0, 70.21276595744679
1238.0, 62.2641509433962
1239.0, 64.28571428571428
1240.0, 53.57142857142857
1241.0, 58.064516129032256
1242.0, 59.999999999999986
1243.0, 67.12328767123287
1244.0, 66.2162162162162
1245.0, 53.48837209302325
1246.0, 61.85567010309277
1247.0, 58.94736842105262
1248.0, 59.37499999999998
1249.0, 59.375
1250.0, 52.4390243902439
1251.0, 51.80722891566266
1252.0, 61.90476190476192
1253.0, 59.036144578313255
1254.0, 66.26506024096386
1255.0, 67.05882352941177
1256.0, 68.88888888888889
1257.0, 59.770114942528735
1258.0, 59.770114942528764
1259.0, 75.30864197530869
1260.0, 64.38356164383563
1261.0, 61.84210526315793
1262.0, 66.27906976744191
1263.0, 75.00000000000004
1264.0, 74.15730337078656
1265.0, 78.43137254901964
1266.0, 66.98113207547172
1267.0, 68.57142857142861
1268.0, 67.96116504854372
1269.0, 66.32653061224491
1270.0, 66.66666666666669
1271.0, 71.73913043478264
1272.0, 70.96774193548387
1273.0, 73.5294117647059
1274.0, 83.96946564885499
1275.0, 87.59689922480621
1276.0, 84.74576271186442
1277.0, 85.24590163934428
1278.0, 82.53968253968254
1279.0, 81.0344827586207
1280.0, 91.34615384615385
1281.0, 92.50000000000001
1282.0, 84.92063492063492
1283.0, 84.16666666666667
1284.0, 78.44827586206897
1285.0, 78.63247863247864
1286.0, 82.3076923076923
1287.0, 71.19999999999999
1288.0, 63.26530612244896
1289.0, 61.458333333333336
1290.0, 63.54166666666667
1291.0, 56.47058823529414
1292.0, 60.493827160493815
1293.0, 53.57142857142858
1294.0, 44.00000000000002
1295.0, 39.130434782608695
1296.0, 47.72727272727273
1297.0, 47.72727272727273
1298.0, 49.41176470588234
1299.0, 49.41176470588236
1300.0, 37.49999999999999
1301.0, 40.909090909090935
1302.0, 25.33333333333333
1303.0, 24.358974358974365
1304.0, 18.478260869565204
1305.0, 28.431372549019613
1306.0, 23.33333333333333
1307.0, 27.96610169491528
1308.0, 30.841121495327116
1309.0, 24.00000000000003
1310.0, 37.19008264462811
1311.0, 41.53846153846154
1312.0, 39.70588235294118
1313.0, 38.97058823529413
1314.0, 35.570469798657726
1315.0, 38.62068965517242
1316.0, 44.615384615384635
1317.0, 33.91812865497077
1318.0, 38.21656050955414
1319.0, 37.820512820512825
1320.0, 42.142857142857146
1321.0, 40.441176470588225
1322.0, 43.18181818181817
1323.0, 45.522388059701484
1324.0, 34.821428571428584
1325.0, 25.862068965517253
1326.0, 27.27272727272728
1327.0, 27.27272727272728
1328.0, 27.52293577981652
1329.0, 22.689075630252105
1330.0, 20.16129032258064
1331.0, 38.63636363636366
1332.0, 42.553191489361694
1333.0, 32.22222222222224
1334.0, 34.83146067415731
1335.0, 35.55555555555557
1336.0, 31.914893617021292
1337.0, 34.02061855670104
1338.0, 30.434782608695627
1339.0, 33.33333333333333
1340.0, 31.111111111111114
1341.0, 37.113402061855666
1342.0, 39.56043956043957
1343.0, 48.78048780487804
1344.0, 51.28205128205128
1345.0, 34.44444444444443
1346.0, 38.54166666666668
1347.0, 37.755102040816325
1348.0, 34.65346534653466
1349.0, 30.0
1350.0, 33.644859813084096
1351.0, 35.45454545454547
1352.0, 42.27642276422764
1353.0, 41.269841269841265
1354.0, 51.492537313432834
1355.0, 48.03149606299212
1356.0, 49.593495934959336
1357.0, 43.84615384615385
1358.0, 45.3125
1359.0, 55.04587155963302
1360.0, 46.46464646464645
1361.0, 55.55555555555557
1362.0, 60.20408163265306
1363.0, 70.83333333333331
1364.0, 64.35643564356434
1365.0, 57.29166666666667
1366.0, 51.764705882352956
1367.0, 59.259259259259274
1368.0, 50.0
1369.0, 47.82608695652175
1370.0, 47.82608695652175
1371.0, 55.93220338983049
1372.0, 56.666666666666664
1373.0, 58.064516129032256
1374.0, 55.3846153846154
1375.0, 42.18749999999999
1376.0, 32.39436619718309
1377.0, 21.538461538461547
1378.0, 28.33333333333337
1379.0, 32.14285714285715
1380.0, 35.59322033898307
1381.0, 34.482758620689665
1382.0, 26.865671641791053
1383.0, 26.865671641791053
1384.0, 27.272727272727266
1385.0, 29.85074626865672
1386.0, 31.8840579710145
1387.0, 38.15789473684214
1388.0, 36.70886075949369
1389.0, 40.277777777777786
1390.0, 63.218390804597675
1391.0, 68.81720430107525
1392.0, 73.14814814814812
1393.0, 60.46511627906976
1394.0, 59.19999999999999
1395.0, 57.258064516129025
1396.0, 65.28925619834708
1397.0, 67.5213675213675
1398.0, 65.83333333333334
1399.0, 62.60162601626016
1400.0, 61.666666666666664
1401.0, 60.344827586206875
1402.0, 70.24793388429751
1403.0, 62.50000000000001
1404.0, 53.15315315315314
1405.0, 47.61904761904763
1406.0, 44.99999999999999
1407.0, 58.75000000000001
1408.0, 62.50000000000001
1409.0, 63.21839080459772
1410.0, 67.6767676767677
1411.0, 70.37037037037041
1412.0, 71.02803738317756
1413.0, 77.96610169491527
1414.0, 67.4074074074074
1415.0, 66.66666666666666
1416.0, 64.80000000000001
1417.0, 72.32142857142857
1418.0, 71.68141592920355
1419.0, 73.87387387387386
1420.0, 71.0
1421.0, 71.0
1422.0, 68.13186813186813
1423.0, 61.386138613861384
1424.0, 56.666666666666664
1425.0, 48.27586206896551
1426.0, 54.02298850574714
1427.0, 40.78947368421052
1428.0, 51.66666666666667
1429.0, 45.0
1430.0, 37.73584905660379
1431.0, 50.81967213114753
1432.0, 56.92307692307691
1433.0, 60.0
1434.0, 62.16216216216216
1435.0, 65.43209876543209
1436.0, 64.63414634146343
1437.0, 73.61111111111109
1438.0, 65.67164179104475
1439.0, 74.62686567164177
1440.0, 73.84615384615381
1441.0, 77.41935483870967
1442.0, 80.95238095238095
1443.0, 80.95238095238095
1444.0, 80.95238095238093
1445.0, 80.64516129032256
1446.0, 75.86206896551722
1447.0, 79.1044776119403
1448.0, 63.51351351351349
1449.0, 63.99999999999998
1450.0, 63.157894736842074
1451.0, 67.85714285714283
1452.0, 61.956521739130444
1453.0, 61.53846153846153
1454.0, 59.55056179775283
1455.0, 61.79775280898878
1456.0, 59.770114942528735
1457.0, 66.30434782608694
1458.0, 64.51612903225806
1459.0, 53.76344086021507
1460.0, 58.163265306122454
1461.0, 45.65217391304348
1462.0, 50.60240963855424
1463.0, 47.43589743589743
1464.0, 50.632911392405084
1465.0, 43.05555555555557
1466.0, 42.46575342465751
1467.0, 38.235294117647044
1468.0, 45.333333333333314
1469.0, 39.999999999999986
1470.0, 38.554216867469876
1471.0, 29.870129870129887
1472.0, 32.46753246753245
1473.0, 41.66666666666666
1474.0, 37.3134328358209
1475.0, 48.4375
1476.0, 48.4375
1477.0, 44.06779661016951
1478.0, 40.35087719298243
1479.0, 38.98305084745761
1480.0, 53.061224489795954
1481.0, 59.64912280701756
1482.0, 60.344827586206904
1483.0, 63.63636363636362
1484.0, 69.81132075471697
1485.0, 74.99999999999996
1486.0, 68.5185185185185
1487.0, 64.0
1488.0, 68.96551724137929
1489.0, 54.83870967741936
1490.0, 60.65573770491804
1491.0, 63.63636363636363
1492.0, 63.63636363636367
1493.0, 62.68656716417916
1494.0, 64.2857142857143
1495.0, 65.75342465753428
1496.0, 59.09090909090912
1497.0, 68.49315068493155
1498.0, 69.73684210526321
1499.0, 71.60493827160496
1500.0, 76.25000000000006
1501.0, 72.61904761904766
1502.0, 68.91891891891898
1503.0, 80.30303030303034
1504.0, 79.36507936507941
1505.0, 75.00000000000009
1506.0, 71.42857142857147
1507.0, 80.59701492537317
1508.0, 55.172413793103466
1509.0, 48.05194805194804
1510.0, 52.50000000000001
1511.0, 46.47887323943663
1512.0, 39.99999999999998
1513.0, 34.375
1514.0, 32.258064516129025
1515.0, 47.887323943661954
1516.0, 52.56410256410257
1517.0, 46.987951807228924
1518.0, 51.648351648351664
1519.0, 52.22222222222223
1520.0, 51.648351648351664
1521.0, 44.705882352941195
1522.0, 53.521126760563355
1523.0, 56.16438356164385
1524.0, 54.285714285714285
1525.0, 57.333333333333314
1526.0, 64.99999999999999
1527.0, 60.000000000000014
1528.0, 59.52380952380953
1529.0, 50.70422535211265
1530.0, 48.529411764705856
1531.0, 55.55555555555557
1532.0, 49.090909090909115
1533.0, 51.78571428571425
1534.0, 59.999999999999936
1535.0, 51.56249999999996
1536.0, 67.24137931034483
1537.0, 66.07142857142853
1538.0, 63.63636363636362
1539.0, 54.9019607843137
1540.0, 47.727272727272776
1541.0, 48.83720930232551
1542.0, 48.83720930232551
1543.0, 44.68085106382982
1544.0, 39.53488372093029
1545.0, 36.58536585365852
1546.0, 39.53488372093029
1547.0, 36.585365853658665
1548.0, 28.947368421052758
1549.0, 57.14285714285719
1550.0, 48.27586206896557
1551.0, 44.82758620689658
1552.0, 43.3333333333334
1553.0, 51.724137931034434
1554.0, 50.0
1555.0, 55.999999999999986
1556.0, 55.999999999999986
1557.0, 55.999999999999986
1558.0, 34.14634146341476
1559.0, 40.000000000000085
1560.0, 47.058823529411754
1561.0, 48.076923076923045
1562.0, 50.94339622641515
1563.0, 39.999999999999964
1564.0, 41.304347826087
1565.0, 37.254901960784416
1566.0, 32.75862068965523
1567.0, 28.333333333333456
1568.0, 42.666666666666664
1569.0, 46.052631578947405
1570.0, 42.68292682926834
1571.0, 39.7727272727273
1572.0, 48.611111111111114
1573.0, 49.315068493150704
1574.0, 53.749999999999964
1575.0, 51.85185185185187
1576.0, 53.57142857142854
1577.0, 47.87234042553194
1578.0, 45.83333333333333
1579.0, 47.826086956521735
1580.0, 50.574712643678176
1581.0, 54.11764705882355
1582.0, 39.4736842105263
1583.0, 37.837837837837824
1584.0, 39.999999999999986
1585.0, 46.66666666666666
1586.0, 52.94117647058823
1587.0, 44.927536231884034
1588.0, 33.333333333333385
1589.0, 38.98305084745765
1590.0, 30.000000000000057
1591.0, 47.45762711864409
1592.0, 46.666666666666664
1593.0, 48.275862068965516
1594.0, 44.444444444444436
1595.0, 47.76119402985073
1596.0, 54.838709677419345
1597.0, 51.5625
1598.0, 53.968253968253954
1599.0, 56.25
1600.0, 44.444444444444464
1601.0, 46.666666666666664
1602.0, 52.23880597014924
1603.0, 49.20634920634919
1604.0, 52.54237288135592
1605.0, 44.0
1606.0, 64.1791044776119
1607.0, 60.5633802816901
1608.0, 68.25396825396827
1609.0, 49.33333333333335
1610.0, 60.00000000000001
1611.0, 65.0
1612.0, 68.46846846846849
1613.0, 62.711864406779675
1614.0, 59.19999999999999
1615.0, 62.20472440944883
1616.0, 50.73529411764706
1617.0, 44.516129032258064
1618.0, 47.82608695652175
1619.0, 46.91358024691358
1620.0, 38.46153846153848
1621.0, 51.44508670520233
1622.0, 55.37634408602151
1623.0, 55.67567567567567
1624.0, 38.38862559241708
1625.0, 40.6392694063927
1626.0, 33.77192982456141
1627.0, 42.04081632653062
1628.0, 44.01709401709402
1629.0, 43.53448275862068
1630.0, 45.70135746606335
1631.0, 49.7536945812808
1632.0, 41.89189189189189
1633.0, 42.792792792792795
1634.0, 43.18181818181819
1635.0, 41.31455399061032
1636.0, 38.72549019607843
1637.0, 37.26415094339623
1638.0, 52.51396648044692
1639.0, 50.86705202312138
1640.0, 55.69620253164557
1641.0, 49.275362318840585
1642.0, 45.63758389261746
1643.0, 39.87730061349693
1644.0, 45.783132530120476
1645.0, 50.55555555555556
1646.0, 53.529411764705884
1647.0, 49.17127071823204
1648.0, 50.0
1649.0, 45.23809523809524
1650.0, 45.562130177514796
1651.0, 52.73972602739726
1652.0, 47.328244274809165
1653.0, 41.935483870967744
1654.0, 40.944881889763785
1655.0, 34.58646616541354
1656.0, 32.85714285714286
1657.0, 48.666666666666664
1658.0, 47.61904761904762
1659.0, 45.774647887323944
1660.0, 43.33333333333334
1661.0, 53.54838709677419
1662.0, 45.97701149425287
1663.0, 38.764044943820224
1664.0, 44.67005076142132
1665.0, 45.12820512820513
1666.0, 47.02970297029703
1667.0, 45.023696682464454
1668.0, 51.8018018018018
1669.0, 58.33333333333333
1670.0, 64.76190476190476
1671.0, 52.65700483091788
1672.0, 50.753768844221106
1673.0, 45.7286432160804
1674.0, 52.29885057471265
1675.0, 45.06172839506174
1676.0, 52.14285714285714
1677.0, 60.606060606060595
1678.0, 53.15315315315314
1679.0, 49.5798319327731
1680.0, 48.71794871794873
1681.0, 59.32203389830509
1682.0, 50.0
1683.0, 40.476190476190496
1684.0, 35.63218390804599
1685.0, 57.33333333333335
1686.0, 60.975609756097576
1687.0, 63.29113924050632
1688.0, 58.139534883720906
1689.0, 63.41463414634145
1690.0, 55.319148936170215
1691.0, 51.13636363636364
1692.0, 54.73684210526315
1693.0, 53.06122448979592
1694.0, 54.45544554455444
1695.0, 43.29896907216495
1696.0, 40.77669902912622
1697.0, 41.34615384615383
1698.0, 39.449541284403665
1699.0, 30.99999999999997
1700.0, 22.641509433962256
1701.0, 23.076923076923066
1702.0, 35.39823008849555
1703.0, 31.932773109243698
1704.0, 46.51162790697673
1705.0, 48.872180451127825
1706.0, 47.28682170542636
1707.0, 56.15384615384617
1708.0, 48.50746268656716
1709.0, 50.78125
1710.0, 47.44525547445254
1711.0, 47.44525547445256
1712.0, 48.87218045112781
1713.0, 54.861111111111114
1714.0, 63.12056737588653
1715.0, 69.6774193548387
1716.0, 69.07894736842105
1717.0, 73.10344827586205
1718.0, 70.89552238805969
1719.0, 70.22900763358777
1720.0, 67.46031746031744
1721.0, 64.95726495726495
1722.0, 71.02803738317755
1723.0, 63.86554621848736
1724.0, 73.78640776699027
1725.0, 69.52380952380949
1726.0, 76.41509433962263
1727.0, 74.22680412371133
1728.0, 71.59090909090907
1729.0, 61.111111111111114
1730.0, 50.81967213114756
1731.0, 59.999999999999986
1732.0, 50.74626865671644
1733.0, 50.74626865671644
1734.0, 45.945945945945944
1735.0, 49.367088607594916
1736.0, 60.41666666666665
1737.0, 72.61904761904763
1738.0, 74.4186046511628
1739.0, 78.04878048780483
1740.0, 68.29268292682923
1741.0, 68.29268292682926
1742.0, 69.41176470588235
1743.0, 74.15730337078647
1744.0, 65.34653465346534
1745.0, 64.64646464646464
1746.0, 70.09345794392522
1747.0, 64.03508771929819
1748.0, 72.88135593220335
1749.0, 70.90909090909088
1750.0, 66.31578947368419
1751.0, 65.2173913043478
1752.0, 62.63736263736257
1753.0, 62.63736263736264
1754.0, 69.41176470588232
1755.0, 58.06451612903223
1756.0, 53.76344086021502
1757.0, 46.73913043478263
1758.0, 53.0864197530864
1759.0, 43.47826086956525
1760.0, 28.358208955223915
1761.0, 41.79104477611944
1762.0, 25.862068965517196
1763.0, 27.118644067796524
1764.0, 24.561403508771903
1765.0, 22.950819672131118
1766.0, 23.72881355932202
1767.0, 23.728813559321992
1768.0, 20.338983050847474
1769.0, 21.052631578947384
1770.0, 34.92063492063498
1771.0, 43.5483870967742
1772.0, 51.515151515151544
1773.0, 52.30769230769233
1774.0, 54.8387096774193
1775.0, 53.33333333333332
1776.0, 65.21739130434777
1777.0, 54.999999999999986
1778.0, 55.55555555555553
1779.0, 55.55555555555553
1780.0, 51.136363636363605
1781.0, 50.56179775280903
1782.0, 53.846153846153854
1783.0, 67.70833333333331
1784.0, 56.70103092783505
1785.0, 49.01960784313723
1786.0, 46.93877551020405
1787.0, 41.441441441441434
1788.0, 46.84684684684683
1789.0, 39.473684210526294
1790.0, 30.188679245282998
1791.0, 38.61386138613857
1792.0, 34.615384615384556
1793.0, 37.864077669902876
1794.0, 44.66019417475725
1795.0, 43.3962264150943
1796.0, 39.25233644859808
1797.0, 27.368421052631533
1798.0, 34.831460674157285
1799.0, 38.2716049382716
1800.0, 32.18390804597696
1801.0, 36.84210526315785
1802.0, 30.55555555555553
1803.0, 50.0
1804.0, 56.790123456790106
1805.0, 52.000000000000014
1806.0, 61.038961038961034
1807.0, 59.99999999999997
1808.0, 62.96296296296296
1809.0, 66.23376623376625
1810.0, 62.195121951219534
1811.0, 54.255319148936174
1812.0, 51.11111111111111
1813.0, 50.54945054945053
1814.0, 54.76190476190477
1815.0, 57.647058823529434
1816.0, 59.036144578313284
1817.0, 46.96969696969696
1818.0, 51.38888888888893
1819.0, 50.0
1820.0, 43.28358208955225
1821.0, 38.888888888888914
1822.0, 33.33333333333336
1823.0, 31.8840579710145
1824.0, 37.288135593220325
1825.0, 57.99999999999999
1826.0, 64.91228070175436
1827.0, 77.33333333333331
1828.0, 71.60493827160492
1829.0, 71.24999999999996
1830.0, 62.63736263736264
1831.0, 65.26315789473685
1832.0, 61.62790697674421
1833.0, 68.75000000000003
1834.0, 59.99999999999999
1835.0, 65.76576576576576
1836.0, 64.15094339622641
1837.0, 68.51851851851853
1838.0, 60.655737704918025
1839.0, 60.97560975609754
1840.0, 58.62068965517242
1841.0, 49.473684210526336
1842.0, 58.33333333333333
1843.0, 52.427184466019455
1844.0, 51.428571428571445
1845.0, 51.428571428571445
1846.0, 46.78899082568806
1847.0, 42.574257425742566
1848.0, 50.0
1849.0, 48.80952380952378
1850.0, 53.76344086021506
1851.0, 64.16666666666666
1852.0, 72.89719626168224
1853.0, 64.22018348623855
1854.0, 64.54545454545453
1855.0, 55.905511811023615
1856.0, 52.94117647058822
1857.0, 57.27272727272725
1858.0, 61.165048543689316
1859.0, 61.538461538461526
1860.0, 64.00000000000006
1861.0, 64.70588235294122
1862.0, 67.56756756756764
1863.0, 60.86956521739131
1864.0, 50.86206896551727
1865.0, 27.083333333333258
1866.0, 24.999999999999957
1867.0, 29.347826086956516
1868.0, 32.29166666666666
1869.0, 50.0
1870.0, 48.95833333333335
1871.0, 42.72727272727275
1872.0, 43.11926605504585
1873.0, 44.14414414414415
1874.0, 54.96183206106869
1875.0, 50.0
1876.0, 49.21874999999998
1877.0, 53.33333333333333
1878.0, 57.1428571428571
1879.0, 64.0
1880.0, 70.19230769230766
1881.0, 68.93203883495144
1882.0, 67.0103092783505
1883.0, 64.83516483516485
1884.0, 68.3673469387755
1885.0, 73.62637362637356
1886.0, 78.65168539325842
1887.0, 77.38095238095235
1888.0, 64.61538461538457
1889.0, 72.13114754098363
1890.0, 70.17543859649126
1891.0, 71.1864406779661
1892.0, 78.68852459016396
1893.0, 77.41935483870962
1894.0, 68.4210526315789
1895.0, 72.13114754098356
1896.0, 72.13114754098356
1897.0, 67.30769230769224
1898.0, 63.04347826086953
1899.0, 72.49999999999984
1900.0, 68.42105263157883
1901.0, 69.23076923076916
1902.0, 77.14285714285703
1903.0, 79.48717948717932
1904.0, 78.94736842105247
1905.0, 72.9729729729728
1906.0, 58.33333333333323
1907.0, 63.88888888888888
1908.0, 74.28571428571418
1909.0, 74.64788732394354
1910.0, 63.09523809523798
1911.0, 64.7727272727272
1912.0, 51.96078431372544
1913.0, 40.15151515151517
1914.0, 50.64102564102563
1915.0, 40.80459770114943
1916.0, 40.80459770114943
1917.0, 38.69047619047625
1918.0, 32.10526315789477
1919.0, 43.69369369369371
1920.0, 45.754716981132084
1921.0, 44.71153846153844
1922.0, 44.17475728155344
1923.0, 41.6243654822335
1924.0, 45.16129032258065
1925.0, 45.16129032258065
1926.0, 50.0
1927.0, 55.99999999999999
1928.0, 34.52380952380953
1929.0, 44.00000000000001
1930.0, 37.93103448275862
1931.0, 37.20930232558141
1932.0, 52.32558139534884
1933.0, 34.177215189873436
1934.0, 31.395348837209312
1935.0, 31.03448275862071
1936.0, 32.58426966292133
1937.0, 37.5
1938.0, 39.393939393939405
1939.0, 33.33333333333336
1940.0, 33.96226415094341
1941.0, 34.28571428571429
1942.0, 43.3734939759036
1943.0, 40.880503144654135
1944.0, 47.79411764705881
1945.0, 44.85294117647058
1946.0, 36.44067796610172
1947.0, 50.0
1948.0, 50.961538461538524
1949.0, 59.166666666666686
1950.0, 57.01754385964912
1951.0, 50.99999999999998
1952.0, 44.79166666666668
1953.0, 55.84415584415584
1954.0, 58.536585365853696
1955.0, 70.27027027027036
1956.0, 75.0000000000001
1957.0, 75.86131226684226
1958.0, 76.58396101019068
1959.0, 81.42609449501528
1960.0, 56.763611768684505
1961.0, 48.309097057828915
1962.0, 66.85999460480176
1963.0, 48.797209526100524
1964.0, 43.89838029731526
1965.0, 43.26901503253308
1966.0, 48.94891738490642
1967.0, 52.70562770562769
1968.0, 52.471821237888065
1969.0, 50.0
1970.0, 51.426669202967446
1971.0, 54.01998739533626
1972.0, 48.78048780487804
1973.0, 48.360655737704924
1974.0, 52.67857142857141
1975.0, 59.663865546218446
1976.0, 55.140186915887824
1977.0, 67.39130434782606
1978.0, 76.08695652173911
1979.0, 77.77777777777776
1980.0, 76.84210526315788
1981.0, 75.82417582417578
1982.0, 74.99999999999994
1983.0, 78.88888888888886
1984.0, 75.30864197530863
1985.0, 67.08860759493675
1986.0, 77.9411764705883
1987.0, 76.1194029850746
1988.0, 85.2459016393443
1989.0, 83.33333333333336
1990.0, 72.00000000000006
1991.0, 68.74999999999996
1992.0, 64.28571428571428
1993.0, 60.52631578947367
1994.0, 51.351351351351326
1995.0, 35.55555555555563
1996.0, 33.333333333333385
1997.0, 37.25490196078438
1998.0, 28.787878787878896
1999.0, 53.409090909090885
2000.0, 57.446808510638256
2001.0, 56.25
2002.0, 57.575757575757535
2003.0, 56.25
2004.0, 63.36633663366332
2005.0, 66.97247706422017
2006.0, 68.14159292035399
2007.0, 68.42105263157893
2008.0, 68.42105263157893
2009.0, 75.72815533980582
2010.0, 70.9090909090909
2011.0, 68.62745098039214
2012.0, 81.81818181818173
2013.0, 74.99999999999993
2014.0, 75.3846153846153
2015.0, 79.03225806451607
2016.0, 77.58620689655166
2017.0, 78.33333333333326
2018.0, 77.58620689655166
2019.0, 73.46938775510199
2020.0, 71.7391304347825
2021.0, 69.04761904761892
2022.0, 69.04761904761907
2023.0, 59.183673469387735
2024.0, 79.16666666666671
2025.0, 79.59183673469393
2026.0, 77.08333333333339
2027.0, 66.00000000000007
2028.0, 59.52380952380957
2029.0, 64.58333333333337
2030.0, 58.49056603773588
2031.0, 56.862745098039206
2032.0, 50.0
2033.0, 50.0
2034.0, 45.23809523809522
2035.0, 45.882352941176556
2036.0, 36.79245283018865
2037.0, 49.03846153846156
2038.0, 33.67346938775516
2039.0, 39.81481481481492
2040.0, 38.39285714285722
2041.0, 40.56603773584907
2042.0, 38.39285714285722
2043.0, 38.39285714285722
2044.0, 39.09090909090915
2045.0, 36.11111111111125
2046.0, 24.666666666666757
2047.0, 32.7380952380953
2048.0, 30.898876404494445
2049.0, 36.923076923076906
2050.0, 45.45454545454546
2051.0, 39.08045977011492
2052.0, 41.97530864197532
2053.0, 39.74358974358972
2054.0, 50.0
2055.0, 50.0
2056.0, 54.44444444444445
2057.0, 50.0
2058.0, 53.5714285714286
2059.0, 54.216867469879524
2060.0, 75.3846153846153
2061.0, 71.92982456140344
2062.0, 80.39215686274505
2063.0, 76.74418604651159
2064.0, 82.75862068965513
2065.0, 92.64705882352932
2066.0, 76.82926829268291
2067.0, 77.90697674418601
2068.0, 66.6666666666667
2069.0, 65.06024096385542
2070.0, 64.19753086419752
2071.0, 65.82278481012659
2072.0, 68.60465116279069
2073.0, 67.816091954023
2074.0, 67.44186046511629
2075.0, 64.77272727272728
2076.0, 69.00000000000001
2077.0, 63.55140186915889
2078.0, 56.17977528089886
2079.0, 46.05263157894739
2080.0, 58.46153846153843
2081.0, 50.0
2082.0, 60.344827586206826
2083.0, 70.49180327868854
2084.0, 72.72727272727275
2085.0, 67.60563380281693
2086.0, 55.31914893617023
2087.0, 47.56097560975609
2088.0, 49.41176470588232
2089.0, 46.66666666666668
2090.0, 34.88372093023253
2091.0, 42.16867469879516
2092.0, 36.9565217391304
2093.0, 27.419354838709637
2094.0, 24.031007751937977
2095.0, 24.031007751937977
2096.0, 25.75757575757575
2097.0, 24.031007751937977
2098.0, 25.75757575757575
2099.0, 29.00763358778626
2100.0, 36.226415094339615
2101.0, 36.92307692307692
2102.0, 39.25925925925928
2103.0, 45.185185185185155
2104.0, 46.56488549618318
2105.0, 49.275362318840564
2106.0, 51.127819548872196
2107.0, 70.7547169811321
2108.0, 77.22772277227727
2109.0, 78.7878787878788
2110.0, 78.7878787878788
2111.0, 76.84210526315792
2112.0, 68.13186813186813
2113.0, 64.44444444444443
2114.0, 55.81395348837212
2115.0, 52.74725274725273
2116.0, 46.24999999999997
2117.0, 46.9135802469136
2118.0, 51.85185185185187
2119.0, 46.575342465753444
2120.0, 36.559139784946254
2121.0, 38.54166666666671
2122.0, 37.89473684210525
2123.0, 43.00000000000002
2124.0, 36.36363636363635
2125.0, 34.28571428571429
2126.0, 33.644859813084096
2127.0, 43.80165289256202
2128.0, 44.91525423728814
2129.0, 50.47619047619046
2130.0, 53.57142857142856
2131.0, 50.47619047619046
2132.0, 41.17647058823532
2133.0, 36.29032258064519
2134.0, 45.00000000000003
2135.0, 49.074074074074055
2136.0, 45.535714285714306
2137.0, 47.86324786324787
2138.0, 48.275862068965516
2139.0, 51.3761467889908
2140.0, 46.66666666666671
2141.0, 42.60089686098654
2142.0, 48.30508474576271
2143.0, 47.50000000000001
2144.0, 43.85964912280702
2145.0, 42.857142857142875
2146.0, 56.1904761904762
2147.0, 62.244897959183696
2148.0, 65.38461538461539
2149.0, 63.63636363636367
2150.0, 64.94845360824743
2151.0, 68.22429906542055
2152.0, 72.11538461538464
2153.0, 72.11538461538464
2154.0, 90.21739130434783
2155.0, 90.5759162303665
2156.0, 89.65517241379311
2157.0, 81.25000000000001
2158.0, 81.25000000000001
2159.0, 77.22772277227725
2160.0, 72.04301075268819
2161.0, 69.8924731182796
2162.0, 70.21276595744686
2163.0, 59.55056179775282
2164.0, 65.5913978494624
2165.0, 56.75675675675675
2166.0, 49.38271604938273
2167.0, 54.945054945054984
2168.0, 44.210526315789494
2169.0, 34.482758620689665
2170.0, 32.95454545454545
2171.0, 50.53763440860219
2172.0, 55.445544554455466
2173.0, 62.2641509433962
2174.0, 58.40707964601772
2175.0, 60.526315789473664
2176.0, 59.090909090909065
2177.0, 65.42056074766356
2178.0, 58.49056603773583
2179.0, 63.33333333333333
2180.0, 60.80000000000001
2181.0, 59.504132231404945
2182.0, 66.36363636363635
2183.0, 72.2689075630252
2184.0, 60.56338028169014
2185.0, 56.24999999999998
2186.0, 51.21951219512193
2187.0, 48.275862068965516
2188.0, 50.0
2189.0, 57.25190839694658
2190.0, 54.61538461538462
2191.0, 52.38095238095237
2192.0, 60.740740740740755
2193.0, 57.25806451612903
2194.0, 63.39285714285716
2195.0, 65.54621848739498
2196.0, 66.39344262295086
2197.0, 63.71681415929207
2198.0, 82.79569892473124
2199.0, 82.22222222222229
2200.0, 86.66666666666673
2201.0, 88.11881188118818
2202.0, 94.11764705882356
2203.0, 93.18181818181822
2204.0, 97.1428571428572
2205.0, 79.6875
2206.0, 72.8813559322034
2207.0, 73.77049180327872
2208.0, 76.0
2209.0, 68.90756302521011
2210.0, 68.37606837606839
2211.0, 67.54385964912282
2212.0, 64.8648648648649
2213.0, 56.800000000000004
2214.0, 54.471544715447166
2215.0, 48.18181818181817
2216.0, 42.99065420560749
2217.0, 42.99065420560749
2218.0, 26.53061224489791
2219.0, 45.45454545454543
2220.0, 45.45454545454543
2221.0, 44.186046511627914
2222.0, 47.252747252747255
2223.0, 56.38297872340428
2224.0, 53.68421052631581
2225.0, 55.10204081632655
2226.0, 55.67010309278352
2227.0, 52.427184466019455
2228.0, 53.46534653465348
2229.0, 55.33980582524269
2230.0, 43.84615384615383
2231.0, 39.83739837398373
2232.0, 46.61016949152541
2233.0, 37.27272727272727
2234.0, 41.121495327102764
2235.0, 33.962264150943355
2236.0, 38.59649122807016
2237.0, 39.13043478260866
2238.0, 38.46153846153841
2239.0, 37.39130434782606
2240.0, 37.39130434782606
2241.0, 45.74468085106382
2242.0, 47.42268041237109
2243.0, 36.44067796610169
2244.0, 51.1111111111111
2245.0, 51.68539325842694
2246.0, 41.666666666666636
2247.0, 52.83018867924527
2248.0, 46.902654867256665
2249.0, 35.57046979865768
2250.0, 27.272727272727295
2251.0, 18.65671641791043
2252.0, 19.23076923076924
2253.0, 23.357664233576614
2254.0, 31.12582781456952
2255.0, 39.88439306358379
2256.0, 37.07865168539326
2257.0, 42.85714285714284
2258.0, 40.384615384615394
2259.0, 37.27810650887576
2260.0, 38.65030674846627
2261.0, 35.064935064935085
2262.0, 37.24137931034484
2263.0, 53.846153846153854
2264.0, 54.716981132075446
2265.0, 67.59259259259262
2266.0, 70.43478260869566
2267.0, 68.8073394495413
2268.0, 42.553191489361694
2269.0, 43.750000000000014
2270.0, 46.71532846715329
2271.0, 47.10144927536231
2272.0, 51.42857142857143
2273.0, 60.714285714285715
2274.0, 61.59420289855074
2275.0, 61.59420289855074
2276.0, 58.62068965517242
2277.0, 58.33333333333334
2278.0, 56.25
2279.0, 53.67647058823528
2280.0, 46.76258992805756
2281.0, 45.25547445255475
2282.0, 69.89247311827955
2283.0, 49.38271604938273
2284.0, 45.882352941176464
2285.0, 38.77551020408166
2286.0, 36.17021276595747
2287.0, 25.30120481927716
2288.0, 30.48780487804882
2289.0, 38.043478260869556
2290.0, 39.77272727272726
2291.0, 38.63636363636364
2292.0, 34.34343434343438
2293.0, 27.83505154639178
2294.0, 36.559139784946225
2295.0, 41.99999999999999
2296.0, 35.45454545454544
2297.0, 35.779816513761446
2298.0, 39.81481481481482
2299.0, 44.32989690721648
2300.0, 42.553191489361666
2301.0, 48.51485148514855
2302.0, 45.91836734693878
2303.0, 44.791666666666686
2304.0, 39.81481481481483
2305.0, 47.10743801652896
2306.0, 45.96774193548386
2307.0, 46.34146341463413
2308.0, 57.142857142857146
2309.0, 57.41935483870967
2310.0, 60.54421768707481
2311.0, 67.37588652482265
2312.0, 63.636363636363626
2313.0, 60.66666666666665
2314.0, 63.124999999999986
2315.0, 56.44171779141103
2316.0, 60.22727272727273
2317.0, 58.57988165680472
2318.0, 59.63855421686746
2319.0, 51.204819277108406
2320.0, 57.89473684210526
2321.0, 61.78343949044585
2322.0, 49.57983193277308
2323.0, 38.610038610038615
2324.0, 41.79687500000001
2325.0, 42.248062015503876
2326.0, 49.25925925925924
2327.0, 56.98529411764707
2328.0, 45.302013422818774
2329.0, 48.91304347826086
2330.0, 41.79687500000001
2331.0, 39.91935483870968
2332.0, 41.596638655462186
2333.0, 48.130841121495365
2334.0, 50.0
2335.0, 45.58823529411765
2336.0, 49.08256880733946
2337.0, 60.655737704917996
2338.0, 54.73684210526315
2339.0, 42.452830188679236
2340.0, 36.45833333333336
2341.0, 30.6818181818182
2342.0, 42.42424242424246
2343.0, 50.0
2344.0, 51.388888888888864
2345.0, 51.388888888888864
2346.0, 57.812499999999964
2347.0, 55.5555555555555
2348.0, 54.09836065573769
2349.0, 48.52941176470591
2350.0, 44.444444444444414
2351.0, 40.62499999999998
2352.0, 50.79365079365077
2353.0, 62.74509803921566
2354.0, 67.24137931034483
2355.0, 53.73134328358207
2356.0, 49.295774647887335
2357.0, 42.85714285714287
2358.0, 42.85714285714287
2359.0, 35.93750000000004
2360.0, 33.33333333333337
2361.0, 32.39436619718312
2362.0, 26.865671641791096
2363.0, 26.086956521739168
2364.0, 32.00000000000007
2365.0, 32.00000000000007
2366.0, 29.16666666666673
2367.0, 31.8181818181819
2368.0, 22.413793103448256
2369.0, 28.260869565217376
2370.0, 30.952380952380935
2371.0, 72.11538461538461
2372.0, 75.45454545454548
2373.0, 69.74789915966385
2374.0, 68.59504132231406
2375.0, 69.16666666666666
2376.0, 70.49180327868851
2377.0, 76.72413793103446
2378.0, 70.43478260869563
2379.0, 73.94957983193277
2380.0, 75.59055118110234
2381.0, 69.56521739130434
2382.0, 66.9014084507042
2383.0, 66.9014084507042
2384.0, 65.51724137931035
2385.0, 42.52873563218392
2386.0, 35.365853658536565
2387.0, 46.57534246575344
2388.0, 52.2388059701492
2389.0, 54.54545454545458
2390.0, 54.54545454545452
2391.0, 53.12500000000001
2392.0, 55.73770491803281
2393.0, 49.09090909090903
2394.0, 39.13043478260876
2395.0, 60.46511627906971
2396.0, 72.72727272727273
2397.0, 74.468085106383
2398.0, 82.97872340425516
2399.0, 75.55555555555539
2400.0, 82.97872340425516
2401.0, 80.95238095238079
2402.0, 83.33333333333321
2403.0, 73.5849056603773
2404.0, 64.28571428571423
2405.0, 69.69696969696962
2406.0, 69.69696969696962
2407.0, 73.61111111111111
2408.0, 74.32432432432431
2409.0, 70.14925373134321
2410.0, 60.29411764705885
2411.0, 56.71641791044774
2412.0, 51.51515151515147
2413.0, 57.35294117647061
2414.0, 52.307692307692314
2415.0, 47.88732394366203
2416.0, 36.986301369863085
2417.0, 51.21951219512193
2418.0, 63.82978723404252
2419.0, 51.57894736842107
2420.0, 53.26086956521737
2421.0, 56.56565656565656
2422.0, 52.52525252525251
2423.0, 54.45544554455444
2424.0, 65.48672566371678
2425.0, 75.0
2426.0, 73.50993377483442
2427.0, 72.7891156462585
2428.0, 60.451977401129945
2429.0, 66.13756613756613
2430.0, 68.30601092896174
2431.0, 66.27906976744188
2432.0, 59.62732919254659
2433.0, 69.00584795321635
2434.0, 66.29213483146066
2435.0, 76.5625
2436.0, 72.05882352941174
2437.0, 73.33333333333331
2438.0, 71.64179104477608
2439.0, 69.59999999999998
2440.0, 72.11155378486055
2441.0, 71.42857142857139
2442.0, 82.14285714285708
2443.0, 80.76923076923072
2444.0, 83.33333333333324
2445.0, 77.68240343347631
2446.0, 80.68669527896988
2447.0, 73.45132743362825
2448.0, 76.68161434977571
2449.0, 58.51851851851843
2450.0, 69.74789915966377
2451.0, 66.35514018691578
2452.0, 63.88888888888885
2453.0, 54.34782608695651
2454.0, 72.90322580645154
2455.0, 75.0
2456.0, 70.3030303030303
2457.0, 71.99999999999999
2458.0, 71.1764705882353
2459.0, 80.45977011494253
2460.0, 75.56818181818183
2461.0, 80.12048192771084
2462.0, 81.46067415730336
2463.0, 79.67032967032969
2464.0, 78.77094972067042
2465.0, 76.53631284916207
2466.0, 81.15942028985512
2467.0, 83.48623853211011
2468.0, 54.10628019323672
2469.0, 48.387096774193544
2470.0, 57.26141078838174
2471.0, 55.603448275862064
2472.0, 51.09170305676853
2473.0, 49.090909090909115
2474.0, 50.0
2475.0, 52.31481481481485
2476.0, 48.756218905472664
2477.0, 51.03092783505157
2478.0, 53.23383084577116
2479.0, 59.276018099547514
2480.0, 47.16981132075469
2481.0, 41.34615384615387
2482.0, 51.19047619047621
2483.0, 61.76470588235295
2484.0, 57.516339869281055
2485.0, 57.23684210526317
2486.0, 69.89247311827955
2487.0, 67.41573033707863
2488.0, 74.14634146341464
2489.0, 69.33962264150941
2490.0, 73.68421052631578
2491.0, 74.70817120622567
2492.0, 65.94982078853047
2493.0, 64.68401486988847
2494.0, 69.0476190476191
2495.0, 74.43609022556393
2496.0, 78.26086956521745
2497.0, 71.60000000000005
2498.0, 71.60000000000005
2499.0, 62.54416961130746
2500.0, 50.18726591760299
2501.0, 57.32899022801302
2502.0, 51.79856115107913
2503.0, 53.73134328358211
2504.0, 43.67346938775507
2505.0, 38.70967741935481
2506.0, 47.41379310344825
2507.0, 43.83561643835617
2508.0, 41.37931034482757
2509.0, 35.54502369668248
2510.0, 40.6392694063927
2511.0, 54.76190476190476
2512.0, 54.032258064516114
2513.0, 67.7551020408163
2514.0, 68.87966804979253
2515.0, 66.51785714285714
2516.0, 68.69565217391303
2517.0, 67.52136752136752
2518.0, 63.45381526104417
2519.0, 72.00000000000001
2520.0, 65.94982078853047
2521.0, 61.333333333333336
2522.0, 65.24822695035459
2523.0, 58.57605177993529
2524.0, 58.70967741935483
2525.0, 49.62686567164176
2526.0, 43.68231046931408
2527.0, 48.85245901639343
2528.0, 50.168350168350166
2529.0, 46.76258992805756
2530.0, 47.88732394366198
2531.0, 48.226950354609905
2532.0, 58.65724381625442
2533.0, 47.727272727272705
2534.0, 51.807228915662655
2535.0, 57.01754385964912
2536.0, 51.792828685258954
2537.0, 56.52173913043475
2538.0, 54.337899543379024
2539.0, 54.58715596330276
2540.0, 57.76699029126212
2541.0, 37.34177215189878
2542.0, 54.09836065573769
2543.0, 50.27027027027025
2544.0, 41.2698412698413
2545.0, 51.36363636363637
2546.0, 47.804878048780495
2547.0, 54.736842105263186
2548.0, 54.73684210526315
2549.0, 54.210526315789465
2550.0, 52.020202020202014
2551.0, 51.75879396984925
2552.0, 50.0
2553.0, 55.714285714285715
2554.0, 53.917050691244235
2555.0, 55.450236966824654
2556.0, 48.913043478260896
2557.0, 52.486187845303874
2558.0, 56.54761904761907
2559.0, 48.95104895104897
2560.0, 23.706896551724114
2561.0, 19.291338582677128
2562.0, 23.220973782771523
2563.0, 31.313131313131322
2564.0, 30.999999999999986
2565.0, 35.19736842105263
2566.0, 35.7615894039735
2567.0, 34.23728813559323
2568.0, 38.19444444444446
2569.0, 36.30363036303631
2570.0, 31.803278688524586
2571.0, 33.11897106109329
2572.0, 32.492113564668784
2573.0, 27.844311377245546
2574.0, 49.63235294117648
2575.0, 53.99999999999998
2576.0, 50.63829787234042
2577.0, 40.552995391705096
2578.0, 45.360824742268065
2579.0, 45.64102564102565
2580.0, 46.73366834170858
2581.0, 40.79601990049751
2582.0, 37.2448979591837
2583.0, 54.26008968609864
2584.0, 52.608695652173935
2585.0, 48.45814977973568
2586.0, 63.667820069204176
2587.0, 70.67669172932331
2588.0, 65.78947368421055
2589.0, 62.500000000000036
2590.0, 63.96761133603239
2591.0, 68.20083682008368
2592.0, 65.99190283400813
2593.0, 66.40000000000003
2594.0, 66.79841897233203
2595.0, 74.27536231884062
2596.0, 73.21428571428574
2597.0, 66.80851063829792
2598.0, 70.40358744394621
2599.0, 67.96536796536799
2600.0, 53.749999999999986
2601.0, 61.658031088082936
2602.0, 52.036199095022624
2603.0, 59.25925925925924
2604.0, 59.069767441860485
2605.0, 53.74449339207049
2606.0, 59.433962264150956
2607.0, 58.252427184466015
2608.0, 49.55752212389382
2609.0, 45.71428571428572
2610.0, 52.88888888888891
2611.0, 58.634538152610446
2612.0, 59.10931174089068
2613.0, 57.2549019607843
2614.0, 57.91505791505792
2615.0, 48.08510638297872
2616.0, 55.12195121951218
2617.0, 51.54639175257734
2618.0, 51.79487179487181
2619.0, 50.0
2620.0, 46.4114832535885
2621.0, 41.66666666666667
2622.0, 48.876404494381994
2623.0, 44.51219512195123
2624.0, 43.12499999999998
2625.0, 38.92617449664429
2626.0, 63.11111111111111
2627.0, 72.03791469194313
2628.0, 65.31531531531532
2629.0, 65.02242152466368
2630.0, 66.22222222222226
2631.0, 57.75193798449614
2632.0, 57.75193798449614
2633.0, 62.605042016806735
2634.0, 69.1699604743083
2635.0, 72.04724409448819
2636.0, 73.00380228136885
2637.0, 66.90647482014387
2638.0, 65.54307116104869
2639.0, 54.63917525773195
2640.0, 32.75109170305679
2641.0, 22.569444444444457
2642.0, 27.304964539007116
2643.0, 33.91003460207611
2644.0, 34.81228668941981
2645.0, 38.7832699619772
2646.0, 33.5714285714286
2647.0, 31.54362416107385
2648.0, 31.77257525083614
2649.0, 28.903654485049856
2650.0, 28.666666666666657
2651.0, 34.57627118644068
2652.0, 31.229235880398676
2653.0, 35.606060606060595
2654.0, 40.08097165991903
2655.0, 56.830601092896174
2656.0, 53.801169590643255
2657.0, 46.40522875816995
2658.0, 46.40522875816995
2659.0, 43.558282208588935
2660.0, 59.39393939393937
2661.0, 67.58620689655174
2662.0, 62.096774193548434
2663.0, 68.37606837606839
2664.0, 54.26356589147292
2665.0, 36.73469387755104
2666.0, 39.416058394160544
2667.0, 41.17647058823527
2668.0, 34.93150684931504
2669.0, 40.993788819875775
2670.0, 46.022727272727295
2671.0, 42.18749999999997
2672.0, 39.67391304347823
2673.0, 45.14285714285714
2674.0, 38.853503184713375
2675.0, 42.68292682926828
2676.0, 38.32335329341315
2677.0, 29.75609756097559
2678.0, 38.38383838383836
2679.0, 50.0
2680.0, 58.620689655172406
2681.0, 52.70270270270272
2682.0, 48.34710743801653
2683.0, 47.25738396624471
2684.0, 48.13278008298755
2685.0, 54.70085470085471
2686.0, 51.20000000000001
2687.0, 57.638888888888886
2688.0, 48.60681114551083
2689.0, 45.12195121951221
2690.0, 49.40828402366864
2691.0, 54.75409836065576
2692.0, 43.181818181818166
2693.0, 38.674033149171244
2694.0, 38.84297520661158
2695.0, 36.81462140992166
2696.0, 39.495798319327726
2697.0, 35.89743589743591
2698.0, 31.378299120234573
2699.0, 27.065527065527064
2700.0, 28.023598820058993
2701.0, 15.887850467289724
2702.0, 18.705035971223012
2703.0, 20.599250936329597
2704.0, 22.62773722627739
2705.0, 25.00000000000003
2706.0, 31.192660550458754
2707.0, 38.75598086124401
2708.0, 27.683615819209024
2709.0, 33.10810810810811
2710.0, 37.49999999999995
2711.0, 42.55319148936167
2712.0, 41.37931034482757
2713.0, 51.908396946564835
2714.0, 55.97014925373135
2715.0, 69.72477064220183
2716.0, 65.78947368421059
2717.0, 62.60869565217389
2718.0, 43.80952380952377
2719.0, 37.73584905660368
2720.0, 55.384615384615344
2721.0, 50.84745762711862
2722.0, 47.24409448818896
2723.0, 50.0
2724.0, 45.83333333333335
2725.0, 42.98245614035088
2726.0, 51.8518518518519
2727.0, 53.57142857142858
2728.0, 48.181818181818215
2729.0, 54.76190476190481
2730.0, 60.465116279069754
2731.0, 55.31914893617023
2732.0, 48.75000000000002
2733.0, 45.61403508771933
2734.0, 34.96503496503493
2735.0, 30.817610062893053
2736.0, 29.69696969696966
2737.0, 42.18749999999997
2738.0, 43.61702127659573
2739.0, 39.6135265700483
2740.0, 38.72549019607838
2741.0, 33.83838383838382
2742.0, 34.18367346938771
2743.0, 26.041666666666615
2744.0, 24.06417112299458
2745.0, 33.33333333333327
2746.0, 36.842105263157826
2747.0, 45.78313253012046
2748.0, 44.03669724770641
2749.0, 51.30718954248369
2750.0, 61.11111111111112
2751.0, 55.59701492537315
2752.0, 56.25000000000001
2753.0, 59.76562500000002
2754.0, 59.126984126984155
2755.0, 55.59701492537308
2756.0, 59.05797101449276
2757.0, 59.05797101449276
2758.0, 58.455882352941195
2759.0, 52.91666666666668
2760.0, 65.35087719298252
2761.0, 66.23931623931622
2762.0, 68.97959183673473
2763.0, 75.9493670886076
2764.0, 74.49664429530205
2765.0, 73.23943661971835
2766.0, 74.83443708609275
2767.0, 81.37931034482762
2768.0, 82.35294117647061
2769.0, 88.11188811188822
2770.0, 84.39716312056744
2771.0, 93.38235294117648
2772.0, 93.66197183098592
2773.0, 89.1156462585034
2774.0, 85.71428571428575
2775.0, 79.38931297709928
2776.0, 74.61538461538461
2777.0, 62.50000000000002
2778.0, 55.681818181818166
2779.0, 51.80722891566261
2780.0, 36.470588235294116
2781.0, 29.213483146067375
2782.0, 29.213483146067517
2783.0, 37.894736842105274
2784.0, 47.05882352941174
2785.0, 34.482758620689694
2786.0, 30.909090909090907
2787.0, 29.059829059829042
2788.0, 33.05084745762713
2789.0, 36.84210526315786
2790.0, 51.8248175182482
2791.0, 50.0
2792.0, 55.78231292517007
2793.0, 56.462585034013586
2794.0, 60.14492753623193
2795.0, 57.24137931034486
2796.0, 53.284671532846716
2797.0, 48.83720930232553
2798.0, 44.53781512605047
2799.0, 49.07407407407401
2800.0, 46.788990825688074
2801.0, 63.0252100840336
2802.0, 54.687499999999964
2803.0, 55.038759689922486
2804.0, 49.122807017543806
2805.0, 50.0
2806.0, 40.90909090909095
2807.0, 35.48387096774198
2808.0, 36.666666666666686
2809.0, 47.82608695652171
2810.0, 48.67256637168137
2811.0, 46.21848739495799
2812.0, 43.80165289256197
2813.0, 44.1666666666667
2814.0, 46.21848739495798
2815.0, 58.44155844155844
2816.0, 64.53900709219862
2817.0, 61.26760563380287
2818.0, 64.28571428571436
2819.0, 70.11494252873567
2820.0, 73.05389221556892
2821.0, 68.15642458100567
2822.0, 70.52631578947374
2823.0, 64.73684210526322
2824.0, 65.81632653061232
2825.0, 64.8241206030151
2826.0, 62.9268292682927
2827.0, 63.70370370370374
2828.0, 64.23357664233578
2829.0, 49.65986394557824
2830.0, 57.47126436781612
2831.0, 55.24861878453039
2832.0, 48.40764331210188
2833.0, 50.609756097561025
2834.0, 44.86486486486486
2835.0, 57.865168539325836
2836.0, 55.62130177514798
2837.0, 55.62130177514791
2838.0, 58.791208791208796
2839.0, 62.57309941520473
2840.0, 69.66292134831464
2841.0, 74.23822714681441
2842.0, 65.9846547314578
2843.0, 60.56338028169011
2844.0, 56.47668393782382
2845.0, 56.770833333333314
2846.0, 55.72916666666667
2847.0, 46.385542168674675
2848.0, 57.41935483870967
2849.0, 48.251748251748296
2850.0, 43.70860927152316
2851.0, 50.0
2852.0, 36.78929765886285
2853.0, 32.35294117647058
2854.0, 24.836601307189554
2855.0, 31.54761904761905
2856.0, 37.086092715231864
2857.0, 41.79104477611947
2858.0, 37.795275590551256
2859.0, 43.80165289256198
2860.0, 46.34146341463416
2861.0, 55.71428571428571
2862.0, 57.82312925170063
2863.0, 61.1510791366906
2864.0, 62.96296296296304
2865.0, 61.53846153846158
2866.0, 71.11111111111124
2867.0, 84.21052631578958
2868.0, 84.21052631578958
2869.0, 79.4520547945207
2870.0, 83.69565217391313
2871.0, 89.62962962962969
2872.0, 82.87671232876718
2873.0, 64.08839779005527
2874.0, 63.27683615819209
2875.0, 58.86075949367089
2876.0, 48.684210526315816
2877.0, 50.0
2878.0, 44.57142857142853
2879.0, 42.134831460674164
2880.0, 39.26701570680626
2881.0, 44.60784313725492
2882.0, 44.390243902439
2883.0, 50.0
2884.0, 42.59259259259259
2885.0, 28.32369942196533
2886.0, 30.06134969325153
2887.0, 43.076923076923094
2888.0, 39.716312056737614
2889.0, 37.76223776223779
2890.0, 43.28358208955226
2891.0, 36.986301369863085
2892.0, 46.34146341463416
2893.0, 50.0
2894.0, 47.999999999999986
2895.0, 40.00000000000003
2896.0, 33.846153846153925
2897.0, 19.626168224299207
2898.0, 20.79207920792095
2899.0, 20.00000000000017
2900.0, 27.10280373831786
2901.0, 37.09677419354843
2902.0, 38.65546218487401
2903.0, 48.888888888888914
2904.0, 40.259740259740255
2905.0, 36.90476190476193
2906.0, 39.42857142857146
2907.0, 37.28813559322032
2908.0, 44.099378881987604
2909.0, 44.375000000000014
2910.0, 56.962025316455716
2911.0, 50.0
2912.0, 50.0
2913.0, 50.28571428571428
2914.0, 55.6122448979592
2915.0, 49.132947976878626
2916.0, 44.04145077720206
2917.0, 37.93103448275862
2918.0, 39.75903614457832
2919.0, 48.529411764705856
2920.0, 56.521739130434746
2921.0, 57.23270440251574
2922.0, 54.77707006369429
2923.0, 49.425287356321846
2924.0, 39.88095238095239
2925.0, 42.94871794871793
2926.0, 47.85276073619631
2927.0, 43.75000000000003
2928.0, 34.868421052631504
2929.0, 33.757961783439455
2930.0, 51.24999999999997
2931.0, 47.6470588235294
2932.0, 50.31055900621117
2933.0, 53.4883720930233
2934.0, 39.31034482758622
2935.0, 42.56756756756752
2936.0, 46.40522875816988
2937.0, 44.936708860759474
2938.0, 43.29268292682923
2939.0, 47.560975609756085
2940.0, 47.560975609756085
2941.0, 54.43037974683541
2942.0, 44.44444444444445
2943.0, 64.52830188679245
2944.0, 63.70656370656373
2945.0, 60.661764705882355
2946.0, 63.13868613138687
2947.0, 61.36363636363636
2948.0, 68.35016835016836
2949.0, 71.0769230769231
2950.0, 75.19788918205805
2951.0, 75.79787234042553
2952.0, 76.00000000000003
2953.0, 76.80412371134022
2954.0, 73.96907216494849
2955.0, 74.03598971722369
2956.0, 79.77839335180057
2957.0, 74.82758620689657
2958.0, 73.16176470588238
2959.0, 81.5789473684211
2960.0, 71.57534246575345
2961.0, 70.13422818791948
2962.0, 61.31386861313869
2963.0, 58.91472868217054
2964.0, 43.06220095693781
2965.0, 52.83018867924527
2966.0, 61.502347417840404
2967.0, 58.375634517766514
2968.0, 67.57990867579909
2969.0, 63.76146788990826
2970.0, 62.3318385650224
2971.0, 59.02439024390246
2972.0, 57.142857142857125
2973.0, 53.72340425531916
2974.0, 67.4846625766871
2975.0, 69.18238993710686
2976.0, 79.35483870967735
2977.0, 74.46808510638296
2978.0, 76.08695652173898
2979.0, 73.38709677419341
2980.0, 68.86792452830171
2981.0, 62.72727272727262
2982.0, 48.75000000000004
2983.0, 49.36708860759496
2984.0, 48.75000000000004
2985.0, 52.32558139534878
2986.0, 51.72413793103454
2987.0, 41.17647058823533
2988.0, 26.400000000000077
2989.0, 33.58208955223884
2990.0, 29.36507936507941
2991.0, 28.906250000000014
2992.0, 30.833333333333385
2993.0, 23.770491803278745
2994.0, 26.77165354330708
2995.0, 26.77165354330708
2996.0, 24.79999999999994
2997.0, 25.409836065573728
2998.0, 27.96610169491521
2999.0, 25.43859649122794
3000.0, 25.217391304347714
3001.0, 28.712871287128564
3002.0, 41.4285714285713
3003.0, 28.333333333333215
3004.0, 18.46153846153821
3005.0, 26.5624999999997
3006.0, 37.93103448275848
3007.0, 34.374999999999886
3008.0, 28.666666666666544
3009.0, 35.000000000000014
3010.0, 53.15789473684213
3011.0, 62.8440366972477
3012.0, 54.50819672131145
3013.0, 50.40322580645167
3014.0, 52.52100840336137
3015.0, 79.96183206106873
3016.0, 78.46441947565549
3017.0, 65.67398119122257
3018.0, 62.35119047619049
3019.0, 59.970674486803546
3020.0, 57.31166912850814
3021.0, 58.96656534954408
3022.0, 57.73809523809526
3023.0, 58.60058309037902
3024.0, 55.90062111801244
3025.0, 50.9433962264151
3026.0, 53.92156862745099
3027.0, 51.24223602484472
3028.0, 51.692307692307686
3029.0, 11.53846153846149
3030.0, 13.40782122905027
3031.0, 17.91044776119405
3032.0, 22.222222222222243
3033.0, 34.513274336283104
3034.0, 36.792452830188616
3035.0, 41.58415841584158
3036.0, 39.999999999999964
3037.0, 27.586206896551744
3038.0, 22.314049586776804
3039.0, 31.623931623931668
3040.0, 29.565217391304444
3041.0, 29.82456140350881
3042.0, 42.44604316546762
3043.0, 44.117647058823614
3044.0, 47.94520547945204
3045.0, 52.142857142857096
3046.0, 49.65986394557818
3047.0, 40.84507042253524
3048.0, 43.150684931506895
3049.0, 47.13375796178345
3050.0, 50.34013605442176
3051.0, 58.73015873015864
3052.0, 67.69230769230768
3053.0, 59.09090909090908
3054.0, 51.31578947368418
3055.0, 60.150375939849596
3056.0, 52.252252252252276
3057.0, 53.91304347826085
3058.0, 57.258064516129004
3059.0, 53.543307086614234
3060.0, 66.88311688311691
3061.0, 69.12751677852347
3062.0, 71.77914110429444
3063.0, 67.32026143790848
3064.0, 59.883720930232556
3065.0, 60.5714285714286
3066.0, 56.44171779141108
3067.0, 39.74082073434123
3068.0, 47.09821428571427
3069.0, 48.92241379310347
3070.0, 44.23868312757203
3071.0, 45.14170040485829
3072.0, 39.42731277533041
3073.0, 39.77777777777778
3074.0, 24.54954954954958
3075.0, 24.008810572687267
3076.0, 16.284403669724853
3077.0, 16.063348416289656
3078.0, 18.96551724137936
3079.0, 18.96551724137936
3080.0, 18.50961538461543
3081.0, 29.501915708812305
3082.0, 29.23076923076934
3083.0, 25.806451612903217
3084.0, 34.21052631578945
3085.0, 31.818181818181856
3086.0, 44.69696969696975
3087.0, 48.120300751879675
3088.0, 68.64406779661013
3089.0, 75.2293577981651
3090.0, 81.18811881188098
3091.0, 87.23404255319126
3092.0, 79.79797979797962
3093.0, 79.79797979797962
3094.0, 73.83177570093444
3095.0, 68.10344827586198
3096.0, 58.40707964601764
3097.0, 53.448275862068954
3098.0, 45.454545454545496
3099.0, 42.73504273504276
3100.0, 21.4876033057852
3101.0, 16.153846153846303
3102.0, 3.5398230088497797
3103.0, 28.289473684210563
3104.0, 33.12500000000004
3105.0, 34.35582822085891
3106.0, 42.105263157894754
3107.0, 40.82840236686389
3108.0, 45.51282051282049
3109.0, 52.90322580645167
3110.0, 53.947368421052666
3111.0, 51.57232704402518
3112.0, 55.40540540540541
3113.0, 50.0
3114.0, 59.854014598540125
3115.0, 67.19999999999999
3116.0, 64.61538461538457
3117.0, 47.31182795698921
3118.0, 44.31818181818184
3119.0, 40.00000000000004
3120.0, 34.146341463414686
3121.0, 45.360824742268065
3122.0, 41.58415841584161
3123.0, 28.70370370370371
3124.0, 40.17094017094016
3125.0, 43.11926605504586
3126.0, 45.045045045045086
3127.0, 45.871559633027545
3128.0, 44.64285714285712
3129.0, 55.395683453237396
3130.0, 71.49999999999997
3131.0, 66.20370370370364
3132.0, 66.81818181818176
3133.0, 69.77777777777773
3134.0, 65.35087719298238
3135.0, 59.37499999999997
3136.0, 59.641255605381126
3137.0, 66.03773584905653
3138.0, 67.5675675675675
3139.0, 66.07929515418499
3140.0, 66.22807017543853
3141.0, 67.41071428571425
3142.0, 66.81415929203537
3143.0, 59.22330097087375
3144.0, 44.00000000000002
3145.0, 44.295302013422834
3146.0, 35.40372670807453
3147.0, 30.128205128205124
3148.0, 35.52631578947371
3149.0, 35.294117647058854
3150.0, 40.50632911392409
3151.0, 45.977011494252906
3152.0, 38.562091503267986
3153.0, 36.41975308641976
3154.0, 31.07344632768364
3155.0, 29.255319148936195
3156.0, 30.60109289617489
3157.0, 37.89473684210529
3158.0, 40.40404040404037
3159.0, 48.453608247422714
3160.0, 50.26737967914438
3161.0, 53.926701570680635
3162.0, 51.06382978723407
3163.0, 57.2972972972973
3164.0, 58.85416666666668
3165.0, 51.4285714285714
3166.0, 52.77777777777777
3167.0, 61.76470588235295
3168.0, 72.4550898203593
3169.0, 83.89261744966441
3170.0, 83.99999999999999
3171.0, 82.2222222222222
3172.0, 83.56164383561644
3173.0, 82.85714285714285
3174.0, 88.54961832061066
3175.0, 88.72180451127817
3176.0, 92.51700680272101
3177.0, 89.99999999999986
3178.0, 89.62962962962949
3179.0, 84.6153846153845
3180.0, 80.43478260869551
3181.0, 79.3893129770991
3182.0, 73.3333333333332
3183.0, 73.77049180327855
3184.0, 74.80314960629907
3185.0, 75.93984962406003
3186.0, 66.6666666666665
3187.0, 59.259259259259146
3188.0, 63.88888888888881
3189.0, 50.877192982456194
3190.0, 41.23711340206193
3191.0, 49.05660377358493
3192.0, 36.36363636363639
3193.0, 52.94117647058823
3194.0, 45.98540145985405
3195.0, 58.88888888888887
3196.0, 47.96380090497738
3197.0, 42.01680672268907
3198.0, 35.63218390804599
3199.0, 32.82442748091604
3200.0, 33.33333333333336
3201.0, 36.18677042801559
