0, 10.903
1, 10.795
2, 10.765
3, 10.853
4, 11.292
5, 11.056
6, 10.98
7, 11.417
8, 11.788
9, 12.013
10, 11.807
11, 11.827
12, 12.373
13, 12.46
14, 12.676
15, 12.626
16, 12.596
17, 12.519
18, 12.373
19, 12.519
20, 12.392
21, 12.255
22, 11.994
23, 12.616
24, 12.295
25, 12.305
26, 12.422
27, 12.499
28, 12.577
29, 12.392
30, 12.558
31, 12.489
32, 12.528
33, 12.705
34, 13.064
35, 13.229
36, 13.55
37, 13.347
38, 13.308
39, 13.58
40, 13.689
41, 13.718
42, 13.971
43, 14.088
44, 14.234
45, 14.253
46, 14.125
47, 14.224
48, 14.214
49, 14.399
50, 14.515
51, 14.574
52, 15.16
53, 15.295
54, 15.412
55, 14.867
56, 14.984
57, 15.014
58, 14.867
59, 14.809
60, 14.554
61, 14.515
62, 14.809
63, 14.895
64, 14.857
65, 14.74
66, 15.032
67, 14.867
68, 14.954
69, 14.954
70, 15.304
71, 15.344
72, 15.511
73, 15.53
74, 15.675
75, 15.295
76, 15.13
77, 15.441
78, 15.393
79, 15.587
80, 15.422
81, 15.587
82, 15.451
83, 15.451
84, 15.627
85, 15.89
86, 15.811
87, 15.841
88, 15.811
89, 15.948
90, 16.104
91, 16.259
92, 16.465
93, 16.543
94, 16.494
95, 16.387
96, 16.338
97, 16.368
98, 16.152
99, 16.074
100, 16.094
101, 16.318
102, 16.368
103, 15.811
104, 15.948
105, 15.978
106, 16.212
107, 16.455
108, 16.543
109, 16.328
110, 16.124
111, 16.475
112, 17.03
113, 16.99
114, 17.069
115, 16.854
116, 17.205
117, 17.35
118, 17.34
119, 17.35
120, 17.662
121, 17.76
122, 17.75
123, 18.091
124, 18.392
125, 18.199
126, 18.169
127, 18.091
128, 18.277
129, 18.412
130, 17.975
131, 17.956
132, 18.229
133, 18.336
134, 18.091
135, 18.451
136, 18.491
137, 17.936
138, 18.189
139, 18.169
140, 17.993
141, 17.538
142, 17.721
143, 18.12
144, 18.461
145, 18.657
146, 18.52
147, 18.726
148, 18.762
149, 18.431
150, 18.51
151, 18.51
152, 18.346
153, 18.297
154, 18.13
155, 18.081
156, 17.965
157, 17.898
158, 17.538
159, 17.478
160, 17.321
161, 17.262
162, 17.557
163, 17.799
164, 17.642
165, 17.671
166, 17.965
167, 18.412
168, 18.431
169, 18.55
170, 18.461
171, 18.666
172, 18.716
173, 18.744
174, 18.56
175, 18.5
176, 18.431
177, 18.441
178, 18.589
179, 18.589
180, 18.316
181, 18.219
182, 18.023
183, 18.356
184, 18.179
185, 18.229
186, 18.412
187, 18.392
188, 18.219
189, 18.277
190, 18.297
191, 18.431
192, 18.609
193, 18.676
194, 18.297
195, 18.412
196, 18.431
197, 18.229
198, 18.179
199, 18.179
200, 17.926
201, 17.458
202, 17.458
203, 17.652
204, 17.321
205, 17.39
206, 17.498
207, 17.538
208, 17.613
209, 17.613
210, 17.622
211, 17.662
212, 17.652
213, 18.052
214, 18.179
215, 18.189
216, 18.412
217, 18.316
218, 18.441
219, 18.51
220, 18.392
221, 18.297
222, 18.382
223, 17.594
224, 17.898
225, 17.76
226, 17.622
227, 17.662
228, 17.75
229, 17.839
230, 18.052
231, 17.926
232, 17.975
233, 17.538
234, 17.538
235, 17.548
236, 17.36
237, 16.609
238, 16.358
239, 15.491
240, 14.905
241, 12.899
242, 13.57
243, 13.026
244, 13.57
245, 13.464
246, 13.951
247, 13.718
248, 13.669
249, 12.656
250, 12.295
251, 12.335
252, 12.782
253, 12.801
254, 12.46
255, 12.567
256, 12.919
257, 13.035
258, 12.948
259, 12.695
260, 12.178
261, 11.954
262, 12.567
263, 12.265
264, 11.984
265, 11.925
266, 11.876
267, 12.226
268, 12.666
269, 12.666
270, 12.07
271, 11.699
272, 11.399
273, 10.61
274, 10.834
275, 11.027
276, 11.126
277, 10.638
278, 10.922
279, 10.385
280, 9.508
281, 9.557
282, 10.725
283, 11.086
284, 10.473
285, 10.844
286, 10.745
287, 11.086
288, 11.213
289, 11.534
290, 11.183
291, 11.984
292, 12.06
293, 11.895
294, 12.216
295, 12.636
296, 12.226
297, 12.626
298, 13.533
299, 13.689
300, 13.328
301, 12.676
302, 13.289
303, 13.54
304, 13.367
305, 13.396
306, 13.64
307, 12.919
308, 12.996
309, 13.172
310, 12.879
311, 13.113
312, 12.83
313, 12.412
314, 12.373
315, 12.022
316, 11.739
317, 11.273
318, 11.331
319, 11.476
320, 11.359
321, 11.827
322, 11.885
323, 11.895
324, 11.984
325, 11.915
326, 11.935
327, 11.446
328, 11.564
329, 11.106
330, 10.6
331, 10.795
332, 10.648
333, 10.97
334, 10.97
335, 11.399
336, 11.399
337, 11.584
338, 11.699
339, 11.663
340, 11.243
341, 11.476
342, 11.516
343, 11.788
344, 11.476
345, 11.524
346, 11.223
347, 11.174
348, 11.086
349, 11.302
350, 11.35
351, 11.34
352, 11.34
353, 11.456
354, 12.159
355, 12.723
356, 12.909
357, 13.074
358, 13.133
359, 13.172
360, 13.045
361, 12.909
362, 12.792
363, 12.86
364, 12.85
365, 14.525
366, 14.321
367, 14.439
368, 14.73
369, 14.964
370, 14.76
371, 15.198
372, 15.014
373, 14.905
374, 15.07
375, 14.905
376, 14.809
377, 14.419
378, 14.564
379, 14.341
380, 14.449
381, 14.214
382, 14.243
383, 14.37
384, 14.321
385, 14.379
386, 13.902
387, 14.0
388, 14.165
389, 14.098
390, 14.098
391, 14.525
392, 14.311
393, 14.478
394, 14.682
395, 14.837
396, 14.73
397, 14.603
398, 14.379
399, 14.487
400, 14.643
401, 14.76
402, 14.574
403, 14.564
404, 15.257
405, 15.267
406, 15.051
407, 14.76
408, 14.613
409, 14.419
410, 14.088
411, 14.36
412, 14.478
413, 14.399
414, 14.574
415, 14.837
416, 14.73
417, 14.692
418, 14.819
419, 14.819
420, 14.857
421, 15.17
422, 15.441
423, 15.744
424, 15.539
425, 15.773
426, 15.705
427, 15.412
428, 15.08
429, 15.1
430, 14.828
431, 14.506
432, 14.459
433, 14.633
434, 14.478
435, 14.497
436, 14.068
437, 13.415
438, 13.055
439, 13.396
440, 13.279
441, 13.259
442, 13.269
443, 13.181
444, 13.54
445, 12.919
446, 13.045
447, 12.792
448, 12.646
449, 13.083
450, 13.444
451, 13.55
452, 13.971
453, 13.503
454, 13.679
455, 13.474
456, 14.048
457, 14.301
458, 14.272
459, 14.478
460, 14.341
461, 13.961
462, 13.766
463, 13.64
464, 13.57
465, 13.814
466, 13.804
467, 14.224
468, 14.311
469, 14.497
470, 14.389
471, 14.439
472, 14.165
473, 13.981
474, 14.058
475, 13.873
476, 14.117
477, 14.029
478, 14.175
479, 14.117
480, 13.971
481, 13.766
482, 13.834
483, 13.659
484, 13.533
485, 13.708
486, 13.981
487, 13.912
488, 13.746
489, 13.794
490, 13.669
491, 14.145
492, 14.351
493, 14.409
494, 14.224
495, 14.379
496, 14.429
497, 14.282
498, 14.379
499, 14.594
500, 14.544
501, 14.459
502, 14.419
503, 14.459
504, 14.478
505, 14.419
506, 14.469
507, 14.459
508, 14.662
509, 14.72
510, 14.613
511, 14.692
512, 14.662
513, 14.564
514, 14.702
515, 14.837
516, 15.051
517, 15.384
518, 15.577
519, 15.734
520, 16.133
521, 16.124
522, 16.396
523, 16.368
524, 15.801
525, 15.393
526, 15.374
527, 14.935
528, 14.769
529, 15.285
530, 15.441
531, 15.324
532, 15.511
533, 15.617
534, 15.724
535, 15.831
536, 15.695
537, 15.627
538, 15.617
539, 15.754
540, 15.801
541, 16.037
542, 15.861
543, 15.968
544, 16.046
545, 15.908
546, 15.88
547, 15.665
548, 15.908
549, 15.801
550, 15.705
551, 15.637
552, 15.734
553, 15.744
554, 15.539
555, 15.587
556, 15.247
557, 14.935
558, 14.613
559, 14.487
560, 14.185
561, 13.61
562, 13.854
563, 14.068
564, 14.125
565, 14.419
566, 14.662
567, 14.984
568, 15.014
569, 14.74
570, 14.643
571, 14.613
572, 14.662
573, 14.994
574, 15.004
575, 14.837
576, 14.653
577, 14.935
578, 15.061
579, 15.08
580, 15.198
581, 15.227
582, 15.227
583, 15.607
584, 15.938
585, 15.841
586, 15.764
587, 15.481
588, 15.607
589, 15.481
590, 15.617
591, 15.402
592, 15.734
593, 16.124
594, 16.124
595, 16.202
596, 16.562
597, 16.553
598, 16.513
599, 16.523
600, 16.513
601, 16.435
602, 16.523
603, 16.416
604, 16.639
605, 16.619
606, 16.787
607, 16.777
608, 16.797
609, 16.883
610, 16.777
611, 16.609
612, 16.416
613, 16.475
614, 16.659
615, 16.57
616, 16.58
617, 16.562
618, 16.377
619, 16.416
620, 16.299
621, 16.299
622, 16.426
623, 16.435
624, 16.318
625, 16.387
626, 16.094
627, 15.647
628, 15.685
629, 15.217
630, 15.1
631, 15.412
632, 15.627
633, 15.861
634, 16.094
635, 16.426
636, 16.358
637, 16.387
638, 16.172
639, 16.416
640, 16.348
641, 16.328
642, 16.485
643, 16.864
644, 16.807
645, 16.757
646, 16.931
647, 16.747
648, 17.0
649, 17.02
650, 17.087
651, 17.205
652, 17.312
653, 17.302
654, 17.107
655, 16.98
656, 17.03
657, 16.931
658, 17.147
659, 17.117
660, 17.321
661, 17.312
662, 17.438
663, 17.077
664, 17.292
665, 16.854
666, 16.817
667, 16.777
668, 16.844
669, 17.34
670, 17.662
671, 17.878
672, 17.993
673, 18.081
674, 18.189
675, 18.248
676, 18.481
677, 18.52
678, 18.5
679, 18.726
680, 18.861
681, 18.851
682, 18.919
683, 19.133
684, 19.192
685, 19.465
686, 19.397
687, 19.601
688, 19.601
689, 19.728
690, 19.329
691, 19.28
692, 19.047
693, 19.047
694, 18.412
695, 18.471
696, 18.277
697, 18.101
698, 17.965
699, 17.789
700, 18.091
701, 18.219
702, 18.267
703, 17.848
704, 17.681
705, 17.78
706, 17.956
707, 18.052
708, 18.072
709, 17.78
710, 17.292
711, 17.05
712, 16.709
713, 16.98
714, 17.225
715, 17.538
716, 17.448
717, 17.429
718, 17.429
719, 17.498
720, 17.438
721, 17.321
722, 17.538
723, 17.429
724, 17.926
725, 17.926
726, 17.468
727, 17.681
728, 17.858
729, 17.984
730, 17.984
731, 17.965
732, 17.819
733, 17.799
734, 17.681
735, 17.488
736, 17.4
737, 17.302
738, 17.069
739, 17.321
740, 17.576
741, 17.567
742, 17.557
743, 17.419
744, 17.429
745, 17.498
746, 17.508
747, 17.419
748, 17.4
749, 16.854
750, 16.737
751, 16.475
752, 16.767
753, 16.835
754, 17.157
755, 17.557
756, 17.548
757, 17.538
758, 17.508
759, 17.538
760, 17.438
761, 17.35
762, 17.567
763, 17.567
764, 17.567
765, 17.819
766, 17.946
767, 18.12
768, 18.091
769, 17.975
770, 18.101
771, 18.297
772, 18.772
773, 18.812
774, 18.57
775, 18.51
776, 18.471
777, 18.637
778, 18.618
779, 18.56
780, 18.451
781, 18.589
782, 18.676
783, 18.481
784, 18.441
785, 18.248
786, 17.907
787, 17.78
788, 18.062
789, 19.047
790, 19.162
791, 19.017
792, 19.329
793, 19.543
794, 19.826
795, 19.689
796, 19.846
797, 19.895
798, 19.865
799, 19.971
800, 19.922
801, 19.904
802, 19.806
803, 19.738
804, 19.826
805, 19.981
806, 19.708
807, 19.65
808, 19.241
809, 19.162
810, 19.221
811, 19.095
812, 19.007
813, 19.231
814, 19.251
815, 19.047
816, 18.832
817, 18.618
818, 18.802
819, 18.998
820, 18.998
821, 19.067
822, 19.007
823, 18.998
824, 18.842
825, 18.832
826, 18.91
827, 18.969
828, 19.105
829, 18.55
830, 18.471
831, 17.956
832, 17.789
833, 17.731
834, 17.993
835, 18.199
836, 18.421
837, 18.363
838, 18.589
839, 18.55
840, 18.5
841, 18.57
842, 18.54
843, 18.51
844, 18.609
845, 18.57
846, 18.51
847, 18.481
848, 18.382
849, 18.326
850, 18.382
851, 18.57
852, 18.219
853, 18.326
854, 18.363
855, 18.316
856, 18.11
857, 18.297
858, 18.229
859, 18.209
860, 17.819
861, 17.538
862, 17.488
863, 17.253
864, 17.39
865, 17.721
866, 17.321
867, 17.671
868, 17.458
869, 17.809
870, 17.926
871, 17.946
872, 18.363
873, 18.356
874, 18.58
875, 18.676
876, 18.802
877, 18.851
878, 18.929
879, 18.998
880, 18.851
881, 18.762
882, 18.9
883, 18.9
884, 18.978
885, 18.929
886, 18.988
887, 19.027
888, 19.077
889, 18.939
890, 18.762
891, 18.842
892, 18.782
893, 18.647
894, 18.637
895, 18.706
896, 18.752
897, 18.599
898, 18.431
899, 18.792
900, 18.421
901, 18.316
902, 18.091
903, 18.072
904, 18.248
905, 18.609
906, 18.792
907, 18.772
908, 18.735
909, 18.58
910, 18.287
911, 18.373
912, 18.491
913, 18.229
914, 17.984
915, 18.042
916, 18.14
917, 18.239
918, 18.209
919, 18.179
920, 18.336
921, 18.219
922, 18.5
923, 18.219
924, 18.11
925, 18.239
926, 18.421
927, 18.55
928, 18.686
929, 18.647
930, 18.57
931, 18.686
932, 18.451
933, 18.412
934, 18.58
935, 18.356
936, 18.209
937, 18.042
938, 18.169
939, 18.451
940, 18.267
941, 18.229
942, 18.402
943, 18.471
944, 18.441
945, 18.402
946, 18.491
947, 18.54
948, 18.5
949, 18.599
950, 18.686
951, 18.929
952, 18.919
953, 19.251
954, 19.339
955, 19.047
956, 18.792
957, 18.726
958, 18.686
959, 18.744
960, 19.037
961, 19.27
962, 19.26
963, 19.397
964, 19.231
965, 19.523
966, 19.572
967, 19.562
968, 19.358
969, 19.465
970, 19.388
971, 19.407
972, 19.172
973, 19.086
974, 19.095
975, 19.182
976, 19.027
977, 19.086
978, 19.172
979, 19.494
980, 19.28
981, 19.349
982, 19.095
983, 19.192
984, 19.251
985, 19.202
986, 18.949
987, 18.929
988, 18.91
989, 18.91
990, 18.676
991, 18.706
992, 18.9
993, 18.772
994, 18.744
995, 19.067
996, 18.988
997, 19.037
998, 19.007
999, 19.133
1000, 19.417
1001, 19.407
1002, 19.601
1003, 19.621
1004, 19.816
1005, 19.846
1006, 19.913
1007, 19.981
1008, 20.166
1009, 20.264
1010, 20.089
1011, 20.264
1012, 20.75
1013, 20.567
1014, 20.41
1015, 20.577
1016, 20.382
1017, 20.293
1018, 20.216
1019, 20.166
1020, 19.728
1021, 19.514
1022, 19.562
1023, 19.748
1024, 19.757
1025, 19.777
1026, 19.484
1027, 19.329
1028, 19.388
1029, 19.192
1030, 19.368
1031, 19.251
1032, 19.057
1033, 18.998
1034, 18.929
1035, 19.562
1036, 19.855
1037, 19.484
1038, 19.67
1039, 19.436
1040, 19.124
1041, 18.706
1042, 18.939
1043, 18.919
1044, 19.067
1045, 19.086
1046, 19.417
1047, 19.826
1048, 19.767
1049, 19.931
1050, 19.816
1051, 19.738
1052, 19.913
1053, 19.875
1054, 20.021
1055, 20.352
1056, 20.517
1057, 20.488
1058, 20.438
1059, 20.255
1060, 20.438
1061, 20.507
1062, 20.517
1063, 20.498
1064, 20.829
1065, 20.965
1066, 21.11
1067, 21.101
1068, 20.946
1069, 20.898
1070, 20.994
1071, 20.908
1072, 20.975
1073, 21.004
1074, 21.034
1075, 20.829
1076, 20.928
1077, 20.868
1078, 20.918
1079, 20.936
1080, 20.809
1081, 20.682
1082, 20.527
1083, 20.478
1084, 20.138
1085, 19.846
1086, 19.66
1087, 20.108
1088, 20.401
1089, 20.577
1090, 20.76
1091, 20.769
1092, 20.742
1093, 20.888
1094, 20.888
1095, 20.809
1096, 20.75
1097, 20.878
1098, 20.692
1099, 20.458
1100, 20.557
1101, 20.596
1102, 20.664
1103, 20.849
1104, 21.638
1105, 24.083
1106, 23.936
1107, 24.034
1108, 23.762
1109, 23.888
1110, 23.869
1111, 23.985
1112, 24.053
1113, 24.053
1114, 23.898
1115, 24.063
1116, 23.869
1117, 24.063
1118, 24.405
1119, 24.531
1120, 24.638
1121, 24.17
1122, 24.22
1123, 24.531
1124, 24.405
1125, 24.746
1126, 24.667
1127, 24.813
1128, 25.106
1129, 24.676
1130, 24.716
1131, 24.784
1132, 24.619
1133, 24.922
1134, 24.863
1135, 24.599
1136, 24.922
1137, 24.523
1138, 24.355
1139, 24.297
1140, 23.528
1141, 23.869
1142, 23.753
1143, 24.034
1144, 24.249
1145, 24.22
1146, 24.483
1147, 24.325
1148, 24.686
1149, 24.55
1150, 24.882
1151, 24.57
1152, 24.629
1153, 24.044
1154, 23.985
1155, 24.657
1156, 25.125
1157, 24.863
1158, 24.657
1159, 24.863
1160, 25.066
1161, 24.493
1162, 24.784
1163, 24.56
1164, 24.813
1165, 24.513
1166, 24.454
1167, 24.132
1168, 24.093
1169, 23.839
1170, 24.034
1171, 24.044
1172, 23.879
1173, 23.849
1174, 23.936
1175, 23.733
1176, 23.547
1177, 23.323
1178, 23.148
1179, 23.382
1180, 23.469
1181, 22.573
1182, 22.261
1183, 22.115
1184, 22.553
1185, 22.008
1186, 22.125
1187, 21.94
1188, 22.447
1189, 22.768
1190, 22.787
1191, 23.188
1192, 22.963
1193, 23.04
1194, 23.03
1195, 22.826
1196, 22.836
1197, 22.797
1198, 22.466
1199, 22.845
1200, 22.72
1201, 22.543
1202, 22.494
1203, 22.418
1204, 22.319
1205, 22.173
1206, 22.533
1207, 22.553
1208, 22.379
1209, 22.222
1210, 22.135
1211, 22.145
1212, 22.768
1213, 22.582
1214, 22.64
1215, 22.466
1216, 22.369
1217, 22.329
1218, 22.183
1219, 21.648
1220, 21.53
1221, 21.697
1222, 21.678
1223, 21.881
1224, 22.329
1225, 21.921
1226, 21.775
1227, 22.241
1228, 22.475
1229, 22.447
1230, 22.279
1231, 22.749
1232, 23.05
1233, 23.138
1234, 22.816
1235, 22.739
1236, 22.418
1237, 22.271
1238, 22.154
1239, 22.261
1240, 22.349
1241, 22.299
1242, 22.749
1243, 22.69
1244, 22.563
1245, 22.621
1246, 22.319
1247, 22.349
1248, 22.428
1249, 22.631
1250, 22.563
1251, 22.593
1252, 22.456
1253, 22.807
1254, 22.593
1255, 22.389
1256, 22.008
1257, 21.51
1258, 20.849
1259, 20.468
1260, 20.722
1261, 20.946
1262, 21.024
1263, 20.975
1264, 20.488
1265, 20.448
1266, 20.624
1267, 20.196
1268, 20.342
1269, 19.796
1270, 20.069
1271, 20.176
1272, 19.991
1273, 20.118
1274, 20.235
1275, 20.478
1276, 20.448
1277, 20.498
1278, 20.079
1279, 19.991
1280, 19.757
1281, 19.708
1282, 19.142
1283, 18.959
1284, 19.611
1285, 20.021
1286, 19.961
1287, 20.302
1288, 20.605
1289, 20.692
1290, 21.101
1291, 21.17
1292, 21.15
1293, 20.994
1294, 20.789
1295, 21.415
1296, 21.54
1297, 21.608
1298, 21.775
1299, 21.54
1300, 21.93
1301, 21.988
1302, 21.705
1303, 21.618
1304, 21.668
1305, 21.589
1306, 21.53
1307, 22.213
1308, 22.485
1309, 22.447
1310, 22.309
1311, 21.658
1312, 21.248
1313, 21.189
1314, 21.365
1315, 21.024
1316, 20.769
1317, 20.928
1318, 20.732
1319, 20.799
1320, 20.994
1321, 21.287
1322, 21.365
1323, 21.46
1324, 21.579
1325, 21.628
1326, 21.668
1327, 21.56
1328, 21.385
1329, 21.17
1330, 21.648
1331, 21.375
1332, 21.238
1333, 21.15
1334, 21.238
1335, 20.994
1336, 20.537
1337, 20.596
1338, 21.209
1339, 20.839
1340, 20.722
1341, 20.789
1342, 21.064
1343, 20.888
1344, 21.12
1345, 20.692
1346, 20.722
1347, 20.742
1348, 21.365
1349, 20.994
1350, 21.101
1351, 21.385
1352, 20.255
1353, 19.708
1354, 19.475
1355, 19.475
1356, 19.349
1357, 19.31
1358, 19.28
1359, 19.202
1360, 18.471
1361, 18.51
1362, 19.027
1363, 18.939
1364, 19.339
1365, 19.241
1366, 19.067
1367, 19.192
1368, 18.988
1369, 18.392
1370, 18.248
1371, 18.373
1372, 17.916
1373, 16.854
1374, 16.348
1375, 16.58
1376, 16.24
1377, 16.629
1378, 17.215
1379, 17.448
1380, 17.528
1381, 17.448
1382, 17.604
1383, 17.137
1384, 18.316
1385, 18.51
1386, 18.431
1387, 18.169
1388, 18.91
1389, 19.204
1390, 19.45
1391, 19.637
1392, 19.96
1393, 19.548
1394, 19.656
1395, 19.558
1396, 20.089
1397, 20.531
1398, 20.334
1399, 21.139
1400, 21.552
1401, 21.307
1402, 20.845
1403, 20.737
1404, 20.571
1405, 20.649
1406, 20.491
1407, 20.905
1408, 20.766
1409, 20.717
1410, 20.374
1411, 20.441
1412, 20.471
1413, 20.511
1414, 20.403
1415, 20.609
1416, 20.541
1417, 20.581
1418, 20.531
1419, 20.481
1420, 20.531
1421, 20.501
1422, 20.629
1423, 20.374
1424, 20.334
1425, 20.649
1426, 20.609
1427, 20.599
1428, 20.717
1429, 20.581
1430, 20.413
1431, 21.139
1432, 21.159
1433, 21.691
1434, 21.778
1435, 22.368
1436, 22.378
1437, 22.181
1438, 21.661
1439, 21.532
1440, 21.453
1441, 21.681
1442, 21.522
1443, 21.336
1444, 21.258
1445, 21.406
1446, 21.356
1447, 21.691
1448, 21.778
1449, 22.064
1450, 22.054
1451, 22.408
1452, 22.398
1453, 22.534
1454, 22.456
1455, 22.378
1456, 22.259
1457, 22.398
1458, 22.338
1459, 22.013
1460, 22.053
1461, 21.796
1462, 21.963
1463, 21.885
1464, 21.925
1465, 21.855
1466, 21.993
1467, 22.191
1468, 22.476
1469, 21.816
1470, 20.831
1471, 21.55
1472, 21.718
1473, 21.973
1474, 22.279
1475, 22.398
1476, 22.358
1477, 22.338
1478, 22.643
1479, 22.998
1480, 23.402
1481, 23.559
1482, 23.668
1483, 23.412
1484, 23.284
1485, 23.097
1486, 23.264
1487, 23.373
1488, 23.323
1489, 23.539
1490, 23.718
1491, 23.293
1492, 23.195
1493, 23.293
1494, 23.442
1495, 23.077
1496, 23.195
1497, 23.146
1498, 23.007
1499, 23.176
1500, 23.303
1501, 22.979
1502, 22.555
1503, 22.752
1504, 22.91
1505, 22.585
1506, 22.505
1507, 22.633
1508, 22.505
1509, 22.605
1510, 23.097
1511, 22.969
1512, 23.235
1513, 22.89
1514, 23.323
1515, 23.195
1516, 23.363
1517, 23.205
1518, 23.749
1519, 23.6
1520, 23.916
1521, 23.669
1522, 22.761
1523, 22.889
1524, 22.1
1525, 22.158
1526, 22.296
1527, 22.237
1528, 22.583
1529, 22.553
1530, 22.939
1531, 23.482
1532, 23.472
1533, 23.235
1534, 23.047
1535, 23.433
1536, 23.027
1537, 22.84
1538, 22.217
1539, 22.03
1540, 21.456
1541, 21.556
1542, 21.329
1543, 21.399
1544, 21.013
1545, 21.19
1546, 21.2
1547, 21.24
1548, 21.19
1549, 21.319
1550, 21.476
1551, 21.349
1552, 21.526
1553, 21.556
1554, 21.25
1555, 21.073
1556, 20.825
1557, 20.943
1558, 21.319
1559, 20.963
1560, 20.549
1561, 20.529
1562, 18.761
1563, 18.742
1564, 18.604
1565, 18.011
1566, 17.794
1567, 18.071
1568, 18.475
1569, 18.604
1570, 18.337
1571, 18.248
1572, 18.219
1573, 18.129
1574, 18.308
1575, 18.129
1576, 18.317
1577, 18.308
1578, 18.505
1579, 18.258
1580, 18.129
1581, 18.071
1582, 18.515
1583, 20.332
1584, 20.925
1585, 21.28
1586, 20.865
1587, 20.795
1588, 20.617
1589, 20.102
1590, 20.003
1591, 20.38
1592, 20.34
1593, 20.36
1594, 20.013
1595, 19.875
1596, 19.943
1597, 20.063
1598, 19.963
1599, 20.142
1600, 20.637
1601, 20.458
1602, 20.686
1603, 20.538
1604, 20.41
1605, 20.221
1606, 20.221
1607, 20.29
1608, 20.983
1609, 21.39
1610, 21.687
1611, 21.548
1612, 21.35
1613, 21.905
1614, 22.152
1615, 22.023
1616, 21.983
1617, 21.825
1618, 21.458
1619, 22.063
1620, 22.42
1621, 22.32
1622, 22.33
1623, 22.33
1624, 22.182
1625, 22.063
1626, 22.36
1627, 22.707
1628, 22.815
1629, 22.568
1630, 22.756
1631, 22.647
1632, 22.627
1633, 22.172
1634, 22.498
1635, 22.241
1636, 22.083
1637, 22.35
1638, 22.657
1639, 22.627
1640, 22.993
1641, 22.964
1642, 23.043
1643, 23.023
1644, 22.785
1645, 22.29
1646, 22.29
1647, 22.073
1648, 21.785
1649, 21.736
1650, 22.063
1651, 21.775
1652, 21.785
1653, 21.588
1654, 21.637
1655, 21.35
1656, 21.478
1657, 21.617
1658, 21.439
1659, 21.508
1660, 21.687
1661, 21.617
1662, 21.568
1663, 21.598
1664, 21.627
1665, 21.667
1666, 22.093
1667, 22.043
1668, 22.261
1669, 22.42
1670, 22.32
1671, 22.221
1672, 22.43
1673, 22.192
1674, 22.41
1675, 22.478
1676, 22.548
1677, 22.498
1678, 22.727
1679, 22.558
1680, 22.588
1681, 22.38
1682, 22.647
1683, 22.528
1684, 22.212
1685, 22.122
1686, 22.112
1687, 21.963
1688, 22.132
1689, 22.132
1690, 22.043
1691, 21.845
1692, 21.766
1693, 21.736
1694, 21.825
1695, 21.944
1696, 22.152
1697, 22.32
1698, 22.42
1699, 22.935
1700, 23.063
1701, 22.905
1702, 22.697
1703, 22.548
1704, 22.855
1705, 23.508
1706, 23.281
1707, 23.113
1708, 23.769
1709, 23.987
1710, 24.216
1711, 24.047
1712, 24.206
1713, 24.047
1714, 24.315
1715, 24.445
1716, 24.395
1717, 24.246
1718, 24.136
1719, 24.136
1720, 24.127
1721, 24.286
1722, 24.196
1723, 24.216
1724, 24.007
1725, 24.027
1726, 24.375
1727, 23.967
1728, 23.311
1729, 23.51
1730, 23.321
1731, 23.431
1732, 23.55
1733, 23.898
1734, 24.276
1735, 24.484
1736, 24.445
1737, 24.862
1738, 24.793
1739, 24.693
1740, 24.783
1741, 24.624
1742, 24.733
1743, 24.524
1744, 24.624
1745, 24.236
1746, 24.405
1747, 24.097
1748, 24.107
1749, 24.027
1750, 24.136
1751, 23.808
1752, 23.6
1753, 23.291
1754, 23.411
1755, 23.898
1756, 23.798
1757, 23.967
1758, 23.888
1759, 23.689
1760, 23.878
1761, 23.888
1762, 23.987
1763, 23.848
1764, 23.759
1765, 23.6
1766, 23.54
1767, 23.54
1768, 23.96
1769, 23.99
1770, 24.23
1771, 24.4
1772, 24.89
1773, 25.66
1774, 26.2
1775, 25.79
1776, 25.46
1777, 25.4
1778, 25.23
1779, 25.28
1780, 25.2
1781, 25.2
1782, 24.88
1783, 24.99
1784, 25.03
1785, 25.05
1786, 25.12
1787, 25.38
1788, 25.51
1789, 25.62
1790, 25.4
1791, 25.4
1792, 25.7
1793, 25.36
1794, 25.48
1795, 25.52
1796, 25.58
1797, 25.61
1798, 25.42
1799, 25.22
1800, 25.07
1801, 25.02
1802, 25.03
1803, 24.98
1804, 24.74
1805, 24.83
1806, 24.72
1807, 24.66
1808, 24.85
1809, 24.51
1810, 24.63
1811, 24.96
1812, 24.9
1813, 24.9
1814, 25.01
1815, 24.99
1816, 25.06
1817, 24.75
1818, 24.92
