15.0, 53.17100792751982
16.0, 55.39374325782095
17.0, 54.030016675931115
18.0, 53.43595382078065
19.0, 63.663663663663655
20.0, 58.566682486948274
21.0, 70.65473386716909
22.0, 65.87339362208468
23.0, 66.3853727144866
24.0, 67.14684014869884
25.0, 62.02696824706395
26.0, 62.8035790370686
27.0, 67.7950594693504
28.0, 72.01166180758017
29.0, 75.13593672763224
30.0, 71.70016295491578
31.0, 67.86632390745496
32.0, 74.55156950672645
33.0, 49.28457869634338
34.0, 41.03242885506287
35.0, 24.583333333333343
36.0, 38.537794299876126
37.0, 45.13274336283185
38.0, 39.58752515090544
39.0, 53.10376076121429
40.0, 47.32456140350874
41.0, 49.83291562238932
42.0, 61.40995656531906
43.0, 59.64214711729618
44.0, 60.822722820763936
45.0, 63.4300967634301
46.0, 65.44766708701131
47.0, 71.02001906577692
48.0, 80.81236738405576
49.0, 85.97502401536983
50.0, 82.32288828337875
51.0, 79.96912389038981
52.0, 79.05379626096907
53.0, 75.14476614699328
54.0, 74.84472049689441
55.0, 64.96471564964712
56.0, 56.49484536082471
57.0, 58.829731154454414
58.0, 66.48068669527895
59.0, 63.40746957616449
60.0, 55.574182732606864
61.0, 53.01418439716311
62.0, 41.68937329700274
63.0, 38.935281837160765
64.0, 48.87323943661972
65.0, 48.752941176470564
66.0, 60.72088724584105
67.0, 63.8900815800773
68.0, 72.72727272727272
69.0, 82.16414488766623
70.0, 70.19982623805392
71.0, 72.02283849918437
72.0, 57.7797998180164
73.0, 58.76908838500693
74.0, 63.18407960199009
75.0, 63.95518753044328
76.0, 65.95149253731347
77.0, 71.28532360984504
78.0, 69.20821114369502
79.0, 62.37712243074176
80.0, 51.47329650092081
81.0, 40.34188034188034
82.0, 52.35494880546075
83.0, 45.326963272618706
84.0, 51.208651399491075
85.0, 47.213114754098356
86.0, 58.55801272341716
87.0, 61.27320954907165
88.0, 61.003521126760575
89.0, 60.269058295964136
90.0, 59.56799513233953
91.0, 61.003521126760575
92.0, 59.332925336597334
93.0, 68.18570207917975
94.0, 72.39189597822805
95.0, 81.08645246770462
96.0, 66.63837011884554
97.0, 78.38242636045948
98.0, 70.5489260143199
99.0, 73.78875968992253
100.0, 67.11246200607911
101.0, 67.13244228432566
102.0, 55.002488800398204
103.0, 63.311688311688386
104.0, 53.471977440958746
105.0, 48.01541425818883
106.0, 50.18463810930573
107.0, 43.36691855583545
108.0, 39.38238658025161
109.0, 43.19399785637735
110.0, 51.17187500000004
111.0, 49.04697072838664
112.0, 45.457413249211356
113.0, 43.179709248376156
114.0, 44.40072639225184
115.0, 42.46789852803011
116.0, 50.8298755186722
117.0, 44.75524475524471
118.0, 42.46221894581646
119.0, 47.444253859348215
120.0, 39.13851874806325
121.0, 39.06298479677319
122.0, 37.78511404561825
123.0, 32.03611457036111
124.0, 32.01494861413887
125.0, 31.13264688067835
126.0, 35.620235620235604
127.0, 40.150478796169644
128.0, 33.57259380097875
129.0, 36.84863523573199
130.0, 32.58495145631069
131.0, 36.00230414746548
132.0, 39.27112786679235
133.0, 35.54518172724241
134.0, 45.05856515373354
135.0, 44.38680992960359
136.0, 53.762135922330096
137.0, 60.841546626231995
138.0, 55.35858178887993
139.0, 54.95999999999998
140.0, 51.36448598130842
141.0, 47.707847707847705
142.0, 30.70000000000003
143.0, 25.83145786446613
144.0, 25.709308113489314
145.0, 33.26626425217975
146.0, 33.325867861142214
147.0, 38.65650113331961
148.0, 35.5865224625624
149.0, 36.562884063908236
150.0, 36.41962636009037
151.0, 36.3019333607569
152.0, 37.98481428278269
153.0, 43.00441826215023
154.0, 42.592206709731194
155.0, 38.82978723404256
156.0, 56.38620689655171
157.0, 59.092223185891854
158.0, 59.59183673469385
159.0, 45.37965616045844
160.0, 47.73926149208744
161.0, 39.03296703296702
162.0, 41.42394822006475
163.0, 35.41969917515772
164.0, 32.402234636871455
165.0, 20.78431372549015
166.0, 26.735751295336755
167.0, 17.563893420337095
168.0, 36.332350049164205
169.0, 52.539298669891174
170.0, 49.20724801812003
171.0, 41.04865375531411
172.0, 52.41899689303152
173.0, 59.452411994784896
174.0, 62.723521320495195
175.0, 65.09231429798197
176.0, 61.30081300813009
177.0, 65.806700038506
178.0, 64.08692337018684
179.0, 65.25621118012421
180.0, 63.52893235533822
181.0, 69.22778424524643
182.0, 60.611431103234366
183.0, 54.87588652482271
184.0, 55.565529622980286
185.0, 67.44805540756528
186.0, 68.30912863070543
187.0, 66.95511087074095
188.0, 70.91861018562591
189.0, 68.21019771071803
190.0, 65.15904572564611
191.0, 58.29831932773107
192.0, 52.16165413533836
193.0, 55.98386373823397
194.0, 54.32558139534884
195.0, 59.32062966031482
196.0, 59.941398074508164
197.0, 63.7636761487965
198.0, 69.9103139013453
199.0, 69.77477477477478
200.0, 60.54109239407864
201.0, 58.238789843327986
202.0, 45.86340921710162
203.0, 46.51673066374106
204.0, 57.805429864253455
205.0, 60.33057851239676
206.0, 66.23460790667531
207.0, 55.464824120603005
208.0, 56.28853267570898
209.0, 46.24715693707353
210.0, 54.8478414720453
211.0, 63.893604980192414
212.0, 54.16666666666666
213.0, 56.50650650650654
214.0, 59.73753280839891
215.0, 51.05428443248091
216.0, 61.730520878174765
217.0, 58.3508624316365
218.0, 57.03124999999998
219.0, 61.144457783113204
220.0, 67.19782355227359
221.0, 76.8361581920904
222.0, 71.26514131897711
223.0, 63.65733113673805
224.0, 63.60936984493564
225.0, 56.40932265112892
226.0, 71.28418549346014
227.0, 66.27873145184753
228.0, 60.782212697562315
229.0, 68.9880304678999
230.0, 71.09533468559839
231.0, 74.37099161322152
232.0, 76.67789001122337
233.0, 72.31255645889794
234.0, 65.92706502636207
235.0, 66.13537117903931
236.0, 72.17766810610736
237.0, 73.4002509410289
238.0, 72.20784821043559
239.0, 75.72125152377086
240.0, 72.48445774810045
241.0, 76.68140563183617
242.0, 81.19763430261216
243.0, 80.12503256056267
244.0, 74.40758293838866
245.0, 74.75898334794044
246.0, 70.4210886682643
247.0, 76.03539823008857
248.0, 82.29885057471273
249.0, 78.46153846153857
250.0, 74.36182019977812
251.0, 74.818537130095
252.0, 77.07342842049661
253.0, 74.8987854251013
254.0, 60.65088757396454
255.0, 62.30158730158738
256.0, 68.96373056994824
257.0, 68.45708267509222
258.0, 69.51871657754018
259.0, 57.66463752075268
260.0, 50.70559610705596
261.0, 47.0559129143988
262.0, 58.260869565217384
263.0, 56.910569105691074
264.0, 60.07137192704204
265.0, 69.6536951088897
266.0, 65.35854441669645
267.0, 57.74446823697362
268.0, 66.87521724018075
269.0, 57.49493585415258
270.0, 62.30538922155687
271.0, 62.112548901594934
272.0, 63.70030581039756
273.0, 66.5070242656449
274.0, 71.14071038251362
275.0, 85.94613875512746
276.0, 86.55978168173286
277.0, 88.0618656355727
278.0, 88.90884598114052
279.0, 88.55598455598452
280.0, 81.03448275862064
281.0, 79.26458390931708
282.0, 80.39471964449089
283.0, 84.00750066970262
284.0, 82.35636363636362
285.0, 82.521613832853
286.0, 82.53922556499207
287.0, 83.81632367352654
288.0, 85.50384565245733
289.0, 74.53694677325014
290.0, 68.32939152870352
291.0, 66.23108665749658
292.0, 60.30719482619237
293.0, 59.632776103041934
294.0, 67.74595267745956
295.0, 61.52106304778058
296.0, 46.58544405258095
297.0, 45.92664719247002
298.0, 48.563397876327265
299.0, 55.82081545064378
300.0, 55.73770491803282
301.0, 50.23448275862073
302.0, 39.363378506145615
303.0, 39.80242192479292
304.0, 35.7061177815895
305.0, 29.963427377220484
306.0, 23.924474187380568
307.0, 24.286393910561358
308.0, 30.30303030303031
309.0, 33.28050713153728
310.0, 30.874785591766738
311.0, 27.655075187969913
312.0, 21.85458377239202
313.0, 22.166246851385395
314.0, 22.41054613935971
315.0, 27.560179518563828
316.0, 27.97680679229653
317.0, 26.360975609756082
318.0, 31.627711097073046
319.0, 38.590750436300176
320.0, 44.358912677411574
321.0, 35.582294800171894
322.0, 37.72330702118821
323.0, 42.30852211434734
324.0, 47.31001206272619
325.0, 49.2961287078934
326.0, 51.76874340021119
327.0, 39.012416979497544
328.0, 39.27544565842433
329.0, 53.284671532846716
330.0, 49.42552318424291
331.0, 49.61894953656026
332.0, 46.92435577722362
333.0, 47.73889912011459
334.0, 49.16401273885351
335.0, 56.79466544033112
336.0, 57.75629496402876
337.0, 46.445679248898266
338.0, 28.297922017277585
339.0, 31.37121469887714
340.0, 40.95739084692266
341.0, 41.40168031479314
342.0, 39.421597784842575
343.0, 29.585729374486533
344.0, 29.399416909620953
345.0, 32.215250965250945
346.0, 33.837656099903924
347.0, 28.98618590494027
348.0, 26.02597999770086
349.0, 29.434376716090043
350.0, 24.257921067259588
351.0, 29.2671224661149
352.0, 56.59135385162783
353.0, 47.538513060951104
354.0, 32.76555023923446
355.0, 40.386680988184764
356.0, 39.092011783053195
357.0, 38.531169940222036
358.0, 39.80239943542697
359.0, 44.321148825065265
360.0, 43.03839732888147
361.0, 44.764716096544554
362.0, 49.241877256317686
363.0, 44.32515337423314
364.0, 45.791245791245785
365.0, 39.3712861797968
366.0, 27.263289036544833
367.0, 32.30546856179237
368.0, 40.4849375459221
369.0, 26.2112975655873
370.0, 37.08199157790439
371.0, 43.38763775754672
372.0, 52.014652014652
373.0, 44.02965316388668
374.0, 42.73526370217165
375.0, 43.46568498553773
376.0, 40.133511348464616
377.0, 36.26930501930501
378.0, 40.74436826640549
379.0, 46.23887840388245
380.0, 55.212564310858404
381.0, 54.20485175202153
382.0, 48.04864253393667
383.0, 64.14030692139056
384.0, 60.7607950651131
385.0, 63.54664119707099
386.0, 51.9986449864499
387.0, 44.37698756866147
388.0, 49.33296275708729
389.0, 44.363909022744316
390.0, 51.980198019802
391.0, 61.32297551789077
392.0, 60.50480769230768
393.0, 57.69770706598036
394.0, 56.53846153846154
395.0, 54.60877641049458
396.0, 60.53431798436141
397.0, 58.99345520198601
398.0, 59.64015992892046
399.0, 57.82265552460538
400.0, 57.62202174415914
401.0, 84.0784504811792
402.0, 70.83466241360979
403.0, 75.2088507563784
404.0, 71.09538175910885
405.0, 68.73305833824398
406.0, 69.62793360045794
407.0, 69.94824611845888
408.0, 69.72190034762457
409.0, 71.06413133341208
410.0, 70.03058103975535
411.0, 68.72677730988357
412.0, 70.05810506344125
413.0, 69.79303744467043
414.0, 74.30539609644087
415.0, 43.389473684210515
416.0, 64.91178941472978
417.0, 68.60850358917733
418.0, 69.64686098654715
419.0, 73.96098388464807
420.0, 65.51428571428573
421.0, 70.75675675675677
422.0, 71.05403959336545
423.0, 60.81978474925581
424.0, 70.71709738148216
425.0, 59.53032704221295
426.0, 58.80627658014373
427.0, 55.348424323124725
428.0, 49.632117722328864
429.0, 57.194986514358234
430.0, 57.194986514358234
431.0, 48.18500350385424
432.0, 49.27619320624909
433.0, 50.5242555571089
434.0, 53.234617596319715
435.0, 54.39506518996214
436.0, 52.42484401588204
437.0, 56.89442905509385
438.0, 57.07937480845847
439.0, 60.875960124203296
440.0, 57.60111576011157
441.0, 61.70542635658914
442.0, 63.42657342657342
443.0, 49.46985282481405
444.0, 51.20721271393644
445.0, 61.19561372479658
446.0, 62.617318930405524
447.0, 58.816029143898
448.0, 63.62027353177797
449.0, 62.14632512975055
450.0, 57.67557489123679
451.0, 58.9984350547731
452.0, 42.03960396039602
453.0, 53.556845046206746
454.0, 54.63675213675215
455.0, 52.68553599286828
456.0, 51.442521083000436
457.0, 62.44612068965518
458.0, 58.075187969924805
459.0, 51.48346990675333
460.0, 56.83760683760684
461.0, 58.198198198198206
462.0, 44.10240780249923
463.0, 41.25560538116593
464.0, 52.0951302378256
465.0, 47.146932952924395
466.0, 44.27327528466178
467.0, 50.25411061285505
468.0, 49.13347522043176
469.0, 45.22895125553915
470.0, 46.961162170174944
471.0, 56.780402449693774
472.0, 50.893102500687014
473.0, 71.49532710280373
474.0, 73.42530404792156
475.0, 65.14736672572073
476.0, 56.51809417353639
477.0, 56.6392643165668
478.0, 49.72465581977471
479.0, 48.92857142857143
480.0, 52.85474932336643
481.0, 48.17228676678943
482.0, 43.76930998970133
483.0, 42.431049544490186
484.0, 40.22836538461537
485.0, 42.26840027861619
486.0, 46.553698190977784
487.0, 29.705065467530716
488.0, 22.589571803087665
489.0, 21.95950729151916
490.0, 31.053048297703867
491.0, 29.482454734818134
492.0, 35.92375366568915
493.0, 36.296296296296305
494.0, 35.19216277317254
495.0, 38.822692512893504
496.0, 42.289810151104206
497.0, 44.038733104700455
498.0, 45.640811206355835
499.0, 45.40109197816046
500.0, 46.369636963696365
501.0, 48.09584937954646
502.0, 54.65420560747664
503.0, 65.57524108544513
504.0, 55.82944703530981
505.0, 52.19015985052939
506.0, 53.12436393242417
507.0, 54.32972522897586
508.0, 45.97249508840868
509.0, 47.691509597094935
510.0, 46.70618120237087
511.0, 51.59636062861868
512.0, 54.60569913850233
513.0, 55.22875816993465
514.0, 44.73725245594885
515.0, 48.63689580197357
516.0, 45.96163997888439
517.0, 43.11654011224827
518.0, 48.08259587020649
519.0, 55.549923973644184
520.0, 58.999532491818606
521.0, 58.08530223995088
522.0, 67.15618521078088
523.0, 58.93389444152198
524.0, 60.50405040504051
525.0, 72.03670660209023
526.0, 62.71477663230241
527.0, 59.45440956651717
528.0, 70.55148383996155
529.0, 66.48808845320872
530.0, 63.86595434677028
531.0, 68.85125184094258
532.0, 66.16094186187644
533.0, 61.32239622172509
534.0, 55.79796377099035
535.0, 56.35683760683763
536.0, 55.87957337653573
537.0, 61.79729729729731
538.0, 58.71100269610991
539.0, 37.04918032786881
540.0, 44.98829039812644
541.0, 53.64120781527532
542.0, 37.96014067995309
543.0, 42.249478079331894
544.0, 39.93586581154413
545.0, 40.0984009840098
546.0, 38.19119025304589
547.0, 31.448967779278334
548.0, 33.90370075606842
549.0, 38.30629204590418
550.0, 37.175009701202896
551.0, 29.598562013181507
552.0, 30.791606066902105
553.0, 30.79800498753113
554.0, 40.396855110445514
555.0, 28.12565445026179
556.0, 33.79091869060191
557.0, 31.403336604514237
558.0, 35.33759488613666
559.0, 31.244689889549747
560.0, 32.06889034227166
561.0, 61.11456391133208
562.0, 59.213506279596444
563.0, 59.38909389093891
564.0, 55.18095238095239
565.0, 51.201838105337565
566.0, 59.675190048375946
567.0, 64.25445451703658
568.0, 60.52813255091473
569.0, 64.72318339100346
570.0, 63.148382432676655
571.0, 67.26992683866
572.0, 65.8024935681773
573.0, 62.82742681047767
574.0, 60.11795060818281
575.0, 50.525834476451806
576.0, 51.539179104477626
577.0, 44.813373024959944
578.0, 54.99765368371658
579.0, 68.18418314255985
580.0, 74.43027388668197
581.0, 59.58538587848933
582.0, 59.83272133822928
583.0, 53.36101225780941
584.0, 56.69175693042041
585.0, 58.28916103089015
586.0, 52.6759167492567
587.0, 53.56962875860911
588.0, 73.90168606031824
589.0, 66.00250483889334
590.0, 66.39112218321824
591.0, 70.18099547511316
592.0, 68.92242395661404
593.0, 64.4485591945377
594.0, 56.48315074192207
595.0, 64.51565049695891
596.0, 61.00258546394715
597.0, 59.83375598760213
598.0, 64.75896168108778
599.0, 64.23302912864108
600.0, 62.6127223982452
601.0, 61.3785688687134
602.0, 37.46659540352753
603.0, 40.53585196607555
604.0, 36.97585768742057
605.0, 52.30114026652011
606.0, 39.614134423823
607.0, 39.61828859060403
608.0, 39.36236715982498
609.0, 34.71107146397067
610.0, 38.41313538491791
611.0, 43.13181367690783
612.0, 39.13873568095035
613.0, 37.94734677087618
614.0, 37.58402933387654
615.0, 43.48790128217488
616.0, 42.576687116564436
617.0, 42.7016281711473
618.0, 38.76095549063413
619.0, 42.10398050365556
620.0, 46.36786544999105
621.0, 48.164668711086335
622.0, 46.08749777698736
623.0, 54.29754918881601
624.0, 55.06533174953333
625.0, 54.26992487695363
626.0, 49.54962989387319
627.0, 50.68880576589728
628.0, 51.44444444444444
629.0, 46.64105594956659
630.0, 50.75598277761089
631.0, 46.91780821917808
632.0, 59.00239808153478
633.0, 42.43416908151694
634.0, 47.63790664780764
635.0, 47.33661278988052
636.0, 57.51660566626
637.0, 47.54968896980731
638.0, 37.4076263671298
639.0, 37.948717948717956
640.0, 43.60168874654242
641.0, 42.730774718219415
642.0, 44.949722347291015
643.0, 52.090472926662095
644.0, 45.980366144866
645.0, 64.84243444791917
646.0, 64.19647231749141
647.0, 68.43243243243245
648.0, 73.36368810472399
649.0, 63.69835935955722
650.0, 60.96290785418216
651.0, 64.38822153715319
652.0, 70.45376220562895
653.0, 63.983329677560874
654.0, 65.90531561461793
655.0, 66.47120418848169
656.0, 64.75568703458123
657.0, 60.54614964500272
658.0, 69.00531045751634
659.0, 53.75458894204028
660.0, 49.508077250091105
661.0, 46.23243933588761
662.0, 40.695872658120884
663.0, 52.0368160899949
664.0, 46.370061034372
665.0, 42.98157453936348
666.0, 44.919093851132686
667.0, 44.52285485164394
668.0, 27.699880668257777
669.0, 37.54945924558163
670.0, 41.287442396313395
671.0, 44.656219116193725
672.0, 34.92695883134128
673.0, 44.615993665874896
674.0, 43.67954911433173
675.0, 39.992628086988596
676.0, 46.25288874215912
677.0, 34.655806621124555
678.0, 39.65821239658211
679.0, 44.174200942315046
680.0, 40.672118579095326
681.0, 40.86007702182284
682.0, 56.28734383487234
683.0, 43.21917808219179
684.0, 45.35266974291363
685.0, 47.78281683043588
686.0, 44.474327628361856
687.0, 40.61954116688017
688.0, 42.11601770916109
689.0, 35.848874287370776
690.0, 30.202269363591498
691.0, 35.622017921564066
692.0, 40.916372957385455
693.0, 31.822583769126467
694.0, 33.55218030377266
695.0, 42.94605809128631
696.0, 35.291805855767336
697.0, 39.34847835405059
698.0, 32.97747306562195
699.0, 26.90023752969121
700.0, 31.251229588825495
701.0, 46.991923520685674
702.0, 44.29828167392913
703.0, 53.80402894582436
704.0, 52.057905194436564
705.0, 53.09742999616417
706.0, 45.4002026342452
707.0, 53.231171299596106
708.0, 50.09805052485869
709.0, 41.86864738076623
710.0, 43.809653667848394
711.0, 46.06726868210967
712.0, 55.9652278177458
713.0, 65.54948216340621
714.0, 52.49135391315485
715.0, 28.014247551202132
716.0, 27.313769751693016
717.0, 22.203621975346223
718.0, 22.58513931888544
719.0, 20.34285714285714
720.0, 21.900953552752995
721.0, 23.52672453174965
722.0, 25.66982191561044
723.0, 33.24428613831998
724.0, 38.26061997703789
725.0, 37.63409683966367
726.0, 37.58885826200495
727.0, 25.44250971362787
728.0, 22.252989301447457
729.0, 21.6242661448141
730.0, 22.238993710691815
731.0, 23.296877058901046
732.0, 25.31500572737687
733.0, 27.543231032871176
734.0, 40.356501667094115
735.0, 37.385717815665934
736.0, 42.68913264729164
737.0, 37.419431845309134
738.0, 41.23514906971531
739.0, 44.116393093157086
740.0, 40.984461361977246
741.0, 43.06377383300459
742.0, 56.134837880302804
743.0, 63.808286415475685
744.0, 66.90732282304408
745.0, 73.14267454864995
746.0, 76.0502958579882
747.0, 77.25473565168222
748.0, 71.17226963943565
749.0, 78.04575279304842
750.0, 74.81692432872255
751.0, 79.72921434019834
752.0, 70.41666666666666
753.0, 65.46338965693806
754.0, 76.96296296296298
755.0, 85.56135053527314
756.0, 90.9597030752916
757.0, 74.51228781352926
758.0, 67.64212041256897
759.0, 60.408074668981975
760.0, 51.61590327830736
761.0, 50.75721722669191
762.0, 46.2982948413555
763.0, 31.367843675008544
764.0, 30.965517241379303
765.0, 35.33591731266148
766.0, 38.95912001313414
767.0, 42.445820433436516
768.0, 34.13642052565707
769.0, 32.44609665427508
770.0, 42.4280826257762
771.0, 39.59787108219988
772.0, 44.90574765814733
773.0, 50.7577497129736
774.0, 57.513171759747095
775.0, 53.40373180233751
776.0, 49.600076175966485
777.0, 55.896555424401754
778.0, 51.17985326194726
779.0, 46.70418876501787
780.0, 48.10286677908938
781.0, 41.55526074089194
782.0, 45.67811559613987
783.0, 52.090472926662095
784.0, 43.50288886371362
785.0, 49.93498049414824
786.0, 48.77594465141032
787.0, 43.33010112203905
788.0, 34.80478087649402
789.0, 38.40592184541229
790.0, 60.21091396049546
791.0, 62.26415094339624
792.0, 75.65930149679261
793.0, 75.83156404812456
794.0, 63.396971691902586
795.0, 67.68581971534002
796.0, 67.81589079453974
797.0, 65.17045454545456
798.0, 67.24849849849849
799.0, 66.27820939696633
800.0, 63.51271437019517
801.0, 62.8315132605304
802.0, 65.94604252278006
803.0, 62.44002741603839
804.0, 58.207816968541465
805.0, 57.66905931242918
806.0, 56.51920838183932
807.0, 55.92053501180174
808.0, 69.47693665857422
809.0, 76.95797516714424
810.0, 77.25129655822725
811.0, 74.57180500658762
812.0, 71.07350608143837
813.0, 70.2928870292887
814.0, 64.66201587683423
815.0, 70.26615969581752
816.0, 67.0227719988755
817.0, 67.72727272727268
818.0, 60.96219931271473
819.0, 71.11178614823808
820.0, 68.43677397942247
821.0, 57.87089467723669
822.0, 51.64835164835165
823.0, 44.337863042899016
824.0, 35.408450704225345
825.0, 44.385156439485804
826.0, 39.584685269305645
827.0, 39.67909800520384
828.0, 45.027247956403286
829.0, 39.12237330037086
830.0, 40.036525974025935
831.0, 48.584457533725995
832.0, 48.33906071019473
833.0, 43.40096214181132
834.0, 36.31889763779524
835.0, 39.60077269800383
836.0, 39.4990366088632
837.0, 43.62733506739178
838.0, 35.63840061811857
839.0, 41.06827025114964
840.0, 44.27073403241182
841.0, 43.40998317442511
842.0, 37.97268907563027
843.0, 39.479432107753894
844.0, 31.652661064425786
845.0, 27.79808529155791
846.0, 31.096345514950187
847.0, 36.08628659476121
848.0, 30.395846852693097
849.0, 34.681937009834456
850.0, 42.19423644202405
851.0, 41.66946778711486
852.0, 50.88441967530895
853.0, 47.757731958762875
854.0, 50.554552489037924
855.0, 55.47564976028262
856.0, 59.54618689581093
857.0, 66.4050822122571
858.0, 66.57092907092907
859.0, 64.82996676041934
860.0, 63.75971545250957
861.0, 61.32433572332351
862.0, 82.1675225783602
863.0, 83.10969473331099
864.0, 74.09727339719971
865.0, 71.19844220215968
866.0, 58.74253483742537
867.0, 56.39137296159916
868.0, 53.020134228187906
869.0, 47.23157500935275
870.0, 54.95049504950496
871.0, 56.75302774796874
872.0, 62.682018286488336
873.0, 66.10978520286395
874.0, 62.28042659974906
875.0, 62.203363193462195
876.0, 57.16948889234114
877.0, 51.92676547515257
878.0, 55.6219648860665
879.0, 52.77334751018961
880.0, 65.4214559386973
881.0, 60.29890783675036
882.0, 62.36623067776456
883.0, 65.9549461312439
884.0, 66.14725360342814
885.0, 51.81670909511687
886.0, 57.74459549810563
887.0, 56.37367694431663
888.0, 51.12687813021704
889.0, 53.58699960364646
890.0, 64.75380800566771
891.0, 40.565825067628495
892.0, 38.31576706057703
893.0, 36.743236345074024
894.0, 33.42494714587737
895.0, 31.512856288618693
896.0, 35.83566760037347
897.0, 30.180180180180173
898.0, 38.856015779092694
899.0, 43.63764044943821
900.0, 41.08206601724017
901.0, 37.97988092794087
902.0, 38.02672147995889
903.0, 38.73611487401787
904.0, 34.67899183938759
905.0, 40.492452989290825
906.0, 40.5951475188097
907.0, 42.544520244529096
908.0, 38.76957855643469
909.0, 41.4931305625162
910.0, 34.23498174576835
911.0, 34.60538455086808
912.0, 14.950751684810825
913.0, 5.420134760206096
914.0, 6.699246589289331
915.0, 23.97462246448039
916.0, 24.25201120853295
917.0, 17.600324280502633
918.0, 25.783132530120483
919.0, 27.338185196655303
920.0, 32.73209549071619
921.0, 32.63810171540845
922.0, 33.671162391829725
923.0, 33.50659425911559
924.0, 35.34659137408953
925.0, 36.85782556750298
926.0, 46.3768115942029
927.0, 52.56442541761101
928.0, 55.978811248734125
929.0, 53.710681520314544
930.0, 56.14350543710934
931.0, 67.53234121194436
932.0, 57.480314960629926
933.0, 56.074388518293915
934.0, 54.851444005817584
935.0, 54.534187151415004
936.0, 56.92722371967656
937.0, 50.08537279453615
938.0, 60.33208800332088
939.0, 62.63035421873654
940.0, 54.26219870664315
941.0, 54.82872072769499
942.0, 42.816198224852066
943.0, 30.115434742133687
944.0, 35.69766439713868
945.0, 37.793896948474234
946.0, 41.98942899228836
947.0, 52.27491961414791
948.0, 52.89216853130206
949.0, 44.12816099563088
950.0, 49.124913123144
951.0, 51.97887418104024
952.0, 41.896489323199425
953.0, 42.728480732319504
954.0, 46.5062671084858
955.0, 43.54390712912186
956.0, 51.302894476942946
957.0, 53.6847126162652
958.0, 49.75742616392884
959.0, 44.61362436190811
960.0, 49.58743891692702
961.0, 39.420819201669715
962.0, 35.28872593950504
963.0, 52.652329749103934
964.0, 43.74585488791617
965.0, 46.780141843971634
966.0, 52.91192042355207
967.0, 56.46450399623883
968.0, 49.129561432875796
969.0, 60.27547347002661
970.0, 59.326923076923094
971.0, 69.73263830502775
972.0, 70.19295870006772
973.0, 74.02713316672619
974.0, 57.797187899446094
975.0, 68.12088715573972
976.0, 63.06407942238267
977.0, 44.38714795715987
978.0, 49.439551641313045
979.0, 42.79279279279279
980.0, 47.38955823293173
981.0, 43.5319289005925
982.0, 40.93160012380068
983.0, 35.78398384925974
984.0, 30.01466813348
985.0, 29.73122238586157
986.0, 32.39713774597496
987.0, 37.202583276682525
988.0, 48.083224115334204
989.0, 42.44904032138075
990.0, 39.9523876207814
991.0, 48.42174847132705
992.0, 46.8675519237317
993.0, 56.13542835765059
994.0, 54.40404433210188
995.0, 61.160397444996455
996.0, 63.1203076359641
997.0, 51.06347345503266
998.0, 51.96449120499754
999.0, 47.74193548387098
1000.0, 43.42330030748206
1001.0, 35.94087360903505
1002.0, 24.95161006510648
1003.0, 28.45104333868379
1004.0, 30.68599870157975
1005.0, 25.70442783208742
1006.0, 29.922256373169418
1007.0, 24.85426603073661
1008.0, 21.236807998518813
1009.0, 11.870727159726542
1010.0, 10.433737572380664
1011.0, 11.542180323906209
1012.0, 25.516469351063463
1013.0, 22.808799672513913
1014.0, 26.547842401500944
1015.0, 28.270802286163473
1016.0, 37.59622937941869
1017.0, 39.616904834296136
1018.0, 49.46454413892909
1019.0, 55.06853681861653
1020.0, 52.788477641936026
1021.0, 58.67614694430337
1022.0, 63.949195096736084
1023.0, 62.822973571534035
1024.0, 67.81741098466736
1025.0, 77.77747640230011
1026.0, 63.210368893320044
1027.0, 72.2134606368015
1028.0, 74.26507355843881
1029.0, 69.30993405135888
1030.0, 62.259194395796854
1031.0, 61.36014344262295
1032.0, 61.68402336804674
1033.0, 66.07062528115159
1034.0, 68.21868745391342
1035.0, 61.94832612848096
1036.0, 55.80682658776286
1037.0, 58.53954146045855
1038.0, 68.36101478371965
1039.0, 57.92618290450034
1040.0, 60.686521958606775
1041.0, 61.40733399405352
1042.0, 62.3513487382771
1043.0, 66.82209097502852
1044.0, 63.630981746423295
1045.0, 66.57295728666003
1046.0, 60.05947402657746
1047.0, 57.3441842000794
1048.0, 55.67701350933278
1049.0, 57.595476850864095
1050.0, 60.70722600483198
1051.0, 62.25340225762211
1052.0, 54.26307043333761
1053.0, 60.79919793755372
1054.0, 71.1423118865867
1055.0, 64.77399553571428
1056.0, 58.27140549273021
1057.0, 54.5936128348721
1058.0, 70.004503828254
1059.0, 59.475774424146124
1060.0, 63.479145473041676
1061.0, 49.53751284686536
1062.0, 53.1360785383147
1063.0, 56.266243141784564
1064.0, 54.711775809496146
1065.0, 50.796655623915434
1066.0, 50.85867338900266
1067.0, 47.151621384750214
1068.0, 37.57919306435478
1069.0, 46.81970349115255
1070.0, 42.6889534883721
1071.0, 44.87394957983196
1072.0, 34.814814814814824
1073.0, 55.38843457943927
1074.0, 56.07628622117092
1075.0, 68.98872317206254
1076.0, 64.79454883336773
1077.0, 68.29500095038966
1078.0, 65.70958302852962
1079.0, 65.38035450516986
1080.0, 63.216935046137166
1081.0, 70.57416267942583
1082.0, 68.75121382792776
1083.0, 55.06939090208172
1084.0, 56.99182126471175
1085.0, 58.64406779661016
1086.0, 59.61051606621227
1087.0, 35.37596210775604
1088.0, 27.364323334096625
1089.0, 27.12826333711692
1090.0, 32.106598984771566
1091.0, 41.98445689499367
1092.0, 42.67866985118503
1093.0, 42.22222222222221
1094.0, 44.91352055049283
1095.0, 49.445297832394594
1096.0, 43.110119047619044
1097.0, 46.65056360708534
1098.0, 44.22900763358778
1099.0, 43.67000771010022
1100.0, 43.32040341349882
1101.0, 47.51962090922555
1102.0, 62.50580046403713
1103.0, 63.7434955616774
1104.0, 67.49897105227055
1105.0, 61.20209629872259
1106.0, 63.906510851419014
1107.0, 63.30617786829601
1108.0, 59.392037006443104
1109.0, 54.44700869873959
1110.0, 72.17090069284062
1111.0, 74.40476190476193
1112.0, 75.92630087062159
1113.0, 77.63355906696765
1114.0, 69.9842574776981
1115.0, 70.6917164816396
1116.0, 64.99606918238992
1117.0, 67.13415759365193
1118.0, 56.29976580796252
1119.0, 51.414052143172775
1120.0, 49.81064825128091
1121.0, 55.57089331492803
1122.0, 53.9020657995409
1123.0, 52.94007138831484
1124.0, 55.2038626609442
1125.0, 53.95909805977975
1126.0, 50.367107195301045
1127.0, 42.55218216318787
1128.0, 51.44599030795684
1129.0, 45.82147044046225
1130.0, 46.32577040298004
1131.0, 50.49195689520536
1132.0, 48.54354354354355
1133.0, 52.282541640962364
1134.0, 51.83486238532112
1135.0, 45.72164948453607
1136.0, 47.28985249689
1137.0, 46.14984391259106
1138.0, 33.935663224781536
1139.0, 35.482546201232026
1140.0, 51.35856380397863
1141.0, 62.313432835820905
1142.0, 52.20787023130073
1143.0, 55.11206631869817
1144.0, 53.3115533115533
1145.0, 35.60016386726751
1146.0, 45.95782073813706
1147.0, 41.58091674462115
1148.0, 54.09109230149133
1149.0, 57.61440360090021
1150.0, 65.93578700078311
1151.0, 77.6271186440678
1152.0, 86.44217988480293
1153.0, 86.87821612349921
1154.0, 55.154986522911074
1155.0, 49.5278069254984
1156.0, 60.425132854016866
1157.0, 61.189454322501554
1158.0, 63.9538509510446
1159.0, 48.78342568055891
1160.0, 45.663454410674575
1161.0, 47.90919952210274
1162.0, 46.13293797874971
1163.0, 45.60878243512974
1164.0, 47.545717035611155
1165.0, 46.95863746958637
1166.0, 49.792722247812094
1167.0, 53.35900727428327
1168.0, 74.96206373292866
1169.0, 76.3355408388521
1170.0, 66.38826185101584
1171.0, 69.38733552631581
1172.0, 62.42948476871005
1173.0, 65.9908566885311
1174.0, 67.92009400705054
1175.0, 60.563380281690165
1176.0, 53.53824160114366
1177.0, 54.97835497835501
1178.0, 48.90436555121456
1179.0, 49.690583709650454
1180.0, 36.24792473713337
1181.0, 31.783282630740246
1182.0, 23.666720700275576
1183.0, 23.605497170573997
1184.0, 36.93456302151954
1185.0, 32.57160745030521
1186.0, 39.65051628276412
1187.0, 42.38410596026492
1188.0, 42.637362637362656
1189.0, 42.18802275008363
1190.0, 49.30146439993269
1191.0, 51.40367860600193
1192.0, 55.38039753255655
1193.0, 53.992932862190834
1194.0, 69.73984481971696
1195.0, 70.0274977085243
1196.0, 71.12582781456955
1197.0, 66.6115360760802
1198.0, 55.73051109963859
1199.0, 47.01423977951312
1200.0, 43.67675781249999
1201.0, 48.24069352371237
1202.0, 52.71372000931749
1203.0, 54.32069131060969
1204.0, 55.609983671565175
1205.0, 47.20905739863086
1206.0, 45.32952776336275
1207.0, 50.78252744685821
1208.0, 55.31914893617023
1209.0, 53.214543703346976
1210.0, 56.88928333703128
1211.0, 60.11723329425558
1212.0, 66.13073831182572
1213.0, 70.70798461886451
1214.0, 70.58155383916404
1215.0, 71.23500666370505
1216.0, 68.02469135802471
1217.0, 78.01307189542487
1218.0, 74.70676691729327
1219.0, 74.63942307692304
1220.0, 77.77777777777777
1221.0, 76.80525164113784
1222.0, 66.71259300082667
1223.0, 77.2202591283863
1224.0, 68.4167794316644
1225.0, 73.02194997447674
1226.0, 69.00293255131962
1227.0, 75.07977026164642
1228.0, 72.8618421052631
1229.0, 56.53273391402079
1230.0, 54.45516458569807
1231.0, 47.33893557422967
1232.0, 44.5695897023331
1233.0, 51.86457311089305
1234.0, 46.08475356978351
1235.0, 35.71278163823959
1236.0, 34.09730599115399
1237.0, 27.381479840496254
1238.0, 26.54639175257732
1239.0, 23.626619026351108
1240.0, 19.732704402515736
1241.0, 18.02837134135393
1242.0, 25.88524590163935
1243.0, 30.889576132435863
1244.0, 29.509906152241925
1245.0, 27.686287298222737
1246.0, 31.715158334672864
1247.0, 24.165872259294574
1248.0, 28.807517822423833
1249.0, 32.81021897810223
1250.0, 41.92233009708737
1251.0, 41.91105068945424
1252.0, 44.80897009966777
1253.0, 49.409973353635316
1254.0, 59.790280298447286
1255.0, 69.16290521132544
1256.0, 60.74299369976104
1257.0, 53.80904522613067
1258.0, 59.464431725265726
1259.0, 64.41541186891054
1260.0, 60.27459954233409
1261.0, 72.81095644364615
1262.0, 72.4960254372019
1263.0, 70.5672969966629
1264.0, 69.15364886920025
1265.0, 70.61958694203861
1266.0, 67.7316293929712
1267.0, 65.10824504836478
1268.0, 64.1759281153937
1269.0, 60.371436044990816
1270.0, 67.826780021254
1271.0, 77.59878419452878
1272.0, 79.14544425580071
1273.0, 83.29362715902309
1274.0, 79.50540079590665
1275.0, 63.42028985507239
1276.0, 62.62955285756585
1277.0, 67.9487179487179
1278.0, 60.47682119205296
1279.0, 52.85939968404424
1280.0, 59.931719428926115
1281.0, 61.055806938159854
1282.0, 56.19834710743801
1283.0, 54.46703635243373
1284.0, 56.83411214953269
1285.0, 58.065442020665905
1286.0, 55.63316125113876
1287.0, 53.88235294117646
1288.0, 55.650060753341435
1289.0, 68.34309335170514
1290.0, 57.879924953095646
1291.0, 55.36779324055668
1292.0, 64.69968387776603
1293.0, 67.74711168164312
1294.0, 56.47668393782383
1295.0, 52.24080267558528
1296.0, 58.11992504684569
1297.0, 55.485986881335684
1298.0, 53.09456487590321
1299.0, 53.489096573208705
1300.0, 53.05031446540878
1301.0, 52.08397653596786
1302.0, 54.17469492614002
1303.0, 59.85935302390998
1304.0, 51.264755480607086
1305.0, 55.183872396987134
1306.0, 44.45296033722936
1307.0, 40.26305457400864
1308.0, 37.04171934260432
1309.0, 31.752805437015965
1310.0, 40.59705599119548
1311.0, 42.71625810087349
1312.0, 45.21692266235515
1313.0, 42.4986931521171
1314.0, 37.243693301851636
1315.0, 39.68974650018918
1316.0, 38.126968742427906
1317.0, 33.18175912693255
1318.0, 33.2119635890767
1319.0, 32.18011356133631
1320.0, 34.391758396838824
1321.0, 35.53234115626786
1322.0, 40.07424144609424
1323.0, 55.29868114817689
1324.0, 41.195247384287995
1325.0, 36.30181347150258
1326.0, 38.674980514419325
1327.0, 41.070551645113746
1328.0, 39.9840637450199
1329.0, 35.76409945421467
1330.0, 37.677687270404085
1331.0, 38.35114016903206
1332.0, 51.34073441502989
1333.0, 50.39178129897268
1334.0, 53.69202226345084
1335.0, 58.14187489518699
1336.0, 60.30809570632579
1337.0, 51.01079489695782
1338.0, 60.18929882171142
1339.0, 67.96074154852784
1340.0, 51.964769647696464
1341.0, 39.54418928322896
1342.0, 42.78990963855421
1343.0, 50.44384407564647
1344.0, 48.452270620945306
1345.0, 43.232323232323246
1346.0, 34.894447401099896
1347.0, 33.053630062021156
1348.0, 32.82608695652176
1349.0, 22.832535885167474
1350.0, 31.75355450236968
1351.0, 35.06152584085315
1352.0, 31.62895145966486
1353.0, 29.54655478457319
1354.0, 39.98057623826482
1355.0, 48.10126582278481
1356.0, 51.22355868934055
1357.0, 41.1400966183575
1358.0, 43.95736979690328
1359.0, 53.981559094719195
1360.0, 55.505279034690794
1361.0, 60.10432766615148
1362.0, 65.19230769230768
1363.0, 68.86426592797784
1364.0, 63.13948404022736
1365.0, 56.000852696653155
1366.0, 53.70082240497891
1367.0, 58.24493731918993
1368.0, 58.967069414830576
1369.0, 60.8260019550342
1370.0, 63.901292596944764
1371.0, 71.91219254165563
1372.0, 71.90476190476188
1373.0, 71.32829373650105
1374.0, 62.4586288416076
1375.0, 46.11988847583643
1376.0, 38.15999999999997
1377.0, 34.674097407317646
1378.0, 33.93776035285467
1379.0, 44.332372718539894
1380.0, 45.15744274809162
1381.0, 38.58540562576439
1382.0, 30.044114232644546
1383.0, 29.850057670126873
1384.0, 25.183431952662716
1385.0, 30.554899645808717
1386.0, 28.316559926807003
1387.0, 31.616844861444477
1388.0, 32.62044124268348
1389.0, 38.82636655948555
1390.0, 50.48796356538714
1391.0, 55.44273907910274
1392.0, 60.38211211421373
1393.0, 51.890846583584
1394.0, 53.90158534074529
1395.0, 62.91756789233357
1396.0, 62.81031573873222
1397.0, 69.62341197822143
1398.0, 52.11411105450843
1399.0, 49.451315101898636
1400.0, 52.348284960422156
1401.0, 47.41729541497389
1402.0, 59.28571428571428
1403.0, 56.021314387211376
1404.0, 47.07259953161591
1405.0, 44.88834255275555
1406.0, 45.89702333065164
1407.0, 47.48231377444859
1408.0, 44.93891797556721
1409.0, 45.95137184920812
1410.0, 43.54300955767949
1411.0, 41.46116616731967
1412.0, 56.21874999999998
1413.0, 64.79850547104346
1414.0, 60.96327833954227
1415.0, 58.653353814644106
1416.0, 53.093232645948305
1417.0, 55.93635250917988
1418.0, 59.86528206567497
1419.0, 66.78406935789758
1420.0, 56.55788177339904
1421.0, 58.74640230252638
1422.0, 58.01796023091725
1423.0, 54.93470999088975
1424.0, 58.98589858985898
1425.0, 55.97423510466986
1426.0, 62.45059288537546
1427.0, 56.7108533554267
1428.0, 64.07689227072484
1429.0, 57.65765765765766
1430.0, 55.13554791905305
1431.0, 59.223689475790366
1432.0, 46.85007974481663
1433.0, 49.46929492039426
1434.0, 54.06162464985994
1435.0, 62.97435897435899
1436.0, 66.15776081424934
1437.0, 62.31276213301378
1438.0, 56.376429199648186
1439.0, 59.22170457659635
1440.0, 63.159333151134206
1441.0, 54.54787234042551
1442.0, 52.19580419580419
1443.0, 52.474690663667026
1444.0, 46.58823529411765
1445.0, 51.124401913875566
1446.0, 55.678031274032286
1447.0, 48.44192634560907
1448.0, 46.5194296896841
1449.0, 46.23383923552556
1450.0, 42.150988615937706
1451.0, 46.635730858468676
1452.0, 49.73488865323435
1453.0, 54.05492730210013
1454.0, 53.605220228385
1455.0, 60.360029390154324
1456.0, 55.99579242636752
1457.0, 63.39817387852327
1458.0, 68.71772805507752
1459.0, 64.29273084479377
1460.0, 66.17031177291769
1461.0, 63.62416107382549
1462.0, 67.78523489932886
1463.0, 51.86474390850331
1464.0, 54.976303317535496
1465.0, 45.97701149425287
1466.0, 44.61538461538464
1467.0, 35.48387096774188
1468.0, 31.698113207547067
1469.0, 31.27035830618881
1470.0, 36.13156602847313
1471.0, 36.30981746423277
1472.0, 40.36842105263155
1473.0, 34.96577145866246
1474.0, 26.206196038598264
1475.0, 29.580573951434857
1476.0, 19.88330341113101
1477.0, 35.609551738583946
1478.0, 31.28467776355103
1479.0, 32.43362831858407
1480.0, 33.935185185185205
1481.0, 28.721278721278708
1482.0, 70.36340852130326
1483.0, 64.75110513165482
1484.0, 63.20520175941863
1485.0, 68.25587377808267
1486.0, 64.93997697747082
1487.0, 60.79125615763545
1488.0, 64.17474234733118
1489.0, 65.98510296480211
1490.0, 71.75228930622382
1491.0, 72.21798198748282
1492.0, 71.6492503407542
1493.0, 68.64480557167732
1494.0, 69.14433880726014
1495.0, 70.47553411440386
1496.0, 49.19389053882053
1497.0, 52.19446320054018
1498.0, 53.476669716376925
1499.0, 46.823529411764675
1500.0, 52.66000540102618
1501.0, 54.22691879866522
1502.0, 51.200711532760145
1503.0, 48.368883312421595
1504.0, 47.03989703989702
1505.0, 36.69230769230775
1506.0, 38.19055244195357
1507.0, 43.12839059674499
1508.0, 33.24567993989484
1509.0, 18.682505399568086
1510.0, 21.732344908310637
1511.0, 22.679153094462592
1512.0, 29.744728079911255
1513.0, 21.948051948051997
1514.0, 17.63903104742407
1515.0, 29.535864978902936
1516.0, 29.339853300733495
1517.0, 21.46579804560257
1518.0, 31.290966087204367
1519.0, 31.153626499143357
1520.0, 28.680336487907482
1521.0, 37.92919882885281
1522.0, 40.11824324324326
1523.0, 44.02224281742354
1524.0, 37.69021739130433
1525.0, 42.036210968249776
1526.0, 38.12324929971992
1527.0, 49.42119323241315
1528.0, 45.70409003568489
1529.0, 45.956284153005484
1530.0, 40.90466926070039
1531.0, 50.10994380649891
1532.0, 42.44450387804225
1533.0, 46.307385229540884
1534.0, 53.1898539584935
1535.0, 50.847457627118686
1536.0, 57.3442345644206
1537.0, 60.53943125183232
1538.0, 71.18587608261163
1539.0, 66.36740331491713
1540.0, 65.75389948006932
1541.0, 57.843137254902004
1542.0, 64.93402638944423
1543.0, 46.370530877573124
1544.0, 56.536648092584656
1545.0, 53.44352617079895
1546.0, 62.2704507512521
1547.0, 52.02041684389627
1548.0, 44.400177069499776
1549.0, 50.86071987480439
1550.0, 49.598715890850734
1551.0, 44.96268656716412
1552.0, 45.75211474806912
1553.0, 52.254456483746964
1554.0, 54.3088881378844
1555.0, 58.132102272727245
1556.0, 51.293516448419034
1557.0, 66.12486147026229
1558.0, 60.642709053213515
1559.0, 57.49999999999994
1560.0, 53.22381930184804
1561.0, 61.3924050632911
1562.0, 69.75403535741731
1563.0, 50.87263275157817
1564.0, 52.065217391304365
1565.0, 50.49191848208016
1566.0, 45.81893572909472
1567.0, 36.3298411625549
1568.0, 41.94144838212635
1569.0, 41.28411910669974
1570.0, 49.54337899543381
1571.0, 44.0448696799736
1572.0, 44.97978436657685
1573.0, 49.26995961478719
1574.0, 49.73838104032011
1575.0, 50.39489671931957
1576.0, 52.81710488298181
1577.0, 53.3722627737226
1578.0, 49.86650845446455
1579.0, 46.88981868898189
1580.0, 43.515402536888416
1581.0, 51.228437009932065
1582.0, 45.314766463591525
1583.0, 48.88283378746598
1584.0, 44.47521462198836
1585.0, 46.00401031223146
1586.0, 52.81574630945871
1587.0, 54.98174230568598
1588.0, 51.76440062272961
1589.0, 47.54706974277382
1590.0, 41.18346714243236
1591.0, 56.75833820947921
1592.0, 53.84401887316127
1593.0, 75.4189944134078
1594.0, 79.57379279075035
1595.0, 81.07142857142853
1596.0, 81.78814784224653
1597.0, 79.7647058823529
1598.0, 82.97916666666666
1599.0, 84.35576732181853
1600.0, 83.52842809364547
1601.0, 82.13557016549535
1602.0, 85.74537540805221
1603.0, 84.06229997866433
1604.0, 75.99999999999997
1605.0, 70.23886378308583
1606.0, 76.18534482758616
1607.0, 61.928774030885535
1608.0, 64.57443312520536
1609.0, 44.448138297872354
1610.0, 47.20379146919433
1611.0, 44.21426457531818
1612.0, 46.34215769997151
1613.0, 43.08574879227057
1614.0, 38.997695852534584
1615.0, 35.364526659412405
1616.0, 25.140664961636816
1617.0, 26.255341880341902
1618.0, 29.01416765053129
1619.0, 33.86761650341349
1620.0, 21.925403225806463
1621.0, 28.05668988710069
1622.0, 23.486828875930044
1623.0, 24.445374633738
1624.0, 15.082130413140888
1625.0, 35.77494692144373
1626.0, 27.58126195028683
1627.0, 36.176935229067944
1628.0, 38.3842656233478
1629.0, 41.36660349547273
1630.0, 41.12844132733174
1631.0, 40.808059825508934
1632.0, 37.411921538754534
1633.0, 35.15756106656721
1634.0, 38.00262017535019
1635.0, 40.03898635477582
1636.0, 45.905503740903974
1637.0, 45.891393442622956
1638.0, 56.06660456450862
1639.0, 52.79619667208809
1640.0, 62.65906099166301
1641.0, 56.69945725915874
1642.0, 50.07157626849054
1643.0, 40.53784860557771
1644.0, 43.463005339435526
1645.0, 49.03354178510518
1646.0, 52.551408987052554
1647.0, 52.32029117379436
1648.0, 54.29292929292929
1649.0, 51.104401716192584
1650.0, 51.54330708661419
1651.0, 56.39563304546194
1652.0, 52.671498398786454
1653.0, 37.38878143133461
1654.0, 35.81832119586048
1655.0, 30.0408466394356
1656.0, 23.931371098949867
1657.0, 31.9455962846243
1658.0, 38.00749531542788
1659.0, 38.229344950988015
1660.0, 35.90530469092502
1661.0, 40.93610698365529
1662.0, 36.90838037342599
1663.0, 30.206595662774305
1664.0, 35.15736766809728
1665.0, 35.12643129770993
1666.0, 37.30655640874188
1667.0, 37.10928319623973
1668.0, 42.537558942866546
1669.0, 44.10460488914157
1670.0, 60.34089383975305
1671.0, 58.110170667406685
1672.0, 58.243430152143844
1673.0, 49.21789242590559
1674.0, 60.62623972796826
1675.0, 56.09412427786387
1676.0, 60.7696726019529
1677.0, 74.84774665042629
1678.0, 73.58912869704236
1679.0, 64.28571428571428
1680.0, 65.42253521126759
1681.0, 77.84364165082204
1682.0, 68.65096830985915
1683.0, 63.41091574346986
1684.0, 57.23302453425633
1685.0, 59.795918367346935
1686.0, 60.38873994638069
1687.0, 64.3505764717886
1688.0, 62.07121146330873
1689.0, 65.52740773094563
1690.0, 56.108508977361424
1691.0, 55.33710654354088
1692.0, 54.83482277337083
1693.0, 57.18923447481412
1694.0, 57.063333683436625
1695.0, 40.934751214388875
1696.0, 44.12056035092685
1697.0, 54.24653494544383
1698.0, 54.649435531788484
1699.0, 48.783511545017824
1700.0, 39.30737312480051
1701.0, 38.977686342775755
1702.0, 46.489036913683044
1703.0, 44.685124085497065
1704.0, 63.39155749636098
1705.0, 56.389214536928485
1706.0, 50.717852684144816
1707.0, 57.48769987699877
1708.0, 53.67741935483872
1709.0, 57.7147766323024
1710.0, 50.93252463987867
1711.0, 51.0586811857229
1712.0, 51.644485237876694
1713.0, 51.707765354571904
1714.0, 54.72523909871943
1715.0, 61.715095676824944
1716.0, 56.02409638554219
1717.0, 53.84859546103794
1718.0, 53.25510368108022
1719.0, 58.518392947957274
1720.0, 52.79094662792478
1721.0, 50.361794500723605
1722.0, 51.528952504879626
1723.0, 49.16157342109387
1724.0, 62.15693173821255
1725.0, 57.759968725566864
1726.0, 66.78493987778435
1727.0, 69.05829596412559
1728.0, 71.71551547448249
1729.0, 65.37013801756589
1730.0, 66.09336609336609
1731.0, 72.23668639053255
1732.0, 61.964980544747085
1733.0, 66.48571428571431
1734.0, 86.82835820895528
1735.0, 88.4828711256118
1736.0, 90.43360433604342
1737.0, 97.5014037057833
1738.0, 97.7794411177645
1739.0, 96.69380705650143
1740.0, 96.34578674665947
1741.0, 98.74033149171274
1742.0, 98.75871080139376
1743.0, 98.76916432735914
1744.0, 95.31216245409378
1745.0, 95.18526736188154
1746.0, 95.87452471482892
1747.0, 94.06832949067287
1748.0, 94.72201352366643
1749.0, 91.55619008770138
1750.0, 86.25506985128438
1751.0, 86.3808885912034
1752.0, 83.22793511135552
1753.0, 71.40835102618543
1754.0, 75.05146150679292
1755.0, 65.5622732769045
1756.0, 67.64371733696888
1757.0, 71.35961383748995
1758.0, 74.40259214256785
1759.0, 68.57028753993613
1760.0, 62.022367194781
1761.0, 64.7589004055881
1762.0, 57.97499999999997
1763.0, 61.41575274177469
1764.0, 64.57023060796644
1765.0, 54.47832301095762
1766.0, 56.76470588235294
1767.0, 53.179313268334056
1768.0, 45.75147347740667
1769.0, 47.00984102952306
1770.0, 49.892627057981386
1771.0, 45.51115723923196
1772.0, 49.18945076215823
1773.0, 51.054746358613755
1774.0, 54.81021723561708
1775.0, 53.98638794360719
1776.0, 57.86476868327404
1777.0, 54.854136776661925
1778.0, 56.22536517505221
1779.0, 59.55304518664046
1780.0, 56.40040962621608
1781.0, 70.5411463336535
1782.0, 73.7067733638182
1783.0, 79.45687704299723
1784.0, 72.03242617255361
1785.0, 69.3430656934307
1786.0, 75.40106951871661
1787.0, 76.86915887850469
1788.0, 76.69979079497912
1789.0, 75.2219531880549
1790.0, 64.61152882205515
1791.0, 63.70150728935012
1792.0, 58.638868919242704
1793.0, 53.59176522120018
1794.0, 58.71522913748252
1795.0, 64.21271763815294
1796.0, 59.32304038004751
1797.0, 54.03712815924849
1798.0, 58.07303123625162
1799.0, 55.82901554404143
1800.0, 43.182449319633456
1801.0, 48.9859594383775
1802.0, 38.54604955586723
1803.0, 41.54295996401262
1804.0, 53.62956445226571
1805.0, 55.20833333333334
1806.0, 61.01925254813141
1807.0, 70.57898873460837
1808.0, 61.56206415620639
1809.0, 59.8016336056009
1810.0, 49.64882538144829
1811.0, 44.66230936819173
1812.0, 46.54882154882155
1813.0, 52.84872298624755
1814.0, 46.63117312281989
1815.0, 44.438073394495426
1816.0, 49.10242872228088
1817.0, 43.89186958316134
1818.0, 37.06018518518519
1819.0, 37.077350625289476
1820.0, 25.14958863126401
1821.0, 24.75156422524843
1822.0, 37.91093117408907
1823.0, 32.054708379185655
1824.0, 40.845311430527026
1825.0, 46.766169154228855
1826.0, 41.135531135531124
1827.0, 42.71965781500623
1828.0, 40.42158516020237
1829.0, 37.420095066382544
1830.0, 36.05495893872394
1831.0, 36.7100820067535
1832.0, 36.37245392822501
1833.0, 43.86697379786928
1834.0, 56.03230691569914
1835.0, 60.52975801177241
1836.0, 47.78386014479957
1837.0, 52.464381979206784
1838.0, 46.09268954818694
1839.0, 40.90560245587107
1840.0, 41.96850393700789
1841.0, 33.62416107382555
1842.0, 49.659064189983546
1843.0, 53.796365446850864
1844.0, 44.76900766521648
1845.0, 44.815429282455426
1846.0, 40.42149231061327
1847.0, 52.87580717825499
1848.0, 48.50209706411025
1849.0, 42.642463919059665
1850.0, 49.481391092129364
1851.0, 48.723372110590724
1852.0, 55.518684172558075
1853.0, 56.28199502705863
1854.0, 54.496530236510395
1855.0, 53.623188405797094
1856.0, 47.618347544839736
1857.0, 46.22518475583248
1858.0, 54.14120841819416
1859.0, 55.67190226876089
1860.0, 53.21100917431193
1861.0, 26.68583376894931
1862.0, 33.41307814992028
1863.0, 38.44339622641506
1864.0, 27.625298329355587
1865.0, 25.17672648178356
1866.0, 9.534298300818051
1867.0, 9.8536585365853
1868.0, 10.92285508291269
1869.0, 33.53242320819113
1870.0, 36.857915289876814
1871.0, 37.454212454212445
1872.0, 34.340890008396286
1873.0, 32.69384492406073
1874.0, 53.468961919666114
1875.0, 56.134743053848034
1876.0, 57.523809523809504
1877.0, 57.62470308788602
1878.0, 62.03017131168496
1879.0, 69.59345002823264
1880.0, 62.54757675716822
1881.0, 58.74642516682551
1882.0, 61.3207547169811
1883.0, 57.65920826161786
1884.0, 60.0371315850545
1885.0, 60.16279069767439
1886.0, 64.59425717852682
1887.0, 68.62185310147936
1888.0, 56.39516878290491
1889.0, 52.51172136637644
1890.0, 43.332128659197714
1891.0, 46.172330930312356
1892.0, 54.494047619047606
1893.0, 52.42832065535395
1894.0, 63.90977443609019
1895.0, 75.88881706528763
1896.0, 74.22252937111261
1897.0, 80.20695144600687
1898.0, 80.89628681177973
1899.0, 83.87490838016119
1900.0, 89.26048045219024
1901.0, 86.9352585002328
1902.0, 91.69724770642198
1903.0, 92.41706161137434
1904.0, 88.28977155793369
1905.0, 88.18030743664309
1906.0, 87.24501232907416
1907.0, 89.39087435378735
1908.0, 89.0841813135985
1909.0, 87.15041572184427
1910.0, 73.47910803204155
1911.0, 64.18128654970758
1912.0, 29.631490787269698
1913.0, 31.490541422048267
1914.0, 27.506471095772227
1915.0, 24.9843260188088
1916.0, 21.363124899533858
1917.0, 22.2010178117048
1918.0, 29.528110886154778
1919.0, 25.84770969660913
1920.0, 22.497897392767015
1921.0, 23.49522623495224
1922.0, 24.208361891706602
1923.0, 23.919815793038012
1924.0, 31.01604278074865
1925.0, 34.24547283702212
1926.0, 60.51660516605166
1927.0, 58.148631029986966
1928.0, 49.784442361761954
1929.0, 58.41522057286221
1930.0, 54.79505785448128
1931.0, 51.75805776475515
1932.0, 46.45760743321719
1933.0, 53.59838953195774
1934.0, 60.40839478162219
1935.0, 65.52235119782657
1936.0, 55.417754569190606
1937.0, 61.83766620361183
1938.0, 62.91939838025452
1939.0, 53.91560353287537
1940.0, 46.175024582104236
1941.0, 39.16234114909613
1942.0, 44.444444444444436
1943.0, 42.75286757038582
1944.0, 46.36959963809092
1945.0, 43.296750591779634
1946.0, 50.507137490608585
1947.0, 57.866965142308906
1948.0, 60.57125116423473
1949.0, 56.61086436624531
1950.0, 67.18831507563903
1951.0, 64.2884178652536
1952.0, 56.127744510978054
1953.0, 63.435759950505265
1954.0, 70.75232459847844
1955.0, 81.55907429963456
1956.0, 83.18012422360249
1957.0, 84.26886792452827
1958.0, 85.3733459357278
1959.0, 91.1161161161161
1960.0, 89.47836395969175
1961.0, 84.97036409822184
1962.0, 74.50302506482282
1963.0, 65.35496957403655
1964.0, 50.21296734500711
1965.0, 54.34027777777776
1966.0, 71.67431192660551
1967.0, 75.6330154554423
1968.0, 72.24795154969712
1969.0, 75.11705685618725
1970.0, 72.14905236106652
1971.0, 70.45996592844975
1972.0, 70.35897435897436
1973.0, 63.023905619372755
1974.0, 59.37214263943921
1975.0, 67.58268482490269
1976.0, 76.21317157712303
1977.0, 78.22993106515446
1978.0, 83.09523809523799
1979.0, 82.54358515869461
1980.0, 81.64943609022546
1981.0, 78.75408052230675
1982.0, 79.90262374898566
1983.0, 75.55923777961881
1984.0, 77.44126804415504
1985.0, 79.83809764735639
1986.0, 75.94752186588907
1987.0, 89.14071416924828
1988.0, 91.77264876746732
1989.0, 90.14340170629869
1990.0, 83.02887448438415
1991.0, 86.68025194516485
1992.0, 86.61578555472822
1993.0, 80.66595059076255
1994.0, 80.59996407400749
1995.0, 70.48784414748025
1996.0, 69.1593274619695
1997.0, 74.08859840232385
1998.0, 68.57104449522781
1999.0, 67.29612533221425
2000.0, 69.20757967269594
2001.0, 51.591429165799866
2002.0, 49.53372370418565
2003.0, 63.67070675271523
2004.0, 64.14525848398347
2005.0, 65.11340842462576
2006.0, 63.449725185903574
2007.0, 68.08867987907287
2008.0, 66.80062904071289
2009.0, 60.24267254963751
2010.0, 57.16208133971295
2011.0, 54.61026615969582
2012.0, 52.20354384370738
2013.0, 56.85577580314421
2014.0, 57.6773501408073
2015.0, 60.5203770078322
2016.0, 59.68550901450455
2017.0, 46.34274688651113
2018.0, 54.56028715940607
2019.0, 48.700483957698545
2020.0, 48.03748231966059
2021.0, 52.22691807542263
2022.0, 48.609124145604795
2023.0, 62.29441624365487
2024.0, 68.79526003949964
2025.0, 69.20077972709547
2026.0, 79.95495495495491
2027.0, 66.05557146949292
2028.0, 64.88888888888883
2029.0, 65.55232558139534
2030.0, 56.74643584521387
2031.0, 56.07547169811317
2032.0, 37.62010347376206
2033.0, 34.49288457194491
2034.0, 30.761482675261874
2035.0, 19.54919809276116
2036.0, 19.203747072599555
2037.0, 17.37098344693274
2038.0, 14.300572022880843
2039.0, 13.717277486911115
2040.0, 12.874692874692983
2041.0, 17.016983352951172
2042.0, 15.511760966306497
2043.0, 25.52535724292521
2044.0, 26.337091644984113
2045.0, 29.38833570412521
2046.0, 28.734353268428393
2047.0, 37.169329931516046
2048.0, 39.35172021609328
2049.0, 39.95381062355656
2050.0, 48.241893555890016
2051.0, 52.158944197389204
2052.0, 61.412247289774385
2053.0, 59.414483821263445
2054.0, 66.11640571817563
2055.0, 54.57121551081283
2056.0, 58.43730505302558
2057.0, 47.29407448174646
2058.0, 39.46119699984693
2059.0, 46.13184418414603
2060.0, 57.82761037140852
2061.0, 54.84016208914899
2062.0, 61.41267005634188
2063.0, 59.97047772410092
2064.0, 53.704775687409544
2065.0, 53.79838243789718
2066.0, 49.686422075885865
2067.0, 55.005608524957964
2068.0, 54.879077615298044
2069.0, 64.23633969716913
2070.0, 67.05079605761934
2071.0, 68.43082636954506
2072.0, 84.58301453710783
2073.0, 77.00571428571428
2074.0, 74.33018627200815
2075.0, 73.49841938883034
2076.0, 73.21618743343983
2077.0, 80.69970845481052
2078.0, 86.16625310173703
2079.0, 86.68656716417914
2080.0, 88.87471293697388
2081.0, 81.24422543886672
2082.0, 70.88163925586426
2083.0, 73.96319018404918
2084.0, 71.01884730947837
2085.0, 74.95554991109984
2086.0, 61.084661560753474
2087.0, 59.918781725888316
2088.0, 62.95045045045048
2089.0, 57.25621583494976
2090.0, 49.09632571996026
2091.0, 53.3745679461524
2092.0, 46.26582278481011
2093.0, 35.370370370370324
2094.0, 29.720527734430362
2095.0, 26.05073364834614
2096.0, 30.045988758303466
2097.0, 35.110795117904956
2098.0, 32.43179955508721
2099.0, 26.08930112165659
2100.0, 39.73269788644839
2101.0, 41.213411389036736
2102.0, 35.910730387736706
2103.0, 40.65510597302509
2104.0, 43.341485104490886
2105.0, 42.64656239450887
2106.0, 46.83059434078835
2107.0, 58.759712652103794
2108.0, 58.62220272049145
2109.0, 71.62116040955628
2110.0, 71.52884780003421
2111.0, 67.76507075014534
2112.0, 72.34128588758591
2113.0, 91.0896130346232
2114.0, 86.27989023912187
2115.0, 86.57460682777133
2116.0, 76.07010448264236
2117.0, 76.63705166173082
2118.0, 56.945228684359066
2119.0, 50.975534221121016
2120.0, 57.1111111111111
2121.0, 46.95963208993359
2122.0, 55.02370738315644
2123.0, 51.524180609672186
2124.0, 49.98817687396542
2125.0, 44.67609828741624
2126.0, 36.78013273389002
2127.0, 41.1728772144166
2128.0, 40.076798706548146
2129.0, 38.777185063602815
2130.0, 48.80382775119623
2131.0, 36.76874754613268
2132.0, 34.557195571955745
2133.0, 34.26637394804247
2134.0, 32.347957070231615
2135.0, 36.48059763436401
2136.0, 25.613259668508263
2137.0, 21.80210684725357
2138.0, 19.87565938206484
2139.0, 20.7695252679938
2140.0, 22.85172704296538
2141.0, 17.42914528007141
2142.0, 29.191090269636604
2143.0, 26.38643588837867
2144.0, 28.910114275967942
2145.0, 37.086948495477245
2146.0, 55.50539744847891
2147.0, 57.40448995667588
2148.0, 58.63453815261044
2149.0, 61.04106628242076
2150.0, 64.71705279149259
2151.0, 61.81752222020678
2152.0, 63.48600508905849
2153.0, 66.33713136729224
2154.0, 69.31521170935702
2155.0, 70.06424726515017
2156.0, 68.5056631348191
2157.0, 78.86016023306627
2158.0, 78.43210105888907
2159.0, 69.45086191576328
2160.0, 61.91621567448384
2161.0, 75.07869884575022
2162.0, 74.8077433041633
2163.0, 78.09293208808944
2164.0, 79.73117132494129
2165.0, 85.45620855248116
2166.0, 85.3977729307772
2167.0, 80.23806772217726
2168.0, 72.66239899254909
2169.0, 68.71122673604165
2170.0, 69.63782891542871
2171.0, 69.99040307101728
2172.0, 70.48607833883908
2173.0, 74.58197289007619
2174.0, 72.90135396518383
2175.0, 66.5352920100323
2176.0, 69.70810810810818
2177.0, 61.96372732958106
2178.0, 60.185912542550476
2179.0, 67.64705882352945
2180.0, 68.71647748534369
2181.0, 70.83708370837091
2182.0, 76.87691878314268
2183.0, 81.71165826164352
2184.0, 80.55818353831609
2185.0, 70.53457106274017
2186.0, 68.20379965457695
2187.0, 68.35682365073919
2188.0, 77.37793278376671
2189.0, 70.20588735749533
2190.0, 61.7609797297298
2191.0, 58.41821449970039
2192.0, 57.49285422621479
2193.0, 51.693735498839914
2194.0, 52.84258210645531
2195.0, 61.417161580995305
2196.0, 65.56918442005596
2197.0, 69.12006578947366
2198.0, 67.46100519930675
2199.0, 68.42452208305862
2200.0, 59.09562331466502
2201.0, 64.1193595342067
2202.0, 57.836219799016426
2203.0, 66.54486398700774
2204.0, 70.79271657163873
2205.0, 79.81273408239707
2206.0, 77.46424429841518
2207.0, 71.24300920079376
2208.0, 54.968847352024916
2209.0, 55.24767801857588
2210.0, 55.045871559633035
2211.0, 59.15512856739191
2212.0, 60.06906077348065
2213.0, 57.924880127863595
2214.0, 57.29152944276117
2215.0, 53.47969579566653
2216.0, 52.12537569772432
2217.0, 48.67270216357218
2218.0, 42.258326563769316
2219.0, 39.33082963468758
2220.0, 36.711281070745684
2221.0, 49.25544100801833
2222.0, 60.93532684283733
2223.0, 57.723424270931325
2224.0, 54.339689894849435
2225.0, 51.10687022900763
2226.0, 46.05038833112335
2227.0, 62.61699394384298
2228.0, 68.19908055166908
2229.0, 70.2059925093634
2230.0, 60.575214089513736
2231.0, 60.195758564437256
2232.0, 65.35176269607086
2233.0, 62.95384615384619
2234.0, 70.92632222561916
2235.0, 57.059110893991274
2236.0, 63.2729805013928
2237.0, 60.28208744710863
2238.0, 50.73599240265904
2239.0, 40.54827700099085
2240.0, 41.5079454524963
2241.0, 33.26357257170994
2242.0, 32.92311441452418
2243.0, 24.823410696266393
2244.0, 26.758520667150094
2245.0, 26.44738439130964
2246.0, 20.050700144857586
2247.0, 22.68201991123904
2248.0, 16.39604443901841
2249.0, 16.155419222903845
2250.0, 3.1765018607123494
2251.0, 3.17945989091389
2252.0, 12.238852510134038
2253.0, 25.387629919918254
2254.0, 23.029366306027853
2255.0, 29.393398751115072
2256.0, 34.52346254736227
2257.0, 56.642527978933515
2258.0, 58.245329000812376
2259.0, 58.245329000812376
2260.0, 58.095881161377434
2261.0, 55.333605109389836
2262.0, 61.79313998145939
2263.0, 69.13616832123273
2264.0, 72.78744035708783
2265.0, 76.5052259679081
2266.0, 75.06639587564442
2267.0, 66.21447028423768
2268.0, 70.20547945205477
2269.0, 71.38157894736841
2270.0, 59.845384265575255
2271.0, 43.66227137388341
2272.0, 44.807442665512724
2273.0, 44.526020297991735
2274.0, 44.33455170930981
2275.0, 42.59450526750672
2276.0, 29.06930693069306
2277.0, 28.219915417147234
2278.0, 32.2568940493468
2279.0, 41.5466499686913
2280.0, 36.221385105766416
2281.0, 43.814729574223236
2282.0, 48.762340821290586
2283.0, 37.85119299731753
2284.0, 46.809806608801544
2285.0, 44.10867354351299
2286.0, 55.438433916367444
2287.0, 47.674071122621775
2288.0, 54.33032207384131
2289.0, 59.463557956591806
2290.0, 65.41907226756919
2291.0, 67.24155219091548
2292.0, 56.671140939597315
2293.0, 47.03497690204583
2294.0, 51.09178934887859
2295.0, 49.01112484548825
2296.0, 41.8985894014487
2297.0, 41.31967290158848
2298.0, 39.417758369723444
2299.0, 40.57942057942059
2300.0, 31.36395107315947
2301.0, 44.49079754601229
2302.0, 41.45205124886761
2303.0, 42.14093873896917
2304.0, 37.6318432948267
2305.0, 34.914634146341456
2306.0, 37.08068902991839
2307.0, 42.90110504965728
2308.0, 42.498943513170815
2309.0, 43.874604702323666
2310.0, 49.90616202690022
2311.0, 62.51886634244505
2312.0, 62.26574371095731
2313.0, 65.5478150728309
2314.0, 65.20626798848737
2315.0, 61.322431567721296
2316.0, 58.748355572260806
2317.0, 59.60618329039382
2318.0, 56.72504378283711
2319.0, 56.408916753744286
2320.0, 61.02110022607382
2321.0, 62.50453062703875
2322.0, 63.458141999293495
2323.0, 50.221610881858446
2324.0, 53.01697045883092
2325.0, 49.028298670303464
2326.0, 53.57863685763079
2327.0, 51.53970826580224
2328.0, 48.43588862151941
2329.0, 50.60915377016791
2330.0, 50.61748723859709
2331.0, 39.42931258106351
2332.0, 45.037037037037024
2333.0, 53.623494612296604
2334.0, 68.64389445694415
2335.0, 70.58146229130682
2336.0, 70.9714069305056
2337.0, 92.13943950786059
2338.0, 86.05612355884277
2339.0, 77.76454238634112
2340.0, 77.71587743732594
2341.0, 76.88338493292059
2342.0, 80.18918436551849
2343.0, 69.54305799648502
2344.0, 71.72766238048136
2345.0, 75.62415654520919
2346.0, 76.26888473943299
2347.0, 67.01132447070407
2348.0, 62.969786293294014
2349.0, 36.32669646485172
2350.0, 44.07566024268379
2351.0, 38.52848101265825
2352.0, 41.563458697875255
2353.0, 41.34267631103074
2354.0, 38.258386866523914
2355.0, 35.777060852152644
2356.0, 34.278233151184
2357.0, 39.94169096209912
2358.0, 35.305765870704704
2359.0, 34.17423081457031
2360.0, 33.836964160224895
2361.0, 35.98206501432311
2362.0, 34.144515162860316
2363.0, 44.257521837593
2364.0, 28.550694588430375
2365.0, 32.263355201499465
2366.0, 35.4687499999999
2367.0, 40.3380423814329
2368.0, 34.009797060881766
2369.0, 39.52611739364566
2370.0, 35.97491448118579
2371.0, 24.788073662671763
2372.0, 25.798600547611784
2373.0, 17.981340118744697
2374.0, 17.20779220779218
2375.0, 28.663677130044846
2376.0, 27.81065088757397
2377.0, 32.198267177110594
2378.0, 28.326792722083496
2379.0, 32.25578519696167
2380.0, 29.620113782345427
2381.0, 29.594272076372334
2382.0, 39.08565233104441
2383.0, 41.52645273200344
2384.0, 36.362013566583364
2385.0, 42.79151943462895
2386.0, 47.018921813638016
2387.0, 58.44242289771461
2388.0, 62.50880902043689
2389.0, 57.530601383714675
2390.0, 62.666666666666586
2391.0, 72.09677419354844
2392.0, 85.10808646917535
2393.0, 84.0980336278142
2394.0, 84.01146131805159
2395.0, 86.38692363991217
2396.0, 71.61676646706584
2397.0, 63.82632923148365
2398.0, 59.207409002799864
2399.0, 52.88590604026848
2400.0, 43.08308308308306
2401.0, 48.15976578837304
2402.0, 47.01507952902291
2403.0, 41.76118787378841
2404.0, 42.202210397052795
2405.0, 24.745762711864273
2406.0, 21.974522292993598
2407.0, 29.408374951978487
2408.0, 24.899521531100405
2409.0, 18.301061836352247
2410.0, 18.157405494732473
2411.0, 22.3496321938555
2412.0, 10.181352257047124
2413.0, 18.22691777675702
2414.0, 30.489570029799935
2415.0, 28.117058775309474
2416.0, 27.506014434643177
2417.0, 28.3183673469388
2418.0, 28.330068560235105
2419.0, 31.23649659298657
2420.0, 30.867137460995266
2421.0, 28.682761541719614
2422.0, 26.629964608729864
2423.0, 24.256936526035744
2424.0, 25.709035711432477
2425.0, 25.82755045066604
2426.0, 57.470511140235914
2427.0, 52.17391304347828
2428.0, 41.25633598841418
2429.0, 55.35261288685949
2430.0, 65.78237410071947
2431.0, 56.699687174139726
2432.0, 57.76223776223775
2433.0, 57.611330866402994
2434.0, 59.18982695332984
2435.0, 64.29636426195665
2436.0, 66.6825264660402
2437.0, 71.42311122435977
2438.0, 74.85426008968608
2439.0, 74.82321248176
2440.0, 70.9200719609355
2441.0, 71.65936130244208
2442.0, 71.8287065853355
2443.0, 60.856269113149864
2444.0, 54.15002219263205
2445.0, 65.71808953236815
2446.0, 68.2098765432099
2447.0, 67.33269901680941
2448.0, 70.46133421838704
2449.0, 62.029459901800365
2450.0, 74.84571710688721
2451.0, 76.29592350276798
2452.0, 69.39571150097468
2453.0, 64.4982020268061
2454.0, 65.35586610334732
2455.0, 52.2246087756981
2456.0, 44.34724091520868
2457.0, 70.23599859105302
2458.0, 65.9173553719007
2459.0, 72.34442060085819
2460.0, 66.47154471544707
2461.0, 66.98687159782247
2462.0, 70.54285714285695
2463.0, 71.68989547038316
2464.0, 59.37950937950936
2465.0, 46.20999438517688
2466.0, 39.90494631226894
2467.0, 36.48800901335914
2468.0, 35.01963864886093
2469.0, 36.05629246198639
2470.0, 50.373230373230385
2471.0, 51.799999999999976
2472.0, 56.04488416988415
2473.0, 54.88544891640868
2474.0, 56.594781365423565
2475.0, 56.744241272856776
2476.0, 55.469991443588825
2477.0, 56.771268345066204
2478.0, 59.311892296185476
2479.0, 62.30195102789056
2480.0, 60.10611419909045
2481.0, 58.908010399900945
2482.0, 51.06794032413869
2483.0, 51.01865751662022
2484.0, 46.02386860451375
2485.0, 38.13959423248691
2486.0, 33.25314087142475
2487.0, 25.458066438254093
2488.0, 18.874032371569257
2489.0, 16.441032798325168
2490.0, 19.486282947821323
2491.0, 15.219814241486006
2492.0, 15.531404018703327
2493.0, 29.659294680215154
2494.0, 31.50876301752602
2495.0, 39.43100239298055
2496.0, 48.68680236375571
2497.0, 49.37572831696352
2498.0, 46.78915135608051
2499.0, 46.56103082012889
2500.0, 53.02908565000806
2501.0, 60.22665210267618
2502.0, 63.10443490701002
2503.0, 70.1696632058749
2504.0, 69.4264209706722
2505.0, 72.95786172098728
2506.0, 73.4587395304133
2507.0, 64.62703043683959
2508.0, 70.78120231919438
2509.0, 72.58410880458125
2510.0, 71.9250957582636
2511.0, 74.72145854434959
2512.0, 71.97887542715127
2513.0, 75.63517915309443
2514.0, 74.89511663030707
2515.0, 71.2694449779143
2516.0, 77.29639658404504
2517.0, 63.406242319980365
2518.0, 61.46480331262944
2519.0, 74.16280267903142
2520.0, 66.65894883074787
2521.0, 69.98055420515313
2522.0, 58.90652557319224
2523.0, 34.70832316329019
2524.0, 38.895389655979415
2525.0, 30.026809651474522
2526.0, 31.641961231470844
2527.0, 40.95535128036771
2528.0, 33.07518554372378
2529.0, 29.20293565454857
2530.0, 30.116810563737886
2531.0, 36.63551401869158
2532.0, 39.12830558276199
2533.0, 38.82874015748037
2534.0, 43.164946586999804
2535.0, 37.75138558986542
2536.0, 38.15620998719593
2537.0, 55.42206765728738
2538.0, 49.409984871406934
2539.0, 62.40196078431368
2540.0, 54.138181818181835
2541.0, 48.66492999023119
2542.0, 51.58784949948226
2543.0, 53.36658354114716
2544.0, 50.29614214823114
2545.0, 45.032573289902274
2546.0, 47.90862787467201
2547.0, 48.59101294744857
2548.0, 47.95949214026605
2549.0, 56.51579846285227
2550.0, 61.87446259673262
2551.0, 49.02970297029704
2552.0, 44.0804700017803
2553.0, 39.919663351185946
2554.0, 45.369565217391276
2555.0, 41.13858300436316
2556.0, 46.227765283173184
2557.0, 47.80710458424287
2558.0, 50.09357454772302
2559.0, 56.78636640292146
2560.0, 45.072434197102666
2561.0, 33.23256751309955
2562.0, 33.367057871307125
2563.0, 37.8679245283019
2564.0, 33.95256916996048
2565.0, 38.185959826051
2566.0, 50.23646873357857
2567.0, 39.48497854077252
2568.0, 52.87907869481769
2569.0, 47.971443496430474
2570.0, 43.38067683675258
2571.0, 46.628099173553714
2572.0, 46.05714285714289
2573.0, 45.07978723404256
2574.0, 53.44651952461798
2575.0, 61.65943600867678
2576.0, 59.45616175701586
2577.0, 51.27438917208651
2578.0, 46.957501609787506
2579.0, 48.248782786241506
2580.0, 47.85567336603892
2581.0, 54.72582972582973
2582.0, 43.921993499458274
2583.0, 54.58115183246077
2584.0, 58.488469019171994
2585.0, 36.84068891280941
2586.0, 39.96728462377309
2587.0, 33.91528334287344
2588.0, 30.030303030303045
2589.0, 36.70504385964912
2590.0, 39.440353460972034
2591.0, 42.87544028178032
2592.0, 41.32716049382719
2593.0, 45.40493968983342
2594.0, 43.6399217221135
2595.0, 51.50348809237431
2596.0, 51.52827918170874
2597.0, 57.30337078651687
2598.0, 57.64458464773927
2599.0, 58.71893744644387
2600.0, 59.711478151787595
2601.0, 62.9327902240326
2602.0, 47.411353421008826
2603.0, 37.857505500084606
2604.0, 39.92146596858641
2605.0, 39.86276752164681
2606.0, 45.401459854014625
2607.0, 38.363920343615824
2608.0, 35.59137837348311
2609.0, 27.884810383289533
2610.0, 37.54486719310847
2611.0, 36.00588451636631
2612.0, 37.87932881113889
2613.0, 41.469611100254106
2614.0, 38.6326860841424
2615.0, 32.75356654289624
2616.0, 39.67803030303031
2617.0, 43.66857738405424
2618.0, 38.28957629321545
2619.0, 38.16062176165801
2620.0, 31.44307149161513
2621.0, 30.84415584415585
2622.0, 43.65279529213955
2623.0, 45.00512820512817
2624.0, 40.79063604240287
2625.0, 38.42443729903542
2626.0, 34.37574034588964
2627.0, 41.2000944956296
2628.0, 40.539284053928405
2629.0, 44.66069142125478
2630.0, 43.04047384007897
2631.0, 45.37941397445529
2632.0, 44.91819533961331
2633.0, 38.13933908650807
2634.0, 49.12883998165978
2635.0, 55.520361990950214
2636.0, 52.69489894128967
2637.0, 47.75397373876986
2638.0, 37.71871539313396
2639.0, 25.94665174407757
2640.0, 22.739905182278875
2641.0, 16.106791843919595
2642.0, 14.58748505380629
2643.0, 22.34454391483179
2644.0, 29.680144840072387
2645.0, 32.08207041268362
2646.0, 32.27016885553472
2647.0, 30.92829849404363
2648.0, 28.066311152330172
2649.0, 26.905406997290598
2650.0, 22.566055701023572
2651.0, 28.002785192062234
2652.0, 29.636452959960707
2653.0, 34.11565106743957
2654.0, 39.883391112511845
2655.0, 42.015272244355955
2656.0, 48.2554814108675
2657.0, 47.064560171640395
2658.0, 41.30622837370242
2659.0, 34.81681276691387
2660.0, 43.017113881259235
2661.0, 46.136415137094936
2662.0, 41.97072768501337
2663.0, 35.99458728010828
2664.0, 37.1879368883563
2665.0, 26.10636645962731
2666.0, 33.92257380236872
2667.0, 40.85899513776337
2668.0, 44.11088987593807
2669.0, 58.517899428889805
2670.0, 63.99607987259584
2671.0, 57.42685671417851
2672.0, 59.71844315627588
2673.0, 63.585972850678736
2674.0, 61.462947444032075
2675.0, 69.4722598105548
2676.0, 73.95563238259868
2677.0, 78.22642084412614
2678.0, 80.25934401220447
2679.0, 89.29357953582928
2680.0, 86.40544518027967
2681.0, 85.3634383046148
2682.0, 75.42306178669821
2683.0, 70.687632011265
2684.0, 65.11173184357546
2685.0, 72.32392181197648
2686.0, 56.184419713831545
2687.0, 60.16189650187923
2688.0, 56.06142241379316
2689.0, 57.492832942402984
2690.0, 66.93834900731459
2691.0, 70.97860538827263
2692.0, 68.88578831971296
2693.0, 68.99702085402183
2694.0, 72.85794287847675
2695.0, 63.21563249914296
2696.0, 68.6394937651219
2697.0, 67.56496631376322
2698.0, 51.32858068697343
2699.0, 54.10589727330374
2700.0, 60.85472863178418
2701.0, 50.69173465767999
2702.0, 60.32967032967032
2703.0, 60.58337232880983
2704.0, 55.72104433152266
2705.0, 56.02923264311812
2706.0, 54.081289889150185
2707.0, 52.996845425867534
2708.0, 50.0
2709.0, 57.29686564184468
2710.0, 56.4183212109298
2711.0, 54.58828349037278
2712.0, 65.65656565656562
2713.0, 63.450445726271624
2714.0, 54.31841831425597
2715.0, 46.420631391729714
2716.0, 26.293206197854587
2717.0, 20.643313505177417
2718.0, 13.813813813813894
2719.0, 4.977777777777845
2720.0, 11.69148699711053
2721.0, 20.475995075913062
2722.0, 17.15234230911112
2723.0, 15.32507739938086
2724.0, 18.90429489347322
2725.0, 25.953373475374434
2726.0, 35.025687518887906
2727.0, 34.46840148698888
2728.0, 35.93241357929007
2729.0, 42.82560706401766
2730.0, 46.75637678248645
2731.0, 48.198757763975166
2732.0, 43.90795926065642
2733.0, 45.62916503332029
2734.0, 36.95057450300934
2735.0, 25.694444444444443
2736.0, 25.500492287495902
2737.0, 26.659804426145172
2738.0, 31.872509960159363
2739.0, 20.484171322160137
2740.0, 35.33568904593636
2741.0, 32.717924748773044
2742.0, 30.45795714130314
2743.0, 37.68398479383955
2744.0, 36.70020884754129
2745.0, 42.16944801026959
2746.0, 44.017993874425734
2747.0, 48.656795815231824
2748.0, 50.21961932650071
2749.0, 57.573713624975916
2750.0, 67.58513127112036
2751.0, 68.5990338164251
2752.0, 61.45169622868949
2753.0, 68.6159169550173
2754.0, 60.32783483763875
2755.0, 59.63490924007796
2756.0, 60.35914469586881
2757.0, 59.19871794871795
2758.0, 61.86223065758624
2759.0, 57.97660677679971
2760.0, 61.38776541961577
2761.0, 59.11949685534591
2762.0, 65.33418204964991
2763.0, 64.14746543778803
2764.0, 53.508622161516094
2765.0, 56.90091801202913
2766.0, 56.569630212431164
2767.0, 57.202667080167444
2768.0, 60.37094281298306
2769.0, 71.00491442128452
2770.0, 79.2877225866917
2771.0, 78.03617571059434
2772.0, 76.39618602841027
2773.0, 79.77726710270463
2774.0, 80.550833049983
2775.0, 80.25543665861237
2776.0, 67.59402369912416
2777.0, 68.01152737752162
2778.0, 66.08856709883818
2779.0, 68.61950763477718
2780.0, 71.31983805668017
2781.0, 62.555614878092165
2782.0, 64.11393484564213
2783.0, 67.02711173797208
2784.0, 66.21347085482105
2785.0, 64.48168227369806
2786.0, 68.16333170652345
2787.0, 55.68778979907262
2788.0, 58.029571073049325
2789.0, 59.9860432658758
2790.0, 70.71960297766748
2791.0, 71.03504704759305
2792.0, 69.54606141522032
2793.0, 68.89404063821084
2794.0, 71.38618058499358
2795.0, 74.94817885697367
2796.0, 74.46423181406578
2797.0, 66.36684869900415
2798.0, 66.0485933503836
2799.0, 66.56697623170152
2800.0, 68.64944649446494
2801.0, 82.05734555128579
2802.0, 80.19898874571844
2803.0, 77.8991443655561
2804.0, 77.37607156168463
2805.0, 76.83206106870222
2806.0, 81.66765227675921
2807.0, 67.16118684843619
2808.0, 74.8688902873925
2809.0, 65.71270310192023
2810.0, 66.67862910461153
2811.0, 71.91661841343372
2812.0, 67.90595954073268
2813.0, 67.34050445103858
2814.0, 64.7094188376754
2815.0, 50.929774666374975
2816.0, 43.54657687991021
2817.0, 47.585967349774236
2818.0, 43.56768885564693
2819.0, 36.81874667140064
2820.0, 43.54378172588831
2821.0, 44.44624352331604
2822.0, 42.58701472556889
2823.0, 43.22350543478256
2824.0, 43.16558993539608
2825.0, 39.015735883986395
2826.0, 42.0169436298468
2827.0, 38.45906385716584
2828.0, 36.97908087629706
2829.0, 42.17534151824308
2830.0, 56.76539885560417
2831.0, 55.08741258741261
2832.0, 54.04293381037573
2833.0, 62.60372487553017
2834.0, 58.9390564891679
2835.0, 69.53503050704823
2836.0, 70.2730445493739
2837.0, 81.03373702422154
2838.0, 82.47402078337336
2839.0, 94.64285714285721
2840.0, 94.94126563092087
2841.0, 99.4048799841301
2842.0, 94.6386946386947
2843.0, 78.66151000504458
2844.0, 73.44056492742253
2845.0, 66.03702304495658
2846.0, 66.8510324483776
2847.0, 62.21541993495316
2848.0, 64.30507861919395
2849.0, 60.50870147255696
2850.0, 57.15634441087618
2851.0, 52.37357101336948
2852.0, 24.714420104824555
2853.0, 14.676850763807252
2854.0, 13.36356043431563
2855.0, 20.616972225271667
2856.0, 29.81310289389063
2857.0, 32.933732933732884
2858.0, 30.134064594759266
2859.0, 32.82179768243027
2860.0, 31.330701099135652
2861.0, 40.35455585207776
2862.0, 37.0485866613017
2863.0, 43.18349299926306
2864.0, 45.76702737110122
2865.0, 47.991714697406344
2866.0, 67.74549466715703
2867.0, 85.30834340991534
2868.0, 83.66466327631375
2869.0, 82.55431204739958
2870.0, 77.21195438458514
2871.0, 79.11881001694603
2872.0, 85.93047034764834
2873.0, 84.68335787923426
2874.0, 82.47120418848172
2875.0, 78.70770796235064
2876.0, 74.93827160493825
2877.0, 68.11184417216468
2878.0, 50.55463117027176
2879.0, 49.013440091506965
2880.0, 49.590048063330556
2881.0, 52.7431751921548
2882.0, 54.73965287049405
2883.0, 46.01889338731443
2884.0, 49.73558963511365
2885.0, 43.724475905254614
2886.0, 44.77279063284084
2887.0, 47.03956343792626
2888.0, 44.53629553087057
2889.0, 37.167105648229445
2890.0, 43.02662037037039
2891.0, 47.78573322726065
2892.0, 64.42535545023694
2893.0, 67.3019330247754
2894.0, 62.1869782971619
2895.0, 59.420722603762314
2896.0, 53.53675450762823
2897.0, 63.4178905206943
2898.0, 63.98527865404839
2899.0, 62.84533953008002
2900.0, 71.8216840946615
2901.0, 76.37286571296724
2902.0, 81.9509779648428
2903.0, 83.37135036496352
2904.0, 75.87728978150514
2905.0, 50.24406665544518
2906.0, 52.5369299935774
2907.0, 39.03121937561251
2908.0, 41.24317513649729
2909.0, 46.00540331918177
2910.0, 48.64364165674211
2911.0, 50.31366022276277
2912.0, 48.70814658581599
2913.0, 53.67460719716168
2914.0, 35.15455883626285
2915.0, 28.240418118466877
2916.0, 38.53862837484106
2917.0, 38.94502228826152
2918.0, 42.991943093561744
2919.0, 47.92846738954523
2920.0, 46.919079435783225
2921.0, 51.423921887713576
2922.0, 48.19592121317761
2923.0, 46.96645253390435
2924.0, 49.06161624817893
2925.0, 41.69916203434831
2926.0, 43.31071255453224
2927.0, 37.82468806403519
2928.0, 53.50205350205349
2929.0, 54.21212462040266
2930.0, 40.594473904549275
2931.0, 35.859171254708755
2932.0, 31.14014621247479
2933.0, 34.53320184089419
2934.0, 28.187016481668365
2935.0, 29.668967958930807
2936.0, 34.42559753276794
2937.0, 23.674720519293203
2938.0, 13.851538036470856
2939.0, 16.36917718763607
2940.0, 8.921694480102715
2941.0, 16.766020864381588
2942.0, 16.642011834319618
2943.0, 19.148936170212863
2944.0, 21.853916104429544
2945.0, 36.86075949367093
2946.0, 43.510758776896935
2947.0, 44.51612903225804
2948.0, 62.00723016009638
2949.0, 70.28250137136587
2950.0, 73.94806443856696
2951.0, 82.52452583387836
2952.0, 87.79920667487345
2953.0, 91.31958484971022
2954.0, 96.5925292272598
2955.0, 93.97260273972603
2956.0, 90.62717285495759
2957.0, 92.41242564441508
2958.0, 91.85136031851363
2959.0, 91.4840499306519
2960.0, 85.43199192268861
2961.0, 85.51348250143434
2962.0, 63.543639807664285
2963.0, 46.50934119960668
2964.0, 37.02488906038968
2965.0, 42.4135497529993
2966.0, 45.1797111185757
2967.0, 53.37808884445079
2968.0, 61.146268656716394
2969.0, 62.70919233567792
2970.0, 59.16475972540042
2971.0, 56.974080771549126
2972.0, 54.017602011658475
2973.0, 53.96498455200822
2974.0, 52.42329924410849
2975.0, 50.727416262546505
2976.0, 62.397072278133564
2977.0, 66.6294487090021
2978.0, 59.03614457831327
2979.0, 57.952127659574494
2980.0, 57.78371161548734
2981.0, 44.84820607175716
2982.0, 33.45050878815918
2983.0, 31.715677430994063
2984.0, 45.34511942824904
2985.0, 54.63627848891665
2986.0, 57.26439790575915
2987.0, 53.383458646616546
2988.0, 60.37807905289289
2989.0, 61.99770378874853
2990.0, 58.62341772151897
2991.0, 62.00836820083674
2992.0, 76.31996374348505
2993.0, 69.17435533475265
2994.0, 70.02530480791339
2995.0, 47.974783293932255
2996.0, 48.454091193004366
2997.0, 44.16453173925421
2998.0, 50.93183239524703
2999.0, 50.56080655324511
3000.0, 51.27811860940696
3001.0, 48.378150247196444
3002.0, 47.12998102466793
3003.0, 46.890636168691934
3004.0, 48.405453467694144
3005.0, 47.576322535539525
3006.0, 48.933030646992044
3007.0, 46.73677363399828
3008.0, 41.87192118226601
3009.0, 55.434782608695656
3010.0, 54.65939250958419
3011.0, 67.19293163383551
3012.0, 55.97402597402597
3013.0, 38.068402642829355
3014.0, 41.046622264509956
3015.0, 53.9996339007871
3016.0, 52.009873060648815
3017.0, 56.01163542340014
3018.0, 54.5798388422957
3019.0, 53.76640207354612
3020.0, 48.67829527063479
3021.0, 54.81976508707979
3022.0, 56.40758491352361
3023.0, 63.4151052733243
3024.0, 54.95978552278821
3025.0, 45.957538065622956
3026.0, 41.93737769080234
3027.0, 46.15550290760284
3028.0, 43.658810325477
3029.0, 37.39087054128212
3030.0, 50.105708245243136
3031.0, 51.782065834279265
3032.0, 51.78206583427918
3033.0, 63.24819652953786
3034.0, 65.82048957388935
3035.0, 70.99526066350708
3036.0, 76.22061482820976
3037.0, 65.96997350603473
3038.0, 64.30416068866569
3039.0, 65.99699330326635
3040.0, 66.35064578180818
3041.0, 71.11843913162954
3042.0, 74.51577536849794
3043.0, 70.54652157965518
3044.0, 71.07696001920995
3045.0, 57.80782444863127
3046.0, 51.52622740294382
3047.0, 45.983349551302865
3048.0, 41.14438502673797
3049.0, 36.20449802921398
3050.0, 37.22336299338352
3051.0, 43.08390022675738
3052.0, 51.03678104171809
3053.0, 44.36636214570155
3054.0, 42.15915414579852
3055.0, 42.98409215578719
3056.0, 36.242999756513285
3057.0, 37.650183381813584
3058.0, 36.705610476312785
3059.0, 43.984615384615374
3060.0, 61.248837929965866
3061.0, 66.08072001125011
3062.0, 72.19789842381782
3063.0, 73.86472767183422
3064.0, 66.36415201361312
3065.0, 63.86145910095797
3066.0, 61.62754303599375
3067.0, 70.286629873598
3068.0, 85.29779258642228
3069.0, 84.92419389280371
3070.0, 72.74556429486006
3071.0, 67.69361702127658
3072.0, 64.56972185924957
3073.0, 60.32438088594353
3074.0, 50.0
3075.0, 44.379115710253984
3076.0, 38.637435172088665
3077.0, 20.913745569121744
3078.0, 20.794987272371316
3079.0, 24.69135802469141
3080.0, 31.884555918227107
3081.0, 36.85300207039335
3082.0, 32.430004491690426
3083.0, 32.237237237237224
3084.0, 36.538461538461526
3085.0, 39.193136181088
3086.0, 36.089546849611835
3087.0, 50.07356547327116
3088.0, 54.010861132661006
3089.0, 46.544980443285496
3090.0, 47.84810126582277
3091.0, 63.789218235396135
3092.0, 73.88096409247419
3093.0, 75.70535305780083
3094.0, 63.59447004608299
3095.0, 62.25920789027589
3096.0, 65.57377049180329
3097.0, 56.18642781235767
3098.0, 59.24971363115691
3099.0, 61.04218362282882
3100.0, 54.53201970443349
3101.0, 45.06966773847805
3102.0, 44.69921769625032
3103.0, 52.31769361221031
3104.0, 52.325088339222624
3105.0, 51.08758700696055
3106.0, 55.91425957391191
3107.0, 37.78082480750975
3108.0, 41.434355118565634
3109.0, 43.63170786016479
3110.0, 42.51003362620675
3111.0, 45.18621007725124
3112.0, 47.93560398641992
3113.0, 41.220373171961654
3114.0, 45.015970921907694
3115.0, 51.630262741373826
3116.0, 48.40607616602481
3117.0, 47.797380668903585
3118.0, 48.494983277591956
3119.0, 45.97814207650275
3120.0, 38.718075874039165
3121.0, 56.91622103386813
3122.0, 53.23441147049015
3123.0, 44.74356789913105
3124.0, 55.91772151898734
3125.0, 56.807587204629506
3126.0, 48.025477707006374
3127.0, 60.496563954777315
3128.0, 62.41994510521507
3129.0, 51.472162740899456
3130.0, 55.749226876581425
3131.0, 46.46850286337601
3132.0, 47.764768493879714
3133.0, 48.26566281258404
3134.0, 39.42891859052238
3135.0, 36.86580606424482
3136.0, 33.45137564696253
3137.0, 41.74898314933161
3138.0, 35.15523932729609
3139.0, 35.74482078263715
3140.0, 34.70625798211981
3141.0, 23.35988753514509
3142.0, 22.98294144767155
3143.0, 23.580889309365944
3144.0, 42.034445640473606
3145.0, 46.22516556291389
3146.0, 43.01665404996214
3147.0, 49.026893135173395
3148.0, 47.60350455248236
3149.0, 49.4847131569907
3150.0, 48.73139377537208
3151.0, 48.73139377537214
3152.0, 48.125962690398765
3153.0, 57.81227745335416
3154.0, 68.78465804066542
3155.0, 78.54881266490763
3156.0, 81.63702862908309
3157.0, 82.97145645279329
3158.0, 81.23655913978487
3159.0, 81.3866666666666
3160.0, 83.28565590519
3161.0, 82.93937708565069
3162.0, 86.37617209045781
3163.0, 85.6864383180173
3164.0, 89.81319322825452
3165.0, 89.55402574079616
3166.0, 88.89065732930129
3167.0, 83.34293948126806
3168.0, 76.68728152729231
3169.0, 84.12311780336583
3170.0, 86.92321721685211
3171.0, 82.88810013076784
3172.0, 82.66136664773808
3173.0, 73.40778223695695
3174.0, 63.60054553720264
3175.0, 58.400364243436044
3176.0, 58.52625208049628
3177.0, 59.559814343464616
3178.0, 63.63781794912815
3179.0, 60.77765776886283
3180.0, 61.77443609022559
3181.0, 61.86746987951809
3182.0, 60.98613251155626
3183.0, 53.73906835623771
3184.0, 37.34590282813637
3185.0, 39.387031408308
3186.0, 40.17500000000008
3187.0, 47.83752191700756
3188.0, 58.800287356321874
3189.0, 64.07045009784738
3190.0, 56.4212328767124
3191.0, 59.69912905779881
3192.0, 46.45717806531118
3193.0, 52.10303227910007
3194.0, 42.13341724354936
3195.0, 38.26807659331234
3196.0, 30.76923076923066
3197.0, 28.799999999999926
3198.0, 26.172839506172707
3199.0, 25.119617224880272
3200.0, 11.08179419525041
3201.0, 8.041237113401948
