15.0, 29.857819905213248
16.0, 32.6857142857143
17.0, 47.82608695652174
18.0, 55.30726256983241
19.0, 50.82568807339449
20.0, 34.63414634146338
21.0, 38.10623556581989
22.0, 39.855072463768124
23.0, 44.186046511627914
24.0, 36.97104677060134
25.0, 41.51785714285718
26.0, 43.86792452830191
27.0, 39.03061224489801
28.0, 41.00529100529101
29.0, 42.00542005420057
30.0, 34.5714285714286
31.0, 28.795811518324655
32.0, 39.32853717026381
33.0, 37.442922374429266
34.0, 29.46428571428575
35.0, 24.220623501199043
36.0, 32.492113564668756
37.0, 46.365914786967394
38.0, 53.278688524590194
39.0, 55.23560209424081
40.0, 50.238095238095234
41.0, 58.56573705179282
42.0, 59.76789168278532
43.0, 57.328385899814506
44.0, 54.21052631578948
45.0, 57.9737335834897
46.0, 54.92957746478875
47.0, 60.66666666666668
48.0, 70.52401746724894
49.0, 75.84973166368518
50.0, 71.40439932318107
51.0, 67.05653021442497
52.0, 65.234375
53.0, 61.316872427983576
54.0, 67.11711711711713
55.0, 60.64690026954183
56.0, 62.56410256410258
57.0, 68.44783715012724
58.0, 79.08847184986598
59.0, 82.93838862559242
60.0, 65.09803921568628
61.0, 67.16417910447763
62.0, 31.697341513292415
63.0, 22.497308934338008
64.0, 24.78070175438596
65.0, 22.011173184357546
66.0, 21.67216721672166
67.0, 21.53005464480873
68.0, 21.53005464480873
69.0, 20.042872454447988
70.0, 16.593406593406584
71.0, 14.237288135593204
72.0, 11.846689895470405
73.0, 7.0991432068543645
74.0, 9.179415855354662
75.0, 5.080213903743314
76.0, 22.695035460992926
77.0, 27.826086956521763
78.0, 33.333333333333385
79.0, 37.9032258064516
80.0, 39.33054393305438
81.0, 39.66244725738394
82.0, 42.727272727272734
83.0, 52.195121951219505
84.0, 63.20346320346324
85.0, 57.03125000000005
86.0, 66.04938271604937
87.0, 65.18987341772149
88.0, 60.73619631901839
89.0, 75.9322033898305
90.0, 76.94805194805194
91.0, 79.42028985507244
92.0, 78.2874617737003
93.0, 81.8877551020408
94.0, 86.58823529411764
95.0, 88.88888888888894
96.0, 90.92702169625251
97.0, 91.46567717996294
98.0, 89.37007874015755
99.0, 89.90099009900993
100.0, 89.07922912205571
101.0, 89.73843058350104
102.0, 92.72349272349277
103.0, 92.75362318840584
104.0, 87.95698924731184
105.0, 87.2727272727273
106.0, 78.20512820512819
107.0, 77.38359201773837
108.0, 75.71428571428572
109.0, 77.49999999999997
110.0, 73.59999999999997
111.0, 64.34540389972145
112.0, 54.86935866983372
113.0, 46.95121951219512
114.0, 41.200828157349925
115.0, 41.07883817427382
116.0, 45.97701149425286
117.0, 48.161764705882355
118.0, 46.536412078152786
119.0, 48.98305084745762
120.0, 51.607142857142854
121.0, 48.282442748091604
122.0, 31.43236074270557
123.0, 28.533333333333317
124.0, 25.61983471074379
125.0, 26.999999999999943
126.0, 31.093749999999957
127.0, 38.18827708703374
128.0, 38.66906474820141
129.0, 33.33333333333333
130.0, 16.98795180722888
131.0, 11.234567901234541
132.0, 20.117647058823508
133.0, 16.236162361623627
134.0, 26.60044150110376
135.0, 23.929747530186603
136.0, 30.83451202263082
137.0, 33.42776203966005
138.0, 44.52380952380951
139.0, 47.64044943820226
140.0, 45.54455445544555
141.0, 44.51901565995525
142.0, 47.76931447225245
143.0, 46.45502645502644
144.0, 70.24000000000001
145.0, 69.68253968253968
146.0, 65.39855072463769
147.0, 64.57960644007156
148.0, 56.862745098039206
149.0, 60.739030023094685
150.0, 66.08040201005028
151.0, 66.91176470588236
152.0, 46.07508532423207
153.0, 44.75524475524474
154.0, 41.96721311475406
155.0, 40.251572327043995
156.0, 39.490445859872594
157.0, 50.709219858156075
158.0, 45.11041009463719
159.0, 56.426332288401255
160.0, 56.69781931464174
161.0, 59.375000000000014
162.0, 56.386292834890966
163.0, 59.42028985507248
164.0, 48.009367681498816
165.0, 47.26840855106888
166.0, 46.064814814814824
167.0, 41.45728643216083
168.0, 54.878048780487816
169.0, 49.77876106194691
170.0, 44.97607655502396
171.0, 35.42976939203356
172.0, 44.09937888198762
173.0, 42.79661016949154
174.0, 43.51464435146447
175.0, 47.674418604651144
176.0, 47.39884393063584
177.0, 46.36542239685657
178.0, 59.38189845474614
179.0, 52.777777777777786
180.0, 55.257270693512325
181.0, 57.35607675906184
182.0, 48.71794871794869
183.0, 56.14973262032087
184.0, 54.54545454545451
185.0, 67.09265175718849
186.0, 64.35986159169548
187.0, 60.377358490566046
188.0, 58.13953488372089
189.0, 46.846846846846915
190.0, 49.76076555023928
191.0, 50.23696682464458
192.0, 31.877729257641903
193.0, 40.7960199004975
194.0, 51.81818181818178
195.0, 56.910569105691046
196.0, 62.770562770562776
197.0, 64.01673640167367
198.0, 69.62025316455697
199.0, 70.2127659574468
200.0, 71.54471544715447
201.0, 70.40000000000002
202.0, 72.26562500000006
203.0, 68.01470588235289
204.0, 71.28712871287127
205.0, 63.46153846153846
206.0, 73.8805970149254
207.0, 62.37623762376237
208.0, 53.95189003436427
209.0, 48.659003831417614
210.0, 68.83720930232559
211.0, 68.24644549763033
212.0, 60.92715231788081
213.0, 64.25619834710744
214.0, 55.11811023622046
215.0, 54.90196078431373
216.0, 56.92883895131085
217.0, 64.33566433566435
218.0, 64.14762741652021
219.0, 69.9490662139219
220.0, 73.01587301587301
221.0, 78.75210792580103
222.0, 81.50087260034906
223.0, 77.89661319073085
224.0, 65.58603491271822
225.0, 60.930232558139515
226.0, 68.0306905370844
227.0, 69.6601941747573
228.0, 67.2131147540984
229.0, 69.01408450704226
230.0, 66.24365482233502
231.0, 61.5606936416185
232.0, 58.95061728395059
233.0, 59.93975903614457
234.0, 55.369127516778526
235.0, 56.39344262295082
236.0, 53.25077399380806
237.0, 45.98930481283422
238.0, 46.61246612466125
239.0, 47.77777777777777
240.0, 42.63959390862942
241.0, 41.29870129870128
242.0, 46.90265486725662
243.0, 46.4285714285714
244.0, 42.162162162162176
245.0, 48.92601431980907
246.0, 53.67965367965372
247.0, 49.408983451536635
248.0, 46.875000000000014
249.0, 46.228710462287104
250.0, 51.08433734939759
251.0, 60.227272727272805
252.0, 65.43535620052779
253.0, 59.0476190476191
254.0, 36.90476190476189
255.0, 32.37639553429025
256.0, 36.20414673046249
257.0, 35.56618819776712
258.0, 34.360554699537715
259.0, 23.16715542521989
260.0, 17.031249999999915
261.0, 16.640502354788012
262.0, 17.739403453689107
263.0, 23.837209302325547
264.0, 25.5681818181818
265.0, 25.71428571428568
266.0, 23.865300146412878
267.0, 26.602564102564074
268.0, 45.35519125683059
269.0, 41.51898734177212
270.0, 42.39401496259352
271.0, 44.90291262135919
272.0, 54.177897574123975
273.0, 73.35766423357671
274.0, 65.68627450980395
275.0, 72.29551451187339
276.0, 62.82352941176472
277.0, 56.830601092896174
278.0, 47.486033519553075
279.0, 59.3886462882096
280.0, 59.652928416485906
281.0, 60.341151385927525
282.0, 63.882618510157954
283.0, 60.72961373390557
284.0, 55.60439560439562
285.0, 58.26446280991736
286.0, 53.09381237524952
287.0, 49.53445065176908
288.0, 63.636363636363626
289.0, 60.94276094276095
290.0, 61.46010186757216
291.0, 57.30158730158732
292.0, 59.37500000000001
293.0, 51.66340508806264
294.0, 53.13092979127133
295.0, 45.286195286195266
296.0, 47.27272727272729
297.0, 47.74624373956595
298.0, 48.888888888888864
299.0, 45.43795620437957
300.0, 53.57766143106456
301.0, 61.1864406779661
302.0, 46.04166666666668
303.0, 39.254385964912295
304.0, 41.43518518518521
305.0, 38.08510638297872
306.0, 36.382113821138226
307.0, 35.22267206477734
308.0, 29.1845493562232
309.0, 31.408775981524272
310.0, 27.610208816705352
311.0, 36.538461538461526
312.0, 35.18518518518519
313.0, 32.65765765765765
314.0, 41.82879377431906
315.0, 41.94174757281551
316.0, 47.2549019607843
317.0, 44.54713493530499
318.0, 47.024952015355055
319.0, 63.56877323420076
320.0, 69.54128440366975
321.0, 62.43822075782541
322.0, 62.029459901800365
323.0, 63.80471380471383
324.0, 64.02027027027029
325.0, 61.02292768959437
326.0, 57.00164744645797
327.0, 56.077795786061586
328.0, 46.54832347140037
329.0, 50.092081031307565
330.0, 46.42857142857144
331.0, 44.26523297491039
332.0, 44.16517055655297
333.0, 41.20982986767481
334.0, 32.96903460837888
335.0, 40.19999999999999
336.0, 45.50669216061183
337.0, 42.72890484739676
338.0, 43.11594202898548
339.0, 52.704791344667704
340.0, 52.623456790123456
341.0, 52.623456790123456
342.0, 50.07751937984497
343.0, 43.90243902439024
344.0, 40.975609756097555
345.0, 43.448275862068975
346.0, 42.346938775510175
347.0, 29.95008319467553
348.0, 31.69014084507039
349.0, 28.419182948490217
350.0, 22.947761194029866
351.0, 30.632411067193672
352.0, 30.451866404715147
353.0, 11.954022988505741
354.0, 12.149532710280383
355.0, 17.966903073286005
356.0, 22.06572769953047
357.0, 16.517857142857125
358.0, 18.13725490196076
359.0, 29.496402877697832
360.0, 27.578475336322867
361.0, 32.03124999999997
362.0, 33.79120879120879
363.0, 38.91891891891892
364.0, 36.828644501278774
365.0, 30.434782608695656
366.0, 27.118644067796623
367.0, 28.7917737789203
368.0, 36.206896551724135
369.0, 28.57142857142864
370.0, 24.633431085044037
371.0, 38.5714285714286
372.0, 50.98039215686277
373.0, 45.94594594594595
374.0, 54.54545454545455
375.0, 53.93258426966293
376.0, 54.80225988700564
377.0, 47.26775956284154
378.0, 54.107648725212506
379.0, 51.621621621621635
380.0, 63.82352941176472
381.0, 66.47727272727272
382.0, 76.72583826429981
383.0, 83.62235067437378
384.0, 79.19708029197085
385.0, 77.77777777777781
386.0, 73.92290249433108
387.0, 73.37962962962965
388.0, 72.68408551068885
389.0, 75.74257425742573
390.0, 78.69565217391303
391.0, 85.09174311926601
392.0, 85.12585812356976
393.0, 91.196388261851
394.0, 90.90909090909089
395.0, 90.8235294117647
396.0, 86.2190812720848
397.0, 77.734375
398.0, 84.68085106382969
399.0, 84.41558441558432
400.0, 84.91379310344824
401.0, 86.48648648648646
402.0, 86.69201520912543
403.0, 71.02803738317759
404.0, 65.68265682656825
405.0, 64.77272727272728
406.0, 70.66246056782333
407.0, 71.2074303405573
408.0, 67.70186335403727
409.0, 70.2857142857143
410.0, 70.45454545454544
411.0, 69.66292134831461
412.0, 75.62189054726372
413.0, 76.09756097560978
414.0, 77.67653758542146
415.0, 71.07061503416861
416.0, 66.14699331848557
417.0, 78.72860635696826
418.0, 76.02905569007267
419.0, 73.75886524822694
420.0, 62.33766233766234
421.0, 60.81081081081083
422.0, 65.55269922879178
423.0, 54.871794871794854
424.0, 50.40871934604907
425.0, 53.468208092485526
426.0, 37.60932944606419
427.0, 35.54216867469884
428.0, 33.12499999999997
429.0, 45.58823529411764
430.0, 52.23880597014924
431.0, 48.88178913738019
432.0, 46.64634146341466
433.0, 56.763925729442995
434.0, 62.028985507246404
435.0, 67.00251889168769
436.0, 64.49864498644988
437.0, 69.79472140762468
438.0, 64.49864498644988
439.0, 54.96535796766744
440.0, 35.311572700296736
441.0, 32.76108726752503
442.0, 30.523255813953497
443.0, 23.781388478581974
444.0, 21.699544764795135
445.0, 24.45095168374816
446.0, 25.796661608497715
447.0, 17.6948051948052
448.0, 24.40119760479041
449.0, 15.833333333333314
450.0, 15.422885572139293
451.0, 15.220949263502447
452.0, 17.68707482993196
453.0, 20.342205323193923
454.0, 45.33898305084741
455.0, 56.81818181818182
456.0, 62.33766233766234
457.0, 74.99999999999996
458.0, 77.41935483870964
459.0, 76.21359223300968
460.0, 76.99530516431918
461.0, 76.6355140186916
462.0, 59.45945945945949
463.0, 63.05418719211825
464.0, 67.74193548387098
465.0, 74.2424242424243
466.0, 62.100456621004604
467.0, 70.97902097902099
468.0, 75.91463414634156
469.0, 60.31331592689296
470.0, 55.20833333333337
471.0, 58.0487804878049
472.0, 56.34517766497463
473.0, 58.35351089588377
474.0, 58.554216867469904
475.0, 61.36363636363636
476.0, 63.612565445026185
477.0, 53.041362530413636
478.0, 55.52995391705071
479.0, 50.84388185654007
480.0, 56.587473002159825
481.0, 55.530973451327434
482.0, 46.59090909090908
483.0, 58.35475578406169
484.0, 64.14141414141413
485.0, 62.631578947368446
486.0, 62.23404255319148
487.0, 59.54415954415958
488.0, 60.98901098901101
489.0, 54.41176470588235
490.0, 59.2074592074592
491.0, 71.12171837708829
492.0, 63.36633663366338
493.0, 66.14987080103357
494.0, 66.83544303797464
495.0, 63.91184573002751
496.0, 70.3030303030303
497.0, 67.96116504854366
498.0, 61.61616161616162
499.0, 62.499999999999964
500.0, 63.80952380952382
501.0, 61.217948717948694
502.0, 60.32786885245899
503.0, 62.372881355932215
504.0, 37.62376237623763
505.0, 62.555720653788995
506.0, 65.06955177743433
507.0, 62.27810650887576
508.0, 59.39393939393942
509.0, 61.931818181818215
510.0, 64.01617250673854
511.0, 64.01617250673857
512.0, 68.02030456852793
513.0, 68.88888888888891
514.0, 61.95899772209569
515.0, 62.71379703534779
516.0, 64.340239912759
517.0, 61.650992685475465
518.0, 74.14187643020597
519.0, 62.080536912751704
520.0, 63.65105008077547
521.0, 65.55740432612315
522.0, 63.5483870967742
523.0, 58.51449275362318
524.0, 56.38095238095241
525.0, 53.916211293260474
526.0, 49.29859719438877
527.0, 46.170212765957416
528.0, 56.5989847715736
529.0, 60.86956521739129
530.0, 55.23560209424087
531.0, 69.78193146417442
532.0, 64.59854014598538
533.0, 65.60283687943259
534.0, 52.786885245901615
535.0, 68.43657817109144
536.0, 64.08839779005524
537.0, 66.92708333333334
538.0, 66.0427807486631
539.0, 71.02272727272728
540.0, 67.7053824362606
541.0, 70.69408740359899
542.0, 64.35406698564591
543.0, 57.74278215223095
544.0, 59.24050632911392
545.0, 58.505154639175245
546.0, 53.86533665835414
547.0, 35.59670781893007
548.0, 43.28358208955226
549.0, 39.6825396825397
550.0, 46.582278481012665
551.0, 45.05208333333335
552.0, 45.47803617571063
553.0, 46.31043256997457
554.0, 50.24999999999999
555.0, 35.34883720930232
556.0, 41.304347826086975
557.0, 39.4009216589862
558.0, 35.07972665148061
559.0, 42.885771543086165
560.0, 44.21487603305783
561.0, 63.02083333333332
562.0, 68.08988764044942
563.0, 67.87330316742079
564.0, 71.37096774193547
565.0, 60.39076376554171
566.0, 66.71641791044773
567.0, 66.26323751891073
568.0, 67.5400291120815
569.0, 76.8115942028985
570.0, 78.47533632286991
571.0, 79.66616084977235
572.0, 78.94736842105262
573.0, 70.39877300613495
574.0, 66.8122270742358
575.0, 67.7053824362606
576.0, 65.91928251121075
577.0, 60.84977238239756
578.0, 62.98421807747488
579.0, 66.71732522796351
580.0, 57.368421052631575
581.0, 59.43238731218697
582.0, 54.086956521739125
583.0, 47.376788553259146
584.0, 48.20031298904538
585.0, 50.08077544426493
586.0, 48.51330203442879
587.0, 54.07653910149752
588.0, 59.79202772963605
589.0, 58.1981981981982
590.0, 50.280373831775705
591.0, 55.55555555555556
592.0, 47.08520179372196
593.0, 50.72463768115945
594.0, 58.81006864988559
595.0, 59.459459459459474
596.0, 51.866404715127715
597.0, 60.35634743875279
598.0, 59.360730593607315
599.0, 61.050328227571136
600.0, 71.11111111111114
601.0, 69.00452488687785
602.0, 60.12658227848103
603.0, 59.70149253731345
604.0, 56.68016194331985
605.0, 60.94890510948908
606.0, 47.891566265060256
607.0, 45.75539568345324
608.0, 34.922680412371136
609.0, 29.19254658385094
610.0, 38.57868020304568
611.0, 35.65426170468186
612.0, 33.99014778325122
613.0, 35.49939831528279
614.0, 26.793248945147667
615.0, 26.96390658174097
616.0, 26.29399585921324
617.0, 24.349635796045774
618.0, 22.392344497607652
619.0, 27.39480752014323
620.0, 30.11811023622046
621.0, 30.327056491575803
622.0, 28.280961182994446
623.0, 29.708737864077662
624.0, 26.79474216380183
625.0, 33.98821218074657
626.0, 33.06772908366534
627.0, 29.644670050761405
628.0, 34.112149532710276
629.0, 37.44444444444443
630.0, 40.07134363852556
631.0, 38.33902161547211
632.0, 64.15094339622641
633.0, 64.53333333333333
634.0, 65.5826558265583
635.0, 67.78087279480039
636.0, 79.17570498915403
637.0, 82.36453201970444
638.0, 73.05605786618446
639.0, 68.13495782567946
640.0, 70.17543859649123
641.0, 69.68641114982577
642.0, 72.59450171821304
643.0, 71.71985815602835
644.0, 71.15215479331572
645.0, 76.85185185185182
646.0, 66.70702179176753
647.0, 61.21297602256698
648.0, 61.04078762306609
649.0, 59.97210599721058
650.0, 59.80528511821973
651.0, 59.1230551626591
652.0, 71.13752122241081
653.0, 66.4025356576862
654.0, 62.07513416815739
655.0, 67.89473684210526
656.0, 66.11111111111109
657.0, 68.22916666666664
658.0, 72.1631205673759
659.0, 66.52452025586354
660.0, 58.12133072407043
661.0, 60.29684601113172
662.0, 59.9630996309963
663.0, 60.86142322097375
664.0, 60.86142322097378
665.0, 41.030195381882756
666.0, 48.76543209876543
667.0, 54.295532646048116
668.0, 40.00000000000001
669.0, 38.52813852813852
670.0, 41.48351648351649
671.0, 34.266666666666666
672.0, 28.092485549132917
673.0, 36.53061224489795
674.0, 35.34057255676208
675.0, 28.243512974051896
676.0, 30.525272547076312
677.0, 26.36986301369862
678.0, 26.643598615916957
679.0, 27.923844061650044
680.0, 26.930147058823522
681.0, 25.36796536796537
682.0, 28.83858267716535
683.0, 28.4158415841584
684.0, 26.969696969696955
685.0, 32.92433537832311
686.0, 41.37931034482757
687.0, 29.245283018867937
688.0, 40.90382387022017
689.0, 38.32790445168297
690.0, 47.93767186067828
691.0, 51.73095944609296
692.0, 56.49663137632338
693.0, 58.81763527054109
694.0, 55.99571734475376
695.0, 64.25438596491227
696.0, 64.96674057649668
697.0, 65.12141280353202
698.0, 58.031088082901555
699.0, 54.712892741061765
700.0, 56.862745098039206
701.0, 66.89059500959692
702.0, 55.275443510737624
703.0, 59.02293120638085
704.0, 47.09371293001185
705.0, 56.07701564380265
706.0, 48.08612440191387
707.0, 43.272335844994615
708.0, 43.272335844994615
709.0, 41.117318435754186
710.0, 41.2094064949608
711.0, 41.73140954495003
712.0, 52.29759299781183
713.0, 53.669222343921135
714.0, 46.73784104389088
715.0, 30.243902439024396
716.0, 43.91805377720871
717.0, 43.583227445997444
718.0, 41.07784431137725
719.0, 38.881987577639755
720.0, 40.23136246786633
721.0, 47.35249621785172
722.0, 37.871287128712865
723.0, 37.794299876084274
724.0, 41.93168433451118
725.0, 37.32876712328767
726.0, 34.642857142857125
727.0, 30.558598028477547
728.0, 30.931263858093118
729.0, 32.142857142857125
730.0, 24.968152866242036
731.0, 33.7092731829574
732.0, 36.20457604306864
733.0, 32.67045454545455
734.0, 32.30337078651685
735.0, 33.75
736.0, 42.93286219081271
737.0, 38.878842676311024
738.0, 36.70411985018729
739.0, 45.24271844660196
740.0, 35.91397849462368
741.0, 36.4628820960699
742.0, 37.69751693002258
743.0, 45.62841530054645
744.0, 46.505376344086
745.0, 38.580246913580226
746.0, 11.3947128532361
747.0, 11.343012704174228
748.0, 11.595547309833023
749.0, 10.108303249097474
750.0, 14.21188630490957
751.0, 15.064935064935057
752.0, 12.126387702818107
753.0, 9.154315605928488
754.0, 9.028374892519338
755.0, 9.67741935483869
756.0, 8.003048780487802
757.0, 7.824143070044698
758.0, 6.511976047904184
759.0, 4.6303211351754925
760.0, 19.730185497470487
761.0, 27.649769585253452
762.0, 26.470588235294116
763.0, 32.396449704142
764.0, 25.38226299694189
765.0, 26.060606060606062
766.0, 26.66666666666667
767.0, 27.215189873417728
768.0, 28.42975206611571
769.0, 29.82171799027553
770.0, 54.9234135667396
771.0, 56.40449438202248
772.0, 55.902004454343
773.0, 63.28293736501081
774.0, 59.4272076372315
775.0, 47.32824427480917
776.0, 54.22740524781344
777.0, 45.23076923076922
778.0, 52.27272727272729
779.0, 60.05434782608697
780.0, 66.07142857142858
781.0, 69.43699731903487
782.0, 73.08641975308642
783.0, 74.23167848699764
784.0, 70.3804347826087
785.0, 76.17647058823528
786.0, 80.42168674698794
787.0, 70.75471698113208
788.0, 66.66666666666666
789.0, 76.4309764309764
790.0, 81.26801152737752
791.0, 80.80229226361033
792.0, 81.79347826086956
793.0, 75.83892617449668
794.0, 61.1413043478261
795.0, 53.409090909090914
796.0, 52.186588921282805
797.0, 46.85534591194967
798.0, 56.666666666666664
799.0, 52.61904761904763
800.0, 54.46224256292906
801.0, 59.38242280285035
802.0, 57.07762557077625
803.0, 56.38051044083527
804.0, 50.132625994694955
805.0, 53.910614525139685
806.0, 45.07042253521127
807.0, 52.499999999999986
808.0, 70.02518891687657
809.0, 77.20930232558139
810.0, 73.42995169082124
811.0, 72.38095238095238
812.0, 69.39313984168865
813.0, 74.50424929178466
814.0, 72.80966767371598
815.0, 73.91304347826083
816.0, 83.56545961002783
817.0, 80.54794520547941
818.0, 83.41121495327099
819.0, 79.68397291196382
820.0, 86.3945578231292
821.0, 83.37531486146085
822.0, 72.85318559556778
823.0, 68.98734177215184
824.0, 71.80327868852453
825.0, 79.67479674796739
826.0, 68.02168021680211
827.0, 62.74999999999996
828.0, 60.34063260340627
829.0, 53.23741007194248
830.0, 50.50761421319797
831.0, 55.474452554744516
832.0, 47.12643678160921
833.0, 45.054945054945065
834.0, 44.90358126721762
835.0, 50.63613231552165
836.0, 51.15681233933166
837.0, 50.904392764857846
838.0, 48.39506172839506
839.0, 38.16568047337271
840.0, 35.43956043956038
841.0, 33.16195372750637
842.0, 26.87499999999993
843.0, 27.62312633832967
844.0, 19.851576994434055
845.0, 14.60674157303363
846.0, 14.156079854809363
847.0, 22.88732394366191
848.0, 16.532905296950176
849.0, 20.489296636085584
850.0, 25.791855203619875
851.0, 23.26241134751774
852.0, 37.33493397358942
853.0, 39.7228637413395
854.0, 43.16185696361354
855.0, 48.9556135770235
856.0, 58.36972343522562
857.0, 64.68253968253968
858.0, 68.97038081805357
859.0, 66.80327868852459
860.0, 70.11952191235059
861.0, 60.63694267515923
862.0, 71.2294043092522
863.0, 69.07356948228883
864.0, 64.91712707182319
865.0, 67.33524355300858
866.0, 53.12500000000001
867.0, 52.50000000000001
868.0, 55.32915360501567
869.0, 55.2590266875981
870.0, 59.45945945945945
871.0, 57.52608047690013
872.0, 60.12461059190032
873.0, 65.16666666666667
874.0, 65.1085141903172
875.0, 77.10622710622711
876.0, 68.50715746421265
877.0, 59.59409594095939
878.0, 64.44444444444444
879.0, 66.15969581749047
880.0, 76.27450980392156
881.0, 65.80406654343807
882.0, 58.56353591160222
883.0, 48.64864864864866
884.0, 43.70370370370371
885.0, 35.087719298245645
886.0, 35.50295857988168
887.0, 34.99005964214713
888.0, 25.555555555555586
889.0, 19.3840579710145
890.0, 20.150659133709993
891.0, 20.498084291187737
892.0, 28.69415807560138
893.0, 27.110389610389618
894.0, 21.837088388214895
895.0, 21.355932203389827
896.0, 21.761658031088075
897.0, 22.74368231046931
898.0, 15.808823529411754
899.0, 27.411167512690355
900.0, 27.181208053691265
901.0, 24.84567901234567
902.0, 27.058823529411754
903.0, 31.161971830985905
904.0, 36.16666666666666
905.0, 35.113268608414245
906.0, 34.154351395730714
907.0, 36.61971830985916
908.0, 30.364963503649633
909.0, 30.45387994143485
910.0, 30.860534124629083
911.0, 27.476882430647294
912.0, 26.065162907268174
913.0, 16.356877323420065
914.0, 17.02395964691047
915.0, 32.2508398656215
916.0, 33.37142857142857
917.0, 27.408142999006955
918.0, 30.314585319351764
919.0, 31.799999999999997
920.0, 27.44680851063829
921.0, 26.931106471816264
922.0, 28.382838283828377
923.0, 32.710280373831765
924.0, 31.425364758698095
925.0, 35.175879396984925
926.0, 43.88398486759142
927.0, 50.54945054945055
928.0, 55.16811955168119
929.0, 45.37177541729894
930.0, 42.385057471264375
931.0, 57.26351351351351
932.0, 46.30630630630632
933.0, 43.265993265993274
934.0, 42.3931623931624
935.0, 41.26455906821963
936.0, 46.35514018691589
937.0, 35.75949367088607
938.0, 47.05882352941176
939.0, 43.69747899159664
940.0, 40.620384047267365
941.0, 38.059701492537314
942.0, 27.61310452418097
943.0, 23.628691983122337
944.0, 32.79785809906292
945.0, 36.855345911949684
946.0, 31.882480957562564
947.0, 43.28960645812311
948.0, 40.61597690086622
949.0, 41.53543307086614
950.0, 46.26593806921676
951.0, 53.868756121449564
952.0, 48.43423799582463
953.0, 56.46036916395223
954.0, 53.26797385620915
955.0, 53.210010881392805
956.0, 58.76623376623377
957.0, 60.53511705685619
958.0, 57.907253269916765
959.0, 50.06337135614702
960.0, 67.76504297994269
961.0, 59.964412811387895
962.0, 68.46011131725416
963.0, 70.65420560747663
964.0, 63.20346320346321
965.0, 52.631578947368425
966.0, 54.466230936819166
967.0, 52.17391304347827
968.0, 53.146853146853154
969.0, 58.07174887892376
970.0, 57.692307692307686
971.0, 64.23173803526448
972.0, 63.959390862944154
973.0, 76.38888888888889
974.0, 60.57692307692308
975.0, 61.86046511627907
976.0, 53.793103448275865
977.0, 46.106557377049185
978.0, 50.59288537549407
979.0, 50.19607843137255
980.0, 52.22437137330755
981.0, 48.16326530612244
982.0, 43.22344322344322
983.0, 45.518453427065026
984.0, 37.99999999999999
985.0, 38.48987108655617
986.0, 39.16211293260473
987.0, 34.122287968441825
988.0, 42.12765957446809
989.0, 37.09677419354838
990.0, 35.86744639376218
991.0, 39.23240938166311
992.0, 32.55319148936168
993.0, 38.12949640287769
994.0, 38.12949640287769
995.0, 45.434782608695656
996.0, 52.911392405063296
997.0, 41.11405835543766
998.0, 43.29608938547486
999.0, 42.23433242506811
1000.0, 38.08139534883722
1001.0, 23.284313725490193
1002.0, 17.28395061728395
1003.0, 20.054200542005418
1004.0, 22.22222222222223
1005.0, 20.612813370473532
1006.0, 24.477611940298516
1007.0, 34.11458333333334
1008.0, 28.192771084337352
1009.0, 17.962466487935686
1010.0, 17.22365038560413
1011.0, 17.31266149870801
1012.0, 23.38308457711446
1013.0, 22.274881516587698
1014.0, 20.982142857142875
1015.0, 26.628895184136
1016.0, 36.80000000000002
1017.0, 39.54081632653063
1018.0, 48.711943793911004
1019.0, 56.140350877192986
1020.0, 53.33333333333334
1021.0, 51.03626943005181
1022.0, 58.73925501432664
1023.0, 59.941520467836256
1024.0, 52.97157622739019
1025.0, 62.14833759590793
1026.0, 58.85558583106266
1027.0, 70.09803921568627
1028.0, 77.85547785547786
1029.0, 75.73696145124717
1030.0, 63.59649122807017
1031.0, 65.34446764091858
1032.0, 62.01372997711672
1033.0, 63.834422657952075
1034.0, 69.1683569979716
1035.0, 66.73960612691465
1036.0, 61.237113402061865
1037.0, 62.14574898785425
1038.0, 75.73839662447256
1039.0, 73.62385321100916
1040.0, 75.49234135667396
1041.0, 75.16629711751663
1042.0, 72.27722772277228
1043.0, 74.3002544529262
1044.0, 68.70588235294119
1045.0, 69.49541284403671
1046.0, 70.3125
1047.0, 60.08676789587852
1048.0, 58.74439461883408
1049.0, 58.61297539149889
1050.0, 67.46724890829694
1051.0, 69.52965235173825
1052.0, 65.98173515981736
1053.0, 65.3846153846154
1054.0, 66.8831168831169
1055.0, 54.6875
1056.0, 58.739837398373986
1057.0, 55.57692307692308
1058.0, 70.95435684647305
1059.0, 53.64485981308411
1060.0, 51.84466019417476
1061.0, 51.34615384615384
1062.0, 52.621722846441955
1063.0, 52.80898876404495
1064.0, 50.39370078740157
1065.0, 50.58823529411766
1066.0, 60.869565217391305
1067.0, 62.13740458015266
1068.0, 63.15007429420504
1069.0, 70.96774193548386
1070.0, 64.55882352941177
1071.0, 69.64809384164222
1072.0, 69.86899563318777
1073.0, 84.43396226415094
1074.0, 79.4642857142857
1075.0, 83.43750000000001
1076.0, 83.30708661417324
1077.0, 83.48909657320874
1078.0, 80.46875
1079.0, 79.09698996655518
1080.0, 68.69918699186992
1081.0, 69.07630522088354
1082.0, 60.51502145922748
1083.0, 48.37310195227765
1084.0, 54.009433962264154
1085.0, 54.11764705882355
1086.0, 42.46913580246915
1087.0, 39.94845360824743
1088.0, 39.74358974358976
1089.0, 38.94472361809045
1090.0, 31.129476584022044
1091.0, 41.314553990610335
1092.0, 45.13064133016627
1093.0, 43.85150812064966
1094.0, 43.24942791762014
1095.0, 46.66666666666668
1096.0, 41.972920696324955
1097.0, 54.35992578849722
1098.0, 45.33965244865719
1099.0, 42.42928452579036
1100.0, 46.05954465849388
1101.0, 43.589743589743584
1102.0, 48.25581395348838
1103.0, 55.40796963946869
1104.0, 56.488549618320604
1105.0, 54.21686746987952
1106.0, 52.459016393442624
1107.0, 56.41025641025641
1108.0, 58.84773662551439
1109.0, 50.53304904051171
1110.0, 65.75342465753423
1111.0, 58.241758241758234
1112.0, 78.51851851851848
1113.0, 70.6484641638225
1114.0, 70.6484641638225
1115.0, 75.77464788732394
1116.0, 75.84269662921346
1117.0, 74.70588235294116
1118.0, 73.96449704142012
1119.0, 73.9644970414201
1120.0, 75.36656891495602
1121.0, 75.79250720461094
1122.0, 78.50746268656718
1123.0, 79.69696969696973
1124.0, 77.96052631578951
1125.0, 73.14814814814815
1126.0, 64.4021739130435
1127.0, 64.93150684931507
1128.0, 66.75324675324677
1129.0, 62.46334310850442
1130.0, 66.49214659685865
1131.0, 64.83516483516485
1132.0, 65.94594594594594
1133.0, 61.46788990825688
1134.0, 37.74319066147861
1135.0, 29.86767485822307
1136.0, 28.83211678832116
1137.0, 28.67513611615246
1138.0, 30.687830687830697
1139.0, 31.407942238267154
1140.0, 42.00351493848857
1141.0, 44.13919413919415
1142.0, 43.51851851851851
1143.0, 43.413729128014836
1144.0, 39.96062992125985
1145.0, 37.16475095785441
1146.0, 37.87878787878789
1147.0, 38.69158878504674
1148.0, 61.7142857142857
1149.0, 72.3333333333333
1150.0, 82.77777777777777
1151.0, 79.89276139410181
1152.0, 74.27745664739881
1153.0, 69.08602150537635
1154.0, 52.032520325203244
1155.0, 49.22279792746113
1156.0, 50.753768844221106
1157.0, 46.88346883468834
1158.0, 40.92140921409214
1159.0, 35.866983372921624
1160.0, 33.98533007334963
1161.0, 41.17647058823528
1162.0, 43.396226415094326
1163.0, 41.4486921529175
1164.0, 30.548926014319775
1165.0, 33.16062176165802
1166.0, 35.44973544973544
1167.0, 36.61202185792347
1168.0, 49.10179640718562
1169.0, 48.23529411764704
1170.0, 39.99999999999998
1171.0, 39.44099378881987
1172.0, 34.60490463215257
1173.0, 42.19269102990031
1174.0, 46.78899082568805
1175.0, 27.246376811594175
1176.0, 19.94047619047616
1177.0, 26.190476190476133
1178.0, 21.96382428940565
1179.0, 28.953771289537684
1180.0, 24.61873638344224
1181.0, 25.167037861915333
1182.0, 27.272727272727252
1183.0, 27.272727272727252
1184.0, 38.68471953578336
1185.0, 37.80718336483931
1186.0, 46.96356275303643
1187.0, 43.609022556390975
1188.0, 42.5287356321839
1189.0, 45.30612244897959
1190.0, 47.80793319415447
1191.0, 52.29007633587786
1192.0, 54.36507936507936
1193.0, 45.97701149425287
1194.0, 46.692607003891034
1195.0, 43.165467625899275
1196.0, 35.75317604355716
1197.0, 37.38140417457304
1198.0, 23.03370786516851
1199.0, 24.716981132075432
1200.0, 19.56521739130433
1201.0, 28.85375494071144
1202.0, 25.04892367906065
1203.0, 26.834381551362668
1204.0, 32.23300970873787
1205.0, 21.834061135371172
1206.0, 22.831050228310502
1207.0, 27.95969773299747
1208.0, 31.355932203389827
1209.0, 40.12738853503182
1210.0, 44.83985765124555
1211.0, 43.44827586206897
1212.0, 65.70247933884303
1213.0, 63.713080168776386
1214.0, 55.51470588235295
1215.0, 54.16666666666668
1216.0, 51.25448028673836
1217.0, 55.035971223021576
1218.0, 49.59677419354839
1219.0, 47.67441860465117
1220.0, 51.20967741935481
1221.0, 49.79253112033195
1222.0, 46.3320463320463
1223.0, 48.897058823529434
1224.0, 49.44237918215611
1225.0, 55.944055944055926
1226.0, 54.83870967741934
1227.0, 52.577319587628864
1228.0, 61.847389558232905
1229.0, 52.75229357798163
1230.0, 69.33962264150941
1231.0, 70.58823529411761
1232.0, 57.317073170731724
1233.0, 68.49816849816848
1234.0, 60.19736842105264
1235.0, 57.55627009646303
1236.0, 56.289308176100626
1237.0, 51.36054421768707
1238.0, 51.01351351351352
1239.0, 46.49446494464942
1240.0, 38.61003861003859
1241.0, 39.999999999999986
1242.0, 38.97637795275589
1243.0, 42.1259842519685
1244.0, 32.32758620689651
1245.0, 25.112107623318366
1246.0, 31.351351351351298
1247.0, 7.453416149068275
1248.0, 12.977099236641152
1249.0, 13.07692307692301
1250.0, 29.16666666666663
1251.0, 29.661016949152497
1252.0, 37.795275590551114
1253.0, 46.97986577181208
1254.0, 57.7922077922078
1255.0, 63.580246913580254
1256.0, 68.60465116279074
1257.0, 50.69124423963137
1258.0, 69.20634920634924
1259.0, 67.28395061728395
1260.0, 65.25679758308158
1261.0, 66.05504587155963
1262.0, 65.12345679012347
1263.0, 65.9375
1264.0, 60.50156739811912
1265.0, 62.42424242424242
1266.0, 61.96319018404909
1267.0, 57.60517799352751
1268.0, 50.79872204472842
1269.0, 48.17275747508307
1270.0, 53.709198813056375
1271.0, 60.13289036544849
1272.0, 36.86868686868685
1273.0, 41.11111111111116
1274.0, 41.80790960451981
1275.0, 58.333333333333314
1276.0, 60.663507109004705
1277.0, 63.33333333333332
1278.0, 62.441314553990615
1279.0, 54.79452054794518
1280.0, 52.112676056338024
1281.0, 55.813953488372086
1282.0, 61.224489795918394
1283.0, 56.33802816901406
1284.0, 53.7313432835821
1285.0, 65.13761467889907
1286.0, 67.43119266055047
1287.0, 63.755458515283806
1288.0, 68.57142857142856
1289.0, 64.99999999999999
1290.0, 61.467889908256865
1291.0, 53.30578512396695
1292.0, 63.38582677165352
1293.0, 70.04048582995952
1294.0, 72.15686274509801
1295.0, 68.09338521400778
1296.0, 72.34042553191487
1297.0, 80.2675585284281
1298.0, 77.39463601532567
1299.0, 76.11336032388664
1300.0, 75.7201646090535
1301.0, 69.17293233082705
1302.0, 69.51672862453529
1303.0, 71.91780821917808
1304.0, 62.49999999999999
1305.0, 71.38643067846604
1306.0, 63.063063063063034
1307.0, 52.10526315789474
1308.0, 48.95287958115185
1309.0, 42.79176201373
1310.0, 44.93392070484581
1311.0, 41.1764705882353
1312.0, 45.533769063180834
1313.0, 42.093541202672625
1314.0, 38.52459016393442
1315.0, 42.3913043478261
1316.0, 36.480686695278976
1317.0, 28.285077951002222
1318.0, 27.48917748917748
1319.0, 23.340961098398154
1320.0, 23.776223776223773
1321.0, 28.91246684350132
1322.0, 45.74468085106383
1323.0, 56.84931506849315
1324.0, 51.52284263959392
1325.0, 44.24379232505645
1326.0, 42.15456674473069
1327.0, 44.23529411764706
1328.0, 44.97607655502393
1329.0, 40.044247787610615
1330.0, 41.70506912442397
1331.0, 45.82338902147972
1332.0, 57.552083333333336
1333.0, 56.46437994722956
1334.0, 59.279778393351805
1335.0, 61.31578947368421
1336.0, 45.68345323741006
1337.0, 35.90733590733588
1338.0, 39.9267399267399
1339.0, 48.444444444444436
1340.0, 40.35874439461882
1341.0, 47.22222222222221
1342.0, 52.88888888888891
1343.0, 67.50000000000007
1344.0, 70.68062827225133
1345.0, 50.0
1346.0, 38.46153846153848
1347.0, 34.296028880866416
1348.0, 32.203389830508485
1349.0, 24.731182795698928
1350.0, 31.103678929765863
1351.0, 32.98245614035086
1352.0, 37.987012987012974
1353.0, 36.44859813084112
1354.0, 45.48104956268221
1355.0, 37.42138364779874
1356.0, 36.50306748466255
1357.0, 29.261363636363612
1358.0, 31.564245810055837
1359.0, 40.99999999999997
1360.0, 42.85714285714284
1361.0, 59.75609756097561
1362.0, 64.70588235294119
1363.0, 70.2857142857143
1364.0, 68.48484848484853
1365.0, 62.67409470752091
1366.0, 58.125000000000014
1367.0, 60.983606557377065
1368.0, 58.53658536585368
1369.0, 60.64981949458485
1370.0, 64.94464944649451
1371.0, 77.25321888412023
1372.0, 74.56140350877202
1373.0, 74.3362831858408
1374.0, 72.41379310344828
1375.0, 45.023696682464475
1376.0, 36.93693693693692
1377.0, 23.3160621761658
1378.0, 22.916666666666586
1379.0, 44.33962264150941
1380.0, 46.11872146118721
1381.0, 41.3934426229508
1382.0, 38.0952380952381
1383.0, 33.97683397683397
1384.0, 34.48275862068964
1385.0, 26.625386996904027
1386.0, 24.022346368715077
1387.0, 30.434782608695656
1388.0, 32.345013477088955
1389.0, 40.7738095238095
1390.0, 47.91666666666666
1391.0, 52.011494252873575
1392.0, 52.95774647887325
1393.0, 42.59259259259261
1394.0, 39.10447761194031
1395.0, 43.46405228758169
1396.0, 43.09210526315786
1397.0, 51.85185185185185
1398.0, 50.51903114186851
1399.0, 68.18181818181822
1400.0, 80.88235294117652
1401.0, 76.07361963190189
1402.0, 81.06796116504859
1403.0, 77.72020725388603
1404.0, 68.8524590163935
1405.0, 64.63414634146346
1406.0, 70.25641025641028
1407.0, 79.47368421052634
1408.0, 88.64864864864869
1409.0, 89.23076923076927
1410.0, 90.09433962264154
1411.0, 89.55223880597019
1412.0, 84.76190476190482
1413.0, 86.26609442060091
1414.0, 80.72289156626509
1415.0, 80.8764940239044
1416.0, 81.10236220472444
1417.0, 82.07171314741043
1418.0, 80.46874999999999
1419.0, 83.1615120274914
1420.0, 80.4
1421.0, 75.10040160642569
1422.0, 76.42585551330795
1423.0, 64.28571428571428
1424.0, 65.79804560260587
1425.0, 65.46052631578948
1426.0, 68.02721088435374
1427.0, 66.18705035971222
1428.0, 60.92715231788078
1429.0, 56.87499999999998
1430.0, 48.73646209386281
1431.0, 49.64285714285712
1432.0, 55.63636363636365
1433.0, 54.81481481481482
1434.0, 53.046594982078844
1435.0, 62.057877813504824
1436.0, 58.74125874125874
1437.0, 68.85245901639345
1438.0, 56.41025641025639
1439.0, 61.06870229007634
1440.0, 57.608695652173914
1441.0, 47.33096085409252
1442.0, 52.36220472440943
1443.0, 55.88235294117649
1444.0, 57.91666666666665
1445.0, 62.17228464419477
1446.0, 56.2962962962963
1447.0, 50.0
1448.0, 69.31506849315069
1449.0, 67.34693877551021
1450.0, 67.63005780346822
1451.0, 70.24128686327077
1452.0, 76.77595628415301
1453.0, 75.98870056497177
1454.0, 80.44692737430168
1455.0, 88.28828828828831
1456.0, 92.52336448598135
1457.0, 93.92097264437692
1458.0, 91.81818181818188
1459.0, 91.79331306990888
1460.0, 97.27520435967308
1461.0, 91.53846153846158
1462.0, 88.25622775800716
1463.0, 86.20689655172421
1464.0, 81.48148148148152
1465.0, 64.21404682274252
1466.0, 66.03174603174607
1467.0, 67.47720364741643
1468.0, 62.848297213622324
1469.0, 61.94968553459123
1470.0, 65.42857142857147
1471.0, 64.82558139534889
1472.0, 67.33524355300861
1473.0, 63.66459627329196
1474.0, 51.72413793103448
1475.0, 59.13978494623658
1476.0, 50.35460992907804
1477.0, 57.05329153605015
1478.0, 62.50000000000003
1479.0, 76.00000000000003
1480.0, 67.18146718146718
1481.0, 65.86345381526107
1482.0, 70.61224489795917
1483.0, 72.26562499999997
1484.0, 71.1382113821138
1485.0, 76.94805194805194
1486.0, 59.36675461741425
1487.0, 58.44155844155844
1488.0, 63.36898395721924
1489.0, 70.41036717062633
1490.0, 69.95708154506437
1491.0, 68.0365296803653
1492.0, 62.21719457013576
1493.0, 53.137254901960794
1494.0, 58.87850467289721
1495.0, 61.60558464223384
1496.0, 57.14285714285714
1497.0, 55.98650927487353
1498.0, 52.56849315068496
1499.0, 49.3601462522852
1500.0, 56.250000000000014
1501.0, 54.65587044534413
1502.0, 52.33265720081136
1503.0, 40.65656565656566
1504.0, 45.21276595744681
1505.0, 46.07329842931935
1506.0, 49.29971988795518
1507.0, 65.17571884984025
1508.0, 50.0
1509.0, 31.740614334470962
1510.0, 44.13793103448274
1511.0, 54.57142857142859
1512.0, 63.79746835443039
1513.0, 55.11221945137157
1514.0, 55.80808080808082
1515.0, 61.22448979591837
1516.0, 57.97101449275364
1517.0, 48.24016563146998
1518.0, 50.199203187250994
1519.0, 49.3927125506073
1520.0, 46.387832699619764
1521.0, 45.97701149425289
1522.0, 50.84745762711862
1523.0, 50.847457627118644
1524.0, 44.956140350877206
1525.0, 41.2177985948478
1526.0, 30.666666666666643
1527.0, 50.111856823266194
1528.0, 49.230769230769226
1529.0, 48.55233853006682
1530.0, 53.73831775700935
1531.0, 69.87654320987653
1532.0, 60.283687943262436
1533.0, 63.55748373101954
1534.0, 68.45794392523368
1535.0, 64.04761904761907
1536.0, 63.29411764705888
1537.0, 69.87012987012993
1538.0, 74.6736292428199
1539.0, 69.04109589041099
1540.0, 61.916461916461955
1541.0, 41.93548387096776
1542.0, 39.72222222222219
1543.0, 31.78484107579459
1544.0, 26.280623608017763
1545.0, 21.93396226415092
1546.0, 23.19201995012466
1547.0, 11.221945137157064
1548.0, 12.345679012345613
1549.0, 22.95454545454544
1550.0, 22.799097065462732
1551.0, 22.14912280701752
1552.0, 18.025751072961384
1553.0, 20.607375271149678
1554.0, 23.11435523114355
1555.0, 31.234256926952114
1556.0, 30.845771144278586
1557.0, 37.39130434782609
1558.0, 41.08280254777068
1559.0, 40.7051282051282
1560.0, 45.27027027027025
1561.0, 60.55363321799307
1562.0, 64.70588235294119
1563.0, 47.02380952380951
1564.0, 52.793296089385485
1565.0, 49.34725848563968
1566.0, 53.48189415041782
1567.0, 51.56695156695156
1568.0, 54.32432432432432
1569.0, 51.71428571428572
1570.0, 56.211180124223596
1571.0, 48.61878453038675
1572.0, 51.01449275362319
1573.0, 64.42105263157893
1574.0, 69.7674418604651
1575.0, 65.6015037593985
1576.0, 65.79439252336448
1577.0, 60.6896551724138
1578.0, 61.22448979591837
1579.0, 59.01639344262294
1580.0, 50.927246790299556
1581.0, 52.37430167597765
1582.0, 49.03314917127072
1583.0, 48.05555555555555
1584.0, 47.9889042995839
1585.0, 50.144927536231876
1586.0, 54.66666666666667
1587.0, 40.836012861736315
1588.0, 31.214953271028037
1589.0, 34.92647058823526
1590.0, 30.724070450097827
1591.0, 46.15384615384615
1592.0, 40.521327014218
1593.0, 43.73401534526856
1594.0, 51.35135135135135
1595.0, 53.1791907514451
1596.0, 62.03966005665722
1597.0, 65.41554959785523
1598.0, 72.16748768472908
1599.0, 75.61576354679802
1600.0, 72.3463687150838
1601.0, 81.11702127659574
1602.0, 82.46913580246911
1603.0, 82.42574257425741
1604.0, 69.52789699570818
1605.0, 63.170163170163185
1606.0, 66.37168141592923
1607.0, 64.79481641468685
1608.0, 73.76033057851242
1609.0, 68.77637130801693
1610.0, 69.73415132924342
1611.0, 65.97077244258875
1612.0, 70.25547445255476
1613.0, 64.63414634146345
1614.0, 63.75000000000003
1615.0, 57.91433891992552
1616.0, 46.33333333333332
1617.0, 44.957264957264954
1618.0, 50.96899224806199
1619.0, 54.5977011494253
1620.0, 46.63023679417121
1621.0, 46.376811594202884
1622.0, 31.993569131832828
1623.0, 32.305194805194816
1624.0, 20.080862533692738
1625.0, 27.659574468085125
1626.0, 12.82689912826902
1627.0, 22.444183313748567
1628.0, 21.900347624565498
1629.0, 25.086306098964343
1630.0, 29.389312977099266
1631.0, 30.451127819548887
1632.0, 26.18534482758622
1633.0, 24.72527472527473
1634.0, 27.450980392156865
1635.0, 36.85344827586208
1636.0, 54.778325123152705
1637.0, 57.30769230769231
1638.0, 71.99582027168233
1639.0, 73.11935807422266
1640.0, 83.79578246392896
1641.0, 77.73892773892774
1642.0, 72.57889009793254
1643.0, 68.45493562231759
1644.0, 69.90788126919139
1645.0, 71.64898746383798
1646.0, 74.97477295660948
1647.0, 73.02371541501977
1648.0, 73.44357976653697
1649.0, 71.47335423197492
1650.0, 60.10230179028133
1651.0, 62.27327690447399
1652.0, 56.56836461126005
1653.0, 48.136645962732906
1654.0, 41.27906976744187
1655.0, 45.10703363914373
1656.0, 40.52197802197802
1657.0, 43.4971098265896
1658.0, 41.02564102564101
1659.0, 32.546374367622235
1660.0, 33.919156414762725
1661.0, 40.70945945945943
1662.0, 32.36641221374043
1663.0, 24.68965517241375
1664.0, 39.714625445897724
1665.0, 34.411384217335055
1666.0, 37.262357414448644
1667.0, 36.34116192830654
1668.0, 42.432082794307874
1669.0, 47.086801426872775
1670.0, 59.34065934065934
1671.0, 60.05398110661268
1672.0, 58.34502103786818
1673.0, 55.02645502645505
1674.0, 60.51136363636364
1675.0, 53.922967189728965
1676.0, 66.42441860465117
1677.0, 80.54711246200611
1678.0, 77.14285714285718
1679.0, 68.14449917898196
1680.0, 67.55852842809367
1681.0, 77.89757412398924
1682.0, 77.12691771269179
1683.0, 66.2937062937063
1684.0, 58.950201884253026
1685.0, 62.252475247524764
1686.0, 65.3363740022805
1687.0, 63.03630363036303
1688.0, 62.83185840707965
1689.0, 65.74074074074073
1690.0, 55.69476082004556
1691.0, 52.152521525215256
1692.0, 54.76744186046512
1693.0, 60.074165636588376
1694.0, 61.31736526946108
1695.0, 50.074074074074076
1696.0, 49.55089820359283
1697.0, 50.84485407066052
1698.0, 53.908794788273624
1699.0, 43.33333333333336
1700.0, 31.834532374100746
1701.0, 34.23597678916829
1702.0, 46.37223974763406
1703.0, 44.21052631578948
1704.0, 60.567375886524836
1705.0, 58.76577840112201
1706.0, 51.38662316476347
1707.0, 55.32233883058472
1708.0, 51.99362041467304
1709.0, 53.40909090909089
1710.0, 50.076569678407346
1711.0, 58.43750000000002
1712.0, 57.71604938271605
1713.0, 56.666666666666664
1714.0, 61.92052980132451
1715.0, 64.70588235294117
1716.0, 59.28143712574853
1717.0, 51.5625
1718.0, 50.96660808435852
1719.0, 51.23674911660778
1720.0, 61.308677098150774
1721.0, 53.62962962962964
1722.0, 54.54545454545452
1723.0, 52.118644067796616
1724.0, 56.458635703918716
1725.0, 52.29357798165139
1726.0, 60.31518624641834
1727.0, 58.068965517241395
1728.0, 58.46994535519125
1729.0, 60.028050490883594
1730.0, 58.33333333333332
1731.0, 72.38095238095242
1732.0, 66.21359223300973
1733.0, 67.92828685258965
1734.0, 47.73269689737468
1735.0, 50.63291139240503
1736.0, 51.3715710723192
1737.0, 57.65306122448983
1738.0, 53.785900783289804
1739.0, 53.09278350515462
1740.0, 45.180722891566255
1741.0, 57.91505791505784
1742.0, 59.3283582089552
1743.0, 67.65578635014835
1744.0, 59.550561797752785
1745.0, 44.927536231884105
1746.0, 59.48827292110873
1747.0, 62.376237623762364
1748.0, 73.86138613861382
1749.0, 72.007722007722
1750.0, 69.32038834951456
1751.0, 69.49806949806948
1752.0, 71.06299212598427
1753.0, 66.36029411764707
1754.0, 66.96750902527076
1755.0, 66.48745519713268
1756.0, 58.677685950413235
1757.0, 57.337883959044376
1758.0, 58.0310880829016
1759.0, 64.37613019891504
1760.0, 51.75644028103047
1761.0, 46.83544303797468
1762.0, 39.82808022922633
1763.0, 36.77248677248676
1764.0, 35.27918781725886
1765.0, 25.777777777777743
1766.0, 28.326180257510714
1767.0, 35.25345622119812
1768.0, 34.80278422273783
1769.0, 32.11991434689506
1770.0, 43.176733780760635
1771.0, 39.08872901678656
1772.0, 47.685185185185155
1773.0, 43.35664335664335
1774.0, 56.424581005586575
1775.0, 51.09612141652616
1776.0, 55.52147239263807
1777.0, 57.82747603833867
1778.0, 60.89850249584026
1779.0, 67.15596330275227
1780.0, 65.11194029850748
1781.0, 59.42028985507247
1782.0, 60.83916083916083
1783.0, 69.04347826086959
1784.0, 64.01446654611212
1785.0, 61.28440366972478
1786.0, 58.70841487279844
1787.0, 59.642147117296204
1788.0, 48.737373737373765
1789.0, 60.05586592178768
1790.0, 46.30225080385852
1791.0, 47.52475247524755
1792.0, 40.81632653061227
1793.0, 35.26448362720406
1794.0, 38.518518518518526
1795.0, 45.780051150895176
1796.0, 34.03693931398419
1797.0, 24.169184290030216
1798.0, 28.792569659442705
1799.0, 27.514792899408278
1800.0, 24.34782608695653
1801.0, 40.284360189573455
1802.0, 34.5572354211663
1803.0, 34.13043478260866
1804.0, 43.17718940936861
1805.0, 47.95081967213112
1806.0, 59.9236641221374
1807.0, 64.476386036961
1808.0, 61.69772256728779
1809.0, 62.321792260692455
1810.0, 60.59405940594062
1811.0, 52.94117647058823
1812.0, 52.61324041811848
1813.0, 55.454545454545475
1814.0, 54.17406749555949
1815.0, 44.96919917864477
1816.0, 58.349328214971194
1817.0, 51.81818181818185
1818.0, 45.09803921568626
1819.0, 41.85110663983904
1820.0, 26.556016597510364
1821.0, 26.391752577319565
1822.0, 37.83783783783784
1823.0, 30.033557046979865
1824.0, 29.93311036789298
1825.0, 34.65909090909089
1826.0, 33.33333333333333
1827.0, 31.784386617100353
1828.0, 29.999999999999986
1829.0, 29.0322580645161
1830.0, 17.716535433070902
1831.0, 18.750000000000014
1832.0, 18.2926829268293
1833.0, 25.988700564971765
1834.0, 28.105906313645633
1835.0, 30.53097345132744
1836.0, 11.691022964509429
1837.0, 13.145539906103323
1838.0, 14.93333333333338
1839.0, 23.866348448687404
1840.0, 28.988764044943835
1841.0, 28.28947368421055
1842.0, 34.643734643734675
1843.0, 33.49168646080766
1844.0, 29.912663755458524
1845.0, 28.964059196617328
1846.0, 29.087048832271776
1847.0, 20.36613272311213
1848.0, 32.70833333333334
1849.0, 39.81132075471701
1850.0, 53.947368421052616
1851.0, 59.87394957983195
1852.0, 64.12213740458014
1853.0, 59.504132231404924
1854.0, 53.62318840579707
1855.0, 57.048458149779734
1856.0, 54.16666666666666
1857.0, 51.35135135135133
1858.0, 55.25727069351229
1859.0, 55.630630630630634
1860.0, 57.845433255269334
1861.0, 57.57575757575759
1862.0, 48.378378378378414
1863.0, 31.172069825436395
1864.0, 30.653266331658315
1865.0, 22.677595628415332
1866.0, 9.609609609609606
1867.0, 14.577259475218668
1868.0, 22.74052478134115
1869.0, 30.89005235602093
1870.0, 31.382978723404264
1871.0, 36.19631901840493
1872.0, 31.13456464379948
1873.0, 38.27493261455523
1874.0, 45.56650246305415
1875.0, 54.34298440979952
1876.0, 56.73289183222957
1877.0, 66.75324675324674
1878.0, 63.84180790960451
1879.0, 65.4285714285714
1880.0, 65.80459770114946
1881.0, 60.80691642651297
1882.0, 66.08478802992519
1883.0, 68.07511737089202
1884.0, 70.50691244239628
1885.0, 70.99767981438514
1886.0, 83.02872062663188
1887.0, 70.8433734939759
1888.0, 67.73333333333335
1889.0, 56.35838150289018
1890.0, 50.98039215686275
1891.0, 60.50000000000001
1892.0, 31.752305665349127
1893.0, 29.60199004975125
1894.0, 29.166666666666657
1895.0, 26.125137211855105
1896.0, 18.139534883720927
1897.0, 13.72549019607844
1898.0, 16.78486997635933
1899.0, 20.895522388059703
1900.0, 21.70454545454544
1901.0, 25.529411764705884
1902.0, 27.491408934707906
1903.0, 28.037383177570092
1904.0, 28.639618138424808
1905.0, 25.156445556946196
1906.0, 46.875000000000014
1907.0, 51.47058823529411
1908.0, 54.263565891472865
1909.0, 74.20494699646639
1910.0, 68.85245901639342
1911.0, 67.7966101694915
1912.0, 64.68401486988847
1913.0, 54.471544715447166
1914.0, 45.564516129032285
1915.0, 45.344129554655865
1916.0, 33.46303501945526
1917.0, 38.28125000000002
1918.0, 39.44223107569724
1919.0, 34.482758620689665
1920.0, 25.266903914590756
1921.0, 25.912408759124105
1922.0, 26.865671641791053
1923.0, 27.376425855513332
1924.0, 29.032258064516128
1925.0, 37.58865248226953
1926.0, 34.814814814814824
1927.0, 36.2934362934363
1928.0, 43.65079365079365
1929.0, 36.32478632478633
1930.0, 40.66985645933018
1931.0, 42.85714285714284
1932.0, 44.64285714285713
1933.0, 47.45762711864408
1934.0, 66.15384615384616
1935.0, 69.76744186046511
1936.0, 62.34309623430961
1937.0, 63.90041493775932
1938.0, 79.91803278688525
1939.0, 82.24637681159419
1940.0, 77.93594306049825
1941.0, 75.77854671280278
1942.0, 70.00000000000001
1943.0, 70.73170731707317
1944.0, 67.66666666666669
1945.0, 63.32179930795847
1946.0, 69.88636363636363
1947.0, 69.18604651162791
1948.0, 80.72727272727272
1949.0, 77.3308957952468
1950.0, 80.41825095057031
1951.0, 81.44144144144141
1952.0, 78.58508604206497
1953.0, 76.47058823529409
1954.0, 78.98089171974517
1955.0, 80.1724137931034
1956.0, 84.37499999999994
1957.0, 85.53971486761708
1958.0, 85.0202429149797
1959.0, 87.71266540642719
1960.0, 85.43478260869563
1961.0, 85.86497890295355
1962.0, 76.4912280701754
1963.0, 81.6479400749063
1964.0, 83.51648351648355
1965.0, 65.76271186440684
1966.0, 74.08450704225355
1967.0, 74.58563535911605
1968.0, 70.05347593582891
1969.0, 72.00000000000003
1970.0, 68.89534883720934
1971.0, 69.07514450867056
1972.0, 72.4242424242424
1973.0, 66.32653061224492
1974.0, 67.34006734006736
1975.0, 67.11864406779665
1976.0, 69.78193146417446
1977.0, 64.18338108882526
1978.0, 65.46961325966855
1979.0, 74.29467084639495
1980.0, 62.45353159851306
1981.0, 58.77551020408164
1982.0, 63.716814159291985
1983.0, 57.38396624472578
1984.0, 59.25925925925925
1985.0, 58.577405857740594
1986.0, 65.75875486381332
1987.0, 72.60273972602744
1988.0, 68.09210526315789
1989.0, 71.30177514792899
1990.0, 59.73597359735974
1991.0, 69.57928802588992
1992.0, 69.07894736842104
1993.0, 72.90969899665555
1994.0, 75.69444444444446
1995.0, 58.07365439093484
1996.0, 61.00795755968172
1997.0, 63.71191135734069
1998.0, 55.22388059701495
1999.0, 56.204379562043776
2000.0, 53.727506426735204
2001.0, 43.455497382198956
2002.0, 45.77656675749321
2003.0, 32.58426966292136
2004.0, 35.04531722054382
2005.0, 28.093645484949846
2006.0, 22.147651006711342
2007.0, 30.330330330330312
2008.0, 45.762711864406754
2009.0, 57.30994152046785
2010.0, 54.938271604938286
2011.0, 56.797583081571005
2012.0, 63.299663299663315
2013.0, 63.6666666666667
2014.0, 67.06948640483387
2015.0, 57.21649484536082
2016.0, 49.88662131519272
2017.0, 51.04408352668214
2018.0, 54.914529914529936
2019.0, 59.80952380952383
2020.0, 62.90630975143403
2021.0, 62.83524904214561
2022.0, 52.17391304347826
2023.0, 48.64300626304803
2024.0, 48.10126582278481
2025.0, 51.093439363817126
2026.0, 48.30827067669173
2027.0, 43.93939393939394
2028.0, 35.661764705882376
2029.0, 44.008714596949886
2030.0, 47.30679156908669
2031.0, 52.56723716381419
2032.0, 47.3404255319149
2033.0, 35.73573573573573
2034.0, 28.65013774104682
2035.0, 20.307692307692307
2036.0, 18.644067796610173
2037.0, 18.696883852691215
2038.0, 16.284987277353693
2039.0, 6.944444444444443
2040.0, 7.598784194528889
2041.0, 20.505617977528104
2042.0, 28.660436137071613
2043.0, 30.395136778115514
2044.0, 33.974358974359006
2045.0, 29.61783439490449
2046.0, 24.031007751938006
2047.0, 31.695331695331703
2048.0, 35.43956043956048
2049.0, 36.82795698924731
2050.0, 41.76829268292685
2051.0, 47.96238244514108
2052.0, 62.650602409638566
2053.0, 63.91437308868502
2054.0, 69.56521739130432
2055.0, 54.390934844192614
2056.0, 54.390934844192664
2057.0, 53.06122448979593
2058.0, 41.70616113744072
2059.0, 49.452954048140036
2060.0, 66.30196936542669
2061.0, 61.09839816933638
2062.0, 59.20177383592021
2063.0, 56.167400881057254
2064.0, 57.04697986577181
2065.0, 56.56108597285067
2066.0, 46.76258992805756
2067.0, 51.843817787418644
2068.0, 52.564102564102576
2069.0, 60.84905660377357
2070.0, 59.999999999999986
2071.0, 61.75115207373271
2072.0, 77.24719101123598
2073.0, 83.16008316008319
2074.0, 80.29197080291974
2075.0, 83.83084577114431
2076.0, 88.3333333333333
2077.0, 87.49999999999999
2078.0, 89.59660297239911
2079.0, 85.44698544698541
2080.0, 92.2178988326848
2081.0, 88.81987577639747
2082.0, 81.45833333333333
2083.0, 80.46709129511675
2084.0, 81.96078431372547
2085.0, 75.57692307692304
2086.0, 68.19787985865722
2087.0, 50.357995226730324
2088.0, 54.684095860566444
2089.0, 48.70259481037925
2090.0, 57.37976782752902
2091.0, 62.87051482059284
2092.0, 54.57364341085272
2093.0, 49.71751412429379
2094.0, 44.46153846153847
2095.0, 42.25146198830411
2096.0, 46.82422451994092
2097.0, 48.780487804878064
2098.0, 48.41040462427744
2099.0, 51.06382978723405
2100.0, 57.028753993610245
2101.0, 61.44
2102.0, 58.20379965457685
2103.0, 67.23259762308996
2104.0, 54.62184873949577
2105.0, 52.31788079470195
2106.0, 61.93853427895978
2107.0, 79.84293193717272
2108.0, 79.42708333333336
2109.0, 91.26760563380284
2110.0, 85.3025936599424
2111.0, 85.08771929824564
2112.0, 85.75418994413413
2113.0, 86.40000000000003
2114.0, 85.11235955056185
2115.0, 84.0361445783133
2116.0, 86.59793814432997
2117.0, 85.5955678670361
2118.0, 84.19618528610366
2119.0, 71.98952879581155
2120.0, 72.27979274611404
2121.0, 70.52341597796149
2122.0, 75.49019607843137
2123.0, 73.91304347826087
2124.0, 80.0
2125.0, 66.66666666666666
2126.0, 53.53319057815844
2127.0, 56.24999999999998
2128.0, 53.55086372360842
2129.0, 55.99999999999999
2130.0, 49.90059642147119
2131.0, 48.36065573770492
2132.0, 46.45669291338584
2133.0, 50.42735042735046
2134.0, 41.73387096774192
2135.0, 44.10058027079304
2136.0, 36.514522821576755
2137.0, 45.61717352415025
2138.0, 40.67796610169489
2139.0, 51.98412698412698
2140.0, 53.03643724696357
2141.0, 35.71428571428572
2142.0, 46.10778443113772
2143.0, 41.50375939849624
2144.0, 41.6918429003021
2145.0, 45.01424501424502
2146.0, 50.29498525073746
2147.0, 50.147058823529406
2148.0, 57.0121951219512
2149.0, 56.48148148148149
2150.0, 59.230769230769226
2151.0, 53.032928942807644
2152.0, 54.305799648506174
2153.0, 48.61367837338263
2154.0, 58.6837294332724
2155.0, 84.08071748878928
2156.0, 79.88668555240798
2157.0, 82.45614035087723
2158.0, 85.47945205479456
2159.0, 80.95238095238099
2160.0, 80.70739549839232
2161.0, 75.14970059880241
2162.0, 71.947194719472
2163.0, 71.4765100671141
2164.0, 73.52024922118385
2165.0, 63.78378378378378
2166.0, 55.08274231678487
2167.0, 65.11156186612575
2168.0, 55.13626834381554
2169.0, 44.373673036093436
2170.0, 53.546099290780155
2171.0, 61.574803149606325
2172.0, 64.11764705882354
2173.0, 66.09442060085838
2174.0, 58.33333333333332
2175.0, 65.30864197530866
2176.0, 67.52037252619324
2177.0, 67.67091541135574
2178.0, 65.45893719806763
2179.0, 71.4814814814815
2180.0, 76.9433465085639
2181.0, 65.6953642384106
2182.0, 65.17739816031536
2183.0, 70.06896551724137
2184.0, 67.26998491704373
2185.0, 57.39549839228294
2186.0, 48.28767123287669
2187.0, 44.521739130434796
2188.0, 57.94066317626527
2189.0, 44.852941176470566
2190.0, 38.599999999999994
2191.0, 28.146853146853132
2192.0, 36.875
2193.0, 32.94701986754967
2194.0, 30.940988835725662
2195.0, 34.21516754850087
2196.0, 36.67296786389412
2197.0, 35.203094777562825
2198.0, 29.49218749999997
2199.0, 30.691056910569102
2200.0, 30.13972055888223
2201.0, 31.069958847736615
2202.0, 20.047732696897384
2203.0, 19.85815602836881
2204.0, 46.62379421221866
2205.0, 50.52264808362371
2206.0, 40.642722117202275
2207.0, 36.01340033500836
2208.0, 40.90150250417362
2209.0, 41.95205479452054
2210.0, 43.760683760683754
2211.0, 50.67466266866566
2212.0, 52.3219814241486
2213.0, 52.89514866979654
2214.0, 49.92614475627769
2215.0, 46.49243466299861
2216.0, 45.897079276773304
2217.0, 50.45592705167172
2218.0, 27.450980392156865
2219.0, 32.60340632603409
2220.0, 34.096692111959314
2221.0, 55.18867924528303
2222.0, 43.87096774193549
2223.0, 46.382978723404264
2224.0, 42.41803278688527
2225.0, 34.34579439252339
2226.0, 34.90566037735853
2227.0, 42.04545454545456
2228.0, 47.435897435897445
2229.0, 55.39358600583091
2230.0, 54.000000000000014
2231.0, 58.61182519280204
2232.0, 61.78660049627791
2233.0, 58.21256038647345
2234.0, 60.53921568627453
2235.0, 39.94565217391299
2236.0, 50.81967213114756
2237.0, 60.835509138381205
2238.0, 63.487738419618545
2239.0, 67.07616707616711
2240.0, 70.22222222222223
2241.0, 67.22891566265064
2242.0, 74.1116751269036
2243.0, 56.16438356164384
2244.0, 50.087260034904
2245.0, 48.92857142857145
2246.0, 45.17857142857144
2247.0, 50.76923076923077
2248.0, 49.32203389830507
2249.0, 53.98886827458255
2250.0, 48.6254295532646
2251.0, 32.761578044596945
2252.0, 35.87140439932321
2253.0, 29.944547134935306
2254.0, 21.22302158273385
2255.0, 18.759936406995266
2256.0, 16.693163751987285
2257.0, 22.24371373307548
2258.0, 28.448275862068968
2259.0, 23.423423423423415
2260.0, 22.958057395143484
2261.0, 28.483606557377016
2262.0, 32.66932270916334
2263.0, 37.213740458015245
2264.0, 40.3726708074534
2265.0, 61.30952380952383
2266.0, 61.988304093567244
2267.0, 68.34415584415588
2268.0, 77.18120805369132
2269.0, 90.71537290715378
2270.0, 93.4604904632153
2271.0, 93.56568364611263
2272.0, 93.74185136897005
2273.0, 95.00000000000001
2274.0, 88.99297423887593
2275.0, 88.17610062893087
2276.0, 82.03883495145637
2277.0, 79.5314426633786
2278.0, 82.06896551724141
2279.0, 80.30303030303034
2280.0, 75.56109725685788
2281.0, 70.85137085137089
2282.0, 69.80568011958148
2283.0, 59.42549371633754
2284.0, 50.0
2285.0, 39.74591651542646
2286.0, 39.63636363636362
2287.0, 33.843212237093695
2288.0, 49.027237354085585
2289.0, 45.57956777996072
2290.0, 51.52173913043479
2291.0, 51.18790496760258
2292.0, 35.66878980891724
2293.0, 27.67295597484275
2294.0, 37.88187372708756
2295.0, 46.22302158273379
2296.0, 45.63636363636364
2297.0, 44.90161001788909
2298.0, 46.139705882352956
2299.0, 54.803493449781676
2300.0, 55.09761388286333
2301.0, 65.47406082289805
2302.0, 65.16245487364621
2303.0, 68.32740213523132
2304.0, 61.525974025973994
2305.0, 62.1311475409836
2306.0, 54.92753623188405
2307.0, 58.551617873651765
2308.0, 50.85803432137288
2309.0, 50.31545741324921
2310.0, 51.98170731707319
2311.0, 56.41421947449767
2312.0, 54.234769687964345
2313.0, 51.553672316384166
2314.0, 50.43352601156071
2315.0, 40.791738382099794
2316.0, 38.57142857142856
2317.0, 44.24635332252836
2318.0, 48.66310160427808
2319.0, 45.5
2320.0, 52.70270270270267
2321.0, 56.327985739750446
2322.0, 66.3851351351351
2323.0, 52.056962025316466
2324.0, 35.86040914560772
2325.0, 33.91089108910896
2326.0, 34.77157360406095
2327.0, 45.454545454545475
2328.0, 44.49648711943794
2329.0, 41.71240395170145
2330.0, 37.274774774774805
2331.0, 25.482233502538094
2332.0, 32.56457564575646
2333.0, 36.37218045112783
2334.0, 47.10017574692443
2335.0, 48.23731728288908
2336.0, 47.331583552055996
2337.0, 52.751423149905136
2338.0, 62.47191011235954
2339.0, 58.09822361546497
2340.0, 57.97705943691346
2341.0, 51.54028436018958
2342.0, 51.711924439197155
2343.0, 53.80835380835379
2344.0, 56.08531994981178
2345.0, 69.73478939157569
2346.0, 62.16216216216218
2347.0, 56.03603603603606
2348.0, 47.863247863247864
2349.0, 38.653366583541136
2350.0, 28.488372093023145
2351.0, 38.34586466165407
2352.0, 55.773955773955784
2353.0, 62.70718232044207
2354.0, 68.8725490196079
2355.0, 51.09090909090907
2356.0, 45.670628183361636
2357.0, 46.379310344827594
2358.0, 40.94488188976377
2359.0, 41.00946372239745
2360.0, 46.24624624624624
2361.0, 44.963503649635015
2362.0, 38.198757763975145
2363.0, 37.499999999999986
2364.0, 41.67852062588906
2365.0, 37.40458015267176
2366.0, 31.78036605657239
2367.0, 30.17377567140599
2368.0, 22.495894909688033
2369.0, 28.721174004192903
2370.0, 29.336188436830852
2371.0, 40.64272211720225
2372.0, 43.87755102040815
2373.0, 38.73873873873874
2374.0, 32.93885601577908
2375.0, 42.48496993987975
2376.0, 44.58333333333333
2377.0, 48.04123711340208
2378.0, 37.274549098196374
2379.0, 38.142292490118564
2380.0, 40.15296367112808
2381.0, 40.85603112840467
2382.0, 47.30769230769229
2383.0, 52.13358070500926
2384.0, 54.14258188824663
2385.0, 52.49500998003993
2386.0, 55.62500000000004
2387.0, 64.64891041162227
2388.0, 65.88785046728974
2389.0, 64.98800959232616
2390.0, 65.96736596736599
2391.0, 67.2645739910314
2392.0, 71.42857142857142
2393.0, 74.08207343412528
2394.0, 74.89539748953976
2395.0, 87.21934369602761
2396.0, 85.58394160583943
2397.0, 83.46153846153848
2398.0, 87.37864077669899
2399.0, 84.05172413793107
2400.0, 80.75313807531384
2401.0, 85.20000000000009
2402.0, 82.03592814371258
2403.0, 76.31578947368428
2404.0, 70.89843750000004
2405.0, 70.436507936508
2406.0, 77.15430861723455
2407.0, 78.3681214421253
2408.0, 64.81149012567327
2409.0, 51.07398568019097
2410.0, 49.082568807339385
2411.0, 49.30875576036864
2412.0, 37.288135593220346
2413.0, 42.857142857142826
2414.0, 40.03294892915976
2415.0, 32.74193548387095
2416.0, 30.526315789473685
2417.0, 32.13728549141962
2418.0, 31.741140215716456
2419.0, 28.43450479233222
2420.0, 22.056631892697453
2421.0, 11.05442176870747
2422.0, 10.906040268456351
2423.0, 9.984639016897063
2424.0, 9.065550906555075
2425.0, 8.519003931847962
2426.0, 14.970930232558104
2427.0, 22.0
2428.0, 27.310344827586192
2429.0, 28.326180257510714
2430.0, 38.28892005610097
2431.0, 36.78474114441418
2432.0, 39.77272727272726
2433.0, 44.42970822281167
2434.0, 47.1830985915493
2435.0, 54.71014492753622
2436.0, 59.76253298153036
2437.0, 64.43812233285921
2438.0, 79.622641509434
2439.0, 80.3299492385787
2440.0, 77.77777777777781
2441.0, 74.70238095238099
2442.0, 73.39593114241006
2443.0, 75.767366720517
2444.0, 47.24220623501198
2445.0, 50.0
2446.0, 41.1764705882353
2447.0, 37.66094420600859
2448.0, 41.1134903640257
2449.0, 28.65362485615654
2450.0, 28.686635944700484
2451.0, 27.97752808988767
2452.0, 14.647137150466065
2453.0, 15.299026425591109
2454.0, 18.4065934065934
2455.0, 45.80291970802919
2456.0, 51.430907604251836
2457.0, 48.911353032659406
2458.0, 57.600732600732606
2459.0, 64.46661550268611
2460.0, 74.61799660441426
2461.0, 75.02095557418275
2462.0, 74.18244406196217
2463.0, 78.99543378995438
2464.0, 82.4313072439634
2465.0, 75.97851112816576
2466.0, 73.33848531684698
2467.0, 70.4005934718101
2468.0, 67.32168850072782
2469.0, 53.86904761904762
2470.0, 51.10410094637224
2471.0, 56.30530973451328
2472.0, 64.61538461538463
2473.0, 55.505952380952394
2474.0, 56.66666666666668
2475.0, 58.181818181818194
2476.0, 60.50531914893616
2477.0, 64.04358353510895
2478.0, 60.29411764705881
2479.0, 70.80062794348514
2480.0, 74.75409836065579
2481.0, 84.2293906810036
2482.0, 83.48134991119001
2483.0, 87.47967479674793
2484.0, 86.46748681898062
2485.0, 73.97476340694008
2486.0, 57.60000000000001
2487.0, 51.31034482758619
2488.0, 45.851528384279476
2489.0, 36.927223719676554
2490.0, 38.25857519788918
2491.0, 27.23785166240407
2492.0, 25.911458333333314
2493.0, 29.328165374676985
2494.0, 34.17569193742479
2495.0, 33.21123321123322
2496.0, 46.98275862068968
2497.0, 36.58051689860837
2498.0, 33.33333333333334
2499.0, 31.734317343173416
2500.0, 50.33840947546531
2501.0, 57.63622409823484
2502.0, 58.93682588597843
2503.0, 64.89959839357431
2504.0, 65.39984164687252
2505.0, 71.69334456613309
2506.0, 71.08433734939757
2507.0, 71.03448275862068
2508.0, 71.28205128205127
2509.0, 72.06982543640898
2510.0, 66.82509505703419
2511.0, 78.10140237324701
2512.0, 81.07502799552066
2513.0, 96.25806451612895
2514.0, 94.46564885496173
2515.0, 77.75229357798155
2516.0, 90.82308420056759
2517.0, 90.8143939393939
2518.0, 90.40553907022745
2519.0, 85.56304138594798
2520.0, 86.57117278424346
2521.0, 87.73507767784133
2522.0, 87.33108108108104
2523.0, 79.72865123703109
2524.0, 81.74242424242422
2525.0, 68.08236808236805
2526.0, 71.15384615384615
2527.0, 71.34328358208955
2528.0, 67.5141242937853
2529.0, 69.15509259259258
2530.0, 56.80713128038897
2531.0, 54.32811211871392
2532.0, 59.91316931982634
2533.0, 61.69895678092398
2534.0, 64.50276243093921
2535.0, 57.8226387887527
2536.0, 52.13559322033899
2537.0, 57.87263820853743
2538.0, 54.84581497797354
2539.0, 72.32897770945425
2540.0, 66.4763458401305
2541.0, 61.47798742138361
2542.0, 67.7551020408163
2543.0, 70.83003952569166
2544.0, 62.91666666666665
2545.0, 66.07999999999998
2546.0, 60.11288805268107
2547.0, 59.775491113189865
2548.0, 50.96921322690989
2549.0, 57.3634204275534
2550.0, 69.05071521456432
2551.0, 58.83084577114427
2552.0, 52.67260579064589
2553.0, 38.06275579809006
2554.0, 43.47826086956518
2555.0, 52.000000000000014
2556.0, 46.25954198473281
2557.0, 48.53801169590647
2558.0, 50.37936267071318
2559.0, 49.144634525660976
2560.0, 47.14946070878271
2561.0, 33.297062023939105
2562.0, 39.36696340257174
2563.0, 37.05220061412493
2564.0, 30.396902226524716
2565.0, 40.49429657794678
2566.0, 42.642642642642656
2567.0, 43.917525773195884
2568.0, 46.61432777232582
2569.0, 39.743589743589745
2570.0, 45.454545454545475
2571.0, 38.59964093357272
2572.0, 44.47368421052633
2573.0, 42.297174111212406
2574.0, 38.410596026490076
2575.0, 76.9035532994924
2576.0, 78.35394862036156
2577.0, 78.57142857142857
2578.0, 78.75770507349453
2579.0, 78.23129251700679
2580.0, 78.15533980582524
2581.0, 76.5209125475285
2582.0, 76.47619047619048
2583.0, 80.90452261306531
2584.0, 80.53278688524588
2585.0, 79.313824419778
2586.0, 78.8659793814433
2587.0, 75.9
2588.0, 81.46214099216711
2589.0, 63.09771309771312
2590.0, 54.25257731958761
2591.0, 54.01554404145076
2592.0, 57.04514363885091
2593.0, 57.79569892473122
2594.0, 63.24786324786325
2595.0, 70.19498607242343
2596.0, 61.40602582496414
2597.0, 64.7444298820446
2598.0, 59.27419354838713
2599.0, 63.000000000000014
2600.0, 62.1345029239766
2601.0, 64.58966565349542
2602.0, 53.34261838440115
2603.0, 48.06201550387597
2604.0, 68.69158878504675
2605.0, 68.01125703564733
2606.0, 77.95950155763245
2607.0, 76.29629629629628
2608.0, 70.83010085337472
2609.0, 69.60388035569929
2610.0, 76.2749445676275
2611.0, 75.71860816944024
2612.0, 80.95554080955543
2613.0, 77.41116751269035
2614.0, 77.81931464174455
2615.0, 80.22959183673468
2616.0, 86.17940199335546
2617.0, 85.54135843981172
2618.0, 70.22569444444446
2619.0, 59.92592592592588
2620.0, 41.190108191653756
2621.0, 41.80138568129331
2622.0, 49.50869236583524
2623.0, 50.297619047619044
2624.0, 43.91267842149453
2625.0, 44.28690575479564
2626.0, 29.295774647887285
2627.0, 37.354085603112885
2628.0, 30.134529147982065
2629.0, 26.58536585365863
2630.0, 23.841059602649096
2631.0, 31.86567164179108
2632.0, 36.02281988590057
2633.0, 53.14516129032258
2634.0, 69.25042589437815
2635.0, 65.3376729048006
2636.0, 64.73509933774831
2637.0, 55.65410199556539
2638.0, 56.42701525054463
2639.0, 44.376899696048625
2640.0, 41.64289788933261
2641.0, 33.38406900050737
2642.0, 38.93208916537068
2643.0, 57.36245954692556
2644.0, 64.03052375997225
2645.0, 61.9375907111756
2646.0, 61.61689730517116
2647.0, 53.03847536857245
2648.0, 56.012125294712014
2649.0, 59.0023125206475
2650.0, 56.48117294235252
2651.0, 64.53634085213031
2652.0, 60.80144621874058
2653.0, 67.15474209650581
2654.0, 72.43055555555553
2655.0, 82.1466524973432
2656.0, 81.47877013177155
2657.0, 77.39052725647895
2658.0, 72.1672167216721
2659.0, 66.63280853224985
2660.0, 68.57831325301201
2661.0, 73.61614071391622
2662.0, 70.85714285714289
2663.0, 64.01146131805157
2664.0, 60.607704829083055
2665.0, 37.63763763763764
2666.0, 38.52459016393441
2667.0, 45.050412465627865
2668.0, 40.34391534391531
2669.0, 34.85796822339911
2670.0, 44.081125827814574
2671.0, 38.56463467358412
2672.0, 47.07635009310988
2673.0, 50.15847860538826
2674.0, 48.965517241379324
2675.0, 52.64026402640264
2676.0, 41.44712430426717
2677.0, 42.91202458701499
2678.0, 49.867374005305024
2679.0, 58.74999999999999
2680.0, 66.1596958174905
2681.0, 64.06460296096904
2682.0, 62.303664921465966
2683.0, 62.05533596837947
2684.0, 52.80788177339901
2685.0, 51.963160445952504
2686.0, 40.89834515366431
2687.0, 52.53915519696252
2688.0, 45.57235421166305
2689.0, 43.60902255639098
2690.0, 62.27678571428571
2691.0, 67.25309876049579
2692.0, 66.00249066002492
2693.0, 71.00124636476941
2694.0, 59.405537459283366
2695.0, 59.60291734197732
2696.0, 66.35030198446937
2697.0, 67.80850185720179
2698.0, 63.85542168674697
2699.0, 63.682170542635625
2700.0, 67.01030927835049
2701.0, 57.12062256809337
2702.0, 64.87275761368377
2703.0, 65.38300544160735
2704.0, 58.05639476334337
2705.0, 57.543323139653424
2706.0, 60.521327014217995
2707.0, 53.11926605504587
2708.0, 60.50156739811914
2709.0, 60.480920020909544
2710.0, 62.18109054527262
2711.0, 55.60560560560559
2712.0, 57.38636363636363
2713.0, 61.88699360341154
2714.0, 50.41140976412508
2715.0, 55.73074590661007
2716.0, 45.21739130434781
2717.0, 43.85964912280702
2718.0, 36.34361233480178
2719.0, 31.484115694641986
2720.0, 33.10185185185185
2721.0, 39.17675544794188
2722.0, 34.82565647869133
2723.0, 28.200000000000003
2724.0, 20.63551401869158
2725.0, 21.17376294591483
2726.0, 26.491365777080063
2727.0, 24.625689519306547
2728.0, 24.920255183413076
2729.0, 27.826753545419677
2730.0, 27.816091954022966
2731.0, 28.260023355391183
2732.0, 31.40138408304496
2733.0, 36.88818145642657
2734.0, 31.726216099870825
2735.0, 25.937878176684123
2736.0, 33.174740484429066
2737.0, 36.874999999999986
2738.0, 43.84264538198405
2739.0, 35.56891766882518
2740.0, 33.22147651006712
2741.0, 31.104129263913833
2742.0, 29.96108949416343
2743.0, 25.99912165129561
2744.0, 32.07729468599035
2745.0, 38.09734513274339
2746.0, 36.93693693693696
2747.0, 27.51479289940832
2748.0, 21.709233791748574
2749.0, 28.472591804151193
2750.0, 37.86407766990293
2751.0, 40.10175763182239
2752.0, 32.91476407914763
2753.0, 36.31402183039462
2754.0, 35.556499575191154
2755.0, 31.716559302766186
2756.0, 29.062499999999986
2757.0, 28.134453781512605
2758.0, 28.97009966777408
2759.0, 22.90464879538513
2760.0, 29.13088285812435
2761.0, 32.69168026101141
2762.0, 40.59436274509804
2763.0, 38.13060971835344
2764.0, 33.433233433233426
2765.0, 39.825406381697775
2766.0, 45.73107500864155
2767.0, 44.847457627118644
2768.0, 47.363312843739884
2769.0, 56.06060606060607
2770.0, 64.04154045867591
2771.0, 71.26338329764454
2772.0, 70.63457330415754
2773.0, 75.95163457232424
2774.0, 72.11174242424242
2775.0, 72.20386974988202
2776.0, 59.72290945076695
2777.0, 60.41041041041043
2778.0, 50.34313725490197
2779.0, 46.43046007403492
2780.0, 45.610389610389596
2781.0, 49.29814710836609
2782.0, 51.84000000000001
2783.0, 55.539143279172826
2784.0, 64.01734104046243
2785.0, 61.37538779731128
2786.0, 61.790281329923275
2787.0, 58.98376113148246
2788.0, 59.32560590094836
2789.0, 52.13398163155051
2790.0, 65.98044261451363
2791.0, 63.433943592281025
2792.0, 72.14439655172411
2793.0, 70.3384968445209
2794.0, 66.09164420485175
2795.0, 73.1693989071038
2796.0, 69.23558897243106
2797.0, 59.999999999999986
2798.0, 55.85521646557841
2799.0, 55.41218637992829
2800.0, 59.999999999999964
2801.0, 61.54855643044618
2802.0, 64.70207253886011
2803.0, 66.91225720026787
2804.0, 60.97946287519744
2805.0, 67.35572782084407
2806.0, 62.39242685025813
2807.0, 58.88993414863592
2808.0, 72.4590163934426
2809.0, 57.53138075313804
2810.0, 63.74999999999995
2811.0, 78.29518547750587
2812.0, 72.18798151001536
2813.0, 72.442748091603
2814.0, 68.33333333333331
2815.0, 58.5919757759273
2816.0, 53.64936042136944
2817.0, 50.81967213114756
2818.0, 50.03620564808112
2819.0, 53.69127516778525
2820.0, 58.907672301690525
2821.0, 60.17643352236925
2822.0, 59.3307593307593
2823.0, 57.37398879900437
2824.0, 53.62220717670953
2825.0, 43.29470198675494
2826.0, 46.613190730837765
2827.0, 46.18149146451036
2828.0, 52.72296764009471
2829.0, 59.69615728328867
2830.0, 66.57917760279965
2831.0, 87.65120967741939
2832.0, 88.85350318471342
2833.0, 81.54735437972434
2834.0, 81.87772925764193
2835.0, 81.55555555555559
2836.0, 79.74738675958191
2837.0, 84.84708063021313
2838.0, 85.63899868247691
2839.0, 86.68566775244297
2840.0, 86.12459546925564
2841.0, 85.24989841527831
2842.0, 75.85928022644562
2843.0, 70.81917704794262
2844.0, 71.91133720930232
2845.0, 59.54997383568813
2846.0, 53.06618093503337
2847.0, 61.17192530585963
2848.0, 59.906914893617035
2849.0, 60.1454064771976
2850.0, 60.951105157401194
2851.0, 68.48559166155736
2852.0, 53.183098591549296
2853.0, 39.53974895397488
2854.0, 47.897623400365624
2855.0, 54.248366013071916
2856.0, 61.00352112676057
2857.0, 65.28497409326422
2858.0, 61.594202898550726
2859.0, 61.414456578263135
2860.0, 64.90066225165565
2861.0, 67.64064544265156
2862.0, 67.31277533039648
2863.0, 67.26951918835465
2864.0, 67.59751773049643
2865.0, 62.0235294117647
2866.0, 72.33809001097694
2867.0, 88.79148403256102
2868.0, 74.47089947089948
2869.0, 71.78362573099415
2870.0, 68.64784546805349
2871.0, 72.13114754098363
2872.0, 72.71317829457365
2873.0, 68.87755102040816
2874.0, 65.89002795899347
2875.0, 52.558139534883715
2876.0, 40.889370932754844
2877.0, 38.36206896551726
2878.0, 33.840304182509485
2879.0, 32.18806509945752
2880.0, 41.07285828662935
2881.0, 52.91106845809344
2882.0, 58.15752461322078
2883.0, 46.59474039109911
2884.0, 40.40935672514621
2885.0, 26.772568771793914
2886.0, 34.329395413481606
2887.0, 38.47163004263694
2888.0, 33.375039099155444
2889.0, 34.52492944496707
2890.0, 40.37286063569683
2891.0, 41.053921568627445
2892.0, 48.481342204223324
2893.0, 51.31229725744618
2894.0, 40.35177160336477
2895.0, 32.088937688718076
2896.0, 31.939890710382514
2897.0, 36.43668606262124
2898.0, 39.33691756272402
2899.0, 47.01892181363798
2900.0, 44.97589914720058
2901.0, 47.24493423391397
2902.0, 50.66717499046895
2903.0, 51.78837555886738
2904.0, 46.37336504161713
2905.0, 39.269873763220765
2906.0, 32.575757575757564
2907.0, 28.317324795446453
2908.0, 41.43109540636043
2909.0, 42.57830231502497
2910.0, 40.0
2911.0, 42.78161854412363
2912.0, 42.45855236554792
2913.0, 50.450856627592394
2914.0, 51.22059476253883
2915.0, 40.06575857209957
2916.0, 42.80320906087778
2917.0, 39.455782312925166
2918.0, 44.91879350348029
2919.0, 51.18984664198834
2920.0, 49.14802981895636
2921.0, 57.24465558194772
2922.0, 61.03896103896102
2923.0, 61.97802197802196
2924.0, 68.69671132764918
2925.0, 58.41184387617765
2926.0, 57.98263193052772
2927.0, 51.91682910981158
2928.0, 52.041477640959194
2929.0, 61.038062283737005
2930.0, 52.0427404148334
2931.0, 53.47798340778558
2932.0, 54.20854271356781
2933.0, 60.055671537926244
2934.0, 60.64652143359102
2935.0, 55.316285329744275
2936.0, 51.42648134601317
2937.0, 49.681978798586556
2938.0, 27.153341058323676
2939.0, 34.31625506819019
2940.0, 36.251362150381425
2941.0, 41.07526881720432
2942.0, 35.30796390741466
2943.0, 35.434612372748646
2944.0, 40.468364831553004
2945.0, 42.293906810035836
2946.0, 38.2879045996593
2947.0, 36.79901760130989
2948.0, 46.02051644853202
2949.0, 51.878172588832484
2950.0, 52.69461077844313
2951.0, 57.76930409914205
2952.0, 94.67192895905279
2953.0, 88.8596952180767
2954.0, 89.55665024630541
2955.0, 88.91213389121337
2956.0, 89.75754576942111
2957.0, 45.29981670594396
2958.0, 48.773908778813144
2959.0, 45.53507301891309
2960.0, 42.28007181328547
2961.0, 42.866894197952206
2962.0, 38.591342626559076
2963.0, 34.25808093662512
2964.0, 29.0966386554622
2965.0, 25.824175824175853
2966.0, 27.223719676549877
2967.0, 33.57215967246675
2968.0, 34.477536597677926
2969.0, 36.60561660561662
2970.0, 33.49455864570737
2971.0, 60.71898290223585
2972.0, 52.35235235235234
2973.0, 60.43388429752066
2974.0, 66.9336384439359
2975.0, 69.44127708095779
2976.0, 70.48458149779732
2977.0, 74.90535424553808
2978.0, 81.3741277509393
2979.0, 79.88980716253437
2980.0, 74.70794392523362
2981.0, 61.25391849529775
2982.0, 58.07327001356852
2983.0, 48.091603053435136
2984.0, 58.83575883575882
2985.0, 62.54136333553937
2986.0, 62.130177514792926
2987.0, 54.0843214756258
2988.0, 45.91722595078302
2989.0, 48.808893594494435
2990.0, 46.92645444566409
2991.0, 40.10695187165775
2992.0, 42.0889348500517
2993.0, 38.305882352941175
2994.0, 41.117953576504036
2995.0, 43.88270980788678
2996.0, 39.3103448275862
2997.0, 38.877229800629564
2998.0, 42.12617983109791
2999.0, 46.87642498860008
3000.0, 45.648312611012415
3001.0, 49.17050691244239
3002.0, 58.72317006053932
3003.0, 55.934195064629826
3004.0, 50.52816901408452
3005.0, 52.628361858190694
3006.0, 46.44091223220456
3007.0, 50.45045045045046
3008.0, 49.034749034749034
3009.0, 46.18181818181815
3010.0, 53.6441234405778
3011.0, 56.383712905452064
3012.0, 50.314465408805034
3013.0, 43.57142857142859
3014.0, 56.592465753424676
3015.0, 56.997455470737926
3016.0, 49.15874177029996
3017.0, 54.15567282321901
3018.0, 52.292993630573235
3019.0, 49.044205495818424
3020.0, 55.96282911719154
3021.0, 62.369856222112034
3022.0, 59.63479096588181
3023.0, 79.16421424367277
3024.0, 78.71956717763754
3025.0, 77.6229994072318
3026.0, 77.24532851115133
3027.0, 72.61089610002978
3028.0, 70.9455228553538
3029.0, 69.05578061701465
3030.0, 74.93564993564995
3031.0, 73.31738981892721
3032.0, 71.62883845126835
3033.0, 78.04716041182331
3034.0, 72.66061452513966
3035.0, 69.06917783411807
3036.0, 68.15582558970692
3037.0, 29.097839898348198
3038.0, 25.994694960212257
3039.0, 26.684819605173615
3040.0, 26.28336755646822
3041.0, 35.86497890295364
3042.0, 38.03975325565462
3043.0, 43.11864406779668
3044.0, 41.04005621925512
3045.0, 40.83916083916089
3046.0, 45.23625096824172
3047.0, 38.09106830122594
3048.0, 43.14868804664719
3049.0, 55.03062117235348
3050.0, 60.53897978825791
3051.0, 79.49002217294893
3052.0, 79.07239819004519
3053.0, 67.47104247104247
3054.0, 74.01696222050886
3055.0, 74.25515660809776
3056.0, 81.55446086480568
3057.0, 84.20805998125584
3058.0, 83.9140811455847
3059.0, 80.97650852141872
3060.0, 84.01522359657469
3061.0, 85.03340757238307
3062.0, 81.0580204778157
3063.0, 77.56671189507011
3064.0, 74.01812688821752
3065.0, 74.0293356341674
3066.0, 73.08524448290783
3067.0, 76.84258416742496
3068.0, 73.83033419023138
3069.0, 75.1707317073171
3070.0, 63.0560928433269
3071.0, 52.28975853455453
3072.0, 56.45896656534956
3073.0, 60.48582995951414
3074.0, 54.61936437546194
3075.0, 47.789115646258516
3076.0, 52.57249766136582
3077.0, 44.321766561514195
3078.0, 53.89457120377659
3079.0, 50.12615643397814
3080.0, 57.1107784431138
3081.0, 61.93181818181817
3082.0, 23.569131832797424
3083.0, 14.587674903245002
3084.0, 14.306569343065675
3085.0, 13.135716361522796
3086.0, 14.648772130211285
3087.0, 20.250800426894344
3088.0, 20.541271989174547
3089.0, 22.05999469073535
3090.0, 23.16753926701574
3091.0, 24.213406292749696
3092.0, 21.618562535370728
3093.0, 23.079064587973306
3094.0, 22.49649368863959
3095.0, 23.847862298722944
3096.0, 49.65317919075143
3097.0, 70.2745098039215
3098.0, 77.17484926787243
3099.0, 84.72121650977546
3100.0, 74.19847328244272
3101.0, 67.41363211951446
3102.0, 72.80788177339902
3103.0, 72.8880157170923
3104.0, 73.17784256559764
3105.0, 74.62834489593666
3106.0, 71.93486590038317
3107.0, 55.77235772357725
3108.0, 53.74149659863944
3109.0, 58.72534142640368
3110.0, 60.52836052836056
3111.0, 51.172413793103466
3112.0, 58.086008479709264
3113.0, 49.20977011494253
3114.0, 50.18315018315017
3115.0, 52.316464718460416
3116.0, 47.64119601328901
3117.0, 41.5941058271936
3118.0, 37.240455458807766
3119.0, 33.778857837181036
3120.0, 40.94223219293324
3121.0, 48.94971355824317
3122.0, 43.92282958199357
3123.0, 40.72059823249488
3124.0, 44.529262086514
3125.0, 54.80833893745794
3126.0, 50.58823529411763
3127.0, 45.74468085106382
3128.0, 50.06973500697348
3129.0, 49.32767162066526
3130.0, 49.15373765867421
3131.0, 37.839305103148746
3132.0, 38.465783664459146
3133.0, 43.45386533665833
3134.0, 41.63449163449167
3135.0, 41.10389610389613
3136.0, 39.56250000000004
3137.0, 37.813504823151106
3138.0, 30.525649145028467
3139.0, 21.884317233154462
3140.0, 21.321321321321307
3141.0, 21.05575326215896
3142.0, 18.972562755399892
3143.0, 14.333976833976834
3144.0, 21.53041825095056
3145.0, 29.44444444444447
3146.0, 28.839177750906913
3147.0, 36.90476190476196
3148.0, 41.81636726546907
3149.0, 41.200201714573865
3150.0, 33.265472312703565
3151.0, 42.430628731998624
3152.0, 46.58407079646019
3153.0, 48.8855869242199
3154.0, 44.02560455192035
3155.0, 46.593902898005275
3156.0, 46.33233532934133
3157.0, 53.13304721030044
3158.0, 53.393085787451994
3159.0, 52.36875800256081
3160.0, 53.23210412147507
3161.0, 49.48453608247423
3162.0, 45.93781344032095
3163.0, 45.3957192633151
3164.0, 68.47479259731973
3165.0, 56.39894086496024
3166.0, 54.30157261794632
3167.0, 51.176983435047994
3168.0, 69.47723440134908
3169.0, 75.27512839325021
3170.0, 76.33928571428574
3171.0, 80.18867924528305
3172.0, 73.01092043681756
3173.0, 76.05947955390339
3174.0, 67.79324055666005
3175.0, 68.80616174582802
3176.0, 63.70471633629532
3177.0, 62.887989203778666
3178.0, 60.029069767441875
3179.0, 56.66666666666669
3180.0, 53.56885364095173
3181.0, 56.50190114068438
3182.0, 48.04722979109904
3183.0, 37.82608695652171
3184.0, 49.85507246376811
3185.0, 43.61277445109783
3186.0, 46.390658174097645
3187.0, 40.36908881199544
3188.0, 53.80200860832136
3189.0, 67.00819672131135
3190.0, 73.132880698351
3191.0, 77.06333973128591
3192.0, 66.31205673758859
3193.0, 67.14542190305201
3194.0, 68.43549862763028
3195.0, 72.27053140096616
3196.0, 75.27993109388457
3197.0, 78.86597938144328
3198.0, 72.88135593220339
3199.0, 75.06234413965088
3200.0, 76.66666666666666
3201.0, 77.35849056603772
