0, -111512
1, 164614
2, 277352
3, 502417
4, 686432
5, 859213
6, 526106
7, 271835
8, 34717
9, 209951
10, 408265
11, 815100
12, 1223979
13, 1512361
14, 1102664
15, 880662
16, 599224
17, 259174
18, 543262
19, 267341
20, -80879
21, 123360
22, 393767
23, 29414
24, 402550
25, 629453
26, 798356
27, -388658
28, -2153249
29, -1174557
30, -393154
31, -741577
32, -1163935
33, -1485400
34, -1236233
35, -766285
36, -1082032
37, -797327
38, -995232
39, -807128
40, -992780
41, -775066
42, -1021781
43, -815300
44, -977254
45, -697452
46, -439503
47, -600444
48, -516501
49, -393143
50, -602280
51, -456045
52, -644553
53, -876155
54, -732786
55, -394371
56, -579814
57, -371496
58, -538560
59, -263049
60, -423780
61, -613513
62, -359650
63, -95370
64, 473421
65, 730755
66, 1024240
67, 930497
68, 1223575
69, 1474170
70, 1339991
71, 1583439
72, 1477849
73, 1227663
74, 1498684
75, 1755819
76, 1520947
77, 1249723
78, 1372262
79, 1649407
80, 2048890
81, 1749484
82, 1431489
83, 1198660
84, 1374305
85, 1195530
86, 1487992
87, 1333453
88, 1469472
89, 1308129
90, 1435161
91, 1631360
92, 1454082
93, 1207095
94, 1052422
95, 785282
96, 672272
97, 558310
98, 659339
99, 762822
100, 624895
101, 737905
102, 595484
103, 717750
104, 812519
105, 904697
106, 802036
107, 692567
108, 782431
109, 613326
110, 392070
111, 263673
112, 373553
113, 216561
114, 320584
115, 390564
116, 539657
117, 731638
118, 386755
119, 606918
120, 395875
121, 533530
122, 433317
123, 312410
124, 482197
125, 352304
126, 196676
127, 377355
128, 279189
129, 620126
130, 341006
131, 531900
132, 695427
133, 792777
134, 723880
135, 917905
136, 1066724
137, 945403
138, 758187
139, 941180
140, 1189531
141, 1107020
142, 807884
143, 490910
144, 643542
145, 775477
146, 926061
147, 747561
148, 597515
149, 807334
150, 921296
151, 773427
152, 571643
153, 197619
154, 840008
155, 1050506
156, 892430
157, 640951
158, 236567
159, -117304
160, 86387
161, 326977
162, -18448
163, 404050
164, 196274
165, 415757
166, 569617
167, 331750
168, 331750
169, 121522
170, 332289
171, 583363
172, 881818
173, 1114101
174, 1425764
175, 1626594
176, 1816122
177, 1676014
178, 1852474
179, 1987814
180, 1812443
181, 1658450
182, 1208721
183, 1495192
184, 1662937
185, 1505538
186, 1318460
187, 1535903
188, 1395116
189, 1483344
190, 1333707
191, 1449171
192, 1209400
193, 1456387
194, 1588733
195, 1960577
196, 2221857
197, 1922451
198, 2096870
199, 1911427
200, 2005512
201, 2375585
202, 2524678
203, 2320035
204, 2688341
205, 2549871
206, 2259040
207, 2364014
208, 2477566
209, 2310773
210, 2214784
211, 2288581
212, 2137855
213, 2263937
214, 2056434
215, 1926949
216, 1837900
217, 1682138
218, 1454621
219, 1583834
220, 1376331
221, 1261825
222, 1383549
223, 1218390
224, 1573896
225, 1438965
226, 948257
227, 1127573
228, 907410
229, 1034307
230, 1194425
231, 1342838
232, 1233095
233, 1400159
234, 1207767
235, 932864
236, 1200685
237, 1332891
238, 1200685
239, 1324315
240, 1268491
241, 1347051
242, 1229547
243, 1457472
244, 1589678
245, 1410766
246, 1284547
247, 1125789
248, 1209120
249, 1109315
250, 1195367
251, 1275972
252, 1174400
253, 1055396
254, 766063
255, 645970
256, 981731
257, 881656
258, 770824
259, 847618
260, 958311
261, 811261
262, 1064648
263, 1252135
264, 1026248
265, 545073
266, 710369
267, 560050
268, 747128
269, 897854
270, 991939
271, 891318
272, 891318
273, 1015358
274, 1161048
275, 1554268
276, 1368825
277, 1287813
278, 1182426
279, 1355346
280, 1141303
281, 1322254
282, 1223129
283, 1309994
284, 1204745
285, 1104261
286, 1287254
287, 1447102
288, 1377255
289, 1121959
290, 1007453
291, 1159268
292, 1266966
293, 1452959
294, 1452959
295, 1568963
296, 1729355
297, 1554257
298, 1825343
299, 2004935
300, 1915071
301, 1812956
302, 1657328
303, 1439344
304, 1233614
305, 1233614
306, 1728544
307, 1550180
308, 1412662
309, 1168533
310, 764012
311, 535406
312, 797644
313, 916238
314, 797511
315, 1104953
316, 1685523
317, 1411439
318, 1206388
319, 829913
320, 1175205
321, 1626832
322, 1960140
323, 2301622
324, 2032442
325, 2032442
326, 2334571
327, 2745353
328, 1949108
329, 1949108
330, 2386171
331, 3053883
332, 3523621
333, 3934135
334, 4323271
335, 4723573
336, 5073905
337, 5800571
338, 4860136
339, 5071586
340, 4587957
341, 5302370
342, 4745626
343, 5026924
344, 5302913
345, 4973003
346, 4652082
347, 4318089
348, 4596801
349, 4306513
350, 4560311
351, 4285408
352, 4011189
353, 4154290
354, 4346000
355, 4203036
356, 4082129
357, 4238304
358, 4462146
359, 4198002
360, 4402103
361, 4711176
362, 5025153
363, 5211008
364, 5002552
365, 4797770
366, 5031415
367, 4828950
368, 4618318
369, 4879738
370, 4556502
371, 4311692
372, 4311692
373, 4178532
374, 4066881
375, 3928137
376, 3690818
377, 3489715
378, 3767747
379, 4160424
380, 4436141
381, 4246884
382, 4392574
383, 4528456
384, 4388081
385, 4216799
386, 4421038
387, 4206863
388, 4424442
389, 4554745
390, 4296592
391, 3770758
392, 3509883
393, 2911200
394, 3184466
395, 2989899
396, 2759928
397, 3227763
398, 2966208
399, 2631129
400, 3127829
401, 2701253
402, 2701253
403, 3250372
404, 3858994
405, 4481370
406, 4987735
407, 5305117
408, 4807737
409, 5143636
410, 5401928
411, 5206134
412, 5069706
413, 4462448
414, 4702219
415, 4864789
416, 4613854
417, 4801480
418, 4370405
419, 4564564
420, 4727134
421, 4540327
422, 4775743
423, 4534201
424, 4132675
425, 4895014
426, 5219203
427, 5426024
428, 5161338
429, 5329628
430, 5047786
431, 5345560
432, 5345560
433, 5620323
434, 5891818
435, 5585872
436, 5847564
437, 6092916
438, 5942870
439, 5595940
440, 5668785
441, 5372234
442, 5657211
443, 5420027
444, 5003116
445, 4672800
446, 4855933
447, 4707520
448, 4555705
449, 4658366
450, 4548897
451, 4817398
452, 5098428
453, 5300348
454, 5414991
455, 5092572
456, 4925508
457, 4661771
458, 4844084
459, 4994130
460, 4872545
461, 4741559
462, 4909030
463, 4759393
464, 4592464
465, 4812219
466, 4294551
467, 3847005
468, 3572102
469, 3864021
470, 3687425
471, 3951705
472, 4059133
473, 3883356
474, 3748969
475, 3532616
476, 3641405
477, 3911812
478, 3680616
479, 3765578
480, 3960283
481, 4277122
482, 4636029
483, 4431655
484, 4661626
485, 4803091
486, 4658765
487, 4497558
488, 4685591
489, 4575987
490, 4466383
491, 4203190
492, 4203190
493, 4029043
494, 3882129
495, 4045787
496, 4216528
497, 4323547
498, 4176362
499, 4418448
500, 4260642
501, 4445270
502, 4166013
503, 3796076
504, 3498302
505, 3158183
506, 2979408
507, 3254990
508, 2916639
509, 3311767
510, 3541329
511, 3355886
512, 3125372
513, 3428865
514, 3579998
515, 4161118
516, 4494020
517, 4995624
518, 5476121
519, 5947903
520, 5678314
521, 5864986
522, 5693430
523, 5262766
524, 4991812
525, 5199178
526, 5016185
527, 5180800
528, 5046142
529, 4947701
530, 5098564
531, 4990590
532, 4512543
533, 4276583
534, 4161803
535, 4460225
536, 4278864
537, 4120651
538, 3864543
539, 4105133
540, 3989534
541, 3531228
542, 3814704
543, 3814704
544, 3713675
545, 3446876
546, 3731174
547, 3911446
548, 3600326
549, 3723547
550, 3992455
551, 3784406
552, 4099338
553, 3618567
554, 3848401
555, 3514408
556, 3231681
557, 3496777
558, 3275111
559, 3467092
560, 3639466
561, 3367696
562, 3644504
563, 2975296
564, 3225010
565, 2902180
566, 2640488
567, 3180894
568, 3767731
569, 4024932
570, 3630285
571, 3896338
572, 3476156
573, 3754188
574, 3622389
575, 3161770
576, 3528984
577, 3884625
578, 4276891
579, 4414680
580, 4206495
581, 4052775
582, 3787270
583, 4549067
584, 4136922
585, 3725321
586, 4349874
587, 4853790
588, 4538179
589, 4795790
590, 4623959
591, 4979465
592, 5190097
593, 5016637
594, 4717362
595, 4957407
596, 5343823
597, 5974230
598, 5617089
599, 5821190
600, 5501767
601, 5645820
602, 5284193
603, 5505314
604, 5166555
605, 4812142
606, 4425865
607, 4061373
608, 4374261
609, 4114337
610, 4668904
611, 4204614
612, 3542619
613, 3919639
614, 3356904
615, 2390872
616, 901995
617, 1833717
618, 2292974
619, 1902610
620, 1509526
621, 2058783
622, 2700081
623, 2445875
624, 2278946
625, 2464257
626, 2222851
627, 2523077
628, 2945844
629, 2732215
630, 2932364
631, 2683332
632, 2889607
633, 2723224
634, 2356830
635, 2198072
636, 1961022
637, 1806349
638, 1972871
639, 1851420
640, 2038362
641, 1859862
642, 1478213
643, 1757878
644, 1529680
645, 1374190
646, 1701101
647, 1553643
648, 1421981
649, 1515249
650, 1678907
651, 1519604
652, 1735545
653, 1468129
654, 1251504
655, 1133046
656, 1327886
657, 1130188
658, 857061
659, 684415
660, 366
661, 196025
662, -116182
663, 128084
664, -179765
665, 81247
666, -264595
667, 54694
668, -339479
669, 59189
670, 402710
671, 700756
672, 530694
673, 242312
674, 628317
675, 126174
676, -534050
677, -105022
678, 154632
679, -291279
680, 170017
681, 574055
682, 968364
683, 1323735
684, 1044070
685, 608095
686, 1025143
687, 539725
688, 1008239
689, 1331612
690, 1417117
691, 1093338
692, 1093338
693, 1338557
694, -674215
695, 164512
696, -546091
697, -1013791
698, -675032
699, -145245
700, 223010
701, 627394
702, 256367
703, 642562
704, 1086978
705, 675377
706, 1117015
707, 234306
708, 1053723
709, 1427203
710, 2038818
711, 1919681
712, 2290765
713, 2102732
714, 2516104
715, 2119213
716, 1648111
717, 1195628
718, 662979
719, 1013311
720, 581286
721, 1016036
722, -24187
723, 512846
724, 1138621
725, 1564729
726, 1979463
727, 2375771
728, 1877161
729, 2254588
730, 2778656
731, 3096309
732, 2756462
733, 3009798
734, 3257333
735, 3041251
736, 3343203
737, 3566772
738, 3400114
739, 3204049
740, 2977211
741, 3282475
742, 3088316
743, 2855399
744, 3025186
745, 3218935
746, 3046561
747, 3182311
748, 2999450
749, 3692897
750, 3436298
751, 3587293
752, 3872951
753, 4199361
754, 4491010
755, 4206757
756, 3870256
757, 4110301
758, 4303915
759, 4079940
760, 3796324
761, 4006688
762, 3855010
763, 4071363
764, 3774542
765, 3942398
766, 3744561
767, 3562927
768, 3832468
769, 3627074
770, 4445649
771, 4907084
772, 4292200
773, 3916306
774, 4167923
775, 3839173
776, 4077260
777, 4360580
778, 4547932
779, 4392194
780, 4531620
781, 4388383
782, 4317266
783, 4154696
784, 4318628
785, 4155403
786, 3922331
787, 4145547
788, 4506447
789, 4645769
790, 4835115
791, 5020137
792, 4728235
793, 4863628
794, 5214490
795, 5506147
796, 5726169
797, 5958269
798, 6244352
799, 5998027
800, 6245686
801, 6097558
802, 5888885
803, 5733539
804, 6039482
805, 5694237
806, 6099293
807, 5625386
808, 5625386
809, 5311357
810, 5134334
811, 4901919
812, 4767341
813, 4552982
814, 4810244
815, 4958668
816, 4737168
817, 4899818
818, 5205824
819, 5503041
820, 5956310
821, 6574841
822, 6169269
823, 6465367
824, 6206588
825, 6439258
826, 6667212
827, 6466633
828, 6620563
829, 6772798
830, 7014081
831, 6863001
832, 6592151
833, 6991429
834, 6553489
835, 6309942
836, 6051967
837, 6266291
838, 6150404
839, 5696510
840, 5462119
841, 5677671
842, 5321563
843, 5199961
844, 5446674
845, 5717939
846, 5404367
847, 6613543
848, 7195571
849, 6775004
850, 7241946
851, 7659907
852, 8129176
853, 7668199
854, 7206286
855, 7870080
856, 7299646
857, 6896370
858, 6489398
859, 6175886
860, 6555830
861, 6217903
862, 5976493
863, 5671414
864, 5179676
865, 5641644
866, 5990485
867, 5586774
868, 5974605
869, 6365744
870, 6031458
871, 5731505
872, 6213269
873, 6513284
874, 6740314
875, 6550167
876, 6337867
877, 5480595
878, 5782835
879, 5540947
880, 5799425
881, 6124330
882, 6316737
883, 6029057
884, 6350800
885, 5756178
886, 6064247
887, 6377202
888, 6761101
889, 6413843
890, 6742155
891, 7069768
892, 6916605
893, 7346663
894, 8063621
895, 7443153
896, 6795079
897, 7863684
898, 7570781
899, 7969863
900, 7643922
901, 8212752
902, 8000250
903, 7750592
904, 8055977
905, 7783088
906, 7540857
907, 7286834
908, 6901463
909, 6505125
910, 6041235
911, 5623102
912, 6262887
913, 6586299
914, 6276690
915, 6042715
916, 6416623
917, 6097592
918, 6453730
919, 6275163
920, 6091012
921, 6438050
922, 6053510
923, 6358679
924, 6725974
925, 6968916
926, 7231269
927, 7573229
928, 7400130
929, 7157111
930, 6901003
931, 6633457
932, 6861747
933, 6643658
934, 6438483
935, 6229050
936, 6612885
937, 6386818
938, 6173778
939, 6483512
940, 6259155
941, 5800349
942, 6187211
943, 5876879
944, 6142982
945, 6341648
946, 6202871
947, 5891436
948, 6360930
949, 6660064
950, 6911218
951, 7377496
952, 7633679
953, 7414215
954, 7099069
955, 6874469
956, 7173719
957, 6948870
958, 7421174
959, 7151459
960, 6901044
961, 7353699
962, 7072988
963, 6871563
964, 6947032
965, 7030408
966, 6853035
967, 7051118
968, 7276635
969, 7118469
970, 6868847
971, 7074519
972, 6916506
973, 7123090
974, 6800962
975, 7205264
976, 6930365
977, 6678111
978, 6958696
979, 7142177
980, 6766238
981, 7078220
982, 6848351
983, 6564960
984, 6747117
985, 6581083
986, 6744464
987, 6471008
988, 5945856
989, 6207701
990, 6406327
991, 6273547
992, 6605561
993, 6944912
994, 6811539
995, 6554842
996, 6764575
997, 7020732
998, 7292898
999, 6975367
1000, 6791406
1001, 7011814
1002, 7203448
1003, 6923246
1004, 7402461
1005, 7068915
1006, 6870251
1007, 7188457
1008, 6856330
1009, 6366762
1010, 5936599
1011, 5647284
1012, 6018754
1013, 5691609
1014, 6069537
1015, 6335578
1016, 6614357
1017, 6815318
1018, 6479818
1019, 6927064
1020, 6591591
1021, 6842650
1022, 6429580
1023, 6778763
1024, 6501332
1025, 6753993
1026, 7253633
1027, 6932874
1028, 6637553
1029, 7033609
1030, 6761593
1031, 7117403
1032, 7367405
1033, 7018543
1034, 6834624
1035, 7176254
1036, 7594339
1037, 7594339
1038, 7208937
1039, 7655666
1040, 8116297
1041, 8423410
1042, 8132585
1043, 8495963
1044, 8067109
1045, 7498683
1046, 7888192
1047, 7414459
1048, 7764495
1049, 8130332
1050, 7801533
1051, 7569454
1052, 7925812
1053, 7750147
1054, 7561320
1055, 7383715
1056, 7611951
1057, 7821261
1058, 8062380
1059, 7770197
1060, 7957394
1061, 7791750
1062, 7948020
1063, 8155182
1064, 8532922
1065, 8876720
1066, 8703918
1067, 8962384
1068, 8691698
1069, 8458645
1070, 8093452
1071, 8380710
1072, 7977207
1073, 7720098
1074, 7883012
1075, 8078228
1076, 7871086
1077, 7748404
1078, 7495322
1079, 7319335
1080, 6719208
1081, 6358126
1082, 5878512
1083, 6452096
1084, 5896512
1085, 1014068
1086, 2870814
1087, 1950366
1088, 1266229
1089, 2253523
1090, 3967711
1091, 3512077
1092, 4000229
1093, 4624370
1094, 3917160
1095, 4608331
1096, 4216820
1097, 4892322
1098, 4385668
1099, 4820007
1100, 5440473
1101, 6229064
1102, 6906922
1103, 7374219
1104, 7029125
1105, 7428653
1106, 6678798
1107, 7004453
1108, 7687540
1109, 7389280
1110, 7079886
1111, 6650677
1112, 7026623
1113, 7480587
1114, 7774333
1115, 8118995
1116, 7746728
1117, 7393361
1118, 7711465
1119, 8265350
1120, 7781654
1121, 6820611
1122, 6346578
1123, 6783340
1124, 6278967
1125, 5875731
1126, 6368868
1127, 6746908
1128, 5940446
1129, 4999456
1130, 4999456
1131, 5609396
1132, 5122350
1133, 4849379
1134, 5252202
1135, 4790364
1136, 3789147
1137, 2981568
1138, 3985437
1139, 4512610
1140, 3811105
1141, 4428556
1142, 5075282
1143, 4341892
1144, 4884985
1145, 5579501
1146, 6175435
1147, 6719075
1148, 9867855
1149, 8253583
1150, 8526713
1151, 8120915
1152, 8436137
1153, 8201169
1154, 8406607
1155, 8029163
1156, 7756199
1157, 7393340
1158, 7163874
1159, 7361677
1160, 7632200
1161, 7437859
1162, 7881140
1163, 8121021
1164, 8442927
1165, 8742536
1166, 8936888
1167, 8741728
1168, 8587045
1169, 8753362
1170, 8950143
1171, 8722809
1172, 8885663
1173, 8758916
1174, 8591005
1175, 8476552
1176, 8269825
1177, 8399699
1178, 8174405
1179, 8354586
1180, 8480472
1181, 8367842
1182, 8562966
1183, 8481389
1184, 8618423
1185, 8545570
1186, 8622989
1187, 8832501
1188, 8710971
1189, 8842400
1190, 8591973
1191, 8453938
1192, 8256365
1193, 8112222
1194, 8262771
1195, 8073465
1196, 7984933
1197, 7924123
1198, 7538628
1199, 7769745
1200, 7576617
1201, 7431082
1202, 7565018
1203, 7716999
1204, 7597461
1205, 7464781
1206, 7253202
1207, 7404655
1208, 7488590
1209, 7338291
1210, 7211781
1211, 7104608
1212, 7624619
1213, 7500857
1214, 7614758
1215, 7712788
1216, 7741077
1217, 7678527
1218, 7601050
1219, 7721688
1220, 7797117
1221, 7921934
1222, 8162887
1223, 8461855
1224, 8203090
1225, 8390437
1226, 8527976
1227, 8420702
1228, 8509644
1229, 8416729
1230, 8259410
1231, 8381445
1232, 8249337
1233, 8065740
1234, 7928034
1235, 7805833
1236, 7675034
1237, 7807128
1238, 7645884
1239, 7969176
1240, 8073832
1241, 8202757
1242, 8132011
1243, 7919162
1244, 8051945
1245, 7934804
1246, 8068699
1247, 7965159
1248, 8166766
1249, 8022776
1250, 8118183
1251, 8211068
1252, 8282580
1253, 8381756
1254, 8233853
1255, 8393588
1256, 8471857
1257, 8528810
1258, 8405592
1259, 8569996
1260, 8328598
1261, 8517173
1262, 8619417
1263, 8736359
1264, 8670429
1265, 8602290
1266, 8681848
1267, 8740844
1268, 8814517
1269, 8879668
1270, 8746102
1271, 8620393
1272, 8320237
1273, 8544023
1274, 8640658
1275, 8523194
1276, 8383697
1277, 8294906
1278, 8382737
1279, 8184957
1280, 8321128
1281, 8490220
1282, 8672301
1283, 8481775
1284, 8215477
1285, 8502466
1286, 9044140
1287, 8902862
1288, 9109178
1289, 8955451
1290, 9244084
1291, 9401583
1292, 9238384
1293, 9412211
1294, 9503777
1295, 9592223
1296, 9672581
1297, 9811031
1298, 9979534
1299, 9802220
1300, 10081573
1301, 10271103
1302, 10005515
1303, 10144202
1304, 9977744
1305, 9788495
1306, 9412098
1307, 9104654
1308, 9376095
1309, 9598341
1310, 9809733
1311, 9614221
1312, 9451366
1313, 9764710
1314, 9530798
1315, 9847256
1316, 9465416
1317, 9820654
1318, 9543909
1319, 9923016
1320, 9596025
1321, 9881138
1322, 9620759
1323, 9320299
1324, 9604178
1325, 9852523
1326, 9571523
1327, 9322686
1328, 9608578
1329, 9815516
1330, 10134365
1331, 10254953
1332, 10423814
1333, 10701457
1334, 10547568
1335, 10790952
1336, 10561414
1337, 10228309
1338, 9915524
1339, 9422847
1340, 9136327
1341, 9496613
1342, 9282292
1343, 9005904
1344, 8826851
1345, 9099286
1346, 8928680
1347, 8682472
1348, 8883198
1349, 9087548
1350, 9229740
1351, 9050441
1352, 9264740
1353, 9369278
1354, 9369278
1355, 9094595
1356, 9264784
1357, 9441405
1358, 9298870
1359, 9638972
1360, 9826907
1361, 10010062
1362, 9829502
1363, 9686587
1364, 9941307
1365, 9672891
1366, 9861990
1367, 9673780
1368, 9876359
1369, 9722086
1370, 9599024
1371, 9715251
1372, 9568758
1373, 9373365
1374, 9512127
1375, 9385303
1376, 9592355
1377, 9729901
1378, 9825506
1379, 9600957
1380, 9819138
1381, 9695280
1382, 9527581
1383, 9648878
1384, 9444874
1385, 9599143
1386, 9421536
1387, 9788649
1388, 10043064
1389, 10308278
1390, 10471089
1391, 10311226
1392, 10097518
1393, 10241388
1394, 10148274
1395, 10317703
1396, 10432444
1397, 10218610
1398, 10111973
1399, 10302289
1400, 10495471
1401, 10369771
1402, 10261737
1403, 10414979
1404, 10559503
1405, 10708708
1406, 10891155
1407, 11187282
1408, 10824935
1409, 10971435
1410, 10800184
1411, 10959075
1412, 10821755
1413, 10965647
1414, 11153459
1415, 11256779
1416, 11425380
1417, 11613444
1418, 11471256
1419, 11659482
1420, 11764805
1421, 11584301
1422, 11684659
1423, 11547971
1424, 11612733
1425, 11688617
1426, 11790366
1427, 11669203
1428, 11593632
1429, 11487252
1430, 11343099
1431, 11470339
1432, 11555419
1433, 11741566
1434, 12055216
1435, 11940153
1436, 11828659
1437, 11952944
1438, 12016451
1439, 11936392
1440, 11833211
1441, 11693566
1442, 11821189
1443, 12056937
1444, 12204910
1445, 12296559
1446, 12186662
1447, 12293523
1448, 12268115
1449, 12424744
1450, 12137411
1451, 12288610
1452, 12426597
1453, 12571546
1454, 12671401
1455, 12821017
1456, 12710248
1457, 12588744
1458, 12685547
1459, 12525403
1460, 12394039
1461, 12242029
1462, 12102618
1463, 11860388
1464, 11718584
1465, 11783223
1466, 11721218
1467, 11626874
1468, 11673570
1469, 11572963
1470, 11632446
1471, 11699801
1472, 11608124
1473, 11745531
1474, 11625422
1475, 11442059
1476, 11164026
1477, 11164026
1478, 10971291
1479, 11130519
1480, 11229719
1481, 11072758
1482, 10948998
1483, 10788203
1484, 10467061
1485, 10634643
1486, 10323331
1487, 10428236
1488, 10274118
1489, 10508328
1490, 10705203
1491, 10499192
1492, 10666748
1493, 10848740
1494, 10695383
1495, 10859593
1496, 10711505
1497, 10778275
1498, 10919159
1499, 11005823
1500, 11117047
1501, 11291414
1502, 11191728
1503, 11026381
1504, 11174291
1505, 11066541
1506, 11369282
1507, 11143372
1508, 11329138
1509, 11453587
1510, 11314578
1511, 11065067
1512, 11213702
1513, 11384017
1514, 11231510
1515, 11068422
1516, 11177888
1517, 11249133
1518, 11057185
1519, 11200943
1520, 10833778
1521, 11093284
1522, 10794148
1523, 10163244
1524, 12353435
1525, 12745185
1526, 12481248
1527, 12761768
1528, 12962133
1529, 13161173
1530, 13026768
1531, 13158998
1532, 13284032
1533, 13098732
1534, 13225044
1535, 13091954
1536, 13243402
1537, 13028857
1538, 13226504
1539, 13048089
1540, 13180018
1541, 13400954
1542, 13223463
1543, 13116418
1544, 13335653
1545, 13215300
1546, 13090016
1547, 13221661
1548, 13102293
1549, 12981624
1550, 13138748
1551, 13340516
1552, 13245827
1553, 13408444
1554, 13241876
1555, 13398691
1556, 13544164
1557, 13313630
1558, 13202942
1559, 13306161
1560, 13457220
1561, 13311977
1562, 13442060
1563, 13335358
1564, 13144604
1565, 13144604
1566, 13270002
1567, 13596318
1568, 13225682
1569, 13529097
1570, 13708077
1571, 13867717
1572, 14017630
1573, 13884478
1574, 14203788
1575, 13685744
1576, 13342060
1577, 13574383
1578, 13317429
1579, 13605112
1580, 13301906
1581, 13591504
1582, 13256884
1583, 13535151
1584, 13756627
1585, 13597064
1586, 13738789
1587, 14426332
1588, 14717588
1589, 14962843
1590, 14688256
1591, 15035752
1592, 14811493
1593, 14976532
1594, 15135529
1595, 14992600
1596, 14890576
1597, 15086524
1598, 15374917
1599, 15631758
1600, 14667933
1601, 15090115
1602, 14821347
1603, 15059485
1604, 15247679
1605, 15054828
1606, 15265244
1607, 15480971
1608, 15752414
1609, 15399793
1610, 15713784
1611, 15835137
1612, 15660995
1613, 15827874
1614, 15590321
1615, 15430561
1616, 15196631
1617, 15492485
1618, 15198184
1619, 15510761
1620, 15216607
1621, 15619730
1622, 15115645
1623, 15667038
1624, 15240952
1625, 15517211
1626, 15228139
1627, 15075977
1628, 14808252
1629, 14543001
1630, 14110340
1631, 13739417
1632, 13987253
1633, 14212711
1634, 14015880
1635, 13829154
1636, 14023384
1637, 14179894
1638, 13946168
1639, 13681782
1640, 13375603
1641, 13103623
1642, 13414779
1643, 13710645
1644, 13425008
1645, 13832766
1646, 14184843
1647, 13856773
1648, 14040775
1649, 13830013
1650, 14675214
1651, 14675214
1652, 14276913
1653, 13928399
1654, 13572048
1655, 13901310
1656, 14082343
1657, 14330183
1658, 14135829
1659, 13904835
1660, 13640916
1661, 13294526
1662, 13643061
1663, 13426339
1664, 13803469
1665, 13521210
1666, 13716997
1667, 13484185
1668, 13694108
1669, 13485792
1670, 13604267
1671, 13426749
1672, 13631504
1673, 13829428
1674, 13974172
1675, 14184903
1676, 14428470
1677, 14252103
1678, 14440710
1679, 14798010
1680, 14525721
1681, 14347916
1682, 14098279
1683, 14273738
1684, 13961693
1685, 13961693
1686, 14088015
1687, 14301539
1688, 14076522
1689, 14282085
1690, 14495310
1691, 14295317
1692, 14031565
1693, 13868778
1694, 14041923
1695, 13872506
1696, 14036715
1697, 13880749
1698, 13710669
1699, 13591428
1700, 13941726
1701, 13538563
1702, 14032591
1703, 14509296
1704, 14770810
1705, 14487850
1706, 14748050
1707, 14977103
1708, 14619556
1709, 14874930
1710, 14715428
1711, 14515255
1712, 14297748
1713, 14533185
1714, 15019106
1715, 14818960
1716, 15000232
1717, 15103932
1718, 14988936
1719, 15055646
1720, 14986003
1721, 14902376
1722, 14989680
1723, 14803601
1724, 14998188
1725, 14728949
1726, 14977505
1727, 14610725
1728, 14807766
1729, 14951048
1730, 14715354
1731, 14829575
1732, 14697141
1733, 14839695
1734, 15051756
1735, 15210071
1736, 15464483
1737, 15343826
1738, 15506292
1739, 15736221
1740, 15581645
1741, 15696179
1742, 15592269
1743, 15801487
1744, 16016568
1745, 16174554
1746, 16355776
1747, 16223013
1748, 16390357
1749, 16268914
1750, 16146925
1751, 16010021
1752, 16198429
1753, 16409816
1754, 16224378
1755, 16380072
1756, 16504021
1757, 16214954
1758, 16040253
1759, 16219357
1760, 16051522
1761, 16242503
1762, 16502760
1763, 16351974
1764, 16139790
1765, 15900165
1766, 16146761
1767, 15938253
1768, 16078055
1769, 16257277
1770, 16469099
1771, 16580815
1772, 16842980
1773, 16692769
1774, 16898019
1775, 17518395
1776, 17235311
1777, 17388471
1778, 17511266
1779, 17291829
1780, 16995018
1781, 17184982
1782, 16996521
1783, 16827102
1784, 16668118
1785, 16537827
1786, 16696997
1787, 16532308
1788, 16397874
1789, 16277619
1790, 16122745
1791, 15881710
1792, 16076764
1793, 16206614
1794, 15993982
1795, 16158140
1796, 16410717
1797, 16530682
1798, 16398271
1799, 16545577
1800, 16420718
1801, 16265452
1802, 16378190
1803, 16506739
1804, 16659416
1805, 16512354
1806, 16357742
1807, 16489054
1808, 16313284
1809, 16134288
1810, 16312132
1811, 15978736
1812, 16122900
1813, 16228910
1814, 16108557
1815, 15940476
1816, 16053154
1817, 16232284
1818, 15960992
1819, 16216542
1820, 16011950
1821, 15831390
1822, 16118722
1823, 16255976
1824, 16427252
1825, 16554696
1826, 16452807
1827, 16662497
1828, 16469531
1829, 16718350
1830, 16498420
1831, 16821917
1832, 16551946
1833, 16336501
1834, 16102434
1835, 16353202
1836, 16104570
1837, 16327741
1838, 16824329
1839, 16657422
1840, 16855755
1841, 16976587
1842, 16815762
1843, 16988820
1844, 16847007
1845, 16666574
1846, 16763536
1847, 16919418
1848, 17105025
1849, 17282971
1850, 17420153
1851, 16817910
1852, 16560065
1853, 16244892
1854, 16414667
1855, 16240760
1856, 16240760
1857, 16466680
1858, 16343147
1859, 16232084
1860, 16415603
1861, 16343379
1862, 16200070
1863, 16053893
1864, 15888434
1865, 15770425
1866, 15856301
1867, 15984713
1868, 15930569
1869, 15765517
1870, 15581728
1871, 15803246
1872, 15927700
1873, 15815003
1874, 15967307
1875, 15856115
1876, 15975695
1877, 16056601
1878, 15956849
1879, 16154255
1880, 16354802
1881, 16194759
1882, 16002208
1883, 15858974
1884, 15858974
1885, 15950202
1886, 15864825
1887, 15798531
1888, 15994023
1889, 16099379
1890, 16170735
1891, 16117006
1892, 16030102
1893, 16229282
1894, 15906949
1895, 16142543
1896, 15996613
1897, 16140329
1898, 16022689
1899, 15943187
1900, 16119333
1901, 16258823
1902, 16140546
1903, 16031643
1904, 16155707
1905, 16155707
1906, 15642643
1907, 15760285
1908, 15621148
1909, 15506753
1910, 15605908
1911, 15526568
1912, 15633932
1913, 15504063
1914, 15402468
1915, 15540901
1916, 15704079
1917, 15828807
1918, 15732087
1919, 15838509
1920, 15838509
1921, 15755586
1922, 15838103
1923, 15838103
1924, 15935638
1925, 16038063
1926, 15854074
1927, 15767260
1928, 15667544
1929, 15630929
1930, 15712152
1931, 15811965
1932, 15711560
1933, 15890222
1934, 15784174
1935, 15922484
1936, 16023825
1937, 15883261
1938, 15744218
1939, 15834378
1940, 15834378
1941, 16002452
1942, 15863659
1943, 15765877
1944, 15612106
1945, 15724791
1946, 15597855
1947, 15657175
1948, 15713036
1949, 15573002
1950, 15662757
1951, 15784296
1952, 15667133
1953, 15473813
1954, 15757799
1955, 15439307
1956, 15175373
1957, 15349710
1958, 15488348
1959, 15692240
1960, 15438968
1961, 15188512
1962, 15303350
1963, 15425615
1964, 15598225
1965, 15704270
1966, 15885367
1967, 15754639
1968, 16371621
1969, 16446303
1970, 16289027
1971, 16416049
1972, 16289022
1973, 16474138
1974, 16259032
1975, 16454794
1976, 16633138
1977, 16819407
1978, 16697397
1979, 16492670
1980, 16323644
1981, 16103937
1982, 16437534
1983, 16709888
1984, 16577780
1985, 16818644
1986, 16953036
1987, 17076551
1988, 16923603
1989, 17044415
1990, 17200833
1991, 16990080
1992, 17105191
1993, 16959985
1994, 17155286
1995, 16987883
1996, 16869067
1997, 17004579
1998, 16932270
1999, 16740395
2000, 16880710
2001, 16704746
2002, 16910524
2003, 16732456
2004, 16660896
2005, 16921091
2006, 17087779
2007, 16856058
2008, 16691132
2009, 16870669
2010, 16629491
2011, 16890938
2012, 16999490
2013, 16835376
2014, 17011747
2015, 16883504
2016, 16646879
2017, 16520402
2018, 16393999
2019, 16771544
2020, 16936614
2021, 17064926
2022, 17214504
2023, 16944185
2024, 16250474
2025, 16100754
2026, 15958318
2027, 16132865
2028, 15623258
2029, 15935211
2030, 16244731
2031, 16046120
2032, 15835773
2033, 16181334
2034, 16376241
2035, 16593765
2036, 16334412
2037, 16520122
2038, 16658854
2039, 16567126
2040, 16444418
2041, 16568033
2042, 16314537
2043, 16162602
2044, 15881973
2045, 15702604
2046, 15478294
2047, 15328892
2048, 15468751
2049, 15302159
2050, 15442605
2051, 15584536
2052, 15704267
2053, 15905793
2054, 15786272
2055, 15958225
2056, 15770990
2057, 15865199
2058, 16025680
2059, 15938552
2060, 16015365
2061, 16138908
2062, 16035228
2063, 16139986
2064, 16065910
2065, 16255697
2066, 16141882
2067, 15944769
2068, 16147256
2069, 16261700
2070, 16369065
2071, 16226263
2072, 16436669
2073, 16621354
2074, 16793226
2075, 16668410
2076, 16757149
2077, 16544584
2078, 16808688
2079, 16917061
2080, 16816012
2081, 16928496
2082, 16820893
2083, 16875807
2084, 16824039
2085, 16733657
2086, 16870367
2087, 16799790
2088, 16879167
2089, 16939435
2090, 16848874
2091, 16718650
2092, 16718650
2093, 16589067
2094, 16679342
2095, 16609184
2096, 16675478
2097, 17516808
2098, 17646490
2099, 17759606
2100, 17876843
2101, 17969016
2102, 18082498
2103, 18205938
2104, 18374834
2105, 18498556
2106, 18373835
2107, 18323328
2108, 18233239
2109, 18163614
2110, 18234512
2111, 18164561
2112, 18218838
2113, 18286033
2114, 18221470
2115, 18317053
2116, 18253398
2117, 18327489
2118, 18419395
2119, 18556111
2120, 18653428
2121, 18715304
2122, 18785510
2123, 18721545
2124, 18640779
2125, 18701595
2126, 18628134
2127, 18725262
2128, 18818081
2129, 18728838
2130, 18620770
2131, 18507002
2132, 18507002
2133, 18568001
2134, 18460068
2135, 18363312
2136, 18224174
2137, 18156660
2138, 18037471
2139, 18109759
2140, 18173840
2141, 18084834
2142, 18211341
2143, 18438847
2144, 18358634
2145, 18220846
2146, 18314396
2147, 18314396
2148, 18375657
2149, 18276821
2150, 18345387
2151, 18463708
2152, 18572917
2153, 18677450
2154, 18579244
2155, 19109382
2156, 19204336
2157, 19112828
2158, 18965978
2159, 19036055
2160, 18979996
2161, 19105795
2162, 19185921
2163, 19122265
2164, 19039639
2165, 19091482
2166, 19002056
2167, 18924447
2168, 19019447
2169, 19124654
2170, 19241495
2171, 19241495
2172, 19165466
2173, 19247297
2174, 19390360
2175, 19529332
2176, 19469985
2177, 19586027
2178, 19502087
2179, 19502087
2180, 19572625
2181, 19717902
2182, 19774198
2183, 19701000
2184, 19538458
2185, 19375462
2186, 19469713
2187, 19410814
2188, 19313004
2189, 19445991
2190, 19599968
2191, 19639332
2192, 19701255
2193, 19767918
2194, 19827588
2195, 19901167
2196, 20010078
2197, 19855052
2198, 20030364
2199, 20221437
2200, 20094250
2201, 19950193
2202, 20033492
2203, 20092198
2204, 20049185
2205, 19946846
2206, 19590555
2207, 19436157
2208, 19498256
2209, 19366515
2210, 19234180
2211, 19167768
2212, 19099067
2213, 18940234
2214, 19053117
2215, 19197770
2216, 18929156
2217, 19262714
2218, 19028746
2219, 19556371
2220, 19556371
2221, 19437604
2222, 19557561
2223, 19386259
2224, 19538104
2225, 19674465
2226, 19459752
2227, 19585697
2228, 19427843
2229, 19318424
2230, 19183298
2231, 19042072
2232, 18939863
2233, 18800411
2234, 18867646
2235, 18674959
2236, 18562170
2237, 18687761
2238, 18847215
2239, 18955730
2240, 19153296
2241, 18974635
2242, 18869891
2243, 18636268
2244, 18517758
2245, 18683136
2246, 18526253
2247, 18321661
2248, 18202325
2249, 18393829
2250, 18566827
2251, 18730222
2252, 18538785
2253, 18680322
2254, 18556914
2255, 18644029
2256, 18563813
2257, 18657739
2258, 18775085
2259, 18936194
2260, 19047311
2261, 18928772
2262, 19234694
2263, 19397050
2264, 19290023
2265, 19071575
2266, 18936238
2267, 19297011
2268, 19624920
2269, 19813771
2270, 19959606
2271, 20116325
2272, 19999644
2273, 19882417
2274, 19768280
2275, 19907373
2276, 20069876
2277, 19966087
2278, 19859685
2279, 19129694
2280, 19756215
2281, 19487937
2282, 19185035
2283, 19013548
2284, 19013548
2285, 19280213
2286, 19567537
2287, 19872286
2288, 20059128
2289, 20254895
2290, 19976507
2291, 19776989
2292, 19912001
2293, 19742670
2294, 19534038
2295, 19227820
2296, 19471650
2297, 19695939
2298, 19882090
2299, 20075378
2300, 20213632
2301, 20402492
2302, 20577312
2303, 20767052
2304, 20594172
2305, 20765698
2306, 20599220
2307, 20782048
2308, 20543991
2309, 20699219
2310, 20926520
2311, 20715071
2312, 20538599
2313, 20823237
2314, 21157591
2315, 21430832
2316, 21715523
2317, 21475622
2318, 21164504
2319, 21311638
2320, 21017387
2321, 20487868
2322, 20717329
2323, 20899770
2324, 21025004
2325, 21136832
2326, 20974726
2327, 20859554
2328, 20687766
2329, 20551542
2330, 20804827
2331, 20947702
2332, 21122151
2333, 21267082
2334, 21391249
2335, 21282394
2336, 21158032
2337, 21010622
2338, 21182477
2339, 21335931
2340, 21146597
2341, 21266415
2342, 21118922
2343, 20274883
2344, 20143561
2345, 20313453
2346, 20200241
2347, 20111809
2348, 20422139
2349, 20541210
2350, 20682486
2351, 20785127
2352, 20861378
2353, 20722603
2354, 20722603
2355, 20854338
2356, 20681752
2357, 20492664
2358, 20692259
2359, 20585976
2360, 20361368
2361, 20198898
2362, 20392031
2363, 20275989
2364, 20144739
2365, 20032862
2366, 19879892
2367, 19784278
2368, 19520320
2369, 19597917
2370, 19759446
2371, 19565114
2372, 19417841
2373, 19555394
2374, 19655169
2375, 19784043
2376, 19627073
2377, 19866145
2378, 20188198
2379, 20002883
2380, 19908751
2381, 20000303
2382, 19880699
2383, 20073943
2384, 20205837
2385, 20029566
2386, 19756554
2387, 20016440
2388, 20164033
2389, 20299439
2390, 20173607
2391, 20060843
2392, 19895137
2393, 20150818
2394, 20542745
2395, 20203248
2396, 19993224
2397, 19806557
2398, 19577821
2399, 19777482
2400, 19991986
2401, 19867867
2402, 19766124
2403, 19908171
2404, 19775035
2405, 19967510
2406, 19486788
2407, 19354685
2408, 19186203
2409, 19306543
2410, 19627362
2411, 19449209
2412, 19326755
2413, 19139934
2414, 18391448
2415, 18504874
2416, 18588894
2417, 18498629
2418, 18363448
2419, 18512440
2420, 18339551
2421, 18513402
2422, 18331338
2423, 18486618
2424, 18191868
2425, 18432073
2426, 18273657
2427, 18438514
2428, 18588293
2429, 18479203
2430, 18690629
2431, 18578980
2432, 18476557
2433, 18716739
2434, 18566776
2435, 18691834
2436, 18432714
2437, 18301189
2438, 18141579
2439, 18294599
2440, 18539941
2441, 18322186
2442, 18241944
2443, 18393550
2444, 18652468
2445, 18652468
2446, 18487848
2447, 18406454
2448, 18241338
2449, 18406065
2450, 18923183
2451, 18603550
2452, 18831156
2453, 19095542
2454, 18901682
2455, 19049474
2456, 18695811
2457, 18320441
2458, 18476871
2459, 18209287
2460, 18069770
2461, 17922745
2462, 18159469
2463, 17942065
2464, 18118523
2465, 18329764
2466, 18027752
2467, 17725752
2468, 18056974
2469, 18412918
2470, 17948978
2471, 18349472
2472, 18526323
2473, 18454133
2474, 18536632
2475, 18669718
2476, 18517097
2477, 18333580
2478, 18222256
2479, 18097236
2480, 17894006
2481, 18205311
2482, 18796090
2483, 18576320
2484, 18782050
2485, 18557058
2486, 18753761
2487, 18575628
2488, 18784059
2489, 18612359
2490, 18399621
2491, 18671724
2492, 18791402
2493, 18945924
2494, 18810894
2495, 18676567
2496, 18868477
2497, 18655458
2498, 18830353
2499, 19029412
2500, 19160017
2501, 19292231
2502, 19125041
2503, 18955201
2504, 19077959
2505, 19260736
2506, 19359210
2507, 19359210
2508, 19265687
2509, 19076673
2510, 19167273
2511, 19246654
2512, 19375370
2513, 19204991
2514, 19072614
2515, 18986702
2516, 19095066
2517, 18945838
2518, 18674442
2519, 18506758
2520, 18299618
2521, 18104411
2522, 18312888
2523, 18448161
2524, 18271960
2525, 18499101
2526, 18336165
2527, 18470876
2528, 18292425
2529, 18058876
2530, 17766518
2531, 18165028
2532, 17901453
2533, 18275448
2534, 18045046
2535, 17820940
2536, 17977128
2537, 18270725
2538, 18522543
2539, 18227710
2540, 18020809
2541, 17805812
2542, 17587615
2543, 17782147
2544, 17634110
2545, 17869122
2546, 17625563
2547, 17417200
2548, 17596515
2549, 17793791
2550, 17559230
2551, 17761625
2552, 17910319
2553, 18067998
2554, 18184379
2555, 18339377
2556, 18139224
2557, 17999341
2558, 17783671
2559, 17520997
2560, 17816055
2561, 17949191
2562, 18124945
2563, 17979033
2564, 17848812
2565, 17981385
2566, 18127229
2567, 18005421
2568, 17802233
2569, 17649643
2570, 17493100
2571, 17690078
2572, 17524341
2573, 17356349
2574, 17243002
2575, 17243002
2576, 17023238
2577, 17144456
2578, 17274342
2579, 17083521
2580, 16844213
2581, 16661891
2582, 16872617
2583, 17015622
2584, 16851534
2585, 16703620
2586, 16553492
2587, 16755472
2588, 16950084
2589, 17106364
2590, 17358799
2591, 17214789
2592, 17127892
2593, 17358799
2594, 17633544
2595, 17471463
2596, 17780415
2597, 17599258
2598, 17693182
2599, 18070666
2600, 17882707
2601, 18081857
2602, 18314214
2603, 18443389
2604, 18292462
2605, 18513552
2606, 18726499
2607, 18506524
2608, 18618855
2609, 18786290
2610, 18700284
2611, 18589768
2612, 18744821
2613, 18648554
2614, 18575378
2615, 18494614
2616, 18585861
2617, 18516031
2618, 18413964
2619, 18353059
2620, 18234592
2621, 18438057
2622, 18355066
2623, 18479443
2624, 18384684
2625, 18461207
2626, 18563497
2627, 18465156
2628, 18324827
2629, 18410830
2630, 18473661
2631, 18319499
2632, 18238514
2633, 18279340
2634, 18365009
2635, 18506677
2636, 18425913
2637, 18264056
2638, 18029469
2639, 17762112
2640, 17969704
2641, 18195925
2642, 18457508
2643, 18318630
2644, 18494096
2645, 18304575
2646, 18110257
2647, 18526892
2648, 18439438
2649, 18320527
2650, 18139037
2651, 18015034
2652, 17893512
2653, 18020895
2654, 18145071
2655, 18399504
2656, 18563594
2657, 18229102
2658, 18376609
2659, 18211743
2660, 18401363
2661, 18595562
2662, 18734223
2663, 18431667
2664, 18233517
2665, 18411543
2666, 18627386
2667, 18796788
2668, 18890482
2669, 18719754
2670, 18869361
2671, 19034008
2672, 18829775
2673, 18682972
2674, 18525402
2675, 18346160
2676, 18542210
2677, 18641395
2678, 18767260
2679, 18691726
2680, 18620734
2681, 18692499
2682, 18573853
2683, 18629694
2684, 18540571
2685, 18672486
2686, 18543888
2687, 18431433
2688, 18513957
2689, 18655604
2690, 18550877
2691, 18664770
2692, 18543358
2693, 18461583
2694, 18556125
2695, 18419233
2696, 18562981
2697, 18253481
2698, 18447650
2699, 18686602
2700, 18523725
2701, 18732048
2702, 18943247
2703, 19098938
2704, 19231628
2705, 19356134
2706, 19248212
2707, 19023965
2708, 19164794
2709, 19336733
2710, 19105876
2711, 19227841
2712, 19073590
2713, 18906510
2714, 18707806
2715, 18835183
2716, 18704734
2717, 18550453
2718, 18736087
2719, 18879043
2720, 18734111
2721, 17942645
2722, 17829310
2723, 17942726
2724, 17845739
2725, 17782939
2726, 17882418
2727, 18031383
2728, 17908644
2729, 17788492
2730, 17629184
2731, 17780003
2732, 17594471
2733, 17829216
2734, 17646150
2735, 17824685
2736, 18061165
2737, 17859125
2738, 17859125
2739, 18047692
2740, 17903310
2741, 17694221
2742, 17931451
2743, 18109121
2744, 17971905
2745, 18135133
2746, 18029484
2747, 18117127
2748, 18325870
2749, 18155100
2750, 18013679
2751, 17892438
2752, 17723213
2753, 17454610
2754, 17234617
2755, 17393439
2756, 17517213
2757, 17682059
2758, 17828142
2759, 17968620
2760, 18088579
2761, 18173095
2762, 18089179
2763, 18200747
2764, 18471179
2765, 18582775
2766, 18664540
2767, 18581428
2768, 18419668
2769, 18472754
2770, 18573395
2771, 18673042
2772, 18740790
2773, 18833902
2774, 18717418
2775, 18660570
2776, 18576342
2777, 18649612
2778, 18769535
2779, 18686609
2780, 18798216
2781, 18990932
2782, 19210760
2783, 19084692
2784, 18994919
2785, 18895658
2786, 18989458
2787, 19082400
2788, 19200008
2789, 19328962
2790, 19209724
2791, 19359116
2792, 19258331
2793, 19112237
2794, 19211251
2795, 18941595
2796, 18768459
2797, 19020503
2798, 19139393
2799, 19283228
2800, 19404100
2801, 19490063
2802, 19553220
2803, 19655775
2804, 19585613
2805, 19677552
2806, 19769691
2807, 19678067
2808, 19764293
2809, 19664725
2810, 19567457
2811, 19453761
2812, 19513112
2813, 19415741
2814, 19317688
2815, 19179333
2816, 19287902
2817, 19360694
2818, 19284844
2819, 19181274
2820, 19313048
2821, 19215935
2822, 19303026
2823, 19182720
2824, 19295460
2825, 19466678
2826, 19642054
2827, 19508329
2828, 19664487
2829, 19784374
2830, 19670891
2831, 19852686
2832, 19698005
2833, 19836566
2834, 19999593
2835, 19893089
2836, 19784654
2837, 19892687
2838, 20041848
2839, 19931979
2840, 20034165
2841, 19949818
2842, 19829315
2843, 19919400
2844, 19754439
2845, 20066197
2846, 20255336
2847, 20172880
2848, 20072383
2849, 20188062
2850, 20027668
2851, 19794052
2852, 19662313
2853, 19808349
2854, 19970783
2855, 20052820
2856, 19946790
2857, 20032825
2858, 19854992
2859, 20061354
2860, 20270163
2861, 20469989
2862, 20298200
2863, 20192805
2864, 20060500
2865, 20308721
2866, 20504554
2867, 20779196
2868, 20558457
2869, 20293936
2870, 20702402
2871, 21089777
2872, 21259624
2873, 21144179
2874, 21372518
2875, 21246178
2876, 20945949
2877, 20584414
2878, 20304076
2879, 20520226
2880, 20806417
2881, 20542405
2882, 20872958
2883, 21160912
2884, 21006588
2885, 21172363
2886, 21017103
2887, 21180421
2888, 21308356
2889, 21180292
2890, 21345442
2891, 21461572
2892, 21299310
2893, 21460008
2894, 21351546
2895, 21439443
2896, 21326813
2897, 21093683
2898, 20861672
2899, 21102246
2900, 20921481
2901, 21130597
2902, 20985846
2903, 20788069
2904, 20916981
2905, 20792248
2906, 20928820
2907, 21082195
2908, 20801754
2909, 20890812
2910, 20799139
2911, 20976122
2912, 21130791
2913, 21054065
2914, 20974456
2915, 21067812
2916, 20971346
2917, 20889635
2918, 20990276
2919, 20914201
2920, 20825972
2921, 20920355
2922, 20493980
2923, 20678709
2924, 20793814
2925, 20676288
2926, 20748944
2927, 20637187
2928, 20726389
2929, 20613297
2930, 20506105
2931, 20331845
2932, 20187165
2933, 19961609
2934, 20095779
2935, 19985692
2936, 19880313
2937, 19786373
2938, 19894722
2939, 19894722
2940, 19779132
2941, 19860187
2942, 19953670
2943, 20105344
2944, 20223661
2945, 20336303
2946, 20473545
2947, 20643289
2948, 20822884
2949, 20608926
2950, 20757141
2951, 20920286
2952, 20332720
2953, 20633447
2954, 20826013
2955, 20658343
2956, 20428901
2957, 20349983
2958, 20163114
2959, 19960676
2960, 19737350
2961, 19902924
2962, 20066711
2963, 20278795
2964, 20472471
2965, 20709343
2966, 20912021
2967, 21094557
2968, 20884784
2969, 20721218
2970, 20579881
2971, 20419565
2972, 19821310
2973, 20045895
2974, 20200969
2975, 20061523
2976, 19894766
2977, 19713377
2978, 19859319
2979, 19673942
2980, 19856357
2981, 19685853
2982, 19808641
2983, 20062848
2984, 19354624
2985, 18529496
2986, 19042966
2987, 19390047
2988, 19053415
2989, 18844226
2990, 19102753
2991, 19309036
2992, 19104079
2993, 18826740
2994, 18649015
2995, 18462847
2996, 18630507
2997, 18630507
2998, 18227290
2999, 18003546
3000, 17677264
3001, 17418092
3002, 17130886
3003, 16687952
3004, 16983577
3005, 16782504
3006, 16633775
3007, 16891670
3008, 17162136
3009, 17336262
3010, 17219795
3011, 17369487
3012, 17485020
3013, 17352662
3014, 17496432
3015, 17684885
3016, 17817225
3017, 17546064
3018, 17764370
3019, 17339524
3020, 17146470
3021, 16848602
3022, 16351132
3023, 15996023
3024, 15693326
3025, 15444809
3026, 15795133
3027, 15405181
3028, 15760668
3029, 15546521
3030, 15732231
3031, 16163296
3032, 15599354
3033, 14636055
3034, 14293784
3035, 13888181
3036, 13411177
3037, 13710117
3038, 13368493
3039, 13662231
3040, 13177110
3041, 13579556
3042, 13857151
3043, 13454791
3044, 13196526
3045, 12951748
3046, 12476650
3047, 12809908
3048, 13536805
3049, 13809003
3050, 14249023
3051, 14630711
3052, 14334306
3053, 14561471
3054, 14810697
3055, 14616117
3056, 14820326
3057, 14429024
3058, 14153587
3059, 14393705
3060, 14619909
3061, 14797025
3062, 14627139
3063, 14423625
3064, 14613832
3065, 14436895
3066, 14289948
3067, 14524394
3068, 14235539
3069, 14484526
3070, 14794414
3071, 14586834
3072, 14364928
3073, 14108981
3074, 13848745
3075, 13568755
3076, 13985328
3077, 13633636
3078, 13975606
3079, 13659371
3080, 13949367
3081, 13553779
3082, 13259712
3083, 12866520
3084, 12398078
3085, 13116248
3086, 12708503
3087, 12319314
3088, 11912575
3089, 11392293
3090, 10782148
3091, 11430636
3092, 11999201
3093, 11575389
3094, 11990382
3095, 11635614
3096, 10856795
3097, 11245812
3098, 10918608
3099, 10685026
3100, 10472740
3101, 10903734
3102, 11260796
3103, 11009201
3104, 11280008
3105, 11462516
3106, 11163518
3107, 11365479
3108, 11102886
3109, 10598406
3110, 10941649
3111, 10638815
3112, 10933262
3113, 11206658
3114, 11536464
3115, 11310776
3116, 11533411
3117, 11334912
3118, 11509975
3119, 11386988
3120, 11196791
3121, 10952816
3122, 11207738
3123, 11324159
3124, 11539937
3125, 11412330
3126, 11203114
3127, 11599137
3128, 11250759
3129, 10927703
3130, 11121642
3131, 10733441
3132, 10468557
3133, 10171932
3134, 9941097
3135, 9734706
3136, 9603665
3137, 9394779
3138, 9642193
3139, 8622002
3140, 9205562
3141, 9657562
3142, 9233350
3143, 8882602
3144, 9439606
3145, 9996956
3146, 9506947
3147, 8991425
3148, 9471683
3149, 9066322
3150, 9569557
3151, 9293608
3152, 9664621
3153, 9249691
3154, 9512161
3155, 9694692
3156, 9455467
3157, 9749957
3158, 9475930
3159, 10008735
3160, 9676717
3161, 9514513
3162, 9258824
3163, 8974444
3164, 9369972
3165, 9714467
3166, 10210491
3167, 9741661
3168, 9362371
3169, 9081499
3170, 9415023
3171, 9024340
3172, 8623060
3173, 8992381
3174, 8806805
3175, 8469268
3176, 8686010
3177, 8433647
3178, 8097454
3179, 8247152
3180, 8545452
3181, 8375499
3182, 8585919
3183, 8481822
3184, 8712725
3185, 8942961
3186, 8792002
3187, 8586719
3188, 8465061
3189, 8235896
3190, 7937287
3191, 8136967
3192, 8315666
3193, 8664004
3194, 8442833
3195, 8270055
3196, 8081292
3197, 8258987
3198, 8538412
3199, 8730601
