0, 17.6
1, 18.0
2, 18.4
3, 18.4
4, 18.4
5, 18.0
6, 18.0
7, 18.0
8, 18.0
9, 18.0
10, 18.0
11, 18.0
12, 18.0
13, 18.0
14, 18.0
15, 18.0
16, 18.0
17, 22.0
18, 20.0
19, 17.92
20, 18.0
21, 18.4
22, 18.4
23, 19.2
24, 19.2
25, 19.2
26, 19.2
27, 20.0
28, 20.0
29, 20.0
30, 19.92
31, 20.0
32, 20.0
33, 20.4
34, 20.4
35, 32.0
36, 17.2
37, 22.16
38, 22.16
39, 22.4
40, 22.4
41, 22.16
42, 22.16
43, 22.4
44, 22.0
45, 22.4
46, 22.0
47, 20.8
48, 22.96
49, 21.52
50, 22.0
51, 22.0
52, 22.0
53, 19.6
54, 19.6
55, 22.64
56, 19.76
57, 20.0
58, 23.2
59, 19.76
60, 23.6
61, 23.6
62, 21.92
63, 23.2
64, 20.16
65, 19.68
66, 19.6
67, 22.8
68, 19.6
69, 20.4
70, 22.8
71, 23.6
72, 21.2
73, 21.2
74, 20.0
75, 18.0
76, 18.4
77, 20.0
78, 18.4
79, 18.4
80, 20.0
81, 20.0
82, 18.8
83, 20.24
84, 20.0
85, 18.4
86, 19.36
87, 20.4
88, 18.8
89, 18.4
90, 18.8
91, 20.8
92, 23.2
93, 22.4
94, 22.0
95, 19.6
96, 19.6
97, 18.8
98, 20.0
99, 23.2
100, 20.4
101, 24.0
102, 22.0
103, 23.2
104, 22.0
105, 21.2
106, 20.4
107, 20.24
108, 21.2
109, 21.2
110, 20.0
111, 21.2
112, 19.92
113, 20.08
114, 20.0
115, 18.8
116, 18.4
117, 18.8
118, 20.4
119, 19.6
120, 19.2
121, 18.8
122, 18.8
123, 18.32
124, 19.2
125, 19.2
126, 19.2
127, 17.2
128, 16.8
129, 17.6
130, 19.2
131, 20.0
132, 19.2
133, 17.2
134, 20.0
135, 20.0
136, 17.6
137, 18.4
138, 20.0
139, 20.4
140, 20.4
141, 20.0
142, 18.4
143, 20.4
144, 20.4
145, 18.8
146, 20.0
147, 21.2
148, 20.0
149, 20.0
150, 21.6
151, 19.6
152, 20.0
153, 19.6
154, 19.6
155, 20.4
156, 19.2
157, 19.6
158, 19.2
159, 19.6
160, 18.8
161, 19.2
162, 18.0
163, 20.0
164, 20.0
165, 16.8
166, 18.8
167, 16.4
168, 16.8
169, 17.2
170, 20.0
171, 18.0
172, 16.8
173, 16.8
174, 16.0
175, 17.2
176, 18.0
177, 18.72
178, 16.0
179, 17.6
180, 17.2
181, 17.6
182, 18.0
183, 18.0
184, 17.6
185, 16.96
186, 16.88
187, 16.96
188, 16.96
189, 16.96
190, 16.8
191, 16.4
192, 16.8
193, 16.8
194, 16.8
195, 16.8
196, 16.8
197, 16.0
198, 16.24
199, 16.24
200, 16.4
201, 16.72
202, 16.4
203, 16.24
204, 15.76
205, 15.6
206, 16.4
207, 15.76
208, 15.6
209, 15.28
210, 16.0
211, 15.2
212, 14.0
213, 14.4
214, 14.0
215, 14.4
216, 14.72
217, 14.4
218, 14.16
219, 12.8
220, 12.8
221, 14.4
222, 14.16
223, 13.76
224, 14.4
225, 12.8
226, 12.8
227, 14.0
228, 14.4
229, 14.0
230, 14.4
231, 12.96
232, 12.96
233, 12.0
234, 12.0
235, 11.6
236, 12.0
237, 12.16
238, 12.4
239, 12.8
240, 12.64
241, 13.28
242, 12.4
243, 13.2
244, 12.8
245, 13.2
246, 13.2
247, 12.8
248, 12.8
249, 12.8
250, 12.8
251, 13.44
252, 14.0
253, 13.36
254, 13.2
255, 14.0
256, 13.52
257, 14.0
258, 14.8
259, 13.92
260, 13.6
261, 13.6
262, 13.84
263, 14.4
264, 15.6
265, 14.8
266, 15.6
267, 15.2
268, 16.4
269, 16.8
270, 20.0
271, 17.6
272, 19.2
273, 16.96
274, 17.6
275, 18.8
276, 19.2
277, 21.6
278, 18.4
279, 20.0
280, 18.4
281, 18.4
282, 18.4
283, 18.4
284, 20.0
285, 19.2
286, 19.2
287, 19.2
288, 18.48
289, 18.72
290, 19.2
291, 19.2
292, 19.2
293, 19.12
294, 19.36
295, 19.2
296, 19.6
297, 18.8
298, 18.8
299, 18.96
300, 19.2
301, 18.4
302, 18.0
303, 18.4
304, 18.4
305, 17.6
306, 18.0
307, 16.08
308, 17.6
309, 17.6
310, 18.4
311, 18.4
312, 17.6
313, 16.0
314, 18.0
315, 16.8
316, 16.24
317, 17.6
318, 16.56
319, 17.2
320, 17.76
321, 18.0
322, 18.0
323, 17.6
324, 18.4
325, 18.0
326, 18.0
327, 18.0
328, 18.8
329, 19.6
330, 19.2
331, 19.6
332, 19.2
333, 19.44
334, 19.2
335, 19.2
336, 19.6
337, 18.8
338, 18.4
339, 18.8
340, 18.8
341, 19.76
342, 18.56
343, 19.2
344, 19.12
345, 19.6
346, 19.6
347, 19.6
348, 19.52
349, 20.0
350, 20.0
351, 19.6
352, 20.0
353, 20.0
354, 21.68
355, 22.0
356, 22.88
357, 23.76
358, 22.4
359, 23.2
360, 23.2
361, 23.44
362, 23.6
363, 24.0
364, 26.4
365, 27.6
366, 27.2
367, 27.6
368, 27.6
369, 27.2
370, 29.6
371, 31.6
372, 32.0
373, 32.8
374, 32.8
375, 34.4
376, 34.48
377, 35.2
378, 34.32
379, 34.0
380, 32.4
381, 32.8
382, 33.36
383, 33.2
384, 33.28
385, 33.28
386, 33.2
387, 33.6
388, 36.0
389, 35.2
390, 37.52
391, 37.44
392, 36.88
393, 37.2
394, 36.4
395, 36.16
396, 36.0
397, 38.48
398, 38.72
399, 38.64
400, 38.88
401, 38.24
402, 38.64
403, 39.6
404, 42.0
405, 45.2
406, 42.4
407, 42.4
408, 41.2
409, 39.2
410, 39.6
411, 39.76
412, 45.2
413, 44.4
414, 44.0
415, 44.0
416, 44.0
417, 48.96
418, 48.4
419, 48.56
420, 47.2
421, 47.2
422, 48.0
423, 48.8
424, 49.2
425, 49.36
426, 49.6
427, 50.24
428, 52.0
429, 54.8
430, 56.56
431, 58.8
432, 58.16
433, 58.4
434, 54.4
435, 53.6
436, 52.8
437, 53.2
438, 53.92
439, 51.44
440, 53.2
441, 54.8
442, 55.68
443, 54.4
444, 51.92
445, 53.6
446, 51.2
447, 48.0
448, 47.2
449, 48.0
450, 45.12
451, 46.0
452, 47.36
453, 47.2
454, 47.28
455, 46.88
456, 47.36
457, 48.8
458, 53.12
459, 52.8
460, 51.92
461, 52.0
462, 53.92
463, 55.04
464, 58.0
465, 56.8
466, 56.88
467, 56.24
468, 57.92
469, 57.28
470, 59.2
471, 58.4
472, 58.16
473, 56.8
474, 54.48
475, 59.28
476, 58.96
477, 58.48
478, 56.8
479, 56.4
480, 56.32
481, 56.4
482, 57.68
483, 56.96
484, 57.12
485, 54.08
486, 55.04
487, 55.76
488, 55.28
489, 55.44
490, 55.2
491, 55.12
492, 54.64
493, 55.04
494, 55.28
495, 57.6
496, 56.8
497, 56.0
498, 56.0
499, 56.0
500, 55.12
501, 54.4
502, 58.72
503, 56.32
504, 55.92
505, 55.68
506, 59.28
507, 68.8
508, 72.0
509, 75.04
510, 73.6
511, 73.6
512, 71.76
513, 71.36
514, 78.4
515, 75.84
516, 74.16
517, 71.36
518, 72.88
519, 74.0
520, 73.84
521, 72.72
522, 72.24
523, 74.08
524, 76.16
525, 77.84
526, 88.48
527, 86.56
528, 85.12
529, 82.08
530, 82.08
531, 75.84
532, 70.88
533, 69.92
534, 71.76
535, 71.84
536, 70.64
537, 78.96
538, 75.12
539, 79.92
540, 81.84
541, 80.8
542, 78.64
543, 78.0
544, 76.72
545, 71.76
546, 73.6
547, 70.88
548, 71.44
549, 69.84
550, 70.8
551, 71.2
552, 71.6
553, 74.0
554, 71.04
555, 71.52
556, 68.8
557, 66.08
558, 68.16
559, 68.48
560, 69.04
561, 65.28
562, 62.0
563, 63.92
564, 63.92
565, 64.56
566, 64.0
567, 62.8
568, 62.72
569, 66.88
570, 71.36
571, 70.0
572, 68.08
573, 71.6
574, 71.04
575, 69.68
576, 70.64
577, 70.56
578, 72.0
579, 63.68
580, 66.8
581, 65.04
582, 60.08
583, 62.08
584, 63.76
585, 62.0
586, 62.72
587, 62.48
588, 62.64
589, 62.24
590, 62.32
591, 59.12
592, 62.0
593, 63.76
594, 65.52
595, 65.6
596, 71.68
597, 72.4
598, 72.8
599, 72.32
600, 72.0
601, 71.36
602, 72.48
603, 68.8
604, 67.2
605, 66.88
606, 67.6
607, 64.32
608, 64.32
609, 64.0
610, 63.92
611, 60.08
612, 60.96
613, 61.12
614, 63.6
615, 63.04
616, 57.2
617, 56.32
618, 57.44
619, 56.48
620, 56.0
621, 53.76
622, 54.96
623, 55.2
624, 51.36
625, 48.8
626, 43.2
627, 40.8
628, 37.12
629, 35.2
630, 32.24
631, 40.0
632, 40.32
633, 36.0
634, 36.0
635, 36.88
636, 37.36
637, 37.44
638, 37.28
639, 35.36
640, 33.52
641, 33.36
642, 31.92
643, 32.4
644, 26.24
645, 30.4
646, 29.2
647, 28.0
648, 26.32
649, 25.68
650, 25.2
651, 24.72
652, 23.84
653, 23.2
654, 27.04
655, 26.24
656, 29.68
657, 31.68
658, 31.84
659, 28.4
660, 30.32
661, 33.36
662, 28.4
663, 30.8
664, 31.04
665, 29.6
666, 30.24
667, 28.4
668, 27.44
669, 28.96
670, 30.4
671, 30.4
672, 31.76
673, 31.12
674, 30.4
675, 27.84
676, 27.92
677, 27.2
678, 26.56
679, 24.4
680, 24.32
681, 24.32
682, 24.8
683, 24.72
684, 23.44
685, 20.88
686, 24.72
687, 25.2
688, 27.92
689, 28.32
690, 25.04
691, 23.52
692, 23.36
693, 23.84
694, 25.68
695, 24.8
696, 23.76
697, 24.48
698, 24.72
699, 23.76
700, 23.76
701, 23.6
702, 23.68
703, 23.84
704, 24.56
705, 24.32
706, 24.08
707, 23.84
708, 24.0
709, 23.92
710, 24.64
711, 27.2
712, 26.56
713, 25.52
714, 26.4
715, 27.04
716, 27.92
717, 28.0
718, 30.24
719, 30.88
720, 28.4
721, 26.32
722, 26.24
723, 26.64
724, 26.56
725, 27.04
726, 26.64
727, 26.08
728, 24.96
729, 25.12
730, 24.32
731, 24.56
732, 16.96
733, 14.0
734, 14.4
735, 14.16
736, 12.96
737, 12.48
738, 12.32
739, 13.2
740, 14.0
741, 13.84
742, 14.4
743, 14.32
744, 13.84
745, 12.96
746, 12.72
747, 12.48
748, 12.8
749, 14.8
750, 16.48
751, 18.24
752, 17.92
753, 17.6
754, 17.6
755, 17.2
756, 15.6
757, 14.16
758, 17.04
759, 15.44
760, 14.32
761, 14.08
762, 15.28
763, 15.04
764, 14.96
765, 15.2
766, 15.12
767, 14.96
768, 15.04
769, 14.08
770, 14.16
771, 14.24
772, 14.0
773, 14.0
774, 14.16
775, 14.8
776, 14.08
777, 12.88
778, 13.04
779, 13.92
780, 14.0
781, 14.0
782, 14.0
783, 13.92
784, 13.68
785, 14.32
786, 15.12
787, 14.4
788, 14.4
789, 14.8
790, 16.32
791, 17.68
792, 19.6
793, 20.16
794, 19.2
795, 19.92
796, 18.8
797, 19.2
798, 18.8
799, 19.28
800, 19.04
801, 18.8
802, 18.8
803, 18.8
804, 18.96
805, 18.16
806, 18.88
807, 18.24
808, 17.6
809, 17.68
810, 17.68
811, 19.2
812, 19.92
813, 18.72
814, 20.0
815, 20.0
816, 20.0
817, 20.16
818, 19.6
819, 19.68
820, 19.84
821, 20.4
822, 19.6
823, 19.84
824, 20.96
825, 20.88
826, 20.88
827, 22.0
828, 23.76
829, 23.92
830, 24.4
831, 24.8
832, 24.0
833, 22.8
834, 22.08
835, 21.36
836, 21.6
837, 21.84
838, 22.88
839, 22.32
840, 21.6
841, 22.4
842, 22.16
843, 21.44
844, 21.52
845, 20.72
846, 21.36
847, 21.28
848, 20.32
849, 20.08
850, 19.6
851, 19.84
852, 20.4
853, 19.68
854, 19.92
855, 19.6
856, 19.36
857, 19.36
858, 18.8
859, 19.04
860, 19.2
861, 19.2
862, 19.2
863, 19.84
864, 20.0
865, 19.92
866, 19.2
867, 20.24
868, 19.92
869, 20.16
870, 20.0
871, 19.92
872, 20.0
873, 19.84
874, 20.0
875, 18.8
876, 19.12
877, 18.4
878, 17.68
879, 18.4
880, 18.88
881, 18.56
882, 19.2
883, 18.8
884, 18.8
885, 19.2
886, 19.2
887, 19.12
888, 19.28
889, 19.44
890, 19.52
891, 19.76
892, 19.6
893, 19.68
894, 19.2
895, 16.72
896, 16.72
897, 16.72
898, 15.84
899, 16.56
900, 15.76
901, 15.6
902, 15.04
903, 15.52
904, 15.52
905, 15.6
906, 14.4
907, 15.12
908, 14.96
909, 14.8
910, 14.32
911, 13.84
912, 13.6
913, 12.0
914, 12.4
915, 15.04
916, 15.04
917, 16.8
918, 16.32
919, 16.88
920, 16.08
921, 15.84
922, 16.08
923, 15.68
924, 15.6
925, 15.68
926, 15.52
927, 15.2
928, 15.2
929, 14.96
930, 14.56
931, 14.88
932, 15.2
933, 15.2
934, 15.28
935, 15.52
936, 16.0
937, 15.68
938, 16.4
939, 23.12
940, 22.56
941, 22.32
942, 22.08
943, 22.4
944, 22.32
945, 21.52
946, 20.24
947, 20.32
948, 19.68
949, 20.4
950, 20.48
951, 19.76
952, 19.2
953, 19.52
954, 18.96
955, 18.8
956, 17.68
957, 17.76
958, 18.96
959, 18.64
960, 18.4
961, 17.44
962, 17.28
963, 17.6
964, 17.76
965, 17.2
966, 16.8
967, 17.04
968, 17.04
969, 16.24
970, 16.56
971, 17.2
972, 16.8
973, 17.04
974, 17.36
975, 16.8
976, 18.4
977, 18.56
978, 18.4
979, 17.84
980, 17.76
981, 18.16
982, 18.32
983, 17.76
984, 17.84
985, 16.64
986, 16.4
987, 16.64
988, 16.64
989, 16.8
990, 16.64
991, 17.2
992, 17.36
993, 14.56
994, 14.88
995, 14.56
996, 14.96
997, 14.32
998, 14.48
999, 14.8
1000, 14.64
1001, 14.32
1002, 14.48
1003, 14.32
1004, 14.16
1005, 14.32
1006, 14.08
1007, 13.92
1008, 14.32
1009, 14.4
1010, 14.16
1011, 14.08
1012, 14.88
1013, 14.56
1014, 16.8
1015, 16.0
1016, 15.52
1017, 15.52
1018, 15.76
1019, 16.96
1020, 16.24
1021, 16.72
1022, 16.48
1023, 16.32
1024, 15.6
1025, 16.8
1026, 17.52
1027, 17.76
1028, 18.4
1029, 17.76
1030, 18.24
1031, 18.48
1032, 17.6
1033, 17.2
1034, 16.72
1035, 16.8
1036, 17.12
1037, 17.04
1038, 16.32
1039, 16.96
1040, 17.6
1041, 17.52
1042, 17.2
1043, 17.68
1044, 17.2
1045, 16.8
1046, 16.32
1047, 16.4
1048, 17.12
1049, 17.68
1050, 17.76
1051, 17.6
1052, 17.28
1053, 17.44
1054, 16.8
1055, 17.6
1056, 17.12
1057, 17.04
1058, 16.88
1059, 16.88
1060, 17.36
1061, 18.08
1062, 16.96
1063, 16.8
1064, 16.72
1065, 16.48
1066, 16.16
1067, 16.56
1068, 15.84
1069, 15.52
1070, 16.48
1071, 16.48
1072, 15.92
1073, 15.92
1074, 15.68
1075, 15.36
1076, 15.44
1077, 15.84
1078, 16.08
1079, 15.2
1080, 15.84
1081, 15.6
1082, 15.76
1083, 15.36
1084, 15.68
1085, 15.52
1086, 15.92
1087, 15.6
1088, 15.6
1089, 15.2
1090, 15.04
1091, 14.8
1092, 15.2
1093, 14.4
1094, 14.24
1095, 14.16
1096, 13.76
1097, 14.24
1098, 14.4
1099, 14.24
1100, 14.32
1101, 14.08
1102, 14.32
1103, 14.24
1104, 13.92
1105, 13.92
1106, 13.76
1107, 13.52
1108, 13.36
1109, 13.52
1110, 13.28
1111, 13.6
1112, 13.52
1113, 13.44
1114, 13.44
1115, 13.6
1116, 13.2
1117, 13.36
1118, 13.44
1119, 13.6
1120, 13.12
1121, 13.6
1122, 13.36
1123, 13.6
1124, 14.56
1125, 15.36
1126, 15.36
1127, 15.68
1128, 17.04
1129, 17.52
1130, 17.28
1131, 17.76
1132, 17.92
1133, 17.84
1134, 17.2
1135, 16.72
1136, 16.8
1137, 16.72
1138, 15.2
1139, 15.28
1140, 15.28
1141, 15.2
1142, 15.2
1143, 14.96
1144, 15.76
1145, 16.32
1146, 14.88
1147, 14.4
1148, 14.24
1149, 13.76
1150, 13.6
1151, 13.76
1152, 13.6
1153, 13.6
1154, 14.08
1155, 13.2
1156, 12.8
1157, 13.12
1158, 13.04
1159, 12.72
1160, 12.4
1161, 12.72
1162, 12.64
1163, 12.08
1164, 12.24
1165, 12.24
1166, 12.56
1167, 12.48
1168, 12.48
1169, 13.12
1170, 13.6
1171, 13.12
1172, 13.36
1173, 13.28
1174, 13.68
1175, 13.6
1176, 14.24
1177, 13.36
1178, 13.36
1179, 12.88
1180, 13.6
1181, 13.52
1182, 14.16
1183, 14.96
1184, 14.56
1185, 14.8
1186, 14.08
1187, 14.24
1188, 14.0
1189, 14.0
1190, 14.32
1191, 14.48
1192, 14.96
1193, 14.48
1194, 15.12
1195, 14.96
1196, 13.2
1197, 13.28
1198, 13.44
1199, 13.36
1200, 13.6
1201, 13.36
1202, 13.6
1203, 13.76
1204, 13.52
1205, 13.52
1206, 13.2
1207, 13.04
1208, 13.12
1209, 12.88
1210, 12.88
1211, 12.88
1212, 12.8
1213, 12.8
1214, 13.04
1215, 12.88
1216, 12.8
1217, 13.76
1218, 13.84
1219, 13.68
1220, 13.2
1221, 13.52
1222, 13.68
1223, 13.6
1224, 13.6
1225, 13.84
1226, 13.44
1227, 13.84
1228, 13.6
1229, 13.92
1230, 13.52
1231, 13.2
1232, 12.96
1233, 12.88
1234, 12.72
1235, 12.8
1236, 12.4
1237, 12.16
1238, 11.68
1239, 11.92
1240, 11.68
1241, 12.0
1242, 12.0
1243, 11.2
1244, 11.28
1245, 10.4
1246, 10.8
1247, 11.28
1248, 11.36
1249, 11.2
1250, 10.4
1251, 10.8
1252, 10.8
1253, 10.8
1254, 10.88
1255, 10.88
1256, 11.2
1257, 10.96
1258, 10.88
1259, 11.2
1260, 11.04
1261, 10.96
1262, 10.72
1263, 10.96
1264, 10.96
1265, 10.8
1266, 11.28
1267, 10.8
1268, 11.12
1269, 11.04
1270, 10.957
1271, 11.04
1272, 11.04
1273, 10.88
1274, 10.8
1275, 11.04
1276, 10.96
1277, 10.72
1278, 8.8
1279, 8.88
1280, 9.28
1281, 9.6
1282, 9.6
1283, 9.36
1284, 9.28
1285, 9.2
1286, 8.56
1287, 9.04
1288, 9.2
1289, 9.36
1290, 9.36
1291, 9.68
1292, 9.92
1293, 9.6
1294, 9.52
1295, 8.8
1296, 8.48
1297, 8.24
1298, 8.08
1299, 8.32
1300, 7.52
1301, 8.4
1302, 8.8
1303, 8.4
1304, 8.96
1305, 8.88
1306, 8.8
1307, 8.8
1308, 8.8
1309, 8.64
1310, 8.96
1311, 9.04
1312, 8.88
1313, 9.28
1314, 9.2
1315, 9.2
1316, 9.44
1317, 9.36
1318, 9.6
1319, 9.6
1320, 9.2
1321, 9.04
1322, 8.56
1323, 9.12
1324, 8.96
1325, 8.96
1326, 8.72
1327, 8.4
1328, 8.64
1329, 8.08
1330, 7.84
1331, 8.16
1332, 8.16
1333, 7.76
1334, 7.52
1335, 7.68
1336, 7.44
1337, 6.96
1338, 7.28
1339, 5.76
1340, 5.28
1341, 6.32
1342, 6.0
1343, 7.2
1344, 6.64
1345, 6.96
1346, 7.44
1347, 6.48
1348, 6.8
1349, 7.6
1350, 7.68
1351, 6.72
1352, 6.8
1353, 6.64
1354, 7.12
1355, 7.12
1356, 7.36
1357, 6.84
1358, 7.12
1359, 8.0
1360, 7.52
1361, 7.6
1362, 7.36
1363, 7.6
1364, 7.2
1365, 7.6
1366, 7.36
1367, 7.28
1368, 6.96
1369, 6.88
1370, 7.2
1371, 6.88
1372, 7.12
1373, 7.12
1374, 7.12
1375, 6.16
1376, 5.44
1377, 6.0
1378, 6.0
1379, 6.16
1380, 6.56
1381, 6.56
1382, 7.04
1383, 6.96
1384, 6.4
1385, 6.4
1386, 6.72
1387, 6.72
1388, 7.12
1389, 7.12
1390, 6.88
1391, 6.96
1392, 7.2
1393, 7.28
1394, 6.56
1395, 7.04
1396, 6.9608
1397, 7.52
1398, 6.96
1399, 6.32
1400, 7.2008
1401, 6.88
1402, 6.48
1403, 6.72
1404, 6.32
1405, 6.72
1406, 6.0
1407, 6.0
1408, 6.64
1409, 6.32
1410, 5.6
1411, 5.76
1412, 5.44
1413, 5.6
1414, 6.08
1415, 5.68
1416, 5.76
1417, 5.8
1418, 5.36
1419, 6.0
1420, 5.76
1421, 5.92
1422, 6.08
1423, 6.08
1424, 5.76
1425, 5.92
1426, 5.36
1427, 5.6
1428, 5.68
1429, 5.6
1430, 5.76
1431, 5.04
1432, 5.28
1433, 5.36
1434, 4.88
1435, 4.88
1436, 5.04
1437, 4.8
1438, 5.12
1439, 4.8
1440, 5.12
1441, 4.9632
1442, 5.328
1443, 5.44
1444, 5.5992
1445, 5.2056
1446, 4.8
1447, 4.96
1448, 5.28
1449, 5.44
1450, 5.44
1451, 5.04
1452, 5.12
1453, 5.1208
1454, 4.8
1455, 4.64
1456, 4.8
1457, 4.72
1458, 4.72
1459, 4.8
1460, 4.8
1461, 4.88
1462, 5.0384
1463, 4.7216
1464, 4.9752
1465, 4.96
1466, 4.8
1467, 4.88
1468, 4.72
1469, 4.72
1470, 4.5752
1471, 4.64
1472, 5.12
1473, 5.04
1474, 4.8
1475, 5.104
1476, 5.096
1477, 4.88
1478, 4.4016
1479, 4.4016
1480, 4.784
1481, 4.76
1482, 4.544
1483, 4.48
1484, 4.32
1485, 4.456
1486, 4.544
1487, 4.32
1488, 4.0
1489, 3.36
1490, 3.3592
1491, 3.5768
1492, 3.6
1493, 3.8952
1494, 4.0
1495, 4.24
1496, 5.6
1497, 6.16
1498, 5.52
1499, 5.2
1500, 5.3584
1501, 4.88
1502, 5.2
1503, 5.2
1504, 5.6
1505, 5.6
1506, 5.68
1507, 6.0
1508, 6.0
1509, 6.0
1510, 5.76
1511, 5.76
1512, 5.6
1513, 5.84
1514, 6.24
1515, 6.0
1516, 5.5904
1517, 5.2
1518, 5.44
1519, 5.2
1520, 4.848
1521, 5.04
1522, 5.04
1523, 5.504
1524, 5.6
1525, 5.68
1526, 5.2
1527, 4.96
1528, 5.0008
1529, 4.8
1530, 4.0808
1531, 4.0
1532, 4.08
1533, 3.528
1534, 3.84
1535, 3.56
1536, 4.24
1537, 3.6
1538, 3.6008
1539, 3.36
1540, 3.36
1541, 3.12
1542, 3.12
1543, 3.2
1544, 3.2
1545, 3.1992
1546, 2.4952
1547, 3.008
1548, 3.04
1549, 3.12
1550, 3.1192
1551, 3.2
1552, 3.588
1553, 3.456
1554, 3.2
1555, 3.52
1556, 3.088
1557, 2.88
1558, 2.984
1559, 3.2
1560, 3.2
1561, 2.8888
1562, 3.12
1563, 2.72
1564, 2.96
1565, 3.04
1566, 3.04
1567, 3.056
1568, 3.072
1569, 3.2384
1570, 2.8016
1571, 3.12
1572, 3.12
1573, 3.12
1574, 2.8008
1575, 2.48
1576, 3.104
1577, 3.2
1578, 3.04
1579, 3.1192
1580, 3.12
1581, 3.28
1582, 3.24
1583, 3.28
1584, 3.432
1585, 3.76
1586, 3.28
1587, 3.84
1588, 4.8
1589, 4.8
1590, 5.36
1591, 5.124
1592, 5.2
1593, 7.0
1594, 7.0
1595, 6.8
1596, 5.9899
1597, 5.36
1598, 5.212
1599, 5.3499
1600, 4.59
1601, 5.01
1602, 5.2
1603, 4.92
1604, 4.36
1605, 4.0
1606, 3.8999
1607, 4.234
1608, 3.9
1609, 3.9999
1610, 3.83
1611, 3.83
1612, 3.8
1613, 3.6
1614, 3.44
1615, 3.4299
1616, 3.39
1617, 3.44
1618, 3.3001
1619, 3.4
1620, 3.39
1621, 3.2017
1622, 3.2
1623, 3.1501
1624, 3.3
1625, 3.03
1626, 2.9135
1627, 3.1499
1628, 3.15
1629, 3.34
1630, 3.11
1631, 3.03
1632, 3.0
1633, 3.3199
1634, 3.3
1635, 3.3956
1636, 3.0
1637, 3.4
1638, 4.21
1639, 4.53
1640, 5.24
1641, 5.0
1642, 4.9999
1643, 5.0
1644, 5.75
1645, 5.9
1646, 5.9
1647, 5.8899
1648, 5.37
1649, 4.87
1650, 4.49
1651, 4.71
1652, 4.66
1653, 4.55
1654, 4.83
1655, 4.85
1656, 4.45
1657, 4.3
1658, 4.0101
1659, 3.75
1660, 3.0
1661, 3.2
1662, 3.6727
1663, 3.4001
1664, 3.57
1665, 3.54
1666, 3.06
1667, 3.6
1668, 3.65
1669, 3.98
1670, 3.68
1671, 3.433
1672, 3.4
1673, 3.38
1674, 3.38
1675, 3.15
1676, 3.48
1677, 3.48
1678, 3.45
1679, 3.48
1680, 3.35
1681, 3.31
1682, 3.39
1683, 3.4
1684, 3.16
1685, 3.2456
1686, 3.4811
1687, 3.6
1688, 3.5
1689, 3.7299
1690, 3.59
1691, 3.68
1692, 4.0
1693, 4.63
1694, 4.1499
1695, 3.6
1696, 3.74
1697, 4.0
1698, 4.0
1699, 4.1
1700, 4.6295
1701, 4.38
1702, 4.44
1703, 4.5
1704, 4.11
1705, 4.11
1706, 4.16
1707, 4.325
1708, 4.37
1709, 4.0801
1710, 4.21
1711, 4.6
1712, 4.26
1713, 4.09
1714, 4.291
1715, 4.2999
1716, 4.26
1717, 4.092
1718, 4.2978
1719, 4.06
1720, 4.11
1721, 4.15
1722, 4.15
1723, 4.05
1724, 4.3
1725, 4.2999
1726, 4.1555
1727, 4.48
1728, 4.3
1729, 4.3556
1730, 4.39
1731, 4.61
1732, 4.6099
1733, 4.4
1734, 4.6
1735, 4.44
1736, 4.419
1737, 4.16
1738, 4.2299
1739, 4.229
1740, 4.05
1741, 4.23
1742, 3.8
1743, 4.28
1744, 4.0501
1745, 4.26
1746, 4.06
1747, 4.23
1748, 4.42
1749, 6.0
1750, 6.2
1751, 6.5
1752, 6.38
1753, 6.7
1754, 6.8499
1755, 6.849
1756, 6.5
1757, 6.899
1758, 6.905
1759, 6.532
1760, 6.62
1761, 6.26
1762, 6.5037
1763, 6.39
1764, 6.3
1765, 6.359
1766, 6.3
1767, 6.32
1768, 6.04
1769, 6.22
1770, 6.22
1771, 6.5
1772, 6.71
1773, 6.29
1774, 6.12
1775, 6.4299
1776, 6.44
1777, 6.49
1778, 6.5799
1779, 6.8
1780, 7.35
1781, 7.6496
1782, 8.0001
1783, 8.88
1784, 8.46
1785, 8.52
1786, 8.1745
1787, 7.95
1788, 7.9
1789, 7.479
1790, 7.02
1791, 6.98
1792, 7.39
1793, 7.5
1794, 7.49
1795, 7.501
1796, 7.5
1797, 7.446
1798, 7.24
1799, 7.62
1800, 7.55
1801, 7.5
1802, 7.4
1803, 7.22
1804, 7.5
1805, 8.12
1806, 8.0
1807, 8.0
1808, 8.0
1809, 8.3
1810, 8.6
1811, 8.3
1812, 8.3
1813, 8.65
1814, 8.8996
1815, 9.1
1816, 9.15
1817, 9.16
1818, 8.982
1819, 9.17
1820, 9.27
1821, 9.25
1822, 8.8
1823, 8.97
1824, 8.5
1825, 8.75
1826, 8.63
1827, 8.9
1828, 8.6501
1829, 8.46
1830, 8.39
1831, 9.27
1832, 10.28
1833, 11.2
1834, 11.69
1835, 11.09
1836, 13.75
1837, 12.68
1838, 14.97
1839, 16.35
1840, 16.59
1841, 16.63
1842, 16.33
1843, 16.22
1844, 14.27
1845, 13.67
1846, 14.56
1847, 14.38
1848, 13.86
1849, 14.2
1850, 14.55
1851, 14.55
1852, 14.79
1853, 13.69
1854, 13.82
1855, 14.79
1856, 14.21
1857, 13.75
1858, 13.9
1859, 14.53
1860, 13.93
1861, 14.05
1862, 13.81
1863, 13.45
1864, 13.47
1865, 13.3
1866, 13.24
1867, 13.5
1868, 13.46
1869, 13.41
1870, 11.29
1871, 10.58
1872, 11.29
1873, 9.15
1874, 9.25
1875, 9.29
1876, 8.97
1877, 8.69
1878, 9.0
1879, 8.86
1880, 8.68
1881, 8.18
1882, 9.24
1883, 9.03
1884, 7.67
1885, 8.0
1886, 7.63
1887, 7.99
1888, 7.65
1889, 8.99
1890, 9.5
1891, 8.49
1892, 8.22
1893, 7.57
1894, 7.85
1895, 7.78
1896, 7.84
1897, 8.83
1898, 8.07
1899, 8.1
1900, 8.94
1901, 8.54
1902, 8.2
1903, 8.07
1904, 7.78
1905, 7.6201
1906, 7.5
1907, 7.63
1908, 7.9
1909, 7.81
1910, 7.58
1911, 7.76
1912, 7.98
1913, 7.7545
1914, 7.77
1915, 8.24
1916, 8.9
1917, 9.19
1918, 9.12
1919, 8.84
1920, 9.15
1921, 9.56
1922, 9.73
1923, 9.55
1924, 9.31
1925, 9.14
1926, 9.45
1927, 9.88
1928, 9.51
1929, 9.28
1930, 8.97
1931, 8.47
1932, 8.43
1933, 8.4999
1934, 7.93
1935, 7.8
1936, 7.81
1937, 8.19
1938, 7.9099
1939, 7.41
1940, 7.55
1941, 7.4
1942, 7.68
1943, 8.23
1944, 8.75
1945, 8.4
1946, 8.27
1947, 7.98
1948, 8.25
1949, 8.1399
1950, 8.42
1951, 8.42
1952, 8.45
1953, 8.101
1954, 7.85
1955, 8.0
1956, 8.141
1957, 8.23
1958, 8.02
1959, 8.27
1960, 8.78
1961, 8.74
1962, 8.3701
1963, 8.67
1964, 8.56
1965, 8.49
1966, 8.05
1967, 8.28
1968, 8.15
1969, 7.86
1970, 7.765
1971, 7.88
1972, 8.11
1973, 8.26
1974, 8.04
1975, 8.0
1976, 6.37
1977, 6.24
1978, 6.14
1979, 6.08
1980, 6.21
1981, 6.19
1982, 6.2
1983, 5.8
1984, 5.72
1985, 5.69
1986, 6.0
1987, 5.9
1988, 5.6
1989, 4.83
1990, 4.67
1991, 4.611
1992, 4.73
1993, 5.0
1994, 4.96
1995, 4.88
1996, 4.94
1997, 4.74
1998, 4.82
1999, 4.65
2000, 4.9
2001, 4.66
2002, 4.75
2003, 4.69
2004, 4.79
2005, 4.05
2006, 4.24
2007, 4.16
2008, 4.27
2009, 4.54
2010, 4.43
2011, 4.24
2012, 4.2
2013, 4.21
2014, 4.1
2015, 4.26
2016, 4.25
2017, 4.28
2018, 4.61
2019, 5.02
2020, 5.04
2021, 4.99
2022, 4.87
2023, 4.5403
2024, 3.817
2025, 3.95
2026, 3.61
2027, 3.25
2028, 3.38
2029, 3.51
2030, 3.34
2031, 3.43
2032, 3.55
2033, 3.3
2034, 3.36
2035, 3.37
2036, 3.26
2037, 3.1486
2038, 3.36
2039, 3.24
2040, 3.3
2041, 3.11
2042, 3.14
2043, 3.26
2044, 3.3
2045, 3.23
2046, 3.18
2047, 3.1801
2048, 7.23
2049, 6.15
2050, 5.22
2051, 5.22
2052, 4.99
2053, 5.13
2054, 5.07
2055, 4.76
2056, 4.72
2057, 4.66
2058, 4.8
2059, 4.45
2060, 4.39
2061, 4.13
2062, 4.1
2063, 3.84
2064, 3.71
2065, 3.57
2066, 3.8
2067, 3.6
2068, 3.48
2069, 3.83
2070, 4.03
2071, 4.02
2072, 4.04
2073, 3.25
2074, 3.35
2075, 3.65
2076, 7.08
2077, 5.79
2078, 7.01
2079, 7.94
2080, 12.5
2081, 14.28
2082, 11.49
2083, 15.68
2084, 18.66
2085, 33.41
2086, 23.04
2087, 26.09
2088, 25.27
2089, 24.03
2090, 23.1
2091, 22.03
2092, 23.1
2093, 22.0
2094, 18.65
2095, 19.79
2096, 18.8
2097, 17.99
2098, 16.74
2099, 16.52
2100, 16.53
2101, 16.24
2102, 15.08
2103, 17.63
2104, 16.79
2105, 16.02
2106, 15.09
2107, 14.55
2108, 14.0
2109, 14.55
2110, 14.8
2111, 13.72
2112, 13.41
2113, 11.95
2114, 10.41
2115, 11.17
2116, 10.55
2117, 11.49
2118, 12.5
2119, 13.14
2120, 12.99
2121, 13.41
2122, 13.41
2123, 14.49
2124, 15.28
2125, 14.41
2126, 14.4
2127, 14.69
2128, 14.62
2129, 13.69
2130, 13.1
2131, 12.41
2132, 11.72
2133, 12.19
2134, 12.28
2135, 12.48
2136, 12.99
2137, 13.22
2138, 11.5
2139, 11.66
2140, 11.5
2141, 11.49
2142, 12.11
2143, 12.52
2144, 14.05
2145, 13.55
2146, 14.02
2147, 13.36
2148, 12.87
2149, 18.69
2150, 17.92
2151, 21.0
2152, 19.83
2153, 18.01
2154, 17.81
2155, 16.52
2156, 14.21
2157, 15.55
2158, 14.04
2159, 14.38
2160, 15.8
2161, 15.48
2162, 15.37
2163, 15.22
2164, 14.8
2165, 15.62
2166, 15.87
2167, 16.07
2168, 15.88
2169, 15.32
2170, 15.46
2171, 15.15
2172, 14.61
2173, 14.81
2174, 14.69
2175, 13.61
2176, 12.9
2177, 13.43
2178, 13.24
2179, 13.24
2180, 13.17
2181, 12.82
2182, 11.82
2183, 11.03
2184, 11.19
2185, 10.94
2186, 10.58
2187, 10.52
2188, 10.68
2189, 10.57
2190, 10.27
2191, 10.27
2192, 10.86
2193, 10.73
2194, 10.53
2195, 10.67
2196, 10.5
2197, 12.54
2198, 11.9
2199, 11.5
2200, 11.6
2201, 11.2
2202, 11.34
2203, 11.04
2204, 12.23
2205, 12.05
2206, 12.42
2207, 13.28
2208, 12.89
2209, 13.49
2210, 14.22
2211, 13.18
2212, 12.38
2213, 12.81
2214, 13.18
2215, 12.79
2216, 12.43
2217, 12.34
2218, 11.84
2219, 11.46
2220, 11.37
2221, 11.53
2222, 11.64
2223, 11.79
2224, 12.57
2225, 14.05
2226, 13.02
2227, 12.66
2228, 12.67
2229, 13.36
2230, 12.75
2231, 12.42
2232, 13.68
2233, 12.66
2234, 12.6
2235, 14.0
2236, 15.77
2237, 14.47
2238, 14.43
2239, 13.77
2240, 13.76
2241, 13.76
2242, 13.29
2243, 13.23
2244, 13.05
2245, 13.13
2246, 13.49
2247, 13.88
2248, 13.21
2249, 14.09
2250, 14.08
2251, 13.99
2252, 15.19
2253, 18.07
2254, 16.36
2255, 16.61
2256, 16.43
2257, 15.83
2258, 16.71
2259, 17.38
2260, 18.3
2261, 16.03
2262, 15.46
2263, 14.44
2264, 14.49
2265, 14.68
2266, 14.99
2267, 14.86
2268, 14.78
2269, 14.59
2270, 15.1
2271, 14.89
2272, 14.63
2273, 14.55
2274, 14.2
2275, 13.87
2276, 13.44
2277, 13.16
2278, 13.11
2279, 13.41
2280, 14.12
2281, 13.72
2282, 14.01
2283, 13.72
2284, 13.56
2285, 14.84
2286, 14.43
2287, 14.44
2288, 14.33
2289, 14.11
2290, 14.01
2291, 14.26
2292, 13.73
2293, 13.84
2294, 13.82
2295, 13.33
2296, 13.44
2297, 13.26
2298, 13.06
2299, 13.21
2300, 13.19
2301, 13.45
2302, 13.24
2303, 13.15
2304, 13.51
2305, 12.85
2306, 12.08
2307, 12.19
2308, 11.73
2309, 11.27
2310, 11.06
2311, 10.8
2312, 10.6
2313, 10.98
2314, 11.25
2315, 11.03
2316, 9.8
2317, 10.19
2318, 9.93
2319, 9.28
2320, 8.15
2321, 8.0
2322, 7.99
2323, 7.9
2324, 7.89
2325, 7.9
2326, 7.78
2327, 7.51
2328, 7.36
2329, 7.26
2330, 6.75
2331, 6.11
2332, 7.46
2333, 8.14
2334, 8.11
2335, 8.33
2336, 8.34
2337, 7.87
2338, 7.24
2339, 7.3
2340, 7.73
2341, 7.26
2342, 7.19
2343, 7.19
2344, 7.12
2345, 6.94
2346, 6.61
2347, 6.74
2348, 7.01
2349, 7.4
2350, 7.24
2351, 6.98
2352, 6.8
2353, 6.44
2354, 6.4
2355, 6.07
2356, 5.84
2357, 6.23
2358, 6.5
2359, 6.59
2360, 6.82
2361, 6.72
2362, 6.74
2363, 6.9
2364, 6.99
2365, 7.18
2366, 7.23
2367, 7.02
2368, 7.14
2369, 6.96
2370, 6.84
2371, 6.35
2372, 6.15
2373, 6.12
2374, 6.09
2375, 5.69
2376, 5.51
2377, 5.76
2378, 5.83
2379, 5.7
2380, 5.85
2381, 5.95
2382, 5.88
2383, 5.94
2384, 6.05
2385, 6.04
2386, 5.9
2387, 7.51
2388, 5.84
2389, 5.48
2390, 5.42
2391, 4.35
2392, 4.29
2393, 4.08
2394, 3.99
2395, 4.18
2396, 4.63
2397, 4.74
2398, 4.27
2399, 4.58
2400, 4.59
2401, 4.59
2402, 4.5
2403, 4.26
2404, 4.15
2405, 4.15
2406, 4.64
2407, 5.34
2408, 5.62
2409, 5.37
2410, 5.44
2411, 5.47
2412, 6.78
2413, 6.8
2414, 7.46
2415, 7.9
2416, 7.31
2417, 7.07
2418, 6.77
2419, 6.91
2420, 6.8
2421, 6.32
2422, 6.2
2423, 6.11
2424, 6.17
2425, 5.69
2426, 5.79
2427, 5.64
2428, 5.95
2429, 5.64
2430, 5.54
2431, 5.95
2432, 6.48
2433, 6.27
2434, 6.57
2435, 6.75
2436, 6.73
2437, 6.3
2438, 5.96
2439, 5.65
2440, 5.71
2441, 6.07
2442, 6.07
2443, 5.97
2444, 5.94
2445, 5.82
2446, 5.56
2447, 5.62
2448, 5.49
2449, 5.22
2450, 5.07
2451, 5.43
2452, 5.6
2453, 5.36
2454, 5.51
2455, 5.89
2456, 5.92
2457, 6.16
2458, 6.44
2459, 6.34
2460, 6.48
2461, 6.42
2462, 6.47
2463, 6.56
2464, 6.36
2465, 6.26
2466, 5.3
2467, 5.5
2468, 5.15
2469, 5.31
2470, 5.11
2471, 4.87
2472, 4.76
2473, 4.72
2474, 4.97
2475, 5.06
2476, 5.08
2477, 4.73
2478, 4.78
2479, 5.0
2480, 5.03
2481, 4.99
2482, 4.95
2483, 4.79
2484, 4.46
2485, 4.52
2486, 4.69
2487, 4.46
2488, 4.38
2489, 4.39
2490, 4.36
2491, 4.55
2492, 4.65
2493, 4.55
2494, 4.52
2495, 4.6
2496, 4.5072
2497, 4.44
2498, 4.36
2499, 4.35
2500, 4.41
2501, 4.38
2502, 4.45
2503, 4.42
2504, 4.42
2505, 4.33
2506, 4.33
2507, 4.25
2508, 4.19
2509, 3.99
2510, 4.13
2511, 4.07
2512, 3.925
2513, 3.65
2514, 3.62
2515, 3.56
2516, 3.68
2517, 3.57
2518, 3.57
2519, 3.61
2520, 3.62
2521, 3.63
2522, 3.6399
2523, 3.56
2524, 3.66
2525, 3.67
2526, 3.58
2527, 3.61
2528, 3.62
2529, 3.66
2530, 4.11
2531, 3.72
2532, 3.65
2533, 3.8
2534, 3.8
2535, 3.75
2536, 3.72
2537, 3.85
2538, 3.86
2539, 3.9
2540, 3.84
2541, 3.81
2542, 3.64
2543, 3.66
2544, 3.6501
2545, 3.64
2546, 3.88
2547, 3.98
2548, 3.82
2549, 3.76
2550, 4.13
2551, 6.69
2552, 5.33
2553, 5.23
2554, 5.9969
2555, 5.5
2556, 5.31
2557, 5.98
2558, 5.82
2559, 6.11
2560, 6.11
2561, 6.16
2562, 5.75
2563, 5.66
2564, 5.61
2565, 5.85
2566, 5.95
2567, 5.8866
2568, 5.69
2569, 5.61
2570, 5.68
2571, 5.68
2572, 5.16
2573, 5.11
2574, 5.01
2575, 5.17
2576, 5.27
2577, 5.515
2578, 5.43
2579, 5.53
2580, 6.27
2581, 6.13
2582, 6.29
2583, 6.41
2584, 6.18
2585, 6.27
2586, 6.09
2587, 6.16
2588, 6.1
2589, 6.04
2590, 5.87
2591, 5.86
2592, 6.0
2593, 5.9
2594, 5.91
2595, 5.83
2596, 5.59
2597, 5.59
2598, 5.4
2599, 5.59
2600, 5.69
2601, 5.89
2602, 5.98
2603, 6.12
2604, 6.2
2605, 6.04
2606, 5.98
2607, 5.83
2608, 6.06
2609, 5.88
2610, 5.94
2611, 5.81
2612, 5.74
2613, 5.79
2614, 5.77
2615, 5.66
2616, 5.61
2617, 5.57
2618, 5.53
2619, 5.41
2620, 5.67
2621, 5.65
2622, 5.7
2623, 5.657
2624, 5.65
2625, 5.7
2626, 6.4
2627, 6.1
2628, 6.1
2629, 5.85
2630, 5.6
2631, 5.6001
2632, 5.5
2633, 5.5
2634, 5.45
2635, 5.05
2636, 4.8
2637, 5.0
2638, 4.9
2639, 5.15
2640, 5.35
2641, 5.6
2642, 5.5
2643, 5.1
2644, 5.15
2645, 5.0
2646, 5.1
2647, 5.1
2648, 5.05
2649, 5.099
2650, 5.05
2651, 5.025
2652, 4.95
2653, 5.0
2654, 4.8
2655, 5.1
2656, 5.0
2657, 4.95
2658, 4.8
2659, 4.75
2660, 4.45
2661, 4.55
2662, 4.2
2663, 4.3
2664, 4.4
2665, 4.4
2666, 4.25
2667, 4.3
2668, 4.15
2669, 4.3
2670, 4.4
2671, 4.3
2672, 4.15
2673, 4.2
2674, 4.2
2675, 4.2
2676, 4.25
2677, 4.2
2678, 4.2
2679, 4.1596
2680, 4.35
2681, 4.1
2682, 4.1
2683, 4.25
2684, 4.225
2685, 4.7
2686, 5.15
2687, 5.1
2688, 5.0
2689, 4.85
2690, 4.6
2691, 4.7
2692, 5.75
2693, 5.55
2694, 5.15
2695, 5.05
2696, 5.1
2697, 4.9
2698, 4.6
2699, 4.85
2700, 4.95
2701, 4.8
2702, 4.7
2703, 4.6
2704, 4.65
2705, 4.8
2706, 4.7
2707, 4.85
2708, 4.8
2709, 4.8
2710, 4.65
2711, 4.75
2712, 4.65
2713, 4.7
2714, 4.7
2715, 4.65
2716, 4.65
2717, 4.475
2718, 4.4
2719, 4.45
2720, 4.3
2721, 4.4
2722, 4.25
2723, 4.2
2724, 4.15
2725, 4.2
2726, 4.1
2727, 4.0
2728, 4.05
2729, 4.13
2730, 4.11
2731, 4.6
2732, 4.2
2733, 4.2
2734, 4.25
2735, 4.3
2736, 4.25
2737, 4.25
2738, 4.2
2739, 4.0
2740, 3.95
2741, 3.85
2742, 3.95
2743, 3.925
2744, 3.85
2745, 3.9
2746, 4.05
2747, 4.05
2748, 4.05
2749, 4.095
2750, 4.1
2751, 4.0
2752, 4.25
2753, 4.25
2754, 4.2
2755, 4.15
2756, 4.15
2757, 4.05
2758, 4.0005
2759, 4.05
2760, 4.0
2761, 4.0
2762, 4.1
2763, 4.05
2764, 4.15
2765, 4.0
2766, 4.2595
2767, 3.9
2768, 3.9
2769, 3.85
2770, 3.73
2771, 3.65
2772, 3.75
2773, 3.75
2774, 3.65
2775, 3.6464
2776, 3.7
2777, 3.7
2778, 3.7
2779, 3.75
2780, 3.9
2781, 3.8465
2782, 3.8
2783, 3.8
2784, 3.7
2785, 3.85
2786, 3.85
2787, 3.85
2788, 3.85
2789, 3.9
2790, 3.75
2791, 3.75
2792, 3.6118
2793, 3.45
2794, 3.35
2795, 3.025
2796, 3.15
2797, 3.1999
2798, 3.1
2799, 3.15
2800, 3.1
2801, 3.25
2802, 4.2
2803, 3.85
2804, 4.05
2805, 3.9
2806, 3.8
2807, 3.7
2808, 3.6
2809, 3.6
2810, 3.5
2811, 3.5
2812, 3.45
2813, 3.6
2814, 3.6
2815, 3.75
2816, 3.6
2817, 3.55
2818, 3.45
2819, 3.5501
2820, 3.5
2821, 3.649
2822, 3.45
2823, 3.4
2824, 3.35
2825, 3.2
2826, 3.15
2827, 2.95
2828, 3.05
2829, 3.0
2830, 3.35
2831, 3.4
2832, 3.3
2833, 3.0
2834, 3.0
2835, 3.0
2836, 2.95
2837, 2.95
2838, 2.869
2839, 2.85
2840, 2.9
2841, 2.85
2842, 2.9
2843, 2.85
2844, 2.85
2845, 2.8
2846, 2.8
2847, 2.825
2848, 2.9
2849, 2.9
2850, 2.85
2851, 2.9
2852, 2.9
2853, 2.8
2854, 2.75
2855, 2.7
2856, 2.7
2857, 2.6
2858, 2.65
2859, 2.5501
2860, 2.6
2861, 2.4
2862, 2.4
2863, 2.425
2864, 2.4
2865, 2.4
2866, 2.45
2867, 2.35
2868, 2.3
2869, 2.3
2870, 2.35
2871, 2.35
2872, 2.25
2873, 2.2
2874, 2.2
2875, 2.2
2876, 2.65
2877, 2.35
2878, 2.25
2879, 1.95
2880, 2.0
2881, 1.9
2882, 1.85
2883, 1.825
2884, 1.875
2885, 1.75
2886, 1.75
2887, 1.841
2888, 1.8
2889, 2.25
2890, 2.3
2891, 2.25
