0, 0.65
1, 0.63
2, 0.65
3, 0.6499
4, 0.62
5, 0.65
6, 0.62
7, 0.7
8, 0.7
9, 0.71
10, 0.79
11, 0.8
12, 0.8034
13, 0.78
14, 0.82
15, 0.82
16, 0.79
17, 0.79
18, 0.77
19, 0.78
20, 0.82
21, 0.8152
22, 0.8
23, 0.82
24, 0.82
25, 0.85
26, 0.84
27, 0.84
28, 0.88
29, 0.86
30, 0.83
31, 0.86
32, 0.87
33, 0.87
34, 0.85
35, 0.87
36, 0.85
37, 0.84
38, 0.78
39, 0.81
40, 0.8499
41, 0.82
42, 0.845
43, 0.84
44, 0.85
45, 0.85
46, 0.84
47, 0.84
48, 0.83
49, 0.8252
50, 0.83
51, 0.84
52, 0.838
53, 0.85
54, 0.84
55, 0.8399
56, 0.85
57, 0.8
58, 0.8499
59, 0.8
60, 0.8
61, 0.84
62, 0.8
63, 0.85
64, 0.7999
65, 0.85
66, 0.84
67, 0.84
68, 0.8295
69, 0.795
70, 0.7949
71, 0.7949
72, 0.795
73, 0.795
74, 0.8099
75, 0.7998
76, 0.8049
77, 0.82
78, 0.82
79, 0.82
80, 0.8249
81, 0.8099
82, 0.7999
83, 0.8
84, 0.8
85, 0.7762
86, 0.7999
87, 0.5998
88, 0.598
89, 0.7
90, 0.69
91, 0.6999
92, 0.63
93, 0.6899
94, 0.6899
95, 0.7
96, 0.74
97, 0.74
98, 0.6998
99, 0.6999
100, 0.6999
101, 0.7299
102, 0.6998
103, 0.7
104, 0.697
105, 0.7
106, 0.6999
107, 0.6999
108, 0.6999
109, 0.69
110, 0.6999
111, 0.7999
112, 0.6999
113, 0.6999
114, 0.6999
115, 0.695
116, 0.7
117, 0.675
118, 0.675
119, 0.675
120, 0.675
121, 0.6749
122, 0.665
123, 0.61
124, 0.7999
125, 0.7
126, 0.7
127, 0.7999
128, 0.6999
129, 0.7999
130, 0.7499
131, 0.705
132, 0.705
133, 0.699
134, 0.6999
135, 0.7448
136, 0.7615
137, 0.6978
138, 0.67
139, 0.6999
140, 0.72
141, 0.68
142, 0.68
143, 0.7
144, 0.6999
145, 0.6899
146, 0.6764
147, 0.6899
148, 0.68
149, 0.5848
150, 0.69
151, 0.6732
152, 0.6978
153, 0.5967
154, 0.49
155, 0.62577
156, 0.63
157, 0.49
158, 0.6198
159, 0.4701
160, 0.4999
161, 0.42
162, 0.3572
163, 0.37
164, 0.37
165, 0.32
166, 0.34
167, 0.35
168, 0.34
169, 0.48
170, 0.4269
171, 0.47
172, 0.47
173, 0.47
174, 0.32
175, 0.4299
176, 0.3948
177, 0.3882
178, 0.377
179, 0.3799
180, 0.38
181, 0.36
182, 0.39
183, 0.3989
184, 0.32
185, 0.3884
186, 0.392219
187, 0.3985
188, 0.4
189, 0.4185
190, 0.3919
191, 0.41
192, 0.42
193, 0.39
194, 0.42
195, 0.5
196, 0.0621
197, 0.0655
198, 0.08
199, 0.07
200, 0.07
201, 0.07
202, 0.07
203, 0.0727
204, 0.07
205, 0.07
206, 0.065
207, 0.0601
208, 0.0602
209, 0.07
210, 0.055
211, 0.055
212, 0.0599
213, 0.055
214, 0.065
215, 0.045
216, 0.0393
217, 0.0252
218, 0.0257
219, 0.0259
220, 0.0254
221, 0.0351
222, 0.0353
223, 0.0352
224, 0.0344
225, 0.0251
226, 0.0256
227, 0.0301
228, 0.0399
229, 0.0263
230, 0.0479
231, 0.0311
232, 0.0259
233, 0.0213
234, 0.0223
235, 0.04
236, 0.05
237, 0.0399
238, 0.0336
239, 0.0251
240, 0.0271
241, 0.04
242, 0.0362
243, 0.0449
244, 0.04
245, 0.0399
246, 0.0317
247, 0.031
248, 0.0419
249, 0.04
250, 0.0399
251, 0.035
252, 0.0263
253, 0.0285
254, 0.028
255, 0.028
256, 0.027
257, 0.03
258, 0.0349
259, 0.0211
260, 0.025
261, 0.03
