15.0, 55.553965073003155
16.0, 66.77723090092019
17.0, 67.83383404123072
18.0, 70.86580086580088
19.0, 74.59616627180702
20.0, 73.66305682706265
21.0, 74.31854021175943
22.0, 71.26486486486488
23.0, 74.27658956740541
24.0, 64.29588673871157
25.0, 63.19834211208015
26.0, 64.35858839270782
27.0, 58.62288521011462
28.0, 65.96049534336302
29.0, 65.13390601313796
30.0, 53.201302224633764
31.0, 52.163061564059916
32.0, 47.978574161458994
33.0, 47.563954235762964
34.0, 48.373623591950405
35.0, 50.52747791952894
36.0, 53.734177215189874
37.0, 36.83390022675736
38.0, 49.243906778153345
39.0, 45.490620490620486
40.0, 38.10623556581987
41.0, 38.61386138613861
42.0, 44.709626093874306
43.0, 53.75899280575539
44.0, 49.932134373939576
45.0, 44.25765017000378
46.0, 53.62783245593956
47.0, 50.0
48.0, 47.26704841228526
49.0, 48.36901121304791
50.0, 44.77008590197068
51.0, 61.156328936289604
52.0, 59.30608644516316
53.0, 58.56562137049941
54.0, 67.63916834339366
55.0, 72.84218129288548
56.0, 71.79294823705922
57.0, 64.81048198408979
58.0, 57.94979079497914
59.0, 47.54020813623465
60.0, 50.950906678460846
61.0, 57.976506252368324
62.0, 63.67507369800199
63.0, 68.56575963718825
64.0, 63.8090213663941
65.0, 56.62820151984239
66.0, 60.84857723577235
67.0, 64.31256713211599
68.0, 69.53232462173315
69.0, 73.32931968693558
70.0, 76.66783707865169
71.0, 69.63298139768727
72.0, 80.25125628140701
73.0, 82.68363402061853
74.0, 75.40834845735023
75.0, 73.69262753878137
76.0, 72.3157186132615
77.0, 69.78879706152429
78.0, 73.18952234206472
79.0, 74.72959685349066
80.0, 72.98717679209587
81.0, 73.59769878775427
82.0, 70.96045197740114
83.0, 60.37871524448705
84.0, 49.45235487404163
85.0, 63.9513356254959
86.0, 56.03773584905661
87.0, 44.69273743016756
88.0, 53.91239236241108
89.0, 54.298642533936615
90.0, 48.30202312138733
91.0, 45.235361653272115
92.0, 52.85981308411213
93.0, 46.14882506527414
94.0, 49.04261890055587
95.0, 46.01494396014943
96.0, 40.56962025316454
97.0, 44.0852819807428
98.0, 48.117306299782705
99.0, 35.96961572832882
100.0, 34.43113772455088
101.0, 38.945331398161535
102.0, 45.8601458601459
103.0, 42.286392405063275
104.0, 44.48605909280065
105.0, 38.80931065353627
106.0, 36.031820308844246
107.0, 43.601359003397555
108.0, 46.36510500807761
109.0, 52.201257861635206
110.0, 45.688073394495376
111.0, 52.9722589167767
112.0, 43.60618634477561
113.0, 48.483804272915215
114.0, 50.849295265630595
115.0, 57.05922865013773
116.0, 53.591365835504234
117.0, 57.83132530120483
118.0, 58.06451612903222
119.0, 63.328477785870334
120.0, 55.83014270797072
121.0, 55.17715858273138
122.0, 45.04409171075833
123.0, 49.349804941482454
124.0, 57.70370370370372
125.0, 61.49696561024953
126.0, 65.23605150214591
127.0, 58.57988165680477
128.0, 60.09122006841508
129.0, 37.251609291911606
130.0, 46.414913957934985
131.0, 48.636884306987405
132.0, 53.33044982698962
133.0, 51.570915619389595
134.0, 56.80109364319892
135.0, 62.65716680637047
136.0, 55.90875093492895
137.0, 50.220941402497594
138.0, 45.26908195568062
139.0, 39.40360090022503
140.0, 44.38002618290631
141.0, 44.96873223422397
142.0, 41.749174917491736
143.0, 57.91816832732668
144.0, 52.56869772998805
145.0, 50.0
146.0, 45.260599513907664
147.0, 41.858574911948
148.0, 37.86816269284715
149.0, 30.17023959646913
150.0, 50.78236130867711
151.0, 48.145650708024284
152.0, 59.10735826296742
153.0, 65.8165207460982
154.0, 60.70833333333335
155.0, 56.51667959658656
156.0, 60.231500620091
157.0, 57.18736092567871
158.0, 51.67186803388326
159.0, 57.020057306590274
160.0, 42.327560012154365
161.0, 51.723202170963354
162.0, 45.294676806083636
163.0, 44.84906564446574
164.0, 44.04472532814775
165.0, 43.78927017883034
166.0, 38.688524590163944
167.0, 32.74815778066751
168.0, 32.327770646127476
169.0, 39.30682976554535
170.0, 36.050860134629744
171.0, 29.85480943738652
172.0, 35.286998616874115
173.0, 31.635154061624647
174.0, 38.81196066626528
175.0, 32.930048394192696
176.0, 34.984809534938066
177.0, 31.362637362637344
178.0, 26.06534090909095
179.0, 41.80257510729616
180.0, 40.331262939958606
181.0, 51.55605549306337
182.0, 58.31511686564654
183.0, 57.03639514731366
184.0, 62.49525256361567
185.0, 72.8771494415884
186.0, 69.77836213373405
187.0, 64.50772703594373
188.0, 65.01198219787744
189.0, 68.26579723645396
190.0, 71.63571195829257
191.0, 74.90630323679724
192.0, 74.01304497082043
193.0, 70.50457821936484
194.0, 84.73888496824274
195.0, 82.80659908566882
196.0, 68.4398570861453
197.0, 68.48364717542123
198.0, 66.68596795985329
199.0, 59.507678410117414
200.0, 61.57812149742207
201.0, 62.431818181818194
202.0, 62.54248810333107
203.0, 49.61922893860066
204.0, 55.24460585345012
205.0, 51.30952380952383
206.0, 50.0
207.0, 51.63643164391249
208.0, 37.25490196078428
209.0, 46.591594610898866
210.0, 53.80863910822109
211.0, 49.11032028469752
212.0, 52.62775490433518
213.0, 50.0
214.0, 57.27487219819114
215.0, 60.27312228429546
216.0, 57.27059825420481
217.0, 61.54198123999087
218.0, 50.10299839780271
219.0, 57.79816513761468
220.0, 64.69401479488904
221.0, 60.2639641762904
222.0, 62.207670720299376
223.0, 53.41597002017872
224.0, 45.14007308160777
225.0, 38.994107744107694
226.0, 37.88300835654594
227.0, 38.661710037174714
228.0, 19.648219648219595
229.0, 32.613348900564304
230.0, 25.03360716952949
231.0, 29.291612342459786
232.0, 36.712882726747544
233.0, 35.75722034892243
234.0, 28.152111046847892
235.0, 26.529499931870816
236.0, 24.212184873949596
237.0, 26.83483331220691
238.0, 32.26623982926506
239.0, 34.45378151260506
240.0, 35.14656144306653
241.0, 39.08601408256247
242.0, 48.850574712643684
243.0, 50.300687285223354
244.0, 64.63661453541859
245.0, 58.34561532792924
246.0, 51.328291642427764
247.0, 47.507933544894534
248.0, 63.83877783195189
249.0, 63.375282349144854
250.0, 66.61014074953368
251.0, 59.027547295054774
252.0, 60.16456921587609
253.0, 63.13918049441248
254.0, 60.30850887377678
255.0, 56.859703550499866
256.0, 58.48399402886052
257.0, 48.61794774706553
258.0, 53.05500806307112
259.0, 62.10333942515371
260.0, 65.04386719421987
261.0, 69.33167878035815
262.0, 52.98679522112765
263.0, 56.89849200990323
264.0, 63.70106761565836
265.0, 58.306188925081436
266.0, 55.50405561993049
267.0, 53.17298797409806
268.0, 60.48139296688287
269.0, 53.41474445952058
270.0, 50.97572584483581
271.0, 54.50379266750948
272.0, 53.586974044817026
273.0, 48.835969433090455
274.0, 50.44750430292599
275.0, 49.869406233675775
276.0, 56.690463115504315
277.0, 63.71590324240865
278.0, 58.70917573872471
279.0, 70.31431897555296
280.0, 66.34571297569926
281.0, 67.98214705191455
282.0, 64.36601307189545
283.0, 69.37165398703864
284.0, 71.58169934640527
285.0, 52.740303541315335
286.0, 33.8998482549317
287.0, 27.1175136721355
288.0, 19.903073025663602
289.0, 23.484848484848484
290.0, 26.841046277665967
291.0, 20.8138826872336
292.0, 21.44728885305382
293.0, 26.038354052230886
294.0, 27.338059629018147
295.0, 26.249533756061155
296.0, 30.99808061420346
297.0, 30.287273037251722
298.0, 28.073878627968327
299.0, 29.514563106796118
300.0, 37.48297775760327
301.0, 42.41140215716487
302.0, 54.67637808309883
303.0, 54.12966996146758
304.0, 50.461371449249164
305.0, 55.63534809495314
306.0, 66.86037848308746
307.0, 54.56700599637429
308.0, 49.73821989528796
309.0, 56.7251461988304
310.0, 48.17144528964307
311.0, 46.729104583510704
312.0, 47.57715402876692
313.0, 45.910254682657325
314.0, 50.86903304773562
315.0, 53.225422518448
316.0, 53.75881438986495
317.0, 49.48478603467086
318.0, 48.54920360538338
319.0, 51.50736153306847
320.0, 37.507122507122524
321.0, 43.15685953122439
322.0, 41.96684730634365
323.0, 35.009702457956024
324.0, 33.38988278840223
325.0, 42.00035913090324
326.0, 42.567567567567586
327.0, 47.79397085246556
328.0, 35.476410730804815
329.0, 30.666003976143145
330.0, 29.834527043714502
331.0, 34.37419354838714
332.0, 39.72505333017303
333.0, 32.49269976108313
334.0, 35.00563697857952
335.0, 36.712882726747594
336.0, 48.25225225225223
337.0, 56.674856674856656
338.0, 72.84210526315775
339.0, 72.50932338838558
340.0, 59.93311036789294
341.0, 62.9655657062543
342.0, 72.392156862745
343.0, 51.79897201599083
344.0, 70.71639586410632
345.0, 67.05353800074872
346.0, 64.74358974358972
347.0, 56.554174067495545
348.0, 53.283683141503026
349.0, 50.52321778940484
350.0, 50.60398302317987
351.0, 45.23594830177336
352.0, 47.81204111600585
353.0, 46.55639097744362
354.0, 57.8187250996016
355.0, 52.05110961667787
356.0, 51.7591339648173
357.0, 58.50340136054423
358.0, 50.12113870381591
359.0, 50.15151515151518
360.0, 35.02361421824506
361.0, 45.57872034507549
362.0, 48.70177141470518
363.0, 53.344324069712656
364.0, 55.342651036970246
365.0, 55.92255125284737
366.0, 58.79471890971039
367.0, 58.47639484978539
368.0, 49.64376590330786
369.0, 54.69582282029719
370.0, 60.614184742871096
371.0, 68.72459841300561
372.0, 67.61523046092185
373.0, 71.9494320263833
374.0, 86.6313699536731
375.0, 82.48858995916407
376.0, 83.13671061762665
377.0, 67.40755708223884
378.0, 53.285937229061915
379.0, 60.58050916166693
380.0, 50.2201974183751
381.0, 50.34085744584155
382.0, 52.49008373732923
383.0, 48.79147890208931
384.0, 44.213131460183426
385.0, 31.565287915652902
386.0, 29.251477347340796
387.0, 39.89680658206665
388.0, 42.891566265060234
389.0, 47.19602345144024
390.0, 50.80156750979694
391.0, 51.27037392138063
392.0, 61.08213820078225
393.0, 57.6235093696763
394.0, 64.8298993770963
395.0, 64.54106280193234
396.0, 62.23915203709835
397.0, 71.39336492890996
398.0, 66.74937965260546
399.0, 65.34790907513448
400.0, 65.70132588974175
401.0, 51.16279069767444
402.0, 40.686051794638814
403.0, 32.33233233233233
404.0, 16.05091586463837
405.0, 21.33718530747015
406.0, 4.469727752946071
407.0, 9.087393658159414
408.0, 8.729569093610806
409.0, 8.191007319623651
410.0, 7.266542980828774
411.0, 6.452529846503708
412.0, 7.351036269430054
413.0, 21.514342895263482
414.0, 19.49229374433365
415.0, 20.533251608948774
416.0, 24.266570083303122
417.0, 25.028016436309258
418.0, 23.16232771822351
419.0, 28.361419863750385
420.0, 35.075250836120404
421.0, 33.204301075268816
422.0, 39.97395833333333
423.0, 44.03712296983754
424.0, 60.9118852459017
425.0, 76.28398791540782
426.0, 78.57819905213275
427.0, 73.84259259259267
428.0, 94.03095062638175
429.0, 75.40687160940321
430.0, 77.41336633663359
431.0, 80.56768558951961
432.0, 77.35849056603767
433.0, 76.30279758639598
434.0, 74.61111111111109
435.0, 74.61111111111109
436.0, 67.9954441913439
437.0, 69.76869284561589
438.0, 65.28721432983315
439.0, 50.65835065835073
440.0, 47.99123447772097
441.0, 46.58664666166537
442.0, 54.32969852469526
443.0, 64.55792682926841
444.0, 71.55903457273332
445.0, 51.72004744958482
446.0, 56.86732904734076
447.0, 54.91753207086139
448.0, 70.57366900536529
449.0, 71.96224931183647
450.0, 62.69270298047277
451.0, 49.37518163324616
452.0, 48.28076157999433
453.0, 59.534771020111464
454.0, 50.10490977759128
455.0, 51.409889660809164
456.0, 48.129466162253074
457.0, 48.22067803748156
458.0, 45.54915854738705
459.0, 49.50661853188929
460.0, 48.464750675509706
461.0, 48.325123152709374
462.0, 35.42628501077256
463.0, 32.475056324428735
464.0, 57.3125659978881
465.0, 52.63030303030302
466.0, 50.582479030754904
467.0, 39.71332209106241
468.0, 51.403449442002
469.0, 48.43423799582464
470.0, 48.467966573816135
471.0, 52.39864864864864
472.0, 56.1195889131112
473.0, 55.14075887392899
474.0, 52.74822695035461
475.0, 52.18289085545723
476.0, 50.0
477.0, 51.037918627179614
478.0, 31.06001558846448
479.0, 46.799765120375845
480.0, 56.225165562913894
481.0, 59.19282511210764
482.0, 58.92972275951006
483.0, 60.29023746701841
484.0, 55.39393939393944
485.0, 50.63715627095916
486.0, 48.423265592151424
487.0, 44.38021836865775
488.0, 51.19840213049273
489.0, 51.0285335102853
490.0, 53.964912280701746
491.0, 51.83553597650517
492.0, 34.32055749128922
493.0, 44.00446179587285
494.0, 42.09023415191319
495.0, 48.813730439172126
496.0, 40.465116279069775
497.0, 43.879805567830374
498.0, 48.65262126408624
499.0, 50.982226379794156
500.0, 47.070707070706995
501.0, 51.406508549365654
502.0, 47.55011135857459
503.0, 37.67093074547858
504.0, 40.73911130664323
505.0, 49.64485981308408
506.0, 52.61489698890653
507.0, 59.05511811023623
508.0, 51.4157973174367
509.0, 46.732026143790854
510.0, 48.656005444028565
511.0, 49.51488792238207
512.0, 46.43865704424222
513.0, 46.78927680798006
514.0, 46.58948685857321
515.0, 49.713941583860304
516.0, 46.415518695529954
517.0, 52.89971163088756
518.0, 56.739258387286625
519.0, 44.696029776674955
520.0, 47.88966434031235
521.0, 41.22938530734634
522.0, 49.84381972333777
523.0, 47.12643678160924
524.0, 51.82257356170403
525.0, 43.7635810517166
526.0, 47.65735920492191
527.0, 54.429336629583844
528.0, 41.5697674418605
529.0, 35.896617740906194
530.0, 42.415068953918585
531.0, 40.5988409529942
532.0, 34.48153409090911
533.0, 40.78082721298801
534.0, 41.17876658860268
535.0, 34.70537261698439
536.0, 34.22086425141859
537.0, 36.079153244362615
538.0, 33.85714285714282
539.0, 37.36205990541252
540.0, 37.55942947702058
541.0, 19.096509240246434
542.0, 44.752018454440524
543.0, 58.170914542728525
544.0, 56.338028169014045
545.0, 87.09677419354844
546.0, 90.94827586206898
547.0, 91.87620889748553
548.0, 94.43339960238559
549.0, 90.56244041944707
550.0, 94.40361786319953
551.0, 93.87296233839244
552.0, 68.52687730816577
553.0, 67.33870967741936
554.0, 69.52595936794584
555.0, 64.30062630480165
556.0, 59.0091618595182
557.0, 64.9550333623441
558.0, 65.87570621468927
559.0, 57.077625570776284
560.0, 56.434023991275936
561.0, 52.04872646733112
562.0, 52.149791955617225
563.0, 57.36375158428392
564.0, 49.014852985753286
565.0, 52.848279751833026
566.0, 57.875231624459595
567.0, 58.65414710485136
568.0, 33.85229540918158
569.0, 46.46621738379126
570.0, 50.559511698880975
571.0, 36.93452380952379
572.0, 36.232320192597044
573.0, 40.990645606502056
574.0, 40.488710176306824
575.0, 46.714490674318526
576.0, 43.81054897739504
577.0, 40.09210159084567
578.0, 42.429931607885194
579.0, 40.01927312775331
580.0, 41.01297968397291
581.0, 42.568681318681314
582.0, 58.1425891181989
583.0, 54.469387755102034
584.0, 46.67976424361491
585.0, 62.004175365344445
586.0, 57.711059789581725
587.0, 46.064546087764086
588.0, 46.32624768946394
589.0, 36.16402116402111
590.0, 50.8400103385888
591.0, 45.280847145488025
592.0, 39.18786692759295
593.0, 38.24301742659346
594.0, 50.83537082314589
595.0, 43.16776007497658
596.0, 44.27665920954511
597.0, 40.45816733067731
598.0, 47.01902748414376
599.0, 45.60180438794342
600.0, 49.82670744138635
601.0, 53.726093646955405
602.0, 50.0
603.0, 52.65168539325843
604.0, 43.6186186186186
605.0, 50.521739130434746
606.0, 50.77191960384505
607.0, 55.226071638285354
608.0, 41.458733205374266
609.0, 52.91523762861343
610.0, 51.39099645928173
611.0, 41.881240147136054
612.0, 39.49671772428881
613.0, 53.385416666666636
614.0, 43.37284482758624
615.0, 54.04896421845569
616.0, 62.79069767441868
617.0, 54.587960257159565
618.0, 64.49071468767593
619.0, 63.175303197354005
620.0, 69.04889844169807
621.0, 68.28193832599128
622.0, 63.18106769400113
623.0, 63.49557522123899
624.0, 63.89496717724292
625.0, 57.36738703339887
626.0, 68.45930232558149
627.0, 57.5956284153006
628.0, 61.33486766398158
629.0, 53.00583991755413
630.0, 47.370304114490175
631.0, 53.24220119172806
632.0, 48.78686076894367
633.0, 51.83109118086695
634.0, 54.128113879003564
635.0, 52.557968347442035
636.0, 50.0
637.0, 50.81850533807828
638.0, 50.323508267433525
639.0, 52.06396429899593
640.0, 45.078824030677396
641.0, 48.090909090909086
642.0, 50.0
643.0, 59.35550935550942
644.0, 67.27710843373501
645.0, 58.90142226581662
646.0, 58.61395802830649
647.0, 56.932453021838526
648.0, 43.80165289256199
649.0, 47.81774580335737
650.0, 50.2520161290323
651.0, 50.0
652.0, 50.0
653.0, 59.66064586754239
654.0, 44.79400749063672
655.0, 46.75527756059414
656.0, 46.37795275590557
657.0, 46.37795275590557
658.0, 32.651072124756425
659.0, 27.280130293159644
660.0, 28.38983050847466
661.0, 25.74942352036898
662.0, 36.03524229074895
663.0, 44.62242562929057
664.0, 49.576271186440614
665.0, 39.39393939393938
666.0, 40.867279894875246
667.0, 38.18681318681317
668.0, 40.867279894875246
669.0, 49.750933997509364
670.0, 46.94280078895465
671.0, 46.94280078895465
672.0, 63.92032593933899
673.0, 78.66927592954981
674.0, 86.03906500160093
675.0, 58.693752730449965
676.0, 68.45704753961634
677.0, 58.02241670505144
678.0, 63.94091268794513
679.0, 60.104140838085804
680.0, 57.706609091999525
681.0, 60.72184471426981
682.0, 59.24744196281218
683.0, 56.639477977161505
684.0, 55.52589428723972
685.0, 59.393584868870036
686.0, 57.01754385964912
687.0, 52.94059209219153
688.0, 45.25127768313458
689.0, 51.89888875320555
690.0, 38.592810183242406
691.0, 51.27747252747252
692.0, 42.32602478550999
693.0, 40.46787179097673
694.0, 44.67596139114448
695.0, 37.95780590717301
696.0, 42.84313725490198
697.0, 42.551119766309654
698.0, 45.262129599478996
699.0, 37.205827418752335
700.0, 35.17958412098301
701.0, 39.27817644575769
702.0, 43.70302892279662
703.0, 47.65333995530171
704.0, 58.45035105315947
705.0, 39.050359712230176
706.0, 55.625817706061945
707.0, 71.57687991021322
708.0, 69.75216482532097
709.0, 70.12909036325428
710.0, 65.93886462882091
711.0, 52.33271127699277
712.0, 56.790720154664086
713.0, 56.00393700787404
714.0, 62.56254078747003
715.0, 54.948414214749704
716.0, 54.53143077516392
717.0, 53.550463927286486
718.0, 53.89097744360899
719.0, 60.66350710900473
720.0, 47.3167044595616
721.0, 40.162532078699776
722.0, 40.07282073249091
723.0, 45.02398081534771
724.0, 47.105517909002906
725.0, 59.69087340529935
726.0, 56.488347457627114
727.0, 56.66051173832763
728.0, 50.0
729.0, 61.60479940007501
730.0, 53.36601307189542
731.0, 55.64867582970165
732.0, 56.13395225464193
733.0, 40.20534990543093
734.0, 39.957035445757214
735.0, 50.591016548463365
736.0, 53.7902716361339
737.0, 53.18400000000003
738.0, 55.867269984917044
739.0, 56.0024191109767
740.0, 48.71173082752353
741.0, 51.56026338391065
742.0, 53.42691990090837
743.0, 48.86706948640484
744.0, 56.885593220338976
745.0, 54.650863179592854
746.0, 49.58464623317101
747.0, 69.35540683339202
748.0, 72.46963562753035
749.0, 71.08127721335266
750.0, 54.31632010081917
751.0, 55.913651565825475
752.0, 49.66193373901285
753.0, 48.75539329571857
754.0, 54.75943232952576
755.0, 47.338738103630604
756.0, 50.497017892644095
757.0, 52.44322092222985
758.0, 48.11837778589694
759.0, 42.117045091141684
760.0, 46.034585569469314
761.0, 41.56588160407388
762.0, 40.68535825545174
763.0, 39.6719319562576
764.0, 51.877256317689515
765.0, 42.39412273120139
766.0, 38.77470355731229
767.0, 36.0794409709452
768.0, 29.344151453684944
769.0, 32.27758007117444
770.0, 26.666666666666742
771.0, 24.66143977191743
772.0, 27.259985984583082
773.0, 47.44673655732162
774.0, 42.1013412816691
775.0, 51.1977004152028
776.0, 54.030226700251895
777.0, 53.07763686978041
778.0, 45.0412048877522
779.0, 49.27878311041175
780.0, 53.78475089457747
781.0, 51.74788135593222
782.0, 58.00000000000003
783.0, 60.043490078825776
784.0, 50.579345088161205
785.0, 55.21033819081658
786.0, 52.03031943692472
787.0, 47.10447761194032
788.0, 53.8180870471723
789.0, 42.01636315650568
790.0, 43.18593224722006
791.0, 49.93770246698228
792.0, 57.319034852546906
793.0, 46.648115355426256
794.0, 43.36847266486884
795.0, 46.87334393216745
796.0, 43.078880407124686
797.0, 43.28093306288031
798.0, 46.83127572016459
799.0, 52.00534759358292
800.0, 51.3734812466984
801.0, 45.6140350877193
802.0, 36.79515769353298
803.0, 45.98059598059599
804.0, 43.18513119533531
805.0, 39.64382500967867
806.0, 34.60342146189738
807.0, 41.70571696344895
808.0, 57.92658329971765
809.0, 59.46169772256731
810.0, 65.7810352725607
811.0, 56.209150326797435
812.0, 62.31664137582202
813.0, 49.13494809688581
814.0, 58.924205378973106
815.0, 65.06265664160406
816.0, 65.02759658805827
817.0, 61.58904109589041
818.0, 63.279203771608174
819.0, 53.13141683778235
820.0, 57.956359765832886
821.0, 62.3809523809524
822.0, 40.499040307101694
823.0, 47.48990190421236
824.0, 61.52219873150103
825.0, 54.86425339366515
826.0, 52.48253034203748
827.0, 59.07429963459193
828.0, 62.43011554230338
829.0, 63.63636363636361
830.0, 56.23787976729151
831.0, 61.32913205385276
832.0, 66.1654135338346
833.0, 68.18181818181816
834.0, 80.18018018018014
835.0, 71.6334894613583
836.0, 76.66938110749184
837.0, 77.82221648819507
838.0, 78.9621833312936
839.0, 84.70733210104741
840.0, 75.62156215621562
841.0, 76.48307333121086
842.0, 71.98555189631361
843.0, 66.2247664959325
844.0, 70.1405384006334
845.0, 69.5190947666195
846.0, 60.06921080457558
847.0, 60.833494115377185
848.0, 50.0
849.0, 54.761262476396
850.0, 48.38945827232797
851.0, 43.071102002207155
852.0, 30.746705710102518
853.0, 30.428387571244727
854.0, 35.59139784946238
855.0, 28.813181919394353
856.0, 30.497289653547014
857.0, 36.59502262443442
858.0, 45.74056147144239
859.0, 36.30327693296208
860.0, 44.12913303827127
861.0, 29.161474096492782
862.0, 36.100851132166376
863.0, 37.16045483259631
864.0, 43.087729786280065
865.0, 43.89508592101297
866.0, 43.586289477623104
867.0, 41.00798246987009
868.0, 44.74017743979719
869.0, 50.94057927739622
870.0, 52.50228867866952
871.0, 56.44094044769815
872.0, 46.32714580358559
873.0, 57.43416827231855
874.0, 53.83804936785071
875.0, 76.73015274372997
876.0, 68.88148302436994
877.0, 71.61854103343468
878.0, 59.811703895144916
879.0, 69.1904896688367
880.0, 68.59828819980359
881.0, 68.7691878314262
882.0, 67.85406492387247
883.0, 64.88860997803579
884.0, 59.8339160839161
885.0, 49.455002794857464
886.0, 43.594481399359445
887.0, 40.83979328165373
888.0, 43.90887623281009
889.0, 41.73160173160175
890.0, 41.53978741740878
891.0, 39.542483660130735
892.0, 41.25213079187977
893.0, 22.156057494866545
894.0, 27.01185277604489
895.0, 24.674214911343753
896.0, 29.068597867632278
897.0, 30.398736675878396
898.0, 33.03303303303302
899.0, 51.1658031088083
900.0, 69.27798889213678
901.0, 63.4597875569044
902.0, 70.66436583261434
903.0, 56.01805416248747
904.0, 58.75854813256183
905.0, 45.4022988505747
906.0, 55.290753098188745
907.0, 47.14981987709261
908.0, 40.727198862482226
909.0, 36.16522366522367
910.0, 31.164819189532977
911.0, 29.120977889627923
912.0, 29.157667386609077
913.0, 32.67191241874782
914.0, 34.532011426650996
915.0, 38.31575477916942
916.0, 34.23628102062216
917.0, 43.255901086549244
918.0, 38.858970043756294
919.0, 46.245859403754125
920.0, 44.91797095983404
921.0, 49.398589796764824
922.0, 56.38251839030727
923.0, 63.700806648741136
924.0, 68.45329249617156
925.0, 73.08266932270917
926.0, 64.37815310375083
927.0, 56.001083717149854
928.0, 57.57575757575757
929.0, 51.822079314040714
930.0, 52.96296296296297
931.0, 48.53835021707671
932.0, 61.16363636363639
933.0, 56.715272448196515
934.0, 48.78550843968716
935.0, 53.54595048258492
936.0, 39.43028485757118
937.0, 45.21044992743106
938.0, 38.85752241780137
939.0, 37.444784233774996
940.0, 55.46407185628742
941.0, 53.0757097791798
942.0, 55.94224361347654
943.0, 50.299600532623174
944.0, 46.69902912621357
945.0, 47.764034253092255
946.0, 48.01136363636367
947.0, 43.59415305245056
948.0, 44.84080188679243
949.0, 43.96525905959871
950.0, 55.13833992094858
951.0, 52.22728867064186
952.0, 56.89721054642714
953.0, 64.63949843260185
954.0, 53.87572069186419
955.0, 56.46916565900845
956.0, 56.2176953481301
957.0, 75.38343558282203
958.0, 81.77927927927921
959.0, 77.919507367495
960.0, 67.65892068369499
961.0, 73.47312703583056
962.0, 74.32
963.0, 77.63455843929628
964.0, 78.25571549534291
965.0, 76.71324018629406
966.0, 78.56907894736841
967.0, 69.88349852199617
968.0, 73.89225960654534
969.0, 67.85323110624316
970.0, 64.65500294869275
971.0, 60.14187541565063
972.0, 59.78528293446657
973.0, 72.92687046107078
974.0, 83.82687927107064
975.0, 85.3585025380711
976.0, 76.76855895196505
977.0, 76.43932683790965
978.0, 76.2146050670641
979.0, 69.96853194691474
980.0, 71.91298784388994
981.0, 74.99332799572991
982.0, 76.95523856369896
983.0, 80.7363659210857
984.0, 82.2937625754527
985.0, 81.1468178954001
986.0, 75.90676967395571
987.0, 69.4453669877117
988.0, 67.96099599512449
989.0, 61.958822397537034
990.0, 69.2324231348097
991.0, 52.83215326947103
992.0, 58.032240133407406
993.0, 56.199533464920165
994.0, 57.36989172196996
995.0, 53.08661926308983
996.0, 40.66676908895375
997.0, 33.5089852722605
998.0, 28.236655576450204
999.0, 29.581263307310223
1000.0, 28.960533629794398
1001.0, 26.66147455867089
1002.0, 24.705570993780626
1003.0, 25.93037214885956
1004.0, 26.224200728450043
1005.0, 35.72320066564971
1006.0, 36.24484181568088
1007.0, 52.7749747729566
1008.0, 41.36912090618073
1009.0, 40.20581548402537
1010.0, 46.05931071333158
1011.0, 52.762050497322086
1012.0, 57.2230801628527
1013.0, 56.191972575346355
1014.0, 64.81532147742821
1015.0, 69.36026936026933
1016.0, 71.54144718602713
1017.0, 67.77762964938009
1018.0, 72.35033775914277
1019.0, 71.58927716610816
1020.0, 67.3551502145923
1021.0, 54.96992719214941
1022.0, 60.28467279986116
1023.0, 61.34958487899669
1024.0, 59.4694307800422
1025.0, 63.62282878411918
1026.0, 60.82308925708183
1027.0, 64.97347693296899
1028.0, 57.67723548272173
1029.0, 56.78709224833395
1030.0, 57.51724137931036
1031.0, 56.00134295786468
1032.0, 49.62521622141071
1033.0, 43.61744697879153
1034.0, 50.270465200144265
1035.0, 63.09748427672954
1036.0, 73.3125795953021
1037.0, 67.66357581298155
1038.0, 66.73966250161016
1039.0, 64.1217225920391
1040.0, 59.71488912354804
1041.0, 51.65738530893662
1042.0, 57.498459642637116
1043.0, 58.76623376623377
1044.0, 53.70204029257024
1045.0, 59.15586133897854
1046.0, 57.208206265594654
1047.0, 56.356684418954
1048.0, 54.60872035222269
1049.0, 47.87997390737119
1050.0, 36.372685646028295
1051.0, 58.55679093089161
1052.0, 67.46894409937886
1053.0, 70.53034445051938
1054.0, 76.24113475177302
1055.0, 61.2535612535612
1056.0, 52.77494041538979
1057.0, 49.45054945054941
1058.0, 59.494761016219314
1059.0, 53.567462520821785
1060.0, 51.12149532710279
1061.0, 52.857537272225244
1062.0, 49.85767150583545
1063.0, 49.22167771692133
1064.0, 54.97763578274758
1065.0, 41.05652277605534
1066.0, 37.28749048464861
1067.0, 32.77949510561568
1068.0, 33.10689566777748
1069.0, 42.047859352108105
1070.0, 47.51703992210323
1071.0, 56.350409214913626
1072.0, 48.042576222262326
1073.0, 56.23839584106941
1074.0, 62.09842154131848
1075.0, 56.32474313626416
1076.0, 59.435194253999356
1077.0, 58.6934840425532
1078.0, 46.88066739209284
1079.0, 57.444444444444485
1080.0, 56.79151624548743
1081.0, 62.00741770978208
1082.0, 65.20169851380047
1083.0, 60.15670910871694
1084.0, 60.30444964871192
1085.0, 49.1663103890552
1086.0, 54.0038684719536
1087.0, 48.99030694668819
1088.0, 48.13141683778239
1089.0, 59.423362306550736
1090.0, 55.08903055616621
1091.0, 48.88433981576252
1092.0, 43.752290216196386
1093.0, 60.93841642228737
1094.0, 62.02964652223486
1095.0, 59.43877551020408
1096.0, 48.84385554689526
1097.0, 54.10417234796839
1098.0, 58.16554809843401
1099.0, 66.10587707492147
1100.0, 64.32955618508024
1101.0, 65.02028155571463
1102.0, 59.34478443863042
1103.0, 57.03668185087508
1104.0, 52.13103977210476
1105.0, 57.533355027660285
1106.0, 60.21798365122618
1107.0, 53.99763686490745
1108.0, 53.773087071240134
1109.0, 57.82625334864144
1110.0, 65.3923831506059
1111.0, 67.66846361185983
1112.0, 64.0437649880096
1113.0, 53.60084107236722
1114.0, 47.65787370103917
1115.0, 54.13576725613234
1116.0, 59.12772585669779
1117.0, 58.86183904481315
1118.0, 65.0668495029139
1119.0, 62.4401032067821
1120.0, 65.3297338989587
1121.0, 64.2970611596505
1122.0, 63.728061327415745
1123.0, 51.91162343900095
1124.0, 55.66109422492405
1125.0, 46.67781027998323
1126.0, 50.57137323261667
1127.0, 48.342899463062444
1128.0, 48.612921243716244
1129.0, 42.67912772585671
1130.0, 43.705857914416264
1131.0, 44.87100103199174
1132.0, 48.05081033727554
1133.0, 46.11933602512342
1134.0, 47.155963302752326
1135.0, 43.139190523198465
1136.0, 34.76384560057541
1137.0, 40.11065006915627
1138.0, 37.89443488238671
1139.0, 36.53207964601777
1140.0, 25.244299674267225
1141.0, 33.33333333333333
1142.0, 41.56321839080468
1143.0, 45.286267757210474
1144.0, 52.41482590789975
1145.0, 45.268890401633804
1146.0, 44.89376285126797
1147.0, 37.38584474885847
1148.0, 35.753275109170346
1149.0, 29.834669338677386
1150.0, 49.68341072182354
1151.0, 49.37080536912757
1152.0, 51.004668155063904
1153.0, 56.30287648054143
1154.0, 51.96180195142206
1155.0, 42.226965492707244
1156.0, 47.289256198347076
1157.0, 49.604930467762344
1158.0, 47.2107267008773
1159.0, 47.90861750377958
1160.0, 48.25629901551813
1161.0, 52.90889132821074
1162.0, 58.06136408051589
1163.0, 62.167817535049146
1164.0, 50.13789299503592
1165.0, 51.25458133634054
1166.0, 48.21802935010483
1167.0, 50.316091954022966
1168.0, 53.514669926650306
1169.0, 79.16962384669955
1170.0, 81.4884894355091
1171.0, 73.71894409937877
1172.0, 76.12834978843429
1173.0, 84.53198409830131
1174.0, 86.04499510922714
1175.0, 92.25673823663777
1176.0, 94.40501732959237
1177.0, 96.99346405228762
1178.0, 83.8235294117647
1179.0, 85.91101694915255
1180.0, 80.27888446215142
1181.0, 78.24773413897285
1182.0, 73.99999999999999
1183.0, 74.62825278810406
1184.0, 67.51173708920189
1185.0, 67.00838769804284
1186.0, 63.79794200187091
1187.0, 63.05792972459637
1188.0, 62.011718749999986
1189.0, 55.6805399325084
1190.0, 43.34239130434786
1191.0, 27.979274611398978
1192.0, 34.91379310344831
1193.0, 21.004566210045695
1194.0, 34.8027842227378
1195.0, 39.954337899543354
1196.0, 56.27705627705634
1197.0, 52.91375291375292
1198.0, 65.50802139037431
1199.0, 75.00000000000004
1200.0, 81.49882903981265
1201.0, 85.6877323420075
1202.0, 75.12355848434926
1203.0, 77.77777777777783
1204.0, 73.31420373027265
1205.0, 74.72826086956528
1206.0, 62.78538812785391
1207.0, 65.47619047619045
