15.0, 37.43842364532019
16.0, 39.53287197231832
17.0, 40.122914837576815
18.0, 41.84981684981684
19.0, 50.73394495412844
20.0, 50.18181818181819
21.0, 50.87557603686637
22.0, 52.62222222222223
23.0, 57.64362220058424
24.0, 61.28712871287131
25.0, 53.02690582959641
26.0, 44.64993394980183
27.0, 31.191222570532886
28.0, 35.502958579881636
29.0, 41.5711947626841
30.0, 39.96840442338072
31.0, 53.075571177504386
32.0, 66.80327868852461
33.0, 66.32016632016634
34.0, 45.37695590327168
35.0, 47.54098360655736
36.0, 37.57309941520468
37.0, 38.415545590433474
38.0, 35.22205206738133
39.0, 37.30158730158729
40.0, 37.500000000000014
41.0, 38.10289389067525
42.0, 33.10810810810811
43.0, 31.32530120481927
44.0, 38.86178861788618
45.0, 41.4330218068536
46.0, 45.743145743145746
47.0, 44.21364985163204
48.0, 54.08348457350271
49.0, 50.168350168350166
50.0, 54.88029465930019
51.0, 54.478976234003646
52.0, 53.11942959001781
53.0, 50.343642611683876
54.0, 48.6013986013986
55.0, 49.91181657848326
56.0, 54.347826086956516
57.0, 55.882352941176485
58.0, 52.464788732394375
59.0, 44.84848484848484
60.0, 37.09677419354838
61.0, 24.931506849315085
62.0, 43.83561643835616
63.0, 58.71559633027532
64.0, 51.82186234817814
65.0, 49.23076923076924
66.0, 52.89256198347109
67.0, 52.24489795918367
68.0, 51.199999999999974
69.0, 57.042253521126746
70.0, 47.6190476190476
71.0, 44.53781512605038
72.0, 35.227272727272705
73.0, 35.632183908045974
74.0, 33.596837944664074
75.0, 38.827838827838775
76.0, 28.395061728395078
77.0, 28.048780487804876
78.0, 33.65853658536585
79.0, 34.5
80.0, 34.328358208955265
81.0, 39.20454545454541
82.0, 42.60355029585801
83.0, 26.515151515151544
84.0, 35.07462686567173
85.0, 34.09090909090921
86.0, 71.25748502994011
87.0, 66.11111111111116
88.0, 65.3409090909091
89.0, 55.62130177514796
90.0, 53.714285714285786
91.0, 54.02298850574714
92.0, 57.66871165644171
93.0, 67.05882352941177
94.0, 71.92982456140341
95.0, 51.89873417721526
96.0, 64.4859813084112
97.0, 69.10569105691056
98.0, 52.711496746203906
99.0, 51.16279069767442
100.0, 51.57232704402515
101.0, 47.58220502901354
102.0, 48.86792452830188
103.0, 49.23954372623576
104.0, 51.71102661596958
105.0, 52.00764818355643
106.0, 59.67741935483875
107.0, 63.343108504398856
108.0, 60.601719197707766
109.0, 58.10439560439561
110.0, 56.115107913669085
111.0, 53.57686453576867
112.0, 61.43106457242584
113.0, 57.05024311183143
114.0, 47.16006884681585
115.0, 44.844517184942696
116.0, 44.112769485903804
117.0, 44.112769485903804
118.0, 45.114006514657966
119.0, 53.45303867403315
120.0, 44.598765432098745
121.0, 42.28295819935691
122.0, 47.151898734177195
123.0, 45.775729646697386
124.0, 37.770897832817326
125.0, 34.268833087149176
126.0, 34.01759530791789
127.0, 36.59305993690852
128.0, 42.58373205741628
129.0, 47.0899470899471
130.0, 46.996466431095406
131.0, 49.826989619377166
132.0, 44.74576271186441
133.0, 26.97022767075309
134.0, 23.83900928792572
135.0, 15.580286168521468
136.0, 10.517529215358977
137.0, 34.01898734177216
138.0, 35.30377668308704
139.0, 34.789644012945004
140.0, 34.07290015847862
141.0, 36.50546021840875
142.0, 32.7841845140033
143.0, 34.30034129692834
144.0, 32.3920265780731
145.0, 34.24878836833604
146.0, 34.35980551053487
147.0, 37.92486583184258
148.0, 37.32394366197184
149.0, 44.773519163763076
150.0, 43.55932203389831
151.0, 29.148936170212792
152.0, 32.527472527472554
153.0, 34.98817966903074
154.0, 33.408577878103856
155.0, 33.558558558558545
156.0, 32.81938325991189
157.0, 36.983471074380176
158.0, 45.68138195777352
159.0, 45.26112185686653
160.0, 44.82758620689654
161.0, 46.42857142857143
162.0, 47.56097560975609
163.0, 44.396551724137915
164.0, 46.501128668171546
165.0, 42.61501210653754
166.0, 39.75903614457832
167.0, 42.92803970223325
168.0, 48.189415041782716
169.0, 44.736842105263165
170.0, 49.28774928774928
171.0, 42.34234234234234
172.0, 25.70532915360502
173.0, 16.262975778546732
174.0, 26.97841726618705
175.0, 22.52252252252252
176.0, 28.846153846153854
177.0, 21.014492753623188
178.0, 20.0
179.0, 18.729096989966536
180.0, 38.992042440318286
181.0, 41.1764705882353
182.0, 48.32535885167466
183.0, 42.79661016949153
184.0, 46.8503937007874
185.0, 48.08080808080807
186.0, 61.524500907441016
187.0, 61.30198915009042
188.0, 57.914338919925505
189.0, 56.95970695970696
190.0, 59.698681732580035
191.0, 65.45801526717558
192.0, 65.83493282149712
193.0, 59.965034965034974
194.0, 54.83234714003945
195.0, 52.78350515463917
196.0, 48.31460674157302
197.0, 60.592255125284744
198.0, 55.52699228791776
199.0, 57.000000000000014
200.0, 39.440993788819874
201.0, 41.614906832298125
202.0, 41.74454828660437
203.0, 57.480314960629904
204.0, 66.76923076923077
205.0, 50.52910052910052
206.0, 45.91346153846153
207.0, 59.45273631840796
208.0, 55.61357702349869
209.0, 57.92079207920793
210.0, 60.60606060606061
211.0, 48.94613583138173
212.0, 48.94613583138173
213.0, 55.60081466395113
214.0, 59.45945945945946
215.0, 59.87654320987656
216.0, 61.50627615062761
217.0, 56.96969696969698
218.0, 53.99568034557237
219.0, 52.19206680584552
220.0, 63.92785571142286
221.0, 57.293868921775896
222.0, 54.8582995951417
223.0, 50.60728744939271
224.0, 49.79423868312756
225.0, 52.4945770065076
226.0, 48.26175869120652
227.0, 44.15011037527592
228.0, 49.50099800399203
229.0, 49.9009900990099
230.0, 50.0
231.0, 53.52697095435685
232.0, 52.034261241970015
233.0, 63.7795275590551
234.0, 55.76923076923076
235.0, 61.589403973509945
236.0, 62.207357859531776
237.0, 61.79401993355482
238.0, 60.20761245674742
239.0, 70.16393442622947
240.0, 57.066666666666684
241.0, 43.718592964824126
242.0, 29.04884318766065
243.0, 22.61072261072259
244.0, 21.33027522935778
245.0, 19.088937093275476
246.0, 11.86094069529652
247.0, 13.701431492842573
248.0, 12.361623616236187
249.0, 9.046052631578945
250.0, 14.5631067961165
251.0, 23.135464231354632
252.0, 24.962852897473994
253.0, 17.802503477051474
254.0, 20.480000000000004
255.0, 22.338568935427574
256.0, 32.82051282051283
257.0, 42.78438030560272
258.0, 46.29324546952225
259.0, 42.64036418816389
260.0, 52.80235988200591
261.0, 54.15472779369627
262.0, 51.85185185185185
263.0, 48.83720930232558
264.0, 46.351351351351354
265.0, 43.84724186704385
266.0, 39.83402489626556
267.0, 51.188811188811194
268.0, 53.49794238683127
269.0, 57.23598435462843
270.0, 52.08333333333334
271.0, 49.635036496350374
272.0, 51.13314447592068
273.0, 57.210776545166404
274.0, 56.800000000000004
275.0, 55.5189456342669
276.0, 63.58490566037737
277.0, 75.73033707865167
278.0, 76.1160714285714
279.0, 78.29614604462472
280.0, 85.38135593220338
281.0, 81.04738154613464
282.0, 80.66157760814247
283.0, 68.36734693877548
284.0, 74.52380952380949
285.0, 74.27884615384613
286.0, 61.22931442080377
287.0, 62.35011990407672
288.0, 55.898876404494374
289.0, 54.492753623188385
290.0, 55.13196480938416
291.0, 67.32954545454545
292.0, 65.44943820224718
293.0, 54.26621160409556
294.0, 43.558282208588935
295.0, 46.84684684684683
296.0, 46.68674698795179
297.0, 57.14285714285714
298.0, 50.0
299.0, 41.064638783269956
300.0, 54.41860465116278
301.0, 57.39130434782608
302.0, 48.995983935743
303.0, 53.818181818181834
304.0, 48.524590163934434
305.0, 37.07865168539325
306.0, 37.931034482758605
307.0, 40.551181102362236
308.0, 55.89519650655024
309.0, 57.38396624472573
310.0, 54.26008968609864
311.0, 54.86725663716816
312.0, 58.196721311475414
313.0, 61.47186147186146
314.0, 63.37448559670782
315.0, 66.28787878787878
316.0, 69.16996047430827
317.0, 62.08333333333333
318.0, 71.63461538461539
319.0, 75.25252525252525
320.0, 71.98067632850241
321.0, 70.73170731707317
322.0, 54.298642533936636
323.0, 44.954128440367
324.0, 40.66390041493778
325.0, 30.952380952380935
326.0, 23.200000000000003
327.0, 33.45724907063199
328.0, 27.272727272727266
329.0, 13.675213675213683
330.0, 14.03508771929826
331.0, 19.736842105263136
332.0, 19.148936170212735
333.0, 20.588235294117666
334.0, 21.585903083700458
335.0, 23.809523809523782
336.0, 33.823529411764696
337.0, 44.761904761904745
338.0, 50.537634408602145
339.0, 60.645161290322584
340.0, 73.61963190184049
341.0, 71.71052631578948
342.0, 77.9069767441861
343.0, 44.518272425249165
344.0, 51.5625
345.0, 50.63694267515925
346.0, 52.88461538461538
347.0, 55.58912386706948
348.0, 52.57142857142856
349.0, 44.27860696517415
350.0, 41.6243654822335
351.0, 39.94778067885119
352.0, 40.72164948453607
353.0, 41.91919191919192
354.0, 36.17571059431525
355.0, 37.15012722646311
356.0, 32.61455525606469
357.0, 47.081712062256805
358.0, 46.03174603174602
359.0, 39.06810035842292
360.0, 26.963350785340324
361.0, 25.401069518716596
362.0, 28.96174863387978
363.0, 35.6687898089172
364.0, 36.24595469255665
365.0, 30.15384615384616
366.0, 29.721362229102212
367.0, 27.76025236593064
368.0, 31.832797427652793
369.0, 30.718954248366018
370.0, 37.425149700598816
371.0, 39.556962025316466
372.0, 34.02061855670105
373.0, 42.96028880866429
374.0, 71.5116279069767
375.0, 62.42774566473985
376.0, 64.86486486486484
377.0, 56.71641791044774
378.0, 59.04761904761903
379.0, 68.88888888888887
380.0, 73.07692307692301
381.0, 72.72727272727273
382.0, 79.3478260869565
383.0, 74.06015037593987
384.0, 73.15175097276264
385.0, 75.50200803212857
386.0, 76.09561752988053
387.0, 75.10373443983406
388.0, 77.18631178707228
389.0, 82.87937743190668
390.0, 81.66666666666673
391.0, 88.68778280542999
392.0, 88.73873873873886
393.0, 88.98678414096928
394.0, 89.03508771929837
395.0, 86.38297872340429
396.0, 74.85029940119766
397.0, 82.24852071005921
398.0, 81.48148148148154
399.0, 84.61538461538461
400.0, 87.69230769230768
401.0, 77.40384615384615
402.0, 75.13227513227513
403.0, 70.21276595744682
404.0, 72.8155339805825
405.0, 74.27184466019415
406.0, 77.63713080168775
407.0, 79.29687499999997
408.0, 77.91666666666664
409.0, 82.00836820083684
410.0, 87.20930232558139
411.0, 78.14814814814815
412.0, 62.42038216560509
413.0, 68.88297872340425
414.0, 66.28242074927954
415.0, 72.18934911242604
416.0, 73.88888888888889
417.0, 73.48066298342542
418.0, 67.97752808988767
419.0, 67.51412429378533
420.0, 65.36144578313252
421.0, 63.258785942492025
422.0, 55.65749235474005
423.0, 55.65749235474005
424.0, 55.10835913312694
425.0, 62.92834890965732
426.0, 78.1021897810219
427.0, 77.44360902255639
428.0, 79.66101694915255
429.0, 79.7979797979798
430.0, 72.4738675958188
431.0, 68.42105263157893
432.0, 69.56521739130434
433.0, 67.75244299674267
434.0, 57.14285714285715
435.0, 53.04347826086955
436.0, 53.35276967930031
437.0, 50.144092219020166
438.0, 45.42682926829269
439.0, 40.322580645161295
440.0, 41.08280254777068
441.0, 39.344262295081954
442.0, 30.97014925373135
443.0, 28.846153846153854
444.0, 28.846153846153868
445.0, 28.195488721804523
446.0, 27.675276752767516
447.0, 28.51711026615969
448.0, 32.467532467532465
449.0, 31.38075313807532
450.0, 31.249999999999986
451.0, 35.31914893617022
452.0, 39.669421487603316
453.0, 50.354609929078016
454.0, 49.820788530465954
455.0, 43.54838709677419
456.0, 42.0408163265306
457.0, 46.21212121212119
458.0, 45.353159851301115
459.0, 54.98007968127491
460.0, 59.227467811158846
461.0, 60.337552742616055
462.0, 67.4418604651163
463.0, 75.32467532467535
464.0, 82.85714285714293
465.0, 84.14096916299567
466.0, 78.4140969162996
467.0, 75.00000000000004
468.0, 66.00985221674875
469.0, 61.02564102564108
470.0, 56.93779904306223
471.0, 59.821428571428605
472.0, 48.72727272727272
473.0, 52.68456375838924
474.0, 51.8151815181518
475.0, 50.8361204013378
476.0, 40.87837837837836
477.0, 36.33633633633632
478.0, 37.23076923076922
479.0, 28.57142857142854
480.0, 34.39306358381502
481.0, 33.03834808259586
482.0, 33.73493975903615
483.0, 37.16814159292032
484.0, 36.311239193083544
485.0, 24.277456647398807
486.0, 32.73381294964025
487.0, 26.086956521739154
488.0, 25.581395348837205
489.0, 27.924528301886795
490.0, 30.833333333333343
491.0, 44.298245614035096
492.0, 47.08333333333332
493.0, 61.27659574468087
494.0, 65.13409961685824
495.0, 66.04477611940297
496.0, 72.6315789473684
497.0, 78.393351800554
498.0, 86.22448979591834
499.0, 95.48022598870061
500.0, 87.79840848806369
501.0, 87.63440860215056
502.0, 90.83969465648856
503.0, 89.48717948717947
504.0, 90.20618556701034
505.0, 89.6457765667575
506.0, 90.28132992327367
507.0, 84.07310704960844
508.0, 82.47126436781616
509.0, 79.76539589442825
510.0, 74.00611620795115
511.0, 66.13545816733078
512.0, 60.648148148148216
513.0, 65.69037656903771
514.0, 69.46902654867259
515.0, 71.25000000000003
516.0, 67.90697674418608
517.0, 74.50199203187258
518.0, 69.40298507462691
519.0, 70.92198581560288
520.0, 65.86345381526115
521.0, 73.27586206896555
522.0, 67.24137931034487
523.0, 69.91150442477874
524.0, 75.35545023696685
525.0, 63.31877729257641
526.0, 52.301255230125506
527.0, 55.11811023622043
528.0, 60.245901639344275
529.0, 47.876447876447884
530.0, 57.413249211356515
531.0, 33.33333333333333
532.0, 37.29216152019003
533.0, 32.235294117647086
534.0, 31.494252873563212
535.0, 30.11494252873564
536.0, 31.764705882352942
537.0, 32.084309133489526
538.0, 34.8314606741573
539.0, 36.817102137767236
540.0, 41.87192118226601
541.0, 33.593750000000014
542.0, 31.362467866323897
543.0, 38.77005347593583
544.0, 21.315789473684177
545.0, 37.704918032786935
546.0, 38.46153846153845
547.0, 42.410714285714285
548.0, 46.046511627907016
549.0, 47.14285714285711
550.0, 48.3720930232558
551.0, 44.05286343612327
552.0, 38.57142857142855
553.0, 46.696035242290705
554.0, 42.924528301886774
555.0, 59.03614457831322
556.0, 55.056179775280874
557.0, 48.06201550387595
558.0, 61.3861386138614
559.0, 64.38356164383559
560.0, 57.27699530516436
561.0, 62.65560165975101
562.0, 61.24999999999996
563.0, 61.50627615062761
564.0, 58.974358974359
565.0, 63.63636363636365
566.0, 60.60606060606064
567.0, 59.9118942731278
568.0, 59.64912280701755
569.0, 49.726775956284115
570.0, 61.490683229813676
571.0, 68.4210526315789
572.0, 79.88165680473375
573.0, 79.51807228915663
574.0, 86.79245283018862
575.0, 87.42514970059877
576.0, 89.88764044943822
577.0, 66.94560669456072
578.0, 67.5105485232067
579.0, 71.89781021897804
580.0, 75.8490566037735
581.0, 74.9999999999999
582.0, 77.33812949640283
583.0, 77.81690140845066
584.0, 54.33673469387755
585.0, 47.92626728110601
586.0, 48.63636363636363
587.0, 53.87755102040815
588.0, 56.704980842911866
589.0, 56.370656370656356
590.0, 53.87596899224804
591.0, 61.60520607375265
592.0, 58.55670103092785
593.0, 56.20915032679738
594.0, 68.24644549763032
595.0, 62.49999999999999
596.0, 54.309165526675784
597.0, 52.48618784530386
598.0, 58.37173579109062
599.0, 66.1119515885023
600.0, 57.38880918220948
601.0, 53.08056872037915
602.0, 50.08403361344539
603.0, 44.991511035653645
604.0, 48.34437086092716
605.0, 48.000000000000014
606.0, 54.385964912280706
607.0, 50.22970903522206
608.0, 32.43243243243241
609.0, 38.56502242152466
610.0, 50.51546391752581
611.0, 51.17493472584856
612.0, 56.81159420289853
613.0, 44.55128205128205
614.0, 43.710691823899346
615.0, 44.9230769230769
616.0, 42.815249266862146
617.0, 47.00315457413248
618.0, 37.65432098765432
619.0, 44.50549450549453
620.0, 33.53846153846156
621.0, 42.9032258064516
622.0, 48.24561403508776
623.0, 47.94117647058824
624.0, 45.031055900621126
625.0, 48.19277108433734
626.0, 52.55681818181817
627.0, 62.95336787564764
628.0, 76.17554858934167
629.0, 73.52941176470586
630.0, 77.66323024054981
631.0, 78.89610389610385
632.0, 88.80866425992774
633.0, 72.3404255319148
634.0, 70.58823529411755
635.0, 59.21052631578949
636.0, 56.02836879432623
637.0, 49.8269896193772
638.0, 47.75086505190307
639.0, 44.086021505376394
640.0, 42.007434944237936
641.0, 25.229357798165125
642.0, 27.751196172248854
643.0, 19.72789115646262
644.0, 27.6073619631902
645.0, 29.761904761904816
646.0, 30.791788856304976
647.0, 40.378548895899065
648.0, 39.87538940809971
649.0, 48.32214765100669
650.0, 48.32214765100669
651.0, 59.57446808510636
652.0, 61.8618618618619
653.0, 65.04297994269336
654.0, 60.57142857142854
655.0, 62.247838616714695
656.0, 56.34920634920635
657.0, 76.85185185185186
658.0, 73.72013651877134
659.0, 58.307210031347914
660.0, 46.71916010498688
661.0, 42.46575342465753
662.0, 44.034090909090935
663.0, 38.1868131868132
664.0, 42.30769230769228
665.0, 40.47619047619049
666.0, 38.33780160857908
667.0, 32.79569892473123
668.0, 34.269662921348356
669.0, 31.299734748010607
670.0, 35.71428571428572
671.0, 24.860335195530723
672.0, 22.646310432569962
673.0, 39.06633906633912
674.0, 49.14285714285716
675.0, 48.31460674157307
676.0, 57.320099255583116
677.0, 61.90476190476188
678.0, 62.98200514138818
679.0, 50.99502487562187
680.0, 56.561085972850655
681.0, 58.13953488372092
682.0, 56.68934240362812
683.0, 61.75115207373271
684.0, 59.72540045766588
685.0, 66.24365482233506
686.0, 73.69863013698634
687.0, 68.10631229235884
688.0, 74.934725848564
689.0, 74.54545454545452
690.0, 71.34502923976605
691.0, 73.65591397849462
692.0, 69.65944272445819
693.0, 87.63736263736266
694.0, 66.50485436893206
695.0, 71.42857142857142
696.0, 74.51820128479656
697.0, 74.40860215053762
698.0, 76.65952890792292
699.0, 75.36842105263156
700.0, 77.01375245579567
701.0, 74.80620155038758
702.0, 71.17516629711751
703.0, 70.2407002188184
704.0, 66.44880174291941
705.0, 60.310421286031044
706.0, 64.48412698412699
707.0, 53.72093023255813
708.0, 70.14084507042254
