0, 2608
1, 13190
2, 16896
3, 26395
4, 24508
5, 24300
6, 19433
7, -68278
8, -67748
9, -88914
10, -113711
11, -114925
12, -113829
13, -113637
14, -114803
15, -168136
16, -115224
17, -112051
18, -119245
19, -117871
20, -118294
21, -116685
22, -116441
23, -116864
24, -139437
25, -136264
26, -130496
27, -131554
28, -131449
29, -133913
30, -133171
31, -132854
32, -126506
33, -126506
34, -126401
35, -73489
36, -72959
37, -73526
38, -72468
39, -77249
40, -40213
41, -29631
42, -24339
43, -34921
44, -34816
45, -36227
46, 17565
47, 17212
48, 17635
49, 44092
50, 49384
51, 49737
52, -19715
53, -17811
54, -26593
55, -27419
56, -29853
57, -27208
58, -25619
59, -25619
60, -30911
61, -28795
62, -26679
63, -26679
64, -21387
65, -28264
66, -28040
67, -22748
68, 19052
69, 117463
70, 147197
71, 103729
72, 80451
73, 81773
74, 103995
75, 88217
76, 98799
77, 95200
78, 98444
79, 87862
80, 88285
81, 95082
82, 98255
83, 105662
84, 130288
85, 129971
86, 138436
87, 142829
88, 128146
89, 135872
90, 141845
91, 169848
92, 216303
93, 228578
94, 229848
95, 254945
96, 250078
97, 253145
98, 262140
99, 266161
100, 263622
101, 277612
102, 302374
103, 331367
104, 336446
105, 336446
106, 343640
107, 366250
108, 367520
109, 381066
110, 365404
111, 343182
112, 353727
113, 342712
114, 310331
115, 326099
116, 310545
117, 326258
118, 349398
119, 379345
120, 374795
121, 413313
122, 411197
123, 399450
124, 402273
125, 402273
126, 411902
127, 360001
128, 351184
129, 313670
130, 270177
131, 227956
132, 247956
133, 247426
134, 258532
135, 259590
136, 270489
137, 340701
138, 361760
139, 364144
140, 424461
141, 450776
142, 420902
143, 428696
144, 410812
145, 417979
146, 424751
147, 409619
148, 482535
149, 451967
150, 497762
151, 519032
152, 499428
153, 557275
154, 514952
155, 528920
156, 544897
157, 615974
158, 674705
159, 631846
160, 574173
161, 591836
162, 573318
163, 643478
164, 719479
165, 688072
166, 707968
167, 747744
168, 805346
169, 778468
170, 792856
171, 798966
172, 928243
173, 1006461
174, 1039929
175, 936425
176, 1030131
177, 899575
178, 949072
179, 857585
180, 814405
181, 736365
182, 800817
183, 778338
184, 829838
185, 842120
186, 779262
187, 756510
188, 742001
189, 754331
190, 732977
191, 713823
192, 692128
193, 625969
194, 651261
195, 624700
196, 512319
197, 568350
198, 596606
199, 637030
200, 625919
201, 628458
202, 635865
203, 641102
204, 644808
205, 671924
206, 652347
207, 647055
208, 652134
209, 675572
210, 699910
211, 712079
212, 699539
213, 710120
214, 721918
215, 752817
216, 737049
217, 721645
218, 701910
219, 713550
220, 721471
221, 706551
222, 697131
223, 702317
224, 712422
225, 730893
226, 744754
227, 754701
228, 763954
229, 781388
230, 803431
231, 823749
232, 832744
233, 846543
234, 846543
235, 833522
236, 789288
237, 820858
238, 838160
239, 864298
240, 853874
241, 873609
242, 888317
243, 852125
244, 836285
245, 825179
246, 840522
247, 856076
248, 844858
249, 825389
250, 846130
251, 854277
252, 865684
253, 862296
254, 855184
255, 844496
256, 784046
257, 797770
258, 800629
259, 793909
260, 809677
261, 816766
262, 802267
263, 783749
264, 810893
265, 819783
266, 789836
267, 797773
268, 813748
269, 814542
270, 807239
271, 811789
272, 802320
273, 818827
274, 822177
275, 829584
276, 843181
277, 857985
278, 872164
279, 883804
280, 910661
281, 897540
282, 913790
283, 914743
284, 923738
285, 937494
286, 954849
287, 970403
288, 984159
289, 991672
290, 1016751
291, 1101857
292, 1072837
293, 1087494
294, 1108106
295, 1133608
296, 1124084
297, 1108001
298, 1129149
299, 1070335
300, 1007092
301, 982901
302, 989858
303, 962073
304, 952973
305, 974543
306, 992108
307, 1046319
308, 1072974
309, 1048756
310, 1023517
311, 1030025
312, 1040184
313, 1074152
314, 1116681
315, 1095411
316, 1003981
317, 1029199
318, 995284
319, 1002232
320, 1010163
321, 1033132
322, 1069984
323, 1044587
324, 1027549
325, 1034113
326, 1001996
327, 941150
328, 954061
329, 968900
330, 964985
331, 971792
332, 957824
333, 906449
334, 944696
335, 993954
336, 993954
337, 1036706
338, 1060620
339, 1077232
340, 1072788
341, 1078291
342, 1055033
343, 1062866
344, 1063501
345, 1070062
346, 1076623
347, 1068361
348, 1060798
349, 1043126
350, 1054924
351, 1063389
352, 1051601
353, 1028953
354, 1039127
355, 1046216
356, 1170238
357, 1157117
358, 1147593
359, 1071404
360, 1079713
361, 1108095
362, 1129263
363, 1144024
364, 1157200
365, 1149053
366, 1102174
367, 1107780
368, 1121326
369, 930992
370, 973955
371, 955445
372, 927484
373, 848479
374, 860119
375, 933748
376, 885175
377, 881576
378, 862237
379, 839169
380, 870809
381, 882344
382, 866895
383, 876736
384, 863931
385, 847213
386, 866155
387, 883404
388, 926342
389, 915435
390, 903544
391, 916243
392, 913281
393, 912277
394, 914393
395, 989100
396, 971957
397, 991004
398, 978729
399, 1004337
400, 986507
401, 961286
402, 992821
403, 1078239
404, 1047957
405, 1019069
406, 1032930
407, 1056528
408, 1042029
409, 1046684
410, 1041843
411, 1045880
412, 1033047
413, 1039406
414, 1065074
415, 1082059
416, 1092112
417, 1165148
418, 1153303
419, 1192703
420, 1161168
421, 1144901
422, 1122044
423, 1093875
424, 1088473
425, 1082441
426, 1092388
427, 1110401
428, 1117173
429, 1104421
430, 1107809
431, 1118812
432, 1118812
433, 1122579
434, 1129140
435, 1135944
436, 1131923
437, 1126951
438, 1008538
439, 874147
440, 1116885
441, 1113006
442, 1117715
443, 1121421
444, 1130998
445, 1133220
446, 1135476
447, 1014471
448, 1013941
449, 1013624
450, 1002363
451, 987655
452, 998989
453, 925496
454, 1102321
455, 1167121
456, 1231035
457, 1260769
458, 1249149
459, 1212801
460, 1229413
461, 1243875
462, 1231590
463, 1220796
464, 1225182
465, 1302896
466, 1309672
467, 1250253
468, 1191612
469, 1102469
470, 970934
471, 883577
472, 908928
473, 914642
474, 807336
475, 588055
476, 593027
477, 608185
478, 603984
479, 614037
480, 583778
481, 524763
482, 536604
483, 533851
484, 523057
485, 484909
486, 491998
487, 499087
488, 483638
489, 591703
490, 637576
491, 686218
492, 682938
493, 679339
494, 681455
495, 676005
496, 676851
497, 681823
498, 679707
499, 681929
500, 689232
501, 682292
502, 684281
503, 688365
504, 695242
505, 694078
506, 694287
507, 698308
508, 703413
509, 704949
510, 1362727
511, 1368323
512, 1362153
513, 1352629
514, 1356754
515, 1362819
516, 1367415
517, 1364108
518, 1361992
519, 1354585
520, 1362732
521, 1367561
522, 1370418
523, 1362481
524, 1362904
525, 1354967
526, 1352957
527, 1345724
528, 1347734
529, 1346464
530, 1321598
531, 1323608
532, 1328580
533, 1332495
534, 1330591
535, 1336730
536, 1331369
537, 1333697
538, 1328430
539, 1333085
540, 1324938
541, 1321232
542, 1319663
543, 1315219
544, 1365377
545, 1358816
546, 1359346
547, 1362413
548, 1358789
549, 1355190
550, 1346934
551, 1332595
552, 1325188
553, 1332595
554, 1347622
555, 1345929
556, 1347411
557, 1346353
558, 1345507
559, 1344237
560, 1341698
561, 1344660
562, 1342756
563, 1348681
564, 1337041
565, 1335348
566, 1342861
567, 1341487
568, 1336942
569, 1329323
570, 1333948
571, 1334053
572, 1333007
573, 1342319
574, 1344223
575, 1343960
576, 1349039
577, 1342860
578, 1333548
579, 1339580
580, 1337676
581, 1331328
582, 1318022
583, 1300244
584, 1309873
585, 1310614
586, 1308392
587, 1312625
588, 1311884
589, 1290509
590, 1278506
591, 1286232
592, 1268530
593, 1254578
594, 1263174
595, 1296083
596, 1297141
597, 1296295
598, 1289206
599, 1289935
600, 1295541
601, 1280673
602, 1278874
603, 1280144
604, 1277391
605, 1283739
606, 1286761
607, 1271312
608, 1276391
609, 1274381
610, 1272265
611, 1275395
612, 1272433
613, 1280266
614, 1281219
615, 1284274
616, 1292107
617, 1303110
618, 1306064
619, 1301831
620, 1305100
621, 1303301
622, 1306158
623, 1304676
624, 1302137
625, 1294411
626, 1297268
627, 1294940
628, 1293936
629, 1291291
630, 1289387
631, 1297359
632, 1294186
633, 1287838
634, 1287838
635, 2627795
636, 2626120
637, 2625803
638, 2624429
639, 2625382
640, 2626756
641, 2624003
642, 2624426
643, 2625696
644, 2624638
645, 2622808
646, 2631523
647, 2634062
648, 2622103
649, 2619350
650, 2622417
651, 2621253
652, 2620300
653, 2624006
654, 2630991
655, 2639032
656, 2639878
657, 2641888
658, 2641042
659, 2638608
660, 2639982
661, 2639773
662, 2641783
663, 2644640
664, 2645910
665, 2642630
666, 2623583
667, 2636174
668, 2633107
669, 2638610
670, 2643325
671, 2639937
672, 2656912
673, 2649718
674, 2647073
675, 2642290
676, 2630967
677, 2626353
678, 2637781
679, 2636407
680, 2639474
681, 2638733
682, 2635368
683, 2634838
684, 2627961
685, 2629019
686, 2614205
687, 2609233
688, 2608492
689, 2607434
690, 2607964
691, 2607118
692, 2605319
693, 2603945
694, 2601300
695, 2594528
696, 2593575
697, 2593470
698, 2597861
699, 2599235
700, 2615215
701, 2612781
702, 2612572
703, 2606751
704, 2604623
705, 2607480
706, 2607585
707, 2606541
708, 2608763
709, 2608128
710, 2582836
711, 2581672
712, 2551993
713, 2558607
714, 2557337
715, 2557128
716, 2554694
717, 2546547
718, 2546338
719, 2547396
720, 2571524
721, 2598615
722, 2586500
723, 2587030
724, 2602850
725, 2608828
726, 2608723
727, 2592098
728, 2596743
729, 2587219
730, 2587324
731, 2588488
732, 2582456
733, 2582561
734, 2583196
735, 2585841
736, 2588594
737, 2587430
738, 2586900
739, 2588053
740, 2590592
741, 2588053
742, 2580012
743, 2575779
744, 2425187
745, 2418805
746, 2432773
747, 2430974
748, 2420499
749, 2427802
750, 2419072
751, 2419602
752, 2414947
753, 2411032
754, 2286482
755, 2291774
756, 2300239
757, 2283838
758, 2261880
759, 2268019
760, 2284844
761, 2266113
762, 2255638
763, 2262751
764, 2269418
765, 2262646
766, 2277789
767, 2129869
768, 2133042
769, 2117461
770, 2116403
771, 2111853
772, 2111536
773, 2113125
774, 2110500
775, 2109336
776, 2122210
777, 2118295
778, 2123798
779, 2110358
780, 2107078
781, 2101679
782, 2107137
783, 2114365
784, 2132990
785, 2128123
786, 2129528
787, 2132281
788, 2132954
789, 2133695
790, 2130952
791, 2133809
792, 2130636
793, 2134976
794, 2134235
795, 2134870
796, 2134661
797, 2134452
798, 2135087
799, 2128420
800, 2068103
801, 2215089
802, 2163976
803, 2233182
804, 2271700
805, 2248526
806, 2299956
807, 2323766
808, 2319004
809, 2321226
810, 2348688
811, 2327736
812, 2339059
813, 2328688
814, 2324604
815, 2305450
816, 2310953
817, 2309789
818, 2273195
819, 2259544
820, 2223966
821, 2223966
822, 2224496
823, 2227390
824, 2249571
825, 2230835
826, 2252314
827, 2278771
828, 2305387
829, 2325069
830, 2288349
831, 2320308
832, 2336076
833, 2297159
834, 2307741
835, 2288481
836, 2317899
837, 2324776
838, 2317473
839, 2324458
840, 2323928
841, 2340225
842, 2387763
843, 2405859
844, 2424324
845, 2418399
846, 2417446
847, 2417446
848, 2413636
849, 2414271
850, 2419670
851, 2438457
852, 2452744
853, 2436132
854, 2436341
855, 2441527
856, 2428194
857, 2485656
858, 2485447
859, 2474908
860, 2482527
861, 2491561
862, 2493150
863, 2494632
864, 2491879
865, 2490186
866, 2494224
867, 2497291
868, 2497821
869, 2495599
870, 2498987
871, 2500576
872, 2526343
873, 2527296
874, 2524651
875, 2523381
876, 2523118
877, 2529890
878, 2547167
879, 2545897
880, 2562830
881, 2568544
882, 2562723
883, 2565471
884, 2571179
885, 2543452
886, 2548744
887, 2569696
888, 2576044
889, 2571704
890, 2572234
891, 2570541
892, 2569483
893, 2575622
894, 2584828
895, 2571707
896, 2575200
897, 2572713
898, 2574829
899, 2572184
900, 2576734
901, 2577792
902, 2564881
903, 2569006
904, 2615991
905, 2608664
906, 2611626
907, 2596283
908, 2599140
909, 2606759
910, 2602949
911, 2598082
912, 2592437
913, 2594871
914, 2588601
915, 2587755
916, 2577596
917, 2578654
918, 2577065
919, 2579967
920, 2577110
921, 2585151
922, 2583936
923, 2588380
924, 2599279
925, 2618790
926, 2573074
927, 2840059
928, 2914027
929, 2891699
930, 2885985
931, 2911927
932, 2903358
933, 2978443
934, 2993316
935, 2981781
936, 2985310
937, 2984887
938, 2978620
939, 2974256
940, 2965474
941, 2966638
942, 2958701
943, 2950975
944, 2953977
945, 2954082
946, 2952336
947, 2951827
948, 2969774
949, 2967446
950, 2953267
951, 2943241
952, 2945490
953, 2945067
954, 2947712
955, 2951151
956, 2954113
957, 2954113
958, 2955595
959, 2978393
960, 2885801
961, 2887728
962, 2892620
963, 2912753
964, 2915398
965, 2914340
966, 2913694
967, 2914224
968, 2914329
969, 2915703
970, 2913164
971, 2922584
972, 2920468
973, 2905292
974, 2894795
975, 2892150
976, 2896700
977, 2921356
978, 2918499
979, 2913448
980, 2913448
981, 2918772
982, 2916687
983, 2921766
984, 2927930
985, 2912481
986, 2912272
987, 2912272
988, 2908895
989, 2904329
990, 2925495
991, 2926765
992, 2927400
993, 2923643
994, 2925759
995, 2925550
996, 2938249
997, 2936767
998, 2936924
999, 2943007
1000, 2899261
1001, 2930054
1002, 2967142
1003, 3007036
1004, 3074021
1005, 3054656
1006, 3074434
1007, 3082371
1008, 3067028
1009, 3073958
1010, 3061314
1011, 3066076
1012, 3067346
1013, 3074965
1014, 3084806
1015, 3101076
1016, 3130107
1017, 3136241
1018, 3124032
1019, 3130762
1020, 3123990
1021, 3120710
1022, 3111928
1023, 3104678
1024, 3112719
1025, 3109013
1026, 3105203
1027, 3099382
1028, 3088640
1029, 3084982
1030, 3088949
1031, 3082696
1032, 3079890
1033, 3083278
1034, 3087292
1035, 3090588
1036, 3094959
1037, 3108715
1038, 3102790
1039, 3084699
1040, 3079300
1041, 3086813
1042, 3089469
1043, 3082697
1044, 3078392
1045, 3077122
1046, 3075429
1047, 3067173
1048, 3035390
1049, 3036448
1050, 3034438
1051, 3082586
1052, 3082903
1053, 3080150
1054, 3078246
1055, 3076452
1056, 3069575
1057, 3051837
1058, 3114375
1059, 3118534
1060, 3107635
1061, 3105743
1062, 3109342
1063, 3106254
1064, 3090888
1065, 3067729
1066, 3083812
1067, 3087305
1068, 3087514
1069, 3088878
1070, 3089936
1071, 3070782
1072, 3085383
1073, 3107561
1074, 3105972
1075, 3116025
1076, 3120469
1077, 3128616
1078, 3146288
1079, 3103785
1080, 3112160
1081, 3096392
1082, 3061894
1083, 3064682
1084, 3046057
1085, 3027412
1086, 3047571
1087, 3026092
1088, 2997348
1089, 2992481
1090, 2998249
1091, 2959994
1092, 2965708
1093, 2968601
1094, 2957712
1095, 2931303
1096, 2909928
1097, 2919462
1098, 2920214
1099, 2933760
1100, 2958416
1101, 2954259
1102, 2985440
1103, 3008932
1104, 3013057
1105, 3011693
1106, 3001213
1107, 2999520
1108, 2999520
1109, 3018938
1110, 3029309
1111, 3052695
1112, 3074811
1113, 3051509
1114, 3052939
1115, 3051798
1116, 3043864
1117, 3034552
1118, 3036265
1119, 3044521
1120, 3058277
1121, 3070976
1122, 3080437
1123, 3078003
1124, 3065938
1125, 3072193
1126, 3065948
1127, 3059600
1128, 3069759
1129, 3049229
1130, 3069335
1131, 3060975
1132, 3075206
1133, 3075415
1134, 3075415
1135, 3079434
1136, 3094248
1137, 3097374
1138, 3110612
1139, 3162042
1140, 3185236
1141, 3182101
1142, 3175116
1143, 3181677
1144, 3130355
1145, 3125383
1146, 3126083
1147, 3116771
1148, 3107671
1149, 3079894
1150, 3048633
1151, 3039851
1152, 3023627
1153, 3020506
1154, 3009511
1155, 3021258
1156, 3033957
1157, 3036634
1158, 3027554
1159, 3042507
1160, 3028856
1161, 3020074
1162, 3012241
1163, 3000813
1164, 2992348
1165, 3004081
1166, 3004822
1167, 2981858
1168, 3018788
1169, 3023984
1170, 3018437
1171, 3027167
1172, 3022880
1173, 3012050
1174, 3006651
1175, 3014058
1176, 3021571
1177, 3027603
1178, 3035750
1179, 3047865
1180, 3065114
1181, 3081547
1182, 3095303
1183, 3108636
1184, 3107792
1185, 3098692
1186, 3097706
1187, 3104435
1188, 3101136
1189, 3096681
1190, 3095728
1191, 3096522
1192, 3102661
1193, 3105414
1194, 3107636
1195, 3094620
1196, 3096630
1197, 3101816
1198, 3099700
1199, 3095256
1200, 3092822
1201, 3096632
1202, 3104727
1203, 3112134
1204, 3114505
1205, 3117467
1206, 3115668
1207, 3123075
1208, 3123075
1209, 3123700
1210, 3132790
1211, 3122419
1212, 3109900
1213, 3105667
1214, 3096757
1215, 3095487
1216, 3103952
1217, 3183580
1218, 3196050
1219, 3396897
1220, 3430758
1221, 3425096
1222, 3428695
1223, 3426156
1224, 3438034
1225, 3445228
1226, 3439196
1227, 3443190
1228, 3438640
1229, 3439698
1230, 3436488
1231, 3439876
1232, 3438512
1233, 3457030
1234, 3453750
1235, 3449677
1236, 3446924
1237, 3460374
1238, 3454248
1239, 3448491
1240, 3401612
1241, 3407218
1242, 3401926
1243, 3390179
1244, 3406580
1245, 3417798
1246, 3424146
1247, 3416633
1248, 3430706
1249, 3445256
1250, 3439435
1251, 3442608
1252, 3443035
1253, 3437078
1254, 3456010
1255, 3471672
1256, 3495058
1257, 3502043
1258, 3492519
1259, 3497863
1260, 3487832
1261, 3483529
1262, 3547211
1263, 3518414
1264, 3478735
1265, 3504184
1266, 3527845
1267, 3542076
1268, 3558884
1269, 3581000
1270, 3669122
1271, 3594094
1272, 3569308
1273, 3540579
1274, 3556990
1275, 3576327
1276, 3524036
1277, 3493969
1278, 3445890
1279, 3481868
1280, 3525580
1281, 3493992
1282, 3522234
1283, 3494977
1284, 3507355
1285, 3497726
1286, 3469686
1287, 3450775
1288, 3469460
1289, 3527667
1290, 3539439
1291, 3505662
1292, 3526520
1293, 3509748
1294, 3529748
1295, 3551018
1296, 3526774
1297, 3494895
1298, 3475105
1299, 3458376
1300, 3442927
1301, 3423507
1302, 3441836
1303, 3417889
1304, 3424037
1305, 3428680
1306, 3433195
1307, 3475831
1308, 3496572
1309, 3517604
1310, 3504686
1311, 3413628
1312, 3376823
1313, 3332628
1314, 3284839
1315, 3220572
1316, 3296707
1317, 3349427
1318, 3302310
1319, 3340805
1320, 3310487
1321, 3127845
1322, 3086194
1323, 3068692
1324, 3098111
1325, 3123047
1326, 3151993
1327, 3128925
1328, 3105672
1329, 3003420
1330, 3012562
1331, 3033724
1332, 3018170
1333, 3048258
1334, 3085096
1335, 3116904
1336, 3083266
1337, 3109087
1338, 3088833
1339, 3114985
1340, 3106448
1341, 3094437
1342, 3074174
1343, 2913545
1344, 2826639
1345, 2801668
1346, 2829708
1347, 2843887
1348, 2866526
1349, 2885860
1350, 2869499
1351, 2883325
1352, 2905916
1353, 2894083
1354, 2905803
1355, 2878476
1356, 2803995
1357, 2775924
1358, 2743533
1359, 2712999
1360, 2683176
1361, 2699687
1362, 2733193
1363, 2752320
1364, 2719299
1365, 2760619
1366, 2723672
1367, 2702497
1368, 2711655
1369, 2690653
1370, 2728983
1371, 2701857
1372, 2760040
1373, 2872817
1374, 2973650
1375, 3048963
1376, 3023405
1377, 3044853
1378, 3016721
1379, 2954643
1380, 2927483
1381, 2870300
1382, 2842671
1383, 2811401
1384, 2850433
1385, 2875735
1386, 2897461
1387, 2924357
1388, 2864246
1389, 2927368
1390, 2892986
1391, 2860168
1392, 2850358
1393, 2813461
1394, 2766445
1395, 2732638
1396, 2752525
1397, 2832893
1398, 2859603
1399, 2818071
1400, 2744616
1401, 2776472
1402, 2691296
1403, 2727207
1404, 2782769
1405, 2804191
1406, 2754804
1407, 2746993
1408, 2719584
1409, 2736512
1410, 2791603
1411, 2869741
1412, 2909491
1413, 2879360
1414, 2900992
1415, 2879197
1416, 2861866
1417, 2758981
1418, 2729491
1419, 2742651
1420, 2710133
1421, 2645903
1422, 2666002
1423, 2627838
1424, 2564510
1425, 2592436
1426, 2619171
1427, 2629149
1428, 2662343
1429, 2621184
1430, 2649031
1431, 2610732
1432, 2627252
1433, 2658442
1434, 2700398
1435, 2709814
1436, 2751680
1437, 2718745
1438, 2768805
1439, 2718653
1440, 2664210
1441, 2629761
1442, 2668221
1443, 2625082
1444, 2640681
1445, 2602661
1446, 2629157
1447, 2593295
1448, 2551755
1449, 2528449
1450, 2508611
1451, 2486515
1452, 2436219
1453, 2395005
1454, 2357080
1455, 2365873
1456, 2335323
1457, 2279411
1458, 2213909
1459, 2133863
1460, 2024204
1461, 2117478
1462, 2046138
1463, 2092831
1464, 2125318
1465, 2148007
1466, 2117622
1467, 2150796
1468, 2121260
1469, 2069234
1470, 2040602
1471, 2064129
1472, 2046022
1473, 2021828
1474, 1983296
1475, 2007102
1476, 1956677
1477, 1996733
1478, 1975915
1479, 1967400
1480, 1928607
1481, 1980597
1482, 1950901
1483, 1904507
1484, 1864681
1485, 1882310
1486, 1820233
1487, 1846634
1488, 1867168
1489, 1853851
1490, 1839121
1491, 1809417
1492, 1756376
1493, 1785010
1494, 1823125
1495, 1772075
1496, 1739444
1497, 1766513
1498, 1718971
1499, 1639078
1500, 1785994
1501, 1848075
1502, 1926630
1503, 1887813
1504, 1901366
1505, 1861306
1506, 1883513
1507, 1845575
1508, 1897192
1509, 1863956
1510, 1898018
1511, 1823049
1512, 1788034
1513, 1809677
1514, 1845211
1515, 1784641
1516, 1817016
1517, 1875509
1518, 1824724
1519, 1741789
1520, 1681844
1521, 1705748
1522, 1868581
1523, 1819526
1524, 1870400
1525, 1908764
1526, 1842309
1527, 1828432
1528, 1839974
1529, 1820344
1530, 1794059
1531, 1852346
1532, 1630126
1533, 1596870
1534, 1334776
1535, 1306787
1536, 1283515
1537, 1249061
1538, 1315828
1539, 1334072
1540, 1452254
1541, 1416351
1542, 1400466
1543, 1417601
1544, 1501822
1545, 1535866
1546, 1496180
1547, 1561176
1548, 1521454
1549, 1500866
1550, 1474944
1551, 1435360
1552, 1495650
1553, 1452362
1554, 1506162
1555, 1506162
1556, 1532800
1557, 1576424
1558, 1592375
1559, 1544801
1560, 1593041
1561, 1615666
1562, 1632303
1563, 1581412
1564, 1548447
1565, 1541934
1566, 1565495
1567, 1584061
1568, 1633412
1569, 1645921
1570, 1627729
1571, 1687223
1572, 1716064
1573, 1743830
1574, 1705247
1575, 1732345
1576, 1757187
1577, 1781427
1578, 1719062
1579, 1751685
1580, 1723313
1581, 1739190
1582, 1757362
1583, 1789782
1584, 1817216
1585, 1817216
1586, 1804179
1587, 1791230
1588, 1823359
1589, 1798389
1590, 1826215
1591, 1815686
1592, 1826166
1593, 1769428
1594, 1782801
1595, 1869816
1596, 1909624
1597, 1896603
1598, 1928496
1599, 1915829
1600, 1905839
1601, 1882552
1602, 1938925
1603, 1923814
1604, 1870172
1605, 1760324
1606, 1777247
1607, 1827907
1608, 1916442
1609, 1807058
1610, 1884572
1611, 1839174
1612, 1813227
1613, 1836972
1614, 1818316
1615, 1792499
1616, 1582469
1617, 1536835
1618, 1559732
1619, 1587383
1620, 1579174
1621, 1550075
1622, 1509069
1623, 1541320
1624, 1566405
1625, 1539293
1626, 1520677
1627, 1499169
1628, 1473447
1629, 1450132
1630, 1542806
1631, 1555488
1632, 1543394
1633, 1532010
1634, 1560407
1635, 1569812
1636, 1561514
1637, 1549245
1638, 1539903
1639, 1571583
1640, 1601412
1641, 1611454
1642, 1605459
1643, 1583630
1644, 1643324
1645, 1552384
1646, 1526999
1647, 1511482
1648, 1500201
1649, 1432459
1650, 1341155
1651, 1359161
1652, 1348410
1653, 1326748
1654, 1308843
1655, 1200553
1656, 1316317
1657, 1345340
1658, 1354965
1659, 1314141
1660, 1290177
1661, 1213216
1662, 1161165
1663, 1187170
1664, 1149798
1665, 1106599
1666, 1002257
1667, 1022766
1668, 1051236
1669, 1097451
1670, 1118317
1671, 1091591
1672, 1073491
1673, 1095314
1674, 1065224
1675, 1079026
1676, 1063171
1677, 1070304
1678, 1106469
1679, 1092962
1680, 1076158
1681, 1049854
1682, 1037555
1683, 1072334
1684, 1035003
1685, 1057836
1686, 1082870
1687, 1087310
1688, 1104624
1689, 1146611
1690, 1141753
1691, 1136372
1692, 1128270
1693, 1162664
1694, 1158737
1695, 1167418
1696, 1164420
1697, 1173351
1698, 1180588
1699, 1206472
1700, 1264635
1701, 1251250
1702, 1238353
1703, 1252973
1704, 1259247
1705, 1292821
1706, 1203524
1707, 1237344
1708, 1225003
1709, 1210878
1710, 1288742
1711, 1295057
1712, 1307913
1713, 1124025
1714, 1081925
1715, 1111884
1716, 1092597
1717, 979492
1718, 943792
1719, 964578
1720, 1011041
1721, 1011041
1722, 1035058
1723, 1017214
1724, 1010238
1725, 1031180
1726, 1052494
1727, 1010264
1728, 977272
1729, 962818
1730, 979220
1731, 962000
1732, 953846
1733, 965318
1734, 1397861
1735, 1278145
1736, 1300534
1737, 1279591
1738, 1310668
1739, 1377297
1740, 1351418
1741, 1292280
1742, 1358133
1743, 1321935
1744, 1354152
1745, 1303487
1746, 1260148
1747, 1213715
1748, 1235642
1749, 1212954
1750, 1189887
1751, 1161501
1752, 1136135
1753, 1168663
1754, 1152201
1755, 1142617
1756, 1128458
1757, 1155996
1758, 1190771
1759, 1175530
1760, 1210237
1761, 1236849
1762, 1264602
1763, 1246820
1764, 1207863
1765, 1223609
1766, 1213405
1767, 1196495
1768, 1202734
1769, 1190447
1770, 1216207
1771, 1227561
1772, 1236562
1773, 1260268
1774, 1273098
1775, 1265432
1776, 1250372
1777, 1260043
1778, 1270528
1779, 1251785
1780, 1235456
1781, 1207817
1782, 1211296
1783, 1186923
1784, 1207236
1785, 1218104
1786, 1225069
1787, 1208558
1788, 1214490
1789, 1233508
1790, 1213881
1791, 1153577
1792, 1169806
1793, 1144761
1794, 1191908
1795, 1162716
1796, 1137637
1797, 1191889
1798, 1170559
1799, 1203717
1800, 1181843
1801, 1216054
1802, 1160464
1803, 1036663
1804, 1061199
1805, 992435
1806, 956447
1807, 942709
1808, 958330
1809, 1020766
1810, 1007374
1811, 1053895
1812, 1093476
1813, 1141986
1814, 1181374
1815, 1218272
1816, 1255003
1817, 1192829
1818, 1215015
1819, 1204494
1820, 1229272
1821, 1205841
1822, 1224175
1823, 1236371
1824, 1207110
1825, 1222324
1826, 1254544
1827, 1231613
1828, 1221328
1829, 1211676
1830, 1221990
1831, 1228051
1832, 1217646
1833, 1267881
1834, 1260973
1835, 1270516
1836, 1278400
1837, 1255826
1838, 1241917
1839, 1222647
1840, 1207807
1841, 1197465
1842, 1201864
1843, 1197619
1844, 1173173
1845, 1117424
1846, 982441
1847, 1067562
1848, 941229
1849, 962863
1850, 974477
1851, 955251
1852, 926796
1853, 887916
1854, 922281
1855, 940201
1856, 959278
1857, 945977
1858, 938768
1859, 949712
1860, 938257
1861, 965789
1862, 996505
1863, 982512
1864, 941628
1865, 974133
1866, 748589
1867, 1035124
1868, 1002729
1869, 1049365
1870, 1040860
1871, 1096486
1872, 1089809
1873, 1066211
1874, 1022797
1875, 1047276
1876, 1100617
1877, 1116359
1878, 1125593
1879, 1181519
1880, 1137995
1881, 1108955
1882, 1024319
1883, 1048573
1884, 1023057
1885, 1081092
1886, 1121090
1887, 1102420
1888, 1088259
1889, 1119823
1890, 1160224
1891, 1125371
1892, 1115346
1893, 1137648
1894, 1117694
1895, 1213795
1896, 1256114
1897, 1244274
1898, 1244274
1899, 1262884
1900, 1241755
1901, 1268788
1902, 1261229
1903, 1253975
1904, 1234194
1905, 1216907
1906, 1176194
1907, 1184689
1908, 1168440
1909, 1205967
1910, 1181219
1911, 1196644
1912, 1228050
1913, 1228050
1914, 1259709
1915, 1197273
1916, 1222855
1917, 1215764
1918, 1205918
1919, 1246915
1920, 1188898
1921, 1131316
1922, 1012235
1923, 1114510
1924, 1200811
1925, 1168717
1926, 1190496
1927, 1170788
1928, 1144187
1929, 1056643
1930, 978785
1931, 950023
1932, 988447
1933, 886938
1934, 902246
1935, 976083
1936, 976083
1937, 930065
1938, 984568
1939, 936909
1940, 820756
1941, 877263
1942, 899774
1943, 932028
1944, 902162
1945, 923196
1946, 1053292
1947, 1053292
1948, 1028727
1949, 979275
1950, 997574
1951, 1025769
1952, 1014185
1953, 917651
1954, 887260
1955, 1041556
1956, 872356
1957, 746241
1958, 596921
1959, 571586
1960, 562247
1961, 463171
1962, 391861
1963, 464521
1964, 502423
1965, 453589
1966, 442533
1967, 481819
1968, 527542
1969, 556833
1970, 535643
1971, 521957
1972, 508938
1973, 528744
1974, 554640
1975, 574456
1976, 532702
1977, 561283
1978, 538588
1979, 514199
1980, 545888
1981, 575279
1982, 626422
1983, 712657
1984, 688337
1985, 739783
1986, 857146
1987, 825115
1988, 842339
1989, 817915
1990, 858170
1991, 936008
1992, 892744
1993, 857504
1994, 739635
1995, 781326
1996, 795614
1997, 848539
1998, 867174
1999, 840831
2000, 788013
2001, 803231
2002, 785298
2003, 673862
2004, 628264
2005, 588758
2006, 551649
2007, 567818
2008, 542097
2009, 548617
2010, 561090
2011, 531219
2012, 565247
2013, 574892
2014, 585285
2015, 631797
2016, 558665
2017, 570882
2018, 561556
2019, 590659
2020, 583836
2021, 613752
2022, 585636
2023, 578793
2024, 600931
2025, 613865
2026, 596655
2027, 560117
2028, 510957
2029, 474606
2030, 454746
2031, 438504
2032, 421499
2033, 440473
2034, 430344
2035, 408700
2036, 390956
2037, 479679
2038, 513168
2039, 464341
2040, 426392
2041, 411354
2042, 417014
2043, 391600
2044, 349582
2045, 403697
2046, 355351
2047, 351302
2048, 363593
2049, 363593
2050, 356863
2051, 364432
2052, 388195
2053, 364476
2054, 380845
2055, 363966
2056, 409961
2057, 442692
2058, 469076
2059, 485696
2060, 489152
2061, 483251
2062, 513311
2063, 527691
2064, 514808
2065, 504862
2066, 483068
2067, 533935
2068, 579370
2069, 466916
2070, 519042
2071, 486897
2072, 426120
2073, 451090
2074, 486518
2075, 529379
2076, 476547
2077, 464264
2078, 452370
2079, 417945
2080, 399421
2081, 420103
2082, 389186
2083, 352622
2084, 286221
2085, 258337
2086, 258337
2087, 274075
2088, 285393
2089, 361067
2090, 275162
2091, 318359
2092, 338487
2093, 361772
2094, 361772
2095, 391055
2096, 408225
2097, 381653
2098, 413851
2099, 395093
2100, 395093
2101, 354260
2102, 346733
2103, 383227
2104, 366836
2105, 398025
2106, 412347
2107, 433216
2108, 406988
2109, 357417
2110, 289703
2111, 245327
2112, 223378
2113, 91707
2114, 360968
2115, 728691
2116, 341579
2117, 372594
2118, 413091
2119, 391743
2120, 418843
2121, 386828
2122, 408342
2123, 423161
2124, 505870
2125, 491449
2126, 509179
2127, 526166
2128, 514593
2129, 485206
2130, 519921
2131, 540106
2132, 471005
2133, 441922
2134, 456935
2135, 420964
2136, 442721
2137, 456822
2138, 465842
2139, 477873
2140, 467863
2141, 481883
2142, 533779
2143, 504377
2144, 518460
2145, 549097
2146, 577633
2147, 556282
2148, 527428
2149, 512412
2150, 501626
2151, 513681
2152, 503374
2153, 526805
2154, 545889
2155, 561171
2156, 550163
2157, 566215
2158, 561291
2159, 589045
2160, 616541
2161, 661061
2162, 654316
2163, 630536
2164, 603242
2165, 576766
2166, 550524
2167, 557841
2168, 573145
2169, 580846
2170, 558639
2171, 546533
2172, 557045
2173, 554016
2174, 568315
2175, 550053
2176, 550053
2177, 571466
2178, 555513
2179, 594840
2180, 643361
2181, 670455
2182, 591404
2183, 570391
2184, 598163
2185, 576044
2186, 584688
2187, 619131
2188, 619131
2189, 701646
2190, 734619
2191, 835550
2192, 887420
2193, 967165
2194, 924577
2195, 965689
2196, 938336
2197, 908648
2198, 924758
2199, 901735
2200, 876484
2201, 888463
2202, 952757
2203, 992600
2204, 913209
2205, 989263
2206, 1057186
2207, 1097799
2208, 1135020
2209, 1178264
2210, 1112978
2211, 1080723
2212, 1041388
2213, 971340
2214, 940876
2215, 1113514
2216, 1132466
2217, 1159170
2218, 1270061
2219, 1203159
2220, 1165757
2221, 1190322
2222, 1279512
2223, 1310530
2224, 1282385
2225, 1293992
2226, 1315484
2227, 1315484
2228, 1358333
2229, 1280802
2230, 1231473
2231, 1189791
2232, 1230856
2233, 1282123
2234, 1256398
2235, 1280073
2236, 1280073
2237, 1280073
2238, 1218394
2239, 1183919
2240, 1119214
2241, 1119214
2242, 1088729
2243, 1054332
2244, 898845
2245, 753171
2246, 753171
2247, 865403
2248, 814410
2249, 873823
2250, 804655
2251, 747652
2252, 661106
2253, 549592
2254, 410563
2255, 523789
2256, 467713
2257, 582160
2258, 381227
2259, 115108
2260, 88237
2261, 127551
2262, 58130
2263, 25962
2264, 56551
2265, 92025
2266, 143931
2267, 110104
2268, 136512
2269, 107572
2270, 60281
2271, 110928
2272, 25679
2273, -35351
2274, 11725
2275, 57026
2276, -15244
2277, -67659
2278, -110768
2279, -59268
2280, -128462
2281, -128462
2282, -165840
2283, -126687
2284, -78964
2285, 34497
2286, -59813
2287, -109642
2288, -79886
2289, 30497
2290, -3758
2291, 22981
2292, 56686
2293, 11232
2294, -88491
2295, -198103
2296, -146629
2297, -89373
2298, 4040
2299, -137806
2300, -85257
2301, -232011
2302, -181929
2303, -218988
2304, -280549
2305, -398805
2306, -309528
2307, -266171
2308, -219224
2309, -262547
2310, -222601
2311, -193120
2312, -24822
2313, -91730
2314, -53464
2315, -31753
2316, 29768
2317, -12669
2318, -79944
2319, -30559
2320, 13189
2321, 88905
2322, 31129
2323, -85451
2324, -263495
2325, -110164
2326, 257140
2327, 539846
2328, 749939
2329, 635467
2330, 546868
2331, 598192
2332, 487174
2333, 395034
2334, 316861
2335, 438665
2336, 526167
2337, 648926
2338, 542712
2339, 682884
2340, 588149
2341, 646234
2342, 584410
2343, 502203
2344, 566271
2345, 614721
2346, 700853
2347, 764328
2348, 692586
2349, 616293
2350, 518261
2351, 588537
2352, 638609
2353, 574897
2354, 670788
2355, 620138
2356, 538816
2357, 410577
2358, 308671
2359, 250151
2360, 195970
2361, 173874
2362, 125408
2363, 262544
2364, 232416
2365, 271411
2366, 246423
2367, 288239
2368, 202793
2369, 276449
2370, 382953
2371, 455400
2372, 426784
2373, 270101
2374, 197351
2375, 277658
2376, 249551
2377, 333182
2378, 357566
2379, 432531
2380, 480366
2381, 530443
2382, 494559
2383, 649127
2384, 574766
2385, 620209
2386, 688150
2387, 614814
2388, 674164
2389, 598487
2390, 504975
2391, 522448
2392, 686084
2393, 901309
2394, 1159258
2395, 1022425
2396, 1153616
2397, 1356045
2398, 1612381
2399, 1498723
2400, 1395644
2401, 1210738
2402, 1102986
2403, 1243347
2404, 1116892
2405, 1202904
2406, 1101639
2407, 1158670
2408, 1228738
2409, 1194672
2410, 1124341
2411, 1060458
2412, 994559
2413, 1044435
2414, 977459
2415, 1013834
2416, 1041299
2417, 982354
2418, 1048033
2419, 1172100
2420, 1044536
2421, 889466
2422, 935715
2423, 1094615
2424, 958845
2425, 1026507
2426, 974760
2427, 1027257
2428, 956523
2429, 1010631
2430, 944230
2431, 875915
2432, 759738
2433, 724572
2434, 764920
2435, 794141
2436, 684915
2437, 839784
2438, 658716
2439, 604664
2440, 682552
2441, 620080
2442, 559221
2443, 387223
2444, 229734
2445, 302181
2446, 190236
2447, 268829
2448, 416229
2449, 345914
2450, 312158
2451, 266715
2452, 187919
2453, 47861
2454, -61164
2455, -189131
2456, -115979
2457, -191248
2458, -85046
2459, -14110
2460, -246162
2461, -124342
2462, -137001
2463, -213075
2464, -290057
2465, -218124
2466, -309716
2467, -209459
2468, -355123
2469, -580324
2470, -687332
2471, -771770
2472, -927344
2473, -1092995
2474, -1263482
2475, -1123828
2476, -1250586
2477, -1411083
2478, -1301154
2479, -1397582
2480, -1266896
2481, -1173693
2482, -1258131
2483, -1413705
2484, -1528774
2485, -1403326
2486, -1473858
2487, -1369974
2488, -1502356
2489, -1427836
2490, -1537987
2491, -1621982
2492, -1547844
2493, -1474209
2494, -1323107
2495, -1402778
2496, -1508502
2497, -1633741
2498, -1733833
2499, -1512102
2500, -1384146
2501, -1528280
2502, -1630182
2503, -1397206
2504, -1280014
2505, -1211510
2506, -962877
2507, -884313
2508, -620857
2509, -819631
2510, -561506
2511, -640564
2512, -461607
2513, -305283
2514, -169783
2515, -306289
2516, -415392
2517, -294796
2518, -413598
2519, -323165
2520, -175391
2521, -368029
2522, -493268
2523, -362897
2524, -541150
2525, -463894
2526, -318984
2527, -523492
2528, -648988
2529, -813862
2530, -658544
2531, -787911
2532, -980448
2533, -1163830
2534, -1324881
2535, -1393486
2536, -1480902
2537, -1382119
2538, -1287963
2539, -1194309
2540, -1132444
2541, -1209801
2542, -1135562
2543, -1047945
2544, -1028228
2545, -997245
2546, -931226
2547, -1020479
2548, -948986
2549, -834912
2550, -943957
2551, -1070953
2552, -966034
2553, -1051840
2554, -1127789
2555, -1273895
2556, -1339582
2557, -1086487
2558, -1208608
2559, -1126020
2560, -1061136
2561, -987455
2562, -838073
2563, -757280
2564, -831760
2565, -938099
2566, -964895
2567, -1062788
2568, -1009224
2569, -875116
2570, -955646
2571, -1126074
2572, -1215621
2573, -1315082
2574, -1503534
2575, -1593466
2576, -1851114
2577, -2119233
2578, -2341446
2579, -2636071
2580, -2793017
2581, -2581351
2582, -2733159
2583, -2492832
2584, -2234498
2585, -2104056
2586, -1685876
2587, -1685876
2588, -1912833
2589, -1721615
2590, -1329804
2591, -1558879
2592, -1808289
2593, -1976013
2594, -1839595
2595, -2031168
2596, -1846045
2597, -1681959
2598, -1412274
2599, -1670093
2600, -1544666
2601, -1271291
2602, -1432616
2603, -1273374
2604, -1019830
2605, -772936
2606, -561912
2607, -174179
2608, 408847
2609, 743566
2610, 1456186
2611, 1075742
2612, 754153
2613, 918573
2614, 697849
2615, 569751
2616, 439432
2617, 238870
2618, 489339
2619, 843862
2620, 1028279
2621, 914423
2622, 1042756
2623, 844731
2624, 706959
2625, 861241
2626, 716466
2627, 976014
2628, 855334
2629, 745170
2630, 655938
2631, 562024
2632, 705672
2633, 424622
2634, 545912
2635, 699818
2636, 933108
2637, 1189564
2638, 963663
2639, 1185303
2640, 1561312
2641, 1959322
2642, 2523701
2643, 1825566
2644, 2362070
2645, 1962113
2646, 2460240
2647, 2752438
2648, 2172917
2649, 2833298
2650, 2572833
2651, 2279799
2652, 1905849
2653, 1652405
2654, 1984509
2655, 1646406
2656, 1883897
2657, 2179023
2658, 1949167
2659, 1728395
2660, 2339464
2661, 2826160
2662, 2421980
2663, 2104602
2664, 1881286
2665, 2038692
2666, 1852939
2667, 2107556
2668, 1867459
2669, 2028779
2670, 1819649
2671, 1648925
2672, 1772456
2673, 2070160
2674, 2426955
2675, 2781360
2676, 3199358
2677, 2865026
2678, 2680638
2679, 3278992
2680, 2793534
2681, 3086446
2682, 2743078
2683, 3069907
2684, 3338749
2685, 2988984
2686, 2738470
2687, 2945771
2688, 2524005
2689, 2185060
2690, 2469742
2691, 2680863
2692, 2899591
2693, 3075602
2694, 3354046
2695, 3074978
2696, 2873481
2697, 3139004
2698, 3439550
2699, 3752380
2700, 3450725
2701, 3711241
2702, 3595738
2703, 3428207
2704, 3100553
2705, 2824945
2706, 2989272
2707, 2668376
2708, 2454779
2709, 2701893
2710, 2443748
2711, 2918401
2712, 2715969
2713, 2869451
2714, 2394870
2715, 2064522
2716, 1750041
2717, 1475801
2718, 1695495
2719, 2024921
2720, 2261409
2721, 2027250
2722, 1828777
2723, 1954894
2724, 1881239
2725, 1742183
2726, 1840579
2727, 1740316
2728, 1597972
2729, 1743416
2730, 1259868
2731, 1010463
2732, 818806
2733, 818806
2734, 578944
2735, 430936
2736, 606389
2737, 793216
2738, 971314
2739, 833265
2740, 694327
2741, 475253
2742, 475253
2743, 255651
2744, 618822
2745, 736829
2746, 545292
2747, 134068
2748, 134068
2749, 549862
2750, 806060
2751, 505673
2752, 759510
2753, 520348
2754, 761354
2755, 1118567
2756, 1562666
2757, 1839615
2758, 1546342
2759, 1719184
2760, 1583935
2761, 1395698
2762, 1469137
2763, 1619400
2764, 1533406
2765, 1394448
2766, 1271177
2767, 1389434
2768, 1518885
2769, 1518885
2770, 1463395
2771, 1359354
2772, 1305590
2773, 1510613
2774, 1440560
2775, 1555472
2776, 1666625
2777, 1853077
2778, 2149356
2779, 2149356
2780, 2590214
2781, 2364202
2782, 2740001
2783, 3427603
2784, 4135850
2785, 4650312
2786, 4016023
2787, 4721278
2788, 5310866
2789, 4805559
2790, 4805559
2791, 4610141
2792, 4995954
2793, 5494052
2794, 6029218
2795, 6267848
2796, 5934951
2797, 5252492
2798, 5550151
2799, 5550151
2800, 5787081
2801, 6118477
2802, 5804487
2803, 6095254
2804, 6095254
2805, 5358951
2806, 4750466
2807, 4166736
2808, 3838395
2809, 3493255
2810, 3205650
2811, 2753676
2812, 3150614
2813, 2512092
2814, 2272545
2815, 2272545
2816, 2424991
2817, 2162593
2818, 1925282
2819, 2253052
2820, 2642567
2821, 3130755
2822, 3690254
2823, 3228706
2824, 2554943
2825, 3079570
2826, 4224582
2827, 4632503
2828, 5147749
2829, 4580278
2830, 3930776
2831, 4378821
2832, 4845464
2833, 5660505
2834, 7081466
2835, 8408795
2836, 7743766
2837, 8560106
2838, 6315354
2839, 7154251
2840, 7781680
2841, 8692886
2842, 7975952
2843, 8632765
2844, 9161312
2845, 10014286
2846, 9426465
2847, 10725319
2848, 11784715
2849, 12430778
2850, 11882411
2851, 11078963
2852, 9772143
2853, 10841032
2854, 10111716
2855, 8601988
2856, 9495841
2857, 8428481
2858, 7595111
2859, 8474346
2860, 7493814
2861, 8377054
2862, 7615948
2863, 6628807
2864, 6037628
2865, 4880762
2866, 5627494
2867, 6439402
2868, 5919660
2869, 6543515
2870, 7191373
2871, 6668134
2872, 7294327
2873, 6574230
2874, 7507347
2875, 7971684
2876, 7971684
2877, 7337368
2878, 7927353
2879, 8414244
2880, 8414244
2881, 7805608
2882, 8325076
2883, 8900309
2884, 9774309
2885, 9262054
2886, 8585800
2887, 8585800
2888, 9005111
2889, 8214384
2890, 7663208
2891, 7300209
2892, 6665665
2893, 6098705
2894, 6651471
2895, 6156250
2896, 5791244
2897, 6294871
2898, 6916885
2899, 6322849
2900, 6322849
2901, 6620820
2902, 6145110
2903, 5057594
2904, 3690542
2905, 4771767
2906, 6008172
2907, 6008172
2908, 5205013
2909, 4343174
2910, 3193347
2911, 3999185
2912, 4885074
2913, 3859641
2914, 2851589
2915, 3758509
2916, 4133213
2917, 3688161
2918, 3094176
2919, 2260160
2920, 2675214
2921, 2045487
2922, 968699
2923, 295428
2924, -432383
2925, -175052
2926, 333352
2927, -125340
2928, 784874
2929, 1654680
2930, 2326910
2931, 1734751
2932, 1090362
2933, 604739
2934, -51470
2935, 302693
2936, -310789
2937, -310789
2938, 293387
2939, 799474
2940, 1214160
2941, 2037236
2942, 3046071
2943, 2106478
2944, 1450378
2945, 1642274
2946, 1076126
2947, 1076126
2948, 1076126
2949, 1714551
2950, 2525965
2951, 3385680
2952, 2979359
2953, 2979359
2954, 3872830
2955, 4596947
2956, 4142981
2957, 3433492
2958, 3859005
2959, 4177538
2960, 5094669
2961, 6293959
2962, 5361687
2963, 5923125
2964, 6338911
2965, 6338911
2966, 5893855
2967, 5893855
2968, 5258785
2969, 4743110
2970, 5604831
2971, 5066030
2972, 4301953
2973, 3391132
2974, 3806754
2975, 3180136
2976, 4486527
2977, 3650771
2978, 4337723
2979, 5315445
2980, 5315445
2981, 5909972
2982, 6543541
2983, 5670610
2984, 6341208
2985, 5535230
2986, 4792534
2987, 5379502
2988, 6019850
2989, 7258125
2990, 7988805
2991, 7301077
2992, 5907258
2993, 5471184
2994, 4886177
2995, 3995309
2996, 4835488
2997, 4436490
2998, 5041751
2999, 5482146
3000, 6387569
3001, 5923347
3002, 5347592
3003, 4816209
3004, 4416977
3005, 4416977
3006, 5008587
3007, 4386851
3008, 5054670
3009, 5669088
3010, 5669088
3011, 6383212
3012, 6019214
3013, 6019214
3014, 6528149
3015, 6961871
3016, 7577175
3017, 6830881
3018, 9070062
3019, 7976391
3020, 6829606
3021, 6829606
3022, 6262915
3023, 7103670
3024, 7912278
3025, 6944213
3026, 6402914
3027, 5399270
3028, 5848498
3029, 5354094
3030, 6414406
3031, 6414406
3032, 5923661
3033, 6705202
3034, 6195984
3035, 6833770
3036, 5866939
3037, 5491764
