0, 1349262
1, 3369887
2, 6539016
3, 9960329
4, 13718158
5, 15461561
6, 17319418
7, 22845244
8, 26418948
9, 25102096
10, 26932290
11, 29043673
12, 26642155
13, 27542738
14, 28731461
15, 27679737
16, 26458273
17, 27693094
18, 29048131
19, 26651880
20, 26651880
21, 25493695
22, 26238655
23, 24870886
24, 25713496
25, 25212246
26, 24869747
27, 25468206
28, 24729148
29, 25463936
30, 24991484
31, 24248652
32, 24699234
33, 24172507
34, 24273315
35, 24806784
36, 25292065
37, 27433293
38, 26735399
39, 27734519
40, 27307245
41, 28135187
42, 27568940
43, 26825136
44, 27652502
45, 27060457
46, 26730812
47, 27127928
48, 26289561
49, 24014623
50, 23196847
51, 23736535
52, 24552068
53, 26165924
54, 26486892
55, 26306127
56, 25676587
57, 26241228
58, 26663817
59, 25147986
60, 27206433
61, 28867021
62, 29541920
63, 30230151
64, 30957370
65, 27190089
66, 28504342
67, 27911221
68, 27389863
69, 25878253
70, 26504779
71, 25241558
72, 23414795
73, 23749848
74, 24775048
75, 25476524
76, 25923098
77, 26664059
78, 27403580
79, 29658963
80, 30539701
81, 32361035
82, 31407222
83, 29968314
84, 31086534
85, 32092584
86, 33369840
87, 34214056
88, 35190883
89, 34078175
90, 34762305
91, 34268063
92, 34970228
93, 34000568
94, 35053456
95, 34389317
96, 35232293
97, 33477564
98, 35089602
99, 36347120
100, 35317633
101, 36051687
102, 34535285
103, 36412717
104, 37525261
105, 38474426
106, 39989836
107, 41659488
108, 40898312
109, 42281750
110, 49832744
111, 51391963
112, 50762690
113, 49957243
114, 51333225
115, 53483853
116, 54328841
117, 55679135
118, 57932703
119, 57213133
120, 56366476
121, 54957946
122, 53722896
123, 52369290
124, 51080112
125, 50002567
126, 48023032
127, 48708822
128, 49335963
129, 46419129
130, 47039016
131, 44291581
132, 43142755
133, 42337412
134, 46723453
135, 45999405
136, 46860269
137, 49155878
138, 47039120
139, 57299120
140, 59167227
141, 62914411
142, 66031681
143, 64604532
144, 63672035
145, 64479862
146, 63009933
147, 62141445
148, 63385521
149, 64641449
150, 63550928
151, 61821296
152, 60792240
153, 59753046
154, 57765531
155, 59349596
156, 57700277
157, 56396172
158, 57500116
159, 58365627
160, 59539093
161, 57321105
162, 55186833
163, 51396067
164, 49935816
165, 51383491
166, 52167009
167, 53448679
168, 54361248
169, 53464907
170, 54459704
171, 53376009
172, 54174312
173, 55482684
174, 57018585
175, 58409202
176, 57355399
177, 54649119
178, 51830132
179, 50656050
180, 52039575
181, 53339682
182, 55229729
183, 56715680
184, 59034698
185, 60789259
186, 62167166
187, 60008489
188, 58538887
189, 57181438
190, 58164042
191, 58164042
192, 59884093
193, 58624596
194, 57394811
195, 58782198
196, 60121320
197, 59089005
198, 58257453
199, 56899689
200, 55557921
201, 56754508
202, 60282254
203, 61474930
204, 60309846
205, 59511640
206, 58071814
207, 58782574
208, 59485646
209, 60211779
210, 59618643
211, 58947287
212, 58571527
213, 59194869
214, 60935813
215, 62147360
216, 63315014
217, 64463455
218, 63548278
219, 62122647
220, 61392934
221, 62257774
222, 64701751
223, 65459528
224, 66654799
225, 67791046
226, 67101835
227, 68016110
228, 68919032
229, 67973478
230, 69873803
231, 68394171
232, 66996971
233, 66996971
234, 68354361
235, 70446803
236, 73816103
237, 72578152
238, 69253395
239, 71716991
240, 74320795
241, 77939633
242, 76558473
243, 75054467
244, 73827410
245, 74849398
246, 73706443
247, 72288696
248, 73316567
249, 74948445
250, 76245039
251, 78053358
252, 76631036
253, 74326105
254, 74326105
255, 75547077
256, 76282241
257, 77289872
258, 78259292
259, 80007024
260, 81321431
261, 82410969
262, 79931832
263, 76980063
264, 81897728
265, 79738573
266, 77097788
267, 79054650
268, 81847825
269, 80226915
270, 81523453
271, 80081714
272, 78796728
273, 76434609
274, 78248926
275, 76504770
276, 77905273
277, 74976711
278, 72944267
279, 74732980
280, 76403678
281, 78506984
282, 77493372
283, 77850821
284, 76676536
285, 75380656
286, 76218100
287, 77691223
288, 84421428
289, 82746883
290, 83955825
291, 82603500
292, 81392410
293, 80633116
294, 79728388
295, 80623322
296, 83055868
297, 81724718
298, 80767407
299, 83280497
300, 85343884
301, 84203788
302, 86472412
303, 82559580
304, 82144048
305, 81310102
306, 82149974
307, 81227842
308, 82006850
309, 83448642
310, 82558489
311, 83193935
312, 83193935
313, 84308678
314, 85161791
315, 83511440
316, 84284108
317, 83268019
318, 83268019
319, 82500104
320, 84500872
321, 86406731
322, 87713996
323, 88980432
324, 90407212
325, 91215206
326, 90282083
327, 91818281
328, 90632427
329, 93742249
330, 96660744
331, 95135252
332, 92517930
333, 95460010
334, 97546879
335, 98444074
336, 97181809
337, 98843989
338, 101498966
339, 100244815
340, 98959430
341, 97007786
342, 95180973
343, 97644795
344, 98831505
345, 96412995
346, 97719921
347, 98654316
348, 98654316
349, 97090248
350, 98001119
351, 98995268
352, 100817571
353, 99612501
354, 100272262
355, 99168232
356, 98048552
357, 99181607
358, 100039653
359, 102019135
360, 100914592
361, 102022255
362, 103388487
363, 101786523
364, 102414195
365, 103412614
366, 101910887
367, 102552522
368, 103402302
369, 102463081
370, 101123587
371, 99389911
372, 97725732
373, 99534940
374, 100812128
375, 99797781
376, 100772021
377, 101470689
378, 103480805
379, 100809790
380, 102596795
381, 101179269
382, 102554477
383, 103673352
384, 102703614
385, 104236461
386, 102170322
387, 104275175
388, 105333719
389, 104008815
390, 101656406
391, 99377277
392, 101443116
393, 107011590
394, 108610265
395, 109541955
396, 108375042
397, 109427147
398, 109961768
399, 110971939
400, 112119737
401, 113420401
402, 112062969
403, 113343751
404, 112128520
405, 113202865
406, 110926314
407, 109806862
408, 110792867
409, 111828441
410, 110274464
411, 110862922
412, 110144388
413, 108903323
414, 107309494
415, 104966288
416, 108318215
417, 110437943
418, 108068977
419, 107144355
420, 106159601
421, 106832263
422, 107896941
423, 109343106
424, 110324762
425, 109170083
426, 107234647
427, 102214507
428, 99800777
429, 101331390
430, 102439028
431, 103498794
432, 100981384
433, 102516805
434, 100587012
435, 101844365
436, 102699663
437, 101545185
438, 103094171
439, 103937546
440, 105384433
441, 106428917
442, 105381657
443, 104488892
444, 103584985
445, 104541349
446, 105705643
447, 107001930
448, 106136354
449, 105068293
450, 101654908
451, 102834716
452, 101893793
453, 102587058
454, 103580036
455, 105378193
456, 106359222
457, 105457947
458, 103988621
459, 102604105
460, 101457389
461, 100342217
462, 99417339
463, 97148361
464, 95664808
465, 98080931
466, 99640578
467, 98116529
468, 99073363
469, 100662668
470, 100134163
471, 99064731
472, 99710721
473, 99051702
474, 99626282
475, 100230476
476, 99603245
477, 97931053
478, 96325571
479, 97505505
480, 99180033
481, 100773426
482, 102551982
483, 101543618
484, 102730539
485, 101910532
486, 102869195
487, 103689207
488, 104787745
489, 103873697
490, 102305032
491, 101466379
492, 102221982
493, 101720021
494, 102477476
495, 103495799
496, 104748763
497, 106911805
498, 108099841
499, 106350969
500, 107507208
501, 105685245
502, 103888278
503, 102309283
504, 103298978
505, 104462657
506, 103007291
507, 100630225
508, 98135651
509, 100393467
510, 101967733
511, 100365340
512, 102075350
513, 100100639
514, 103102305
515, 104462864
516, 102442412
517, 103604911
518, 104833591
519, 103591587
520, 102407514
521, 103273762
522, 102444381
523, 101627813
524, 100632573
525, 99478227
526, 98737705
527, 97645730
528, 99004163
529, 100251354
530, 99462612
531, 98143069
532, 98851525
533, 97162788
534, 98026695
535, 96961360
536, 96250392
537, 97399671
538, 98895388
539, 98536848
540, 97424081
541, 96639253
542, 95649712
543, 96301645
544, 97292175
545, 98371581
546, 99567458
547, 98545055
548, 99230499
549, 100043506
550, 100656926
551, 99731334
552, 100971665
553, 100315175
554, 101984693
555, 102945226
556, 103447606
557, 102871551
558, 102462660
559, 103092892
560, 103717347
561, 102647884
562, 103455750
563, 102607326
564, 103319240
565, 104031007
566, 104543364
567, 105259531
568, 103119299
569, 104412690
570, 105654523
571, 103638890
572, 101076811
573, 102207239
574, 103439594
575, 102123252
576, 100594018
577, 98746977
578, 99902303
579, 98282580
580, 94075677
581, 96527944
582, 94002716
583, 96183279
584, 97781888
585, 99123026
586, 100945765
587, 99805919
588, 100817283
589, 102441775
590, 101408001
591, 102451847
592, 101177978
593, 99456092
594, 98169118
595, 97204894
596, 96307972
597, 97577037
598, 99185783
599, 100744885
600, 99234157
601, 98242013
602, 99202489
603, 98477314
604, 99162615
605, 98040858
606, 97175621
607, 96186767
608, 94656037
609, 92856870
610, 94311640
611, 95068323
612, 95960183
613, 94850320
614, 93802140
615, 88996802
616, 86274828
617, 89614537
618, 87579019
619, 85334295
620, 87510336
621, 89015642
622, 90820887
623, 89328790
624, 87669550
625, 89429182
626, 87961161
627, 89484082
628, 91055946
629, 89599157
630, 88632020
631, 87533211
632, 86030632
633, 87273641
634, 86303221
635, 87373237
636, 88592282
637, 87482561
638, 88885710
639, 86507780
640, 83107912
641, 84442783
642, 82571747
643, 78281586
644, 81006470
645, 79593675
646, 78229876
647, 76136768
648, 77974993
649, 79932364
650, 81249962
651, 80356531
652, 79096804
653, 76484057
654, 78820905
655, 80735404
656, 78895423
657, 80049382
658, 81531873
659, 82773548
660, 84005640
661, 82373923
662, 83308797
663, 81982058
664, 83119661
665, 81959296
666, 80353405
667, 83286256
668, 84985494
669, 86336287
670, 85069395
671, 83387649
672, 81150565
673, 79954805
674, 78880363
675, 77017130
676, 79335653
677, 81920667
678, 76996288
679, 75833528
680, 77045252
681, 77913097
682, 76868086
683, 79559223
684, 80935600
685, 82629004
686, 81274024
687, 82251944
688, 80424743
689, 78940117
690, 77606097
691, 74244263
692, 71766634
693, 73830728
694, 72545984
695, 74158738
696, 76864229
697, 78937760
698, 80653243
699, 83585704
700, 81561140
701, 79342972
702, 77974543
703, 75340137
704, 79819339
705, 82645040
706, 87116065
707, 89762059
708, 92263178
709, 95407464
710, 97597611
711, 99964106
712, 102494117
713, 104266134
714, 102777907
715, 104381336
716, 105854753
717, 104277755
718, 106270454
719, 107757704
720, 109034993
721, 108169557
722, 108829901
723, 109938512
724, 110500997
725, 109788833
726, 108714138
727, 109320881
728, 110706322
729, 109469576
730, 110919307
731, 111833079
732, 112794744
733, 111973259
734, 112952408
735, 114141142
736, 112595782
737, 111777507
738, 113130404
739, 114241685
740, 113419585
741, 109996378
742, 108864024
743, 107741858
744, 108604255
745, 107490829
746, 108369876
747, 107533239
748, 109193689
749, 107439371
750, 108499772
751, 109608418
752, 108611404
753, 107560904
754, 109027548
755, 107733227
756, 106386292
757, 105023738
758, 107103638
759, 109360053
760, 110844738
761, 112335555
762, 111054198
763, 111926377
764, 111166106
765, 112224391
766, 112969782
767, 113575746
768, 114573834
769, 112831575
770, 108727995
771, 110770265
772, 112190593
773, 111227195
774, 110082313
775, 111082141
776, 111843123
777, 111098371
778, 111576260
779, 110817590
780, 110311142
781, 111078995
782, 110462687
783, 111380145
784, 110559960
785, 111340232
786, 112981244
787, 114545617
788, 113531646
789, 113058826
790, 112689786
791, 111823141
792, 112908299
793, 113502433
794, 113995161
795, 113525133
796, 112990166
797, 113542481
798, 112817962
799, 113545177
800, 112948513
801, 112213687
802, 113985337
803, 114930556
804, 115709445
805, 113811387
806, 113811387
807, 112950151
808, 112386598
809, 113135273
810, 114311404
811, 113344252
812, 114452042
813, 113680092
814, 112830769
815, 111450058
816, 112361072
817, 113470040
818, 114816956
819, 116211620
820, 113218728
821, 114656754
822, 113625545
823, 114564725
824, 113862287
825, 115006176
826, 116066392
827, 116521670
828, 117402901
829, 116697380
830, 115770165
831, 116951885
832, 115550108
833, 117182662
834, 119326767
835, 121994703
836, 115828302
837, 113391832
838, 111229413
839, 113712590
840, 115538676
841, 118033732
842, 121219504
843, 123265132
844, 124395600
845, 126036741
846, 127204943
847, 126180340
848, 127542944
849, 126367788
850, 124817117
851, 123642998
852, 124449732
853, 123609143
854, 122923523
855, 122253338
856, 121266014
857, 122492891
858, 121340311
859, 122039206
860, 122838944
861, 121394024
862, 122469429
863, 120660142
864, 122122759
865, 123129018
866, 125091831
867, 123707107
868, 124972671
869, 123781298
870, 122960054
871, 121879606
872, 123937190
873, 125323098
874, 123956691
875, 125055866
876, 123948151
877, 123259800
878, 124298472
879, 122669620
880, 123657458
881, 123025344
882, 123869019
883, 122888288
884, 121920250
885, 120993431
886, 122374903
887, 123508406
888, 124762051
889, 123054943
890, 123943055
891, 122051859
892, 124179105
893, 125712208
894, 122920434
895, 119152965
896, 121730090
897, 119960831
898, 117943564
899, 118735826
900, 119807012
901, 118711644
902, 117611531
903, 119863803
904, 121070508
905, 119956494
906, 121192490
907, 122872331
908, 121386561
909, 123278888
910, 124508027
911, 126666700
912, 128106542
913, 129476323
914, 122941483
915, 124135211
916, 125762027
917, 124339316
918, 123105064
919, 124091051
920, 122677369
921, 121775550
922, 122895538
923, 123940686
924, 124618289
925, 123534638
926, 124307443
927, 123332332
928, 124105856
929, 125425669
930, 126577030
931, 125645703
932, 124662486
933, 125632365
934, 127012295
935, 126275190
936, 127469107
937, 128925980
938, 129853491
939, 128445555
940, 130051592
941, 129176813
942, 128238222
943, 129127262
944, 129914020
945, 130748520
946, 129494686
947, 128113937
948, 126324163
949, 128649864
950, 126444499
951, 128813185
952, 135395523
953, 132202429
954, 130640197
955, 131970575
956, 133343426
957, 134375373
958, 133269357
959, 132274146
960, 133167186
961, 131724370
962, 130648855
963, 132115062
964, 133874572
965, 135666496
966, 137517003
967, 138504734
968, 139662249
969, 140674191
970, 142723824
971, 144621522
972, 142678069
973, 141184060
974, 138626160
975, 136755852
976, 138540523
977, 139627853
978, 138726362
979, 137345796
980, 136268999
981, 137973484
982, 139136707
983, 137547798
984, 139672242
985, 138226524
986, 140136819
987, 141654336
988, 142670481
989, 144282811
990, 143090950
991, 144897005
992, 142749141
993, 141564950
994, 140499710
995, 139655906
996, 137599235
997, 136678312
998, 134961311
999, 133022708
1000, 134895239
1001, 136660888
1002, 138494550
1003, 141191139
1004, 139664108
1005, 141018286
1006, 142340553
1007, 143409680
1008, 144254970
1009, 142530644
1010, 140425939
1011, 141816732
1012, 143228187
1013, 141665649
1014, 143573341
1015, 146103322
1016, 149046612
1017, 146825514
1018, 148307746
1019, 146289775
1020, 147820999
1021, 150183959
1022, 151766321
1023, 153207904
1024, 152313166
1025, 150961379
1026, 151732360
1027, 150579161
1028, 151845778
1029, 152715357
1030, 153360944
1031, 152514787
1032, 151750046
1033, 152468151
1034, 153390300
1035, 154730057
1036, 155842755
1037, 156657921
1038, 157682247
1039, 158267956
1040, 158856512
1041, 159160430
1042, 158081360
1043, 158778984
1044, 160283592
1045, 158195911
1046, 158930051
1047, 157850674
1048, 158737331
1049, 157400966
1050, 158713049
1051, 160182551
1052, 161588029
1053, 160456724
1054, 161490395
1055, 160276658
1056, 154498834
1057, 155553625
1058, 156472822
1059, 157370195
1060, 156962168
1061, 157586266
1062, 157000482
1063, 156442800
1064, 155800062
1065, 154352654
1066, 153431224
1067, 151167095
1068, 149105111
1069, 150935860
1070, 149430447
1071, 151002157
1072, 148887373
1073, 151382593
1074, 149282004
1075, 150841896
1076, 152739844
1077, 154054110
1078, 155768045
1079, 154953283
1080, 156799880
1081, 155396249
1082, 153844267
1083, 156107857
1084, 153054399
1085, 151068080
1086, 148863460
1087, 151725448
1088, 149108549
1089, 144181842
1090, 146713562
1091, 149541108
1092, 146893090
1093, 149261915
1094, 151808175
1095, 154241116
1096, 156936245
1097, 154793725
1098, 156476782
1099, 158973657
1100, 160542157
1101, 159298789
1102, 160736077
1103, 159322796
1104, 160608694
1105, 161382094
1106, 160578091
1107, 161910588
1108, 160764338
1109, 159591404
1110, 160396864
1111, 159640381
1112, 160418689
1113, 161612268
1114, 163313397
1115, 164902416
1116, 166024196
1117, 167500602
1118, 166458365
1119, 165428671
1120, 166998247
1121, 166179298
1122, 166812033
1123, 167897143
1124, 167273824
1125, 168088354
1126, 169302471
1127, 168076795
1128, 167425143
1129, 168315995
1130, 166729178
1131, 167884399
1132, 169579626
1133, 171004227
1134, 172227147
1135, 171424789
1136, 172642139
1137, 173620035
1138, 172214653
1139, 173622641
1140, 171305082
1141, 169500337
1142, 170436041
1143, 171420829
1144, 170271729
1145, 169558347
1146, 168372136
1147, 169544708
1148, 168534578
1149, 167993106
1150, 168598314
1151, 169294852
1152, 170739514
1153, 171827108
1154, 170880655
1155, 171891950
1156, 170923570
1157, 171781495
1158, 170978630
1159, 171980646
1160, 173130430
1161, 174221720
1162, 173612810
1163, 175078808
1164, 175965991
1165, 175513070
1166, 176228846
1167, 175301372
1168, 175882540
1169, 175111662
1170, 174591004
1171, 173485202
1172, 174487633
1173, 175167084
1174, 174429538
1175, 173704587
1176, 172909006
1177, 171898381
1178, 170926815
1179, 171958025
1180, 174275288
1181, 175231282
1182, 174499870
1183, 171478488
1184, 139220482
1185, 134576842
1186, 132110343
1187, 134000194
1188, 135213615
1189, 136537565
1190, 138006849
1191, 136801105
1192, 137971386
1193, 139048553
1194, 140614739
1195, 141865490
1196, 140223935
1197, 141317682
1198, 140413922
1199, 139344835
1200, 140018034
1201, 139364555
1202, 139974337
1203, 138416092
1204, 140229085
1205, 141190227
1206, 142885544
1207, 144452043
1208, 147586440
1209, 145733238
1210, 146774251
1211, 145522972
1212, 146728576
1213, 148093571
1214, 149584066
1215, 150798694
1216, 149253214
1217, 150297754
1218, 151958296
1219, 150795881
1220, 150136665
1221, 148557771
1222, 147213174
1223, 148030780
1224, 148975164
1225, 150215262
1226, 151415871
1227, 150723225
1228, 151581572
1229, 150957283
1230, 151456111
1231, 150776799
1232, 150061612
1233, 150943875
1234, 150012004
1235, 149126540
1236, 148154860
1237, 147191007
1238, 145230346
1239, 147158165
1240, 145905278
1241, 144785872
1242, 145741771
1243, 142986614
1244, 144825875
1245, 143203960
1246, 144989180
1247, 146490425
1248, 148174196
1249, 149543929
1250, 151025886
1251, 149147165
1252, 147679150
1253, 148986304
1254, 147797612
1255, 148817967
1256, 147434660
1257, 148857166
1258, 147101365
1259, 148010880
1260, 146626027
1261, 147644195
1262, 146745988
1263, 145768367
1264, 146804840
1265, 145719064
1266, 142374905
1267, 144050374
1268, 144876237
1269, 146507224
1270, 143398808
1271, 146386257
1272, 150437156
1273, 148008509
1274, 150000834
1275, 148175814
1276, 146245215
1277, 144492021
1278, 145612241
1279, 147110614
1280, 145878423
1281, 147690055
1282, 149442462
1283, 148312873
1284, 149673505
1285, 151486254
1286, 150499041
1287, 151654276
1288, 152855712
1289, 154097041
1290, 152746831
1291, 153450502
1292, 153773042
1293, 152554242
1294, 154193803
1295, 152824403
1296, 151192085
1297, 150150437
1298, 151292826
1299, 152645899
1300, 154528381
1301, 156170501
1302, 155559726
1303, 154696549
1304, 155719251
1305, 157037491
1306, 155885358
1307, 158432156
1308, 157522860
1309, 156279006
1310, 158027802
1311, 157005753
1312, 157005753
1313, 157647041
1314, 156869175
1315, 156081698
1316, 154984251
1317, 156843035
1318, 157894163
1319, 156691616
1320, 158831812
1321, 157362672
1322, 158204317
1323, 159182860
1324, 157840561
1325, 158844856
1326, 157494177
1327, 159133488
1328, 160386393
1329, 161717817
1330, 162791090
1331, 164114969
1332, 165307179
1333, 164126738
1334, 163242476
1335, 162188787
1336, 160705604
1337, 163342616
1338, 161259885
1339, 162389345
1340, 161261142
1341, 160307156
1342, 161398544
1343, 162640058
1344, 163415960
1345, 164022506
1346, 163038893
1347, 164154106
1348, 162970197
1349, 163842325
1350, 164834098
1351, 163840420
1352, 165289054
1353, 166107751
1354, 167611230
1355, 166349254
1356, 167717718
1357, 166803502
1358, 168390088
1359, 167278827
1360, 168338301
1361, 169291382
1362, 170838553
1363, 171956761
1364, 173164027
1365, 172305960
1366, 173202289
1367, 172074023
1368, 170866708
1369, 170282091
1370, 168775849
1371, 170306906
1372, 171068157
1373, 172839369
1374, 171843818
1375, 172633335
1376, 174127710
1377, 175422865
1378, 174290838
1379, 172879884
1380, 172879884
1381, 171140911
1382, 173252559
1383, 174408153
1384, 175365464
1385, 176759093
1386, 174528239
1387, 172982062
1388, 174018453
1389, 175084711
1390, 176045886
1391, 177230868
1392, 178169350
1393, 179358740
1394, 181224716
1395, 183005463
1396, 179017801
1397, 176863070
1398, 175285376
1399, 176850779
1400, 175683055
1401, 176775430
1402, 177555763
1403, 176634696
1404, 177502172
1405, 178126401
1406, 177214112
1407, 175360477
1408, 176694839
1409, 175519340
1410, 174205529
1411, 175666630
1412, 177252394
1413, 176703822
1414, 176019236
1415, 176705704
1416, 177318977
1417, 176891173
1418, 177291231
1419, 178147676
1420, 178913557
1421, 179690957
1422, 179215109
1423, 178562512
1424, 179261641
1425, 179970247
1426, 180688051
1427, 181610615
1428, 182524627
1429, 183542267
1430, 182516537
1431, 181128960
1432, 181921886
1433, 181263193
1434, 180351367
1435, 180971749
1436, 182545933
1437, 181753015
1438, 180624850
1439, 181322590
1440, 180211733
1441, 180881533
1442, 181262440
1443, 181262440
1444, 180380692
1445, 181230294
1446, 182296795
1447, 183444688
1448, 184306734
1449, 185625122
1450, 184717418
1451, 183798799
1452, 183276397
1453, 184493561
1454, 183410018
1455, 184011131
1456, 183231755
1457, 183693793
1458, 183178509
1459, 182491346
1460, 181644017
1461, 182563979
1462, 183951858
1463, 185327565
1464, 182782725
1465, 183930802
1466, 185395040
1467, 183737663
1468, 182017175
1469, 180572548
1470, 181577431
1471, 182213056
1472, 181701619
1473, 182389138
1474, 181534784
1475, 180203463
1476, 180877196
1477, 181635848
1478, 180671661
1479, 179917352
1480, 179030816
1481, 178373975
1482, 177781828
1483, 178628164
1484, 179886387
1485, 180723277
1486, 179940605
1487, 180967606
1488, 179895141
1489, 180914580
1490, 181897803
1491, 182880766
1492, 182197962
1493, 181489814
1494, 182681053
1495, 181993170
1496, 182559600
1497, 183086879
1498, 183659717
1499, 184290450
1500, 184910900
1501, 185598610
1502, 186480884
1503, 187308101
1504, 186340447
1505, 187108831
1506, 185548831
1507, 184207458
1508, 183384357
1509, 184151870
1510, 184793089
1511, 184101420
1512, 184811366
1513, 185644412
1514, 185057483
1515, 185535818
1516, 184884984
1517, 183695048
1518, 185443343
1519, 186610414
1520, 188162486
1521, 189937608
1522, 188855788
1523, 190853943
1524, 189762279
1525, 188738714
1526, 187813427
1527, 186841715
1528, 185784405
1529, 184678757
1530, 185447027
1531, 186505356
1532, 185767085
1533, 184755226
1534, 184109259
