0, 25.2
1, 25.18
2, 25.24
3, 25.26
4, 25.25
5, 25.27
6, 25.25
7, 25.27
8, 25.3
9, 25.35
10, 25.39
11, 25.4
12, 25.44
13, 25.54
14, 25.61
15, 25.45
16, 25.42
17, 25.42
18, 25.4
19, 25.37
20, 25.41
21, 25.5
22, 25.53
23, 25.5
24, 25.54
25, 25.68
26, 25.8
27, 25.77
28, 25.71
29, 25.64
30, 25.6
31, 25.6
32, 25.73
33, 25.61
34, 25.72
35, 25.68
36, 25.75
37, 25.88
38, 25.93
39, 25.92
40, 25.9
41, 25.86
42, 25.83
43, 25.96
44, 25.81
45, 26.04
46, 26.42
47, 26.39
48, 26.4
49, 26.53
50, 26.43
51, 26.36
52, 26.3
53, 26.18
54, 26.2
55, 25.61
56, 25.76
57, 25.8
58, 25.96
59, 26.04
60, 26.06
61, 26.17
62, 26.22
63, 26.21
64, 26.22
65, 26.48
66, 26.58
67, 26.44
68, 26.4
69, 26.56
70, 26.61
71, 26.72
72, 26.55
73, 26.61
74, 26.42
75, 26.47
76, 26.3901
77, 26.3289
78, 26.32
79, 26.49
80, 26.47
81, 26.47
82, 26.6
83, 26.85
84, 26.75
85, 26.99
86, 27.1
87, 26.95
88, 27.0
89, 26.99
90, 27.1
91, 27.07
92, 27.09
93, 27.05
94, 26.42
95, 26.47
96, 26.3
97, 26.37
98, 26.4099
99, 26.35
100, 26.38
101, 26.35
102, 26.65
103, 26.87
104, 26.79
105, 26.8052
106, 26.81
107, 26.4
108, 26.33
109, 26.26
110, 26.22
111, 26.07
112, 26.0
113, 26.05
114, 25.96
115, 25.99
116, 25.74
117, 25.71
118, 25.84
119, 25.95
120, 25.91
121, 26.16
122, 26.19
123, 26.1357
124, 26.43
125, 26.31
126, 26.395
127, 26.37
128, 26.08
129, 26.02
130, 26.0
131, 25.81
132, 25.74
133, 25.62
134, 25.68
135, 25.66
136, 25.67
137, 25.47
138, 25.03
139, 25.0
140, 24.61
141, 25.12
142, 25.2
143, 25.06
144, 24.93
145, 25.25
146, 25.23
147, 25.1465
148, 25.25
149, 25.19
150, 25.12
151, 24.94
152, 24.84
153, 24.82
154, 24.9
155, 24.84
156, 24.96
157, 24.87
158, 24.79
159, 24.67
160, 24.62
161, 24.58
162, 24.67
163, 24.66
164, 24.78
165, 24.82
166, 25.11
167, 25.128
168, 25.13
169, 25.22
170, 24.85
171, 24.85
172, 24.9
173, 25.01
174, 25.48
175, 25.5
176, 25.37
177, 25.57
178, 25.46
179, 25.66
180, 25.6699
181, 25.6
182, 25.6448
183, 25.5
184, 25.25
185, 25.48
186, 25.5665
187, 25.52
188, 25.44
189, 25.6072
190, 25.5
191, 25.56
192, 25.57
193, 25.57
194, 25.649
195, 25.65
196, 25.65
197, 25.68
198, 25.76
199, 25.68
200, 25.64
201, 25.64
202, 25.5495
203, 25.43
204, 25.42
205, 25.42
206, 25.5
207, 25.53
208, 25.6
209, 25.7
210, 25.67
211, 25.72
212, 25.54
213, 25.56
214, 25.52
215, 25.42
216, 25.39
217, 25.23
218, 25.12
219, 25.09
220, 25.1
221, 25.18
222, 25.43
223, 25.53
224, 25.62
225, 25.6306
226, 25.62
227, 25.65
228, 25.8
229, 25.89
230, 25.93
231, 26.1399
232, 25.66
233, 25.72
234, 25.79
235, 26.03
236, 26.0401
237, 25.94
238, 25.91
239, 25.88
240, 25.9523
241, 25.98
242, 26.04
243, 26.02
244, 25.98
245, 25.91
246, 25.9
247, 25.92
248, 26.02
249, 25.97
250, 25.86
251, 25.8616
252, 25.86
253, 25.87
254, 25.87
255, 25.9
256, 26.0
257, 25.93
258, 25.98
259, 26.02
260, 25.96
261, 26.02
262, 26.06
263, 26.15
264, 26.27
265, 26.23
266, 26.25
267, 26.16
268, 26.26
269, 26.4199
270, 26.41
271, 26.39
272, 26.39
273, 26.49
274, 26.62
275, 26.52
276, 26.48
277, 26.39
278, 26.38
279, 26.43
280, 26.5
281, 26.55
282, 26.52
283, 26.51
284, 26.56
285, 26.61
286, 26.57
287, 26.67
288, 26.82
289, 26.82
290, 26.77
291, 26.77
292, 26.85
293, 26.95
294, 26.99
295, 26.8
296, 26.74
297, 26.7
298, 26.75
299, 26.7
300, 26.53
301, 26.53
302, 26.56
303, 26.43
304, 26.54
305, 26.41
306, 26.56
307, 26.45
308, 26.48
309, 26.6
310, 26.58
311, 26.78
312, 26.64
313, 26.3
314, 26.41
315, 26.35
316, 26.4
317, 26.4
318, 26.47
319, 26.509
320, 26.51
321, 26.48
322, 26.53
323, 26.43
324, 26.37
325, 26.1339
326, 26.3
327, 26.33
328, 26.3757
329, 26.4
330, 26.43
331, 26.53
332, 26.512
333, 26.52
334, 26.57
335, 26.53
336, 26.67
337, 26.68
338, 26.69
339, 26.87
340, 26.85
341, 26.92
342, 26.8
343, 26.68
344, 26.69
345, 26.6
346, 26.57
347, 26.56
348, 26.6
349, 26.53
350, 26.6869
351, 26.72
352, 26.69
353, 26.67
354, 26.69
355, 26.7
356, 26.74
357, 26.78
358, 26.75
359, 26.49
360, 26.59
361, 26.5
362, 26.38
363, 26.38
364, 26.25
365, 26.25
366, 26.14
367, 26.2
368, 26.15
369, 26.31
370, 26.35
371, 26.37
372, 26.46
373, 26.48
374, 26.55
375, 26.57
376, 26.7
377, 26.69
378, 26.51
379, 26.45
380, 26.45
381, 26.41
382, 26.43
383, 26.375
384, 26.42
385, 26.35
386, 26.37
387, 26.42
388, 26.3514
389, 26.4
390, 26.4
