0, 4.35
1, 4.26
2, 4.34
3, 4.0
4, 4.4
5, 4.23
6, 4.21
7, 4.1
8, 4.27
9, 4.15
10, 4.13
11, 4.0
12, 4.25
13, 4.1
14, 4.0
15, 3.9849
16, 4.0
17, 4.0
18, 3.96
19, 4.0
20, 4.045
21, 4.01
22, 4.06
23, 4.04
24, 4.1
25, 4.15
26, 4.15
27, 4.04
28, 4.07
29, 4.12
30, 4.24
31, 4.2
32, 4.27
33, 4.24
34, 4.24
35, 4.2
36, 4.2
37, 4.27
38, 4.31
39, 4.32
40, 4.26
41, 4.25
42, 4.2
43, 4.21
44, 4.3
45, 4.31
46, 4.22
47, 4.14
48, 4.18
49, 4.27
50, 4.28
51, 4.265
52, 4.24
53, 4.14
54, 4.11
55, 4.05
56, 4.08
57, 4.05
58, 4.15
59, 4.25
60, 4.24
61, 4.3
62, 4.24
63, 4.34
64, 4.33
65, 4.38
66, 4.21
67, 4.244
68, 4.14
69, 4.05
70, 4.04
71, 4.25
72, 4.07
73, 4.29
74, 4.2
75, 4.2
76, 4.195
77, 4.1
78, 4.13
79, 4.19
80, 4.18
81, 3.98
82, 4.01
83, 3.93
84, 3.98
85, 4.0
86, 4.02
87, 3.97
88, 3.965
89, 3.91
90, 3.89
91, 3.89
92, 4.15
93, 4.12
94, 4.18
95, 4.158
96, 4.16
97, 4.19
98, 4.2
99, 4.25
100, 4.13
101, 4.5
102, 4.5499
103, 4.5
104, 4.65
105, 4.5
106, 4.55
107, 4.6
108, 4.51
109, 4.66
110, 4.78
111, 4.99
112, 5.0
113, 5.14
114, 5.55
115, 5.43
116, 5.36
117, 5.11
118, 5.0
119, 5.08
120, 4.73
121, 4.61
122, 4.83
123, 4.92
124, 5.02
125, 4.95
126, 5.04
127, 5.12
128, 5.04
129, 5.03
130, 5.12
131, 5.25
132, 5.34
133, 5.91
134, 6.08
135, 6.14
136, 6.33
137, 6.64
138, 6.62
139, 6.84
140, 7.0
141, 6.91
142, 7.19
143, 7.2
144, 7.5
145, 7.2
146, 7.0
147, 7.0
148, 6.91
149, 7.0
150, 7.05
151, 7.1
152, 7.09
153, 7.05
154, 7.06
155, 6.99
156, 7.09
157, 7.08
158, 7.12
159, 7.53
160, 7.87
161, 8.0
162, 8.08
163, 8.26
164, 8.2
165, 8.16
166, 8.16
167, 8.73
168, 8.52
169, 8.31
170, 8.16
171, 8.37
172, 8.2
173, 8.49
174, 8.28
175, 8.25
176, 8.06
177, 7.73
178, 7.61
179, 7.9
180, 7.88
181, 7.92
182, 7.99
183, 7.83
184, 7.76
185, 7.79
186, 7.69
187, 7.52
188, 7.45
189, 7.96
190, 7.76
191, 7.91
192, 7.82
193, 7.91
194, 7.83
195, 8.13
196, 8.05
197, 8.01
198, 8.33
199, 8.95
200, 8.89
201, 9.18
202, 9.02
203, 9.02
204, 8.79
205, 8.77
206, 8.83
207, 8.98
208, 8.71
209, 8.78
210, 8.37
211, 8.27
212, 8.11
213, 8.29
214, 8.45
215, 8.41
216, 8.78
217, 8.76
218, 8.98
219, 9.15
220, 9.41
221, 9.28
222, 9.26
223, 9.35
224, 8.8
225, 9.79
226, 9.72
227, 9.7
228, 9.36
229, 9.6
230, 9.08
231, 9.09
232, 9.27
233, 9.5
234, 9.7
235, 9.42
236, 9.3
237, 9.37
238, 9.39
239, 9.21
240, 9.35
241, 9.06
242, 9.16
243, 9.25
244, 9.15
245, 9.29
246, 9.38
247, 9.77
248, 9.28
249, 9.5
250, 9.23
251, 9.22
252, 9.3
253, 9.05
254, 8.795
255, 9.02
256, 9.02
257, 9.06
258, 9.25
259, 9.0
260, 9.06
261, 9.26
262, 9.17
263, 9.19
264, 9.29
265, 9.29
266, 9.39
267, 9.41
268, 9.41
269, 9.08
270, 8.88
271, 8.74
272, 9.09
273, 9.4
274, 9.22
275, 9.13
276, 9.49
277, 9.82
278, 9.9
279, 10.03
280, 10.0
281, 10.05
282, 9.83
283, 9.89
284, 9.63
285, 9.73
286, 9.62
287, 9.21
288, 9.14
289, 8.87
290, 8.71
291, 8.94
292, 8.71
293, 8.82
294, 8.83
295, 9.24
296, 9.26
297, 9.79
298, 9.69
299, 9.75
300, 9.48
301, 9.74
302, 10.39
303, 10.23
304, 10.29
305, 10.23
306, 10.15
307, 10.0
308, 9.66
309, 9.62
310, 9.88
311, 10.57
312, 10.31
313, 10.1
314, 10.17
315, 10.36
316, 11.19
317, 11.23
318, 11.4
319, 11.1
320, 11.0
321, 10.59
322, 11.09
323, 11.1
324, 10.65
325, 10.66
326, 10.66
327, 10.54
328, 10.54
329, 10.38
330, 10.35
331, 10.56
332, 10.55
333, 10.65
334, 10.77
335, 10.64
336, 10.59
337, 10.48
338, 10.33
339, 10.32
340, 10.33
341, 10.33
342, 10.05
343, 9.95
344, 9.52
345, 9.5
346, 9.17
347, 9.25
348, 9.18
349, 9.23
350, 9.4
351, 9.65
352, 9.6
353, 9.57
354, 9.75
355, 9.53
356, 9.69
357, 9.87
358, 9.92
359, 10.01
360, 10.21
361, 10.5
362, 10.5
363, 10.51
364, 10.6
365, 10.5
366, 10.77
367, 11.03
368, 10.86
369, 10.8
370, 10.8
371, 11.01
372, 11.0
373, 10.98
374, 10.95
375, 10.84
376, 10.87
377, 10.88
378, 11.01
379, 11.54
380, 11.6
381, 11.44
382, 11.16
383, 11.48
384, 11.7
385, 11.85
386, 11.84
387, 12.23
388, 12.5
389, 12.62
390, 12.67
391, 12.5
392, 12.72
393, 12.83
394, 12.95
395, 12.65
396, 12.54
397, 12.63
398, 12.61
399, 12.86
400, 12.78
401, 13.25
402, 13.11
403, 13.36
404, 13.21
405, 12.9
406, 13.15
407, 13.43
408, 13.6
409, 13.96
410, 13.82
411, 13.79
412, 13.6
413, 13.87
414, 13.37
415, 13.89
416, 13.74
417, 13.66
418, 13.32
419, 13.83
420, 13.95
421, 14.09
422, 14.37
423, 14.9
424, 14.8
425, 14.83
426, 14.85
427, 14.87
428, 15.24
429, 15.22
430, 15.27
431, 15.12
432, 14.98
433, 14.8
434, 14.75
435, 14.61
436, 14.37
437, 14.93
438, 14.79
439, 14.7
440, 14.72
441, 14.54
442, 14.09
443, 14.31
444, 14.75
445, 15.195
446, 15.32
447, 14.97
448, 14.97
449, 14.86
450, 15.09
451, 15.22
452, 15.16
453, 15.09
454, 14.87
455, 14.82
456, 14.66
457, 14.78
458, 14.54
459, 14.42
460, 14.53
461, 14.51
462, 14.53
463, 14.54
464, 14.46
465, 14.45
466, 14.39
467, 14.48
468, 14.37
469, 14.48
470, 13.81
471, 14.32
472, 14.4
473, 14.32
474, 13.97
475, 13.8
476, 13.97
477, 13.89
478, 13.59
479, 14.0
480, 14.29
481, 14.35
482, 14.38
483, 14.29
484, 14.13
485, 14.1
486, 13.97
487, 14.0
488, 13.96
489, 14.11
490, 14.17
491, 14.2
492, 14.51
493, 14.38
494, 14.0
495, 14.08
496, 13.95
497, 13.99
498, 14.34
499, 14.25
500, 13.84
501, 13.62
502, 14.04
503, 14.62
504, 14.66
505, 14.89
506, 14.52
507, 14.34
508, 14.21
509, 14.06
510, 14.13
511, 14.17
512, 13.98
513, 14.18
514, 14.09
515, 14.3
516, 13.9
517, 13.825
518, 13.4
519, 13.15
520, 12.95
521, 12.8
522, 12.8
523, 12.75
524, 12.55
525, 12.55
526, 12.1
527, 12.0
528, 12.1
529, 12.05
530, 12.1
531, 11.8
532, 11.45
533, 11.05
534, 10.8
535, 10.8
536, 11.3
537, 11.65
538, 11.95
539, 12.6
540, 12.85
541, 13.0
542, 13.15
543, 13.85
544, 13.55
545, 13.35
546, 13.4
547, 13.6
548, 13.45
549, 13.2
550, 13.35
551, 13.75
552, 15.25
553, 15.2
554, 15.75
555, 15.95
556, 16.6
557, 16.575
558, 16.6
559, 16.0
560, 16.35
561, 16.45
562, 16.4
563, 16.45
564, 16.5
565, 16.55
566, 16.7
567, 16.5
568, 16.55
569, 16.45
570, 16.55
571, 16.8
572, 16.95
573, 17.05
574, 16.9
575, 16.65
576, 16.6
577, 16.1
578, 16.5
579, 16.7
580, 16.15
581, 16.0
582, 15.45
583, 15.8
584, 15.55
585, 15.5
586, 15.4
587, 15.9
588, 16.0
589, 15.5
590, 15.5
591, 15.1
592, 15.5
593, 15.6
594, 15.65
595, 16.0
596, 15.5
597, 15.4
598, 15.5
599, 15.6
600, 16.15
601, 16.25
602, 16.0
603, 16.6
604, 16.4
605, 16.55
606, 16.4
607, 16.4
608, 16.05
609, 16.1
610, 16.15
611, 16.25
612, 17.15
613, 17.7
614, 18.2
615, 18.05
616, 18.0
617, 18.1
618, 17.75
619, 18.05
620, 18.7
621, 19.15
622, 19.7
623, 18.6
624, 18.85
625, 18.65
626, 17.6
627, 17.55
628, 17.65
629, 17.7
630, 17.9
631, 18.9
632, 18.75
633, 18.95
634, 18.925
635, 18.875
636, 19.1
637, 18.8
638, 19.25
639, 19.2
640, 19.2
641, 19.6
642, 19.05
643, 18.5
644, 18.7
645, 18.6
646, 18.8
647, 19.1
648, 18.4
649, 17.8
650, 18.4
651, 19.5
652, 19.25
653, 19.125
654, 19.15
655, 19.3
656, 19.55
657, 19.55
658, 20.0
659, 19.9
660, 20.45
661, 20.9
662, 20.55
663, 20.7
664, 20.7
665, 20.65
666, 20.225
667, 19.95
668, 19.7
669, 20.45
670, 20.55
671, 20.8
672, 20.5
673, 20.55
674, 20.7
675, 20.75
676, 20.85
677, 20.85
678, 20.85
679, 20.95
680, 21.6
681, 21.5
682, 21.25
683, 21.4
684, 21.55
685, 20.8
686, 20.45
687, 20.25
688, 20.75
689, 20.45
690, 20.5
691, 20.15
692, 20.25
693, 20.4
694, 20.0
695, 20.45
696, 19.65
697, 20.0
698, 19.8
699, 19.35
700, 19.15
701, 19.4
702, 19.3
703, 19.45
704, 19.55
705, 19.2
706, 19.3
707, 19.1
708, 19.5
709, 19.8
710, 20.6
711, 20.6
712, 20.9
713, 20.95
714, 20.8
715, 20.25
716, 20.0
717, 20.4
718, 20.3
719, 20.6
720, 20.35
721, 20.3
722, 20.2
723, 19.95
724, 21.95
725, 22.55
726, 23.4
727, 23.3
728, 22.75
729, 22.5
730, 22.1
731, 22.3
732, 22.5
733, 23.2
734, 23.05
735, 23.15
736, 23.25
737, 22.9
738, 22.7
739, 22.55
740, 23.0
741, 23.15
742, 23.85
743, 23.7
744, 23.8
745, 24.05
746, 24.7
747, 25.25
748, 24.85
749, 24.6
750, 24.8
751, 25.275
752, 25.3
753, 25.45
754, 25.1
755, 24.725
756, 24.4
757, 24.55
758, 25.2
759, 25.425
760, 25.65
761, 25.9
762, 26.65
763, 26.75
764, 26.95
765, 26.4
766, 26.1
767, 26.1
768, 26.35
769, 26.15
770, 26.2
771, 26.65
772, 26.5
773, 26.3
774, 25.8
775, 25.5
776, 25.25
777, 24.9
778, 24.8
779, 24.05
780, 25.25
781, 25.6
782, 25.7
783, 25.8
784, 25.65
785, 28.0
786, 28.6
787, 28.95
788, 29.3
789, 28.55
790, 28.65
