0, 5.0
1, 8.0
2, 13.5
3, 13.5
4, 15.0
5, 14.0
6, 9.5
7, 11.0
8, 11.0
9, 11.25
10, 11.0
11, 10.75
12, 8.0
13, 9.0
14, 9.0
15, 10.0
16, 9.0
17, 10.5
18, 15.0
19, 13.0001
20, 13.0
21, 13.0
22, 13.25
23, 13.0
24, 13.0
25, 12.75
26, 12.5
27, 12.5
28, 13.0
29, 13.0
30, 12.0
31, 11.35
32, 11.0
33, 11.0
34, 10.75
35, 10.25
36, 10.25
37, 10.0
38, 10.125
39, 10.0
40, 10.0
41, 9.75
42, 9.8
43, 10.5
44, 9.75
45, 9.75
46, 10.0
47, 10.0
48, 9.95
49, 9.9999
50, 9.5
51, 9.95
52, 9.75
53, 10.0
54, 9.75
55, 9.75
56, 9.5
57, 9.5
58, 9.0
59, 9.1
60, 9.0
61, 7.67
62, 9.25
63, 9.0001
64, 8.6
65, 9.0
66, 9.2
67, 9.3
68, 9.3999
69, 9.292
70, 9.0
71, 9.0
72, 8.71
73, 8.4221
74, 8.25
75, 8.0
76, 8.4912
77, 7.7725
78, 7.72
79, 8.0
80, 7.5
81, 7.4997
82, 7.12
83, 8.0742
84, 8.9
85, 8.85
86, 8.65
87, 8.65
88, 8.7
89, 8.0501
90, 7.98
91, 8.2
92, 8.0
93, 8.2
94, 7.8414
95, 6.9858
96, 6.95
97, 6.68
98, 6.7
99, 6.4
100, 6.06
101, 6.4945
102, 6.3232
103, 6.6174
104, 6.369
105, 6.65
106, 6.25
107, 6.3
108, 6.15
109, 6.1001
110, 6.19
111, 6.18
112, 6.3
113, 6.32
114, 6.2
115, 6.3
116, 5.6431
117, 5.5
118, 5.26
119, 5.05
120, 4.87
