15.0, 40.75157186723204
16.0, 44.643403734312805
17.0, 45.39553140096619
18.0, 52.67122087931336
19.0, 74.04747306647977
20.0, 76.71146742120565
21.0, 75.17522914580601
22.0, 71.10971674435281
23.0, 71.10971674435281
24.0, 76.74439302242787
25.0, 90.5304617447415
26.0, 90.24684964612466
27.0, 88.17926694446811
28.0, 88.6807817589577
29.0, 88.34870075440072
30.0, 76.14814814814821
31.0, 76.59883720930237
32.0, 83.84879725085912
33.0, 82.12927756653997
34.0, 76.73267326732679
35.0, 68.46289752650182
36.0, 52.649456521739175
37.0, 44.81941977501477
38.0, 44.85207100591718
39.0, 35.019455252918306
40.0, 36.096938775510225
41.0, 35.89093214965128
42.0, 31.195138419986478
43.0, 26.249999999999986
44.0, 28.0510018214936
45.0, 20.191989407480946
46.0, 9.408222786715626
47.0, 7.150089195313669
48.0, 6.974228743416134
49.0, 7.495956328346168
50.0, 8.594112192860493
51.0, 9.77780708116309
52.0, 4.909398708383009
53.0, 4.299363057324854
54.0, 14.893305337174723
55.0, 15.1522678722242
56.0, 15.583254705268928
57.0, 22.743584167029212
58.0, 27.565683646112618
59.0, 32.43394119836253
60.0, 46.15180935569289
61.0, 41.86087884718024
62.0, 44.3549879696465
63.0, 43.64414496448736
64.0, 49.58278020102405
65.0, 44.44161142274347
66.0, 57.35256896988106
67.0, 77.5680892129531
68.0, 78.56996517107156
69.0, 78.56996517107156
70.0, 80.48689487920909
71.0, 81.5373753419822
72.0, 71.97740112994359
73.0, 73.3817701453105
74.0, 80.21843170941226
75.0, 69.76520811099257
76.0, 69.62418913847645
77.0, 65.6373193166886
78.0, 65.63905594582305
79.0, 71.62522676341908
80.0, 68.68084120271136
81.0, 66.49391486636
82.0, 59.50738916256157
83.0, 58.434109598507376
84.0, 55.48401420959153
85.0, 50.0
86.0, 28.75101572582568
87.0, 27.241665446380566
88.0, 7.961874322241783
89.0, 23.61927821976245
90.0, 20.983354673495484
91.0, 23.95238608208551
92.0, 20.722443284584784
93.0, 18.89505683320118
94.0, 18.809536340192622
95.0, 21.011000523834454
96.0, 20.449678800856518
97.0, 22.81531418222066
98.0, 22.17733891881106
99.0, 22.52507198887895
100.0, 44.06993686255465
101.0, 34.76705423205142
102.0, 43.892783505154654
103.0, 27.549947423764408
104.0, 33.36304596969305
105.0, 29.237506439979313
106.0, 47.31129748396636
107.0, 52.43820975283897
108.0, 54.370337378911046
109.0, 43.58396235663168
110.0, 41.13238967527064
111.0, 40.65472859541127
112.0, 38.76389506447305
113.0, 32.40762718569506
114.0, 31.75686152891919
115.0, 38.21251982461049
116.0, 32.13444000409875
117.0, 35.8901422265816
118.0, 39.47262479871173
119.0, 42.60201536466128
120.0, 30.405937254020046
121.0, 22.578655151141277
122.0, 19.39372659176024
123.0, 23.763086189588392
124.0, 36.84528301886783
125.0, 48.92578125000001
126.0, 54.11828247367
127.0, 74.70579689089067
128.0, 76.62047384890474
129.0, 78.73530255233717
130.0, 81.30829342072087
131.0, 76.39175257731966
132.0, 78.10969052455496
133.0, 79.4018439397347
134.0, 79.39291736930859
135.0, 82.58225324027912
136.0, 84.81466311693639
137.0, 83.30483757417275
138.0, 85.01399295838222
139.0, 68.53101599334379
140.0, 66.40093156574707
141.0, 63.236303048123084
142.0, 63.799070503312684
143.0, 59.82746789530441
144.0, 52.72651444062146
145.0, 37.186557835134906
146.0, 29.453163487930183
147.0, 28.127912812791223
148.0, 28.668517977199627
149.0, 22.75856611537543
150.0, 26.021691292046455
151.0, 29.528650646950084
152.0, 16.53291914746734
153.0, 28.900645624103234
154.0, 28.45162429378523
155.0, 25.5465281849401
156.0, 27.52972478589838
157.0, 29.10601130330538
158.0, 29.548813353038327
159.0, 45.33813525410161
160.0, 35.13541451312797
161.0, 26.88265355317715
162.0, 25.80048121414029
163.0, 21.892797319933052
164.0, 14.793943920157574
165.0, 10.674917810868322
166.0, 11.047364909939986
167.0, 15.463133202307773
168.0, 26.500286861732675
169.0, 26.368670434435145
170.0, 27.096992991182447
171.0, 27.798925212718345
172.0, 27.800481442087033
173.0, 26.025889628426214
174.0, 30.808362801662668
175.0, 34.30096763430096
176.0, 35.534047701348086
177.0, 37.81914502244132
178.0, 43.06300268096517
179.0, 49.59133070070715
180.0, 46.611998273629695
181.0, 33.3333333333333
182.0, 9.753150353875327
183.0, 11.983471074380134
184.0, 24.64622641509436
185.0, 37.852557868119014
186.0, 48.309312638580934
187.0, 63.52349151107558
188.0, 65.96596113977148
189.0, 63.78618312319972
190.0, 61.028282280654196
191.0, 60.783872564460246
192.0, 58.05397971462953
193.0, 59.569179784589885
194.0, 62.45391657346423
195.0, 63.86667224990578
196.0, 68.09232555024778
197.0, 67.05359128307761
198.0, 62.28910390431272
199.0, 58.98466419883659
200.0, 52.40257747775392
201.0, 28.860817992759763
202.0, 35.358342665173595
203.0, 41.75950307204105
204.0, 42.76429509783588
205.0, 67.40089957543401
206.0, 77.56980802792319
207.0, 68.21422717587281
208.0, 68.43925461795101
209.0, 68.66238435745161
210.0, 76.15517013107373
211.0, 76.44869750132905
212.0, 74.43385239183888
213.0, 70.93617967533913
214.0, 71.37663702860148
215.0, 76.4225746268657
216.0, 71.54514472231557
217.0, 65.55909934783645
218.0, 66.3902815271886
219.0, 36.0073428178063
220.0, 24.520948359857044
221.0, 36.713642307133476
222.0, 28.566743194489916
223.0, 34.179510426110596
224.0, 33.33333333333333
225.0, 32.89036544850498
226.0, 36.76569885212689
227.0, 40.97065462753948
228.0, 48.59108781127123
229.0, 50.0
230.0, 58.743169398907185
231.0, 81.04471705579745
232.0, 90.31840059237324
233.0, 93.68204880405898
234.0, 95.23722793916767
235.0, 95.4874892148404
236.0, 95.77373737373739
237.0, 95.45415036940463
238.0, 95.86201439987342
239.0, 98.55313487443874
240.0, 85.718418514947
241.0, 80.95997085477484
242.0, 81.40207286152753
243.0, 80.5456331487766
244.0, 78.62648913805191
245.0, 78.54567836103058
246.0, 78.62461673236973
247.0, 75.54375062644085
248.0, 72.13657645312327
249.0, 67.50645624103308
250.0, 68.30851897458867
251.0, 65.10188840285929
252.0, 55.54762390373244
253.0, 41.18599473790726
254.0, 52.51608645438047
255.0, 63.098820658804414
256.0, 49.62188801087608
257.0, 51.11318830727401
258.0, 58.33333333333334
259.0, 53.94899727655357
260.0, 49.26151172893139
261.0, 51.12970711297076
262.0, 46.82165501544468
263.0, 48.180677540777914
264.0, 51.67706708268328
265.0, 51.71740827478535
266.0, 59.82481488170489
267.0, 53.22476172850935
268.0, 56.05112154407927
269.0, 48.74638379942141
270.0, 53.210526315789494
271.0, 52.33243967828418
272.0, 50.0
273.0, 52.54924681344153
274.0, 53.605200945626486
275.0, 55.84926884139481
276.0, 62.64487714418176
277.0, 67.66786501217675
278.0, 59.51205344176596
279.0, 63.47583643122676
280.0, 64.37323279924621
281.0, 42.732012513034384
282.0, 38.257448004496894
283.0, 35.79467760597454
284.0, 26.546532490833897
285.0, 50.6860793966691
286.0, 50.0
287.0, 52.616747181964556
288.0, 51.07463853067606
289.0, 50.0
290.0, 50.198886237072415
291.0, 48.252795527156586
292.0, 45.69136291600635
293.0, 45.69136291600635
294.0, 46.7389123018262
295.0, 47.344615540986936
296.0, 48.92284939610551
297.0, 50.89491768808658
298.0, 58.767098951856426
299.0, 38.910335146516914
300.0, 34.35114503816796
301.0, 26.936531734133
302.0, 26.68316831683171
303.0, 20.796988338995604
304.0, 16.412716328066182
305.0, 15.169955663739884
306.0, 17.975817286162183
307.0, 18.71328671328679
308.0, 17.591997797559003
309.0, 27.058029689608745
310.0, 12.897366030881159
311.0, 12.405809763022944
312.0, 11.23306635024241
313.0, 3.431372549019798
314.0, 6.860727237087303
315.0, 6.421429226676622
316.0, 6.578947368421225
317.0, 11.545094856447278
318.0, 37.42231429416989
319.0, 34.95024875621894
320.0, 31.256517205422284
321.0, 37.633772837462296
322.0, 36.875036208794405
323.0, 36.55156350084434
324.0, 39.13341645885287
325.0, 39.5625866633052
326.0, 44.43893805309728
327.0, 42.86104472516218
328.0, 47.24831368593579
329.0, 48.3112027845817
330.0, 48.58680150395431
331.0, 47.08433413397382
332.0, 26.275232431526888
333.0, 41.07444632215594
334.0, 36.5463754352643
335.0, 28.6781711439245
336.0, 34.621833906980825
337.0, 34.621833906980825
338.0, 36.59514925373131
339.0, 41.40218755603366
340.0, 59.542288557213986
341.0, 75.00000000000003
342.0, 73.00212265503991
343.0, 70.5298747367254
344.0, 67.28532148900169
345.0, 62.93585241604434
346.0, 66.07417272820409
347.0, 62.08809135399676
348.0, 65.50022946305643
349.0, 52.014804533888494
350.0, 53.32763353282635
351.0, 61.61077799985193
352.0, 58.58379671992679
353.0, 56.65624778006678
354.0, 50.0
355.0, 35.070030793682335
356.0, 36.97329090733779
357.0, 38.09736711376056
358.0, 40.55311723335625
359.0, 42.71947415329769
360.0, 43.540328336902206
361.0, 43.335701404448336
362.0, 48.20482636845203
363.0, 62.67697252621108
364.0, 60.0082000820008
365.0, 31.843998485422148
366.0, 38.14635621409129
367.0, 56.257477865518034
368.0, 64.4254159774253
369.0, 71.68986891576056
370.0, 58.54569214972461
371.0, 58.54569214972461
372.0, 59.68145198629508
373.0, 54.01441501843775
374.0, 53.67665681722243
375.0, 54.47690857681431
376.0, 56.119920713577756
377.0, 60.28657494097527
378.0, 58.40455840455837
379.0, 61.945158526135394
380.0, 65.36166365280289
381.0, 55.7764523967307
382.0, 31.484950668165382
383.0, 40.55049848287818
384.0, 47.241509910364776
385.0, 46.7282717282717
386.0, 45.05175460742235
387.0, 57.15990453460624
388.0, 47.05564559697462
389.0, 56.25298900047824
390.0, 54.83273669917299
391.0, 43.99540757749713
392.0, 43.55535348942938
393.0, 41.00768965912998
394.0, 38.68557817236897
395.0, 35.043154178109035
396.0, 38.68139006170834
397.0, 32.98627543776617
398.0, 34.04567102210282
399.0, 33.68370182433246
400.0, 34.72692121797961
401.0, 46.997645211930944
402.0, 51.405881090362705
403.0, 43.15076774271547
404.0, 40.66128218071684
405.0, 52.945149959470385
406.0, 48.38271604938275
407.0, 57.79884149552404
408.0, 60.58063803951865
409.0, 75.01281131495338
410.0, 79.26142516785782
411.0, 74.76234639462075
412.0, 76.2353743042143
413.0, 78.56473893701687
414.0, 78.34673604541133
415.0, 72.72050059594733
416.0, 76.24032119300236
417.0, 73.47982310668864
418.0, 74.9837048624689
419.0, 73.79489280349574
420.0, 87.61972330613668
421.0, 93.13622656352415
422.0, 88.58888819604657
423.0, 86.08792431830824
424.0, 86.64529914529909
425.0, 85.68409931325932
426.0, 85.43206558258294
427.0, 87.4108322324967
428.0, 86.44023514043113
429.0, 86.20139581256234
430.0, 86.74244843221155
431.0, 89.97125909619032
432.0, 89.80796718662609
433.0, 82.31379873920145
434.0, 80.84218512898327
435.0, 59.32885906040272
436.0, 69.23076923076916
437.0, 73.64238410596013
438.0, 67.11772665764545
439.0, 71.98879551820733
440.0, 64.08977556109735
441.0, 63.31210191082814
442.0, 68.00472255017712
443.0, 70.44711014176667
444.0, 68.00472255017712
445.0, 56.394640682095044
446.0, 53.75153751537517
447.0, 57.42444152431013
448.0, 52.496433666191194
449.0, 57.307692307692314
450.0, 50.56461731493101
451.0, 46.46739130434782
452.0, 51.25348189415035
453.0, 48.74651810584965
454.0, 60.94839609483969
455.0, 50.56603773584897
456.0, 36.292134831460636
457.0, 28.74543239951278
458.0, 22.814982973893237
459.0, 42.37123420796887
460.0, 39.70856102003637
461.0, 45.44592030360538
462.0, 44.35185185185184
463.0, 46.90812720848055
464.0, 52.296819787985854
465.0, 52.296819787985854
466.0, 52.67309377738826
467.0, 53.51736420302755
468.0, 40.988835725677795
469.0, 50.0
470.0, 55.78291814946625
471.0, 58.01928133216477
472.0, 60.789715335169866
473.0, 35.76214405360133
474.0, 42.616033755274216
475.0, 44.67046379170056
476.0, 46.384039900249306
477.0, 38.57271906052399
478.0, 33.33333333333333
479.0, 30.12658227848098
480.0, 25.156249999999986
481.0, 30.7803468208092
482.0, 33.75594294770201
483.0, 47.25552050473186
484.0, 48.04361770365619
485.0, 51.583980872683775
486.0, 50.232828870780004
487.0, 62.869502523431954
488.0, 60.24279210925653
489.0, 58.046437149719765
490.0, 59.19003115264803
491.0, 59.56112852664578
492.0, 59.19003115264803
493.0, 64.71558120362747
494.0, 70.84837545126359
495.0, 69.89748369058718
496.0, 67.68953068592072
497.0, 51.22615803814719
498.0, 50.60565275908481
499.0, 61.44957983193284
500.0, 52.37242614145029
501.0, 51.56669650850486
502.0, 51.98555956678696
503.0, 51.5923566878981
504.0, 47.20216606498196
505.0, 47.63205828779592
506.0, 53.13921747042763
507.0, 54.26287744227354
508.0, 59.934587080948525
509.0, 53.50523771152304
510.0, 59.81981981981982
511.0, 58.81809787626965
512.0, 61.275415896487964
513.0, 42.837653478854
514.0, 70.25089605734769
515.0, 71.8637992831542
516.0, 68.66438356164373
517.0, 69.55074875207981
518.0, 70.72758037225013
519.0, 59.29078014184391
520.0, 51.29310344827589
521.0, 57.62499999999995
522.0, 52.45441795231416
523.0, 60.314960629921075
524.0, 56.40648011782028
525.0, 54.0372670807453
526.0, 48.7140695915279
527.0, 53.0470914127424
528.0, 14.404458297912583
529.0, 12.772384034519987
530.0, 16.408344504021457
531.0, 14.374434967178914
532.0, 14.273447562546309
533.0, 14.988933519140872
534.0, 21.87234371377788
535.0, 16.112049660157894
536.0, 16.671870121760833
537.0, 16.947372515461538
538.0, 17.242471011911846
539.0, 17.181954412808594
540.0, 17.771915097733583
541.0, 14.718478645239898
542.0, 42.85128709624528
543.0, 48.38918718755783
544.0, 44.35016969454988
545.0, 55.67388474736718
546.0, 58.687788449544726
547.0, 50.0
548.0, 34.82465188241365
549.0, 40.76981132075479
550.0, 48.87296416938107
551.0, 48.85963769060341
552.0, 50.0
553.0, 48.40261502405329
554.0, 45.84030600047805
555.0, 48.354558063295954
556.0, 28.731844257292835
557.0, 27.00470345302284
558.0, 24.281897127588508
559.0, 20.008341153164437
560.0, 19.307777442398674
561.0, 22.22865747712271
562.0, 22.696629213483163
563.0, 21.58119658119662
564.0, 4.247010007322487
565.0, 2.181772846278534
566.0, 3.24330990257738
567.0, 3.1747947851279434
568.0, 7.398020757904916
569.0, 7.398020757904902
570.0, 9.127456819535453
571.0, 16.441402908468874
572.0, 16.44703063494785
573.0, 19.32823813354797
574.0, 23.126102292768977
575.0, 25.517086330935342
576.0, 26.020174232003782
577.0, 28.283079990032476
578.0, 43.93176733780765
579.0, 39.15752741774679
580.0, 50.0
581.0, 50.0
582.0, 40.6651108518087
583.0, 57.15066496629616
584.0, 51.41780036059666
585.0, 52.108579738245226
586.0, 54.412012822675926
587.0, 47.440423654015916
588.0, 56.8321855744835
589.0, 60.9593531468531
590.0, 71.21749896822118
591.0, 71.7385881766026
592.0, 76.07349007461632
593.0, 80.23217025818931
594.0, 80.23348899266175
595.0, 83.3344716890923
596.0, 87.11811910460371
597.0, 87.19652976981739
598.0, 91.66666666666674
599.0, 91.77376025557257
600.0, 93.48947725729806
601.0, 99.37281733304832
602.0, 76.76466939585661
603.0, 73.59767891682793
604.0, 63.16345790864484
605.0, 60.01004232121082
606.0, 50.381077529566404
607.0, 46.73187247249131
608.0, 28.204751048025216
609.0, 25.76717342342333
610.0, 33.52032776552156
611.0, 30.064319342218724
612.0, 25.249206437600947
613.0, 22.493116108306594
614.0, 28.5736942271093
615.0, 32.326571500125226
616.0, 42.34977473524077
617.0, 43.81650508394418
618.0, 44.73684210526315
619.0, 45.21166280346469
620.0, 49.506018623665675
621.0, 46.34064458370635
622.0, 60.62517923716659
623.0, 65.38716082064856
624.0, 61.42435666284213
625.0, 59.416313295086006
626.0, 80.3565939133106
627.0, 78.9728096676736
628.0, 66.67942339584121
629.0, 60.531882744031364
630.0, 51.38755980861245
631.0, 46.66258420085737
632.0, 50.0
633.0, 54.682454251883804
634.0, 53.97230320699704
635.0, 48.565338580095236
636.0, 54.43056362579897
637.0, 49.344262295081904
638.0, 34.73849498731718
639.0, 36.832568253201195
640.0, 27.0056237805577
641.0, 32.682334767736904
642.0, 32.68594129331274
643.0, 26.555495786264984
644.0, 30.464407387484243
645.0, 37.307297019527205
646.0, 36.227544910179596
647.0, 34.47839164160199
648.0, 27.468676071146902
649.0, 34.412345911357846
650.0, 27.90649565577172
651.0, 36.8777641855651
652.0, 56.45250879466764
653.0, 59.099208764455206
654.0, 61.90346083788707
655.0, 60.65650865312269
656.0, 56.06850982437834
657.0, 71.19649805447469
658.0, 71.67591352592308
659.0, 65.80404793072196
660.0, 72.23285050560264
661.0, 66.92268737339631
662.0, 70.97896919431278
663.0, 67.98949737434353
664.0, 71.52485819152479
665.0, 70.49305027314843
666.0, 65.74341682723178
667.0, 59.16073738680469
668.0, 59.99999999999997
669.0, 54.0027552426144
670.0, 64.90307867730897
671.0, 56.41553855208948
672.0, 54.971115840681094
673.0, 56.08375339278791
674.0, 50.0
675.0, 57.984570877531404
676.0, 47.61228281062172
677.0, 49.49449051459726
678.0, 37.351396184683416
679.0, 31.571795258945897
680.0, 29.33435348125475
681.0, 31.880924663229607
682.0, 33.85131555712515
683.0, 42.308541160891515
684.0, 9.986225895316792
685.0, 24.971297359356996
686.0, 28.55971576933584
687.0, 21.41832342693172
688.0, 29.9980868567054
689.0, 23.86908841672367
690.0, 18.590684638996308
691.0, 14.943145247800814
692.0, 31.28613982828105
693.0, 41.18044097795112
694.0, 42.21113014974299
695.0, 42.20798569725861
696.0, 43.59558823529415
697.0, 45.34378339864627
698.0, 48.34764111524729
699.0, 43.59238291302108
700.0, 46.66666666666666
701.0, 50.99513825584926
702.0, 49.304518664047166
703.0, 56.94750436830507
704.0, 68.70730425643711
705.0, 78.25436408977545
706.0, 72.21868229896762
707.0, 51.22428991185112
708.0, 48.18244644091218
709.0, 50.0
710.0, 32.44413126635796
711.0, 25.80048121414029
712.0, 29.832515961876595
713.0, 27.81948399344209
714.0, 19.045450405319258
715.0, 31.024930747922454
716.0, 47.37636616146368
717.0, 48.45330336546991
718.0, 44.77364845578582
719.0, 43.90148334732718
720.0, 36.73364245234417
721.0, 39.90938638825962
722.0, 35.49559809031582
723.0, 35.986264452751485
724.0, 48.442332690842264
725.0, 46.97266049463208
726.0, 46.15350664253872
727.0, 51.78767373811267
728.0, 54.72124333604408
729.0, 49.578130273371585
730.0, 38.770491803278695
731.0, 31.17828500925353
732.0, 44.80948257198525
733.0, 43.37961750065497
734.0, 51.07341147439855
735.0, 48.167727982698544
736.0, 60.12018574160065
737.0, 66.99259594189793
738.0, 58.14678555839623
739.0, 64.06292937620228
740.0, 65.11271175136726
741.0, 62.578284427556106
742.0, 52.55039211873749
743.0, 54.59940652818992
744.0, 47.152199762187855
745.0, 54.14800716524855
746.0, 43.27516778523495
747.0, 51.78278688524587
748.0, 55.15058774431382
749.0, 57.59424711266069
750.0, 54.30700220482022
751.0, 34.08122445430038
752.0, 47.614213197969555
753.0, 55.91045201768148
754.0, 49.41589573907758
755.0, 46.149965315002845
756.0, 53.97831291367411
757.0, 50.59069736042666
758.0, 61.87504483179113
759.0, 57.940967001661754
760.0, 54.90813648293958
761.0, 47.33098806974614
762.0, 40.607619577308135
763.0, 44.25840474620966
764.0, 44.76596879583945
765.0, 51.575910566173796
766.0, 40.15665374677002
767.0, 32.0029360491788
768.0, 36.363636363636374
769.0, 39.22185988980096
770.0, 38.023162481366825
771.0, 43.620395218345955
772.0, 25.476910247055073
773.0, 23.376205787781345
774.0, 29.69903463940939
775.0, 34.41894892672086
776.0, 46.84867847807144
777.0, 41.66401020082876
778.0, 39.99999999999997
779.0, 26.301800169143405
780.0, 25.754170117118164
781.0, 21.56598042524466
782.0, 19.81805024294428
783.0, 26.313670223474887
784.0, 24.33133732534921
785.0, 24.34643783675901
786.0, 34.83305401572764
787.0, 33.328936955948194
788.0, 30.121647774398667
789.0, 39.58408031552526
790.0, 42.57639441099623
791.0, 40.40088054686592
792.0, 40.00229436732817
793.0, 47.06438115805102
794.0, 44.45436002039775
795.0, 51.16713352007471
796.0, 51.160309415844196
797.0, 52.26798748696563
798.0, 54.116059379217276
799.0, 54.66062141618886
800.0, 53.55825706870648
801.0, 54.65457455321419
802.0, 63.8912489379779
803.0, 50.0
804.0, 41.11468381564844
805.0, 44.643588693158556
806.0, 46.28862695125838
807.0, 49.01608006297087
808.0, 59.780575988031394
809.0, 57.9509906152242
810.0, 64.5564106287208
811.0, 59.424867021276576
812.0, 59.424867021276576
813.0, 56.910856134157086
814.0, 60.57179777095783
815.0, 53.94021739130436
816.0, 36.35794743429286
817.0, 50.0
818.0, 42.57449926722027
819.0, 35.71233251298882
820.0, 41.3423153692615
821.0, 48.903620601733756
822.0, 36.163982430453935
823.0, 31.47833474936283
824.0, 37.28615863141525
825.0, 35.48566142460686
826.0, 35.48566142460686
827.0, 35.48566142460686
828.0, 33.32695984703635
829.0, 40.00000000000004
830.0, 32.260451350351445
831.0, 37.31598767545356
832.0, 31.24999999999997
833.0, 31.269704786471692
834.0, 23.595360824742187
835.0, 20.234566310091452
836.0, 16.9931810802034
837.0, 9.683587244803505
838.0, 10.171155143856211
839.0, 11.766871165644162
840.0, 11.343071736944808
841.0, 10.78679489342555
842.0, 8.179812465526751
843.0, 8.60828987098543
844.0, 11.651999554416804
845.0, 9.13503971756397
846.0, 14.897772352761635
847.0, 13.99013020988167
848.0, 17.738153998025652
849.0, 17.831669044222522
850.0, 22.881238766763474
851.0, 51.195518513458126
852.0, 43.518768566027525
853.0, 41.46375594738315
854.0, 43.586348926154734
855.0, 52.78087649402393
856.0, 60.31688217082496
857.0, 58.344484802141075
858.0, 50.0
859.0, 60.70477361196479
860.0, 43.840579710145
861.0, 63.366176708124705
862.0, 48.74587931775835
863.0, 39.80105324751321
864.0, 34.71035693387948
865.0, 31.19141588554521
866.0, 28.165720013364577
867.0, 28.165720013364577
868.0, 28.72231686541744
869.0, 25.257791681149385
870.0, 33.91723007580417
871.0, 29.915070473436955
872.0, 29.005694261936114
873.0, 25.192711983181496
874.0, 32.82522996057821
875.0, 18.68583162217662
876.0, 20.70534698521051
877.0, 29.15570437694332
878.0, 30.7556452630251
879.0, 30.098765432098773
880.0, 33.32422088572993
881.0, 32.545721532505695
882.0, 35.21200260926287
883.0, 33.686969545681464
884.0, 19.565759920139712
885.0, 21.423691761169536
886.0, 19.138288783107498
887.0, 30.39811066126856
888.0, 22.84004488218423
889.0, 24.72001079476449
890.0, 29.886573463466092
891.0, 19.997814446508585
892.0, 18.74807909025715
893.0, 20.528580208973523
894.0, 22.109443954104094
895.0, 21.096957574481465
896.0, 18.867720285776116
897.0, 16.12843527343388
898.0, 17.695431472081196
899.0, 18.184663536776185
900.0, 20.61989826097242
901.0, 7.0500927643784195
902.0, 7.0500927643784195
903.0, 7.049275362318795
904.0, 1.6777552791437103
905.0, 1.2557736720553692
906.0, 21.048499124237452
907.0, 24.242248623587386
908.0, 22.016948260434773
909.0, 20.95901392925144
910.0, 31.954449381011955
911.0, 34.834947804006404
912.0, 34.836585939336956
913.0, 34.55062730283103
914.0, 33.33633336333364
915.0, 35.94765043387548
916.0, 37.75402055204829
917.0, 37.15477756110834
918.0, 41.230939560163044
919.0, 56.97100340727347
920.0, 46.21001390820584
921.0, 49.641927083333336
922.0, 58.20165537998496
923.0, 55.477855477855464
924.0, 39.995166747220864
925.0, 40.42007571132006
926.0, 41.93309467966919
927.0, 42.85894524350241
928.0, 42.842729221843896
929.0, 30.320699708454825
930.0, 29.732549317147203
931.0, 30.75640145197687
932.0, 30.75640145197687
933.0, 30.75640145197687
934.0, 24.798016893132584
935.0, 10.80550098231825
936.0, 9.078835025139924
937.0, 11.093079865538414
938.0, 6.730663135826987
939.0, 11.122915117390832
940.0, 9.176942930886128
941.0, 7.700946574683115
942.0, 20.279069767441868
943.0, 25.221750867720786
944.0, 33.58451789690017
945.0, 32.14227175872807
946.0, 31.03339135939231
947.0, 35.480050336812496
948.0, 37.413160565139336
949.0, 38.72818358112475
950.0, 41.97757926081624
951.0, 48.621513944223096
952.0, 51.85688790685816
953.0, 51.121656600517696
954.0, 49.276447105788414
955.0, 64.46320182094081
956.0, 57.84203420342031
957.0, 60.206113128000936
958.0, 50.639163277164435
959.0, 50.63180827886711
960.0, 53.33537331701343
961.0, 50.0
962.0, 68.41787439613526
963.0, 70.87000111395788
964.0, 75.9981642955484
965.0, 62.99475872040485
966.0, 64.3913043478261
967.0, 66.66937978186553
968.0, 74.60606612624103
969.0, 70.59220679012347
970.0, 73.08201642094113
971.0, 69.3474072212449
972.0, 68.89398962849616
973.0, 72.66206401864972
974.0, 74.25019560114755
975.0, 52.249581023591595
976.0, 39.131984036488014
977.0, 30.55838857725648
978.0, 21.878809609178873
979.0, 23.649329509340333
980.0, 20.991417341782252
981.0, 12.600256657041982
982.0, 14.701636188642908
983.0, 14.40018854584018
984.0, 6.467367174781685
985.0, 6.385621392562271
986.0, 8.124193317080156
987.0, 20.993914807302204
988.0, 19.21182266009852
989.0, 25.762711864406768
990.0, 29.75535748150959
991.0, 40.821821587450245
992.0, 39.584080315525306
993.0, 41.296758104738146
994.0, 37.619263970922326
995.0, 40.42968750000001
996.0, 35.001147578609135
997.0, 34.65121563281073
998.0, 38.89313950522824
999.0, 43.20725315200451
1000.0, 44.60411772834047
1001.0, 13.51455810358162
1002.0, 12.371134020618598
1003.0, 11.123986095017429
1004.0, 16.193181818181827
1005.0, 12.497242444297385
1006.0, 11.502538071065999
1007.0, 23.25209037537806
1008.0, 33.338998895215425
1009.0, 31.917663330892537
1010.0, 32.37867282931661
1011.0, 41.99938809851614
1012.0, 42.84822473663675
1013.0, 48.148672566371694
1014.0, 52.80015466907263
1015.0, 68.26051112943114
1016.0, 68.6709516898196
1017.0, 75.9865402263689
1018.0, 70.19143117593437
1019.0, 73.07890286050444
1020.0, 70.80364776289542
1021.0, 69.28035982008996
1022.0, 63.631988449506714
1023.0, 70.06865371734763
1024.0, 72.70436973329862
1025.0, 67.81334131020046
1026.0, 72.3223428220357
1027.0, 62.85370916639357
1028.0, 62.138084632516744
1029.0, 53.01920685366868
1030.0, 53.01920685366868
1031.0, 48.891437308868504
1032.0, 56.96759567942394
1033.0, 49.391929242675516
1034.0, 60.55905639037001
1035.0, 58.80863989200138
1036.0, 62.51121076233187
1037.0, 56.45250879466767
1038.0, 60.34262802988886
1039.0, 62.51793400286947
1040.0, 54.404319946000676
1041.0, 52.85245901639341
1042.0, 36.52615316707129
1043.0, 35.83802511909917
1044.0, 50.0
1045.0, 53.128922359691586
1046.0, 51.62842339008144
1047.0, 53.335882240489376
1048.0, 58.209210751583626
1049.0, 54.10791502162061
1050.0, 54.077414505824876
1051.0, 59.6672828096118
1052.0, 45.94887683965917
1053.0, 45.1932139491046
1054.0, 46.478190630048495
1055.0, 51.5499014513528
1056.0, 59.20953386634484
1057.0, 63.84859787263435
1058.0, 47.498925039415234
1059.0, 49.35219657483248
1060.0, 51.840838289436405
1061.0, 50.0
1062.0, 45.44777231411115
1063.0, 46.16176470588235
1064.0, 46.15497720923392
1065.0, 42.658305292138266
1066.0, 53.31676543681896
1067.0, 54.82796892341842
1068.0, 51.5209455936033
1069.0, 58.573770491803266
1070.0, 50.0
1071.0, 36.83574879227053
1072.0, 41.98210598761184
1073.0, 52.44452801805189
1074.0, 46.2943300063708
1075.0, 43.85435526051099
1076.0, 33.83915022761762
1077.0, 32.354925775978415
1078.0, 38.35874862443013
1079.0, 45.00071725720846
1080.0, 43.89868457878536
1081.0, 41.77196804647787
1082.0, 51.943989274541934
1083.0, 47.149410222804704
1084.0, 52.551845859685244
1085.0, 61.53280376581348
1086.0, 67.545820295038
1087.0, 53.94716981132077
1088.0, 53.94716981132077
1089.0, 67.49820788530465
1090.0, 82.18381775333857
1091.0, 84.5905013968534
1092.0, 85.86076632487858
1093.0, 74.71324983520103
1094.0, 78.26412270856714
1095.0, 74.99103835583699
1096.0, 75.50327715355803
1097.0, 71.83741648106906
1098.0, 72.89098510022511
1099.0, 71.83741648106904
1100.0, 73.13860860329262
1101.0, 76.71568627450979
1102.0, 80.17642037370767
1103.0, 75.01281131495334
1104.0, 73.84120171673818
1105.0, 71.58937415578566
1106.0, 64.522898407604
1107.0, 72.28599087263176
1108.0, 74.44529456771234
1109.0, 77.92311799252539
1110.0, 78.17077999208134
1111.0, 78.18109820485746
1112.0, 75.9668508287293
1113.0, 75.97383720930236
1114.0, 72.87940935192783
1115.0, 76.12682090831197
1116.0, 67.36176194939085
1117.0, 64.69396939693976
1118.0, 60.394110004330905
1119.0, 59.23959218351745
1120.0, 64.71778727231839
1121.0, 64.71778727231839
1122.0, 56.099608282036954
1123.0, 73.13816127375449
1124.0, 44.8444092827004
1125.0, 53.266832917705734
1126.0, 47.84289276807979
1127.0, 48.937988281250014
1128.0, 43.40153729565877
1129.0, 44.234800838574415
1130.0, 44.234800838574415
1131.0, 47.4721706864564
1132.0, 54.20420420420421
1133.0, 55.24704853519895
1134.0, 52.29618706551507
1135.0, 54.386141605398336
1136.0, 53.57728577285772
1137.0, 41.55374887082206
1138.0, 69.88046555520599
1139.0, 70.68279240661353
1140.0, 65.43367346938771
1141.0, 64.57001743172569
1142.0, 57.295694766692435
1143.0, 63.098685676097105
1144.0, 60.7311320754717
1145.0, 57.66845804051261
1146.0, 52.46422893481714
1147.0, 51.96850393700785
1148.0, 60.71501741446425
1149.0, 54.77211528872045
1150.0, 52.58578067833481
1151.0, 56.00513808606294
1152.0, 50.44439851178173
1153.0, 43.5612082670906
1154.0, 74.7211193042163
1155.0, 71.49111988159841
1156.0, 79.62772168418158
1157.0, 72.9978888106967
1158.0, 74.84126984126982
1159.0, 77.83101045296164
1160.0, 78.34283209118806
1161.0, 73.19270939995906
1162.0, 71.50217706821482
1163.0, 75.48989822269482
1164.0, 73.07013674459643
1165.0, 71.80355630821342
1166.0, 64.45550027639581
1167.0, 64.45995439154171
1168.0, 17.44930629669146
1169.0, 24.699527346387526
1170.0, 25.605487890242145
1171.0, 25.29387359977865
1172.0, 27.059141236834932
1173.0, 20.202636718749986
1174.0, 19.58348124482309
1175.0, 25.82892529996127
1176.0, 18.519834221432774
1177.0, 20.971632020213605
1178.0, 21.619701633909514
1179.0, 16.467384870368164
1180.0, 24.682518238313975
1181.0, 25.276701715550644
1182.0, 27.24832214765101
1183.0, 21.119016817593774
1184.0, 21.119016817593774
1185.0, 26.20975334212011
1186.0, 27.412483793295024
1187.0, 32.08324300888789
1188.0, 35.27027027027022
1189.0, 29.78255558270213
1190.0, 40.006563833278584
1191.0, 41.653367379508495
1192.0, 57.90268963433064
1193.0, 73.83816293056319
1194.0, 70.29795158286782
1195.0, 65.01148105625717
1196.0, 77.76714513556618
1197.0, 75.64381011479989
1198.0, 76.29115070975537
1199.0, 75.65891472868218
1200.0, 77.48781187266991
1201.0, 86.48062015503875
1202.0, 67.38967838444276
1203.0, 79.72093023255812
1204.0, 82.25900116144017
1205.0, 82.03469567774181
1206.0, 82.69857001274244
1207.0, 86.39198218262804
1208.0, 88.7879621983668
1209.0, 92.13437115936091
1210.0, 92.02127659574468
1211.0, 94.15000670870789
1212.0, 94.92167025799311
1213.0, 87.79423646646919
1214.0, 85.38486521597923
1215.0, 84.90474128599263
1216.0, 89.42461521487284
1217.0, 85.86482105000624
1218.0, 85.55130656469088
1219.0, 85.55038562049843
1220.0, 79.1248975474434
1221.0, 63.12415870777513
1222.0, 57.224307159353366
1223.0, 51.76595052083334
1224.0, 50.3363139985756
1225.0, 31.45474736257634
1226.0, 22.023370881145453
1227.0, 32.34698469846984
1228.0, 30.83109919571048
1229.0, 29.994783515910314
1230.0, 23.676263338030978
1231.0, 24.540901502504155
1232.0, 32.518428664738295
1233.0, 29.272388059701512
1234.0, 30.507485903169382
1235.0, 28.57403023128758
1236.0, 27.272727272727266
1237.0, 26.47207693605536
1238.0, 35.14456243702038
1239.0, 46.790205162144275
1240.0, 48.12159449383423
1241.0, 42.771605828884724
1242.0, 45.33221194280907
1243.0, 47.29949631925609
1244.0, 53.741125068268715
1245.0, 53.37879727216367
1246.0, 50.0
1247.0, 50.0
1248.0, 49.28723578567916
1249.0, 65.08709293519419
1250.0, 71.5651000674612
1251.0, 62.389727504410864
1252.0, 56.42743583920053
1253.0, 43.376156927752504
1254.0, 31.898986542615148
1255.0, 35.49639489739333
1256.0, 38.107370336669725
1257.0, 36.071428571428584
1258.0, 25.022045855379176
1259.0, 23.23914823914825
1260.0, 14.819532908704858
1261.0, 14.559866499791369
1262.0, 22.453757902130704
1263.0, 55.56027765972517
1264.0, 53.84728556716197
1265.0, 73.4492649695232
1266.0, 78.48634514816973
1267.0, 76.5514310002833
1268.0, 60.60044047757035
1269.0, 55.56382187267506
1270.0, 62.795871151450434
1271.0, 68.21982365460624
1272.0, 70.73768197088464
1273.0, 77.83956460009463
1274.0, 77.8487752928647
1275.0, 77.83496007098489
1276.0, 77.95104154407436
1277.0, 71.5110214866838
1278.0, 74.03017241379308
1279.0, 63.22834645669289
1280.0, 45.419637959407574
1281.0, 48.839277772836425
1282.0, 51.01500441306266
1283.0, 54.31539187913126
1284.0, 52.56397686047652
1285.0, 46.974709209262635
1286.0, 42.92988640814728
1287.0, 30.72882032185133
1288.0, 30.287736776561587
1289.0, 31.9839946648883
1290.0, 28.336520076481847
1291.0, 32.440310077519385
1292.0, 27.744246202825508
1293.0, 32.2140931844436
1294.0, 59.369024856596525
1295.0, 50.0
1296.0, 47.87597656250002
1297.0, 37.87034974381826
1298.0, 44.82690405539068
1299.0, 44.448803452334246
1300.0, 43.698775431491654
1301.0, 44.637053087757295
1302.0, 46.429669091281625
1303.0, 50.0
1304.0, 56.35756753937624
1305.0, 48.61564375197389
1306.0, 59.12402646344524
1307.0, 59.128978224455615
1308.0, 52.17427454893157
1309.0, 54.13216011042101
1310.0, 51.425995738403536
1311.0, 59.23572500220632
1312.0, 46.730274442538594
1313.0, 43.85753093872621
1314.0, 62.89135766844611
1315.0, 56.81329423264908
1316.0, 52.6322144409563
1317.0, 49.72746862720242
1318.0, 50.81540274074533
1319.0, 50.81540274074533
1320.0, 38.85885447106957
1321.0, 39.61421017353096
1322.0, 42.7622211675368
1323.0, 42.76222116753677
1324.0, 48.44086021505378
1325.0, 50.0
1326.0, 50.0
1327.0, 56.005138086062956
1328.0, 25.326560232220686
1329.0, 32.272979471056104
1330.0, 40.82826392138514
1331.0, 50.0
1332.0, 39.28790669122159
1333.0, 39.99999999999999
1334.0, 43.389830508474624
1335.0, 37.29603729603732
1336.0, 31.839499739447618
1337.0, 31.83397012851684
1338.0, 33.345461160633036
1339.0, 27.603240466311036
1340.0, 35.600466381655664
1341.0, 34.505928853754895
1342.0, 50.0
1343.0, 54.6650351789538
1344.0, 50.0
1345.0, 34.730105059775426
1346.0, 29.99895692083031
1347.0, 38.048334687246125
1348.0, 36.6634050880626
1349.0, 41.9655667144907
1350.0, 44.758990053557795
1351.0, 43.12342038753163
1352.0, 47.45597820799689
1353.0, 45.213137665967835
1354.0, 43.24128658599648
1355.0, 44.72199838839645
1356.0, 46.15384615384614
1357.0, 41.95961873526697
1358.0, 46.66593790992567
1359.0, 61.11748947569841
1360.0, 81.83716075156572
1361.0, 80.30401034928846
1362.0, 71.25843019084517
1363.0, 63.846260196322355
1364.0, 58.234552332913005
1365.0, 63.73377032648427
1366.0, 55.681522022413354
1367.0, 59.14190605350758
1368.0, 56.84286748732806
1369.0, 43.25413223140498
1370.0, 38.2392624241061
1371.0, 40.206881043400024
1372.0, 37.86461812513913
1373.0, 34.03073286052005
1374.0, 26.898422090729724
1375.0, 27.682926829268155
1376.0, 30.96862210095486
1377.0, 42.113482561166
1378.0, 54.35405506415847
1379.0, 48.38510848126236
1380.0, 51.72641012124409
1381.0, 56.68676835757365
1382.0, 48.67005076142131
1383.0, 58.506224066390025
1384.0, 60.205992509363334
1385.0, 57.57821552723059
1386.0, 62.14349376114083
1387.0, 62.14349376114083
1388.0, 66.35771819485822
1389.0, 61.542705804458166
1390.0, 68.15273687417483
1391.0, 64.68866118680327
1392.0, 55.78642184102437
1393.0, 53.52341214649972
1394.0, 54.898211674727214
1395.0, 49.458028737080944
1396.0, 57.68891502499257
1397.0, 61.03335318642042
1398.0, 46.05521194750342
1399.0, 49.319675890536644
1400.0, 47.230181470869184
1401.0, 48.64446165762974
1402.0, 47.942839195979886
1403.0, 50.0
1404.0, 37.28385467262483
1405.0, 33.33333333333333
1406.0, 32.848339609722714
1407.0, 23.41957529899929
1408.0, 16.81388973499851
1409.0, 12.388302193338731
1410.0, 12.498719393504757
1411.0, 16.223639038744466
1412.0, 16.800406297612966
1413.0, 19.65669445806769
1414.0, 15.562664659390279
1415.0, 13.176156583629918
1416.0, 10.689118696806077
1417.0, 19.107097645370914
1418.0, 26.518819303451494
1419.0, 28.3679283679284
1420.0, 30.354561686931405
1421.0, 44.11433715957689
1422.0, 55.55555555555557
1423.0, 68.99678604224056
1424.0, 76.1503632726124
1425.0, 71.031746031746
1426.0, 77.35685680268422
1427.0, 77.35195409765069
1428.0, 76.63842110908504
1429.0, 76.63842110908504
1430.0, 75.12416781147621
1431.0, 71.86566272260063
1432.0, 74.99734466277211
1433.0, 66.11664295874822
1434.0, 72.4857538888033
1435.0, 65.00035860288315
1436.0, 68.39467088774566
1437.0, 59.43287867910985
1438.0, 55.79630788485606
1439.0, 56.566217287866785
1440.0, 49.342989398238025
1441.0, 51.25718390804595
1442.0, 56.13228533293786
1443.0, 59.20075076249314
1444.0, 57.63666818943203
1445.0, 56.51362448674879
1446.0, 53.485586520801725
1447.0, 59.55746773202211
1448.0, 53.11004784688997
1449.0, 62.782039711191345
1450.0, 46.22231871471996
1451.0, 51.475293281194425
1452.0, 43.74423608976326
1453.0, 51.619470664445686
1454.0, 66.17190196755263
1455.0, 63.12323612417684
1456.0, 61.25536899648575
1457.0, 62.74227595471121
1458.0, 67.56756756756758
1459.0, 63.93277924924654
1460.0, 61.135714988682246
1461.0, 65.04691095769165
1462.0, 59.30016706886953
1463.0, 55.61590867243602
1464.0, 64.99892403701313
1465.0, 70.05431280493421
1466.0, 78.22779605263156
1467.0, 74.8426178881102
1468.0, 66.53499762995732
1469.0, 55.25469168900805
1470.0, 46.35106263353196
1471.0, 35.98544911855237
1472.0, 32.28473674206428
1473.0, 36.27500761653298
1474.0, 49.65500641848526
1475.0, 44.18252979896817
1476.0, 51.79957074459302
1477.0, 60.25744759102612
1478.0, 61.66161834703592
1479.0, 54.11663134761791
1480.0, 50.31744873385391
1481.0, 48.467594545198935
1482.0, 52.8067464915669
1483.0, 56.95736703235662
1484.0, 59.858435493286635
1485.0, 73.25015693659763
1486.0, 70.36255370468076
1487.0, 70.16691957511378
1488.0, 58.81050909440861
1489.0, 56.89944134078214
1490.0, 50.0
1491.0, 40.246329932819066
1492.0, 35.0682593856655
1493.0, 36.25708884688089
1494.0, 40.24339068401173
1495.0, 43.41986115303347
1496.0, 27.68172194777695
1497.0, 31.901528013582364
1498.0, 37.29109988340458
1499.0, 19.606377678126506
1500.0, 33.369713506139234
1501.0, 51.710500296618605
1502.0, 53.564113068414564
1503.0, 60.71282261368286
1504.0, 58.61182519280199
1505.0, 58.611825192802065
1506.0, 71.43117261471224
1507.0, 59.993882856705795
1508.0, 64.7932816537467
1509.0, 62.143742255266396
1510.0, 63.65222909725522
1511.0, 64.50263402541052
1512.0, 67.37396753061796
1513.0, 67.37396753061796
1514.0, 66.12450096111183
1515.0, 48.595095013805384
1516.0, 55.216284987277334
1517.0, 45.82247221841131
1518.0, 48.75444839857658
1519.0, 44.348327566320656
1520.0, 35.74163475944735
1521.0, 56.66496858549836
1522.0, 59.07633098139829
1523.0, 57.38317757009337
1524.0, 58.48547388474354
1525.0, 52.723703582529005
1526.0, 52.78549256657412
1527.0, 49.34331093463657
1528.0, 53.030303030302996
1529.0, 56.6051995163241
1530.0, 54.80875177081697
1531.0, 57.85975407111993
1532.0, 54.03212979163352
1533.0, 57.005067843714244
1534.0, 59.70583729125176
1535.0, 47.56633280618526
1536.0, 47.61235955056175
1537.0, 41.838938599197796
1538.0, 56.20109082285989
1539.0, 56.26780626780627
1540.0, 55.49649673834261
1541.0, 53.51193942923703
1542.0, 50.55748265609517
1543.0, 53.3882783882784
1544.0, 45.55902560899436
1545.0, 52.249488752556275
1546.0, 57.24399494310993
1547.0, 58.619845833843144
1548.0, 48.52235976357755
1549.0, 53.82448537378113
1550.0, 48.128853923027876
1551.0, 55.39647577092507
1552.0, 38.99204244031836
1553.0, 47.47081712062258
1554.0, 39.84198645598193
1555.0, 40.01133465570983
1556.0, 38.45930232558136
1557.0, 47.818585161449334
1558.0, 58.06608950128034
1559.0, 61.25070422535212
1560.0, 61.389918041989475
1561.0, 63.554472233997465
1562.0, 73.39847991313792
1563.0, 68.13310069790634
1564.0, 73.80855947077097
1565.0, 74.996777935301
1566.0, 76.75768368289144
1567.0, 71.25230463764012
1568.0, 58.77398221806267
1569.0, 64.04895461499234
1570.0, 63.33837619768027
1571.0, 58.885904142513795
1572.0, 39.42122958693566
1573.0, 49.265888978278376
1574.0, 45.05852417302798
1575.0, 46.506788227133086
1576.0, 40.66749072929542
1577.0, 53.23836099280362
1578.0, 49.701789264413506
1579.0, 44.334468796195125
1580.0, 43.59476711116729
1581.0, 48.91759570577477
1582.0, 55.43449197860963
1583.0, 56.470357795769125
1584.0, 57.298630492633215
1585.0, 53.6868847253096
1586.0, 58.28851192938907
1587.0, 52.09471766848814
1588.0, 50.44478527607361
1589.0, 49.65721408538486
1590.0, 54.93406877531675
1591.0, 36.99662765324339
1592.0, 44.03202328966521
1593.0, 52.76387757477019
1594.0, 44.766982622432856
1595.0, 39.13611141333912
1596.0, 40.822065981611686
1597.0, 38.45201934975815
1598.0, 35.379574003276915
1599.0, 34.3660477453581
1600.0, 37.584126247389165
1601.0, 26.619749776586275
1602.0, 36.28678085199828
1603.0, 26.590832300934807
1604.0, 38.683834048640925
1605.0, 43.324076052125626
1606.0, 33.65238817285821
1607.0, 26.047256708049687
1608.0, 29.443186962426466
1609.0, 30.506509719992877
1610.0, 41.65169212339025
1611.0, 33.04229033024471
1612.0, 39.2265813548858
1613.0, 39.830170399498506
1614.0, 39.622427575259394
1615.0, 40.93358322595761
1616.0, 37.561911837543356
1617.0, 38.63839001401097
1618.0, 31.009291439109177
1619.0, 33.133979514676554
1620.0, 36.98588090853285
1621.0, 39.706730373177365
1622.0, 48.327193444101944
1623.0, 57.16155572176515
1624.0, 43.48267546642975
1625.0, 51.4375797612792
1626.0, 44.84297520661155
1627.0, 46.63515255694024
1628.0, 43.86773385075588
1629.0, 47.014424689701436
1630.0, 44.351265822784804
1631.0, 45.3010101010101
1632.0, 45.311994827028755
1633.0, 40.531195976740555
1634.0, 46.44436389996377
1635.0, 46.7493615468807
1636.0, 39.09572301425662
1637.0, 16.04716451431787
1638.0, 20.794528521536733
1639.0, 20.710144927536305
1640.0, 39.17763917763919
1641.0, 34.78974358974362
1642.0, 34.86483708500364
1643.0, 39.819563152896464
1644.0, 50.4364694471387
1645.0, 44.45135219148274
1646.0, 39.15930718148833
1647.0, 35.59870550161813
1648.0, 33.427689140504356
1649.0, 32.44660921693519
1650.0, 37.39335098558399
1651.0, 36.62402028584602
1652.0, 40.598498352509054
1653.0, 48.025971305895894
1654.0, 46.380726015557485
1655.0, 49.747957587345724
1656.0, 55.373938976829535
1657.0, 52.4013773938259
1658.0, 48.50326797385622
1659.0, 51.18284019587558
1660.0, 62.57751799843184
1661.0, 69.27872474747477
1662.0, 69.05405405405409
1663.0, 78.03629177146969
1664.0, 67.43706888829166
1665.0, 65.89635854341736
1666.0, 63.636363636363654
1667.0, 48.71649679124199
1668.0, 43.81720430107525
1669.0, 41.105722599418044
1670.0, 44.13469500414024
1671.0, 39.85543369890328
1672.0, 37.03127558539379
1673.0, 43.38318972524794
1674.0, 39.842805320435325
1675.0, 38.93155540551944
1676.0, 38.4641551152309
1677.0, 38.16877637130803
1678.0, 46.51385741676839
1679.0, 47.19667492041036
1680.0, 47.6182121238705
1681.0, 52.17725656060752
1682.0, 55.64767763216544
1683.0, 61.16238691400894
1684.0, 58.661608792918955
1685.0, 63.89448034749441
1686.0, 69.27554308283963
1687.0, 63.812847638782856
1688.0, 59.869176038558656
1689.0, 69.93260756868845
1690.0, 58.767255994187444
1691.0, 65.42831174733016
1692.0, 52.38902426104459
1693.0, 52.89901583226357
1694.0, 48.992989874262854
1695.0, 52.13735938425105
1696.0, 42.10526315789479
1697.0, 40.663272326957504
1698.0, 36.9867017390034
1699.0, 33.32455562870315
1700.0, 37.06971542189637
1701.0, 39.51633650630305
1702.0, 36.54097775663137
1703.0, 45.366103430619546
1704.0, 45.36145812000818
1705.0, 37.38595374496073
1706.0, 52.42625053441642
1707.0, 56.70583253943054
1708.0, 55.124511216299645
1709.0, 52.66417616987809
1710.0, 58.96533044420369
1711.0, 58.29892650701898
1712.0, 51.134963927503094
1713.0, 61.21689841466655
1714.0, 47.42368742368739
1715.0, 54.17523944661229
1716.0, 55.595194757917724
1717.0, 52.4666822539163
1718.0, 51.37754712661223
1719.0, 54.630715123094966
1720.0, 51.8736527938982
1721.0, 51.873652793898174
1722.0, 53.893195521102484
1723.0, 59.076100576392946
1724.0, 50.79228384429899
1725.0, 47.76991441737986
1726.0, 50.800735101076405
1727.0, 49.59203801667712
1728.0, 59.16773641420627
1729.0, 49.376657824933666
1730.0, 49.33739729658098
1731.0, 48.76708657196464
1732.0, 60.79834605597965
1733.0, 53.44026382851145
1734.0, 49.95165968417657
1735.0, 40.807520419170885
1736.0, 38.628738147337685
1737.0, 37.88572272257486
1738.0, 51.32032146957525
1739.0, 51.93899782135076
1740.0, 53.42895562528011
1741.0, 51.81635492348124
1742.0, 45.62406424390907
1743.0, 50.0
1744.0, 51.78224238496434
1745.0, 41.683803072456755
1746.0, 36.240417731363216
1747.0, 40.96120440069485
1748.0, 40.33239700374538
1749.0, 44.128569599180494
1750.0, 39.07029478458053
1751.0, 36.432458008043646
1752.0, 36.432458008043575
1753.0, 33.18607908630541
1754.0, 36.687739662141205
1755.0, 35.73532505785823
1756.0, 36.63718723037106
1757.0, 46.224256292906205
1758.0, 48.76226483031777
1759.0, 51.74818494459304
1760.0, 56.187117518929554
1761.0, 52.825148962399865
1762.0, 52.41943840016576
1763.0, 47.83472012102872
1764.0, 52.38144543383725
1765.0, 51.45661811272956
1766.0, 45.16769895991586
1767.0, 51.219188974291065
1768.0, 55.538108467206214
1769.0, 55.532737376177856
1770.0, 58.8077267493924
1771.0, 40.69981583793736
1772.0, 36.539219550650266
1773.0, 40.08648648648648
1774.0, 40.891045434494934
1775.0, 44.50312049927986
1776.0, 46.72811059907837
1777.0, 54.959349593495965
1778.0, 62.76694521819871
1779.0, 46.52042360060517
1780.0, 52.1698113207547
1781.0, 61.5277777777778
1782.0, 42.109801667145675
1783.0, 33.311280185246304
1784.0, 54.27061931317872
1785.0, 55.281285878300764
1786.0, 57.38512035010947
1787.0, 43.35606530274847
1788.0, 40.992575224697134
1789.0, 36.949630151461754
1790.0, 32.740639425542795
1791.0, 43.64700446634839
1792.0, 47.36766398158803
1793.0, 44.42795466810574
1794.0, 41.53300212916961
1795.0, 32.99627461415642
1796.0, 34.173901061044475
1797.0, 31.778575089697554
1798.0, 17.52246469833115
1799.0, 15.745410530562808
1800.0, 18.77674056787238
1801.0, 30.984286127446225
1802.0, 42.325425433816726
1803.0, 38.056832742895885
1804.0, 34.80148883374689
1805.0, 28.998736132565625
1806.0, 31.29034449955833
1807.0, 35.869006534987875
1808.0, 43.26360919838897
1809.0, 44.56339913014387
1810.0, 45.86664904513314
1811.0, 48.256719247173514
1812.0, 55.05947783099028
1813.0, 59.7714552238806
1814.0, 57.96442206157096
1815.0, 48.54844061048442
1816.0, 36.32582949100442
1817.0, 49.03922345483358
1818.0, 55.79848980051844
1819.0, 58.88439581351096
1820.0, 54.314787894806386
1821.0, 53.16987266323489
1822.0, 37.706068046299485
1823.0, 38.998730273898005
1824.0, 34.48975825798114
1825.0, 50.0
1826.0, 47.52342704149933
1827.0, 36.71539122957866
1828.0, 42.736467711459355
1829.0, 57.672174894796264
1830.0, 63.868412366597
1831.0, 57.122757650369344
1832.0, 60.17699115044248
1833.0, 63.81586633952565
1834.0, 63.19444444444445
1835.0, 69.99616196507388
1836.0, 67.54004258864921
1837.0, 72.81381634372369
1838.0, 75.52334943639292
1839.0, 71.71566803126163
1840.0, 78.46091205211731
1841.0, 90.2492830355174
1842.0, 87.21428571428578
1843.0, 84.24295774647895
1844.0, 83.80090497737564
1845.0, 65.12718321416014
1846.0, 58.208160221583086
1847.0, 61.23900800316177
1848.0, 60.29182879377433
1849.0, 45.36272806255429
1850.0, 49.47333407251357
1851.0, 34.97697405368973
1852.0, 32.25277940315971
1853.0, 31.442444339175736
1854.0, 28.871248368855987
1855.0, 25.813768855619827
1856.0, 25.27204086164778
1857.0, 34.862562911343375
1858.0, 32.20384443451047
1859.0, 41.672159964842926
1860.0, 45.98133107043279
1861.0, 37.345331833520845
1862.0, 36.36861563740932
1863.0, 62.13393405693221
1864.0, 60.99567556164961
1865.0, 70.44582933844676
1866.0, 56.86071760934752
1867.0, 52.77859165934172
1868.0, 68.38349363946631
1869.0, 61.745964316057766
1870.0, 63.699421965317896
1871.0, 59.23401493021744
1872.0, 63.63874117339376
1873.0, 61.475268073331016
1874.0, 56.81745524296673
1875.0, 55.223998110385004
1876.0, 55.223998110385004
1877.0, 40.5995404219762
1878.0, 37.27464518603761
1879.0, 45.66824487083643
1880.0, 43.94181585677751
1881.0, 48.8564986310195
1882.0, 25.930266627600275
1883.0, 35.924219150025536
1884.0, 44.99824191279889
1885.0, 46.33790737564322
1886.0, 48.43840131850022
1887.0, 47.68781437611551
1888.0, 38.27321265789816
1889.0, 38.750082404904724
1890.0, 41.6169822446439
1891.0, 41.6169822446439
1892.0, 44.807507877791465
1893.0, 38.85094110503948
1894.0, 47.00685178507031
1895.0, 46.54905883422753
1896.0, 56.63336756605358
1897.0, 52.38143086816723
1898.0, 43.17745803357311
1899.0, 41.17428003972195
1900.0, 37.48845798707292
1901.0, 35.29119582764187
1902.0, 76.93401015228436
1903.0, 78.44720496894422
1904.0, 74.49438202247211
1905.0, 73.36306031448035
1906.0, 70.46545105566238
1907.0, 75.57539682539701
1908.0, 73.66124553748521
1909.0, 72.1125577488451
1910.0, 59.20019043084988
1911.0, 63.9439127531716
1912.0, 43.92981346822637
1913.0, 47.89187600998972
1914.0, 47.22584383601335
1915.0, 55.45274289491078
1916.0, 44.66901539032076
1917.0, 39.081765087605426
1918.0, 54.75778546712804
1919.0, 54.21460730365184
1920.0, 56.975621530292045
1921.0, 50.0
1922.0, 50.68960614247124
1923.0, 43.745133662081486
1924.0, 43.20687003332478
1925.0, 47.11779448621557
1926.0, 59.42203491872362
1927.0, 48.00609249515368
1928.0, 49.33536416505124
1929.0, 46.15896684862205
1930.0, 48.68151386801479
1931.0, 52.855659397715456
1932.0, 28.069216757741387
1933.0, 28.069216757741387
1934.0, 37.87950291017782
1935.0, 43.83444744702032
1936.0, 50.0
1937.0, 60.00519076044642
1938.0, 52.74925849874512
1939.0, 44.188292094146036
1940.0, 56.19254719778591
1941.0, 58.997509339975096
1942.0, 60.57279712603532
1943.0, 61.76231176231172
1944.0, 70.67270173248008
1945.0, 68.1158330199323
1946.0, 63.94577037141644
1947.0, 66.87427014402489
1948.0, 63.083461056151556
1949.0, 57.99999999999999
1950.0, 53.79438717067582
1951.0, 51.448130595050024
1952.0, 55.90615548107579
1953.0, 60.1589747749209
1954.0, 52.33381853469188
1955.0, 53.33267405063292
1956.0, 50.4986121106199
1957.0, 50.0
1958.0, 28.166130447499228
1959.0, 28.979837496238318
1960.0, 61.450906816760515
1961.0, 41.3065553424348
1962.0, 40.86393570711018
1963.0, 40.85937499999998
1964.0, 37.254502900172994
1965.0, 45.29808374733854
1966.0, 51.23959852449169
1967.0, 45.53126846147353
1968.0, 45.53126846147353
1969.0, 47.06036287508722
1970.0, 48.76040147550827
1971.0, 48.76040147550827
1972.0, 47.53721820501914
1973.0, 47.93275004288898
1974.0, 28.721289752650137
1975.0, 37.499999999999986
1976.0, 36.988054607508474
1977.0, 34.6153846153846
1978.0, 51.89856786230457
1979.0, 46.47660818713446
1980.0, 36.92111146598534
1981.0, 32.87359590501919
1982.0, 30.765136393878933
1983.0, 32.49870264660095
1984.0, 34.14757625617011
1985.0, 48.99314926302677
1986.0, 40.16679431537741
1987.0, 40.16337644656229
1988.0, 41.523708982141294
1989.0, 42.51491827380436
1990.0, 46.33184778882415
1991.0, 48.69831546707505
1992.0, 39.611404022651776
1993.0, 37.901606425702816
1994.0, 38.642645101852786
1995.0, 48.341067285382834
1996.0, 53.97542883634679
1997.0, 53.46302589944917
1998.0, 44.69273743016758
1999.0, 33.53955508753454
2000.0, 44.113573407202196
2001.0, 47.27272727272724
2002.0, 48.2142857142857
2003.0, 41.666666666666686
2004.0, 40.6779661016949
2005.0, 51.72413793103445
2006.0, 46.15384615384615
2007.0, 48.52941176470588
2008.0, 44.594594594594575
2009.0, 47.43589743589746
2010.0, 49.3827160493827
2011.0, 40.625000000000014
2012.0, 44.31818181818183
2013.0, 39.53488372093025
2014.0, 44.04761904761906
2015.0, 42.04545454545455
2016.0, 42.696629213483135
2017.0, 46.428571428571416
2018.0, 42.68292682926828
2019.0, 36.25000000000001
2020.0, 40.27777777777777
2021.0, 41.89189189189189
2022.0, 47.058823529411754
2023.0, 35.29411764705878
2024.0, 26.229508196721298
2025.0, 36.9565217391304
2026.0, 38.63636363636362
2027.0, 36.956521739130366
2028.0, 24.999999999999957
2029.0, 25.92592592592588
2030.0, 19.999999999999957
2031.0, 17.741935483870932
2032.0, 19.672131147540966
2033.0, 27.41935483870968
2034.0, 26.984126984126988
2035.0, 14.814814814814795
2036.0, 11.86440677966101
2037.0, 13.72549019607844
2038.0, 12.280701754385959
2039.0, 21.875000000000043
2040.0, 26.86567164179104
2041.0, 26.40718562874254
2042.0, 32.14285714285714
2043.0, 32.72727272727275
2044.0, 41.99999999999998
2045.0, 49.01960784313727
2046.0, 41.37931034482756
2047.0, 43.333333333333314
2048.0, 45.6140350877193
2049.0, 44.06779661016949
2050.0, 48.148148148148145
2051.0, 50.87719298245616
2052.0, 61.818181818181834
2053.0, 58.823529411764675
2054.0, 56.250000000000014
2055.0, 66.90942193900774
2056.0, 68.88888888888891
2057.0, 64.58333333333331
2058.0, 63.829787234042556
2059.0, 52.0
2060.0, 66.66666666666666
2061.0, 32.46753246753249
2062.0, 51.923076923076906
2063.0, 53.39805825242718
2064.0, 53.39805825242718
2065.0, 52.47524752475247
2066.0, 50.0
2067.0, 48.38709677419356
2068.0, 46.31578947368421
2069.0, 44.08602150537634
2070.0, 42.5531914893617
2071.0, 43.95604395604395
2072.0, 43.333333333333336
2073.0, 49.425287356321824
2074.0, 40.21739130434785
2075.0, 66.07142857142858
2076.0, 36.6666666666667
2077.0, 27.027027027027003
2078.0, 27.027027027027017
2079.0, 48.076923076923066
2080.0, 46.29629629629628
2081.0, 48.2142857142857
2082.0, 52.72727272727272
2083.0, 59.11214953271028
2084.0, 61.77069199457258
2085.0, 60.72024008002669
2086.0, 60.06779661016948
2087.0, 55.220742817098824
2088.0, 66.6384778012685
2089.0, 65.25879917184263
2090.0, 64.56925675675674
2091.0, 77.37854251012148
2092.0, 79.34613388687076
2093.0, 65.17935258092736
2094.0, 73.79912663755458
2095.0, 69.93987975951904
2096.0, 63.15789473684218
2097.0, 50.0
2098.0, 37.499999999999936
2099.0, 50.0
2100.0, 52.941176470588196
2101.0, 50.0
2102.0, 47.368421052631504
2103.0, 55.000000000000036
2104.0, 42.857142857142854
2105.0, 52.00000000000006
2106.0, 55.55555555555556
2107.0, 50.0
2108.0, 46.4285714285714
2109.0, 46.4285714285714
2110.0, 43.33333333333328
2111.0, 33.3333333333333
2112.0, 36.66666666666661
2113.0, 36.66666666666661
2114.0, 32.25806451612901
2115.0, 34.48275862068964
2116.0, 32.25806451612901
2117.0, 38.23529411764701
2118.0, 45.4545454545454
2119.0, 51.351351351351326
2120.0, 45.945945945945965
2121.0, 44.73684210526315
2122.0, 47.5
2123.0, 45.23809523809523
2124.0, 50.0
2125.0, 57.14285714285719
2126.0, 54.054054054054085
2127.0, 52.777777777777786
2128.0, 62.500000000000014
2129.0, 55.55555555555553
2130.0, 65.95744680851062
2131.0, 60.465116279069804
2132.0, 47.99999999999999
2133.0, 49.01960784313727
2134.0, 51.02040816326534
2135.0, 53.191489361702146
2136.0, 50.0
2137.0, 53.33333333333335
2138.0, 50.0
2139.0, 29.487179487179503
2140.0, 32.05128205128206
2141.0, 42.391304347826086
2142.0, 33.33333333333336
2143.0, 38.14432989690724
2144.0, 31.958762886597953
2145.0, 32.29166666666667
2146.0, 33.695652173913075
2147.0, 24.719101123595507
2148.0, 29.473684210526315
2149.0, 32.989690721649495
2150.0, 32.000000000000014
2151.0, 33.98058252427184
2152.0, 33.98058252427184
2153.0, 50.0
2154.0, 46.57534246575344
2155.0, 33.89830508474576
2156.0, 44.680851063829806
2157.0, 42.22222222222224
2158.0, 45.23809523809523
2159.0, 45.23809523809523
2160.0, 50.0
2161.0, 61.76470588235296
2162.0, 53.57142857142858
2163.0, 43.99999999999996
2164.0, 56.52173913043474
2165.0, 44.999999999999986
2166.0, 47.36842105263152
2167.0, 44.444444444444436
2168.0, 63.15789473684203
2169.0, 39.2857142857143
2170.0, 34.48275862068964
2171.0, 36.666666666666686
2172.0, 46.666666666666664
2173.0, 48.38709677419359
2174.0, 37.50000000000002
2175.0, 41.860465116279045
2176.0, 37.5
2177.0, 33.96226415094341
2178.0, 37.500000000000036
2179.0, 37.5
2180.0, 41.379310344827594
2181.0, 44.26229508196724
2182.0, 38.98305084745765
2183.0, 44.230769230769276
2184.0, 45.09803921568629
2185.0, 44.0
2186.0, 40.42553191489364
2187.0, 40.4255319148936
2188.0, 50.0
2189.0, 36.84210526315793
2190.0, 54.761904761904766
2191.0, 62.16216216216214
2192.0, 61.111111111111065
2193.0, 56.41025641025639
2194.0, 56.410256410256444
2195.0, 56.41025641025639
2196.0, 60.5263157894737
2197.0, 62.16216216216214
2198.0, 67.50000000000003
2199.0, 59.52380952380953
2200.0, 64.58333333333334
2201.0, 64.58333333333334
2202.0, 59.61538461538463
2203.0, 71.9298245614035
2204.0, 62.74509803921566
2205.0, 67.27272727272728
2206.0, 51.5625
2207.0, 53.2258064516129
2208.0, 46.875
2209.0, 48.48484848484849
2210.0, 45.588235294117645
2211.0, 45.588235294117645
2212.0, 48.61111111111111
2213.0, 52.857142857142854
2214.0, 51.470588235294116
2215.0, 42.50000000000001
2216.0, 48.75
2217.0, 40.277777777777786
2218.0, 40.84507042253524
2219.0, 35.82089552238804
2220.0, 48.275862068965516
2221.0, 50.87719298245616
2222.0, 61.01694915254235
2223.0, 52.54237288135595
2224.0, 62.68656716417909
2225.0, 68.05555555555553
2226.0, 50.61728395061727
2227.0, 47.56097560975609
2228.0, 55.6701030927835
2229.0, 54.54545454545457
2230.0, 51.04166666666667
2231.0, 51.04166666666667
2232.0, 56.310679611650485
2233.0, 54.71698113207548
2234.0, 51.428571428571445
2235.0, 47.74774774774773
2236.0, 44.76190476190476
2237.0, 46.07843137254902
2238.0, 41.489361702127646
2239.0, 40.86021505376344
2240.0, 47.5
2241.0, 49.350649350649334
2242.0, 33.898305084745786
2243.0, 43.47826086956522
2244.0, 45.45454545454546
2245.0, 41.66666666666667
2246.0, 41.66666666666667
2247.0, 42.55319148936172
2248.0, 43.47826086956522
2249.0, 52.50000000000001
2250.0, 50.0
2251.0, 52.63157894736843
2252.0, 45.945945945945965
2253.0, 35.48387096774195
2254.0, 37.93103448275864
2255.0, 47.05882352941176
2256.0, 45.4545454545454
2257.0, 46.874999999999986
2258.0, 50.0
2259.0, 60.714285714285765
2260.0, 33.33333333333327
2261.0, 38.09523809523801
2262.0, 42.10526315789465
2263.0, 38.88888888888886
2264.0, 50.0
2265.0, 50.0
2266.0, 60.0
2267.0, 54.54545454545455
2268.0, 54.54545454545455
2269.0, 36.84210526315797
2270.0, 52.00000000000004
2271.0, 57.69230769230768
2272.0, 62.06896551724133
2273.0, 66.66666666666663
2274.0, 73.33333333333333
2275.0, 74.1935483870968
2276.0, 57.49999999999999
2277.0, 61.36363636363636
2278.0, 61.36363636363636
2279.0, 49.09090909090907
2280.0, 54.09836065573768
2281.0, 61.76470588235292
2282.0, 65.7142857142857
2283.0, 67.64705882352939
2284.0, 60.60606060606059
2285.0, 61.76470588235292
2286.0, 58.730158730158735
2287.0, 52.380952380952394
2288.0, 52.380952380952394
2289.0, 53.12499999999999
2290.0, 61.81818181818183
2291.0, 61.81818181818183
2292.0, 58.49056603773582
2293.0, 74.99999999999997
2294.0, 62.49999999999998
2295.0, 50.0
2296.0, 48.387096774193516
2297.0, 42.85714285714281
2298.0, 54.285714285714256
2299.0, 51.51515151515149
2300.0, 86.32478632478632
2301.0, 75.3731343283582
2302.0, 71.12676056338027
2303.0, 70.2127659574468
2304.0, 67.3469387755102
2305.0, 56.886227544910184
2306.0, 57.22891566265061
2307.0, 58.95953757225435
2308.0, 60.355029585798825
2309.0, 62.285714285714285
2310.0, 60.571428571428584
2311.0, 61.988304093567265
2312.0, 59.64912280701755
2313.0, 61.66666666666667
2314.0, 45.66929133858268
2315.0, 52.25225225225227
2316.0, 42.64705882352942
2317.0, 42.33576642335766
2318.0, 45.112781954887225
2319.0, 57.758620689655174
2320.0, 59.16666666666666
2321.0, 56.25000000000001
2322.0, 53.389830508474574
2323.0, 47.05882352941177
2324.0, 50.0
2325.0, 54.54545454545455
2326.0, 50.70422535211267
2327.0, 48.14814814814815
2328.0, 29.82456140350878
2329.0, 28.81355932203391
2330.0, 44.94382022471912
2331.0, 42.10526315789475
2332.0, 47.11538461538461
2333.0, 42.42424242424243
2334.0, 32.75862068965519
2335.0, 41.79104477611939
2336.0, 41.48148148148148
2337.0, 45.80152671755726
2338.0, 44.09448818897638
2339.0, 35.19999999999999
2340.0, 43.22033898305084
2341.0, 34.55882352941177
2342.0, 41.481481481481474
2343.0, 39.43661971830984
2344.0, 34.7222222222222
2345.0, 33.55704697986576
2346.0, 36.53846153846153
2347.0, 35.849056603773576
2348.0, 42.95774647887323
2349.0, 38.63636363636364
2350.0, 38.34586466165414
2351.0, 39.70588235294117
2352.0, 36.241610738255034
2353.0, 40.55944055944056
2354.0, 43.33333333333334
2355.0, 54.999999999999986
2356.0, 53.67647058823529
2357.0, 58.87096774193549
2358.0, 65.6
2359.0, 73.68421052631578
2360.0, 72.47706422018348
2361.0, 73.14814814814815
2362.0, 68.1818181818182
2363.0, 61.68224299065422
2364.0, 59.99999999999999
2365.0, 60.36036036036036
2366.0, 72.56637168141592
2367.0, 66.10169491525424
2368.0, 62.96296296296296
2369.0, 58.33333333333334
2370.0, 50.49504950495049
2371.0, 53.53535353535353
2372.0, 46.31578947368421
2373.0, 53.21100917431192
2374.0, 42.857142857142854
2375.0, 44.55445544554456
2376.0, 47.36842105263156
2377.0, 52.17391304347826
2378.0, 58.536585365853675
2379.0, 52.631578947368425
2380.0, 35.71428571428572
2381.0, 41.93548387096773
2382.0, 41.93548387096773
2383.0, 41.93548387096773
2384.0, 48.148148148148145
2385.0, 47.16981132075473
2386.0, 52.08333333333333
2387.0, 39.47368421052637
2388.0, 42.8571428571429
2389.0, 38.461538461538495
2390.0, 38.461538461538495
2391.0, 41.46341463414631
2392.0, 42.49999999999999
2393.0, 44.73684210526315
2394.0, 50.0
2395.0, 54.054054054054085
2396.0, 48.48484848484852
2397.0, 45.71428571428574
2398.0, 44.444444444444436
2399.0, 42.85714285714281
2400.0, 42.85714285714281
2401.0, 41.17647058823529
2402.0, 42.424242424242394
2403.0, 36.8421052631579
2404.0, 52.94117647058822
2405.0, 57.142857142857146
2406.0, 57.89473684210528
2407.0, 50.0
2408.0, 57.57575757575757
2409.0, 53.96825396825394
2410.0, 53.12499999999999
2411.0, 53.96825396825394
2412.0, 60.0
2413.0, 52.702702702702695
2414.0, 58.33333333333332
2415.0, 46.808510638297875
2416.0, 57.14285714285715
2417.0, 62.886597938144305
2418.0, 51.06382978723405
2419.0, 51.06382978723405
2420.0, 51.57894736842104
2421.0, 57.954545454545446
2422.0, 56.97674418604648
2423.0, 52.12765957446809
2424.0, 51.04166666666667
2425.0, 43.75
2426.0, 41.121495327102785
2427.0, 49.53271028037384
2428.0, 48.57142857142858
2429.0, 54.83870967741934
2430.0, 38.043478260869556
2431.0, 39.36170212765957
2432.0, 48.91304347826087
2433.0, 50.0
2434.0, 47.87234042553191
2435.0, 51.96078431372549
2436.0, 49.01960784313725
2437.0, 56.12244897959183
2438.0, 53.39805825242717
2439.0, 56.12244897959183
2440.0, 58.25242718446602
2441.0, 51.0
2442.0, 49.484536082474214
2443.0, 47.05882352941176
2444.0, 59.37499999999999
2445.0, 55.10204081632653
2446.0, 48.93617021276596
2447.0, 43.5294117647059
2448.0, 41.573033707865186
2449.0, 40.22988505747129
2450.0, 47.31182795698926
2451.0, 44.31818181818183
2452.0, 48.75
2453.0, 57.35294117647059
2454.0, 48.57142857142857
2455.0, 47.22222222222223
2456.0, 40.277777777777786
2457.0, 46.153846153846175
2458.0, 45.31250000000001
2459.0, 49.15254237288138
2460.0, 59.375
2461.0, 53.84615384615383
2462.0, 61.29032258064516
2463.0, 57.142857142857146
2464.0, 50.0
2465.0, 47.99999999999999
2466.0, 50.0
2467.0, 48.14814814814815
2468.0, 56.25
2469.0, 65.85365853658531
2470.0, 77.49999999999997
2471.0, 69.76744186046508
2472.0, 57.89473684210526
2473.0, 39.285714285714285
2474.0, 25.000000000000043
2475.0, 30.000000000000043
2476.0, 28.571428571428527
2477.0, 31.372549019607803
2478.0, 32.69230769230768
2479.0, 32.69230769230768
2480.0, 29.999999999999986
2481.0, 33.999999999999986
2482.0, 32.65306122448976
2483.0, 33.3333333333333
2484.0, 27.272727272727224
2485.0, 29.999999999999957
2486.0, 29.26829268292677
2487.0, 57.6923076923077
2488.0, 71.4285714285714
2489.0, 68.4210526315789
2490.0, 64.70588235294122
2491.0, 38.888888888888914
2492.0, 21.73913043478268
2493.0, 23.80952380952388
2494.0, 23.80952380952388
2495.0, 15.78947368421062
2496.0, 15.78947368421062
2497.0, 15.78947368421062
2498.0, 15.000000000000114
2499.0, 15.000000000000114
2500.0, 43.47826086956526
2501.0, 27.999999999999986
2502.0, 27.999999999999986
2503.0, 26.92307692307689
2504.0, 32.14285714285711
2505.0, 39.13043478260871
2506.0, 56.250000000000014
2507.0, 56.250000000000014
2508.0, 58.82352941176479
2509.0, 58.82352941176479
2510.0, 58.82352941176479
2511.0, 47.61904761904767
2512.0, 47.61904761904757
2513.0, 35.71428571428572
2514.0, 13.636363636363711
2515.0, 17.647058823529477
2516.0, 51.72413793103445
2517.0, 53.57142857142856
2518.0, 48.14814814814819
2519.0, 46.42857142857143
2520.0, 41.93548387096778
2521.0, 47.05882352941176
2522.0, 44.11764705882352
2523.0, 45.71428571428567
2524.0, 36.36363636363634
2525.0, 41.4634146341463
2526.0, 43.902439024390254
2527.0, 51.4285714285714
2528.0, 52.94117647058823
2529.0, 55.55555555555557
2530.0, 40.740740740740755
2531.0, 32.352941176470566
2532.0, 29.729729729729684
2533.0, 35.89743589743591
2534.0, 42.10526315789474
2535.0, 35.13513513513517
2536.0, 36.11111111111112
2537.0, 36.11111111111112
2538.0, 50.0
2539.0, 48.148148148148195
2540.0, 51.72413793103445
2541.0, 53.57142857142856
2542.0, 53.57142857142856
2543.0, 44.82758620689659
2544.0, 44.82758620689651
2545.0, 52.00000000000006
2546.0, 56.521739130434845
2547.0, 54.54545454545457
2548.0, 58.33333333333337
2549.0, 70.37037037037041
2550.0, 63.3333333333334
2551.0, 62.06896551724146
2552.0, 58.620689655172406
2553.0, 61.29032258064517
2554.0, 57.14285714285717
2555.0, 55.1724137931035
2556.0, 53.33333333333334
2557.0, 59.25925925925924
2558.0, 52.00000000000006
2559.0, 60.86956521739129
2560.0, 66.66666666666666
2561.0, 63.157894736842096
2562.0, 53.33333333333327
2563.0, 29.999999999999915
2564.0, 42.85714285714268
2565.0, 50.0
2566.0, 62.500000000000064
2567.0, 6.818181818181785
2568.0, 5.084745762711833
2569.0, 5.084745762711833
2570.0, 4.761904761904745
2571.0, 4.347826086956502
2572.0, 17.72151898734174
2573.0, 15.294117647058812
2574.0, 14.285714285714278
2575.0, 15.2173913043478
2576.0, 15.05376344086018
2577.0, 24.038461538461505
2578.0, 22.123893805309706
2579.0, 21.05263157894734
2580.0, 20.353982300884923
2581.0, 30.666666666666643
2582.0, 42.187499999999986
2583.0, 42.187499999999986
2584.0, 43.548387096774185
2585.0, 48.21428571428571
2586.0, 35.55555555555554
2587.0, 42.10526315789472
2588.0, 55.55555555555557
2589.0, 48.717948717948744
2590.0, 51.282051282051256
2591.0, 31.034482758620683
2592.0, 44.999999999999986
2593.0, 50.0
2594.0, 52.631578947368375
2595.0, 60.86956521739129
2596.0, 41.666666666666636
2597.0, 43.47826086956524
2598.0, 52.38095238095233
2599.0, 58.33333333333337
2600.0, 65.51724137931038
2601.0, 59.375000000000036
2602.0, 63.88888888888894
2603.0, 56.09756097560975
2604.0, 57.14285714285715
2605.0, 55.81395348837207
2606.0, 57.77777777777776
2607.0, 55.319148936170194
2608.0, 58.823529411764724
2609.0, 60.37735849056607
2610.0, 53.33333333333333
2611.0, 53.33333333333333
2612.0, 70.52631578947367
2613.0, 53.781512605042
2614.0, 57.69230769230769
2615.0, 58.13953488372092
2616.0, 47.183098591549296
2617.0, 60.47904191616767
2618.0, 57.22543352601156
2619.0, 56.57142857142857
2620.0, 58.91891891891892
2621.0, 59.56284153005464
2622.0, 58.42696629213483
2623.0, 56.64739884393064
2624.0, 62.27544910179641
2625.0, 65.0
2626.0, 59.0909090909091
2627.0, 71.875
2628.0, 67.85714285714286
2629.0, 69.36936936936938
2630.0, 82.79569892473117
2631.0, 76.11940298507461
2632.0, 88.40579710144927
2633.0, 94.66666666666667
2634.0, 93.93939393939394
2635.0, 80.51948051948054
2636.0, 79.48717948717947
2637.0, 77.49999999999999
2638.0, 77.49999999999999
2639.0, 76.0
2640.0, 75.67567567567566
2641.0, 76.62337662337661
2642.0, 81.24999999999999
2643.0, 81.24999999999999
2644.0, 84.04255319148938
2645.0, 81.60919540229884
2646.0, 79.99999999999999
2647.0, 45.76271186440678
2648.0, 40.800000000000004
2649.0, 40.15748031496063
2650.0, 37.5
2651.0, 43.835616438356155
2652.0, 43.448275862068975
2653.0, 44.21768707482992
2654.0, 38.88888888888889
2655.0, 37.142857142857146
2656.0, 26.400000000000006
2657.0, 27.559055118110237
2658.0, 26.562499999999986
2659.0, 26.77165354330708
2660.0, 23.846153846153825
2661.0, 35.227272727272705
2662.0, 46.59090909090909
2663.0, 52.56410256410257
2664.0, 60.29411764705885
2665.0, 43.07692307692309
2666.0, 40.32258064516127
2667.0, 31.481481481481495
2668.0, 45.61403508771927
2669.0, 38.235294117647044
2670.0, 36.111111111111086
2671.0, 45.23809523809523
2672.0, 45.78313253012048
2673.0, 42.22222222222221
2674.0, 45.23809523809523
2675.0, 48.717948717948715
2676.0, 43.66197183098593
2677.0, 44.92753623188405
2678.0, 45.714285714285715
2679.0, 50.74532191563589
2680.0, 50.79214195183775
2681.0, 50.79214195183775
2682.0, 45.239774330042344
2683.0, 54.22654268808115
2684.0, 65.25940996948114
2685.0, 48.100303951367835
2686.0, 59.05562742561445
2687.0, 74.95894909688009
2688.0, 75.38337368845839
2689.0, 75.38337368845839
2690.0, 68.83230904302008
2691.0, 67.58620689655174
2692.0, 72.19963031423286
2693.0, 90.50659855257557
2694.0, 62.322858903265555
2695.0, 58.343446601941764
2696.0, 57.96080832823026
2697.0, 60.04326328800989
2698.0, 60.65124771758976
2699.0, 68.7869643934822
2700.0, 63.14819365937578
2701.0, 66.39754377984991
2702.0, 60.060091172813934
2703.0, 54.42170484416072
2704.0, 55.36049568156215
2705.0, 59.57055214723927
2706.0, 56.7370786516854
2707.0, 47.26057418365108
2708.0, 62.62290725484986
2709.0, 67.47346621796532
2710.0, 58.11500115928586
2711.0, 53.25168003468459
2712.0, 54.72391349989504
2713.0, 38.764242922588984
2714.0, 40.24390243902439
2715.0, 35.526315789473685
2716.0, 39.70588235294117
2717.0, 42.18749999999999
2718.0, 40.99653106275625
2719.0, 49.32286023835318
2720.0, 57.242877836793824
2721.0, 56.185056902523506
2722.0, 53.904216553878186
2723.0, 47.46513749511271
2724.0, 58.96107532903949
2725.0, 64.56608402330573
2726.0, 59.34288383681096
2727.0, 71.86780664255183
2728.0, 73.04478609625669
2729.0, 71.87815550319762
2730.0, 73.56109054190509
2731.0, 76.12330198537103
2732.0, 75.36206896551728
2733.0, 64.7856086742238
2734.0, 57.44490768314472
2735.0, 57.44490768314472
2736.0, 56.73529411764706
2737.0, 57.257346393588655
2738.0, 45.3333333333333
2739.0, 40.963855421686695
2740.0, 59.31372549019606
2741.0, 41.51785714285716
2742.0, 41.53640017865119
2743.0, 42.09454874462788
2744.0, 45.76271186440682
2745.0, 50.0
2746.0, 45.762711864406775
2747.0, 34.875444839857636
2748.0, 27.03639514731367
2749.0, 28.88513513513513
2750.0, 28.134254689042436
2751.0, 29.89510489510488
2752.0, 32.2184664650418
2753.0, 36.499068901303524
2754.0, 19.73684210526315
2755.0, 28.947368421052616
2756.0, 26.829268292682897
2757.0, 33.318515225605694
2758.0, 30.232558139534845
2759.0, 30.232558139534845
2760.0, 31.707317073170728
2761.0, 50.0
2762.0, 58.82352941176474
2763.0, 51.78571428571433
2764.0, 57.40740740740742
2765.0, 61.11111111111112
2766.0, 53.432218006209006
2767.0, 54.237288135593204
2768.0, 60.714285714285694
2769.0, 56.60377358490567
2770.0, 64.58333333333337
2771.0, 54.76190476190476
2772.0, 50.0
2773.0, 50.417536534446825
2774.0, 61.7647058823529
2775.0, 56.666666666666636
2776.0, 60.89743589743579
2777.0, 47.49999999999995
2778.0, 57.31707317073168
2779.0, 58.82352941176467
2780.0, 57.69230769230768
2781.0, 50.0
2782.0, 52.778786778060265
2783.0, 40.860517435320546
2784.0, 53.84108867427569
2785.0, 44.55139847439159
2786.0, 50.0
2787.0, 48.28298887122415
2788.0, 44.70178625491976
2789.0, 43.6786925686093
2790.0, 42.26724404577792
2791.0, 46.590521650187526
2792.0, 40.95363739163213
2793.0, 38.76075058639563
2794.0, 41.6072177926983
2795.0, 45.80360889634915
2796.0, 40.950562274559736
2797.0, 52.463054187192114
2798.0, 33.64485981308408
2799.0, 64.7058823529412
2800.0, 46.62162162162163
2801.0, 61.23595505617976
2802.0, 63.005780346820835
2803.0, 54.12371134020618
2804.0, 60.91954022988505
2805.0, 58.88888888888887
2806.0, 41.40625000000002
2807.0, 49.32432432432434
2808.0, 50.0
2809.0, 51.298701298701296
2810.0, 53.28947368421054
2811.0, 51.333333333333336
2812.0, 52.139761646803905
2813.0, 46.19366626065772
2814.0, 50.0
2815.0, 38.73092926490986
2816.0, 45.810991957104534
2817.0, 45.81099195710458
2818.0, 39.94147768836869
2819.0, 62.51196172248805
2820.0, 61.831519167061074
2821.0, 60.906446921958334
2822.0, 50.512715340442995
2823.0, 49.476549413735356
2824.0, 46.954933008526176
2825.0, 46.020692399522495
2826.0, 47.974289053369695
2827.0, 45.32010482965183
2828.0, 45.31586335985026
2829.0, 50.0
2830.0, 45.749102588324206
2831.0, 46.18539004386801
2832.0, 46.3755625778033
2833.0, 26.3932702418507
2834.0, 33.94185260311022
2835.0, 22.723852520692247
2836.0, 35.9550561797753
2837.0, 30.84780388151175
2838.0, 34.35722411831628
2839.0, 33.40707964601768
2840.0, 29.508196721311464
2841.0, 33.42175066312997
2842.0, 33.454907161803675
2843.0, 33.32225913621261
2844.0, 33.59008707300735
2845.0, 34.514796971782516
2846.0, 38.81897386253634
2847.0, 34.43983402489626
2848.0, 50.0
2849.0, 52.51727541954588
2850.0, 41.15566037735847
2851.0, 56.743737957610804
2852.0, 54.638218923933216
2853.0, 58.72382851445661
2854.0, 50.0
2855.0, 53.25238508239374
2856.0, 54.302670623145396
2857.0, 45.62913907284768
2858.0, 48.58956276445698
2859.0, 57.88405143243853
2860.0, 53.384476534296
2861.0, 47.01907790143082
2862.0, 29.77073499662845
2863.0, 38.38444278234855
2864.0, 41.84605348988911
2865.0, 31.051817478731635
2866.0, 31.416275430359946
2867.0, 26.276178010471213
2868.0, 40.92558983666065
2869.0, 40.01842751842753
2870.0, 38.41660261337435
2871.0, 46.375761090171075
2872.0, 43.82191780821916
2873.0, 39.13610668212784
2874.0, 39.705882352941195
2875.0, 46.96969696969696
2876.0, 56.3636363636364
2877.0, 50.0
2878.0, 48.98958971218615
2879.0, 50.0
2880.0, 50.05007009813736
2881.0, 64.10979989738337
2882.0, 51.55817174515234
2883.0, 42.37339841366685
2884.0, 33.237616654701995
2885.0, 13.840899959823119
2886.0, 41.06753812636165
2887.0, 38.934789023310685
2888.0, 50.611396429444845
2889.0, 40.29963354171158
2890.0, 45.20153550863722
2891.0, 44.61090752317309
2892.0, 45.09205795838326
2893.0, 52.36294896030245
2894.0, 46.22444722569878
2895.0, 44.39102564102563
2896.0, 46.15563658933974
2897.0, 47.98387096774192
2898.0, 56.05290749253974
2899.0, 56.0483870967742
2900.0, 49.06542056074767
2901.0, 52.38095238095237
2902.0, 39.99999999999998
2903.0, 47.05882352941175
2904.0, 47.05882352941177
2905.0, 38.095238095238095
2906.0, 36.363636363636374
2907.0, 26.31578947368422
2908.0, 27.77777777777777
2909.0, 22.72727272727272
2910.0, 32.0
2911.0, 31.994559564765183
2912.0, 29.16666666666667
2913.0, 36.36363636363635
2914.0, 36.07305936073058
2915.0, 33.789954337899545
2916.0, 35.57692307692308
2917.0, 35.57692307692308
2918.0, 29.357798165137595
2919.0, 35.95505617977528
2920.0, 35.95505617977528
2921.0, 52.100840336134446
2922.0, 54.385964912280706
2923.0, 69.66292134831463
2924.0, 58.74702838763811
2925.0, 60.14052155114175
2926.0, 60.135135135135144
2927.0, 53.3783783783784
2928.0, 50.64829821717992
2929.0, 53.737428649089445
2930.0, 53.37473002159826
2931.0, 58.92007611798287
2932.0, 58.585619678334915
2933.0, 60.88898816171545
2934.0, 61.23090745732253
2935.0, 46.09618988132419
2936.0, 42.757821552723065
2937.0, 46.623446785521324
2938.0, 48.25272574783336
2939.0, 46.37219406227372
2940.0, 46.37995945554592
2941.0, 50.0
2942.0, 47.79170396896447
2943.0, 50.0
2944.0, 53.847337642351505
2945.0, 45.45289196071301
2946.0, 60.58585858585857
2947.0, 56.17699910152736
2948.0, 55.55308751665929
2949.0, 55.55308751665925
2950.0, 73.7063304439191
2951.0, 71.40816909454445
2952.0, 62.500000000000014
2953.0, 65.13142591300303
2954.0, 50.0
2955.0, 50.0
2956.0, 60.8742931709439
2957.0, 58.77635197066912
2958.0, 60.8742931709439
2959.0, 64.71165162808944
2960.0, 64.71165162808944
2961.0, 67.86352268667383
2962.0, 83.12548713951674
2963.0, 80.83036448342013
2964.0, 79.99427999428
2965.0, 82.81537894607543
2966.0, 84.44388777555113
2967.0, 70.1437282229965
2968.0, 68.64876385336746
2969.0, 70.23472278429787
2970.0, 70.2045776787523
2971.0, 73.53840618816335
2972.0, 72.96949650863655
2973.0, 71.66795069337445
2974.0, 69.72679791080758
2975.0, 68.40008387502623
2976.0, 49.370910920986425
2977.0, 52.99472927647339
2978.0, 52.99472927647339
2979.0, 43.99086497288038
2980.0, 46.248499399759886
2981.0, 54.41384180790963
2982.0, 66.08061749571183
2983.0, 65.31462398596798
2984.0, 50.10064412238324
2985.0, 44.392104082548194
2986.0, 54.58043239281786
2987.0, 54.58043239281786
2988.0, 43.26169038629102
2989.0, 44.61298554011907
2990.0, 53.97203686050205
2991.0, 53.97203686050209
2992.0, 53.97203686050209
2993.0, 50.0
2994.0, 53.427474636687705
2995.0, 56.9403857393337
2996.0, 53.42747463668766
2997.0, 47.31647965391376
2998.0, 53.84615384615387
2999.0, 45.50408719346049
3000.0, 44.954128440366965
3001.0, 41.525423728813564
3002.0, 60.12269938650304
3003.0, 58.06451612903226
3004.0, 59.72738537794301
3005.0, 50.0
3006.0, 54.73126419379256
3007.0, 50.0
3008.0, 45.268735806207395
3009.0, 45.70118456247613
3010.0, 54.73126419379261
3011.0, 54.41204139228597
3012.0, 61.81846832650488
3013.0, 57.27232860692884
3014.0, 54.299562226391494
3015.0, 58.40901446350489
3016.0, 54.67375366568916
3017.0, 50.0
3018.0, 45.98473837209303
3019.0, 54.49478604818409
3020.0, 45.505213951815904
3021.0, 55.35870516185476
3022.0, 55.456132693147126
3023.0, 55.33536585365853
3024.0, 46.973532796317606
3025.0, 61.26283591872407
3026.0, 56.26541687222498
3027.0, 64.03705783267822
3028.0, 58.16459830176351
3029.0, 49.33518005540168
3030.0, 50.0
3031.0, 57.91640278657375
3032.0, 63.668671405139364
3033.0, 57.013715710723176
3034.0, 70.33412082348964
3035.0, 50.120250120250155
3036.0, 58.987542020961044
3037.0, 59.82872713117946
3038.0, 57.084493964716806
3039.0, 50.0
3040.0, 49.36459246275194
3041.0, 45.00599280862965
3042.0, 45.00599280862965
3043.0, 45.88594704684317
3044.0, 40.75785582255081
3045.0, 50.0
3046.0, 45.7698815566836
3047.0, 46.1695956321447
3048.0, 52.22592368261658
3049.0, 53.90747108471396
3050.0, 50.964416361822416
3051.0, 50.0
3052.0, 50.0
3053.0, 50.0
3054.0, 42.08069356452154
3055.0, 45.503694359344024
3056.0, 59.041040227549786
3057.0, 64.25792106725959
3058.0, 59.6799173980382
3059.0, 59.72150593089219
3060.0, 50.0
3061.0, 52.55556693639249
3062.0, 47.16550701494239
3063.0, 50.0
3064.0, 43.784111582777435
3065.0, 46.840405904059054
3066.0, 42.2069825436409
3067.0, 45.06124061635717
3068.0, 59.90177439797212
3069.0, 62.842252073698894
3070.0, 60.41911017280475
3071.0, 61.13329238329239
3072.0, 66.77289500167731
3073.0, 51.83363148479428
3074.0, 63.0519093078759
3075.0, 55.20544142143255
3076.0, 56.93888444088605
3077.0, 60.06441223832528
3078.0, 63.419216317767045
3079.0, 62.09894431794659
3080.0, 66.66666666666666
3081.0, 66.5526980823547
3082.0, 55.34485963933815
3083.0, 47.59800153727903
3084.0, 47.59800153727903
3085.0, 42.79400461183704
3086.0, 50.0
3087.0, 57.20599538816294
3088.0, 52.65731292517006
3089.0, 58.92007611798286
3090.0, 58.51549363439826
3091.0, 47.342687074829946
3092.0, 44.387067804220926
3093.0, 44.59230855982859
3094.0, 50.0
3095.0, 44.67277194549921
3096.0, 49.18032786885245
3097.0, 55.55555555555556
3098.0, 55.55555555555556
3099.0, 50.0
3100.0, 50.0
3101.0, 52.63157894736841
3102.0, 42.857142857142854
3103.0, 52.17391304347826
3104.0, 50.0
3105.0, 57.894736842105246
3106.0, 57.894736842105246
3107.0, 42.30769230769231
3108.0, 44.44444444444445
3109.0, 48.14814814814815
3110.0, 41.3793103448276
3111.0, 41.3793103448276
3112.0, 37.03703703703705
3113.0, 41.666666666666686
3114.0, 33.33333333333336
3115.0, 35.00000000000003
3116.0, 41.995359628770316
3117.0, 30.16759776536317
3118.0, 29.50819672131152
3119.0, 27.6214833759591
3120.0, 27.6214833759591
3121.0, 50.75239398084816
3122.0, 35.51564310544617
3123.0, 43.6740890688259
3124.0, 43.67408906882595
3125.0, 35.51564310544613
3126.0, 43.674089068825886
3127.0, 38.769092542677456
3128.0, 44.95153473344101
3129.0, 44.95153473344101
3130.0, 26.8896833503575
3131.0, 24.912576872060754
3132.0, 24.73955214944317
3133.0, 28.31474597273855
3134.0, 29.58860759493669
3135.0, 31.973189087488223
3136.0, 32.22327565773878
3137.0, 27.95414462081125
3138.0, 32.006346458964344
3139.0, 34.32711061577035
3140.0, 28.145600458584084
3141.0, 28.459643529923156
3142.0, 22.775357809583042
3143.0, 22.775357809583042
3144.0, 50.61604224289667
3145.0, 57.10638297872344
3146.0, 52.87628053585502
3147.0, 50.0
3148.0, 41.806189751395216
