0, 24.223
1, 24.104
2, 24.114
3, 24.123
4, 24.521
5, 24.7
6, 24.539
7, 24.36
8, 24.994
9, 24.908
10, 24.786
11, 24.71
12, 24.35
13, 24.436
14, 24.408
15, 24.993
16, 24.923
17, 24.606
18, 24.814
19, 24.301
20, 24.558
21, 24.349
22, 24.576
23, 24.814
24, 25.089
25, 25.195
26, 25.05
27, 25.703
28, 25.428
29, 25.317
30, 25.438
31, 25.381
32, 25.578
33, 25.331
34, 24.937
35, 24.814
36, 24.921
37, 25.053
38, 24.861
39, 24.939
40, 24.606
41, 24.861
42, 24.71
43, 24.718
44, 25.173
45, 25.369
46, 25.503
47, 25.296
48, 25.219
49, 25.361
50, 25.588
51, 25.788
52, 25.815
53, 24.606
54, 24.389
55, 23.812
56, 24.057
57, 25.032
58, 25.286
59, 25.256
60, 25.806
61, 23.391
62, 22.596
63, 23.152
64, 23.747
65, 24.249
66, 23.699
67, 23.602
68, 23.546
69, 23.864
70, 24.286
71, 24.665
72, 24.787
73, 24.594
74, 24.759
75, 24.555
76, 24.749
77, 24.623
78, 24.739
79, 24.787
80, 25.011
81, 24.989
82, 25.317
83, 25.191
84, 25.066
85, 24.911
86, 24.951
87, 25.086
88, 25.047
89, 25.441
90, 25.644
91, 25.672
92, 25.662
93, 25.663
94, 25.441
95, 25.779
96, 25.587
97, 25.653
98, 25.759
99, 25.615
100, 25.5
101, 25.297
102, 25.317
103, 25.414
104, 25.22
105, 25.404
106, 25.826
107, 25.991
108, 25.558
109, 25.076
110, 25.142
111, 24.931
112, 25.239
113, 25.259
114, 25.347
115, 25.829
116, 25.657
117, 25.416
118, 25.407
119, 25.599
120, 25.271
121, 25.535
122, 25.454
123, 25.619
124, 25.526
125, 25.357
126, 25.069
127, 24.865
128, 24.72
129, 24.594
130, 24.565
131, 24.875
132, 24.875
133, 24.7
134, 24.71
135, 24.633
136, 24.594
137, 24.584
138, 24.548
139, 24.15
140, 24.284
141, 24.042
142, 24.46
143, 24.304
144, 24.167
145, 23.985
146, 23.765
147, 23.789
148, 23.685
149, 23.685
150, 23.71
151, 23.583
152, 23.637
153, 23.87
154, 23.811
155, 23.675
156, 23.743
157, 24.046
158, 24.217
159, 24.536
160, 24.372
161, 24.468
162, 24.478
163, 24.778
164, 24.401
165, 24.411
166, 24.411
167, 24.44
168, 24.504
169, 24.677
170, 24.851
171, 25.107
172, 25.057
173, 25.168
174, 25.332
175, 25.256
176, 25.342
177, 25.214
178, 25.439
179, 25.517
180, 25.545
181, 25.458
182, 25.507
183, 25.654
184, 25.666
185, 25.909
186, 25.792
187, 25.817
188, 25.615
189, 25.723
190, 25.83
191, 25.812
192, 25.869
193, 25.599
194, 25.605
195, 25.753
196, 25.858
197, 25.886
198, 25.99
199, 25.987
200, 26.037
201, 26.144
202, 26.075
203, 26.037
204, 26.085
205, 26.213
206, 25.988
207, 26.033
208, 26.066
209, 26.304
210, 26.193
211, 26.313
212, 26.197
213, 26.144
214, 26.074
215, 26.203
216, 26.347
217, 26.476
218, 26.36
219, 26.595
220, 26.915
221, 27.074
222, 27.014
223, 26.859
224, 26.859
225, 27.035
226, 27.086
227, 27.185
228, 27.204
229, 27.08
230, 27.125
231, 27.234
232, 27.076
233, 27.096
234, 27.056
235, 27.056
236, 26.959
237, 26.998
238, 27.1
239, 27.043
240, 27.145
241, 26.989
242, 27.327
243, 27.123
244, 28.139
245, 28.355
246, 28.256
247, 28.305
248, 28.198
249, 28.404
250, 28.64
251, 28.581
252, 28.945
253, 29.282
254, 29.063
255, 28.965
256, 29.034
257, 28.955
258, 29.23
259, 29.329
260, 29.668
261, 29.266
262, 29.293
263, 29.683
264, 29.811
265, 29.721
266, 29.781
267, 29.767
268, 29.653
269, 29.633
270, 29.791
271, 29.973
272, 30.223
273, 29.997
274, 29.827
275, 29.767
276, 29.722
277, 29.594
278, 29.447
279, 29.672
280, 29.653
281, 29.279
282, 29.633
283, 29.772
284, 29.484
285, 29.437
286, 29.424
287, 29.486
288, 29.595
289, 29.638
290, 29.874
291, 29.406
292, 29.446
293, 29.549
294, 29.416
295, 29.483
296, 29.515
297, 29.585
298, 29.834
299, 29.937
300, 30.181
301, 30.137
302, 30.163
303, 30.203
304, 30.328
305, 30.163
306, 30.054
307, 30.133
308, 30.333
309, 30.243
310, 30.273
311, 30.353
312, 30.532
313, 30.582
314, 30.632
315, 30.732
316, 30.677
317, 30.552
318, 30.542
319, 30.193
320, 30.054
321, 30.252
322, 30.146
323, 30.363
324, 30.054
325, 30.074
326, 30.084
327, 30.2
328, 30.243
329, 30.203
330, 30.403
331, 30.413
332, 30.273
333, 30.206
334, 30.443
335, 30.562
336, 30.373
337, 30.584
338, 30.841
339, 30.851
340, 31.07
341, 31.19
342, 30.981
343, 31.058
344, 31.1
345, 31.149
346, 31.3
347, 31.175
348, 31.22
349, 31.2872
350, 31.08
351, 30.98
352, 30.96
353, 31.0729
354, 31.31
355, 31.27
356, 31.36
357, 31.3299
358, 31.25
359, 31.18
360, 31.22
361, 31.5499
362, 31.65
363, 31.63
364, 31.68
365, 31.5832
366, 31.4399
367, 31.5504
368, 31.4632
369, 31.37
370, 31.2999
371, 31.3056
372, 31.26
373, 31.29
374, 31.2
375, 31.3664
376, 31.5
377, 31.435
378, 31.488
379, 31.44
380, 31.49
381, 31.1964
382, 31.2404
383, 30.95
384, 30.97
