0, 3.6892
1, 3.5763
2, 3.8584
3, 3.6552
4, 3.5312
5, 3.5312
6, 3.4917
7, 3.4917
8, 3.4917
9, 3.4917
10, 3.6383
11, 3.4917
12, 3.4917
13, 3.4917
14, 3.4917
15, 3.4522
16, 3.4522
17, 3.3281
18, 3.2491
19, 3.3393
20, 3.3901
21, 3.5143
22, 3.4522
23, 3.3337
24, 3.3281
25, 3.3111
26, 3.4127
27, 3.3111
28, 3.3732
29, 3.4127
30, 3.5538
31, 3.6383
32, 3.5538
33, 3.6383
34, 3.4297
35, 3.4297
36, 3.4297
37, 3.5538
38, 3.4522
39, 3.3901
40, 3.7342
41, 3.8076
42, 3.8301
43, 3.8526
44, 3.8301
45, 3.8301
46, 3.8301
47, 3.8301
48, 3.8301
49, 3.9712
50, 3.8301
51, 3.8076
52, 3.8301
53, 3.8526
54, 3.8076
55, 3.926
56, 3.8301
57, 3.8301
58, 3.8301
59, 3.8301
60, 3.8301
61, 3.8979
62, 3.8526
63, 3.8076
64, 3.8076
65, 3.8526
66, 3.6214
67, 3.8076
68, 3.7117
69, 3.7117
70, 3.7117
71, 3.6892
72, 3.5481
73, 3.5481
74, 3.5988
75, 3.5988
76, 3.5988
77, 3.5763
78, 3.5481
79, 3.5481
80, 3.5763
81, 3.5988
82, 3.644
83, 3.5763
84, 3.6214
85, 3.6214
86, 3.6214
87, 3.5255
88, 3.5255
89, 3.6214
90, 3.5424
91, 3.5424
92, 3.5424
93, 3.5424
94, 3.5424
95, 3.5763
96, 3.5763
97, 3.5763
98, 3.7342
99, 3.5763
100, 3.5763
101, 3.5763
102, 3.5424
103, 3.5424
104, 3.5255
105, 3.5763
106, 3.5763
107, 3.644
108, 3.6214
109, 3.644
110, 3.5763
111, 3.5763
112, 3.644
113, 3.5763
114, 3.5876
115, 3.5933
116, 3.5763
117, 3.5763
118, 3.5763
119, 3.5763
120, 3.5988
121, 3.5763
122, 3.5763
123, 3.5988
124, 3.644
125, 3.644
126, 3.5988
127, 3.4805
128, 3.5763
129, 3.5029
130, 3.4353
131, 3.5763
132, 3.5481
133, 3.5481
134, 3.5481
135, 3.6665
136, 3.4805
137, 3.5988
138, 3.5029
139, 3.5029
140, 3.5029
141, 3.5029
142, 3.5029
143, 3.5029
144, 3.5988
145, 3.5143
146, 3.5143
147, 3.5312
148, 3.5763
149, 3.5368
150, 3.3845
151, 3.4353
152, 3.5481
153, 3.4353
154, 3.4127
155, 3.6214
156, 3.4578
157, 3.4805
158, 3.4805
159, 3.4805
160, 3.5763
161, 3.6214
162, 3.6892
163, 3.7342
164, 3.8526
165, 3.5988
166, 3.6214
167, 3.644
168, 3.6102
169, 3.9712
170, 3.6214
171, 3.6102
172, 3.6102
173, 3.5763
174, 3.5763
175, 3.6214
176, 3.6214
177, 3.5481
178, 3.5763
179, 3.6214
180, 3.6214
181, 3.6892
182, 3.6214
183, 3.644
184, 3.6214
185, 3.6214
186, 3.6214
187, 3.5481
188, 3.6214
189, 3.6892
190, 3.6892
191, 3.565
192, 3.565
193, 3.7342
194, 3.8076
195, 3.8076
196, 3.8076
197, 3.7625
198, 3.8526
199, 3.7625
200, 3.8076
201, 3.8526
202, 3.7963
203, 3.785
204, 3.785
205, 3.8753
206, 3.8526
207, 3.8526
208, 3.8526
209, 3.7625
210, 3.8189
211, 3.8753
212, 3.785
213, 3.8301
214, 3.785
215, 3.8076
216, 3.8076
217, 3.8753
218, 3.8076
219, 3.8076
220, 3.785
221, 3.785
222, 3.8753
223, 3.8979
224, 3.8076
225, 3.785
226, 3.8301
227, 3.8301
228, 3.785
229, 3.8301
230, 3.8076
231, 3.8132
232, 3.8301
233, 3.785
234, 3.7342
235, 3.7342
236, 3.8526
237, 3.7625
238, 3.7625
239, 3.8753
240, 3.8753
241, 3.7625
242, 3.8526
243, 3.7625
244, 3.8526
245, 3.8526
246, 3.8753
247, 4.0614
248, 4.0614
249, 3.9937
250, 3.6214
251, 3.7342
252, 3.5988
253, 3.7342
254, 3.6271
255, 3.8076
256, 3.6892
257, 3.926
258, 3.9147
259, 3.9712
260, 3.9712
261, 4.1573
262, 4.1798
263, 3.5481
264, 3.6665
265, 3.6892
266, 3.7342
267, 3.7342
268, 3.5988
269, 3.6214
270, 3.7342
271, 3.6214
272, 3.6665
273, 3.5763
274, 3.6214
275, 3.6214
276, 3.6214
277, 3.7117
278, 3.6214
279, 3.5763
280, 3.6665
281, 3.5763
282, 3.8526
283, 3.5988
284, 3.5988
285, 3.5988
286, 3.6214
287, 3.6214
288, 3.5988
289, 3.926
290, 3.7117
291, 3.7342
292, 3.7342
293, 3.9712
294, 3.7342
295, 3.7342
296, 3.7342
297, 3.7625
298, 3.8526
299, 3.8526
300, 3.7342
301, 3.7342
302, 3.7342
303, 3.7342
304, 3.6665
305, 3.9712
306, 4.0388
307, 3.7625
308, 3.7342
309, 3.8526
310, 3.7342
311, 3.7342
312, 3.8753
313, 3.8414
314, 3.9712
315, 3.7625
316, 3.8301
317, 3.8526
318, 3.8526
319, 3.8526
320, 3.8526
321, 3.8301
322, 3.8753
323, 3.8076
324, 3.8753
325, 3.8753
326, 3.9712
327, 3.8526
328, 3.8526
329, 3.8526
330, 3.8526
331, 3.8526
332, 3.8526
333, 3.8526
334, 3.8526
335, 3.8526
336, 3.8526
337, 3.9486
338, 3.8753
339, 3.9712
340, 3.8753
341, 3.8753
342, 3.8753
343, 3.8753
344, 3.9937
345, 4.0163
346, 4.0163
347, 4.0219
348, 4.0275
349, 3.706
350, 3.7342
351, 3.7625
352, 3.7681
353, 3.7681
354, 3.8301
355, 3.8753
356, 3.8753
357, 3.8753
358, 3.8753
359, 4.0896
360, 4.0388
361, 3.9712
362, 3.9712
363, 4.0388
364, 4.0614
365, 4.0614
366, 4.1122
367, 4.1122
368, 4.1122
369, 4.3096
370, 4.2758
371, 4.2758
372, 4.6932
373, 4.3209
374, 4.3434
375, 4.4394
376, 4.507
377, 4.1573
378, 4.2024
379, 4.3209
380, 4.2758
381, 4.2758
382, 4.2758
383, 4.2758
384, 4.2758
385, 4.2984
386, 4.3209
387, 4.225
388, 4.3209
389, 4.2532
390, 4.225
391, 4.1122
392, 4.2024
393, 4.2024
394, 4.2024
395, 4.2024
396, 4.2024
397, 4.3209
398, 4.2024
399, 4.225
400, 4.225
401, 4.2024
402, 4.2532
403, 4.2532
404, 4.2532
405, 4.2024
406, 4.2024
407, 4.2024
408, 4.2532
409, 4.0896
410, 4.2532
411, 4.2532
412, 4.2024
413, 4.1573
414, 4.1573
415, 4.2024
416, 4.2024
417, 4.2024
418, 4.2024
419, 4.2024
420, 4.2024
421, 4.2024
422, 4.2024
423, 4.2024
424, 4.1122
425, 4.2024
426, 4.2758
427, 4.2024
428, 4.2758
429, 4.2024
430, 4.2758
431, 4.2758
432, 4.2024
433, 4.2758
434, 4.0896
435, 4.2024
436, 4.1798
437, 4.2532
438, 4.2758
439, 4.225
440, 4.225
441, 4.2758
442, 4.225
443, 4.2532
444, 4.4168
445, 4.3434
446, 4.4394
447, 4.3209
448, 4.366
449, 4.3434
450, 4.3434
451, 4.3209
452, 4.3942
453, 4.3829
454, 4.8341
455, 4.5522
456, 4.648
457, 4.5296
458, 4.5522
459, 4.4845
460, 4.5522
461, 4.5296
462, 4.507
463, 4.4845
464, 4.5296
465, 4.603
466, 4.5522
467, 4.648
468, 4.5352
469, 4.4394
470, 4.2984
471, 4.4845
472, 4.2984
473, 4.3209
474, 4.2984
475, 4.6762
476, 4.6706
477, 4.6706
478, 4.3209
479, 4.3885
480, 4.2758
481, 4.366
482, 4.366
483, 4.6762
484, 4.2758
485, 4.2758
486, 4.3209
487, 4.3885
488, 4.3209
489, 4.6762
490, 4.2758
491, 4.5522
492, 4.4394
493, 4.2984
494, 4.225
495, 4.2532
496, 4.5296
497, 4.4394
498, 4.2984
499, 4.3885
500, 4.4394
501, 4.3885
502, 4.4394
503, 4.4394
504, 4.4394
505, 4.648
506, 4.366
507, 4.507
508, 4.5522
509, 4.3434
510, 4.4845
511, 4.4845
512, 4.5522
513, 4.5804
514, 4.6255
515, 4.6255
516, 4.648
517, 4.586
518, 4.5804
519, 4.603
520, 4.603
521, 4.603
522, 4.5804
523, 4.5804
524, 4.603
525, 4.5804
526, 4.5691
527, 4.5578
528, 4.6706
529, 4.5804
530, 4.5296
531, 4.225
532, 4.3885
533, 4.3209
534, 4.225
535, 4.0896
536, 4.2024
537, 4.2532
538, 4.2024
539, 4.2984
540, 4.2419
541, 4.287
542, 4.366
543, 4.5296
544, 4.3885
545, 4.3999
546, 4.3378
547, 4.3378
548, 4.3378
549, 4.4619
550, 4.287
551, 4.3096
552, 4.1348
553, 4.4901
554, 4.5409
555, 4.2363
556, 4.1348
557, 4.2363
558, 4.2532
559, 4.2081
560, 4.1573
561, 4.2588
562, 4.0107
563, 4.1348
564, 4.0275
565, 4.0275
566, 4.0783
567, 3.9542
568, 3.9542
569, 3.9542
570, 4.0557
571, 3.9768
572, 3.7737
573, 3.6723
574, 3.723
575, 3.7737
576, 3.6778
577, 3.7004
578, 3.802
579, 3.8189
580, 3.9033
581, 3.9033
582, 3.9768
583, 4.0049
584, 3.9033
585, 3.8526
586, 3.8753
587, 3.7512
588, 3.7737
589, 3.8245
590, 4.0275
591, 3.9937
592, 3.9033
593, 3.8245
594, 3.8245
595, 3.7512
596, 3.706
597, 3.7737
598, 3.7512
599, 4.0557
600, 3.926
601, 3.8245
602, 3.7512
603, 3.8245
604, 3.8245
605, 3.802
606, 3.9147
607, 3.802
608, 3.8753
609, 3.8414
610, 3.7737
611, 3.7286
612, 3.7737
613, 3.7737
614, 3.8245
615, 3.7737
616, 3.723
617, 3.723
618, 3.723
619, 3.7004
620, 3.7004
621, 3.723
622, 3.706
623, 3.7737
624, 3.706
625, 3.8526
626, 3.7737
627, 3.785
628, 3.8753
629, 3.8414
630, 3.8753
631, 3.7512
632, 3.7512
633, 3.7004
634, 3.723
635, 3.6778
636, 3.6497
637, 3.6497
638, 3.6609
639, 3.6723
640, 3.7512
641, 3.6947
642, 3.6778
643, 3.7004
644, 3.5988
645, 3.5763
646, 3.5707
647, 3.5707
648, 3.5707
649, 3.4183
650, 3.3676
651, 3.3225
652, 3.3169
653, 3.3451
654, 3.2153
655, 3.2096
656, 3.1871
657, 3.1138
658, 3.1138
659, 3.1871
660, 3.1871
661, 3.0855
662, 3.1138
663, 3.3281
664, 3.283
665, 3.2378
666, 3.3169
667, 3.3169
668, 3.3676
669, 3.3676
670, 3.4183
671, 3.4691
672, 3.3732
673, 3.5029
674, 3.4691
675, 3.4805
676, 3.5199
677, 3.5199
678, 3.3958
679, 3.4691
680, 3.5199
681, 3.5481
682, 3.5312
683, 3.6214
684, 3.723
685, 3.5707
686, 3.5255
687, 3.6214
688, 3.4409
689, 3.3845
690, 3.5481
691, 3.5707
692, 3.4183
693, 3.2153
694, 3.3676
695, 3.3901
696, 3.2266
697, 3.2153
698, 3.4183
699, 3.3281
700, 3.3676
701, 3.3225
702, 3.2661
703, 2.9332
704, 2.9332
705, 2.6794
706, 2.7866
707, 2.5497
708, 2.499
709, 2.6512
710, 2.5497
711, 2.5497
712, 2.6004
713, 2.6512
714, 2.499
715, 2.499
716, 2.499
717, 2.6004
718, 2.5497
719, 2.6004
720, 2.6004
721, 2.6794
722, 2.6794
723, 2.6004
724, 2.6004
725, 2.5497
726, 2.5497
727, 2.4086
728, 2.4086
729, 2.5497
730, 2.527
731, 2.499
732, 2.465
733, 2.4256
734, 2.527
735, 2.3071
736, 2.183
737, 2.2563
738, 2.183
739, 2.3183
740, 2.5665
741, 2.4425
742, 2.623
743, 2.6963
744, 2.7302
745, 2.6455
746, 2.9219
747, 3.001
748, 3.0292
749, 2.7302
750, 2.8374
751, 3.0574
752, 3.1138
753, 3.1645
754, 3.2096
755, 3.1645
756, 2.9276
757, 2.4594
758, 2.5102
759, 2.5045
760, 2.3749
761, 2.4594
762, 2.5665
763, 2.4594
764, 2.2902
765, 2.2958
766, 2.3183
767, 2.3466
768, 2.3128
769, 2.2902
770, 2.403
771, 2.2113
772, 2.2113
773, 2.183
774, 2.104
775, 2.0477
776, 2.0477
777, 2.0477
778, 1.8558
779, 1.8277
780, 1.7487
781, 1.7656
782, 1.9122
783, 1.9122
784, 1.9405
785, 1.8615
786, 1.963
787, 2.0477
788, 1.9799
789, 2.0477
790, 2.1266
791, 2.183
792, 2.183
793, 2.4369
794, 2.3578
795, 2.3749
796, 2.2846
797, 2.3691
798, 2.2846
799, 2.2393
800, 2.245
801, 2.3466
802, 2.3014
803, 2.7302
804, 2.7866
805, 2.6794
806, 2.7302
807, 2.7302
808, 2.5892
809, 2.5665
810, 2.5665
811, 2.5497
812, 2.5948
813, 2.6738
814, 2.7245
815, 2.7189
816, 2.5948
817, 2.5665
818, 2.7866
819, 2.623
820, 2.9219
821, 2.9219
822, 2.5948
823, 2.6738
824, 2.5835
825, 2.4086
826, 2.623
827, 2.5327
828, 2.4143
829, 2.623
830, 2.8542
831, 2.7302
832, 2.623
833, 2.7189
834, 2.7358
835, 2.6455
836, 2.9051
837, 2.8035
838, 2.7302
839, 2.7471
840, 2.8937
841, 2.7415
842, 2.9051
843, 2.7866
844, 2.7584
845, 2.7302
846, 2.6907
847, 2.7866
848, 2.8656
849, 2.9164
850, 2.9219
851, 2.9219
852, 3.0574
853, 3.142
854, 3.142
855, 3.2378
856, 3.2378
857, 3.2209
858, 3.4635
859, 3.4635
860, 3.2773
861, 3.3393
862, 3.1645
863, 3.1138
864, 3.0292
865, 3.0855
866, 3.001
867, 3.0179
868, 3.0574
869, 3.0292
870, 3.1138
871, 3.2209
872, 3.2773
873, 3.142
874, 3.0855
875, 3.0574
876, 3.2209
877, 2.8485
878, 3.0855
879, 3.2209
880, 3.2209
881, 3.1645
882, 3.2209
883, 3.2716
884, 3.3111
885, 3.1814
886, 3.1138
887, 3.1645
888, 3.2773
889, 3.142
890, 3.1928
891, 3.2209
892, 3.2773
893, 3.3281
894, 3.142
895, 3.1645
896, 3.2209
897, 3.2661
898, 3.2886
899, 3.2998
900, 3.4127
901, 3.5988
902, 3.5763
903, 3.486
904, 3.4635
905, 3.3845
906, 3.2998
907, 3.3225
908, 3.3845
909, 3.3169
910, 3.4409
911, 3.3281
912, 3.3393
913, 3.3393
914, 3.283
915, 3.2886
916, 3.3056
917, 3.3056
918, 3.3337
919, 3.3281
920, 3.3111
921, 3.2716
922, 3.283
923, 3.2773
924, 3.3056
925, 3.1928
926, 3.283
927, 3.283
928, 3.2998
929, 3.2548
930, 3.2266
931, 3.2716
932, 3.2209
933, 3.2209
934, 3.2886
935, 3.3056
936, 3.2886
937, 3.3563
938, 3.3111
939, 3.3056
940, 3.362
941, 3.362
942, 3.362
943, 3.362
944, 3.3225
945, 3.3563
946, 3.5086
947, 3.486
948, 3.4127
949, 3.4917
950, 3.4409
951, 3.4691
952, 3.5481
953, 3.4691
954, 3.6552
955, 3.7342
956, 3.8358
957, 3.5819
958, 3.6383
959, 3.7117
960, 3.7963
961, 3.7117
962, 3.5819
963, 3.6609
964, 3.6552
965, 3.6214
966, 3.6271
967, 3.6497
968, 3.4127
969, 3.2773
970, 3.3563
971, 3.283
972, 3.4353
973, 3.3563
974, 3.362
975, 3.3169
976, 3.1928
977, 3.2773
978, 3.1701
979, 3.1645
980, 3.2604
981, 3.2491
982, 3.2604
983, 3.3281
984, 3.3225
985, 3.2096
986, 3.2041
987, 3.2773
988, 3.2773
989, 3.2886
990, 3.3281
991, 3.2716
992, 3.1757
993, 3.2321
994, 3.1533
995, 3.1138
996, 3.1025
997, 3.0968
998, 3.1081
999, 3.125
1000, 3.1476
1001, 3.2153
1002, 3.1645
1003, 3.1645
1004, 3.2096
1005, 3.125
1006, 3.125
1007, 3.125
1008, 3.1645
1009, 3.2321
1010, 3.2321
1011, 3.2209
1012, 3.142
1013, 3.125
1014, 3.2041
1015, 3.1871
1016, 3.1871
1017, 3.1533
1018, 3.1701
1019, 3.2436
1020, 3.3281
1021, 3.4353
1022, 3.3225
1023, 3.3111
1024, 3.3676
1025, 3.3169
1026, 3.3111
1027, 3.3789
1028, 3.3225
1029, 3.2548
1030, 3.2661
1031, 3.3111
1032, 3.3451
1033, 3.362
1034, 3.3337
1035, 3.3281
1036, 3.2604
1037, 3.3901
1038, 3.3337
1039, 3.3056
1040, 3.3506
1041, 3.3337
1042, 3.4353
1043, 3.2661
1044, 3.2716
1045, 3.2773
1046, 3.2773
1047, 3.2942
1048, 3.3169
1049, 3.2886
1050, 3.2773
1051, 3.2886
1052, 3.3732
1053, 3.3789
1054, 3.4127
1055, 3.3393
1056, 3.3393
1057, 3.3563
1058, 3.3845
1059, 3.4127
1060, 3.4578
1061, 3.4127
1062, 3.4805
1063, 3.5029
1064, 3.362
1065, 3.5368
1066, 3.486
1067, 3.4183
1068, 3.4578
1069, 3.4748
1070, 3.4691
1071, 3.4973
1072, 3.5029
1073, 3.5763
1074, 3.5933
1075, 3.5988
1076, 3.5988
1077, 3.5988
1078, 3.5368
1079, 3.4973
1080, 3.5086
1081, 3.5368
1082, 3.4691
1083, 3.424
1084, 3.4635
1085, 3.4409
1086, 3.3563
1087, 3.4691
1088, 3.486
1089, 3.5593
1090, 3.4917
1091, 3.5255
1092, 3.5481
1093, 3.5538
1094, 3.6214
1095, 3.5538
1096, 3.4691
1097, 3.5312
1098, 3.5876
1099, 3.6045
1100, 3.6609
1101, 3.6947
1102, 3.6892
1103, 3.7286
1104, 3.6665
1105, 3.6383
1106, 3.8245
1107, 3.785
1108, 3.7321
1109, 3.7906
1110, 3.8865
1111, 3.8076
1112, 3.8358
1113, 3.8076
1114, 3.8076
1115, 3.8358
1116, 3.8358
1117, 3.8076
1118, 3.7568
1119, 3.6947
1120, 3.706
1121, 3.723
1122, 3.7512
1123, 3.7286
1124, 3.8132
1125, 3.8132
1126, 3.8301
1127, 3.8043
1128, 3.8076
1129, 3.8865
1130, 3.8979
1131, 3.847
1132, 3.8865
1133, 3.9033
1134, 3.8584
1135, 3.847
1136, 3.847
1137, 3.8921
1138, 3.9091
1139, 3.8979
1140, 3.926
1141, 3.9205
1142, 3.8696
1143, 3.8921
1144, 3.8753
1145, 3.8809
1146, 3.9033
1147, 3.8526
1148, 3.8865
1149, 3.9205
1150, 3.9824
1151, 3.8696
1152, 3.9317
1153, 3.9147
1154, 3.8809
1155, 4.0163
1156, 4.0953
1157, 4.0388
1158, 3.9768
1159, 3.9091
1160, 3.864
1161, 3.8979
1162, 3.926
1163, 3.929
1164, 3.9542
1165, 3.9824
1166, 3.9881
1167, 4.0219
1168, 4.0107
1169, 3.9712
1170, 3.9937
1171, 3.8921
1172, 3.9486
1173, 3.9033
1174, 3.8979
1175, 3.8921
1176, 3.926
1177, 3.9542
1178, 3.9655
1179, 3.96
1180, 3.9937
1181, 3.9768
1182, 3.9712
1183, 3.9552
1184, 4.0275
1185, 3.9881
1186, 3.9033
1187, 3.9428
1188, 4.067
1189, 4.0388
1190, 4.0502
1191, 4.0502
1192, 4.0445
1193, 4.0388
1194, 4.0049
1195, 4.0388
1196, 3.9937
1197, 4.0614
1198, 4.0896
1199, 4.0896
1200, 4.1178
1201, 4.1178
1202, 4.146
1203, 4.146
1204, 4.146
1205, 4.1968
1206, 4.0953
1207, 4.146
1208, 4.146
1209, 4.1968
1210, 4.1178
1211, 3.9486
1212, 3.8245
1213, 4.0557
1214, 4.0445
1215, 4.0275
1216, 3.9542
1217, 4.0219
1218, 4.001
1219, 4.0275
1220, 4.0275
1221, 4.0388
1222, 4.1065
1223, 4.0388
1224, 3.9542
1225, 3.9486
1226, 4.0388
1227, 4.0332
1228, 4.0445
1229, 3.9712
1230, 3.9937
1231, 4.0332
1232, 4.0163
1233, 3.9994
1234, 3.9768
1235, 3.8076
1236, 3.9486
1237, 3.8358
1238, 3.8189
1239, 3.2153
1240, 3.2661
1241, 3.2998
1242, 3.3845
1243, 3.6102
1244, 3.565
1245, 3.6892
1246, 3.8526
1247, 3.8865
1248, 3.9091
1249, 3.7846
1250, 3.7455
1251, 3.7342
1252, 3.723
1253, 3.6947
1254, 3.6947
1255, 3.706
1256, 3.5707
1257, 3.5255
1258, 3.5255
1259, 3.5876
1260, 3.5707
1261, 3.5312
1262, 3.6665
1263, 3.706
1264, 3.6328
1265, 3.4973
1266, 3.6157
1267, 3.6723
1268, 3.8358
1269, 3.7512
1270, 3.8076
1271, 3.8921
1272, 3.8371
1273, 3.9205
1274, 4.0896
1275, 3.9223
1276, 3.8189
1277, 3.8896
1278, 4.0557
1279, 3.9223
1280, 3.9655
1281, 3.926
1282, 3.8921
1283, 3.8245
1284, 3.8358
1285, 3.9486
1286, 3.785
1287, 3.7519
1288, 3.8921
1289, 4.001
1290, 3.9824
1291, 4.316
1292, 4.2897
1293, 4.1846
1294, 4.2568
1295, 4.4077
1296, 4.2306
1297, 4.211
1298, 4.1651
1299, 4.0208
1300, 3.8962
1301, 3.8896
1302, 4.1519
1303, 4.0535
1304, 4.1258
1305, 4.6373
1306, 4.6636
1307, 4.6242
1308, 4.5914
1309, 4.7947
1310, 4.7947
1311, 4.9653
1312, 4.7226
1313, 4.4733
1314, 4.3487
1315, 4.2765
1316, 4.1585
1317, 4.001
1318, 4.0601
1319, 4.1258
1320, 4.5914
1321, 4.5586
1322, 4.5848
1323, 4.6569
1324, 4.7226
1325, 4.5324
1326, 4.552
1327, 4.4602
1328, 4.5324
1329, 4.4143
1330, 4.5586
1331, 4.4931
1332, 4.4339
1333, 4.5324
1334, 4.5651
1335, 4.4996
1336, 4.598
1337, 4.6242
1338, 4.6439
1339, 4.6373
1340, 4.6569
1341, 4.5651
1342, 4.5651
1343, 4.3749
1344, 4.4405
1345, 4.1453
1346, 4.1912
1347, 4.2634
1348, 4.2568
1349, 4.2372
1350, 4.2372
1351, 4.3224
1352, 4.3094
1353, 4.316
1354, 4.3487
1355, 4.3224
1356, 4.4012
1357, 4.4077
1358, 4.3487
1359, 4.3618
1360, 4.3356
1361, 4.3683
1362, 4.3946
1363, 4.388
1364, 4.3554
1365, 4.4339
1366, 4.4077
1367, 4.4931
1368, 4.4865
1369, 4.4931
1370, 4.4602
1371, 4.4208
1372, 4.4274
1373, 4.4536
1374, 4.4274
1375, 4.4274
1376, 4.4668
1377, 4.4602
1378, 4.3815
1379, 4.3946
1380, 4.3487
1381, 4.3946
1382, 4.4274
1383, 4.3946
1384, 4.4077
1385, 4.4471
1386, 4.4208
1387, 4.3421
1388, 4.3946
1389, 4.2962
1390, 4.3224
1391, 4.3356
1392, 4.3421
1393, 4.3224
1394, 4.316
1395, 4.329
1396, 4.2962
1397, 4.2634
1398, 4.2634
1399, 4.4012
1400, 4.2765
1401, 4.1717
1402, 4.1519
1403, 4.1846
1404, 4.1782
1405, 4.211
1406, 4.1782
1407, 4.0995
1408, 4.0995
1409, 4.0995
1410, 4.2044
1411, 4.1323
1412, 4.1585
1413, 4.0995
1414, 4.2634
1415, 4.0995
1416, 4.1717
1417, 4.1782
1418, 4.211
1419, 4.1585
1420, 4.1388
1421, 4.1651
1422, 4.0995
1423, 4.1323
1424, 4.1846
1425, 4.0798
1426, 4.1979
1427, 4.1519
1428, 4.2634
1429, 4.2765
1430, 4.2502
1431, 4.27
1432, 4.2962
1433, 4.2962
1434, 4.2831
1435, 4.27
1436, 4.3618
1437, 4.3028
1438, 4.3094
1439, 4.2765
1440, 4.2306
1441, 4.2241
1442, 4.2962
1443, 4.3224
1444, 4.2765
1445, 4.2044
1446, 4.2962
1447, 4.3618
1448, 4.3946
1449, 4.3815
1450, 4.27
1451, 4.2175
1452, 4.2634
1453, 4.2438
1454, 4.2502
1455, 4.27
1456, 4.3487
1457, 4.3487
1458, 4.3618
1459, 4.4208
1460, 4.3356
1461, 4.3421
1462, 4.3749
1463, 4.4077
1464, 4.3683
1465, 4.4536
1466, 4.4996
1467, 4.4931
1468, 4.5192
1469, 4.5127
1470, 4.4865
1471, 4.4996
1472, 4.5192
1473, 4.4799
1474, 4.5192
1475, 4.5258
1476, 4.5061
1477, 4.5192
1478, 4.5324
1479, 4.5914
1480, 4.5914
1481, 4.6242
1482, 4.6636
1483, 4.6439
1484, 4.6175
1485, 4.5258
1486, 4.4471
1487, 4.4405
1488, 4.4931
1489, 4.5061
1490, 4.5324
1491, 4.4143
1492, 4.5127
1493, 4.539
1494, 4.5192
1495, 4.4799
1496, 4.4405
1497, 4.4865
1498, 4.4077
1499, 4.2634
1500, 4.2831
1501, 4.3421
1502, 4.3421
1503, 4.2438
1504, 4.2634
1505, 4.2634
1506, 4.3028
1507, 4.3356
1508, 4.3618
1509, 4.3421
1510, 4.3554
1511, 4.4077
1512, 4.4339
1513, 4.4471
1514, 4.4602
1515, 4.4931
1516, 4.4931
1517, 4.5258
1518, 4.5127
1519, 4.5258
1520, 4.5258
1521, 4.5586
1522, 4.6209
1523, 4.6554
1524, 4.7593
1525, 4.7731
1526, 4.6346
1527, 4.5793
1528, 4.6071
1529, 4.7731
1530, 4.6071
1531, 4.7731
1532, 4.8422
1533, 4.9114
1534, 4.8422
1535, 4.7661
1536, 4.7731
1537, 4.6831
1538, 4.7593
1539, 4.78
1540, 4.6692
1541, 4.7038
1542, 4.7038
1543, 4.7731
1544, 4.7315
1545, 4.8836
1546, 4.9114
1547, 4.78
1548, 4.8352
1549, 4.8699
1550, 4.8215
1551, 4.8768
1552, 4.8768
1553, 4.8836
1554, 4.9252
1555, 4.8561
1556, 4.9183
1557, 4.8836
1558, 4.8836
1559, 4.8836
1560, 4.8629
1561, 4.7939
1562, 4.8076
1563, 4.8422
1564, 4.8283
1565, 4.8768
1566, 4.8836
1567, 4.8699
1568, 4.946
1569, 4.9183
1570, 4.9183
1571, 4.9183
1572, 4.9529
1573, 4.946
1574, 5.0082
1575, 5.0566
1576, 5.0774
1577, 5.1672
1578, 5.1259
1579, 5.1881
1580, 5.1398
1581, 5.1672
1582, 5.112
1583, 5.112
1584, 5.1672
1585, 5.1672
1586, 5.112
1587, 5.1398
1588, 5.1189
1589, 5.1672
1590, 5.1672
1591, 5.1742
1592, 5.1742
1593, 5.0636
1594, 5.1742
1595, 5.2019
1596, 5.2019
1597, 5.1881
1598, 5.0497
1599, 5.1051
1600, 5.1604
1601, 5.1604
1602, 5.0981
1603, 5.1604
1604, 5.1466
1605, 5.1189
1606, 5.1672
1607, 5.3541
1608, 5.2157
1609, 5.2157
1610, 5.1881
1611, 5.2503
1612, 5.2434
1613, 5.2503
1614, 5.2434
1615, 5.2227
1616, 5.285
1617, 5.3402
1618, 5.3333
1619, 5.4579
1620, 5.285
1621, 5.3263
1622, 5.3402
1623, 5.2573
1624, 5.2366
1625, 5.3263
1626, 5.3057
1627, 5.3263
1628, 5.2919
1629, 5.278
1630, 5.2711
1631, 5.1672
1632, 5.1742
1633, 5.278
1634, 5.3609
1635, 5.2711
1636, 5.3887
1637, 5.2227
1638, 5.3541
1639, 5.1534
1640, 5.2366
1641, 5.3748
1642, 5.2711
1643, 5.278
1644, 5.3263
1645, 5.3263
1646, 5.3402
1647, 5.278
1648, 5.278
1649, 5.3402
1650, 5.3817
1651, 5.195
1652, 5.3748
1653, 5.3956
1654, 5.3748
1655, 5.4163
1656, 5.4302
1657, 5.4371
1658, 5.4371
1659, 5.4648
1660, 5.3956
1661, 5.4095
1662, 5.4095
1663, 5.3956
1664, 5.1259
1665, 5.3956
1666, 5.5131
1667, 5.5547
1668, 5.5409
1669, 5.7138
1670, 5.6861
1671, 5.6446
1672, 5.6516
1673, 5.6239
1674, 5.6307
1675, 5.5686
1676, 5.5686
1677, 5.617
1678, 5.5339
1679, 5.5339
1680, 5.5201
1681, 5.5547
1682, 5.4786
1683, 5.4717
1684, 5.5131
1685, 5.527
1686, 5.5961
1687, 5.5409
1688, 5.527
1689, 5.617
1690, 5.5754
1691, 5.5961
1692, 5.5477
1693, 5.5686
1694, 5.5893
1695, 5.61
1696, 5.61
1697, 5.7346
1698, 5.7068
1699, 5.7691
1700, 5.7691
1701, 5.7691
1702, 5.7691
1703, 5.7207
1704, 5.6722
1705, 5.7
1706, 5.6722
1707, 5.7207
1708, 5.7138
1709, 5.7414
1710, 5.6585
1711, 5.7414
1712, 5.7068
1713, 5.7068
1714, 5.7622
1715, 5.7691
1716, 5.7484
1717, 5.8176
1718, 5.8452
1719, 5.7414
1720, 5.7691
1721, 5.783
1722, 5.8107
1723, 5.7899
1724, 5.8107
1725, 5.7691
1726, 5.8868
1727, 5.9213
1728, 5.9282
1729, 5.866
1730, 5.8521
1731, 5.8936
1732, 5.8384
1733, 5.8245
1734, 5.949
1735, 5.8384
1736, 5.8384
1737, 5.8452
1738, 5.8315
1739, 5.7968
1740, 5.859
1741, 5.9005
1742, 5.9698
1743, 6.0873
1744, 6.1012
1745, 6.1012
1746, 6.0464
1747, 6.0386
1748, 5.9916
1749, 5.8978
1750, 6.2107
1751, 5.976
1752, 6.2341
1753, 6.4063
1754, 6.3045
1755, 6.414
1756, 6.3436
1757, 6.4063
1758, 6.4063
1759, 6.4845
1760, 6.3671
1761, 6.3436
1762, 6.3045
1763, 6.2888
1764, 6.3281
1765, 6.2654
1766, 6.1559
1767, 6.0777
1768, 6.109
1769, 6.0386
1770, 5.8744
1771, 5.9056
1772, 5.9447
1773, 5.8822
1774, 5.9134
1775, 5.8744
1776, 5.8665
1777, 5.8665
1778, 5.843
1779, 5.8117
1780, 5.9056
1781, 5.9134
1782, 5.8665
1783, 5.9056
1784, 5.9291
1785, 6.0542
1786, 6.1168
1787, 5.9682
1788, 5.9604
1789, 5.9682
1790, 6.0073
1791, 6.0073
1792, 5.976
1793, 6.023
1794, 6.0855
1795, 6.1012
1796, 6.1012
1797, 6.0308
1798, 5.9604
1799, 5.9682
1800, 5.9604
1801, 5.9839
1802, 6.1168
1803, 6.1168
1804, 6.2577
1805, 6.2654
1806, 6.3359
1807, 6.2263
1808, 6.1168
1809, 6.0386
1810, 6.0777
1811, 6.1794
1812, 6.0542
1813, 6.1012
1814, 6.1012
1815, 6.1481
1816, 6.2263
1817, 5.9134
1818, 6.0698
1819, 6.1402
1820, 5.9916
1821, 6.1559
1822, 5.976
1823, 5.9916
1824, 6.242
1825, 6.1012
1826, 6.1246
1827, 6.2185
1828, 6.1794
1829, 6.1012
1830, 6.1794
1831, 6.1402
1832, 6.1559
1833, 6.1402
1834, 6.1012
1835, 6.1402
1836, 6.3671
1837, 6.2577
1838, 5.9916
1839, 6.3045
1840, 6.0386
1841, 6.1012
1842, 6.2185
1843, 6.3202
1844, 6.3202
1845, 6.2654
1846, 6.2498
1847, 6.2577
1848, 6.2029
1849, 6.1716
1850, 6.242
1851, 6.2263
1852, 6.2263
1853, 6.2811
1854, 6.2654
1855, 6.2029
1856, 6.414
1857, 6.4923
1858, 6.4923
1859, 6.508
1860, 6.5548
1861, 6.6722
1862, 6.5391
1863, 6.414
1864, 6.414
1865, 6.3749
1866, 6.2341
1867, 6.2029
1868, 6.2263
1869, 6.2967
1870, 6.1637
1871, 6.195
1872, 6.1794
1873, 6.2577
1874, 6.1716
1875, 5.9291
1876, 5.976
1877, 6.023
1878, 6.0386
1879, 5.9212
1880, 6.1559
1881, 6.1325
1882, 6.1168
1883, 6.0308
1884, 5.9916
1885, 6.0073
1886, 6.1246
1887, 6.0542
1888, 6.0542
1889, 6.0386
1890, 6.1402
1891, 6.1402
1892, 6.1637
1893, 6.1402
1894, 6.2107
1895, 6.1402
1896, 6.2185
1897, 6.1012
1898, 6.062
1899, 6.062
1900, 6.0934
1901, 6.062
1902, 6.1481
1903, 6.1012
1904, 6.1012
1905, 6.062
1906, 6.109
1907, 6.1872
1908, 6.0698
1909, 6.1246
1910, 5.9682
1911, 6.1012
1912, 6.1402
1913, 6.023
1914, 6.0308
1915, 6.023
1916, 6.0308
1917, 5.8665
1918, 5.8274
1919, 5.9682
1920, 6.1325
1921, 6.0464
1922, 6.242
1923, 6.4219
1924, 6.2654
1925, 6.0934
1926, 6.2577
1927, 6.2185
1928, 6.1637
1929, 6.242
1930, 6.414
1931, 6.3593
1932, 6.3515
1933, 6.3281
1934, 6.414
1935, 6.4219
1936, 6.414
1937, 6.414
1938, 6.5001
1939, 6.5235
1940, 6.4923
1941, 6.5157
1942, 6.5314
1943, 6.5862
1944, 6.4845
1945, 6.4923
1946, 6.5235
1947, 6.4375
1948, 6.5001
1949, 6.5001
1950, 6.4923
1951, 6.5314
1952, 6.3359
1953, 6.344
1954, 6.4506
1955, 6.5243
1956, 6.5161
1957, 6.7538
1958, 6.5161
1959, 6.4014
1960, 6.4506
1961, 6.5326
1962, 6.6555
1963, 6.7621
1964, 7.2047
1965, 6.9096
1966, 7.0817
1967, 7.1309
1968, 6.9423
1969, 7.0079
1970, 6.8932
1971, 6.8112
1972, 6.9178
1973, 6.8194
1974, 7.0162
1975, 6.6555
1976, 6.6391
1977, 6.4587
1978, 6.4506
1979, 6.4997
1980, 6.6227
1981, 6.7621
1982, 6.6965
1983, 6.8276
1984, 6.7211
1985, 6.5735
1986, 6.3932
1987, 6.2621
1988, 6.59
1989, 6.4424
1990, 6.3359
1991, 6.3522
1992, 6.303
1993, 6.4178
1994, 6.467
1995, 6.5653
1996, 6.5161
1997, 6.5407
1998, 6.5326
1999, 6.5817
2000, 6.5407
2001, 6.4014
2002, 6.4506
2003, 6.549
2004, 6.5326
2005, 6.5653
2006, 6.5817
2007, 6.59
2008, 6.4916
2009, 6.4834
2010, 6.4178
2011, 6.4342
2012, 6.4096
2013, 6.3522
2014, 6.4997
2015, 6.4834
2016, 6.4587
2017, 6.4342
2018, 6.5326
2019, 6.4752
2020, 6.5243
2021, 6.4506
2022, 6.4587
2023, 6.508
2024, 6.5243
2025, 6.4752
2026, 6.4834
2027, 6.508
2028, 6.4506
2029, 6.4587
2030, 6.5326
2031, 6.5243
2032, 6.3932
2033, 6.4014
2034, 6.4178
2035, 6.4834
2036, 6.4834
2037, 6.467
2038, 6.467
2039, 6.4997
2040, 6.5653
2041, 6.385
2042, 6.4014
2043, 6.4916
2044, 6.4096
2045, 6.4096
2046, 6.4342
2047, 6.4096
2048, 6.4587
2049, 6.4752
2050, 6.5571
2051, 6.5571
2052, 6.5817
2053, 6.59
2054, 6.5735
2055, 6.59
2056, 6.7374
2057, 6.5653
2058, 6.5981
2059, 6.5981
2060, 6.5981
2061, 6.6473
2062, 6.8194
2063, 6.6391
2064, 6.6391
2065, 6.7211
2066, 6.7457
2067, 6.8768
2068, 6.6637
2069, 6.6637
2070, 6.6637
2071, 6.8849
2072, 6.8849
2073, 6.6391
2074, 6.7211
2075, 6.4342
2076, 6.4752
2077, 6.5653
2078, 6.4178
2079, 6.508
2080, 6.5161
2081, 6.7128
2082, 6.844
2083, 6.7621
2084, 6.6801
2085, 6.6473
2086, 6.6555
2087, 6.6227
2088, 6.6801
2089, 6.8112
2090, 6.7948
2091, 6.8112
2092, 6.6063
2093, 6.6801
2094, 6.6801
2095, 6.5981
2096, 6.59
2097, 6.6227
2098, 6.6145
2099, 6.59
2100, 6.5981
2101, 6.6145
2102, 6.4178
2103, 6.4997
2104, 6.4997
2105, 6.4587
2106, 6.3932
2107, 6.5981
2108, 6.5571
2109, 6.6309
2110, 6.5161
2111, 6.5161
2112, 6.3604
2113, 6.3522
2114, 6.3522
2115, 6.5571
2116, 6.5571
2117, 6.2785
2118, 6.2785
2119, 6.3112
2120, 6.3195
2121, 6.3112
2122, 6.3768
2123, 6.3112
2124, 6.3112
2125, 6.2866
2126, 6.3112
2127, 6.3112
2128, 6.385
2129, 6.3276
2130, 6.3112
2131, 6.4752
2132, 6.3522
2133, 6.2621
2134, 6.4096
2135, 6.344
2136, 6.4096
2137, 6.2129
2138, 6.2129
2139, 6.2047
2140, 6.2129
2141, 6.467
2142, 6.4096
2143, 6.467
2144, 6.3768
2145, 6.4096
2146, 6.4178
2147, 6.4178
2148, 6.4014
2149, 6.3932
2150, 6.1965
2151, 6.1965
2152, 6.3369
2153, 6.3896
2154, 6.4686
2155, 6.4861
2156, 6.4422
2157, 6.451
2158, 6.451
2159, 6.2667
2160, 6.451
2161, 6.2053
2162, 6.2228
2163, 6.2228
2164, 6.3457
2165, 6.3194
2166, 6.3633
2167, 6.3281
2168, 6.3281
2169, 6.4861
2170, 6.7319
2171, 6.9337
2172, 6.6573
2173, 6.5476
2174, 6.5932
2175, 6.4071
2176, 6.2535
2177, 6.0824
2178, 6.1702
2179, 6.1263
2180, 6.135
2181, 6.0297
2182, 5.7752
2183, 5.7576
2184, 6.0472
2185, 6.0297
2186, 6.7143
2187, 6.4159
2188, 6.372
2189, 6.2843
2190, 6.3501
2191, 6.3609
2192, 6.1702
2193, 6.2317
2194, 6.7582
2195, 6.6792
2196, 6.7319
2197, 6.8978
2198, 6.6755
2199, 6.7582
2200, 7.004
2201, 6.9162
2202, 6.7766
2203, 6.6643
2204, 6.7933
2205, 6.6442
2206, 6.7845
2207, 6.7934
2208, 6.7626
2209, 6.7898
2210, 7.0018
2211, 6.9266
2212, 6.6705
2213, 6.9337
2214, 6.9969
2215, 6.9337
2216, 6.8284
2217, 6.7845
2218, 6.6002
2219, 6.6529
2220, 6.7802
2221, 6.688
2222, 6.8109
2223, 6.8284
2224, 6.8899
2225, 7.0215
2226, 6.6968
2227, 7.0215
2228, 7.0215
2229, 7.1093
2230, 7.1707
2231, 7.1532
2232, 7.1094
2233, 7.1128
2234, 7.1971
2235, 7.4999
2236, 7.6534
2237, 7.6316
2238, 7.4604
2239, 7.4779
2240, 7.8992
2241, 7.8992
2242, 7.8553
2243, 7.2058
2244, 7.434
2245, 7.6359
2246, 7.8202
2247, 7.6359
2248, 7.7595
2249, 7.3546
2250, 7.2936
2251, 7.1533
2252, 7.2322
2253, 7.4253
2254, 7.083
2255, 7.141
2256, 7.1532
2257, 7.2339
2258, 7.1707
2259, 7.1005
2260, 7.162
2261, 7.2673
2262, 7.0215
2263, 6.989
2264, 7.0303
2265, 7.0742
2266, 7.0039
2267, 6.8636
2268, 6.7055
2269, 6.6968
2270, 6.9591
2271, 6.9864
2272, 6.9601
2273, 6.8899
2274, 6.8548
2275, 7.0127
2276, 7.1794
2277, 7.083
2278, 6.9865
2279, 7.0127
2280, 6.9259
2281, 7.0215
2282, 6.9776
2283, 7.0391
2284, 6.9074
2285, 6.9425
2286, 6.9757
2287, 7.0127
2288, 7.0101
2289, 7.1005
2290, 6.9689
2291, 6.9689
2292, 7.1619
2293, 7.1094
2294, 7.0566
2295, 7.0654
2296, 7.1356
2297, 7.0913
2298, 7.0478
2299, 6.9864
2300, 6.9513
2301, 6.9513
2302, 6.9337
2303, 6.9337
2304, 7.004
2305, 7.0917
2306, 7.0391
2307, 7.0392
2308, 7.0917
2309, 7.1274
2310, 7.1512
2311, 7.1268
2312, 7.1356
2313, 7.0478
2314, 6.9601
2315, 6.9337
2316, 7.0654
2317, 6.9864
2318, 6.8635
2319, 7.0292
2320, 6.925
2321, 7.0259
2322, 7.0127
2323, 6.846
2324, 7.1532
2325, 7.0891
2326, 6.9337
2327, 6.9689
2328, 6.7933
2329, 6.8548
2330, 6.8021
2331, 6.8021
2332, 6.8548
2333, 6.9329
2334, 6.8372
2335, 6.6968
2336, 6.8021
2337, 6.7635
2338, 6.7319
2339, 6.8635
2340, 6.8022
2341, 6.7635
2342, 6.8729
2343, 6.9601
2344, 7.0433
2345, 7.3726
2346, 7.5137
2347, 7.6215
2348, 7.3989
2349, 7.6622
2350, 7.6359
2351, 7.75
2352, 7.4
2353, 7.46
2354, 7.77
2355, 7.43
2356, 7.6
2357, 7.36
2358, 7.45
2359, 7.63
2360, 7.81
2361, 7.9
2362, 7.7
2363, 7.715
2364, 7.69
2365, 7.58
2366, 7.44
2367, 7.73
2368, 7.51
2369, 7.6
2370, 7.48
2371, 7.52
2372, 7.6752
2373, 7.5957
2374, 7.84
2375, 7.84
2376, 7.7
2377, 7.27
2378, 7.41
2379, 7.3494
2380, 7.47
2381, 7.41
2382, 7.34
2383, 7.3
2384, 7.4
2385, 7.35
2386, 7.31
2387, 7.15
2388, 7.22
2389, 7.1
2390, 7.14
2391, 7.1895
2392, 7.21
2393, 7.1
2394, 7.17
2395, 7.29
2396, 7.31
2397, 7.33
2398, 7.2601
2399, 7.27
2400, 7.35
2401, 7.5
2402, 7.48
2403, 7.36
2404, 7.33
2405, 7.32
2406, 7.3138
2407, 7.28
2408, 7.26
2409, 7.4
2410, 7.4508
2411, 7.3575
2412, 7.34
2413, 7.3391
2414, 7.34
2415, 7.2673
2416, 7.3199
2417, 7.21
2418, 7.26
2419, 7.35
2420, 7.33
2421, 7.29
2422, 7.13
2423, 6.96
2424, 7.1765
2425, 7.22
2426, 7.31
2427, 7.31
2428, 7.35
2429, 7.2912
2430, 7.2219
2431, 7.315
2432, 7.255
2433, 7.27
2434, 7.38
2435, 7.3006
2436, 7.348
2437, 7.31
2438, 7.3081
2439, 7.3
2440, 7.37
2441, 7.38
2442, 7.38
2443, 7.3647
2444, 7.41
2445, 7.38
2446, 7.48
2447, 7.4101
2448, 7.4498
2449, 7.497
2450, 7.43
2451, 7.47
2452, 7.48
2453, 7.47
2454, 7.5
2455, 7.52
2456, 7.59
2457, 7.6705
2458, 7.68
2459, 7.67
2460, 7.79
2461, 7.8316
2462, 7.76
2463, 7.75
2464, 7.69
2465, 7.7
2466, 7.71
2467, 7.71
2468, 7.61
2469, 7.68
2470, 7.7085
2471, 7.915
2472, 7.58
2473, 7.68
2474, 7.5806
2475, 7.68
2476, 7.55
2477, 7.54
2478, 7.577
2479, 7.79
2480, 7.73
2481, 7.73
2482, 7.8079
2483, 7.795
2484, 7.8
2485, 7.7007
2486, 7.76
2487, 7.7125
2488, 7.794
2489, 7.78
2490, 7.81
2491, 7.8101
2492, 7.8
2493, 7.9
2494, 7.9
2495, 7.91
2496, 7.94
2497, 7.96
2498, 7.9756
2499, 7.94
2500, 7.9
2501, 7.9424
2502, 7.85
2503, 7.9
2504, 7.84
2505, 7.65
2506, 7.7771
2507, 7.76
2508, 7.8076
2509, 7.86
2510, 7.88
2511, 7.83
2512, 7.8195
2513, 7.93
2514, 7.9389
2515, 7.93
2516, 7.9488
2517, 7.8916
2518, 7.93
2519, 7.9291
2520, 7.99
2521, 7.99
2522, 7.9501
2523, 8.2
2524, 8.0001
2525, 8.0506
2526, 8.01
2527, 8.0101
2528, 8.01
2529, 7.93
2530, 7.87
2531, 7.92
2532, 7.92
2533, 7.91
2534, 7.9292
2535, 7.89
2536, 7.8596
2537, 7.76
2538, 7.8
2539, 7.783
2540, 7.8
2541, 7.7973
2542, 7.7
2543, 7.76
2544, 7.75
2545, 7.725
2546, 7.7954
2547, 7.79
2548, 7.79
2549, 7.85
2550, 7.87
2551, 7.88
2552, 7.9501
2553, 7.9612
2554, 7.98
2555, 7.85
2556, 7.9
2557, 7.8737
2558, 7.9137
2559, 7.93
2560, 7.97
2561, 8.0
2562, 8.04
2563, 8.0
2564, 8.03
2565, 8.09
2566, 8.25
2567, 8.29
2568, 8.363
2569, 8.23
2570, 8.275
2571, 8.3
2572, 8.26
2573, 8.16
2574, 8.17
2575, 8.14
2576, 8.19
2577, 8.2465
2578, 8.2
2579, 8.21
2580, 8.2099
2581, 8.1764
2582, 8.17
2583, 8.1399
2584, 8.2
2585, 8.04
2586, 8.0799
