0, 398580
1, 433674
2, 418881
3, 426695
4, 425221
5, 425221
6, 425221
7, 436093
8, 447479
9, 467845
10, 450174
11, 418160
12, 438340
13, 404851
14, 404851
15, 404851
16, 404851
17, 457222
18, 430872
19, 389162
20, 389162
21, 399806
22, 377887
23, 377887
24, 377887
25, 378650
26, 433950
27, 413276
28, 160346
29, 160346
30, 253911
31, 230280
32, 162669
33, 215776
34, 196662
35, 221884
36, 244829
37, 289215
38, 313028
39, 259878
40, 259878
41, 228841
42, 212092
43, 178503
44, 195142
45, 170917
46, 152060
47, 123299
48, 113294
49, 122124
50, 95476
51, 112122
52, 142633
53, 131757
54, 118197
55, 154956
56, 170409
57, 178710
58, 194620
59, 200037
60, 216611
61, 216611
62, 196433
63, 172201
64, 151781
65, 132743
66, 141792
67, 138938
68, 146206
69, 133816
70, 191543
71, 163762
72, 189430
73, 215754
74, 191689
75, 176821
76, 165814
77, 212053
78, 232834
79, 212252
80, 246254
81, 191562
82, 227910
83, 264040
84, 228356
85, 188978
86, 231955
87, 199871
88, 127842
89, 93763
90, 99375
91, 81881
92, 59796
93, 79442
94, -56222
95, -14836
96, 56572
97, 83314
98, 106130
99, 80554
100, 49739
101, -26477
102, 55209
103, 106764
104, 40476
105, -27608
106, 12597
107, 48017
108, 48017
109, 71645
110, 21286
111, -33681
112, 23097
113, 66469
114, -7088
115, 22923
116, 86569
117, -8832
118, 102029
119, 36162
120, -19540
121, 23504
122, 71034
123, -130800
124, -60660
125, -49575
126, -174131
127, -174131
128, -288659
129, -571593
130, -554755
131, -593178
132, -519739
133, -489222
134, -460256
135, -435539
136, -476641
137, -516640
138, -486017
139, -476417
140, -555483
141, -526690
142, -488709
143, -438834
144, -393788
145, -444403
146, -406765
147, -406765
148, -443502
149, -469521
150, -500023
151, -522215
152, -492174
153, -549526
154, -534153
155, -525028
156, -512973
157, -495559
158, -465711
159, -496582
160, -526466
161, -494653
162, -477134
163, -510504
164, -494028
165, -468354
166, -497706
167, -462559
168, -421038
169, -379790
170, -440585
171, -421123
172, -398482
173, -292246
174, -377295
175, -398323
176, -415219
177, -383276
178, -383276
179, -413305
180, -371979
181, -351582
182, -276069
183, -304495
184, -285275
185, -249079
186, -187263
187, -107736
188, -41599
189, -1957
190, -157569
191, -213458
192, -246227
193, -226778
194, -157416
195, -115902
196, -100856
197, -59550
198, -41882
199, -15366
200, -73077
201, -82859
202, -106541
203, -85640
204, -127330
205, -90758
206, -50483
207, -76759
208, -163366
209, -249949
210, -342861
211, -390781
212, -363777
213, -347141
214, -365791
215, -365791
216, -412261
217, -389521
218, -376068
219, -338452
220, -303640
221, -257509
222, -257509
223, -281023
224, -157009
225, -200478
226, -184390
227, -224528
228, -204697
229, -161337
230, -74671
231, -40282
232, -66962
233, -43885
234, -17845
235, 3329
236, -14198
237, 3750
238, -27067
239, -12355
240, 30585
241, 69478
242, 51724
243, 29068
244, -31338
245, -49139
246, -16313
247, 13780
248, 46649
249, 20456
250, 42066
251, 116991
252, 145126
253, 98326
254, 117958
255, 96307
256, 127838
257, 191307
258, 232730
259, 180661
260, 128543
261, 7634
262, 53278
263, 79195
264, 105394
265, 77598
266, 135560
267, 170441
268, 118016
269, 134677
270, 183569
271, 145903
272, 104404
273, 118624
274, 105113
275, 85111
276, 114257
277, 51267
278, 19051
279, 74559
280, 90833
281, 101990
282, 119453
283, 47059
284, 101047
285, 87393
286, 9570
287, 48093
288, 87554
289, 87554
290, 119629
291, 138185
292, 197835
293, 197835
294, 236264
295, 257406
296, 220148
297, 265720
298, 286203
299, 316043
300, 329116
301, 356813
302, 314023
303, 347843
304, 327046
305, 285522
306, 323551
307, 283571
308, 255019
309, 262745
310, 298078
311, 244469
312, 199131
313, 187617
314, 149329
315, 209564
316, 188008
317, 138063
318, 158427
319, 188011
320, 163735
321, 187615
322, 205905
323, 231194
324, 279585
325, 263862
326, 258184
327, 234041
328, 209960
329, 173225
330, 173225
331, 208226
332, 230530
333, 214539
334, 225847
335, 201780
336, 236435
337, 264292
338, 252096
339, 275171
340, 288270
341, 298098
342, 329711
343, 296877
344, 312286
345, 326961
346, 313633
347, 337820
348, 317714
349, 282943
350, 253726
351, 216870
352, 235805
353, 213163
354, 178252
355, 161932
356, 76579
357, 138981
358, 176592
359, 165732
360, 143998
361, 182789
362, 147223
363, 125227
364, 158419
365, 133980
366, 102270
367, 128750
368, 157567
369, 111599
370, 40261
371, 94520
372, 133790
373, 178586
374, 149437
375, 182304
376, 240458
377, 259590
378, 202868
379, 119678
380, 63725
381, -3356
382, 21191
383, -9440
384, 4868
385, 25511
386, 56442
387, 72051
388, 54938
389, 106240
390, 80945
391, 56696
392, 83423
393, 63429
394, 79839
395, 102771
396, 117996
397, 145573
398, 127784
399, 153171
400, 179174
401, 161410
402, 183342
403, 227064
404, 240333
405, 261322
406, 245721
407, 224408
408, 242182
409, 258238
410, 321486
411, 339282
412, 321474
413, 345793
414, 359082
415, 377937
416, 398296
417, 363659
418, 392580
419, 374269
420, 299081
421, 336430
422, 300893
423, 347842
424, 347842
425, 313862
426, 336689
427, 307119
428, 316767
429, 334906
430, 342364
431, 355355
432, 385326
433, 405135
434, 381849
435, 395226
436, 386350
437, 399985
438, 422626
439, 457617
440, 465202
441, 490543
442, 524634
443, 562584
444, 554612
445, 539302
446, 550587
447, 571557
448, 550872
449, 540455
450, 516457
451, 490416
452, 472564
453, 481261
454, 472326
455, 450616
456, 435300
457, 419417
458, 437415
459, 470219
460, 470219
461, 482983
462, 416096
463, 459876
464, 482471
465, 502767
466, 587138
467, 576713
468, 554021
469, 572019
470, 606864
471, 585109
472, 600054
473, 588655
474, 569459
475, 590865
476, 619236
477, 633041
478, 646465
479, 633548
480, 650135
481, 643805
482, 629807
483, 639683
484, 684515
485, 703728
486, 687771
487, 687771
488, 725383
489, 742607
490, 756880
491, 769647
492, 787514
493, 781985
494, 758237
495, 779097
496, 750446
497, 770422
498, 792161
499, 834633
500, 820516
501, 855196
502, 839365
503, 827676
504, 798274
505, 768358
506, 809069
507, 817991
508, 829680
509, 819878
510, 824650
511, 822262
512, 830431
513, 842773
514, 829244
515, 838702
516, 828978
517, 824366
518, 817133
519, 789581
520, 772878
521, 778611
522, 768512
523, 789577
524, 771004
525, 762777
526, 774745
527, 774745
528, 780615
529, 756308
530, 791336
531, 744413
532, 693553
533, 644936
534, 667958
535, 727181
536, 745359
537, 668080
538, 609968
539, 713952
540, 647431
541, 596118
542, 568668
543, 518838
544, 552589
545, 656822
546, 691569
547, 665727
548, 593397
549, 634325
550, 721617
551, 748447
552, 754506
553, 741026
554, 835246
555, 862822
556, 901550
557, 901550
558, 919689
559, 877282
560, 907659
561, 923961
562, 910353
563, 1003867
564, 1063921
565, 1049523
566, 1029792
567, 1006932
568, 1017717
569, 1039656
570, 1034385
571, 1018205
572, 1006555
573, 1013788
574, 1042467
575, 1063790
576, 1077274
577, 1056700
578, 1044310
579, 1029005
580, 1011273
581, 1033623
582, 1042003
583, 1055562
584, 1074509
585, 1087870
586, 1098556
587, 1121878
588, 1100864
589, 1120419
590, 1127339
591, 1116530
592, 1129880
593, 1144090
594, 1173101
595, 1163139
596, 1163139
597, 1133898
598, 1108261
599, 1095382
600, 1082982
601, 1059993
602, 1093576
603, 1072396
604, 1050729
605, 1078415
606, 1019798
607, 988747
608, 1005538
609, 1005538
610, 1019859
611, 980742
612, 1030367
613, 1009508
614, 972868
615, 1024385
616, 977082
617, 963135
618, 980468
619, 959406
620, 915111
621, 889923
622, 941557
623, 1025330
624, 1100801
625, 1070228
626, 997045
627, 1018220
628, 1055171
629, 1065184
630, 1020684
631, 1064952
632, 1129863
633, 1070969
634, 1025405
635, 983502
636, 965190
637, 949578
638, 938321
639, 928179
640, 906720
641, 873713
642, 850208
643, 844429
644, 800200
645, 751685
646, 775317
647, 791137
648, 849865
649, 883410
650, 914179
651, 927247
652, 945217
653, 887068
654, 940374
655, 912209
656, 892362
657, 971636
658, 928708
659, 911725
660, 953540
661, 930672
662, 907606
663, 923954
664, 935545
665, 912393
666, 928086
667, 912224
668, 943811
669, 975857
670, 991085
671, 974934
672, 963784
673, 976244
674, 985971
675, 999791
676, 1008208
677, 993915
678, 1006022
679, 988483
680, 977009
681, 1001826
682, 1010907
683, 1022056
684, 1034176
685, 1053557
686, 1061262
687, 1046006
688, 1060958
689, 1072089
690, 1085545
691, 1076251
692, 1095126
693, 1125492
694, 1098837
695, 1107065
696, 1095812
697, 1082323
698, 1069835
699, 1047950
700, 1069890
701, 1090010
702, 1059515
703, 1085019
704, 1099297
705, 1077834
706, 1104998
707, 1066895
708, 1082519
709, 1103186
710, 1124359
711, 1148573
712, 1195492
713, 1176099
714, 1147866
715, 1085869
716, 1085869
717, 1057748
718, 1057748
719, 1080837
720, 1112008
721, 1137014
722, 1154539
723, 1131270
724, 1161043
725, 1210073
726, 1234436
727, 1269366
728, 1237791
729, 1270390
730, 1296654
731, 1339210
732, 1298687
733, 1316051
734, 1301514
735, 1318253
736, 1280991
737, 1321771
738, 1279961
739, 1314857
740, 1373982
741, 1330375
742, 1347578
743, 1416939
744, 1503735
745, 1474440
746, 1442443
747, 1404117
748, 1431481
749, 1458450
750, 1406298
751, 1384674
752, 1395994
753, 1423427
754, 1398760
755, 1372496
756, 1356082
757, 1400488
758, 1356875
759, 1305755
760, 1366307
761, 1409397
762, 1445592
763, 1471864
764, 1443306
765, 1411041
766, 1374450
767, 1419197
768, 1399259
769, 1374356
770, 1406186
771, 1437387
772, 1476634
773, 1439136
774, 1462405
775, 1401262
776, 1436162
777, 1483556
778, 1529844
779, 1561998
780, 1520353
781, 1547138
782, 1524721
783, 1491536
784, 1474185
785, 1498908
786, 1473608
787, 1516030
788, 1538356
789, 1574357
790, 1611413
791, 1585588
792, 1572618
793, 1558424
794, 1575937
795, 1549670
796, 1572666
797, 1599565
798, 1623274
799, 1648077
800, 1681159
801, 1639058
802, 1610314
803, 1626369
804, 1596492
805, 1623092
806, 1653888
807, 1604047
808, 1592551
809, 1618433
810, 1583681
811, 1561042
812, 1545426
813, 1545426
814, 1560858
815, 1589944
816, 1618371
817, 1624274
818, 1608884
819, 1581432
820, 1598484
821, 1564532
822, 1530733
823, 1544488
824, 1563693
825, 1544525
826, 1528591
827, 1552552
828, 1532184
829, 1546146
830, 1534057
831, 1534057
832, 1537561
833, 1513959
834, 1524417
835, 1531232
836, 1520255
837, 1530807
838, 1537336
839, 1552855
840, 1540485
841, 1509094
842, 1541199
843, 1528376
844, 1504899
845, 1500107
846, 1366956
847, 1366956
848, 1333072
849, 1357260
850, 1318571
851, 1291611
852, 1252564
853, 1209687
854, 1267985
855, 1300979
856, 1300979
857, 1270681
858, 1312509
859, 1334170
860, 1353723
861, 1355647
862, 1344565
863, 1331945
864, 1352852
865, 1352852
866, 1370904
867, 1406589
868, 1431991
869, 1456626
870, 1442198
871, 1413950
872, 1374750
873, 1330643
874, 1312774
875, 1350834
876, 1378801
877, 1486634
878, 1452098
879, 1475342
880, 1506248
881, 1489304
882, 1456976
883, 1434499
884, 1459310
885, 1518476
886, 1490329
887, 1505848
888, 1564654
889, 1581111
890, 1635373
891, 1681218
892, 1726434
893, 1752877
894, 1752877
895, 1786980
896, 1769041
897, 1794976
898, 1775673
899, 1801004
900, 1765626
901, 1796074
902, 1820610
903, 1820610
904, 1793295
905, 1831218
906, 1807657
907, 1789708
908, 1824774
909, 1793573
910, 1761883
911, 1743250
912, 1770638
913, 1749935
914, 1690058
915, 1744168
916, 1708952
917, 1728487
918, 1749245
919, 1772361
920, 1727053
921, 1689006
922, 1722999
923, 1722999
924, 1696965
925, 1657821
926, 1639057
927, 1624140
928, 1640740
929, 1668044
930, 1634794
931, 1568518
932, 1587890
933, 1606750
934, 1567949
935, 1609088
936, 1624911
937, 1647175
938, 1676222
939, 1664959
940, 1677592
941, 1656867
942, 1643978
943, 1660276
944, 1678293
945, 1661412
946, 1650018
947, 1614124
948, 1643674
949, 1663738
950, 1653796
951, 1628663
952, 1628663
953, 1683687
954, 1664207
955, 1647710
956, 1636646
957, 1650650
958, 1631487
959, 1643542
960, 1653606
961, 1636523
962, 1665347
963, 1634281
964, 1624372
965, 1634254
966, 1607739
967, 1568124
968, 1536904
969, 1525221
970, 1565187
971, 1584152
972, 1600106
973, 1628320
974, 1610952
975, 1600362
976, 1586242
977, 1560698
978, 1582307
979, 1558688
980, 1570566
981, 1544983
982, 1567777
983, 1537477
984, 1556032
985, 1543580
986, 1524229
987, 1511957
988, 1499875
989, 1516495
990, 1526899
991, 1500024
992, 1482099
993, 1496950
994, 1444867
995, 1465056
996, 1476519
997, 1483773
998, 1495591
999, 1485814
1000, 1469454
1001, 1483496
1002, 1461821
1003, 1431676
1004, 1479177
1005, 1444896
1006, 1474645
1007, 1440120
1008, 1429160
1009, 1410934
1010, 1426726
1011, 1433712
1012, 1405852
1013, 1421505
1014, 1385502
1015, 1363323
1016, 1386141
1017, 1367210
1018, 1348997
1019, 1330451
1020, 1296908
1021, 1320826
1022, 1342514
1023, 1328359
1024, 1340787
1025, 1360749
1026, 1347666
1027, 1362341
1028, 1351959
1029, 1369856
1030, 1407101
1031, 1420806
1032, 1439341
1033, 1468738
1034, 1492661
1035, 1521930
1036, 1501682
1037, 1533037
1038, 1509620
1039, 1469690
1040, 1523526
1041, 1461504
1042, 1447377
1043, 1473682
1044, 1500101
1045, 1484141
1046, 1500699
1047, 1500699
1048, 1500699
1049, 1512909
1050, 1498913
1051, 1482364
1052, 1496418
1053, 1476834
1054, 1491614
1055, 1475476
1056, 1463286
1057, 1450179
1058, 1460260
1059, 1431267
1060, 1408041
1061, 1441987
1062, 1405813
1063, 1390674
1064, 1390674
1065, 1416552
1066, 1443815
1067, 1418726
1068, 1444345
1069, 1418146
1070, 1461607
1071, 1424348
1072, 1447395
1073, 1415706
1074, 1391473
1075, 1357125
1076, 1375604
1077, 1395914
1078, 1409176
1079, 1391837
1080, 1391837
1081, 1380587
1082, 1405134
1083, 1392112
1084, 1449328
1085, 1413346
1086, 1390239
1087, 1358319
1088, 1370455
1089, 1395049
1090, 1381783
1091, 1353992
1092, 1327316
1093, 1310972
1094, 1329734
1095, 1296011
1096, 1272152
1097, 1284953
1098, 1272933
1099, 1287755
1100, 1287755
1101, 1271042
1102, 1301268
1103, 1325221
