15.0, 73.22033898305082
16.0, 86.11111111111107
17.0, 90.0826446280991
18.0, 80.23715415019761
19.0, 62.33766233766239
20.0, 57.97101449275361
21.0, 42.727272727272705
22.0, 47.4999999999999
23.0, 39.14728682170548
24.0, 42.5101214574899
25.0, 39.23076923076916
26.0, 39.23076923076916
27.0, 39.23076923076916
28.0, 36.42857142857142
29.0, 33.333333333333215
30.0, 33.788395904436896
31.0, 44.09221902017295
32.0, 48.78048780487807
33.0, 59.70149253731336
34.0, 56.62650602409635
35.0, 59.504132231404974
36.0, 47.71573604060924
37.0, 51.36612021857916
38.0, 49.45054945054937
39.0, 40.72398190045257
40.0, 32.37410071942452
41.0, 30.927835051546424
42.0, 39.10034602076128
43.0, 37.171052631578995
44.0, 37.78501628664488
45.0, 39.93710691823898
46.0, 38.21656050955411
47.0, 54.4794188861986
48.0, 40.11857707509886
49.0, 45.00907441016337
50.0, 43.43257443082313
51.0, 45.84070796460178
52.0, 43.89830508474578
53.0, 46.08540925266903
54.0, 46.00355239786854
55.0, 50.08576329331047
56.0, 50.42589437819421
57.0, 50.254668930390466
58.0, 52.66558966074314
59.0, 42.41435562805875
60.0, 38.291605301914615
61.0, 25.326797385620935
62.0, 30.511811023622073
63.0, 34.750462107208875
64.0, 43.64261168384879
65.0, 42.482517482517494
66.0, 40.03294892915981
67.0, 39.51219512195124
68.0, 46.18055555555558
69.0, 45.709281961471085
70.0, 54.2772861356932
71.0, 52.05091937765208
72.0, 46.62921348314605
73.0, 50.37936267071321
74.0, 60.1851851851852
75.0, 68.75000000000003
76.0, 62.45161290322582
77.0, 57.32574679943102
78.0, 48.35007173601147
79.0, 54.78589420654911
80.0, 68.06903991370012
81.0, 70.66069428891379
82.0, 65.0963597430407
83.0, 59.00305188199389
84.0, 49.50055493895673
85.0, 49.281767955801094
86.0, 55.72033898305085
87.0, 51.51811949069538
88.0, 48.81075491209928
89.0, 42.71186440677967
90.0, 56.4994882292733
91.0, 58.48303393213571
92.0, 58.19265143992057
93.0, 48.897795591182366
94.0, 35.4368932038835
95.0, 36.78571428571427
96.0, 39.974293059125955
97.0, 46.35488308115542
98.0, 49.92592592592589
99.0, 53.23854660347551
100.0, 48.61111111111108
101.0, 58.34970530451869
102.0, 59.924385633270376
103.0, 55.32286212914485
104.0, 35.74999999999994
105.0, 37.0098039215686
106.0, 42.17877094972063
107.0, 43.390804597701134
108.0, 44.9404761904762
109.0, 38.28571428571428
110.0, 36.8715083798883
111.0, 40.05305039787803
112.0, 37.750000000000036
113.0, 37.6558603491272
114.0, 51.8304431599229
115.0, 42.424242424242394
116.0, 37.999999999999964
117.0, 39.04109589041093
118.0, 37.133550488599326
119.0, 34.353741496598644
120.0, 34.52991452991452
121.0, 41.312741312741316
122.0, 41.15384615384613
123.0, 41.55339805825241
124.0, 37.67605633802815
125.0, 32.69961977186311
126.0, 40.574506283662465
127.0, 44.262295081967224
128.0, 25.54744525547447
129.0, 30.259365994236347
130.0, 28.610354223433248
131.0, 29.329608938547494
132.0, 29.957203994293863
133.0, 38.930348258706466
134.0, 37.52997601918467
135.0, 42.367256637168126
136.0, 41.721132897603475
137.0, 51.50602409638556
138.0, 61.61290322580647
139.0, 51.545454545454525
140.0, 47.745098039215684
141.0, 47.01789264413519
142.0, 43.320964749536195
143.0, 50.710479573712234
144.0, 55.11583011583008
145.0, 64.27304964539005
146.0, 67.95679567956793
147.0, 62.2489959839357
148.0, 65.81740976645429
149.0, 63.492063492063465
150.0, 55.118110236220495
151.0, 43.43434343434343
152.0, 44.0
153.0, 47.61904761904764
154.0, 48.51063829787234
155.0, 46.88172043010754
156.0, 49.09909909909912
157.0, 48.51936218678817
158.0, 49.88662131519277
159.0, 49.19540229885061
160.0, 49.19540229885057
161.0, 57.287449392712574
162.0, 59.57854406130268
163.0, 61.91335740072203
164.0, 68.05555555555556
165.0, 77.52577319587634
166.0, 67.65873015873021
167.0, 65.83011583011586
168.0, 66.79174484052537
169.0, 65.80406654343804
170.0, 68.78504672897193
171.0, 65.91836734693875
172.0, 60.536398467432925
173.0, 49.09819639278554
174.0, 42.51386321626619
175.0, 38.779527559055104
176.0, 37.044534412955485
177.0, 27.57201646090536
178.0, 29.193899782135077
179.0, 24.24242424242422
180.0, 26.666666666666643
181.0, 29.71428571428568
182.0, 20.67901234567897
183.0, 64.37956204379564
184.0, 60.67892503536066
185.0, 54.74358974358973
186.0, 55.74412532637078
187.0, 58.81542699724519
188.0, 64.20118343195264
189.0, 59.31445603576751
190.0, 60.262008733624455
191.0, 64.47166921898926
192.0, 65.06955177743433
193.0, 65.75757575757575
194.0, 70.19774011299435
195.0, 70.697012802276
196.0, 74.60937500000003
197.0, 47.83653846153846
198.0, 52.467532467532536
199.0, 66.56346749226016
200.0, 72.14765100671146
201.0, 72.88135593220356
202.0, 75.15527950310573
203.0, 79.605263157895
204.0, 67.73162939297139
205.0, 67.93650793650806
206.0, 72.00000000000013
207.0, 59.445843828715404
208.0, 55.40166204986153
209.0, 57.97101449275361
210.0, 49.65277777777772
211.0, 42.43323442136498
212.0, 43.27485380116954
213.0, 55.606407322654505
214.0, 56.306306306306354
215.0, 53.533190578158454
216.0, 57.02970297029705
217.0, 65.27659574468086
218.0, 63.70431893687706
219.0, 64.98397435897438
220.0, 58.70607028753996
221.0, 67.14285714285715
222.0, 66.23488773747843
223.0, 58.19423368740513
224.0, 55.479452054794564
225.0, 62.09540034071543
226.0, 62.22410865874358
227.0, 52.6476578411405
228.0, 54.41176470588236
229.0, 57.92181069958848
230.0, 47.72209567198183
231.0, 31.622746185853032
232.0, 41.6918429003022
233.0, 27.020202020202092
234.0, 29.39560439560448
235.0, 20.775623268698297
236.0, 18.233618233618344
237.0, 22.145328719723338
238.0, 20.06269592476501
239.0, 19.33534743202432
240.0, 23.71428571428588
241.0, 26.361031518624713
242.0, 21.406727828746128
243.0, 43.886462882096055
244.0, 46.66666666666668
245.0, 59.813084112149504
246.0, 57.475728155339766
247.0, 65.92427616926506
248.0, 68.54663774403467
249.0, 75.31914893617031
250.0, 73.14049586776866
251.0, 76.55913978494631
252.0, 87.24279835390955
253.0, 88.88888888888897
254.0, 88.69936034115148
255.0, 88.69936034115149
256.0, 90.01883239171384
257.0, 83.45498783455
258.0, 83.57487922705323
259.0, 73.8709677419357
260.0, 59.02061855670111
261.0, 65.22911051212941
262.0, 59.35828877005356
263.0, 54.11764705882357
264.0, 53.958944281524886
265.0, 48.275862068965566
266.0, 36.53846153846152
267.0, 37.41935483870958
268.0, 30.25477707006354
269.0, 24.293785310734236
270.0, 16.510903426791018
271.0, 26.453488372092906
272.0, 22.16494845360816
273.0, 28.465346534653364
274.0, 31.855955678670256
275.0, 39.999999999999964
276.0, 32.734530938123726
277.0, 41.7322834645669
278.0, 45.15570934256058
279.0, 49.54792043399634
280.0, 38.9204545454545
281.0, 47.68856447688567
282.0, 52.57611241217801
283.0, 56.58536585365853
284.0, 52.305825242718456
285.0, 47.34939759036142
286.0, 51.25628140703519
287.0, 50.94816687737041
288.0, 58.25358851674643
289.0, 49.53379953379954
290.0, 57.04697986577179
291.0, 46.952444742129956
292.0, 42.81984334203654
293.0, 38.650306748466306
294.0, 51.12994350282489
295.0, 53.743315508021404
296.0, 44.28754813863928
297.0, 42.199488491048605
298.0, 46.31306597671411
299.0, 46.31306597671411
300.0, 40.30552291421854
301.0, 45.05137912385074
302.0, 36.985539488320356
303.0, 41.44417475728158
304.0, 45.34619750283769
305.0, 52.40610328638496
306.0, 56.0459492140266
307.0, 53.958090803259594
308.0, 51.3530135301353
309.0, 43.66096866096867
310.0, 50.32310177705977
311.0, 47.996918335901405
312.0, 47.51166407465008
313.0, 57.83045977011498
314.0, 66.74958540630186
315.0, 58.48513902205176
316.0, 63.67432150313157
317.0, 62.8450106157113
318.0, 56.9377990430622
319.0, 49.739583333333385
320.0, 45.78947368421051
321.0, 65.10903426791279
322.0, 63.2218844984802
323.0, 52.47524752475246
324.0, 50.32679738562097
325.0, 54.03508771929819
326.0, 59.19003115264792
327.0, 40.43478260869569
328.0, 42.436974789915965
329.0, 50.0
330.0, 54.34782608695658
331.0, 44.64285714285708
332.0, 46.043165467625926
333.0, 49.259259259259146
334.0, 49.62686567164173
335.0, 45.34412955465579
336.0, 34.99999999999997
337.0, 30.352303523035175
338.0, 51.83752417794969
339.0, 29.03575297941495
340.0, 28.95878524945772
341.0, 30.1399354144241
342.0, 28.070175438596493
343.0, 24.681684622918738
344.0, 29.51420714940423
345.0, 31.160115052732507
346.0, 32.83442469597756
347.0, 30.892857142857167
348.0, 29.44680851063832
349.0, 33.09120258272803
350.0, 36.31713554987214
351.0, 37.108013937282244
352.0, 25.116279069767458
353.0, 43.20610687022901
354.0, 34.9304482225657
355.0, 35.230769230769255
356.0, 41.16719242902208
357.0, 45.15570934256057
358.0, 39.388145315487584
359.0, 40.858208955223915
360.0, 33.15881326352533
361.0, 37.59541984732823
362.0, 50.2857142857143
363.0, 41.74107142857145
364.0, 38.25503355704697
365.0, 42.326732673267315
366.0, 56.268221574344025
367.0, 52.631578947368475
368.0, 62.828947368421076
369.0, 60.344827586206925
370.0, 55.59845559845559
371.0, 45.14106583072101
372.0, 38.81987577639747
373.0, 31.594202898550662
374.0, 36.092715231788056
375.0, 29.05982905982907
376.0, 10.97178683385576
377.0, 21.54696132596675
378.0, 46.2
379.0, 45.11718749999999
380.0, 44.46640316205534
381.0, 46.94280078895461
382.0, 48.36852207293665
383.0, 49.812030075187934
384.0, 46.891651865008896
385.0, 53.87755102040816
386.0, 53.22580645161291
387.0, 57.51633986928107
388.0, 55.46218487394958
389.0, 61.97183098591551
390.0, 68.3291770573566
391.0, 58.97435897435896
392.0, 25.752508361204008
393.0, 26.92307692307692
394.0, 27.93103448275859
395.0, 40.96045197740112
396.0, 39.595375722543366
397.0, 45.43080939947784
398.0, 44.38775510204081
399.0, 42.13075060532686
400.0, 51.270207852193984
401.0, 49.77578475336323
402.0, 53.623188405797066
403.0, 57.43707093821512
404.0, 56.64335664335664
405.0, 56.90866510538641
406.0, 71.29411764705875
407.0, 66.88741721854302
408.0, 66.06334841628959
409.0, 62.593516209476306
410.0, 65.27777777777776
411.0, 53.45622119815668
412.0, 56.862745098039184
413.0, 49.15254237288138
414.0, 41.25560538116596
415.0, 39.400428265524624
416.0, 40.73275862068968
417.0, 39.42731277533041
418.0, 43.99185336048881
419.0, 51.29740518962078
420.0, 49.37759336099587
421.0, 57.569721115537824
422.0, 58.72093023255812
423.0, 62.09964412811386
424.0, 51.36518771331058
425.0, 63.53677621283254
426.0, 57.42574257425742
427.0, 64.85623003194885
428.0, 62.461538461538424
429.0, 69.81132075471697
430.0, 63.97849462365592
431.0, 61.014686248331095
432.0, 58.13630041724616
433.0, 50.604026845637584
434.0, 50.135501355013545
435.0, 46.031746031746025
436.0, 43.46549192364171
437.0, 34.91027732463294
438.0, 37.943262411347526
439.0, 31.773879142300174
440.0, 50.3717472118959
441.0, 46.80483592400689
442.0, 51.48148148148148
443.0, 43.00847457627118
444.0, 47.76470588235292
445.0, 46.66666666666667
446.0, 54.20944558521561
447.0, 66.87898089171975
448.0, 66.66666666666666
449.0, 63.28600405679517
450.0, 55.417406749555944
451.0, 53.97923875432527
452.0, 49.211356466876964
453.0, 41.41252006420545
454.0, 42.338072669826225
455.0, 48.287112561174574
456.0, 44.59876543209877
457.0, 49.92887624466573
458.0, 48.480662983425425
459.0, 50.722543352601164
460.0, 49.630723781388475
461.0, 39.80446927374301
462.0, 35.425383542538356
463.0, 37.481910274963816
464.0, 41.97730956239871
465.0, 45.61983471074383
466.0, 53.95948434622467
467.0, 64.12478336221835
468.0, 59.17159763313609
469.0, 57.05394190871369
470.0, 55.555555555555564
471.0, 48.63013698630136
472.0, 43.29268292682926
473.0, 42.43027888446213
474.0, 39.791666666666714
475.0, 50.12531328320804
476.0, 43.38394793926249
477.0, 53.475935828877006
478.0, 58.56443719412724
479.0, 58.29228243021344
480.0, 57.16694772344014
481.0, 51.05973025048169
482.0, 43.22709163346614
483.0, 47.026022304832715
484.0, 50.099009900990076
485.0, 51.473477406679784
486.0, 63.86363636363633
487.0, 63.574660633484136
488.0, 46.7272727272727
489.0, 48.776223776223766
490.0, 54.069767441860435
491.0, 47.9120879120879
492.0, 40.89775561097258
493.0, 35.86698337292164
494.0, 37.35498839907197
495.0, 35.990888382687984
496.0, 39.17274939172755
497.0, 30.423940149626034
498.0, 34.93670886075958
499.0, 31.85185185185189
500.0, 27.568922305764502
501.0, 36.78160919540236
502.0, 52.287581699346404
503.0, 44.48275862068968
504.0, 37.06896551724144
505.0, 15.567765567765633
506.0, 13.840830449827038
507.0, 20.918367346938822
508.0, 18.270799347471467
509.0, 16.279069767441868
510.0, 15.055248618784532
511.0, 20.7036535859269
512.0, 18.073878627968313
513.0, 22.422680412371136
514.0, 23.704663212435236
515.0, 24.097938144329888
516.0, 26.196473551637283
517.0, 35.55304740406319
518.0, 48.814655172413794
519.0, 67.86206896551725
520.0, 59.92691839220463
521.0, 57.124681933842254
522.0, 61.26126126126126
523.0, 59.20398009950247
524.0, 61.738002594033716
525.0, 57.218543046357624
526.0, 64.66257668711657
527.0, 64.22360248447202
528.0, 64.31226765799255
529.0, 57.12530712530713
530.0, 56.21079046424089
531.0, 56.210790464240915
532.0, 51.25698324022347
533.0, 49.199417758369705
534.0, 51.21212121212121
535.0, 54.227405247813394
536.0, 52.193645990922846
537.0, 63.42342342342345
538.0, 64.69534050179213
539.0, 69.65888689407542
540.0, 64.27061310782241
541.0, 50.181159420289845
542.0, 46.503496503496514
543.0, 49.259259259259245
544.0, 49.259259259259274
545.0, 32.05645161290322
546.0, 20.647773279352222
547.0, 17.76061776061779
548.0, 21.29629629629632
549.0, 14.786967418546439
550.0, 12.114989733059602
551.0, 14.400000000000077
552.0, 19.850187265917683
553.0, 14.629629629629719
554.0, 17.383512544802926
555.0, 19.47791164658642
556.0, 28.015564202334673
557.0, 26.865671641791096
558.0, 36.36363636363635
559.0, 38.16013628620102
560.0, 42.644320297951595
561.0, 52.59515570934257
562.0, 50.75125208681135
563.0, 45.15648286140088
564.0, 51.35593220338983
565.0, 44.4270015698587
566.0, 36.75344563552832
567.0, 38.39999999999999
568.0, 34.933774834437074
569.0, 39.54703832752612
570.0, 33.89830508474576
571.0, 48.006932409012165
572.0, 46.61921708185054
573.0, 50.280373831775705
574.0, 52.15827338129498
575.0, 43.522267206477736
576.0, 47.9212253829322
577.0, 56.298200514138834
578.0, 59.64912280701752
579.0, 70.20648967551621
580.0, 64.67391304347822
581.0, 64.85013623978199
582.0, 69.59798994974875
583.0, 69.59798994974875
584.0, 68.05896805896808
585.0, 59.75232198142414
586.0, 52.727272727272755
587.0, 44.37299035369774
588.0, 40.95563139931741
589.0, 33.6134453781513
590.0, 50.21008403361344
591.0, 57.74134790528231
592.0, 63.17460317460318
593.0, 63.88443017656497
594.0, 72.36363636363637
595.0, 73.47670250896057
596.0, 73.61853832442067
597.0, 70.76648841354722
598.0, 66.72268907563024
599.0, 65.19524617996603
600.0, 64.59412780656302
601.0, 71.6287215411559
602.0, 72.7731092436975
603.0, 81.69811320754718
604.0, 75.42579075425793
605.0, 67.63848396501459
606.0, 44.00000000000001
607.0, 52.13675213675216
608.0, 46.212121212121204
609.0, 41.30434782608694
610.0, 29.7235023041475
611.0, 31.67848699763593
612.0, 56.238698010849916
613.0, 58.98778359511345
614.0, 62.339743589743584
615.0, 62.57961783439489
616.0, 57.852564102564116
617.0, 61.50306748466259
618.0, 63.02395209580838
619.0, 65.55232558139537
620.0, 66.71597633136098
621.0, 65.4377880184332
622.0, 70.76411960132894
623.0, 71.23745819398
624.0, 79.92700729927013
625.0, 75.96491228070181
626.0, 64.97461928934015
627.0, 58.86889460154242
628.0, 47.578347578347596
629.0, 24.474187380497085
630.0, 35.273368606701894
631.0, 32.66055045871556
632.0, 26.37729549248745
633.0, 21.512605042016745
634.0, 22.535211267605575
635.0, 29.48717948717946
636.0, 31.249999999999986
637.0, 34.894991922455546
638.0, 31.336405529953907
639.0, 43.08943089430894
640.0, 44.7957839262187
641.0, 47.694334650856405
642.0, 45.64943253467843
643.0, 63.08724832214763
644.0, 56.716417910447745
645.0, 61.46179401993354
646.0, 71.11517367458862
647.0, 72.57462686567163
648.0, 72.71028037383174
649.0, 69.06779661016947
650.0, 67.02127659574467
651.0, 67.57322175732214
652.0, 69.76241900647948
653.0, 52.911392405063296
654.0, 45.609756097561
655.0, 41.984732824427454
656.0, 49.253731343283576
657.0, 48.01223241590216
658.0, 48.75776397515531
659.0, 29.55465587044543
660.0, 27.19665271966531
661.0, 24.07407407407409
662.0, 39.35483870967743
663.0, 25.0
664.0, 22.294372294372295
665.0, 15.416666666666686
666.0, 26.078431372549034
667.0, 31.469979296066285
668.0, 40.12219959266804
669.0, 40.20408163265309
670.0, 46.435100548446094
671.0, 44.84629294755877
672.0, 54.01234567901235
673.0, 57.56240822320118
674.0, 56.929955290611026
675.0, 62.67281105990784
676.0, 51.46627565982404
677.0, 56.25000000000001
678.0, 62.257495590828924
679.0, 66.85606060606062
680.0, 60.995850622406614
681.0, 54.7808764940239
682.0, 49.89154013015183
683.0, 49.89154013015183
684.0, 44.47115384615384
685.0, 46.585365853658516
686.0, 28.434504792332262
687.0, 16.262975778546675
688.0, 20.132013201320206
689.0, 11.945392491467615
690.0, 16.0550458715597
691.0, 17.241379310344882
692.0, 12.359550561797818
693.0, 26.38436482084694
694.0, 25.391849529780615
695.0, 27.551020408163296
696.0, 41.45658263305322
697.0, 41.45658263305322
698.0, 42.73972602739724
699.0, 37.5
700.0, 35.1288056206089
701.0, 42.82560706401767
702.0, 38.57758620689653
703.0, 40.089086859688194
704.0, 39.82300884955751
705.0, 41.474654377880164
706.0, 49.46236559139781
707.0, 40.71856287425148
708.0, 41.46341463414631
709.0, 44.200626959247636
710.0, 26.71480144404336
711.0, 24.8322147651007
712.0, 21.95121951219518
713.0, 23.3333333333334
714.0, 39.44636678200693
715.0, 26.07076350093108
716.0, 24.56140350877193
717.0, 23.79310344827583
718.0, 23.076923076923038
719.0, 20.535714285714235
720.0, 17.24137931034481
721.0, 12.97405189620757
722.0, 13.842975206611541
723.0, 12.809917355371851
724.0, 17.11899791231734
725.0, 25.15090543259558
726.0, 25.30120481927709
727.0, 25.819672131147513
728.0, 17.123287671232873
729.0, 17.103762827822123
730.0, 18.656716417910445
731.0, 21.707317073170742
732.0, 22.87917737789205
733.0, 33.80681818181816
734.0, 48.77384196185287
735.0, 70.75098814229253
736.0, 64.13043478260872
737.0, 67.24738675958193
738.0, 53.894080996884746
739.0, 47.703180212014075
740.0, 40.453074433656944
741.0, 41.66666666666665
742.0, 40.192926045016065
743.0, 47.23127035830621
744.0, 53.29341317365268
745.0, 49.39759036144579
746.0, 50.45317220543803
747.0, 56.03217158176949
748.0, 43.56725146198826
749.0, 40.93406593406591
750.0, 41.50417827298048
751.0, 34.54545454545449
752.0, 43.10344827586205
753.0, 35.71428571428571
754.0, 37.37113402061855
755.0, 40.796019900497534
756.0, 30.540037243947864
757.0, 34.44639718804922
758.0, 47.09219858156028
759.0, 51.80240320427235
760.0, 52.24867724867725
761.0, 46.341463414634134
762.0, 52.479338842975224
763.0, 57.503506311360454
764.0, 57.10306406685236
765.0, 59.7667638483965
766.0, 59.70802919708028
767.0, 67.67830045523522
768.0, 71.82080924855492
769.0, 71.28129602356407
770.0, 91.25683060109289
771.0, 90.58823529411764
772.0, 87.23404255319149
773.0, 80.47337278106508
774.0, 81.08882521489971
775.0, 82.74853801169591
776.0, 83.92370572207085
777.0, 83.33333333333333
778.0, 91.0761154855643
779.0, 94.94736842105266
780.0, 89.32238193018487
781.0, 89.5372233400403
782.0, 84.36830835117777
783.0, 74.18738049713198
784.0, 71.20921305182344
785.0, 70.6457925636008
786.0, 70.7602339181287
787.0, 74.46808510638301
788.0, 62.97577854671282
789.0, 59.57446808510637
790.0, 50.44883303411132
791.0, 54.15282392026579
792.0, 47.322970639032825
793.0, 33.7972166998012
794.0, 35.12396694214874
795.0, 39.02912621359225
796.0, 46.139705882352956
797.0, 43.80453752181501
798.0, 36.271676300578044
799.0, 36.72883787661405
800.0, 37.71186440677965
801.0, 33.98058252427184
802.0, 39.00928792569658
803.0, 42.64943457189014
804.0, 43.78109452736318
805.0, 37.1794871794872
806.0, 34.348561759729265
807.0, 38.6712095400341
808.0, 38.023450586264666
809.0, 30.05671077504728
810.0, 28.155339805825264
811.0, 31.79824561403511
812.0, 44.342507645259936
813.0, 47.09302325581397
814.0, 42.946708463949875
815.0, 48.42105263157895
816.0, 42.810457516339916
817.0, 47.44744744744747
818.0, 52.35294117647059
819.0, 54.06976744186043
820.0, 71.1340206185567
821.0, 71.52542372881356
822.0, 81.89415041782732
823.0, 77.5956284153006
824.0, 75.59523809523813
825.0, 84.1269841269842
826.0, 70.10582010582014
827.0, 64.00000000000006
828.0, 68.67749419953601
829.0, 67.50572082379867
830.0, 65.121412803532
831.0, 65.19823788546256
832.0, 65.42669584245078
833.0, 57.73809523809525
834.0, 58.64077669902913
835.0, 56.26283367556467
836.0, 43.11512415349887
837.0, 38.66396761133602
838.0, 38.53955375253552
839.0, 43.151969981238274
840.0, 43.47826086956521
841.0, 46.10894941634239
842.0, 38.44444444444447
843.0, 37.690631808278894
844.0, 17.853457172342658
845.0, 19.514661274014145
846.0, 29.68197879858657
847.0, 30.99630996309962
848.0, 26.64329535495179
849.0, 25.78456318914334
850.0, 31.921824104234517
851.0, 32.61231281198003
852.0, 36.01895734597156
853.0, 32.322426177174776
854.0, 36.10431947840263
855.0, 35.67921440261867
856.0, 36.149471974004875
857.0, 34.82003129890455
858.0, 59.018567639257284
859.0, 55.157593123209175
860.0, 44.601769911504434
861.0, 41.86046511627907
862.0, 55.3082191780822
863.0, 60.808435852372575
864.0, 52.226720647773305
865.0, 51.292246520874734
866.0, 40.29850746268658
867.0, 44.74885844748858
868.0, 40.540540540540505
869.0, 47.25274725274725
870.0, 45.205479452054774
871.0, 53.664921465968554
872.0, 59.16666666666668
873.0, 62.85714285714285
874.0, 61.610738255033546
875.0, 62.87671232876716
876.0, 52.657807308970106
877.0, 52.34113712374584
878.0, 51.14379084967321
879.0, 60.89494163424131
880.0, 71.88841201716743
881.0, 72.12765957446817
882.0, 70.65217391304357
883.0, 70.77922077922085
884.0, 60.89494163424131
885.0, 51.02389078498297
886.0, 40.66091954022984
887.0, 33.682634730538894
888.0, 24.63186077643907
889.0, 26.062322946175613
890.0, 33.15789473684208
891.0, 32.80423280423278
892.0, 37.76595744680848
893.0, 32.718894009216584
894.0, 27.69556025369978
895.0, 28.601252609603307
896.0, 25.276752767527654
897.0, 17.165668662674648
898.0, 32.746478873239425
899.0, 42.05128205128206
900.0, 42.41379310344828
901.0, 39.10969793322734
902.0, 48.402555910543136
903.0, 53.903903903903895
904.0, 54.24739195230999
905.0, 57.59668508287293
906.0, 51.41752577319588
907.0, 58.4534731323722
908.0, 58.07291666666664
909.0, 52.17917675544793
910.0, 59.6083231334149
911.0, 57.2267920094007
912.0, 53.273427471116804
913.0, 50.34106412005455
914.0, 57.082748948106605
915.0, 61.38763197586727
916.0, 60.06240249609983
917.0, 58.032786885245905
918.0, 58.306188925081415
919.0, 50.799289520426285
920.0, 61.16322701688558
921.0, 53.757225433526024
922.0, 53.14285714285714
923.0, 62.47288503253796
924.0, 54.846335697399546
925.0, 60.10362694300516
926.0, 56.98324022346369
927.0, 61.01265822784811
928.0, 53.002610966057404
929.0, 57.43589743589742
930.0, 52.941176470588246
931.0, 51.020408163265316
932.0, 46.325878594249254
933.0, 44.89164086687305
934.0, 29.914529914529965
935.0, 45.24421593830334
936.0, 59.57446808510639
937.0, 50.3512880562061
938.0, 50.46948356807514
939.0, 53.53075170842826
940.0, 54.966887417218565
941.0, 45.41284403669727
942.0, 41.860465116279094
943.0, 41.364605543710056
944.0, 41.18895966029728
945.0, 39.78260869565221
946.0, 22.988505747126467
947.0, 18.732782369146022
948.0, 19.836639439906662
949.0, 12.32876712328769
950.0, 6.288532675709021
951.0, 6.572164948453619
952.0, 6.439393939393952
953.0, 6.321112515802824
954.0, 5.242966751918175
955.0, 7.339449541284424
956.0, 7.84313725490199
957.0, 5.595408895265436
958.0, 5.595408895265436
959.0, 6.93069306930694
960.0, 19.934282584884997
961.0, 36.08445297504801
962.0, 40.873015873015895
963.0, 51.64835164835165
964.0, 57.31707317073173
965.0, 53.40909090909094
966.0, 65.90909090909095
967.0, 59.845559845559855
968.0, 62.857142857142875
969.0, 64.01384083044985
970.0, 67.0289855072464
971.0, 64.45993031358886
972.0, 66.20689655172413
973.0, 55.4878048780488
974.0, 48.27586206896552
975.0, 47.40484429065743
976.0, 43.38983050847456
977.0, 36.98113207547171
978.0, 46.71814671814672
979.0, 56.62100456621002
980.0, 50.77720207253884
981.0, 44.954128440366965
982.0, 38.1443298969072
983.0, 38.461538461538446
984.0, 45.66210045662098
985.0, 41.666666666666686
986.0, 44.22310756972113
987.0, 58.37104072398189
988.0, 49.42528735632185
989.0, 51.31086142322098
990.0, 48.40989399293286
991.0, 40.95238095238095
992.0, 34.86842105263156
993.0, 35.2941176470588
994.0, 30.98159509202452
995.0, 32.06349206349205
996.0, 28.61271676300578
997.0, 24.464831804281303
998.0, 19.016393442622928
999.0, 18.954248366013033
1000.0, 19.999999999999943
1001.0, 13.924050632911346
1002.0, 13.707165109034221
1003.0, 12.893081761006215
1004.0, 13.993174061433365
1005.0, 15.129151291512827
1006.0, 15.530303030302946
1007.0, 12.811387900355797
1008.0, 27.574750830564767
1009.0, 24.127906976744143
1010.0, 22.432432432432407
1011.0, 26.785714285714306
1012.0, 18.214285714285708
