0, 23736
1, 76072
2, 40413
3, 96585
4, 11024
5, 122392
6, 62564
7, 2703
8, 66223
9, 42984
10, 173070
11, 203149
12, 165872
13, 83015
14, 122507
15, 148770
16, 148770
17, 111290
18, 54027
19, -29802
20, -88481
21, 74837
22, 203527
23, 159487
24, 77960
25, 146690
26, 180976
27, 148542
28, 98972
29, 76299
30, 39858
31, 39858
32, 69451
33, 9869
34, 9869
35, 33848
36, 76603
37, 121202
38, 186063
39, 140404
40, 95245
41, 195764
42, 68859
43, -167469
44, -59038
45, 5105
46, 109197
47, 42550
48, -148386
49, -28668
50, -79306
51, -154082
52, -123877
53, -198293
54, -198293
55, -198293
56, -352683
57, -291684
58, -223942
59, -107501
60, -230363
61, -262496
62, -174720
63, -275667
64, -374801
65, -252324
66, -72227
67, -2858
68, 63302
69, 15190
70, -44563
71, -13095
72, 400798
73, 254000
74, 392276
75, 978005
76, 1265549
77, 1427007
78, 1276118
79, 1176084
80, 1080236
81, 1158703
82, 1124361
83, 1093375
84, 1033618
85, 1130969
86, 1182988
87, 1269922
88, 1316512
89, 1236866
90, 1070961
91, 940189
92, 1014762
93, 1138898
94, 1035803
95, 987793
96, 938997
97, 1004464
98, 966098
99, 909568
100, 977121
101, 917859
102, 1029062
103, 1106459
104, 1218657
105, 1133478
106, 1133478
107, 1133478
108, 1228373
109, 1099771
110, 1099771
111, 1145706
112, 1028118
113, 1063699
114, 1125419
115, 1014220
116, 1159975
117, 1110172
118, 1083360
119, 1055918
120, 1099662
121, 1126099
122, 1076861
123, 1125122
124, 1101609
125, 1087416
126, 1071072
127, 1041293
128, 1049766
129, 1082395
130, 936245
131, 790585
132, 832049
133, 919845
134, 1015399
135, 1015399
136, 945253
137, 910692
138, 910692
139, 849880
140, 934238
141, 1031564
142, 1031564
143, 1031564
144, 1031564
145, 959142
146, 1017109
147, 965575
148, 869098
149, 784426
150, 656346
151, 693872
152, 653728
153, 689158
154, 668296
155, 693495
156, 644220
157, 579201
158, 538042
159, 567325
160, 625059
161, 716952
162, 716952
163, 676207
164, 626188
165, 681814
166, 650767
167, 591798
168, 475445
169, 448460
170, 485270
171, 597547
172, 542706
173, 478543
174, 548810
175, 503512
176, 568075
177, 526567
178, 459210
179, 514416
180, 608478
181, 688988
182, 730565
183, 682338
184, 646490
185, 707346
186, 707346
187, 805196
188, 737988
189, 737988
190, 794459
191, 699407
192, 770712
193, 835926
194, 915319
195, 1463693
196, 1230345
197, 1656185
198, 1876440
199, 1762993
200, 1762993
201, 1921490
202, 2035653
203, 2149497
204, 2285193
205, 2249080
206, 2212358
207, 2114522
208, 2164124
209, 2100632
210, 2240897
211, 2496853
212, 2111770
213, 1985820
214, 1859757
215, 1978509
216, 2072967
217, 1975126
218, 2087043
219, 2161083
220, 2073562
221, 2039096
222, 2555046
223, 2272137
224, 2127406
225, 2297207
226, 2207778
227, 1978788
228, 2092835
229, 2133890
230, 2183505
231, 2250186
232, 2392073
233, 2456788
234, 2380698
235, 2324940
236, 2249482
237, 2183547
238, 2258922
239, 2187956
240, 2276884
241, 2332804
242, 2272161
243, 2312075
244, 2312075
245, 2352658
246, 2352658
247, 2395684
248, 2302524
249, 2242449
250, 2178406
251, 2340157
252, 2496478
253, 2574148
254, 2599002
255, 2558530
256, 2808471
257, 3131902
258, 3131902
259, 3073782
260, 3004013
261, 3049678
262, 2962610
263, 3226242
264, 3152035
265, 3152035
266, 3152035
267, 3009227
268, 3069186
269, 3107039
270, 3230288
271, 3383943
272, 3544860
273, 3707159
274, 3494401
275, 3598210
276, 3438631
277, 3347719
278, 3496842
279, 3621898
280, 3621898
281, 3450927
282, 3303189
283, 3499721
284, 3422512
285, 3538453
286, 3369229
287, 3477289
288, 3409952
289, 3529755
290, 3474139
291, 3543700
292, 3482568
293, 3447895
294, 3524711
295, 3465251
296, 3539598
297, 3470289
298, 3577854
299, 3622277
300, 3533265
301, 3597153
302, 3569830
303, 3463187
304, 3351293
305, 3284990
306, 3398691
307, 3353901
308, 3319864
309, 3399116
310, 3286593
311, 3321260
312, 3234147
313, 3272298
314, 3306639
315, 3280961
316, 3318921
317, 3264740
318, 3206852
319, 3279788
320, 3337246
321, 3409719
322, 3353232
323, 3397789
324, 3350681
325, 3287870
326, 3353521
327, 3313900
328, 3329453
329, 3364633
330, 3429212
331, 3498732
332, 3450211
333, 3339808
334, 3233682
335, 3126970
336, 3048330
337, 3138758
338, 3230609
339, 3278905
340, 3353121
341, 3299430
342, 3282201
343, 3228416
344, 3134571
345, 3085155
346, 3011776
347, 2921794
348, 2771045
349, 2857918
350, 2789914
351, 2755261
352, 2717606
353, 2750058
354, 2826132
355, 2776754
356, 2812249
357, 2769710
358, 2851416
359, 2793570
360, 2882909
361, 2907826
362, 2882938
363, 2836220
364, 2871996
365, 2850388
366, 2870677
367, 2846976
368, 2816276
369, 2856817
370, 2885903
371, 2853486
372, 2748136
373, 2650639
374, 2867585
375, 2822542
376, 2868164
377, 2920790
378, 2945880
379, 3039525
380, 3010768
381, 2964012
382, 2996010
383, 3077057
384, 3134603
385, 3184424
386, 3096304
387, 3200856
388, 3261895
389, 3210008
390, 3275971
391, 3345505
392, 3230021
393, 3296922
394, 3356200
395, 3297673
396, 3344241
397, 3217535
398, 3081350
399, 3000351
400, 3039796
401, 3106649
402, 2995665
403, 3041310
404, 3002394
405, 2852075
406, 2945163
407, 2973338
408, 3050173
409, 3015451
410, 3078129
411, 3052400
412, 2979439
413, 3059414
414, 3138365
415, 3180553
416, 3215955
417, 3169311
418, 3169311
419, 3199753
420, 3244222
421, 3216164
422, 3245962
423, 3276213
424, 3228653
425, 3272042
426, 3240897
427, 3174414
428, 3231237
429, 3281429
430, 3325803
431, 3351462
432, 3286376
433, 3330186
434, 3280365
435, 3225651
436, 3278585
437, 3456166
438, 3271043
439, 3500224
440, 3560074
441, 3427752
442, 3514641
443, 3720082
444, 3871924
445, 3669098
446, 3549294
447, 3749482
448, 3749482
449, 3591166
450, 3591166
451, 3344288
452, 3189152
453, 3272077
454, 3392718
455, 3287359
456, 3182385
457, 2968551
458, 2883075
459, 2824900
460, 2871650
461, 2815684
462, 2658568
463, 2539265
464, 2291885
465, 2510501
466, 2425918
467, 2488468
468, 2622551
469, 2686147
470, 2619757
471, 2675857
472, 2489934
473, 2337667
474, 2409559
475, 2314695
476, 2201860
477, 2105843
478, 2173929
479, 2113836
480, 2149537
481, 2116794
482, 2116794
483, 2066244
484, 2066244
485, 2151594
486, 2227172
487, 2168898
488, 2232037
489, 2315157
490, 2396782
491, 2349177
492, 2404288
493, 2258320
494, 2316629
495, 2274334
496, 2274334
497, 2378544
498, 2321320
499, 2284532
500, 2311258
501, 2274950
502, 2209509
503, 2289170
504, 2383659
505, 2309345
506, 2309345
507, 2334865
508, 2271613
509, 2359343
510, 2423098
511, 2520335
512, 2474304
513, 2392935
514, 2426177
515, 2405969
516, 2352262
517, 2440647
518, 2597321
519, 2517779
520, 2551984
521, 2603566
522, 2669189
523, 2715846
524, 2949017
525, 2949017
526, 3326697
527, 3389214
528, 3523584
529, 3683555
530, 3889281
531, 3889281
532, 3728016
533, 3577856
534, 3689049
535, 3811171
536, 3720357
537, 3818010
538, 3896224
539, 3834971
540, 3834971
541, 3917951
542, 4064941
543, 3954372
544, 3954372
545, 3872006
546, 3942391
547, 3996040
548, 3996040
549, 4047679
550, 4135122
551, 4294763
552, 4335271
553, 4335271
554, 4428736
555, 4319118
556, 4425600
557, 4514485
558, 4428298
559, 4560942
560, 4652339
561, 4570484
562, 4466395
563, 4300461
564, 4373200
565, 4442147
566, 4511105
567, 4672604
568, 4842062
569, 5093538
570, 4926573
571, 4830290
572, 4722973
573, 4799600
574, 4960763
575, 4780767
576, 4971959
577, 4848249
578, 5012697
579, 5284124
580, 5072756
581, 4926973
582, 4825762
583, 4999556
584, 4764482
585, 5426764
586, 5781865
587, 5169610
588, 4328975
589, 4688002
590, 4983393
591, 5174201
592, 5474681
593, 5474681
594, 5659293
595, 5883779
596, 6071595
597, 5939921
598, 6141398
599, 6332466
600, 6332466
601, 6490454
602, 6876908
603, 7257859
604, 7014265
605, 7221807
606, 6703699
607, 6287590
608, 6550106
609, 6413744
610, 6106616
611, 6242252
612, 6109466
613, 5831101
614, 5354282
615, 4517803
616, 3751963
617, 4480368
618, 5181791
619, 4995018
620, 4862441
621, 4431011
622, 4625096
623, 4774488
624, 4909996
625, 5136868
626, 4951670
627, 4730817
628, 4849244
629, 5043236
630, 5259505
631, 5357387
632, 5470747
633, 5129188
634, 5290278
635, 5470106
636, 4905846
637, 4466175
638, 4960389
639, 4800464
640, 4472062
641, 4011701
642, 3633117
643, 4042551
644, 4240006
645, 4376780
646, 4609475
647, 4375274
648, 4246592
649, 4113871
650, 4300177
651, 4182080
652, 4347525
653, 4504988
654, 4357126
655, 4493332
656, 4307115
657, 4153030
658, 4315453
659, 4198290
660, 4076354
661, 4174700
662, 4044133
663, 3958706
664, 4132352
665, 4185832
666, 4124107
667, 3994478
668, 4078037
669, 3934580
670, 3826362
671, 3667982
672, 3515847
673, 3346295
674, 3632742
675, 3407558
676, 3524894
677, 3424323
678, 3276146
679, 3137026
680, 3028125
681, 2869885
682, 2950433
683, 2835900
684, 2747588
685, 2689385
686, 2597905
687, 2704545
688, 2626279
689, 2544281
690, 2623374
691, 2331874
692, 2331874
693, 2581702
694, 2759126
695, 3087145
696, 2951310
697, 3014754
698, 3100051
699, 3264687
700, 3643574
701, 3827574
702, 3648478
703, 3909154
704, 3806607
705, 3701221
706, 3516261
707, 3419460
708, 3286590
709, 3366253
710, 3457585
711, 3538259
712, 3428653
713, 3596914
714, 3498486
715, 3613990
716, 3508463
717, 3367855
718, 3269956
719, 3130840
720, 3209309
721, 3305029
722, 3150662
723, 3064544
724, 2972072
725, 3063358
726, 2911253
727, 2853731
728, 3190125
729, 3043361
730, 2834420
731, 2944749
732, 3020840
733, 2828070
734, 2906485
735, 2947852
736, 3317552
737, 3158372
738, 3225891
739, 3099951
740, 2951965
741, 3072373
742, 2971477
743, 3097001
744, 3044764
745, 3108075
746, 3044102
747, 2944617
748, 3065825
749, 3110980
750, 3110980
751, 3055848
752, 2994144
753, 3054411
754, 3099012
755, 3041909
756, 2862396
757, 2792533
758, 2999059
759, 1881695
760, 1393143
761, 1001187
762, 1204051
763, 685929
764, 958526
765, 958526
766, 680306
767, 559159
768, 671266
769, 445355
770, 630241
771, 1713028
772, 1330766
773, 1652267
774, 1447564
775, 1921112
776, 1688718
777, 1870277
778, 2027253
779, 1951562
780, 1853304
781, 1953544
782, 2004304
783, 1752613
784, 1813696
785, 1703699
786, 1825262
787, 1764362
788, 1869871
789, 1720016
790, 1849583
791, 1946077
792, 1822235
793, 1902853
794, 1980526
795, 1886221
796, 1934390
797, 1872932
798, 1826705
799, 1656040
800, 1701509
801, 1625772
802, 1768378
803, 1852057
804, 1944726
805, 1906862
806, 1845191
807, 1883702
808, 1805345
809, 1736977
810, 1805513
811, 1754698
812, 1701171
813, 1640457
814, 1540352
815, 1576868
816, 1623230
817, 1770801
818, 1820688
819, 1952332
820, 2039580
821, 1996473
822, 2047420
823, 1970691
824, 1889523
825, 1823914
826, 1892083
827, 1828974
828, 1790248
829, 1859499
830, 1912224
831, 1912224
832, 1839797
833, 1648098
834, 1526529
835, 1401527
836, 1249183
837, 1111783
838, 1214173
839, -1822718
840, -1564217
841, -2013166
842, -2160095
843, -2281702
844, -2415074
845, -2306188
846, -2369954
847, -2307292
848, -2227676
849, -2110345
850, -2202530
851, -2106995
852, -2221122
853, -2287384
854, -2338249
855, -2250840
856, -2202196
857, -2202196
858, -2130637
859, -2234862
860, -2139745
861, -2201579
862, -2054654
863, -2143466
864, -2068606
865, -1978723
866, -1854240
867, -1951633
868, -1862413
869, -1759535
870, -1681723
871, -1548776
872, -1624959
873, -1722720
874, -1779519
875, -1834303
876, -1881962
877, -1962200
878, -1962200
879, -2061056
880, -2017692
881, -1949229
882, -1888063
883, -1929428
884, -1929428
885, -1868079
886, -1945560
887, -2130770
888, -1982019
889, -2067032
890, -1903537
891, -2018609
892, -2148693
893, -2210735
894, -2329657
895, -2449483
896, -2262671
897, -1759085
898, -1830230
899, -1942627
900, -1888200
901, -1816024
902, -1685457
903, -1801240
904, -1699871
905, -1751095
906, -1924161
907, -2049809
908, -2289568
909, -2452615
910, -2607868
911, -2764466
912, -2501260
913, -2328104
914, -2419320
915, -2685617
916, -2540126
917, -2712513
918, -2645844
919, -2732305
920, -2839488
921, -2960602
922, -2843843
923, -2924145
924, -2818188
925, -2911131
926, -2829707
927, -2699768
928, -2619841
929, -2519882
930, -2631698
931, -2693359
932, -2603094
933, -2665474
934, -2743688
935, -2830850
936, -2672906
937, -2756324
938, -2492056
939, -2565234
940, -2662426
941, -2833970
942, -2669981
943, -2806204
944, -2920748
945, -2787547
946, -2756800
947, -2893808
948, -2742191
949, -2629041
950, -2863782
951, -2584954
952, -2361232
953, -2451633
954, -2515045
955, -2571894
956, -2478675
957, -2532400
958, -2352534
959, -2487809
960, -2396374
961, -2704568
962, -2616797
963, -2666958
964, -2691572
965, -2691572
966, -2761898
967, -2673614
968, -2549470
969, -2549470
970, -2600740
971, -2538431
972, -2569715
973, -2541216
974, -2598294
975, -2643530
976, -2673183
977, -2724459
978, -2650358
979, -2586673
980, -2681271
981, -2607349
982, -2652429
983, -2575727
984, -2630247
985, -2566855
986, -2518992
987, -2591170
988, -2651189
989, -2554799
990, -2470146
991, -2495011
992, -2495011
993, -2444482
994, -2476889
995, -2395974
996, -2417529
997, -2359978
998, -2293463
999, -2370393
1000, -2311695
1001, -2383159
1002, -2486753
1003, -2588248
1004, -2486677
1005, -2565576
1006, -2628693
1007, -2718778
1008, -2894899
1009, -2986616
1010, -2898171
1011, -3006453
1012, -3114980
1013, -3181302
1014, -3047201
1015, -3101780
1016, -2990519
1017, -3060103
1018, -3091040
1019, -3013116
1020, -2941928
1021, -2857732
1022, -2705341
1023, -2562840
1024, -2632121
1025, -2562742
1026, -2478709
1027, -2538458
1028, -2602844
1029, -1875432
1030, -1798887
1031, -1645146
1032, -1586779
1033, -1641341
1034, -1719965
1035, -1640545
1036, -1490335
1037, -1418155
1038, -1473523
1039, -1373620
1040, -1230941
1041, -1301428
1042, -1380343
1043, -1261557
1044, -1176461
1045, -1259772
1046, -1322551
1047, -1419810
1048, -1278496
1049, -1088153
1050, -1150232
1051, -1185340
1052, -1256686
1053, -1304184
1054, -1203893
1055, -1267683
1056, -1207936
1057, -1225575
1058, -1258437
1059, -1320512
1060, -1286970
1061, -1351543
1062, -1285227
1063, -1321508
1064, -1378218
1065, -1440015
1066, -1386354
1067, -1280550
1068, -1338029
1069, -1277311
1070, -1154111
1071, -1024271
1072, -921114
1073, -872310
1074, -831152
1075, -792568
1076, -836503
1077, -784692
1078, -880433
1079, -845694
1080, -802844
1081, -848318
1082, -920247
1083, -860685
1084, -814073
1085, -704538
1086, -835920
1087, -910156
1088, -982042
1089, -871138
1090, -5854
1091, -162357
1092, -68969
1093, 36976
1094, -37936
1095, 41583
1096, -12791
1097, -76996
1098, -122501
1099, -71466
1100, -20909
1101, -2366
1102, 71617
1103, 133913
1104, 133913
1105, 205762
1106, 254751
1107, 303659
1108, 403422
1109, 359144
1110, 328691
1111, 277996
1112, 254315
1113, 334962
1114, 413486
1115, 702332
1116, 791691
1117, 698547
1118, 640151
1119, 640151
1120, 616602
1121, 525640
1122, 605126
1123, 658295
1124, 563676
1125, 496282
1126, 556129
1127, 517365
1128, 454055
1129, 561832
1130, 464986
1131, 702431
1132, 650628
1133, 605128
1134, 570182
1135, 648592
1136, 573253
1137, 643460
1138, 568920
1139, 625197
1140, 542273
1141, 587459
1142, 610039
1143, 575764
1144, 474631
1145, 411699
1146, 472288
1147, 515284
1148, 743267
1149, 683485
1150, 821610
1151, 889327
1152, 803419
1153, 749305
1154, 845925
1155, 812309
1156, 756520
1157, 707636
1158, 650671
1159, 716410
1160, 760068
1161, 783190
1162, 747714
1163, 774764
1164, 739186
1165, 739186
1166, 783455
1167, 747219
1168, 688536
1169, 688536
1170, 753414
1171, 694761
1172, 733167
1173, 651856
1174, 707524
1175, 745500
1176, 682231
1177, 787516
1178, 694053
1179, 637319
1180, 722097
1181, 669446
1182, 751665
1183, 712987
1184, 659246
1185, 793213
1186, 842071
1187, 776110
1188, 878698
1189, 781848
1190, 755072
1191, 725694
1192, 655273
1193, 569249
1194, 614036
1195, 663320
1196, 640756
1197, 604812
1198, 680639
1199, 725705
1200, 725705
1201, 656097
1202, 738378
1203, 691779
1204, 653454
1205, 683190
1206, 734257
1207, 734257
1208, 649300
1209, 562898
1210, 619156
1211, 571016
1212, 803209
1213, 710519
1214, 783275
1215, 816727
1216, 791629
1217, 714288
1218, 738687
1219, 686379
1220, 598312
1221, 656965
1222, 627304
1223, 575937
1224, 575937
1225, 612919
1226, 689880
1227, 660032
1228, 707111
1229, 726242
1230, 656022
1231, 737753
1232, 638726
1233, 527924
1234, 437959
1235, 516333
1236, 461249
1237, 489772
1238, 398291
1239, 319431
1240, 268244
1241, 200471
1242, 162584
1243, 69098
1244, 144412
1245, 54999
1246, 125026
1247, 180833
1248, 279778
1249, 364008
1250, 411574
1251, 371026
1252, 371026
1253, 312499
1254, 371107
1255, 310103
1256, 334043
1257, 298420
1258, 189398
1259, 251235
1260, 326174
1261, 226588
1262, 279512
1263, 348948
1264, 403819
1265, 458558
1266, 322320
1267, 385471
1268, 347691
1269, 316152
1270, 269281
1271, 300073
1272, 261963
1273, 362892
1274, 396791
1275, 434310
1276, 389356
1277, 338926
1278, 362333
1279, 333658
1280, 408027
1281, 291065
1282, 390708
1283, 232807
1284, 331137
1285, 440995
1286, 417402
1287, 385897
1288, 282100
1289, 331636
1290, 396220
1291, 483220
1292, 618659
1293, 709055
1294, 767145
1295, 790547
1296, 771512
1297, 837279
1298, 837279
1299, 921389
1300, 893555
1301, 952153
1302, 832556
1303, 756022
1304, 834674
1305, 772537
1306, 684690
1307, 806589
1308, 903049
1309, 1049764
1310, 1143223
1311, 1081737
1312, 1030810
1313, 1030810
1314, 977618
1315, 895938
1316, 743593
1317, 873420
1318, 777936
1319, 690766
1320, 622804
1321, 737063
1322, 685029
1323, 607088
1324, 658993
1325, 658993
1326, 552762
1327, 476946
1328, 550352
1329, 633966
1330, 713862
1331, 744138
1332, 669254
1333, 736333
1334, 661583
1335, 661583
1336, 513828
1337, 382237
1338, 305719
1339, 199584
1340, 476348
1341, -511737
1342, -728186
1343, -888571
1344, -1053816
1345, -910647
1346, -989735
1347, -1090117
1348, -955847
1349, -1046453
1350, -989941
1351, -1063150
1352, -953859
1353, -1007314
1354, -1102178
1355, -1275554
1356, -1340884
1357, -1264659
1358, -1336494
1359, -1235408
1360, -1005403
1361, -904083
1362, -967480
1363, -1119955
1364, -1180705
1365, -1107012
1366, -1046672
1367, -1131756
1368, -976319
1369, -1032617
1370, -1032617
1371, -960578
1372, -887506
1373, -750356
1374, -826999
1375, -909534
1376, -869191
1377, -869191
1378, -937081
1379, -1024987
1380, -946785
1381, -858880
1382, -763989
1383, -723754
1384, -777529
1385, -719331
1386, -802889
1387, -727863
1388, -642547
1389, -642547
1390, -597904
1391, -676569
1392, -705702
1393, -670245
1394, -698402
1395, -555886
1396, -588723
1397, -588723
1398, -617135
1399, -617135
1400, -525928
1401, -565160
1402, -528271
1403, -569744
1404, -506160
1405, -551147
1406, -430863
1407, -321522
1408, -194477
1409, -137728
1410, -206540
1411, -50477
1412, 50373
1413, 50373
1414, -12267
1415, -49367
1416, -15034
1417, 55617
1418, 78519
1419, -23029
1420, 18058
1421, -68279
1422, -20236
1423, -61654
1424, -94633
1425, -124739
1426, -170636
1427, -233045
1428, -258354
1429, -219100
1430, -248983
1431, -178160
1432, -115341
1433, 20115
1434, 130079
1435, 209471
1436, 134114
1437, 218835
1438, 257376
1439, 257376
1440, 316737
1441, 205501
1442, 274859
1443, 335101
1444, 442015
1445, 518413
1446, 463386
1447, 520353
1448, 501138
1449, 528487
1450, 475175
1451, 565438
1452, 462705
1453, 380123
1454, 428726
1455, 306082
1456, 242361
1457, 306476
1458, 194229
1459, 82615
1460, 129840
1461, 183103
1462, 296537
1463, 422178
1464, 585467
1465, 523884
1466, 451533
1467, 395975
1468, 433803
1469, 433803
1470, 493804
1471, 598935
1472, 567183
1473, 635475
1474, 587976
1475, 648766
1476, 609800
1477, 562363
1478, 605214
1479, 626206
1480, 644366
1481, 598378
1482, 639894
1483, 691096
1484, 626909
1485, 543930
1486, 502513
1487, 552148
1488, 598821
1489, 631826
1490, 607221
1491, 543449
1492, 604644
1493, 653480
1494, 697749
1495, 662092
1496, 621364
1497, 674214
1498, 729193
1499, 784177
1500, 821292
1501, 821292
1502, 967174
1503, 911798
1504, 963154
1505, 994869
1506, 921821
1507, 890114
1508, 961260
1509, 1022761
1510, 960346
1511, 908905
1512, 980373
1513, 1179968
1514, 1179968
1515, 1136109
1516, 1176454
1517, 1127695
1518, 1022821
1519, 1119368
1520, 1073791
1521, 1142386
1522, 1511733
1523, 1623931
1524, 1893366
1525, 1992011
1526, 1940433
1527, 1996210
1528, 1912829
1529, 1975419
1530, 2077924
1531, 2192734
1532, 2142933
1533, 2270208
1534, 2349583
1535, 2423804
1536, 2487642
1537, 2559045
1538, 2504889
1539, 2416658
1540, 2361441
1541, 2288202
1542, 2089824
1543, 2260038
1544, 2475160
1545, 2385346
1546, 2448519
1547, 2536702
1548, 2591444
1549, 2532673
1550, 2592229
1551, 2555391
1552, 2597502
1553, 2646147
1554, 2556796
1555, 2474963
1556, 2375070
1557, 2285563
1558, 2229898
1559, 2268044
1560, 2319604
1561, 2391512
1562, 2430239
1563, 2366686
1564, 2265656
1565, 2321792
1566, 2374919
1567, 2330551
1568, 2270993
1569, 2199880
1570, 2126282
1571, 2004053
1572, 2096825
1573, 2141736
1574, 2286675
1575, 2176022
1576, 2176022
1577, 2119074
1578, 2189602
1579, 2253126
1580, 2318310
1581, 2374561
1582, 2321498
1583, 2321498
1584, 2362494
1585, 2313264
1586, 2375688
1587, 2238131
1588, 2290702
1589, 2384793
1590, 2205294
1591, 2268574
1592, 2737978
1593, 2834437
1594, 2668610
1595, 2897151
1596, 3075771
1597, 3335881
1598, 3019454
1599, 3121696
1600, 3221142
1601, 3107808
1602, 3014875
1603, 2952594
1604, 3204863
1605, 3092467
1606, 2933415
1607, 3015918
1608, 3142852
1609, 3092426
1610, 3019711
1611, 2945232
1612, 2877078
1613, 2779226
1614, 2605098
1615, 2696822
1616, 2802450
1617, 2577101
1618, 2411189
1619, 2584090
1620, 2427401
1621, 2652701
1622, 2468967
1623, 2674943
1624, 2469832
1625, 2059365
1626, 2245296
1627, 2391526
1628, 2201492
1629, 2049583
1630, 1795839
1631, 1650515
1632, 1815795
1633, 1977086
1634, 2190686
1635, 2086698
1636, 2176183
1637, 2338309
1638, 2230073
1639, 2530990
1640, 2289517
1641, 2211167
1642, 2087878
1643, 2219739
1644, 2106390
1645, 1993059
1646, 2057699
1647, 2150782
1648, 2253635
1649, 2366827
1650, 2527224
1651, 2684731
1652, 2541658
1653, 2440650
1654, 2617747
1655, 2756305
1656, 2877123
1657, 2731775
1658, 2638070
1659, 2702657
1660, 2590702
1661, 2425801
1662, 2589998
1663, 2501440
1664, 2621808
1665, 2501507
1666, 2653019
1667, 2737087
1668, 2822022
1669, 2780181
1670, 2881761
1671, 2800213
1672, 2939215
1673, 2873403
1674, 2927206
1675, 3030168
1676, 3167564
1677, 3088650
1678, 3166342
1679, 3360719
1680, 3261879
1681, 3191593
1682, 3000413
1683, 3093660
1684, 3194324
1685, 3147801
1686, 3230158
1687, 3342147
1688, 3181462
1689, 3322737
1690, 3546569
1691, 3453842
1692, 3562572
1693, 3486418
1694, 3417828
1695, 3477830
1696, 3414043
1697, 3336036
1698, 3236660
1699, 3159006
1700, 3277221
1701, 3341630
1702, 3513457
1703, 3415104
1704, 3541986
1705, 3376973
1706, 3474217
1707, 3359337
1708, 3201922
1709, 3346948
1710, 3259266
1711, 3121199
1712, 3282129
1713, 3346419
1714, 3656906
1715, 3446722
1716, 3650799
1717, 3473192
1718, 3473192
1719, 3556348
1720, 3802060
1721, 3623073
1722, 3422448
1723, 3555175
1724, 3711566
1725, 3848220
1726, 3756677
1727, 3851066
1728, 3664760
1729, 3859447
1730, 3738164
1731, 3902790
1732, 3739378
1733, 3553364
1734, 3371075
1735, 3494845
1736, 3414140
1737, 3287201
1738, 3196533
1739, 3086935
1740, 2921947
1741, 3005983
1742, 2931705
1743, 3008828
1744, 3125304
1745, 2962200
1746, 3061321
1747, 2979493
1748, 2827360
1749, 2949654
1750, 3025334
1751, 2922970
1752, 3015434
1753, 2829530
1754, 2750834
1755, 2915490
1756, 2782494
1757, 2699384
1758, 2796741
1759, 2851696
1760, 2809758
1761, 2844329
1762, 2788232
1763, 2652161
1764, 3011383
1765, 3231074
1766, 3323032
1767, 3178664
1768, 3253237
1769, 3384219
1770, 3384219
1771, 3252564
1772, 3348269
1773, 3279250
1774, 3401560
1775, 3256431
1776, 3385194
1777, 3349305
1778, 3320259
1779, 3221206
1780, 3056143
1781, 3177728
1782, 3044919
1783, 2950615
1784, 2714649
1785, 2631677
1786, 2721533
1787, 2656300
1788, 2565096
1789, 2599731
1790, 2505937
1791, 2402911
1792, 2473693
1793, 2526441
1794, 2465906
1795, 2524358
1796, 2617025
1797, 2554136
1798, 2493016
1799, 2593267
1800, 2530377
1801, 2563981
1802, 2629123
1803, 2583150
1804, 2691152
1805, 2602708
1806, 2783030
1807, 2885087
1808, 3058256
1809, 3058256
1810, 2994405
1811, 3083059
1812, 2946387
1813, 3027627
1814, 3118865
1815, 3034481
1816, 3125858
1817, 3062584
1818, 2953783
1819, 2737595
1820, 2824669
1821, 2759320
1822, 2700649
1823, 2662262
1824, 2701223
1825, 2747679
1826, 2700456
1827, 2700456
1828, 2605879
1829, 2712478
1830, 2779594
1831, 2838047
1832, 2760020
1833, 2711674
1834, 2656142
1835, 2742202
1836, 2798734
1837, 2859130
1838, 2741173
1839, 2659351
1840, 2742919
1841, 2714233
1842, 2849097
1843, 3369010
1844, 3244009
1845, 3464885
1846, 3276332
1847, 3188362
1848, 2956181
1849, 3097068
1850, 3209668
1851, 3348518
1852, 3284016
1853, 3284016
1854, 3230572
1855, 3278317
1856, 3225368
1857, 3290308
1858, 3313207
1859, 3313207
1860, 3313207
1861, 3206434
1862, 3130562
1863, 3075603
1864, 3037507
1865, 3081375
1866, 3173954
1867, 3229296
1868, 3205867
1869, 3128937
1870, 3040679
1871, 2988299
1872, 3037072
1873, 3085999
1874, 3017039
1875, 2987180
1876, 3002484
1877, 2990266
1878, 2915714
1879, 2869924
1880, 2890493
1881, 2948943
1882, 3027452
1883, 2982847
1884, 2938605
1885, 2907660
1886, 2881084
1887, 2958791
1888, 2933756
1889, 3048340
1890, 3118576
1891, 2898688
1892, 2898688
1893, 2793959
1894, 2689813
1895, 2597789
1896, 2505877
1897, 2416408
1898, 2714044
1899, 2796549
1900, 2703540
1901, 2796749
1902, 2712942
1903, 2802004
1904, 2856162
1905, 2895600
1906, 2744064
1907, 2789021
1908, 2701535
1909, 2645962
1910, 2700842
1911, 2793465
1912, 2847596
1913, 2929211
1914, 2856988
1915, 2919172
1916, 2961825
1917, 2861595
1918, 2810539
1919, 2688766
1920, 2780374
1921, 2837176
1922, 2870913
1923, 2808740
1924, 2829628
1925, 2782660
1926, 2716998
1927, 2777645
1928, 2743622
1929, 2711967
1930, 2751074
1931, 2710660
1932, 2761331
1933, 2820790
1934, 2753640
1935, 2784166
1936, 2814939
1937, 2760358
1938, 2691357
1939, 2642031
1940, 2709595
1941, 2598703
1942, 2495731
1943, 2574746
1944, 2655953
1945, 2766561
1946, 2800930
1947, 2842959
1948, 2842959
1949, 2775792
1950, 2697150
1951, 2721373
1952, 2791248
1953, 2704803
1954, 2749089
1955, 2701126
1956, 2615771
1957, 2512200
1958, 2426589
1959, 2568235
1960, 2481950
1961, 2386914
1962, 2321588
1963, 2373379
1964, 2507466
1965, 2678659
1966, 2757177
1967, 2881024
1968, 2618837
1969, 2596238
1970, 2560257
1971, 2487824
1972, 2417564
1973, 2507975
1974, 2663856
1975, 2723317
1976, 2802310
1977, 2860402
1978, 2835844
1979, 2864504
1980, 2828068
1981, 2865175
1982, 2855349
1983, 2893471
1984, 2922059
1985, 2955831
1986, 2919641
1987, 2968602
1988, 2947718
1989, 3006415
1990, 2981284
1991, 3009848
1992, 2969039
1993, 2943945
1994, 2968038
1995, 3026307
1996, 2946929
1997, 2974759
1998, 3010408
1999, 3067524
2000, 3102149
2001, 3112193
2002, 3119858
2003, 3158310
2004, 3137961
2005, 3183216
2006, 3183216
2007, 3143496
2008, 3119153
2009, 3146220
2010, 3107260
2011, 3133147
2012, 3101760
2013, 2738433
2014, 2955991
2015, 3037314
2016, 3098178
2017, 3031414
2018, 3075084
2019, 3123710
2020, 3101592
2021, 3101592
2022, 3130334
2023, 3064411
2024, 3148325
2025, 3121038
2026, 3154172
2027, 3183816
2028, 3208028
2029, 3235419
2030, 3235419
2031, 3219873
2032, 3190280
2033, 3130424
2034, 3022162
2035, 3087347
2036, 3050238
2037, 3082818
2038, 3051623
2039, 3114967
2040, 3087505
2041, 3087505
2042, 3147689
2043, 3171960
2044, 3066620
2045, 3103198
2046, 3038550
2047, 3080166
2048, 3121087
2049, 3166102
2050, 3209732
2051, 3235476
2052, 3208304
2053, 3155777
2054, 3182478
2055, 3226001
2056, 3105677
2057, 3134274
2058, 3169644
2059, 3169644
2060, 3194403
2061, 3224174
2062, 3159607
2063, 3187625
2064, 3160371
2065, 3181048
2066, 3225628
2067, 3163467
2068, 3208116
2069, 3235555
2070, 3223907
2071, 3194145
2072, 3156642
2073, 3185607
2074, 3260970
2075, 3216418
2076, 3200635
2077, 3149818
2078, 3020801
2079, 2982301
2080, 2963270
2081, 2998224
2082, 3079701
2083, 3126266
2084, 3111802
2085, 3095202
2086, 3126191
2087, 3102933
2088, 3138666
2089, 3106697
2090, 3080068
2091, 3044961
2092, 3146824
2093, 3067246
2094, 3016764
2095, 2991933
2096, 3048474
2097, 3251722
2098, 3316604
2099, 3402802
2100, 3388182
2101, 3431466
2102, 3467141
2103, 3441546
2104, 3472580
2105, 3538314
2106, 3481366
2107, 3440960
2108, 3514102
2109, 3474927
2110, 3438577
2111, 3468768
2112, 3499390
2113, 3462618
2114, 3485936
2115, 3537665
2116, 3511678
2117, 3497139
2118, 3478871
2119, 3413310
2120, 3443689
2121, 3403729
2122, 3491153
2123, 3469545
2124, 3425321
2125, 3385329
2126, 3317442
2127, 3369673
2128, 3387380
2129, 3415953
2130, 3361473
2131, 3238229
2132, 3304823
2133, 3329257
2134, 3315682
2135, 3315682
2136, 3286352
2137, 3189827
2138, 3055310
2139, 3117018
2140, 3162846
2141, 3088715
2142, 3138429
2143, 3108573
2144, 3086634
2145, 3110491
2146, 3153377
2147, 3260428
2148, 3285254
2149, 3250898
2150, 3266998
2151, 3251236
2152, 3280758
2153, 3314347
2154, 3314347
2155, 3422919
2156, 3455902
2157, 3418181
2158, 3397343
2159, 3443569
2160, 3416667
2161, 3449120
2162, 3413076
2163, 3349965
2164, 3399784
2165, 3507801
2166, 3466964
2167, 3431156
2168, 3461601
2169, 3574211
2170, 3648788
2171, 3567446
2172, 3604554
2173, 3745383
2174, 3855316
2175, 4012430
2176, 4138531
2177, 4250380
2178, 4161615
2179, 4109164
2180, 4049056
2181, 3973254
2182, 4011577
2183, 3967864
2184, 3905249
2185, 4000452
2186, 4085059
2187, 4060032
2188, 4077992
2189, 3957764
2190, 4015844
2191, 3873276
2192, 3917705
2193, 3957033
2194, 3923742
2195, 3956913
2196, 3937010
2197, 3887726
2198, 3919120
2199, 3953239
2200, 3914443
2201, 3894778
2202, 3936598
2203, 3972613
2204, 3991176
2205, 3930641
2206, 3968626
2207, 4197502
2208, 4284928
2209, 4560953
2210, 4336264
2211, 4275018
2212, 4200859
2213, 4245296
2214, 4284666
2215, 4205482
2216, 4151343
2217, 4203466
2218, 4162477
2219, 4388744
2220, 4477121
2221, 4450589
2222, 4428514
2223, 4442138
2224, 4382551
2225, 4312894
2226, 4375902
2227, 4452690
2228, 4355431
2229, 4408740
2230, 4350572
2231, 4315269
2232, 4266107
2233, 4217773
2234, 4264923
2235, 4305319
2236, 4348985
2237, 4310126
2238, 4354195
2239, 4324343
2240, 4283827
2241, 4651778
2242, 4602026
2243, 4862174
2244, 4605817
2245, 4693597
2246, 4835398
2247, 4439685
2248, 4357327
2249, 4456795
2250, 4252069
2251, 4321089
2252, 4419618
2253, 4525396
2254, 4693170
2255, 4776031
2256, 4934539
2257, 4777826
2258, 4693260
2259, 4846569
2260, 4763968
2261, 4667468
2262, 4745804
2263, 4683073
2264, 4798395
2265, 4664518
2266, 4799668
2267, 4651710
2268, 4415120
2269, 4305474
2270, 4540774
2271, 4450504
2272, 4377709
2273, 4425603
2274, 4327695
2275, 4355281
2276, 4212693
2277, 4309178
2278, 4268048
2279, 4296351
2280, 4175647
2281, 4254571
2282, 4343580
2283, 4237090
2284, 4305697
2285, 4488766
2286, 4411797
2287, 4483405
2288, 4543321
2289, 4487176
2290, 4381494
2291, 4437239
2292, 4368413
2293, 4398265
2294, 4311738
2295, 4381314
2296, 4473588
2297, 4400015
2298, 4457624
2299, 4413488
2300, 4368182
2301, 4318405
2302, 4228870
2303, 4157813
2304, 4080836
2305, 4130799
2306, 4185564
2307, 4120176
2308, 4018835
2309, 3946955
2310, 4000332
2311, 3927831
2312, 3879459
2313, 3818303
2314, 3862423
2315, 3954751
2316, 3876180
2317, 3804911
2318, 3866898
2319, 3925088
2320, 3970276
2321, 3863430
2322, 3622693
2323, 3675289
2324, 4096908
2325, 4144058
2326, 4092493
2327, 4128693
2328, 4083968
2329, 4040972
2330, 3978009
2331, 3978009
2332, 4025914
2333, 4082517
2334, 4039034
2335, 4080092
2336, 4018985
2337, 4065995
2338, 4316467
2339, 4348126
2340, 4396114
2341, 4356836
2342, 4319830
2343, 4429102
2344, 4488616
2345, 4390247
2346, 4462083
2347, 4379815
2348, 4520183
2349, 4438930
2350, 4568797
2351, 4531102
2352, 4547726
2353, 4504109
2354, 4360809
2355, 4360809
2356, 4306614
2357, 4260970
2358, 4282270
2359, 4173127
2360, 4265807
2361, 4209446
2362, 4276623
2363, 4226513
2364, 4292721
2365, 4253117
2366, 4205251
2367, 4265201
2368, 4185818
2369, 4251723
2370, 4281474
2371, 4218669
2372, 4265272
2373, 4318358
2374, 4288528
2375, 4250539
2376, 4250539
2377, 4283726
2378, 4319696
2379, 4300546
2380, 4348868
2381, 4321385
2382, 4384394
2383, 4343970
2384, 4276961
2385, 4209912
2386, 4431903
2387, 4388695
2388, 4427203
2389, 4477279
2390, 4477279
2391, 4449612
2392, 4521722
2393, 4496564
2394, 4456336
2395, 4412401
2396, 4447400
2397, 4399360
2398, 4356407
2399, 4303073
2400, 4218414
2401, 4313415
2402, 4230165
2403, 4230165
2404, 4288956
2405, 4331353
2406, 4433387
2407, 4341780
2408, 4450876
2409, 4514156
2410, 4457649
2411, 4496629
2412, 4549864
2413, 4432859
2414, 4358788
2415, 4450782
2416, 4374547
2417, 4347427
2418, 4290902
2419, 4342783
2420, 4296359
2421, 4222239
2422, 4295125
2423, 4369772
2424, 4260375
2425, 4192175
2426, 4114981
2427, 4152840
2428, 4109848
2429, 4058130
2430, 4099127
2431, 4158658
2432, 4101437
2433, 4201637
2434, 4134616
2435, 4200134
2436, 4136690
2437, 4087160
2438, 4115710
2439, 4144901
2440, 4170060
2441, 4107150
2442, 4152413
2443, 4120195
2444, 4148474
2445, 4091678
2446, 4052839
2447, 4020110
2448, 4056218
2449, 4018312
2450, 4033657
2451, 3977149
2452, 4028922
2453, 3984937
2454, 4014013
2455, 3974462
2456, 3918332
2457, 3990936
2458, 4046762
2459, 3949819
2460, 3858493
2461, 3802558
2462, 3872164
2463, 3822612
2464, 3716406
2465, 3789577
2466, 3912277
2467, 4001308
2468, 4088812
2469, 4193924
2470, 4352911
2471, 4407362
2472, 4490204
2473, 4476991
2474, 4509107
2475, 4459258
2476, 4417145
2477, 4445500
2478, 4404595
2479, 4363057
2480, 4276995
2481, 4298289
2482, 4330103
2483, 4306449
2484, 4268453
2485, 4308068
2486, 4290735
2487, 4249592
2488, 4287923
2489, 4235574
2490, 4178879
2491, 4316524
2492, 4284103
2493, 4224454
2494, 4271708
2495, 4101011
2496, 4123999
2497, 4078841
2498, 4116419
2499, 4197212
2500, 4146180
2501, 4183260
2502, 4224384
2503, 4196752
2504, 4230181
2505, 4216232
2506, 4243305
2507, 4313421
2508, 4287122
2509, 4309357
2510, 4261218
2511, 4321316
2512, 4282444
2513, 4349658
2514, 4427802
2515, 4479065
2516, 4556148
2517, 4629952
2518, 4775199
2519, 5154435
2520, 5325180
2521, 5078496
2522, 5053558
2523, 5016152
2524, 5088269
2525, 5161284
2526, 5134884
2527, 4977956
2528, 4961443
2529, 5009185
2530, 5043897
2531, 5117587
2532, 5332143
2533, 5618590
2534, 5959407
2535, 6293035
2536, 6589479
2537, 6699452
2538, 6623524
2539, 6567920
2540, 6608922
2541, 6643634
2542, 6603553
2543, 6630401
2544, 6603139
2545, 6581345
2546, 6563146
2547, 6593027
2548, 6631921
2549, 6616583
2550, 6529636
2551, 6553210
2552, 6537613
2553, 6556855
2554, 6579548
2555, 6618756
2556, 6676495
2557, 6627888
2558, 6609016
2559, 6561161
2560, 6530382
2561, 6498816
2562, 6448942
2563, 6528044
2564, 6500934
2565, 6479265
2566, 6456818
2567, 6427406
2568, 6372649
2569, 6421432
2570, 6329642
2571, 6375313
2572, 6328005
2573, 6295503
2574, 6246053
2575, 6205937
2576, 6136711
2577, 6174717
2578, 6157028
2579, 6092463
2580, 6141900
2581, 6158301
2582, 6217085
2583, 6271091
2584, 6285871
2585, 6256202
2586, 6240142
2587, 6287384
2588, 6300920
2589, 6335813
2590, 6299363
2591, 6299363
2592, 6316699
2593, 6419601
2594, 6492832
2595, 6471942
2596, 6499780
2597, 6453219
2598, 6338427
2599, 6978062
2600, 6907831
2601, 6850809
2602, 6924040
2603, 6956378
2604, 6918039
2605, 6958488
2606, 6856028
2607, 6883364
2608, 6919703
2609, 6881921
2610, 6966556
2611, 6795256
2612, 6827814
2613, 6857262
2614, 6832480
2615, 6815367
2616, 6831590
2617, 6781583
2618, 6723354
2619, 6739246
2620, 6709241
2621, 6678570
2622, 6646343
2623, 6689125
2624, 6648076
2625, 6663300
2626, 6685281
2627, 6662547
2628, 6690683
2629, 6655623
2630, 6632556
2631, 6651349
2632, 6635742
2633, 6699597
2634, 6716303
2635, 6693003
2636, 6640688
2637, 6569469
2638, 6648931
2639, 6554263
2640, 6496563
2641, 6551076
2642, 6487112
2643, 6672962
2644, 7000369
2645, 6880574
2646, 6942341
2647, 6900797
2648, 6942670
2649, 6979047
2650, 6949811
2651, 6981984
2652, 7034740
2653, 7000119
2654, 6971434
2655, 6952310
2656, 7001306
2657, 7079119
2658, 7115717
2659, 7079010
2660, 7038089
2661, 7038089
2662, 6997424
2663, 6764974
2664, 6804209
2665, 6742883
2666, 6707932
2667, 6748266
2668, 6774653
2669, 6738494
2670, 6838302
2671, 6787306
2672, 6828739
2673, 6828739
2674, 6797417
2675, 6767303
2676, 6818080
2677, 6818080
2678, 6848461
2679, 6821644
2680, 6797906
2681, 6838792
2682, 6880446
2683, 6846375
2684, 6811533
2685, 6866265
2686, 6841865
2687, 6841865
2688, 6800199
2689, 6833795
2690, 6863270
2691, 6846673
2692, 6898108
2693, 6844672
2694, 6873939
2695, 6902118
2696, 6929972
2697, 6899506
2698, 6927033
2699, 6899288
2700, 6923223
2701, 6956626
2702, 7003629
2703, 6987853
2704, 6965652
2705, 6987521
2706, 6994485
2707, 6950094
2708, 6950094
2709, 6981256
2710, 7042361
2711, 7296853
2712, 7204153
2713, 7263496
2714, 7177868
2715, 7051982
2716, 6981152
2717, 7038383
2718, 6964396
2719, 7040450
2720, 7101054
2721, 7469464
2722, 7428663
2723, 7528861
2724, 7486971
2725, 7519819
2726, 7519819
2727, 7444744
2728, 7334097
2729, 7207275
2730, 7115179
2731, 7154899
2732, 7213248
2733, 7173757
2734, 7123216
2735, 7154442
2736, 7121187
2737, 7068272
2738, 7159939
2739, 7099496
2740, 7147261
2741, 7053987
2742, 7153824
2743, 7232980
2744, 7147528
2745, 7214452
2746, 7150869
2747, 7180277
2748, 7233827
2749, 7208354
2750, 7187389
2751, 7166002
2752, 7146265
2753, 7076614
2754, 7125584
2755, 7082644
2756, 7045412
2757, 7097513
2758, 7117510
2759, 7117510
2760, 7203866
2761, 7248901
2762, 7318005
2763, 7340450
2764, 7311388
2765, 7267221
2766, 7333983
2767, 7224314
2768, 7278285
2769, 7311053
2770, 7268341
2771, 7231800
2772, 7193142
2773, 7246801
2774, 7168094
2775, 7076002
2776, 7002881
2777, 6939051
2778, 6977458
2779, 6885552
2780, 6926681
2781, 6975793
2782, 6859304
2783, 6811731
2784, 6842214
2785, 6785685
2786, 6833913
2787, 6814087
2788, 6844234
2789, 6804546
2790, 6859460
2791, 6841607
2792, 6812384
2793, 6812384
2794, 6837086
2795, 6783556
2796, 6744332
2797, 6700145
2798, 6779677
2799, 6818500
2800, 6797560
2801, 6829067
2802, 6863124
2803, 6834566
2804, 6880548
2805, 6853867
2806, 6869211
2807, 6850196
2808, 6901493
2809, 6941233
2810, 6941233
2811, 6941233
2812, 6967156
2813, 6942805
2814, 6959305
2815, 6959305
2816, 6904401
2817, 6939237
2818, 6958803
2819, 6928856
2820, 6900315
2821, 6918338
2822, 6952709
2823, 6865432
2824, 6895793
2825, 6929876
2826, 6982741
2827, 7210228
2828, 7237518
2829, 7210352
2830, 7190772
2831, 7210311
2832, 7236723
2833, 7277372
2834, 7307825
2835, 7291901
2836, 7330402
2837, 7330402
2838, 7369927
2839, 7439606
2840, 7408879
2841, 7421331
2842, 7449326
2843, 7435854
2844, 7462496
2845, 7378072
2846, 7429830
2847, 7392286
2848, 7365410
2849, 7448267
2850, 7103489
2851, 7156277
2852, 7085334
2853, 7139080
2854, 7189419
2855, 7206908
2856, 7169452
2857, 7124057
2858, 7088531
2859, 7146263
2860, 7187229
2861, 7262941
2862, 7238202
2863, 7238202
2864, 7198550
2865, 7266052
2866, 7297942
2867, 7247871
2868, 7268609
2869, 7229704
2870, 7229704
2871, 7276186
2872, 7276186
2873, 7264331
2874, 7184017
2875, 7224599
2876, 7205945
2877, 7230417
2878, 7213921
2879, 7171354
2880, 7183842
2881, 7203859
2882, 7194893
2883, 7234269
2884, 7263476
2885, 7205498
2886, 7157446
2887, 7120497
2888, 7145404
2889, 7030770
2890, 6972725
2891, 7027097
2892, 7063249
2893, 7223831
2894, 7124437
2895, 7032534
2896, 7117706
2897, 7059762
2898, 7017105
2899, 7067434
2900, 7112730
2901, 7172243
2902, 7212746
2903, 7168937
2904, 7209284
2905, 7167286
2906, 7131677
2907, 7165622
2908, 7292173
2909, 7245224
2910, 7269424
2911, 7309074
2912, 7420601
2913, 7390061
2914, 7365615
2915, 7390032
2916, 7390032
2917, 7369843
2918, 7419442
2919, 7387664
2920, 7360475
2921, 7333992
2922, 7299490
2923, 7330311
2924, 7343018
2925, 7308714
2926, 7582080
2927, 7510304
2928, 7601631
2929, 7700072
2930, 7667589
2931, 7644799
2932, 7610881
2933, 7641437
2934, 7668954
2935, 7708630
2936, 7666046
2937, 7630533
2938, 7559270
2939, 7606542
2940, 7533197
2941, 7500327
2942, 7461460
2943, 7490859
2944, 7525139
2945, 7478526
2946, 7558445
2947, 7459888
2948, 7577418
2949, 7511089
2950, 7474138
2951, 7417406
2952, 7491497
2953, 7558037
2954, 7610148
2955, 7697987
2956, 7645343
2957, 7609314
2958, 7651551
2959, 7602835
2960, 7551647
2961, 7446485
2962, 7541951
2963, 7600674
2964, 7551482
2965, 7480729
2966, 7558628
2967, 7654688
2968, 7537886
2969, 7585145
2970, 7540907
2971, 7472408
2972, 7682786
2973, 7737026
2974, 7794196
2975, 7752599
2976, 7782847
2977, 7804038
2978, 7767466
2979, 7742884
2980, 7753009
2981, 7720942
2982, 7755462
2983, 7804478
2984, 7769823
2985, 7743656
2986, 7717775
2987, 7695366
2988, 7723471
2989, 7687877
2990, 7713688
2991, 7665213
2992, 7687581
2993, 7656907
2994, 7586642
2995, 7641587
2996, 7721956
2997, 7762196
2998, 7911895
2999, 7881515
3000, 7842950
3001, 7879131
3002, 7849087
3003, 7849087
3004, 7881079
3005, 7848148
3006, 7880157
3007, 7842406
3008, 7871266
3009, 7890518
3010, 7904992
3011, 7888503
3012, 7912704
3013, 7889084
3014, 7927292
3015, 7963416
3016, 7943773
3017, 7993086
3018, 8026009
3019, 7910921
3020, 7863550
3021, 7863550
3022, 7907173
3023, 7907173
3024, 7859460
3025, 7911990
3026, 7886228
3027, 7929103
3028, 7984219
3029, 7984219
3030, 8009654
3031, 7958601
3032, 7958601
3033, 7823714
3034, 7754629
3035, 7681638
3036, 7737242
3037, 7817034
3038, 7748948
3039, 7748948
3040, 7663598
3041, 7755167
3042, 7884919
3043, 7672972
3044, 7768271
3045, 7866272
3046, 7786517
3047, 7868246
3048, 7868246
3049, 7937486
3050, 8021810
3051, 7972191
3052, 8071288
3053, 8131176
3054, 8056340
3055, 8122845
3056, 8197122
3057, 8099511
3058, 8229316
3059, 8229316
3060, 8362760
3061, 8263872
3062, 8183857
3063, 8183857
3064, 8106241
3065, 8201225
3066, 8249432
3067, 8306887
3068, 8228109
3069, 8344878
3070, 8404686
3071, 8359329
3072, 8311596
3073, 8363766
3074, 8330511
3075, 8255543
3076, 8173903
3077, 8097820
3078, 8197870
3079, 8109620
3080, 8224843
3081, 8254904
3082, 8284404
3083, 8242275
3084, 8308769
3085, 8353111
3086, 8417133
3087, 8394356
3088, 8440975
3089, 8508832
3090, 8548125
3091, 8637349
3092, 8586521
3093, 8546243
3094, 8479842
3095, 8519676
3096, 8414576
3097, 8414576
3098, 8370169
3099, 8493750
3100, 8763789
3101, 8216482
3102, 8134803
3103, 7953588
3104, 8087864
3105, 7962119
3106, 8066648
3107, 8031347
3108, 7915994
3109, 7781072
3110, 7892137
3111, 7784909
3112, 7845817
3113, 7777428
3114, 7687129
3115, 7732954
3116, 7786634
3117, 7837442
3118, 7924793
3119, 7924793
3120, 7751285
3121, 7834573
3122, 7778869
3123, 7798435
3124, 7745064
3125, 7688195
3126, 7734274
3127, 7778794
3128, 7741967
3129, 7677492
3130, 7720645
3131, 7795862
3132, 7746290
3133, 7791425
3134, 7740919
3135, 7673471
3136, 7724345
3137, 7690462
3138, 7712322
3139, 7752621
3140, 7714642
3141, 7730085
3142, 7761394
3143, 7814530
3144, 7748092
3145, 7792171
3146, 7953976
3147, 8136411
3148, 8218288
3149, 8366378
3150, 8366378
3151, 8452955
3152, 8452955
3153, 8398725
3154, 8335717
3155, 8371676
3156, 8284476
3157, 8331731
3158, 8292031
3159, 8167851
3160, 8255878
3161, 8332026
3162, 8332026
3163, 8258248
3164, 8258248
3165, 8344162
3166, 8481380
3167, 8582819
3168, 8582819
3169, 8671199
3170, 8781165
3171, 8781165
3172, 8913244
3173, 8818420
3174, 8767342
3175, 8717484
3176, 8755746
3177, 8847890
3178, 8898852
3179, 8944566
3180, 8992730
3181, 8943044
3182, 9008922
3183, 8969939
3184, 9033720
3185, 9033720
3186, 9092695
3187, 9137365
3188, 9095143
3189, 9162682
3190, 9116605
3191, 9194363
3192, 9162020
3193, 9212943
3194, 9156379
3195, 9050131
3196, 9138342
3197, 9092524
3198, 9137738
3199, 9098637
