15.0, 33.73819163292849
16.0, 28.669724770642205
17.0, 17.016574585635354
18.0, 28.950663661407475
19.0, 32.41727425687044
20.0, 27.748184019370385
21.0, 37.13802578735992
22.0, 34.1895310371667
23.0, 32.792086599477344
24.0, 29.952267303102587
25.0, 35.34225019669546
26.0, 37.596250418480025
27.0, 53.602305475504316
28.0, 63.84976525821602
29.0, 49.63897484725858
30.0, 56.38528949142387
31.0, 58.07745718253357
32.0, 56.2550313959105
33.0, 56.13753213367609
34.0, 56.33212414349053
35.0, 56.58759416573169
36.0, 59.33114864297117
37.0, 58.27830967315947
38.0, 57.8912847421497
39.0, 56.91636607667143
40.0, 55.64211907495489
41.0, 48.13003452243958
42.0, 40.66476524791572
43.0, 56.431724767849
44.0, 50.0
45.0, 45.56599267632541
46.0, 39.19474116680358
47.0, 44.610365165014414
48.0, 43.624984660694544
49.0, 41.89958264828633
50.0, 40.14784294716432
51.0, 47.247706422018325
52.0, 47.2594246031746
53.0, 43.64762027602218
54.0, 44.726407613005534
55.0, 44.321661563040905
56.0, 39.382519205682
57.0, 46.72247446083997
58.0, 40.111966410076995
59.0, 42.76973586031935
60.0, 54.11707157997719
61.0, 50.68349106203999
62.0, 58.561576354679794
63.0, 54.60824519749621
64.0, 56.688326237956545
65.0, 43.78366731307911
66.0, 56.60418013359188
67.0, 58.05524861878451
68.0, 56.812283737024245
69.0, 61.86748138247085
70.0, 47.94999080713367
71.0, 41.63934426229505
72.0, 53.05998788123609
73.0, 51.58060082466132
74.0, 55.098324836125244
75.0, 50.73529411764705
76.0, 43.14925132828851
77.0, 41.71855541718553
78.0, 42.418486862931296
79.0, 48.13517772719312
80.0, 37.949260042283285
81.0, 38.512569832402214
82.0, 27.526828050910837
83.0, 41.41617914060923
84.0, 41.588169755899905
85.0, 38.61199924769607
86.0, 37.7218088151116
87.0, 39.466167635181684
88.0, 36.34386328327288
89.0, 37.63666947014298
90.0, 39.241477584128006
91.0, 38.243777374212144
92.0, 39.22757740185123
93.0, 37.734668335419286
94.0, 45.248456633943924
95.0, 41.36865755476502
96.0, 57.40016589643322
97.0, 43.11708860759496
98.0, 52.91547639052261
99.0, 60.8737676396675
100.0, 49.60586617781853
101.0, 48.06159420289857
102.0, 44.50251645373599
103.0, 43.729146221786046
104.0, 48.08979063241961
105.0, 55.990990990991016
106.0, 47.599039615846394
107.0, 51.36972193614825
108.0, 50.37831021437572
109.0, 64.58431188351335
110.0, 49.90341274951706
111.0, 45.198403381075295
112.0, 49.050425671250785
113.0, 41.48818316100441
114.0, 50.596321002627825
115.0, 53.79419944378227
116.0, 53.876660717826674
117.0, 52.49227202472956
118.0, 58.22290180088349
119.0, 51.14590058101998
120.0, 51.967858314201344
121.0, 61.48586456278763
122.0, 49.5387337293062
123.0, 50.5449591280654
124.0, 58.92347600518809
125.0, 49.851239669421524
126.0, 50.61848958333336
127.0, 49.385983485073055
128.0, 52.09898807734699
129.0, 47.07379134860054
130.0, 50.89621404214394
131.0, 51.49504600141543
132.0, 46.37510207785138
133.0, 48.82032667876589
134.0, 48.64839139539312
135.0, 43.23442760942766
136.0, 48.684834123222785
137.0, 45.41215023947567
138.0, 45.18415390456903
139.0, 54.77980665950587
140.0, 55.61746987951802
141.0, 54.824821852731574
142.0, 47.58937356510328
143.0, 55.139654189625645
144.0, 48.74077290490664
145.0, 46.927257525083576
146.0, 51.526279550149134
147.0, 64.2381846101348
148.0, 64.63519313304715
149.0, 50.71762618932429
150.0, 50.063673989175385
151.0, 56.15653389238294
152.0, 50.055788005578826
153.0, 47.180228736689884
154.0, 39.17650620647899
155.0, 47.3819113877701
156.0, 48.74741005839146
157.0, 48.74741005839146
158.0, 37.86331500392773
159.0, 45.458483754512656
160.0, 45.458483754512656
161.0, 28.268796666087866
162.0, 34.06735751295341
163.0, 34.13051538746757
164.0, 32.93970298801217
165.0, 32.38318600036084
166.0, 55.429650613786585
167.0, 52.75388368211581
168.0, 45.17408550022038
169.0, 45.0797141286421
170.0, 47.77289836888331
171.0, 44.28183756541965
172.0, 50.44451761606848
173.0, 54.68232460102378
174.0, 47.52267969295185
175.0, 54.290788730120255
176.0, 55.844966076581116
177.0, 58.39993475778828
178.0, 54.45213291764886
179.0, 50.86026692394276
180.0, 39.628605294350045
181.0, 43.1315732989912
182.0, 50.05604683024038
183.0, 50.28149630927062
184.0, 48.979329824110934
185.0, 54.22885572139306
186.0, 52.205071664829084
187.0, 39.539748953974865
188.0, 53.55371900826445
189.0, 33.50236646382692
190.0, 11.966410076976885
191.0, 29.879275653923443
192.0, 38.25676255903815
193.0, 33.814041745730464
194.0, 52.877600648473404
195.0, 58.99365154008937
196.0, 52.500523121992025
197.0, 52.21644120707598
198.0, 51.673331930119964
199.0, 49.47601773478437
200.0, 54.03865717192276
201.0, 57.22401060405234
202.0, 57.22401060405234
203.0, 49.646788237226886
204.0, 54.13830168398424
205.0, 49.135704351281575
206.0, 58.50050658561299
207.0, 47.78219132737503
208.0, 45.71576049552649
209.0, 31.45427286356822
210.0, 34.26106770833337
211.0, 31.024318349299932
212.0, 23.481279444582228
213.0, 34.48730629739532
214.0, 31.61804284637745
215.0, 28.113758992805785
216.0, 25.987115544472175
217.0, 35.959042984590454
218.0, 33.80348803964549
219.0, 32.53233055122445
220.0, 29.846622844622274
221.0, 39.89482367498453
222.0, 34.8132408857079
223.0, 41.3687707641196
224.0, 43.12234111125435
225.0, 47.006745362563244
226.0, 53.80408557181923
227.0, 47.56253423406975
228.0, 48.27650111193477
229.0, 50.388156706986805
230.0, 56.044176706827315
231.0, 48.213863259995264
232.0, 60.69484054964999
233.0, 67.73726851851853
234.0, 59.19089759797726
235.0, 54.624683722237855
236.0, 50.0
237.0, 53.01387137452713
238.0, 47.10493046776233
239.0, 50.0
240.0, 65.5599719429507
241.0, 57.31373037627711
242.0, 67.49304911955517
243.0, 67.75453918639393
244.0, 61.60919540229887
245.0, 67.70961504658115
246.0, 67.50398018751108
247.0, 62.2207728680907
248.0, 65.95229865191845
249.0, 64.69534050179215
250.0, 67.71712624273121
251.0, 69.0133237306446
252.0, 73.61160240537674
253.0, 63.42518423582186
254.0, 55.939562348037526
255.0, 58.37259876766949
256.0, 53.170234454638134
257.0, 51.40681193145761
258.0, 58.92337536372457
259.0, 45.861297539149874
260.0, 46.05095541401277
261.0, 45.94852240228785
262.0, 56.209150326797364
263.0, 54.35806831566548
264.0, 37.14285714285716
265.0, 35.30751708428244
266.0, 26.36520406208085
267.0, 39.23949830778418
268.0, 41.45218664992675
269.0, 41.45218664992675
270.0, 42.93289822557615
271.0, 40.00776096235931
272.0, 39.261233815689245
273.0, 31.05693771915179
274.0, 33.66002570694083
275.0, 32.36021007105343
276.0, 30.458948705732865
277.0, 29.713400464755978
278.0, 40.49005824462744
279.0, 33.9883697613796
280.0, 44.856408058294036
281.0, 36.79685580938346
282.0, 43.22594880847307
283.0, 39.30577849117173
284.0, 42.67576274398334
285.0, 42.05415499533148
286.0, 42.32287164066905
287.0, 49.505385799076706
288.0, 40.507803400885194
289.0, 49.02734705384834
290.0, 40.55083504248465
291.0, 44.714964370546355
292.0, 41.9297200714711
293.0, 38.38604143947656
294.0, 29.006318207926498
295.0, 36.140532162231985
296.0, 23.07309796121335
297.0, 35.08599508599511
298.0, 24.39671814671813
299.0, 32.52688172043011
300.0, 28.57449549162729
301.0, 29.459938025675086
302.0, 29.169406092483015
303.0, 33.071029198591816
304.0, 38.03251697880222
305.0, 38.26122616362518
306.0, 38.53779429987608
307.0, 41.42064372918979
308.0, 43.597490123169855
309.0, 37.89500509683996
310.0, 54.962779156327535
311.0, 45.274551214361125
312.0, 49.380938669737986
313.0, 50.36702428006775
314.0, 45.88477366255147
315.0, 46.2056462056462
316.0, 59.94132250056423
317.0, 52.66637285147643
318.0, 55.165936130244184
319.0, 53.90557939914161
320.0, 35.108315863032814
321.0, 44.99493157627975
322.0, 46.7819051121736
323.0, 45.30990263595344
324.0, 40.212876427829706
325.0, 39.39471007121058
326.0, 41.839837810440955
327.0, 38.824470211915234
328.0, 44.62999846790257
329.0, 39.85497332056369
330.0, 39.105139215957884
331.0, 41.235758106923754
332.0, 33.010676156583656
333.0, 36.37961335676628
334.0, 60.87744742567077
335.0, 43.95375284306295
336.0, 50.749500333111264
337.0, 53.822314049586794
338.0, 59.34515688949523
339.0, 60.42599166538045
340.0, 63.0600777985881
341.0, 60.42241855328547
342.0, 54.177497215001836
343.0, 60.180008182190086
344.0, 55.73074590661007
345.0, 50.49450549450549
346.0, 62.77558302536
347.0, 63.884767556874365
348.0, 57.08486616770266
349.0, 64.71873293282357
350.0, 59.12039234298369
351.0, 52.279548377876225
352.0, 51.977563641593534
353.0, 48.27033524776278
354.0, 43.05535270921571
355.0, 45.49037441261181
356.0, 57.62737875997547
357.0, 54.474879156291195
358.0, 43.127127597135804
359.0, 56.01014906438313
360.0, 41.08810393828664
361.0, 39.94205298013246
362.0, 41.947402738535104
363.0, 40.392769471100216
364.0, 44.41207075962541
365.0, 43.497757847533634
366.0, 37.63659738590102
367.0, 41.32941176470589
368.0, 46.04676454594889
369.0, 41.97791164658636
370.0, 34.16749750747758
371.0, 43.507314430196864
372.0, 53.12726895550255
373.0, 52.596244623937885
374.0, 67.94471689701292
375.0, 60.2468610342626
376.0, 59.966108875238284
377.0, 60.15180265654648
378.0, 55.08003920287487
379.0, 55.170157068062835
380.0, 56.78042209250113
381.0, 52.58889582033687
382.0, 52.09580838323354
383.0, 52.63772423309627
384.0, 56.474205671335845
385.0, 51.650853889943065
386.0, 44.83331356032745
387.0, 32.73542600896863
388.0, 20.25381581203912
389.0, 23.75779521223096
390.0, 23.96996143697993
391.0, 24.000811523635633
392.0, 25.310226786478395
393.0, 31.321154355308437
394.0, 28.630203291384305
395.0, 47.081068305365164
396.0, 31.84565318456532
397.0, 56.102401270093246
398.0, 62.09345794392522
399.0, 59.17052546808936
400.0, 73.76475732400522
401.0, 73.76475732400522
402.0, 53.445271661650544
403.0, 53.767500393267255
404.0, 51.678258240096746
405.0, 50.722021660649816
406.0, 50.0
407.0, 49.104412407164716
408.0, 51.91685912240186
409.0, 45.07562434048542
410.0, 67.06870849708633
411.0, 58.877086494688925
412.0, 55.20661157024793
413.0, 54.09373235460195
414.0, 50.0
415.0, 45.90626764539806
416.0, 47.992916174734354
417.0, 49.5803128576879
418.0, 50.08672191173637
419.0, 50.871011939714215
420.0, 52.793012390818596
421.0, 37.71038885664537
422.0, 39.18402039949002
423.0, 48.6728837876614
424.0, 22.884693738965098
425.0, 34.7265400115141
426.0, 30.024962556165747
427.0, 35.06902622069859
428.0, 34.958899048674596
429.0, 36.690302798006904
430.0, 41.57437567861021
431.0, 45.35391489793846
432.0, 46.31338794980816
433.0, 48.90950360209217
434.0, 48.90950360209217
435.0, 61.98099049524763
436.0, 65.01726121979286
437.0, 58.83547731888964
438.0, 70.9271955599086
439.0, 62.85714285714287
440.0, 87.21064814814814
441.0, 65.6874265569918
442.0, 72.26027397260273
443.0, 66.9581224114128
444.0, 71.73646828312515
445.0, 74.25256581883087
446.0, 62.73327049952874
447.0, 54.04684821938679
448.0, 60.526746278423026
449.0, 60.578336873059975
450.0, 44.263059701492544
451.0, 42.00973882248784
452.0, 38.96797153024913
453.0, 38.96797153024913
454.0, 48.199349442379194
455.0, 41.43613302706482
456.0, 38.097751504275315
457.0, 38.426320272572404
458.0, 40.983773854474954
459.0, 30.926916221033864
460.0, 34.32270673018199
461.0, 36.05337439055684
462.0, 24.97115754390464
463.0, 24.34127979924716
464.0, 38.067312595614474
465.0, 35.25799976384461
466.0, 49.51902969468842
467.0, 45.78499613302398
468.0, 43.16984191325497
469.0, 44.163383786025285
470.0, 52.849514138142354
471.0, 60.08500772797527
472.0, 51.564692674712326
473.0, 53.118901337188284
474.0, 54.43304763242939
475.0, 52.981400437636765
476.0, 58.91806866365751
477.0, 59.274803908077594
478.0, 55.7938965059708
479.0, 60.61270861082817
480.0, 54.31449051810179
481.0, 53.92792792792792
482.0, 50.22386606969047
483.0, 65.18574842494026
484.0, 55.59219565814784
485.0, 42.13070725156669
486.0, 42.51129177958446
487.0, 55.446653598431794
488.0, 48.53447089583046
489.0, 55.79467985563428
490.0, 50.0
491.0, 41.96167998984901
492.0, 40.26053080107133
493.0, 39.232198142414866
494.0, 34.62295081967213
495.0, 38.2101073453142
496.0, 36.30945558739257
497.0, 43.29591836734694
498.0, 43.6289500509684
499.0, 53.65015505825162
500.0, 44.485370769337685
501.0, 47.412771560237005
502.0, 47.65433732548138
503.0, 39.70802035376788
504.0, 47.49419708799324
505.0, 48.74654827007417
506.0, 50.67814151097555
507.0, 48.97054165346848
508.0, 52.57487015139796
509.0, 49.04386371836504
510.0, 52.136925258253996
511.0, 45.022296244560245
512.0, 46.97103176659584
513.0, 40.38450334983978
514.0, 54.69633819589164
515.0, 41.03139013452915
516.0, 53.9221827799819
517.0, 50.34442422667013
518.0, 41.51102265768524
519.0, 45.74152712122426
520.0, 44.52817824377456
521.0, 44.40813659014786
522.0, 46.06910762402916
523.0, 53.31353415358506
524.0, 50.04539676775015
525.0, 60.70744902205577
526.0, 55.00418410041842
527.0, 59.21571601941748
528.0, 58.571538639340474
529.0, 63.302523107669266
530.0, 41.34839210276748
531.0, 62.76754604280738
532.0, 62.47240618101547
533.0, 48.33197721724979
534.0, 51.68163141074418
535.0, 54.30993123300816
536.0, 51.97512186922171
537.0, 41.52314512026742
538.0, 40.58342226965491
539.0, 34.37843784378437
540.0, 36.133135117277824
541.0, 28.852700340417712
542.0, 35.39682539682539
543.0, 33.80944781359719
544.0, 52.77777777777778
545.0, 52.025048796356536
546.0, 46.829843703922144
547.0, 62.87811567314674
548.0, 51.62374020156775
549.0, 51.65459027414657
550.0, 50.309563697283124
551.0, 60.608985608985606
552.0, 66.02257043111149
553.0, 64.72521915037086
554.0, 63.75259443752594
555.0, 65.54608585858585
556.0, 59.282807731434396
557.0, 61.29371548777281
558.0, 51.220589859715005
559.0, 42.94573643410854
560.0, 51.719309164462416
561.0, 36.36890951276102
562.0, 56.673696896655585
563.0, 61.66355638496399
564.0, 63.89502762430938
565.0, 69.4340505144995
566.0, 57.16158636512614
567.0, 57.16158636512614
568.0, 72.2023505365355
569.0, 68.81627973631414
570.0, 55.57870370370369
571.0, 57.911239749155776
572.0, 58.00240673886881
573.0, 57.877041306436084
574.0, 50.0
575.0, 56.15627466456194
576.0, 56.43466190759469
577.0, 54.942575881870376
578.0, 57.526304487867726
579.0, 50.56235941014749
580.0, 63.32962550982573
581.0, 60.246913580246925
582.0, 51.5373038056332
583.0, 49.59749552772807
584.0, 73.24287652645862
585.0, 74.38758845944477
586.0, 76.85116851168513
587.0, 50.85463128764447
588.0, 63.49451568051908
589.0, 58.78399999999999
590.0, 65.9439450026441
591.0, 67.62192056309704
592.0, 72.20843672456576
593.0, 62.458006718924956
594.0, 56.84865386678107
595.0, 58.58295567591465
596.0, 64.32447872036559
597.0, 64.14697158166682
598.0, 62.41725175526578
599.0, 65.65850976079184
600.0, 51.65724759431801
601.0, 61.451803397837736
602.0, 56.658168268287895
603.0, 57.86680020030046
604.0, 51.4819513320263
605.0, 47.50436735712504
606.0, 37.21832562304133
607.0, 56.25990491283679
608.0, 56.25990491283679
609.0, 56.25990491283679
610.0, 42.39198497182217
611.0, 38.86337543053959
612.0, 41.25758411472697
613.0, 28.984218715270103
614.0, 77.82608695652172
615.0, 59.02720527617476
616.0, 64.33224755700324
617.0, 67.40262962044153
618.0, 51.68346965950161
619.0, 51.68346965950161
620.0, 53.48837209302325
621.0, 42.585895117540666
622.0, 37.79338014042125
623.0, 48.14381270903009
624.0, 43.561809653502785
625.0, 43.793732887131135
626.0, 46.73489981259911
627.0, 45.130875316633826
628.0, 37.73554774832321
629.0, 33.13700743233768
630.0, 30.988565639021544
631.0, 27.339225845778728
632.0, 40.016934801016106
633.0, 40.907574240907586
634.0, 36.263913534441045
635.0, 32.440692766700636
636.0, 51.98823529411766
637.0, 38.25270919450341
638.0, 49.856674856674864
639.0, 54.15817366490011
640.0, 51.29926375054134
641.0, 50.05282062117051
642.0, 50.0
643.0, 56.512404580152676
644.0, 52.463736020374256
645.0, 52.463736020374256
646.0, 59.43494283284513
647.0, 57.05741626794257
648.0, 56.874254792259
649.0, 62.32741617357001
650.0, 52.62225372076541
651.0, 65.59356136820927
652.0, 57.16182572614106
653.0, 53.886010362694314
654.0, 53.886010362694314
655.0, 60.27017024426349
656.0, 61.14545454545452
657.0, 64.58613405031684
658.0, 67.5436834705764
659.0, 59.10369068541301
660.0, 33.72250882432799
661.0, 36.94229625223082
662.0, 65.57814746354487
663.0, 63.86373436826218
664.0, 63.933720680008605
665.0, 45.90045248868776
666.0, 41.00905562742563
667.0, 55.272192251103476
668.0, 51.064793837788855
669.0, 49.535639656373334
670.0, 49.11623551445628
671.0, 51.2958435207824
672.0, 54.2303248170497
673.0, 63.00233341975628
674.0, 63.94736842105263
675.0, 54.79760965159546
676.0, 48.04976026953481
677.0, 51.46489104116223
678.0, 51.358893472458135
679.0, 57.607512248230826
680.0, 65.15778951877765
681.0, 51.34596211365901
682.0, 65.85554268057165
683.0, 56.03944124897288
684.0, 53.503487634749526
685.0, 55.927873779113455
686.0, 54.35550323719835
687.0, 50.0
688.0, 49.64788732394366
689.0, 62.41448692152915
690.0, 47.523730912092425
691.0, 53.93115942028983
692.0, 53.83363471971067
693.0, 58.2469184112698
694.0, 46.841267032383655
695.0, 43.44329558509766
696.0, 34.46177253708636
697.0, 47.01539759544403
698.0, 54.501412999596305
699.0, 51.0744519209898
700.0, 54.386348720192515
701.0, 43.45195729537366
702.0, 54.27487598482637
703.0, 51.54496328114174
704.0, 65.28051181102363
705.0, 57.700876281004035
706.0, 55.58735155243954
707.0, 57.62457337883959
708.0, 59.66921119592876
709.0, 62.07352941176469
710.0, 63.94519781909687
711.0, 59.684134960516865
712.0, 58.28877005347593
713.0, 61.95121951219511
714.0, 58.65486257928117
715.0, 71.85123738421123
716.0, 68.1725808972956
717.0, 73.00298309579048
718.0, 62.7560106856634
719.0, 64.867747440273
720.0, 65.76557093425609
721.0, 63.28849721706863
722.0, 73.02649183837308
723.0, 76.46399551695166
724.0, 73.88059701492548
725.0, 79.60614152202947
726.0, 78.19414703783023
727.0, 74.37080536912764
728.0, 80.15370705244142
729.0, 62.23175965665241
730.0, 60.25806451612917
731.0, 51.29682997118161
732.0, 52.63157894736839
733.0, 57.50663129973479
734.0, 49.93090741593735
735.0, 62.32235701906416
736.0, 71.7497291440953
737.0, 55.9096665259603
738.0, 56.56061551258054
739.0, 56.874483897605316
740.0, 63.046170175128225
741.0, 61.37702503681891
742.0, 64.76861894432398
743.0, 63.315073334511396
744.0, 54.75866757307951
745.0, 53.379721669980114
746.0, 54.266211604095595
747.0, 59.16412712233349
748.0, 63.04314210607702
749.0, 58.74331089245642
750.0, 42.406114988368195
751.0, 52.483801295896335
752.0, 53.25478076105856
753.0, 45.46673370202778
754.0, 36.37074696910444
755.0, 36.43486777668947
756.0, 48.573692551505545
757.0, 46.5522478736331
758.0, 47.93556459180485
759.0, 52.77154758090358
760.0, 54.76446217584775
761.0, 45.91818015043111
762.0, 44.98562185478074
763.0, 53.38105391410298
764.0, 49.56866072691274
765.0, 48.75700531685586
766.0, 47.153050822775604
767.0, 57.61298149833186
768.0, 62.4983228230243
769.0, 62.63368983957221
770.0, 45.34736842105264
771.0, 51.57710280373828
772.0, 52.302680290241376
773.0, 58.28260588006735
774.0, 40.04679274712418
775.0, 48.123154787009696
776.0, 45.596227621483365
777.0, 49.863740148781034
778.0, 51.976967370441464
779.0, 55.553186953741225
780.0, 54.13377648525134
781.0, 52.028964726125594
782.0, 49.96260843553696
783.0, 46.49245388485188
784.0, 51.472329091447165
785.0, 54.88064937745065
786.0, 57.36766809728182
787.0, 57.039884670831334
788.0, 71.96631578947367
789.0, 62.08487919645278
790.0, 61.69409225789047
791.0, 55.387998743323884
792.0, 55.79702500263743
793.0, 48.025419881979126
794.0, 48.06905951840075
795.0, 49.10754631721644
796.0, 45.311628944140914
797.0, 49.68215158924205
798.0, 51.31874630396214
799.0, 43.747437474374735
800.0, 39.8209644816633
801.0, 29.163834126444556
802.0, 28.001381931248815
803.0, 46.25385990573704
804.0, 46.65573770491802
805.0, 49.02083659721134
806.0, 54.67412196400488
807.0, 63.30336330336333
808.0, 69.7021276595745
809.0, 66.65550159102335
810.0, 69.00138696255203
811.0, 72.15977866159432
812.0, 63.65084985835696
813.0, 67.23064644852356
814.0, 70.2851202851203
815.0, 71.06709080393293
816.0, 72.90086673889493
817.0, 69.93689903846158
818.0, 74.4919187069931
819.0, 71.63701067615659
820.0, 80.5087296809151
821.0, 71.90527448869747
822.0, 66.3889730384732
823.0, 69.43218145836502
824.0, 63.62114660343146
825.0, 64.84701442242891
826.0, 64.90825688073394
827.0, 65.9153453020574
828.0, 57.01820940819423
829.0, 59.24949046876873
830.0, 56.034148234381064
831.0, 53.56557377049179
832.0, 56.32002298190177
833.0, 51.550118170443476
834.0, 40.63032367972741
835.0, 50.05919161170306
836.0, 61.833084947839055
837.0, 56.93189964157705
838.0, 66.68679245283013
839.0, 53.57142857142857
840.0, 54.84271523178806
841.0, 61.04035233900722
842.0, 67.44706037090617
843.0, 64.3628509719222
844.0, 66.50879566982404
845.0, 68.73420919656388
846.0, 62.22552607502283
847.0, 71.94032780449501
848.0, 72.47255921432694
849.0, 76.03721398038718
850.0, 67.63040494166094
851.0, 72.7295061829498
852.0, 72.21063172828174
853.0, 78.25811702993582
854.0, 81.78878393328232
855.0, 77.14167185231284
856.0, 66.18615411995017
857.0, 69.11824461600976
858.0, 65.27372853903466
859.0, 64.78896370504188
860.0, 69.22874440642278
861.0, 63.597674901390924
862.0, 61.71940049958372
863.0, 58.11411001024944
864.0, 56.55546935609
865.0, 49.87849331713242
866.0, 48.6684917869587
867.0, 44.990222017715396
868.0, 36.47029764110164
869.0, 39.183526876571285
870.0, 55.045161290322596
871.0, 47.689326177698305
872.0, 44.43055555555557
873.0, 43.400763898712704
874.0, 49.41145697096519
875.0, 54.007134363852536
876.0, 43.75722543352603
877.0, 50.017123287671225
878.0, 53.080138106487354
879.0, 48.332919665756606
880.0, 50.85386007712284
881.0, 58.22975219697569
882.0, 56.33856759862122
883.0, 57.973899579739005
884.0, 54.653937947494036
885.0, 56.46670757901197
886.0, 60.38060864572224
887.0, 59.50364718705459
888.0, 58.419421487603316
889.0, 58.27213822894167
890.0, 63.14360606627971
891.0, 51.32896526146621
892.0, 58.288059881685356
893.0, 60.16949152542375
894.0, 57.369614512471635
895.0, 56.09890109890109
896.0, 60.80095280631236
897.0, 56.9208115183246
898.0, 51.04166666666664
899.0, 52.52525252525251
900.0, 53.553814911517286
901.0, 51.878736122971794
902.0, 46.785817238397186
903.0, 43.88204894360844
904.0, 55.660377358490535
905.0, 54.92302184031506
906.0, 47.34758511480607
907.0, 57.62466875451694
908.0, 58.930656082185386
909.0, 50.0
910.0, 51.13447703375762
911.0, 45.17653600222406
912.0, 59.7970830691186
913.0, 57.1187013865404
914.0, 57.08009462656297
915.0, 60.75539568345321
916.0, 68.88711607499005
917.0, 53.73588184187656
918.0, 59.536474164133736
919.0, 63.40472673559815
920.0, 80.52305574673072
921.0, 51.57972079353419
922.0, 61.19420562949006
923.0, 61.87871581450652
924.0, 66.62310791680275
925.0, 64.733890593588
926.0, 65.42172424525366
927.0, 60.697090223989974
928.0, 57.99000000000004
929.0, 54.20132722684364
930.0, 60.01631986944104
931.0, 61.44527986633251
932.0, 59.725979579369934
933.0, 59.191794146255205
934.0, 43.809779208009296
935.0, 63.89266964806533
936.0, 57.79545454545455
937.0, 52.80232920869294
938.0, 50.0
939.0, 60.90218332211212
940.0, 47.84482758620689
941.0, 50.921602359302014
942.0, 48.81036513545346
943.0, 55.731345554118825
944.0, 47.23572546757848
945.0, 44.75409836065574
946.0, 40.76944958042954
947.0, 40.84096881880815
948.0, 42.87525165908582
949.0, 30.1389094133294
950.0, 26.81791309488618
951.0, 25.726641145611794
952.0, 23.037168141592915
953.0, 17.74986759476431
954.0, 20.67142479513612
955.0, 18.598553345388765
956.0, 22.256658595641625
957.0, 12.322225682549487
958.0, 14.793540695784017
959.0, 15.55378304466717
960.0, 26.494808449695626
961.0, 24.46690359840069
962.0, 26.098803459305756
963.0, 36.58675799086754
964.0, 44.9738364087028
965.0, 50.44794562866852
966.0, 50.0
967.0, 44.408510638297884
968.0, 47.566089334548735
969.0, 51.90635451505018
970.0, 44.3257470196625
971.0, 51.055307348636575
972.0, 51.73199635369189
973.0, 53.303068252974356
974.0, 52.17251883918551
975.0, 51.889650773401385
976.0, 60.0650860065086
977.0, 53.28987265009099
978.0, 50.529865125240875
979.0, 57.71272042458485
980.0, 60.04631278945492
981.0, 54.087076234727185
982.0, 54.68940316686969
983.0, 50.840098168774766
984.0, 73.80058406341257
985.0, 54.21458077481297
986.0, 51.88914027149319
987.0, 50.389981324837954
988.0, 47.43947858472995
989.0, 52.7791441219872
990.0, 48.86817576564579
991.0, 49.20890319120406
992.0, 49.68787355558509
993.0, 44.479575060073316
994.0, 55.94923320994183
995.0, 59.40078158923145
996.0, 55.48007705566256
997.0, 55.074687947616106
998.0, 44.85746577922896
999.0, 54.936942479237175
1000.0, 54.70137825421136
1001.0, 49.09965635738831
1002.0, 58.006350646405075
1003.0, 54.76802683063164
1004.0, 47.99647300871951
1005.0, 57.113839088580754
1006.0, 48.72990353697748
1007.0, 53.876866565519464
1008.0, 46.62724080576601
1009.0, 50.198310053457526
1010.0, 53.26623970722783
1011.0, 51.99607037599358
1012.0, 44.8125
1013.0, 53.82978723404255
1014.0, 52.177858439201444
1015.0, 58.2880672857894
1016.0, 52.18919461739305
1017.0, 56.91017263240028
1018.0, 66.43267389917038
1019.0, 64.04647983595353
1020.0, 78.83967883967884
1021.0, 72.10730014680365
1022.0, 68.46904700744929
1023.0, 67.88750817527796
1024.0, 69.11616161616162
1025.0, 77.31153685964185
1026.0, 84.47359493384599
1027.0, 80.11437483753579
1028.0, 66.62343277129273
1029.0, 71.23428039124362
1030.0, 65.07950530035336
1031.0, 67.06656669166041
1032.0, 62.50204549173625
1033.0, 53.10963033476123
1034.0, 54.227969645346136
1035.0, 61.02457845098603
1036.0, 61.072577761887715
1037.0, 51.52768512341561
1038.0, 50.59159526723786
1039.0, 45.02118644067796
1040.0, 46.305054685190655
1041.0, 48.5898177610645
1042.0, 59.138466568579354
1043.0, 51.41719594274339
1044.0, 56.711716288995014
1045.0, 50.0
1046.0, 53.4303273548225
1047.0, 57.99074326163899
1048.0, 55.275362318840585
1049.0, 46.87553795834051
1050.0, 43.08544303797471
1051.0, 60.030864197530825
1052.0, 60.04847950639046
1053.0, 63.6454782434329
1054.0, 67.3038773669973
1055.0, 69.74299065420558
1056.0, 69.15617556992174
1057.0, 76.3427289300238
1058.0, 50.02838758516276
1059.0, 53.02855109846128
1060.0, 62.590860021590494
1061.0, 53.9851024208566
1062.0, 55.28141400735959
1063.0, 59.258037922506176
1064.0, 63.49445280704687
1065.0, 62.38496932515337
1066.0, 62.657023220403495
1067.0, 55.99999999999999
1068.0, 57.245410727104904
1069.0, 55.17686270293517
1070.0, 52.99301450832884
1071.0, 47.81040410302655
1072.0, 59.977396341032694
1073.0, 60.24138656936353
1074.0, 51.6841476933572
1075.0, 68.20841773576413
1076.0, 64.50269475747183
1077.0, 54.01459854014598
1078.0, 46.921657440026806
1079.0, 46.83523107836571
1080.0, 43.7613019891501
1081.0, 58.79991548700617
1082.0, 43.981614478598054
1083.0, 34.120793403164654
1084.0, 48.22045962985563
1085.0, 50.0
1086.0, 64.37265214124719
1087.0, 58.966616339540344
1088.0, 48.52401233661335
1089.0, 43.977106348995086
1090.0, 52.30627306273061
1091.0, 49.57665903890157
1092.0, 52.066211367056376
1093.0, 54.96000954995818
1094.0, 56.82458073203575
1095.0, 54.163172397268475
1096.0, 55.387126865671625
1097.0, 63.40513885284193
1098.0, 47.0738801628854
1099.0, 57.25159849791942
1100.0, 44.07582938388625
1101.0, 46.399723055619646
1102.0, 59.865696698377164
1103.0, 57.8708211619604
1104.0, 48.93035417161873
1105.0, 50.49674966270086
1106.0, 49.53738434608653
1107.0, 48.242211935443514
1108.0, 59.09630215542812
1109.0, 63.195243574990414
1110.0, 58.634844868735115
1111.0, 58.92501658925019
1112.0, 65.69435637285987
1113.0, 57.43226447924434
1114.0, 61.94390084801041
1115.0, 60.01349527665318
1116.0, 48.55986299237115
1117.0, 64.75357710651829
1118.0, 71.53170119271815
1119.0, 71.61036920659856
1120.0, 66.07583902368154
1121.0, 67.28657197247033
1122.0, 45.68642160540134
1123.0, 42.630744849445335
1124.0, 47.381108919570416
1125.0, 52.96767874632711
1126.0, 58.32614322691974
1127.0, 50.39135296310103
1128.0, 55.44024104452627
1129.0, 48.49904817689267
1130.0, 55.636262047772064
1131.0, 50.42147986262881
1132.0, 48.60841423948222
1133.0, 51.84398239490061
1134.0, 55.84436815432399
1135.0, 54.207562349155296
1136.0, 59.9572877736252
1137.0, 51.974696529321264
1138.0, 46.2172056131788
1139.0, 51.82401967481898
1140.0, 51.68279057092247
1141.0, 52.47648035417823
1142.0, 46.11672447594631
1143.0, 53.95485093916936
1144.0, 41.958041958041974
1145.0, 47.894656254784884
1146.0, 45.992699571496566
1147.0, 40.31133452245824
1148.0, 43.26185631554235
1149.0, 48.08294793376102
1150.0, 45.48405306237652
1151.0, 48.480746089049354
1152.0, 71.56059651333754
1153.0, 53.983292583537065
1154.0, 59.58500794466774
1155.0, 63.26287585590946
1156.0, 64.67089611419509
1157.0, 64.54084170729281
1158.0, 65.16323455549974
1159.0, 67.28610508442598
1160.0, 56.416772554002534
1161.0, 58.42974547195403
1162.0, 58.911671924290204
1163.0, 59.00220333648093
1164.0, 63.405073020753264
1165.0, 56.838696341211325
1166.0, 48.915348230304986
1167.0, 57.38065627092701
1168.0, 47.81426073440838
1169.0, 53.755784976860106
1170.0, 56.387443343965074
1171.0, 54.694278464434795
1172.0, 57.464740282077734
1173.0, 55.82350839585565
1174.0, 62.20143312101911
1175.0, 62.47777119146414
1176.0, 61.52755267423017
1177.0, 60.35076730347638
1178.0, 63.07961504811901
1179.0, 77.66361861707593
1180.0, 75.08309455587394
1181.0, 68.56096284667716
1182.0, 77.8497134366377
1183.0, 77.2657952069717
1184.0, 72.22222222222224
1185.0, 79.46862298007338
1186.0, 78.92094122280201
1187.0, 78.19755600814665
1188.0, 71.88055789572222
1189.0, 61.67334669338682
1190.0, 56.56129892540593
1191.0, 59.656152108982305
1192.0, 57.16937354988401
1193.0, 53.77295492487481
1194.0, 49.186926420866214
1195.0, 53.33673816819884
1196.0, 59.670418597807725
1197.0, 50.13165188470068
1198.0, 51.27932525338438
1199.0, 46.41409416900529
1200.0, 41.00550964187326
1201.0, 32.408214063472315
1202.0, 35.8702389971761
1203.0, 32.511392721143636
1204.0, 36.264943457188984
1205.0, 29.81066201154826
1206.0, 32.70245912192611
1207.0, 30.949706726569318
1208.0, 31.568228105906314
1209.0, 35.82045006864443
1210.0, 22.222222222222214
1211.0, 24.705106601216215
1212.0, 23.178443772339847
1213.0, 26.949473821818444
1214.0, 30.287225446264614
1215.0, 32.07561848451846
1216.0, 34.35483870967744
1217.0, 46.789437786222365
1218.0, 44.006403842305396
1219.0, 49.95500449955008
1220.0, 44.963712337805134
1221.0, 53.869578914207715
1222.0, 44.95268138801262
1223.0, 42.64061358655954
1224.0, 45.9238863211722
1225.0, 49.1913101732223
1226.0, 56.85775777734297
1227.0, 48.159412690089155
1228.0, 52.42277706503502
1229.0, 54.64458389054622
1230.0, 58.56203007518793
1231.0, 57.55271011841722
1232.0, 57.55271011841725
1233.0, 56.22083209214573
1234.0, 60.400574815879295
1235.0, 59.936392548841425
1236.0, 78.11537235737808
1237.0, 72.71128695461036
1238.0, 75.06189511591266
1239.0, 73.81233750886315
1240.0, 73.57500596231814
1241.0, 80.42112610516519
1242.0, 74.09667384541757
1243.0, 87.90275677561941
1244.0, 77.20073664825048
1245.0, 82.10120481927711
1246.0, 82.4349172553953
1247.0, 69.36163045309081
1248.0, 66.42362713428703
1249.0, 68.37621696801114
1250.0, 66.88814052971694
1251.0, 69.97011021856903
1252.0, 68.89938854919401
1253.0, 65.11320588494411
1254.0, 65.07936507936509
1255.0, 69.59459459459464
1256.0, 65.12429946831443
1257.0, 61.44559173947578
1258.0, 58.75740543825003
1259.0, 56.01458080194411
1260.0, 58.19036427732084
1261.0, 69.93240352528449
1262.0, 68.46799116997799
1263.0, 58.49521463091061
1264.0, 56.764255644852675
1265.0, 52.30783127088795
1266.0, 48.26235519626635
1267.0, 57.11553175210405
1268.0, 46.60299397141503
1269.0, 41.22865876388576
1270.0, 47.79783393501808
1271.0, 47.61598456219345
1272.0, 54.90800246500569
1273.0, 45.60023030419345
1274.0, 45.24292475610935
1275.0, 49.28884515609629
1276.0, 49.13062862238071
1277.0, 49.83719247467438
1278.0, 52.91300182879036
1279.0, 56.02581834946979
1280.0, 58.55821125674636
1281.0, 49.52745274527451
1282.0, 66.38516060925949
1283.0, 60.21063905747946
1284.0, 58.844165435745886
1285.0, 43.910168090383046
1286.0, 43.19006419201789
1287.0, 49.592332999570864
1288.0, 46.54937054451694
1289.0, 28.258819090737717
1290.0, 28.609625668449382
1291.0, 32.00854700854717
1292.0, 30.524017467249166
1293.0, 28.50152905198793
1294.0, 32.79370952821489
1295.0, 28.6175580222001
1296.0, 43.11600064714456
1297.0, 46.66262135922335
1298.0, 37.786666666666726
1299.0, 42.932888956218875
1300.0, 51.55606995884775
1301.0, 43.91981644728903
1302.0, 34.74305622762027
1303.0, 42.09441906297595
1304.0, 41.34260073904629
1305.0, 46.76008423780984
1306.0, 45.932384634367025
1307.0, 46.84563758389264
1308.0, 47.76586974443526
1309.0, 52.13771572283407
1310.0, 43.58364584286106
1311.0, 32.58418463866815
1312.0, 42.38508947798322
1313.0, 43.40024330900241
1314.0, 41.065632174808016
1315.0, 48.61100242585493
1316.0, 58.598962194217954
1317.0, 48.10885608856086
1318.0, 45.74160161389349
1319.0, 49.60899315738027
1320.0, 43.39678984695783
1321.0, 39.719849675435604
1322.0, 36.609836065573795
1323.0, 37.470892626131985
1324.0, 38.741389687688105
1325.0, 51.0
1326.0, 40.64834064834065
1327.0, 43.51437699680511
1328.0, 45.93272171253823
1329.0, 38.9570791963099
1330.0, 39.87833987833987
1331.0, 41.39557189673088
1332.0, 41.63183279742768
1333.0, 32.83071230342273
1334.0, 34.17428984111697
1335.0, 36.55747836835597
1336.0, 44.74942815554166
1337.0, 39.30635838150286
1338.0, 39.45841392649899
1339.0, 29.912904194614057
1340.0, 38.745308310991945
1341.0, 39.058999253174015
1342.0, 24.377945851145384
1343.0, 31.545040542041505
1344.0, 31.52983001888677
1345.0, 32.790294627383005
1346.0, 32.9081632653061
1347.0, 32.822477650063874
1348.0, 39.01975683890575
1349.0, 48.397394968714046
1350.0, 41.89095928226364
1351.0, 50.96300401829017
1352.0, 73.3535024435653
1353.0, 80.45155993431854
1354.0, 73.4507606084868
1355.0, 73.43587278699032
1356.0, 83.57886617817205
1357.0, 76.06430485263473
1358.0, 72.3174556860457
1359.0, 74.6204063669039
1360.0, 81.720997756368
1361.0, 76.11244169923111
1362.0, 74.25879396984926
1363.0, 73.07490144546651
1364.0, 75.1313374264194
1365.0, 76.837823498202
1366.0, 67.48324091699081
1367.0, 52.63831794595324
1368.0, 61.0122856411569
1369.0, 58.08159451884148
1370.0, 53.341652800887395
1371.0, 59.6467391304348
1372.0, 58.648572633947374
1373.0, 59.67222107933893
1374.0, 54.55880080358524
1375.0, 60.85521017877271
1376.0, 62.7475045000818
1377.0, 61.54587819379723
1378.0, 55.036228999124134
1379.0, 41.76552401210831
1380.0, 37.763399492873994
1381.0, 49.89602587800369
1382.0, 36.492757699339016
1383.0, 41.03070842201272
1384.0, 48.819105422879
1385.0, 44.63317156722814
1386.0, 44.60134075024968
1387.0, 39.10466385899234
1388.0, 31.302521008403303
1389.0, 24.51931257444275
1390.0, 22.862549458111204
1391.0, 24.587546567323102
1392.0, 26.907396622015213
1393.0, 26.813697040046534
1394.0, 30.70159369847974
1395.0, 30.138464304981255
1396.0, 29.74267968056803
1397.0, 29.113697403760256
1398.0, 12.282904373300141
1399.0, 46.61232806928165
1400.0, 69.67788375022488
1401.0, 61.67078123755678
1402.0, 57.529158309189505
1403.0, 54.44319460067489
1404.0, 52.5444429366264
1405.0, 50.1795156341798
1406.0, 52.42247426735725
1407.0, 53.78354745409293
1408.0, 51.882216301154585
1409.0, 48.82659294026875
1410.0, 50.26461856202401
1411.0, 51.93063439585802
1412.0, 49.74901398350665
1413.0, 41.57576599735984
1414.0, 18.145353834399756
1415.0, 20.64992935550481
1416.0, 46.341463414634134
1417.0, 39.26504847072971
1418.0, 39.82469512195122
1419.0, 41.66666666666665
1420.0, 42.62745098039215
1421.0, 50.32784263553498
1422.0, 52.16599350597924
1423.0, 58.816319383645585
1424.0, 61.22331217541836
1425.0, 60.30714707619613
1426.0, 63.71578853525897
1427.0, 59.140085804887114
1428.0, 67.37550262913702
1429.0, 61.04105366400444
1430.0, 58.36951639466984
1431.0, 73.01245434965809
1432.0, 75.73792702990406
1433.0, 77.22072365361348
1434.0, 72.8608874742556
1435.0, 70.09516096375775
1436.0, 69.29952192891287
1437.0, 61.86240181697734
1438.0, 64.49652013038491
1439.0, 63.758992805755284
1440.0, 57.46940098889519
1441.0, 62.87326062429484
1442.0, 53.565357430437494
1443.0, 61.785345717234314
1444.0, 49.474689589302784
1445.0, 52.6777020447907
1446.0, 52.91349480968863
1447.0, 52.9200110711321
1448.0, 63.40647080699155
1449.0, 58.23087431693988
1450.0, 53.832290893671164
1451.0, 62.37521514629952
1452.0, 49.06425860489464
1453.0, 52.65782751490095
1454.0, 76.47233789411071
1455.0, 76.27237276272379
1456.0, 77.44162436548217
1457.0, 78.05148914689548
1458.0, 80.02572583608963
1459.0, 70.54794520547937
1460.0, 71.42742774797847
1461.0, 72.05387205387198
1462.0, 64.20223989612073
1463.0, 64.59541112109086
1464.0, 66.96292534281355
1465.0, 63.98136382888602
1466.0, 67.25734639358856
1467.0, 67.41981215665416
1468.0, 54.00875547217004
1469.0, 49.62323605973417
1470.0, 47.827809322593474
1471.0, 50.943630494164395
1472.0, 44.833845294610384
1473.0, 60.83958939788575
1474.0, 57.83270584383703
1475.0, 50.96383330273549
1476.0, 60.28230184581981
1477.0, 64.90530745849907
1478.0, 66.30045378552657
1479.0, 72.74127310061608
1480.0, 67.5083373034778
1481.0, 61.555806087936915
1482.0, 52.57731958762883
1483.0, 45.944396675265125
1484.0, 56.184668989547006
1485.0, 47.911632723506926
1486.0, 52.82900906533285
1487.0, 32.56302521008418
1488.0, 37.75310254735472
1489.0, 47.779700115340106
1490.0, 42.772328342798104
1491.0, 50.0
1492.0, 53.91137855579873
1493.0, 52.87451630735213
1494.0, 52.58383727322711
1495.0, 51.84254606365168
1496.0, 64.0466228332339
1497.0, 59.31358981455871
1498.0, 53.51654846335703
1499.0, 58.29798515376479
1500.0, 51.102088167053495
1501.0, 59.051306873184934
1502.0, 54.7253497099967
1503.0, 40.079941860465084
1504.0, 35.95176010430218
1505.0, 33.2540760869563
1506.0, 26.354679802955573
1507.0, 25.132119788608236
1508.0, 40.18027861240083
1509.0, 34.96051687006445
1510.0, 39.54626334519571
1511.0, 40.76111875286565
1512.0, 50.1005631536604
1513.0, 47.38069989395545
1514.0, 49.809241203899944
1515.0, 49.173642412534896
1516.0, 49.79352314714187
1517.0, 53.42817164179101
1518.0, 60.052424639580785
1519.0, 60.83269082498084
1520.0, 69.42586399108164
1521.0, 69.00277008310265
1522.0, 49.61650357048404
1523.0, 65.33232628398798
1524.0, 59.368545293597016
1525.0, 58.23444283646892
1526.0, 52.15517241379327
1527.0, 43.66065879428215
1528.0, 43.974042027194066
1529.0, 48.65477201925802
1530.0, 47.62960909342936
1531.0, 42.896379525593
1532.0, 46.26944371210124
1533.0, 50.0
1534.0, 41.046536564443485
1535.0, 43.254674977738325
1536.0, 54.302747537584295
1537.0, 52.56927629808968
1538.0, 39.07860173772482
1539.0, 31.15836958272925
1540.0, 20.443349753694633
1541.0, 18.882948470026236
1542.0, 14.741112828439029
1543.0, 14.831612467432237
1544.0, 25.29030054644811
1545.0, 22.754859030498594
1546.0, 22.4861623616236
1547.0, 43.474604776320206
1548.0, 42.89507163006805
1549.0, 45.123053207888134
1550.0, 41.62464426581454
1551.0, 38.808583004051414
1552.0, 41.92490745637227
1553.0, 43.007486166865554
1554.0, 44.36237479715743
1555.0, 42.0494324811711
1556.0, 46.795389048991325
1557.0, 48.40999273458893
1558.0, 42.969956062225386
1559.0, 50.59464196294446
1560.0, 54.35287289611144
1561.0, 31.678359417161303
1562.0, 40.369393139841634
1563.0, 34.57310645987047
1564.0, 35.93395414351667
1565.0, 39.224103664838196
1566.0, 45.310823377924045
1567.0, 47.0369820288133
1568.0, 46.901147723065506
1569.0, 53.84223053383202
1570.0, 56.77095772629571
1571.0, 58.67265393104498
1572.0, 64.39436619718309
1573.0, 60.78675554904402
1574.0, 56.389647966564894
1575.0, 65.12049141597106
1576.0, 58.937562940584066
1577.0, 56.50494810523777
1578.0, 64.0145811870988
1579.0, 57.61525284873763
1580.0, 52.869565217391305
1581.0, 54.779474858417736
1582.0, 67.0322639612467
1583.0, 70.57625918385418
1584.0, 64.4670050761422
1585.0, 62.143559488692276
1586.0, 58.373878257108935
1587.0, 63.45026231869152
1588.0, 66.00566572237959
1589.0, 63.47223680067178
1590.0, 68.06437950021188
1591.0, 67.9851930195664
1592.0, 58.237589421201044
1593.0, 63.54819633353046
1594.0, 60.34644194756557
1595.0, 55.47665160318486
1596.0, 43.680548343545546
1597.0, 39.266842800528366
1598.0, 46.50589496248659
1599.0, 54.938605994944055
1600.0, 63.6886140414696
1601.0, 68.06986117330945
1602.0, 61.776275353411215
1603.0, 59.03390040978516
1604.0, 54.6232569274044
1605.0, 59.72284596137809
1606.0, 67.29257903893455
1607.0, 65.62335458959807
1608.0, 65.96683133380378
1609.0, 70.39629805410533
1610.0, 77.4758343972278
1611.0, 78.02191113816188
1612.0, 76.33379799771892
1613.0, 74.13076603407674
1614.0, 66.87067589143162
1615.0, 55.919395465995
1616.0, 65.11442256519427
1617.0, 67.65275089853469
1618.0, 73.38431548957861
1619.0, 75.5812353831338
1620.0, 59.410205434062256
1621.0, 50.0
1622.0, 63.63341968911921
1623.0, 62.15457200629073
1624.0, 58.50474196329597
1625.0, 59.92625193291303
1626.0, 57.126658351286935
1627.0, 52.392344497607624
1628.0, 49.60479041916167
1629.0, 49.421310106192536
1630.0, 48.53182992717877
1631.0, 51.832284172661915
1632.0, 51.82063385030342
1633.0, 45.62678741658726
1634.0, 46.626887481734045
1635.0, 57.13219934347957
1636.0, 47.75413711583925
1637.0, 43.05172096447642
1638.0, 47.83341763614914
1639.0, 44.522144522144636
1640.0, 38.03615196078439
1641.0, 36.057540309832554
1642.0, 35.50747198007484
1643.0, 40.42331196899694
1644.0, 41.303685653365804
1645.0, 36.77821522309714
1646.0, 38.85615251299833
1647.0, 40.91569767441869
1648.0, 45.05779194898375
1649.0, 50.0
1650.0, 33.878569448294954
1651.0, 39.60368406363384
1652.0, 23.439273552781046
1653.0, 20.374064837905323
1654.0, 45.56477345245708
1655.0, 42.268694550063394
1656.0, 57.12396694214874
1657.0, 50.0
1658.0, 45.286312849162066
1659.0, 52.70147902203445
1660.0, 52.86103542234344
1661.0, 55.45064377682407
1662.0, 58.40235105530318
1663.0, 52.0766773162939
1664.0, 56.84978345110557
1665.0, 54.91783758037627
1666.0, 68.3585564610012
1667.0, 55.78567357020707
1668.0, 51.4804003336113
1669.0, 64.51612903225805
1670.0, 55.308114704087835
1671.0, 54.200298953662156
1672.0, 57.36954531583759
1673.0, 54.39111981717266
1674.0, 51.25365328411011
1675.0, 52.90533511665916
1676.0, 55.69691038725016
1677.0, 58.98951100605707
1678.0, 61.99342825848851
1679.0, 73.51397767388603
1680.0, 66.64468726450635
1681.0, 77.45959431608634
1682.0, 80.40731661323778
1683.0, 73.5582498682129
1684.0, 71.19387755102046
1685.0, 80.66441360465957
1686.0, 70.55827869374244
1687.0, 69.16098354501658
1688.0, 68.46701765252396
1689.0, 59.358587551681765
1690.0, 59.02664338421675
1691.0, 59.292629693883256
1692.0, 54.96594778660613
1693.0, 48.44389578324996
1694.0, 42.59111161887355
1695.0, 43.94556305426964
1696.0, 38.71203805342115
1697.0, 35.9782362276128
1698.0, 43.369571215716554
1699.0, 23.190821101211426
1700.0, 35.39322230081669
1701.0, 34.999364110390474
1702.0, 33.98789675188344
1703.0, 56.59472422062348
1704.0, 53.101262638965714
1705.0, 45.437121575118695
1706.0, 46.279781711699705
1707.0, 44.17704011065008
1708.0, 59.38737787166623
1709.0, 50.001922411472925
1710.0, 52.61278332483054
1711.0, 58.36977692844804
1712.0, 50.288673501522105
1713.0, 55.867383005796704
1714.0, 53.164034659964734
1715.0, 59.90984974958263
1716.0, 57.66672023139966
1717.0, 44.946885913853336
1718.0, 52.14106635467158
1719.0, 49.22834148650781
1720.0, 56.9386312985813
1721.0, 52.969730856227926
1722.0, 51.68533458656432
1723.0, 55.76809307828832
1724.0, 54.555716353111436
1725.0, 52.62935586061248
1726.0, 56.72107693308188
1727.0, 56.06245667315882
1728.0, 55.69241011984022
1729.0, 49.333840883136666
1730.0, 53.96627108057464
1731.0, 57.5003327565553
1732.0, 52.047456948338
1733.0, 65.47641539139741
1734.0, 54.991789819375995
1735.0, 68.20079421647489
1736.0, 67.91658105609204
1737.0, 87.85431959345004
1738.0, 75.87717090359934
1739.0, 75.6415417127906
1740.0, 78.6261416085633
1741.0, 77.55375651008097
1742.0, 70.26723976826763
1743.0, 71.52190450619773
1744.0, 72.67496779733793
1745.0, 65.48535613417418
1746.0, 67.34028921837819
1747.0, 67.41433021806854
1748.0, 68.49955713020373
1749.0, 67.48106523332518
1750.0, 63.3902588451524
1751.0, 43.57314698132661
1752.0, 53.0017599895704
1753.0, 53.17159298979859
1754.0, 44.50460542693551
1755.0, 44.66302594017625
1756.0, 48.64810058131673
1757.0, 43.484911695174496
1758.0, 38.897026512377344
1759.0, 58.58270177357607
1760.0, 54.38430427674041
1761.0, 57.3554769035303
1762.0, 45.801614763552514
1763.0, 45.54421378598463
1764.0, 51.31863380890617
1765.0, 52.57446572915515
1766.0, 52.00582698341553
1767.0, 46.183699870633916
1768.0, 61.77917320774465
1769.0, 63.816506489646294
1770.0, 68.44118584635004
1771.0, 72.53378378378385
1772.0, 73.83927547861965
1773.0, 68.75684556407441
1774.0, 58.83548714970231
1775.0, 62.301760512148974
1776.0, 66.14841912725366
1777.0, 79.44941656281857
1778.0, 68.75413450937154
1779.0, 79.03873853384883
1780.0, 72.03828990931335
1781.0, 86.17857679403073
1782.0, 65.60661537828611
1783.0, 68.2044650667478
1784.0, 66.60600207992869
1785.0, 68.66592318951696
1786.0, 61.77263606721848
1787.0, 65.7095449687834
1788.0, 66.55747044580546
1789.0, 66.81272084805656
1790.0, 66.86423934518771
1791.0, 59.269356597600876
1792.0, 61.8316424458459
1793.0, 59.38138313393639
1794.0, 63.3867276887872
1795.0, 55.27603074772887
1796.0, 66.52649285113543
1797.0, 62.821111630079415
1798.0, 65.76239476145935
1799.0, 62.41747079735908
1800.0, 69.12260967379078
1801.0, 58.61297539149889
1802.0, 53.65187713310578
1803.0, 55.06287227001986
1804.0, 49.3860845839018
1805.0, 56.73981191222569
1806.0, 58.371040723981885
1807.0, 49.52627045650302
1808.0, 33.19292333614159
1809.0, 32.96703296703298
1810.0, 36.828193832599105
1811.0, 34.16309012875543
1812.0, 25.300300300300293
1813.0, 32.99389002036665
1814.0, 30.818008877615767
1815.0, 40.2861860209136
1816.0, 39.04
1817.0, 37.128712871287114
1818.0, 33.25123152709358
1819.0, 34.38614365766685
1820.0, 31.634819532908693
1821.0, 28.367444074250358
1822.0, 35.8695652173913
1823.0, 36.40372366487016
1824.0, 44.71890971039184
1825.0, 47.14104193138501
1826.0, 58.55343356359206
1827.0, 58.7378640776699
1828.0, 62.10436270316511
1829.0, 54.177897574123996
1830.0, 57.4833174451859
1831.0, 56.677999028654696
1832.0, 65.93042517945891
1833.0, 63.9871382636656
1834.0, 63.398692810457526
1835.0, 72.65917602996251
1836.0, 72.04850031908101
1837.0, 62.95843520782398
1838.0, 61.86280679672749
1839.0, 67.26094003241491
1840.0, 48.8025545502927
1841.0, 45.833333333333364
1842.0, 47.57451782583286
1843.0, 60.62951496388029
1844.0, 64.8036253776435
1845.0, 56.24999999999998
1846.0, 63.507109004739306
1847.0, 68.87557278815649
1848.0, 64.76701307408646
1849.0, 66.2201894805619
1850.0, 56.065002901915264
1851.0, 57.14285714285713
1852.0, 55.524861878453024
1853.0, 49.73190348525469
1854.0, 61.904761904761905
1855.0, 58.697068403908766
1856.0, 56.084656084656075
1857.0, 50.73324022346368
1858.0, 48.62218999274836
1859.0, 59.18740849194731
1860.0, 49.17677642980937
1861.0, 40.750551876379674
1862.0, 43.51720886374353
1863.0, 45.29680365296803
1864.0, 55.51203133743704
1865.0, 46.66039510818438
1866.0, 45.190913484775265
1867.0, 51.43497757847533
1868.0, 44.85743380855394
1869.0, 43.143976493633694
1870.0, 50.20366598778005
1871.0, 47.51219512195123
1872.0, 45.113478462251045
1873.0, 35.323886639676076
1874.0, 34.182174338883414
1875.0, 37.333333333333314
1876.0, 36.84210526315788
1877.0, 34.13830954994509
1878.0, 34.063526834611125
1879.0, 50.26109660574412
1880.0, 46.29370629370628
1881.0, 35.183737294761485
1882.0, 28.464106844741238
1883.0, 36.46944713870034
1884.0, 27.709611451942777
1885.0, 31.41891891891889
1886.0, 56.04982206405693
1887.0, 63.8738738738739
1888.0, 74.2085661080074
1889.0, 64.63414634146342
1890.0, 65.86578293289142
1891.0, 66.98717948717942
1892.0, 64.45643793369311
1893.0, 56.39344262295082
1894.0, 49.67509025270757
1895.0, 55.21126760563381
1896.0, 62.329615861214364
1897.0, 60.27312228429542
1898.0, 63.1347962382445
1899.0, 57.6457010963647
1900.0, 42.575558475689874
1901.0, 61.64984642387009
1902.0, 64.1509433962264
1903.0, 61.59905474596298
1904.0, 63.875142748382196
1905.0, 63.35907335907337
1906.0, 69.42889137737961
1907.0, 72.29629629629628
1908.0, 78.62962962962965
1909.0, 68.36424957841484
1910.0, 68.10608636518191
1911.0, 65.4361319830121
1912.0, 66.78178963893252
1913.0, 71.6153127917834
1914.0, 76.2388427208372
1915.0, 65.3784860557769
1916.0, 61.463844797178155
1917.0, 72.13411871318533
1918.0, 72.18453188602444
1919.0, 72.08352246935999
1920.0, 65.78567996155698
1921.0, 61.071257771401235
1922.0, 53.27552986512525
1923.0, 67.20516962843297
1924.0, 63.77156454491379
1925.0, 71.47315855181024
1926.0, 68.50447966919366
1927.0, 66.83599419448474
1928.0, 46.44638403990029
1929.0, 52.846534653465405
1930.0, 56.64375715922111
1931.0, 49.28348909657324
1932.0, 41.0365853658536
1933.0, 37.38140417457304
1934.0, 35.2835820895522
1935.0, 41.30304841601912
1936.0, 49.26289926289923
1937.0, 45.514511873350926
1938.0, 43.688685415304086
1939.0, 40.90597117364451
1940.0, 36.14532019704434
1941.0, 29.870928088506517
1942.0, 49.830278343516596
1943.0, 46.681096681096626
1944.0, 44.226415094339636
1945.0, 47.213622291021686
1946.0, 57.23524656426841
1947.0, 48.3606557377049
1948.0, 51.94424064563463
1949.0, 53.04659498207887
1950.0, 37.21893491124265
1951.0, 28.895320791123993
1952.0, 23.01190933538227
1953.0, 35.93350383631716
1954.0, 36.46982478909799
1955.0, 35.64858864573422
1956.0, 34.52726686027755
1957.0, 39.75653206650834
1958.0, 36.091298145506435
1959.0, 39.881910896403646
1960.0, 37.61517615176153
1961.0, 39.364719228587646
1962.0, 38.459407037960666
1963.0, 37.064324171153295
1964.0, 39.56442831215971
1965.0, 53.32744405182565
1966.0, 67.03296703296702
1967.0, 53.95608225862669
1968.0, 58.931034482758626
1969.0, 64.67315716272601
1970.0, 63.067975281715725
1971.0, 48.73439082011475
1972.0, 53.715498938428865
1973.0, 50.62287655719138
1974.0, 51.105182926829265
1975.0, 50.4894578313253
1976.0, 51.105182926829265
1977.0, 54.47125621007808
1978.0, 53.28011107254425
1979.0, 43.46913061738766
1980.0, 36.363636363636374
1981.0, 47.76119402985073
1982.0, 32.88065843621402
1983.0, 34.10101010101009
1984.0, 35.98901098901099
1985.0, 43.708293612964724
1986.0, 37.31739707835328
1987.0, 36.10108303249098
1988.0, 39.43785682916116
1989.0, 46.4088397790055
1990.0, 45.8245908518674
1991.0, 42.26296958855095
1992.0, 45.215311004784674
1993.0, 44.03927068723702
1994.0, 47.62741652021089
1995.0, 40.0178651183564
1996.0, 50.62146892655368
1997.0, 44.1640378548896
1998.0, 42.644199611147116
1999.0, 42.26075786769428
2000.0, 50.075187969924805
2001.0, 48.745247148288925
2002.0, 59.59232613908874
2003.0, 52.80528052805283
2004.0, 55.24861878453037
2005.0, 46.240105540897105
2006.0, 50.960219478738004
2007.0, 57.58157389635318
2008.0, 48.403575989782894
2009.0, 53.6997885835095
2010.0, 58.49200304645843
2011.0, 63.273727647867915
2012.0, 58.03255484784144
2013.0, 61.3519470977222
2014.0, 61.2665684830633
2015.0, 59.4285714285714
2016.0, 47.60147601476018
2017.0, 55.301102629346886
2018.0, 51.1372549019608
2019.0, 63.34405144694533
2020.0, 57.87432117920867
2021.0, 50.77586206896548
2022.0, 59.81132075471694
2023.0, 66.82242990654203
2024.0, 69.93648553281577
2025.0, 65.64945226917055
2026.0, 64.34049079754595
2027.0, 63.335895465026915
2028.0, 66.00142551674978
2029.0, 64.35024322446147
2030.0, 61.457550713749065
2031.0, 62.33480176211455
2032.0, 72.01017811704835
2033.0, 69.21641791044777
2034.0, 77.74725274725279
2035.0, 82.71704180064313
2036.0, 84.48773448773451
2037.0, 69.54277286135698
2038.0, 69.74358974358981
2039.0, 64.23751686909586
2040.0, 68.88111888111897
2041.0, 68.92932120363895
2042.0, 69.4004135079256
2043.0, 67.44809109176157
2044.0, 66.89373297002727
2045.0, 62.596006144393286
2046.0, 65.31365313653143
2047.0, 66.99438202247197
2048.0, 67.63085399449042
2049.0, 57.73938084953202
2050.0, 53.56012658227851
2051.0, 59.07504363001752
2052.0, 63.09992132179389
2053.0, 70.92624356775303
2054.0, 63.92914653784219
2055.0, 66.7174409748667
2056.0, 66.30686198920594
2057.0, 75.40064102564104
2058.0, 77.14072970960538
2059.0, 73.73665480427044
2060.0, 72.03579418344515
2061.0, 60.826909600560654
2062.0, 58.46953937592871
2063.0, 64.21052631578962
2064.0, 48.34656084656084
2065.0, 41.34615384615378
2066.0, 27.42514970059875
2067.0, 24.672364672364623
2068.0, 29.8843930635838
2069.0, 26.573849878934595
2070.0, 20.56782334384843
2071.0, 19.08740359897166
2072.0, 12.953367875647615
2073.0, 11.855364552459918
2074.0, 19.81591770438544
2075.0, 24.018746338605652
2076.0, 19.04761904761901
2077.0, 22.766717713118922
2078.0, 25.269121813031163
2079.0, 29.892761394101868
2080.0, 43.183300717547326
2081.0, 56.761363636363626
2082.0, 51.28923766816142
2083.0, 54.76314419573138
2084.0, 57.708119218910575
2085.0, 57.31327800829877
2086.0, 55.583501006036215
2087.0, 63.95101171458997
2088.0, 60.45560747663549
2089.0, 60.685249709639955
2090.0, 64.98756218905473
2091.0, 69.15068493150682
2092.0, 75.11904761904759
2093.0, 72.52873563218391
2094.0, 73.10073157006191
2095.0, 69.88027725267804
2096.0, 60.30451332245786
2097.0, 64.09247417609447
2098.0, 65.66321730950139
2099.0, 65.12183468705203
2100.0, 66.00484261501211
2101.0, 62.784935579781944
2102.0, 62.41379310344824
2103.0, 62.78048780487803
2104.0, 66.32705043301067
2105.0, 59.221556886227575
2106.0, 59.84669811320755
2107.0, 65.32007458048477
2108.0, 58.970588235294116
2109.0, 43.492695883134104
2110.0, 55.88737201365192
2111.0, 34.48275862068958
2112.0, 27.18562874251495
2113.0, 25.740318906605978
2114.0, 29.619921363040604
2115.0, 31.84357541899452
2116.0, 39.59390862944174
2117.0, 44.97109826589593
2118.0, 52.11267605633797
2119.0, 51.5422885572138
2120.0, 47.39884393063587
2121.0, 55.86095392077614
2122.0, 59.34475055845121
2123.0, 75.25967894239852
2124.0, 80.46357615894038
2125.0, 71.20879120879128
2126.0, 71.33479212253835
2127.0, 77.29342875731955
2128.0, 65.27472527472528
2129.0, 66.16702355460384
2130.0, 64.59383753501403
2131.0, 61.97352587244289
2132.0, 61.858780929390484
2133.0, 64.52184179456911
2134.0, 63.80618797431402
2135.0, 61.20150187734662
2136.0, 50.37724898432963
2137.0, 56.00624024960998
2138.0, 48.02981895633651
2139.0, 54.30463576158933
2140.0, 54.083484573502766
2141.0, 53.349723417332434
2142.0, 56.62100456621004
2143.0, 57.64331210191084
2144.0, 54.16417016177348
2145.0, 59.715639810426524
2146.0, 53.26552462526765
2147.0, 50.38043478260867
2148.0, 57.57113821138207
2149.0, 57.13552361396303
2150.0, 67.51488900920407
2151.0, 65.37795729948064
2152.0, 71.27139364303176
2153.0, 65.24902070509236
2154.0, 60.50744622173185
2155.0, 59.062321326472286
2156.0, 69.06305244549198
2157.0, 62.89855072463771
2158.0, 61.89389617798062
2159.0, 63.65614798694228
2160.0, 71.7884130982368
2161.0, 69.54612005856521
2162.0, 67.88471435923836
2163.0, 69.13946587537097
2164.0, 71.36301055530063
2165.0, 79.0744466800805
2166.0, 80.78226054819838
2167.0, 80.60848186846957
2168.0, 84.82446206115519
2169.0, 84.53994808191523
2170.0, 80.41474654377883
2171.0, 84.46948873007145
2172.0, 88.05031446540879
2173.0, 84.94242692648363
2174.0, 83.66305041480535
2175.0, 77.14033539276255
2176.0, 76.58933413678815
2177.0, 77.20739219712524
2178.0, 75.65026637417736
2179.0, 74.45759368836292
2180.0, 68.44119693806539
2181.0, 75.56160653505786
2182.0, 73.48596750369275
2183.0, 76.70343932511355
2184.0, 83.18687756297597
2185.0, 80.87863463969656
2186.0, 74.16974169741697
2187.0, 74.79069767441855
2188.0, 70.79542119166425
2189.0, 80.88549618320612
2190.0, 82.25623582766443
2191.0, 79.21179302045728
2192.0, 81.98174706649283
2193.0, 74.24054556726595
2194.0, 79.44884198182353
2195.0, 74.95424039048197
2196.0, 77.29535398230087
2197.0, 67.25412166003409
2198.0, 64.14565826330531
2199.0, 67.98057697800628
2200.0, 74.08599005557178
2201.0, 69.07553858740116
2202.0, 71.61436245405707
2203.0, 64.00892110398661
2204.0, 53.74601487778958
2205.0, 54.70270270270269
2206.0, 43.43891402714933
2207.0, 43.96946564885498
2208.0, 40.0326797385621
2209.0, 44.100391134289474
2210.0, 32.392273402674604
2211.0, 42.10730948678077
2212.0, 44.16947881514814
2213.0, 41.47012578616351
2214.0, 34.826254826254825
2215.0, 34.77255204317653
2216.0, 37.60000000000002
2217.0, 41.14214255939976
2218.0, 57.47126436781608
2219.0, 59.613769941225875
2220.0, 50.0
2221.0, 55.54058605591106
2222.0, 52.95726495726493
2223.0, 50.22976316719688
2224.0, 48.58119658119656
2225.0, 48.03040774015201
2226.0, 41.232575201760824
2227.0, 40.79822616407985
2228.0, 40.88888888888888
2229.0, 51.83673469387756
2230.0, 46.74029212682577
2231.0, 47.41597397903866
2232.0, 43.40723453908989
2233.0, 38.269230769230795
2234.0, 56.79124886052868
2235.0, 49.03567984570876
2236.0, 49.225556631171365
2237.0, 45.79018460153083
2238.0, 55.34283170080143
2239.0, 51.89448441247001
2240.0, 56.19554695062923
2241.0, 44.269662921348306
2242.0, 51.46036161335186
2243.0, 39.81481481481482
2244.0, 42.70778881338215
2245.0, 38.00000000000003
2246.0, 33.44481605351169
2247.0, 41.17368670137242
2248.0, 33.60042735042741
2249.0, 40.3157894736842
2250.0, 26.70850767085075
2251.0, 37.60182469859887
2252.0, 26.461362988309105
2253.0, 29.26494788809657
2254.0, 26.01369141653501
2255.0, 30.73047858942067
2256.0, 26.404341926729984
2257.0, 31.709956709956728
2258.0, 37.02757916241063
2259.0, 39.45578231292518
2260.0, 41.754102771051926
2261.0, 38.603351955307275
2262.0, 37.68195550672892
2263.0, 32.819558862609654
2264.0, 43.57798165137618
2265.0, 36.193136472466115
2266.0, 49.75819451907576
2267.0, 37.42690058479529
2268.0, 41.6260162601626
2269.0, 43.076109936575044
2270.0, 52.993844432008935
2271.0, 44.49732302201064
2272.0, 33.87668320340181
2273.0, 47.83599088838272
2274.0, 40.93178036605654
2275.0, 58.85167464114832
2276.0, 63.63980325387812
2277.0, 72.26392730146183
2278.0, 59.967213114754074
2279.0, 60.952990086344734
2280.0, 55.91111111111112
2281.0, 58.89513108614235
2282.0, 59.894540942928025
2283.0, 61.79078014184396
2284.0, 62.489120974760674
2285.0, 67.3202614379085
2286.0, 66.95652173913044
2287.0, 57.6996980510568
2288.0, 50.99466278505579
2289.0, 42.90559638213682
2290.0, 45.42015671440153
2291.0, 42.95715485858303
2292.0, 46.45669291338582
2293.0, 49.297390306854055
2294.0, 47.25123694337549
2295.0, 52.69021739130433
2296.0, 47.986832109394776
2297.0, 49.93906897392154
2298.0, 44.30107526881719
2299.0, 42.60034474267424
2300.0, 40.562719812426764
2301.0, 42.663378545006196
2302.0, 52.624232272473506
2303.0, 52.8611111111111
2304.0, 44.18202764976957
2305.0, 46.02416409103684
2306.0, 51.291512915129154
2307.0, 48.78758486905917
2308.0, 59.08771929824561
2309.0, 52.89017341040461
2310.0, 59.43970767356879
2311.0, 50.32322227747388
2312.0, 59.04707884288142
2313.0, 50.38667459845329
2314.0, 58.28804347826081
2315.0, 63.52339181286539
2316.0, 51.10952040085888
2317.0, 47.380585516178726
2318.0, 63.47107438016531
2319.0, 55.33333333333333
2320.0, 59.052711993888465
2321.0, 46.03773584905656
2322.0, 48.598130841121446
2323.0, 61.14478114478118
2324.0, 60.252156602521595
2325.0, 55.876807039597765
2326.0, 49.00284900284902
2327.0, 55.20594965675063
2328.0, 61.00597609561753
2329.0, 59.597447226313214
2330.0, 66.08280254777074
2331.0, 68.64573110893033
2332.0, 61.77491323748143
2333.0, 61.56126482213434
2334.0, 55.79637096774198
2335.0, 54.612728169708944
2336.0, 45.01039501039504
2337.0, 37.119437939110064
2338.0, 46.571136131013304
2339.0, 45.59118236472943
2340.0, 48.071843634442715
2341.0, 49.35600206079341
2342.0, 36.27243928194305
2343.0, 43.431895298109616
2344.0, 41.54658981748325
2345.0, 33.86411889596606
2346.0, 33.350757971772126
2347.0, 33.578947368421126
2348.0, 35.13215859030841
2349.0, 44.32149097262665
2350.0, 44.50292397660814
2351.0, 44.98820754716986
2352.0, 33.890048712595714
2353.0, 37.49037721324097
2354.0, 47.719044170890584
2355.0, 45.59155990957041
2356.0, 49.10714285714287
2357.0, 42.844120328167776
2358.0, 45.56603773584908
2359.0, 45.91254752851719
2360.0, 58.23950870010227
2361.0, 64.12556053811646
2362.0, 75.8702531645569
2363.0, 77.08489857250184
2364.0, 86.87782805429859
2365.0, 87.65081618168911
2366.0, 90.81334113516665
2367.0, 91.64810690423162
2368.0, 93.38915821947995
2369.0, 85.304054054054
2370.0, 72.34957020057301
2371.0, 70.94422165512206
2372.0, 68.47325540205449
2373.0, 69.4336967991558
2374.0, 70.24991441287229
2375.0, 68.27724091969338
2376.0, 57.035003431708965
2377.0, 51.92239858906525
2378.0, 46.7523445640848
2379.0, 46.770833333333314
2380.0, 44.45652173913043
2381.0, 46.0591133004926
2382.0, 36.04505632040045
2383.0, 40.00000000000003
2384.0, 60.0
2385.0, 65.43378995433794
2386.0, 59.983256592716636
2387.0, 63.28725038402456
2388.0, 60.81967213114754
2389.0, 58.609794628752
2390.0, 68.71601840234216
2391.0, 72.24400871459696
2392.0, 71.31182795698922
2393.0, 69.43462897526501
2394.0, 67.55743084857008
2395.0, 62.56181998021761
2396.0, 62.09313970956434
2397.0, 57.892226990939434
2398.0, 61.03265666372461
2399.0, 56.56665027053612
2400.0, 65.94036697247708
2401.0, 61.37841352405722
2402.0, 63.288009888751574
2403.0, 68.81720430107522
2404.0, 52.07706201083683
2405.0, 49.161364950838575
2406.0, 53.15822388993117
2407.0, 59.1422121896162
2408.0, 55.04484304932731
2409.0, 56.993615786419035
2410.0, 51.07594936708862
2411.0, 57.123923127899204
2412.0, 36.738351254480335
