15.0, 44.62217319360175
16.0, 49.631901840490784
17.0, 41.64256795835738
18.0, 44.94382022471912
19.0, 34.33476394849778
20.0, 27.84615384615377
21.0, 29.84375
22.0, 25.70860268523134
23.0, 27.825618945102363
24.0, 38.401469912723876
25.0, 38.68579361406759
26.0, 37.32261116367068
27.0, 42.30596680125622
28.0, 39.344262295082004
29.0, 49.21227197346607
30.0, 52.60093167701864
31.0, 59.28261726448571
32.0, 61.153552330023
33.0, 77.15662650602421
34.0, 79.73528069374731
35.0, 79.1609036422315
36.0, 83.7152608483668
37.0, 92.3769190047645
38.0, 89.4736842105264
39.0, 90.55007052186176
40.0, 89.18918918918932
41.0, 83.52180936995148
42.0, 88.03936411809224
43.0, 81.00289296046314
44.0, 61.76470588235301
45.0, 58.648111332007986
46.0, 58.02219979818366
47.0, 49.697493517718016
48.0, 40.5099150141642
49.0, 50.713153724247256
50.0, 56.49303008070435
51.0, 55.71321882001493
52.0, 51.899696048632386
53.0, 39.833759590792866
54.0, 34.55352190793114
55.0, 41.87856772184733
56.0, 30.389959659345536
57.0, 37.74671052631573
58.0, 39.80919340849958
59.0, 36.68103448275858
60.0, 28.418329637841822
61.0, 31.71893608574821
62.0, 40.0071761750986
63.0, 34.20355656450997
64.0, 26.034308779010956
65.0, 35.68294823047674
66.0, 29.828850855745728
67.0, 29.089175011921768
68.0, 27.4960558936218
69.0, 28.70124113475181
70.0, 29.722285976589447
71.0, 27.354685646500585
72.0, 32.9191143244464
73.0, 38.59238783755048
74.0, 50.77298616761588
75.0, 48.68706811451139
76.0, 48.56520878685926
77.0, 51.605504587155956
78.0, 55.94695399917115
79.0, 55.25152599452743
80.0, 65.0271873455264
81.0, 73.28183271177416
82.0, 86.09523809523817
83.0, 85.24826789838346
84.0, 88.86548299729166
85.0, 89.35558112773307
86.0, 88.95522388059709
87.0, 87.81291172595526
88.0, 84.95934959349604
89.0, 90.83007388092113
90.0, 89.74234321827885
91.0, 84.21052631578935
92.0, 86.85195082843394
93.0, 83.81578947368418
94.0, 85.39192399049873
95.0, 81.86335403726697
96.0, 77.65876052027535
97.0, 79.6798886569241
98.0, 88.8248017303532
99.0, 86.81972789115639
100.0, 84.6230158730158
101.0, 60.64467766116929
102.0, 62.871287128712694
103.0, 69.11314984709475
104.0, 65.60392397302269
105.0, 70.4630788485606
106.0, 60.69459757442112
107.0, 60.80263881253436
108.0, 42.086330935251915
109.0, 45.811518324607334
110.0, 35.973976272483824
111.0, 28.582145536384076
112.0, 24.662038728534966
113.0, 37.57190432939759
114.0, 47.63839512442865
115.0, 57.00127064803051
116.0, 54.999999999999964
117.0, 55.11936339522549
118.0, 56.765327695560245
119.0, 56.11587982832621
120.0, 61.65475536008793
121.0, 58.125492255185094
122.0, 64.90765171503965
123.0, 60.50129645635261
124.0, 55.48216644649932
125.0, 55.821371610845326
126.0, 61.475409836065595
127.0, 61.386392811296545
128.0, 49.80034227039357
129.0, 39.97101449275361
130.0, 41.214873687198406
131.0, 33.11276537082982
132.0, 29.262613195342738
133.0, 34.7649725602481
134.0, 34.68705207835643
135.0, 39.464882943143735
136.0, 47.969094922737256
137.0, 48.21388950521417
138.0, 58.79149377593362
139.0, 58.158029758850674
140.0, 48.010739565535786
141.0, 43.74009508716324
142.0, 41.493360060135245
143.0, 50.23358741086794
144.0, 55.141843971631275
145.0, 58.65157944365868
146.0, 66.4267471557929
147.0, 61.02551757342318
148.0, 58.45363347198429
149.0, 60.02824858757065
150.0, 54.14998665599145
151.0, 60.439283009341025
152.0, 60.775969962453075
153.0, 65.1863600317208
154.0, 75.91283863368649
155.0, 72.83126787416569
156.0, 86.46048109965622
157.0, 83.72001572945338
158.0, 80.66324147594574
159.0, 82.86948176583493
160.0, 74.43650357339212
161.0, 78.49275362318862
162.0, 84.15626695605013
163.0, 71.686746987952
164.0, 65.67328918322303
165.0, 58.86243386243396
166.0, 40.31746031746026
167.0, 44.81409001956954
168.0, 32.64311814859924
169.0, 32.869991823385035
170.0, 38.84543761638738
171.0, 35.415959252971106
172.0, 43.0709368452559
173.0, 42.410845859121714
174.0, 50.0
175.0, 48.48962437614917
176.0, 49.96172492982904
177.0, 52.377136752136714
178.0, 51.892034929875635
179.0, 43.899050706181974
180.0, 48.85338830198405
181.0, 48.85338830198405
182.0, 61.666227260743455
183.0, 59.15528578654534
184.0, 51.04761904761902
185.0, 57.66443701226316
186.0, 52.9429987608427
187.0, 52.10365853658533
188.0, 47.19327731092435
189.0, 52.31994459833795
190.0, 48.01812004530018
191.0, 45.92833876221498
192.0, 50.0
193.0, 67.9360601786552
194.0, 66.96014828544935
195.0, 53.707672524646235
196.0, 50.45871559633018
197.0, 53.16578057032381
198.0, 61.55729676787462
199.0, 60.671342685370604
200.0, 52.68709191361123
201.0, 52.05955334987607
202.0, 51.724137931034385
203.0, 45.75936883629178
204.0, 36.58848614072487
205.0, 47.98785117691732
206.0, 49.483775811209455
207.0, 40.28581150051029
208.0, 39.905628581058146
209.0, 48.24561403508776
210.0, 48.56520159825655
211.0, 48.99230487357994
212.0, 44.06273338312174
213.0, 40.81390754642435
214.0, 50.55309734513278
215.0, 54.17633410672845
216.0, 56.12736023694934
217.0, 58.397534668721285
218.0, 69.28191489361703
219.0, 63.11868014901537
220.0, 59.890109890109905
221.0, 59.40054495912806
222.0, 69.72072513473796
223.0, 65.86489252814744
224.0, 51.55181483429769
225.0, 54.01996847083572
226.0, 57.206455203116384
227.0, 60.46272493573267
228.0, 43.285123966941946
229.0, 43.48944930519809
230.0, 32.57229832572281
231.0, 32.92307692307665
232.0, 44.221748400852825
233.0, 44.94949494949503
234.0, 43.44995931651756
235.0, 47.08994708994713
236.0, 43.47621290626466
237.0, 45.758718190386425
238.0, 59.901654000894034
239.0, 56.592203241349004
240.0, 59.28512736236644
241.0, 56.837979094076665
242.0, 58.38926174496645
243.0, 55.22648083623698
244.0, 60.81534772182255
245.0, 45.108502312344385
246.0, 37.327376116978
247.0, 43.355359765051354
248.0, 44.00149031296567
249.0, 45.97119501751652
250.0, 47.08349218452157
251.0, 38.31504196255652
252.0, 31.234256926952085
253.0, 40.426229508196755
254.0, 44.229588704726844
255.0, 46.01901366607247
256.0, 48.165422885572205
257.0, 52.091603053435136
258.0, 51.18511851185121
259.0, 65.38903794557308
260.0, 60.11926947446892
261.0, 54.87136229439061
262.0, 52.16519647153162
263.0, 48.70834893298385
264.0, 39.64807188318984
265.0, 57.527301092043615
266.0, 62.474155754652024
267.0, 58.371559633027566
268.0, 51.96294662549623
269.0, 47.090182141270546
270.0, 50.23191094619661
271.0, 50.0
272.0, 45.62074829931969
273.0, 43.67114367114372
274.0, 56.285919540229884
275.0, 50.61768530559163
276.0, 53.98751733703197
277.0, 59.763539282990095
278.0, 68.32878846902999
279.0, 65.15216459494212
280.0, 56.262425447315984
281.0, 49.763705103969635
282.0, 35.73141486810552
283.0, 27.895159133458137
284.0, 20.258192651439884
285.0, 16.431394692264234
286.0, 30.46678935921028
287.0, 39.04057927289187
288.0, 34.23921887713588
289.0, 34.967591823167695
290.0, 29.776393999433907
291.0, 33.6985569214324
292.0, 35.17115233864641
293.0, 31.473354231974923
294.0, 37.98253676470588
295.0, 37.22972972972972
296.0, 41.39586410635154
297.0, 47.19394773039889
298.0, 57.002824389433435
299.0, 63.96201266244588
300.0, 59.735666418466124
301.0, 51.715374841168995
302.0, 46.121752323155704
303.0, 49.53642384105961
304.0, 56.10801543077576
305.0, 50.729673384294685
306.0, 44.63111760409055
307.0, 51.55908096280084
308.0, 29.705400981996718
309.0, 31.982378854625566
310.0, 38.972332015810196
311.0, 40.32465859314611
312.0, 46.38683520152639
313.0, 48.88585720782175
314.0, 43.0653502585802
315.0, 48.834628190898954
316.0, 59.67630057803465
317.0, 57.724752952518664
318.0, 64.66792148427004
319.0, 61.571940604198645
320.0, 59.975062344139744
321.0, 63.15426997245186
322.0, 77.98291540369259
323.0, 80.36964435732298
324.0, 77.97675149230301
325.0, 70.63106796116509
326.0, 71.95828505214372
327.0, 67.5929025778373
328.0, 71.77390686100247
329.0, 63.20826952526814
330.0, 63.1941784756799
331.0, 62.476334721696375
332.0, 61.630965802329996
333.0, 72.32404692082122
334.0, 79.72646822204351
335.0, 72.46111619396149
336.0, 71.5635333018422
337.0, 67.90976058931841
338.0, 60.358056265984544
339.0, 69.06206252916465
340.0, 55.857988165680474
341.0, 38.12260536398484
342.0, 32.62295081967224
343.0, 43.94686907020872
344.0, 36.171132238548076
345.0, 48.66023579849955
346.0, 49.370277078085714
347.0, 45.274212368728115
348.0, 45.7175925925926
349.0, 48.726987857422685
350.0, 49.43993820007718
351.0, 51.323175621491636
352.0, 55.0064460678985
353.0, 58.828155721588615
354.0, 52.694610778443085
355.0, 52.546540217773014
356.0, 68.16443594646269
357.0, 59.451321512211386
358.0, 54.24692137669728
359.0, 40.16835016835011
360.0, 41.52681803224745
361.0, 32.12771969482904
362.0, 30.37870472008781
363.0, 37.78813143697887
364.0, 44.33962264150945
365.0, 39.9091627172196
366.0, 36.48014440433216
367.0, 33.465683494044285
368.0, 43.02304481945202
369.0, 50.81780144541656
370.0, 44.80256136606187
371.0, 45.3543647363872
372.0, 51.92953020134225
373.0, 52.46874337783426
374.0, 48.434027076176996
375.0, 48.88843565164183
376.0, 51.61224489795913
377.0, 41.24797406807134
378.0, 30.049751243781074
379.0, 30.759828885720083
380.0, 33.750558784085825
381.0, 36.90932311621961
382.0, 23.07065770718789
383.0, 23.845998790566313
384.0, 20.519911504424797
385.0, 21.276998863205748
386.0, 14.326867678125538
387.0, 16.990869392616048
388.0, 25.903960206619445
389.0, 26.113789778206325
390.0, 31.1713977721883
391.0, 32.99733739064284
392.0, 37.4219926834517
393.0, 50.752982593389454
394.0, 53.5452793834297
395.0, 45.00267236771779
396.0, 53.085655314757474
397.0, 52.117126606277665
398.0, 52.05133599831678
399.0, 46.40301318267419
400.0, 50.27407987470633
401.0, 49.911260106487866
402.0, 40.011808699074976
403.0, 51.421938479396424
404.0, 52.47018739352643
405.0, 59.00465449337625
406.0, 58.43095491657789
407.0, 50.41390728476821
408.0, 52.71363726070653
409.0, 57.86395147313693
410.0, 58.92291446673708
411.0, 60.01233552631585
412.0, 67.4913294797689
413.0, 73.69351173945975
414.0, 76.64200851826946
415.0, 77.08379151088631
416.0, 87.71849126034961
417.0, 86.19441571871769
418.0, 82.6817348808798
419.0, 70.6472491909386
420.0, 73.19749216300949
421.0, 73.45077068260457
422.0, 75.28550512445096
423.0, 79.96889580093303
424.0, 73.5779816513761
425.0, 72.99999999999994
426.0, 75.30017152658652
427.0, 80.79046788724206
428.0, 76.16380819040961
429.0, 75.3081943437274
430.0, 65.11970534069984
431.0, 59.08263560247549
432.0, 62.39227852464659
433.0, 73.87826086956524
434.0, 73.74125874125875
435.0, 74.33909058865008
436.0, 69.74231088944309
437.0, 64.16826003824102
438.0, 59.821746880570515
439.0, 59.75000000000008
440.0, 47.12131596984236
441.0, 45.87863907400911
442.0, 45.84647739221867
443.0, 48.51716094635124
444.0, 60.2300995024876
445.0, 64.16260162601631
446.0, 61.39566861464428
447.0, 60.106571936056895
448.0, 59.399855386840265
449.0, 60.52254831782391
450.0, 52.675044883303414
451.0, 60.11773362766744
452.0, 66.0202020202019
453.0, 65.53278688524573
454.0, 81.29401408450695
455.0, 67.37804878048767
456.0, 62.25352112676045
457.0, 62.77777777777774
458.0, 48.5369422092173
459.0, 44.594127806563044
460.0, 42.847660139395934
461.0, 41.26875852660309
462.0, 42.82868525896417
463.0, 48.25721153846157
464.0, 46.82215743440241
465.0, 43.72531145548466
466.0, 42.24897240164424
467.0, 42.83638477186878
468.0, 34.73087818696892
469.0, 39.32007697241834
470.0, 42.11611130195822
471.0, 40.58533145275028
472.0, 46.492271105826426
473.0, 58.65901756902108
474.0, 64.59497206703915
475.0, 63.16745368688703
476.0, 62.220566318926934
477.0, 56.81431005110731
478.0, 68.82826475849726
479.0, 71.08902333621448
480.0, 78.1101614434946
481.0, 76.41943734015322
482.0, 92.60584376863436
483.0, 94.1860465116277
484.0, 92.69754768392369
485.0, 73.07508369201338
486.0, 60.84848484848482
487.0, 49.17491749174926
488.0, 42.7981414558595
489.0, 43.727780599289005
490.0, 40.10526315789487
491.0, 47.91762013729976
492.0, 43.38308457711432
493.0, 39.403292181069816
494.0, 54.228855721393046
495.0, 31.72679702561281
496.0, 24.12803532008826
497.0, 30.495449949443937
498.0, 38.97723165883623
499.0, 47.68411712511089
500.0, 52.110022607385055
501.0, 50.45603794235678
502.0, 51.94991055456175
503.0, 52.1638468388246
504.0, 57.333333333333314
505.0, 56.222185594198095
506.0, 58.014543155232396
507.0, 58.30023828435268
508.0, 55.86751849361131
509.0, 71.74006908462871
510.0, 90.62249532460595
511.0, 87.04615384615384
512.0, 85.06562610854917
513.0, 75.56634304207125
514.0, 77.19033232628405
515.0, 83.46263781135156
516.0, 83.74146928944194
517.0, 76.28669462447579
518.0, 70.23923444976081
519.0, 67.50642673521862
520.0, 57.72266065388954
521.0, 48.097698449976605
522.0, 47.655139744197136
523.0, 48.5521235521235
524.0, 54.405474764756256
525.0, 55.3524804177546
526.0, 50.90909090909083
527.0, 53.87341772151895
528.0, 54.151987921489656
529.0, 55.12295081967221
530.0, 55.4651753940011
531.0, 53.349633251833744
532.0, 50.77399380804956
533.0, 54.54983148772267
534.0, 59.824902723735335
535.0, 72.69503546099271
536.0, 72.38493723849356
537.0, 64.7247461250669
538.0, 56.08194622279123
539.0, 53.676470588235226
540.0, 59.28917609046862
541.0, 60.19682886823386
542.0, 50.82266910420478
543.0, 52.09244222361024
544.0, 52.47831474597269
545.0, 61.86997808619409
546.0, 63.92536281962668
547.0, 54.72496473906911
548.0, 29.806848112379512
549.0, 41.68490153172877
550.0, 31.815245478036275
551.0, 33.54904632152595
552.0, 41.89556293389681
553.0, 40.59666569172283
554.0, 39.19161676646703
555.0, 38.86579572446555
556.0, 46.39956686518672
557.0, 49.97461928934007
558.0, 45.049884881043745
559.0, 42.179640718562894
560.0, 44.05561993047511
561.0, 46.76258992805752
562.0, 55.43328748280599
563.0, 52.74212368728124
564.0, 58.625162127107544
565.0, 55.630769230769204
566.0, 53.197013956507654
567.0, 57.88756388415658
568.0, 51.14352005303273
569.0, 55.03677646306369
570.0, 40.57971014492763
571.0, 38.09829746225512
572.0, 39.10319815364329
573.0, 44.28675400291123
574.0, 37.30395817774461
575.0, 39.40815590039706
576.0, 44.93096646942805
577.0, 37.789203084832884
578.0, 40.34766697163773
579.0, 49.46186242395874
580.0, 38.15484469170132
581.0, 35.53795994410811
582.0, 36.04156825696749
583.0, 31.925590749119976
584.0, 49.08312958435204
585.0, 37.29372937293709
586.0, 36.88792165397158
587.0, 32.12512413108229
588.0, 36.01049868766391
589.0, 49.60727573377417
590.0, 51.760981400870584
591.0, 59.42079553384509
592.0, 63.16467934257176
593.0, 62.61040235525031
594.0, 71.21113989637314
595.0, 74.28746552252531
596.0, 77.5928297055057
597.0, 79.06072390068795
598.0, 75.04548211036992
599.0, 83.97017707362541
600.0, 88.01801801801798
601.0, 93.98307740520212
602.0, 94.18534221683828
603.0, 85.93525179856123
604.0, 85.90483056957468
605.0, 75.99388379204892
606.0, 68.23019314150562
607.0, 67.19576719576712
608.0, 66.81762041992584
609.0, 67.12887438825437
610.0, 74.38303788668748
611.0, 73.91150442477873
612.0, 77.68895348837202
613.0, 71.77752724539639
614.0, 70.93653250773987
615.0, 62.722103766879904
616.0, 61.90994916485111
617.0, 64.95238095238089
618.0, 64.14653156664065
619.0, 72.31455208755574
620.0, 76.66523420713366
621.0, 70.01614205004049
622.0, 67.42656729504614
623.0, 66.36487098234501
624.0, 45.31468531468528
625.0, 40.72764022233454
626.0, 35.31060252218572
627.0, 45.26315789473681
628.0, 51.552795031056
629.0, 52.78219395866455
630.0, 52.4038461538461
631.0, 51.17370892018784
632.0, 51.55279503105587
633.0, 50.885478158205466
634.0, 49.80739599383671
635.0, 56.981279251169994
636.0, 50.908430232558096
637.0, 50.58522311631316
638.0, 55.16553649780614
639.0, 56.45098798915146
640.0, 59.25172834485575
641.0, 61.01167315175105
642.0, 59.4167679222357
643.0, 63.01546391752572
644.0, 58.99493243243249
645.0, 58.525345622119744
646.0, 57.08712613784131
647.0, 53.38610378188206
648.0, 56.65620797848508
649.0, 59.691538140892106
650.0, 63.33480760725344
651.0, 60.76668244202552
652.0, 68.38383838383845
653.0, 70.9512761020882
654.0, 75.69160997732419
655.0, 72.69485481406005
656.0, 68.89146836912366
657.0, 76.61161427810339
658.0, 79.57941339236307
659.0, 87.58465011286687
660.0, 89.0601690701144
661.0, 91.98767334360559
662.0, 87.884906612822
663.0, 86.62952646239573
664.0, 92.71300448430516
665.0, 83.96322778345248
666.0, 86.91121300541893
667.0, 76.3799743260591
668.0, 75.324094769781
669.0, 67.39606126914667
670.0, 60.68556919170536
671.0, 55.72303344324075
672.0, 56.199524940617465
673.0, 57.78388278388282
674.0, 54.44664031620551
675.0, 51.32743362831863
676.0, 60.28925619834702
677.0, 56.44674428633028
678.0, 55.368979231109016
679.0, 55.14964788732399
680.0, 30.865224625623895
681.0, 37.62593079281633
682.0, 36.3515312916111
683.0, 39.75728155339793
684.0, 42.129629629629655
685.0, 49.7972059486255
686.0, 49.396513187304556
687.0, 48.755092802172925
688.0, 45.33957845433258
689.0, 42.86979627989377
690.0, 31.221257026060258
691.0, 29.44578313253004
692.0, 34.61366681554263
693.0, 37.403474903474915
694.0, 55.44959128065408
695.0, 52.50544662309379
696.0, 45.102932002495415
697.0, 39.229517091698334
698.0, 48.98157129000966
699.0, 40.560224089635746
700.0, 42.60820685778511
701.0, 50.88985088985087
702.0, 49.278062412668866
703.0, 65.08135168961195
704.0, 68.82235528942124
705.0, 74.41666666666677
706.0, 72.67467734757467
707.0, 66.89881196231038
708.0, 66.70786979810455
709.0, 65.52858905800076
710.0, 70.2071397091226
711.0, 79.9355729406347
712.0, 78.81438289601516
713.0, 75.68828744750313
714.0, 75.29634898055915
715.0, 68.6899038461535
716.0, 67.67317939609211
717.0, 46.78832116788323
718.0, 50.97511768661721
719.0, 46.33821571238357
720.0, 30.056179775281024
721.0, 39.21755725190853
722.0, 45.32188841201712
723.0, 51.9319938176198
724.0, 54.13563308506478
725.0, 52.41968279788531
726.0, 54.80880648899193
727.0, 56.994404476418886
728.0, 55.87774294670855
729.0, 57.05568268497327
730.0, 66.19241192411923
731.0, 71.48355493352
732.0, 66.24060150375932
733.0, 62.72694909220355
734.0, 83.64464692482913
735.0, 83.05804624823027
736.0, 81.2238493723849
737.0, 74.10661980081984
738.0, 77.33333333333307
739.0, 75.12899896800805
740.0, 70.45177045177044
741.0, 69.68408262454435
742.0, 76.77185721676133
743.0, 64.15094339622641
744.0, 51.06382978723407
745.0, 46.69239250275623
746.0, 51.18718939812275
747.0, 61.13408151210872
748.0, 51.198721363878384
749.0, 56.608242539080905
750.0, 47.48649771499788
751.0, 52.81662005593299
752.0, 48.24715162138479
753.0, 49.66916629907365
754.0, 41.88988095238094
755.0, 49.128576126274176
756.0, 42.195477753464644
757.0, 46.99431356620626
758.0, 54.901215805471175
759.0, 57.23583460949466
760.0, 58.506686478454675
761.0, 57.268553940321404
762.0, 61.706512778235904
763.0, 59.73125270914609
764.0, 69.98476383951255
765.0, 67.1848972792894
766.0, 66.24785836664779
767.0, 68.07131280388998
768.0, 81.13329040566646
769.0, 68.35249042145581
770.0, 69.85121378230207
771.0, 73.62204724409449
772.0, 68.51503759398489
773.0, 62.293577981651374
774.0, 53.06748466257644
775.0, 53.961885656970594
776.0, 62.66794625719747
777.0, 43.97163120567382
778.0, 42.549019607843164
779.0, 26.04679802955671
780.0, 28.76631079478051
781.0, 39.28210313447929
782.0, 41.04595879556263
783.0, 47.66158696794537
784.0, 35.07347254447021
785.0, 32.93938238658026
786.0, 32.16351716158887
787.0, 42.3235092529129
788.0, 40.92113982770049
789.0, 38.77084014383783
790.0, 39.24748621472592
791.0, 40.892193308550226
792.0, 41.08658743633274
793.0, 56.061200470772825
794.0, 59.81341944743449
795.0, 54.453029686864475
796.0, 47.87272077225598
797.0, 47.00109051254089
798.0, 60.61884669479603
799.0, 65.81196581196578
800.0, 70.43951769739398
801.0, 67.91895314478691
802.0, 70.57017543859632
803.0, 71.19469026548664
804.0, 70.80717488789227
805.0, 73.99999999999991
806.0, 74.92460146488585
807.0, 73.56948228882828
808.0, 66.11195158850236
809.0, 66.29889669007036
810.0, 81.30381303812996
811.0, 80.78381795195924
812.0, 86.50559811431916
813.0, 85.57025834908609
814.0, 82.87210172026901
815.0, 83.60773085182504
816.0, 88.09523809523802
817.0, 92.99719887955175
818.0, 93.37309476474478
819.0, 91.90581309786609
820.0, 83.3222148098732
821.0, 83.32221480987327
822.0, 89.10823689584733
823.0, 88.56325947105056
824.0, 88.56325947105056
825.0, 88.56325947105049
826.0, 83.320095313741
827.0, 84.07884761182703
828.0, 83.320095313741
829.0, 84.09090909090904
830.0, 77.86259541984742
831.0, 78.19548872180454
832.0, 59.63238389224103
833.0, 65.54119941491956
834.0, 73.59076235410996
835.0, 60.27321190581955
836.0, 61.96299447043799
837.0, 60.85325329617306
838.0, 63.052620781618664
839.0, 63.25989392084872
840.0, 65.34325889164602
841.0, 60.27397260273968
842.0, 60.89211618257259
843.0, 45.23305084745766
844.0, 47.234513274336265
