0, -455735
1, -455735
2, 112660
3, -305034
4, -1056827
5, -2253744
6, -2760529
7, -2059829
8, -1745057
9, -1953520
10, -1464576
11, -1253083
12, -1534421
13, -665452
14, -499629
15, -393490
16, -201297
17, -433774
18, -105187
19, 32124
20, -189871
21, 503779
22, 384888
23, 146415
24, 208204
25, 304452
26, 516923
27, 319170
28, 69084
29, -146600
30, 43594
31, 169848
32, 32094
33, -133284
34, -203559
35, -115509
36, -40344
37, -130330
38, -250767
39, -327039
40, -220289
41, 50635
42, -230269
43, -179676
44, -78194
45, 7384
46, 138685
47, -14904
48, -189981
49, -375223
50, -98108
51, 75971
52, 139890
53, 102256
54, 27906
55, 214529
56, 237401
57, 287741
58, 240635
59, 183784
60, 225154
61, 193903
62, 168478
63, 179202
64, 242788
65, 181385
66, 204267
67, 303984
68, 478167
69, 570559
70, 513630
71, 534065
72, 581754
73, 523796
74, 542454
75, 503436
76, 477004
77, 528818
78, 393773
79, 444734
80, 516482
81, 541197
82, 590930
83, 653923
84, 596930
85, 518933
86, 563555
87, 670902
88, 747028
89, 687450
90, 779728
91, 805888
92, 729763
93, 749964
94, 701799
95, 742987
96, 781637
97, 803902
98, 768961
99, 731507
100, 710990
101, 729652
102, 687304
103, 707545
104, 715721
105, 567579
106, 621734
107, 643367
108, 686624
109, 740231
110, 726283
111, 631369
112, 644122
113, 606133
114, 567634
115, 621265
116, 662353
117, 517219
118, 549786
119, 535480
120, 573665
121, 585329
122, 546850
123, 531952
124, 466062
125, 405708
126, 428919
127, 396971
128, 425311
129, 437273
130, 472301
131, 496832
132, 432560
133, 521108
134, 482378
135, 471344
136, 430630
137, 409049
138, 373464
139, 389706
140, 353849
141, 377793
142, 419130
143, 356805
144, 459647
145, 557972
146, 427015
147, 369367
148, 448228
149, 424461
150, 376175
151, 424163
152, 466736
153, 504762
154, 497829
155, 478146
156, 487783
157, 470438
158, 446828
159, 409441
160, 429212
161, 416171
162, 460896
163, 490284
164, 536942
165, 508428
166, 531961
167, 547217
168, 477458
169, 588090
170, 612591
171, 635246
172, 610087
173, 530291
174, 551051
175, 510952
176, 536136
177, 571133
178, 460329
179, 511452
180, 549902
181, 534237
182, 514767
183, 487415
184, 419963
185, 386460
186, 356392
187, 431323
188, 395149
189, 495977
190, 575771
191, 646702
192, 671238
193, 625504
194, 583944
195, 559860
196, 545307
197, 514708
198, 471189
199, 345293
200, 302381
201, 277114
202, 233210
203, 168976
204, 127161
205, 168530
206, 293158
207, 239009
208, 184086
209, 201864
210, 170879
211, 324500
212, 375308
213, 675923
214, 636513
215, 608314
216, 664828
217, 742975
218, 796197
219, 759760
220, 722293
221, 694341
222, 726247
223, 689329
224, 639954
225, 675232
226, 1067736
227, 886285
228, 844041
229, 919659
230, 1071399
231, 1191245
232, 1144108
233, 1188072
234, 1157756
235, 1157756
236, 1184746
237, 1246254
238, 1569263
239, 1537647
240, 1616764
241, 1535882
242, 1590102
243, 1528010
244, 1474371
245, 1428461
246, 1407748
247, 1445318
248, 1486428
249, 1543871
250, 1482589
251, 1505428
252, 1536424
253, 1596404
254, 1541953
255, 1568379
256, 1655082
257, 1686188
258, 1644294
259, 1608388
260, 1608388
261, 1654843
262, 1582061
263, 1614571
264, 1784810
265, 1722816
266, 1749043
267, 1725327
268, 1800165
269, 1773245
270, 1800709
271, 1769948
272, 1718330
273, 1773503
274, 1807331
275, 1841449
276, 1825047
277, 1713744
278, 1763713
279, 1785682
280, 1750092
281, 1711698
282, 1746639
283, 1777405
284, 1753211
285, 1696044
286, 1743636
287, 1778529
288, 1746324
289, 1705930
290, 1673107
291, 1712582
292, 1739854
293, 1656193
294, 1584269
295, 1549019
296, 1493149
297, 1553047
298, 1936450
299, 2019839
300, 1967653
301, 2029855
302, 1979916
303, 2003737
304, 2003737
305, 1962449
306, 1705323
307, 1774219
308, 1704855
309, 1624604
310, 1375782
311, 1408650
312, 1453280
313, 1381178
314, 1425319
315, 1896938
316, 2013311
317, 2095310
318, 2018609
319, 1974966
320, 2007268
321, 1853884
322, 1889922
323, 1755261
324, 1841159
325, 1749411
326, 1846580
327, 1880362
328, 1842737
329, 1792845
330, 1686100
331, 1758642
332, 1722513
333, 1759507
334, 1733499
335, 1699509
336, 1663594
337, 1613292
338, 1588413
339, 1610200
340, 1574160
341, 1600999
342, 1583972
343, 1614289
344, 1577187
345, 1607162
346, 1669384
347, 1709901
348, 1640448
349, 1687099
350, 1665705
351, 1709974
352, 1727673
353, 1678989
354, 1715672
355, 1691911
356, 1766502
357, 1820095
358, 1746688
359, 1783285
360, 1813815
361, 1833903
362, 1806223
363, 1735700
364, 1788039
365, 1714989
366, 1686391
367, 1726009
368, 1919951
369, 1877608
370, 1851615
371, 1802570
372, 1780100
373, 1754140
374, 1643051
375, 1599717
376, 1628262
377, 1526202
378, 1473911
379, 1522900
380, 1498462
381, 1516990
382, 1489619
383, 1460744
384, 1482568
385, 1460780
386, 1492656
387, 1447703
388, 1388280
389, 1260374
390, 1155538
391, 1066646
392, 1113575
393, 1076631
394, 1154427
395, 1042295
396, 1134705
