15.0, 81.53846153846155
16.0, 82.73381294964028
17.0, 81.95488721804512
18.0, 69.44444444444444
19.0, 72.85714285714286
20.0, 72.85714285714286
21.0, 67.69230769230771
22.0, 72.3076923076923
23.0, 70.73170731707317
24.0, 68.0
25.0, 63.793103448275865
26.0, 54.00000000000001
27.0, 40.909090909090914
28.0, 29.729729729729726
29.0, 29.729729729729726
30.0, 17.142857142857125
31.0, 19.444444444444443
32.0, 32.14285714285715
33.0, 32.142857142857125
34.0, 39.285714285714285
35.0, 39.285714285714285
36.0, 31.372549019607845
37.0, 32.69230769230769
38.0, 37.99999999999999
39.0, 37.99999999999999
40.0, 48.07692307692307
41.0, 61.111111111111114
42.0, 69.56521739130434
43.0, 82.43243243243242
44.0, 88.40579710144928
45.0, 72.36842105263156
46.0, 70.83333333333331
47.0, 66.21621621621622
48.0, 62.5
49.0, 59.21052631578948
50.0, 64.70588235294117
51.0, 61.36363636363636
52.0, 63.04347826086957
53.0, 68.62745098039215
54.0, 65.30612244897961
55.0, 50.909090909090914
56.0, 45.454545454545446
57.0, 41.30434782608696
58.0, 40.86021505376344
59.0, 46.34146341463415
60.0, 49.425287356321846
61.0, 52.38095238095237
62.0, 50.0
63.0, 55.0
64.0, 43.58974358974359
65.0, 50.0
66.0, 43.589743589743584
67.0, 31.42857142857143
68.0, 32.35294117647058
69.0, 45.83333333333332
70.0, 36.0
71.0, 35.999999999999986
72.0, 33.333333333333314
73.0, 32.142857142857125
74.0, 21.31147540983605
75.0, 14.999999999999986
76.0, 22.5
77.0, 27.906976744186053
78.0, 39.99999999999999
79.0, 35.71428571428572
80.0, 34.883720930232556
81.0, 33.33333333333333
82.0, 39.99999999999999
83.0, 42.30769230769231
84.0, 42.30769230769231
85.0, 41.1764705882353
86.0, 46.00000000000001
87.0, 46.93877551020408
88.0, 53.33333333333333
89.0, 70.27027027027026
90.0, 63.888888888888886
91.0, 61.764705882352935
92.0, 53.57142857142858
93.0, 56.66666666666667
94.0, 64.28571428571429
95.0, 76.92307692307692
96.0, 68.18181818181819
97.0, 61.904761904761905
98.0, 75.0
99.0, 65.0
100.0, 61.11111111111111
101.0, 64.70588235294119
102.0, 62.5
103.0, 47.058823529411754
104.0, 47.058823529411754
105.0, 52.63157894736843
106.0, 41.66666666666667
107.0, 36.36363636363635
108.0, 36.363636363636374
109.0, 26.08695652173914
110.0, 36.0
111.0, 36.0
112.0, 38.46153846153847
113.0, 41.66666666666667
114.0, 40.0
115.0, 38.61003861003862
116.0, 33.33333333333333
117.0, 41.379310344827594
118.0, 54.54545454545455
119.0, 41.66666666666667
120.0, 51.515151515151516
121.0, 48.57142857142856
122.0, 48.57142857142856
123.0, 51.515151515151516
124.0, 48.38709677419355
125.0, 44.117647058823536
126.0, 38.70967741935485
127.0, 38.70967741935485
128.0, 38.70967741935485
129.0, 38.58520900321544
130.0, 38.70967741935485
131.0, 32.25806451612905
132.0, 19.230769230769255
133.0, 23.80952380952384
134.0, 13.63636363636364
135.0, 14.285714285714292
136.0, 21.73913043478261
137.0, 22.727272727272734
138.0, 41.37931034482759
139.0, 44.444444444444436
140.0, 44.444444444444436
141.0, 48.27586206896551
142.0, 51.7241379310345
143.0, 50.84745762711865
144.0, 50.0
145.0, 46.875
146.0, 55.26315789473684
147.0, 57.333333333333336
148.0, 64.86486486486487
149.0, 61.53846153846154
150.0, 56.75675675675676
151.0, 56.75675675675676
152.0, 50.0
153.0, 45.714285714285715
154.0, 45.714285714285715
155.0, 42.42424242424243
156.0, 45.714285714285715
157.0, 45.07042253521127
158.0, 48.48484848484848
159.0, 53.33333333333332
160.0, 37.65690376569039
161.0, 38.68312757201646
162.0, 31.65137614678899
163.0, 42.78846153846154
164.0, 39.91031390134529
165.0, 48.062015503875976
166.0, 49.04942965779467
167.0, 59.1743119266055
168.0, 62.605042016806735
169.0, 60.08064516129033
170.0, 54.58715596330274
171.0, 65.35087719298245
172.0, 57.75193798449613
173.0, 60.08064516129033
174.0, 57.52895752895753
175.0, 56.00000000000001
176.0, 62.068965517241374
177.0, 50.0
178.0, 60.869565217391305
179.0, 51.470588235294116
180.0, 43.07692307692309
181.0, 43.750000000000014
182.0, 38.709677419354826
183.0, 39.99999999999999
184.0, 38.70967741935485
185.0, 34.48275862068965
186.0, 43.99999999999999
187.0, 46.15384615384615
188.0, 51.020408163265294
189.0, 57.14285714285714
190.0, 44.444444444444436
191.0, 50.0
192.0, 36.84210526315789
193.0, 41.17647058823528
194.0, 41.17647058823528
195.0, 41.17647058823528
196.0, 43.75
197.0, 47.058823529411775
198.0, 44.44444444444445
199.0, 38.8888888888889
200.0, 42.10526315789474
201.0, 35.0
202.0, 33.33333333333336
203.0, 16.666666666666657
204.0, 29.411764705882362
205.0, 33.33333333333333
206.0, 33.33333333333333
207.0, 33.33333333333333
208.0, 42.857142857142854
209.0, 37.5
210.0, 44.44444444444445
211.0, 44.44444444444445
212.0, 44.444444444444436
213.0, 44.44444444444445
214.0, 37.5
215.0, 42.857142857142854
216.0, 42.857142857142854
217.0, 46.153846153846146
218.0, 41.66666666666668
219.0, 33.33333333333336
220.0, 44.44444444444445
221.0, 44.44444444444445
222.0, 47.368421052631575
223.0, 47.368421052631575
224.0, 44.44444444444445
225.0, 38.888888888888886
226.0, 38.8888888888889
227.0, 41.1764705882353
228.0, 44.444444444444436
229.0, 44.444444444444436
230.0, 44.444444444444436
231.0, 47.05882352941177
232.0, 43.75
233.0, 53.846153846153854
234.0, 36.36363636363635
235.0, 53.846153846153854
236.0, 38.75968992248063
237.0, 53.90625000000001
238.0, 50.0
239.0, 46.09375000000001
240.0, 58.474576271186436
241.0, 58.474576271186436
242.0, 61.71874999999999
243.0, 64.4927536231884
244.0, 62.23776223776223
245.0, 60.13513513513513
246.0, 52.976190476190474
247.0, 62.019230769230774
248.0, 62.01923076923077
249.0, 52.65957446808509
250.0, 58.57988165680472
251.0, 53.33333333333332
252.0, 47.058823529411754
253.0, 47.05882352941177
254.0, 50.0
255.0, 48.64864864864865
256.0, 36.84210526315791
257.0, 36.8421052631579
258.0, 41.02564102564102
259.0, 42.10526315789475
260.0, 42.10526315789475
261.0, 26.666666666666643
262.0, 26.666666666666657
263.0, 33.33333333333333
264.0, 37.5
265.0, 35.294117647058826
266.0, 37.5
267.0, 42.857142857142854
268.0, 42.857142857142854
269.0, 44.444444444444436
270.0, 61.53846153846153
271.0, 50.0
272.0, 46.15384615384615
273.0, 39.99999999999999
274.0, 46.15384615384615
275.0, 53.33333333333333
276.0, 60.0
277.0, 57.14285714285714
278.0, 53.84615384615384
279.0, 50.0
280.0, 55.55555555555556
281.0, 50.0
282.0, 44.444444444444436
283.0, 53.125
284.0, 46.42857142857143
285.0, 50.0
286.0, 56.666666666666664
287.0, 65.38461538461539
288.0, 53.125
289.0, 50.0
290.0, 46.42857142857143
291.0, 46.42857142857143
292.0, 46.42857142857143
293.0, 50.0
294.0, 51.851851851851855
295.0, 58.33333333333333
296.0, 52.0
297.0, 39.99999999999999
298.0, 39.99999999999999
299.0, 39.99999999999999
300.0, 20.0
301.0, 20.0
302.0, 44.44444444444445
303.0, 37.5
304.0, 26.08695652173914
305.0, 29.166666666666686
306.0, 26.923076923076934
307.0, 29.166666666666686
308.0, 29.166666666666686
309.0, 29.166666666666686
310.0, 31.818181818181827
311.0, 37.5
312.0, 36.0
313.0, 37.5
314.0, 50.0
315.0, 57.6923076923077
316.0, 45.83333333333332
317.0, 50.0
318.0, 71.42857142857143
319.0, 58.33333333333332
320.0, 66.66666666666666
321.0, 68.74999999999999
322.0, 57.35294117647058
323.0, 67.95580110497238
324.0, 73.14814814814814
325.0, 76.89243027888445
326.0, 78.88446215139442
327.0, 81.24999999999999
328.0, 83.2167832167832
329.0, 84.81012658227847
330.0, 77.45664739884394
331.0, 78.08988764044943
332.0, 61.46788990825688
333.0, 67.54385964912281
334.0, 69.23076923076923
335.0, 69.0376569037657
336.0, 70.2127659574468
337.0, 65.51724137931035
338.0, 62.50000000000001
339.0, 56.94444444444445
340.0, 56.33802816901409
341.0, 52.77777777777778
342.0, 51.42857142857143
343.0, 44.7453954496208
344.0, 50.0
345.0, 44.34673366834171
346.0, 63.48920863309353
347.0, 56.43776824034335
348.0, 48.08184143222509
349.0, 42.610837438423665
350.0, 41.092636579572456
351.0, 46.30541871921183
352.0, 50.000000000000014
353.0, 45.322245322245344
354.0, 45.322245322245344
355.0, 41.444866920152094
356.0, 33.90557939914163
357.0, 26.838966202783325
358.0, 36.11111111111113
359.0, 34.210526315789494
360.0, 39.47368421052634
361.0, 39.47368421052634
362.0, 32.500000000000014
363.0, 30.952380952380977
364.0, 33.33333333333336
365.0, 43.47826086956525
366.0, 40.909090909090935
367.0, 39.13043478260872
368.0, 38.297872340425556
369.0, 45.238095238095255
370.0, 40.476190476190496
371.0, 44.73684210526318
372.0, 50.0
373.0, 55.26315789473685
374.0, 52.777777777777786
375.0, 48.57142857142858
376.0, 58.82352941176471
377.0, 73.68421052631578
378.0, 66.66666666666666
379.0, 63.1578947368421
380.0, 63.1578947368421
381.0, 66.66666666666664
382.0, 69.44444444444443
383.0, 69.44444444444443
384.0, 74.99999999999999
385.0, 71.05263157894734
386.0, 65.62499999999997
387.0, 55.26315789473684
388.0, 61.36363636363636
389.0, 59.999999999999986
390.0, 57.14285714285714
391.0, 47.05882352941177
392.0, 53.33333333333334
393.0, 46.15384615384617
394.0, 50.000000000000014
395.0, 56.000000000000014
396.0, 48.14814814814815
397.0, 50.000000000000014
398.0, 46.15384615384617
399.0, 46.15384615384617
400.0, 41.66666666666667
401.0, 59.999999999999986
402.0, 37.50000000000002
403.0, 42.857142857142875
404.0, 42.857142857142875
405.0, 42.857142857142875
406.0, 37.50000000000006
407.0, 44.44444444444445
408.0, 37.5
409.0, 40.00000000000001
410.0, 31.578947368421083
411.0, 40.909090909090935
412.0, 40.909090909090935
413.0, 45.00000000000003
414.0, 45.00000000000003
415.0, 45.0
416.0, 50.00000000000002
417.0, 45.00000000000002
418.0, 50.000000000000014
419.0, 52.17391304347828
420.0, 54.54545454545455
421.0, 47.61904761904765
422.0, 38.46153846153848
423.0, 50.0
424.0, 51.61290322580647
425.0, 55.882352941176485
426.0, 52.77777777777778
427.0, 52.77777777777778
428.0, 45.45454545454545
429.0, 38.63636363636363
430.0, 35.41666666666667
431.0, 38.29787234042553
432.0, 45.28301886792454
433.0, 38.983050847457626
434.0, 37.09677419354839
435.0, 37.70491803278688
436.0, 46.774193548387096
437.0, 35.9375
438.0, 46.96969696969696
439.0, 34.848484848484844
440.0, 36.92307692307693
441.0, 35.82089552238807
442.0, 40.19292604501608
443.0, 45.000000000000014
444.0, 45.00000000000001
445.0, 37.68115942028986
446.0, 29.508196721311478
447.0, 37.93103448275862
448.0, 44.827586206896555
449.0, 44.827586206896555
450.0, 35.71428571428572
451.0, 44.0
452.0, 31.818181818181827
453.0, 38.8888888888889
454.0, 37.14285714285716
455.0, 37.14285714285716
456.0, 35.29411764705884
457.0, 42.10526315789475
458.0, 52.63157894736843
459.0, 62.50000000000001
460.0, 51.282051282051285
461.0, 44.44444444444446
462.0, 35.294117647058826
463.0, 47.61904761904762
464.0, 50.0
465.0, 40.909090909090914
466.0, 46.666666666666664
467.0, 46.666666666666664
468.0, 52.0
469.0, 48.14814814814815
470.0, 53.33333333333334
471.0, 44.827586206896555
472.0, 44.827586206896555
473.0, 53.33333333333334
474.0, 60.37735849056605
475.0, 59.70149253731344
476.0, 62.452107279693486
477.0, 49.00398406374503
478.0, 52.988047808764954
479.0, 57.575757575757585
480.0, 52.212389380530986
481.0, 53.24675324675326
482.0, 47.57281553398059
483.0, 50.0
484.0, 43.67816091954024
485.0, 46.91358024691359
486.0, 43.42105263157896
487.0, 29.508196721311492
488.0, 27.27272727272728
489.0, 29.032258064516142
490.0, 27.27272727272728
491.0, 39.58333333333334
492.0, 32.55813953488372
493.0, 36.8421052631579
494.0, 46.47887323943663
495.0, 42.42424242424246
496.0, 36.84210526315792
497.0, 42.42424242424246
498.0, 44.11764705882354
499.0, 50.00000000000002
500.0, 28.571428571428584
501.0, 28.571428571428584
502.0, 28.571428571428584
503.0, 25.000000000000014
504.0, 40.00000000000001
505.0, 42.85714285714289
506.0, 39.13043478260871
507.0, 44.00000000000002
508.0, 38.46153846153848
509.0, 38.46153846153848
510.0, 44.00000000000001
511.0, 45.833333333333336
512.0, 45.83333333333335
513.0, 39.85507246376814
514.0, 42.30769230769234
515.0, 46.428571428571445
516.0, 53.57142857142858
517.0, 50.000000000000014
518.0, 39.28571428571431
519.0, 43.33333333333334
520.0, 40.62500000000002
521.0, 40.625000000000014
522.0, 43.33333333333334
523.0, 40.62500000000002
524.0, 36.363636363636374
525.0, 45.94594594594596
526.0, 41.66666666666667
527.0, 42.37288135593221
528.0, 44.117647058823536
529.0, 45.71428571428572
530.0, 38.8888888888889
531.0, 41.1764705882353
532.0, 48.57142857142858
533.0, 47.058823529411775
534.0, 51.612903225806456
535.0, 41.1764705882353
536.0, 44.44444444444446
537.0, 50.0
538.0, 52.94117647058823
539.0, 48.38709677419355
540.0, 46.875000000000014
541.0, 53.642384105960275
542.0, 56.66666666666667
543.0, 60.606060606060616
544.0, 59.171597633136095
545.0, 65.29411764705883
546.0, 61.146496815286625
547.0, 59.86842105263158
548.0, 69.23076923076923
549.0, 83.7696335078534
550.0, 82.96703296703296
551.0, 75.80645161290323
552.0, 76.43979057591623
553.0, 76.31578947368422
554.0, 81.67539267015707
555.0, 81.95876288659792
556.0, 84.09090909090908
557.0, 81.57894736842104
558.0, 92.03980099502488
559.0, 83.2535885167464
560.0, 79.81651376146789
561.0, 61.19402985074626
562.0, 53.086419753086425
563.0, 46.72897196261683
564.0, 43.421052631578945
565.0, 52.868852459016395
566.0, 49.799196787148595
567.0, 50.000000000000014
568.0, 45.78313253012048
569.0, 42.000000000000014
570.0, 34.09090909090911
571.0, 31.250000000000014
572.0, 28.26086956521742
573.0, 26.97095435684649
574.0, 31.250000000000014
575.0, 44.73684210526317
576.0, 42.50000000000001
577.0, 35.55555555555557
578.0, 43.47826086956523
579.0, 35.000000000000014
580.0, 33.33333333333336
581.0, 33.33333333333336
582.0, 35.00000000000003
583.0, 35.17587939698494
584.0, 43.42105263157895
585.0, 41.772151898734194
586.0, 33.19327731092439
587.0, 43.421052631578945
588.0, 40.82568807339451
589.0, 36.23853211009176
590.0, 36.23853211009176
591.0, 50.000000000000014
592.0, 42.78846153846155
593.0, 42.78846153846155
594.0, 50.0
595.0, 52.40384615384616
596.0, 47.80701754385965
597.0, 45.60669456066946
598.0, 36.363636363636374
599.0, 41.88481675392671
600.0, 44.44444444444445
601.0, 47.36842105263159
602.0, 42.85714285714286
603.0, 47.61904761904763
604.0, 52.63157894736843
605.0, 43.750000000000014
606.0, 46.66666666666668
607.0, 41.42011834319527
608.0, 44.382022471910126
609.0, 37.341772151898745
610.0, 37.34177215189875
611.0, 42.75362318840581
612.0, 50.000000000000014
613.0, 46.621621621621635
614.0, 53.378378378378386
615.0, 50.000000000000014
616.0, 46.621621621621635
617.0, 52.97619047619048
618.0, 52.97619047619048
619.0, 61.08374384236454
620.0, 61.08374384236454
621.0, 51.88284518828453
622.0, 50.000000000000014
623.0, 50.000000000000014
624.0, 56.81818181818182
625.0, 62.74509803921569
626.0, 61.22448979591837
627.0, 62.50000000000001
628.0, 60.86956521739131
629.0, 54.54545454545456
630.0, 63.15789473684212
631.0, 52.94117647058823
632.0, 60.00000000000001
633.0, 48.571428571428584
634.0, 45.94594594594596
635.0, 60.714285714285715
636.0, 60.71428571428572
637.0, 60.71428571428572
638.0, 53.57142857142858
639.0, 38.095238095238116
640.0, 43.47826086956525
641.0, 33.33333333333336
642.0, 33.33333333333336
643.0, 35.71428571428574
644.0, 40.00000000000001
645.0, 40.00000000000003
646.0, 25.00000000000003
647.0, 33.33333333333336
648.0, 46.15384615384616
649.0, 40.00000000000003
650.0, 35.71428571428572
651.0, 33.33333333333336
652.0, 40.00000000000001
653.0, 35.294117647058826
654.0, 31.25
655.0, 53.33333333333334
656.0, 42.10526315789475
657.0, 47.61904761904763
658.0, 37.5
659.0, 48.14814814814815
660.0, 48.14814814814815
661.0, 48.14814814814815
662.0, 42.307692307692314
663.0, 42.30769230769231
664.0, 45.45454545454546
665.0, 50.0
666.0, 46.42857142857143
667.0, 49.05660377358492
668.0, 49.05660377358492
669.0, 40.00000000000001
670.0, 47.61904761904763
671.0, 42.10526315789475
672.0, 50.0
673.0, 33.33333333333336
674.0, 40.740740740740755
675.0, 34.61538461538463
676.0, 46.42857142857143
677.0, 54.16666666666668
678.0, 40.00000000000001
679.0, 37.5
680.0, 37.50000000000002
681.0, 36.00000000000001
682.0, 36.00000000000001
683.0, 37.500000000000014
684.0, 37.500000000000014
685.0, 32.14285714285715
686.0, 37.037037037037045
687.0, 39.28571428571429
688.0, 28.571428571428584
689.0, 40.25157232704404
690.0, 29.72972972972974
691.0, 27.848101265822805
692.0, 29.729729729729726
693.0, 24.637681159420296
694.0, 31.8840579710145
695.0, 34.375000000000014
696.0, 31.8840579710145
697.0, 36.8421052631579
698.0, 39.13043478260871
699.0, 43.902439024390254
700.0, 48.12030075187972
701.0, 48.12030075187972
702.0, 63.513513513513516
703.0, 54.26356589147288
704.0, 46.66666666666668
705.0, 53.846153846153854
706.0, 53.84615384615386
707.0, 55.22388059701493
708.0, 48.85496183206107
709.0, 48.85496183206107
710.0, 46.37681159420291
711.0, 46.37681159420291
712.0, 53.164556962025316
713.0, 51.53374233128835
714.0, 43.670886075949376
715.0, 48.55491329479769
716.0, 37.762237762237774
717.0, 36.4864864864865
718.0, 45.76271186440679
719.0, 50.00000000000002
720.0, 54.23728813559324
721.0, 48.387096774193566
722.0, 45.45454545454547
723.0, 56.886227544910184
724.0, 52.777777777777786
725.0, 56.410256410256416
726.0, 47.22222222222223
727.0, 50.0
728.0, 50.0
729.0, 43.333333333333336
730.0, 50.0
731.0, 50.0
732.0, 50.0
733.0, 46.875000000000014
734.0, 44.117647058823536
735.0, 46.875000000000014
736.0, 51.7241379310345
737.0, 34.782608695652186
738.0, 44.444444444444464
739.0, 28.571428571428612
740.0, 30.769230769230802
741.0, 30.769230769230802
742.0, 50.00000000000002
743.0, 43.75000000000003
744.0, 25.00000000000003
745.0, 30.00000000000003
746.0, 41.666666666666686
747.0, 41.666666666666686
748.0, 41.6666666666667
749.0, 50.00000000000002
750.0, 50.00000000000002
751.0, 46.66666666666669
752.0, 53.33333333333335
753.0, 56.250000000000014
754.0, 53.57142857142859
755.0, 45.91836734693879
756.0, 36.904761904761926
757.0, 50.00000000000002
758.0, 50.00000000000002
759.0, 59.433962264150956
760.0, 47.747747747747766
761.0, 42.063492063492085
762.0, 51.9083969465649
763.0, 46.031746031746046
764.0, 46.031746031746046
765.0, 50.00000000000002
766.0, 47.74774774774777
767.0, 50.00000000000002
768.0, 49.572649572649595
769.0, 55.769230769230795
770.0, 55.769230769230795
771.0, 50.00000000000002
772.0, 50.00000000000002
773.0, 36.11111111111114
774.0, 45.614035087719344
775.0, 69.23076923076925
776.0, 50.00000000000006
777.0, 45.65217391304353
778.0, 50.00000000000004
779.0, 45.454545454545496
780.0, 50.00000000000004
781.0, 40.00000000000006
782.0, 50.00000000000006
783.0, 51.28205128205135
784.0, 50.000000000000064
785.0, 50.000000000000064
786.0, 50.000000000000064
787.0, 50.000000000000064
788.0, 47.50000000000006
789.0, 34.375000000000085
790.0, 56.75675675675681
791.0, 55.2631578947369
792.0, 48.11320754716988
793.0, 57.89473684210533
794.0, 50.000000000000085
795.0, 51.80722891566272
796.0, 61.53846153846158
797.0, 64.28571428571433
798.0, 76.47058823529414
799.0, 87.50000000000001
800.0, 80.00000000000001
801.0, 82.27848101265823
802.0, 80.44554455445545
803.0, 80.15075376884423
804.0, 82.75109170305677
805.0, 82.75109170305676
806.0, 86.21323529411764
807.0, 83.78378378378378
808.0, 80.72916666666666
809.0, 79.38144329896906
810.0, 69.33962264150944
811.0, 65.80547112462006
812.0, 62.49999999999999
813.0, 55.62130177514793
814.0, 55.95238095238095
815.0, 61.65803108808289
816.0, 60.101010101010104
817.0, 63.76146788990825
818.0, 63.76146788990825
819.0, 66.82692307692308
820.0, 61.235955056179776
821.0, 56.47668393782383
822.0, 58.60215053763441
823.0, 61.6580310880829
824.0, 67.61363636363636
825.0, 72.83236994219652
826.0, 72.98850574712642
827.0, 65.45454545454544
828.0, 71.9298245614035
829.0, 56.84931506849315
830.0, 63.698630136986296
831.0, 61.02941176470588
832.0, 50.0
833.0, 42.741935483870975
834.0, 42.06349206349206
835.0, 45.689655172413794
836.0, 45.689655172413794
837.0, 34.95934959349594
838.0, 42.24598930481283
839.0, 35.03836317135551
840.0, 34.5360824742268
841.0, 49.3212669683258
842.0, 41.09263657957244
843.0, 46.01063829787234
844.0, 38.64864864864864
845.0, 37.637362637362635
846.0, 35.309278350515456
847.0, 44.97206703910614
848.0, 36.425339366515836
849.0, 43.21266968325793
850.0, 46.82203389830509
851.0, 45.94594594594595
852.0, 42.47787610619469
853.0, 46.3768115942029
854.0, 46.0431654676259
855.0, 30.0
856.0, 34.482758620689665
857.0, 42.42424242424243
858.0, 36.363636363636374
859.0, 32.87671232876713
860.0, 34.78260869565217
861.0, 45.45454545454546
862.0, 50.0
863.0, 46.42857142857143
864.0, 42.30769230769231
865.0, 50.0
866.0, 54.166666666666664
867.0, 54.166666666666664
868.0, 58.13953488372093
869.0, 46.875
870.0, 48.795180722891565
871.0, 46.875
872.0, 57.6923076923077
873.0, 55.55555555555556
874.0, 46.875
875.0, 43.33333333333333
876.0, 48.148148148148145
877.0, 47.10144927536232
878.0, 42.57641921397379
879.0, 43.56223175965665
880.0, 37.12446351931331
881.0, 36.652542372881356
882.0, 30.686695278969964
883.0, 46.01063829787234
884.0, 41.329479768786136
885.0, 35.75949367088607
886.0, 35.75949367088607
887.0, 39.93610223642172
888.0, 54.800000000000004
889.0, 24.80000000000001
890.0, 40.50632911392405
891.0, 36.363636363636374
892.0, 49.008498583569406
893.0, 39.285714285714285
894.0, 39.285714285714285
895.0, 39.85507246376811
896.0, 39.285714285714285
897.0, 35.1145038167939
898.0, 48.48484848484848
899.0, 51.42857142857142
900.0, 42.857142857142854
901.0, 49.152542372881356
902.0, 44.444444444444436
903.0, 49.33920704845815
904.0, 40.90909090909091
905.0, 50.0
906.0, 41.666666666666664
907.0, 47.72727272727273
908.0, 51.16279069767442
909.0, 50.2283105022831
910.0, 50.0
911.0, 51.754385964912274
912.0, 41.37931034482759
913.0, 38.34196891191709
914.0, 44.047619047619044
915.0, 31.8840579710145
916.0, 42.187499999999986
917.0, 39.130434782608695
918.0, 40.60150375939849
919.0, 33.050847457627114
920.0, 41.93548387096773
921.0, 38.636363636363626
922.0, 32.95454545454544
923.0, 34.52380952380952
924.0, 39.72602739726026
925.0, 36.231884057971
926.0, 35.71428571428571
927.0, 36.619718309859145
928.0, 42.62295081967212
929.0, 41.93548387096773
930.0, 30.76923076923076
931.0, 38.09523809523808
932.0, 43.24324324324321
933.0, 18.74999999999997
934.0, 36.585365853658516
935.0, 44.68085106382978
936.0, 44.68085106382978
937.0, 49.01960784313724
938.0, 54.385964912280684
939.0, 49.999999999999986
940.0, 59.090909090909065
941.0, 56.818181818181806
942.0, 49.019607843137244
943.0, 56.14035087719297
944.0, 46.376811594202884
945.0, 48.13084112149532
946.0, 49.999999999999986
947.0, 49.999999999999986
948.0, 37.4384236453202
949.0, 31.35135135135134
950.0, 49.999999999999986
951.0, 41.32231404958677
952.0, 31.1787072243346
953.0, 42.90220820189274
954.0, 43.72990353697749
955.0, 44.15584415584414
956.0, 47.38675958188152
957.0, 46.26334519572953
958.0, 49.999999999999986
959.0, 48.616600790513814
960.0, 52.87356321839081
961.0, 52.272727272727266
962.0, 57.49999999999998
963.0, 56.79012345679011
964.0, 40.191387559808604
965.0, 49.999999999999986
966.0, 60.50955414012737
967.0, 39.80582524271844
968.0, 30.147058823529406
969.0, 45.714285714285715
970.0, 39.024390243902445
971.0, 34.21052631578948
972.0, 37.14285714285714
973.0, 46.341463414634134
974.0, 42.10526315789472
975.0, 42.78074866310159
976.0, 47.029702970297016
977.0, 47.73869346733667
978.0, 53.07262569832401
979.0, 57.57575757575757
980.0, 59.37499999999999
981.0, 64.86486486486487
982.0, 76.19047619047619
983.0, 69.99999999999999
984.0, 87.49999999999997
985.0, 58.33333333333331
986.0, 71.91011235955055
987.0, 68.74999999999999
988.0, 68.74999999999999
989.0, 62.49999999999999
990.0, 55.55555555555556
991.0, 63.636363636363626
992.0, 63.636363636363626
993.0, 59.999999999999986
994.0, 54.54545454545454
995.0, 52.38095238095237
996.0, 54.54545454545454
997.0, 49.99999999999999
998.0, 49.18032786885245
999.0, 59.61538461538462
1000.0, 50.58823529411763
1001.0, 47.191011235955045
1002.0, 44.68085106382978
1003.0, 61.386138613861384
1004.0, 65.95744680851062
1005.0, 61.9047619047619
1006.0, 65.95744680851064
1007.0, 65.95744680851064
1008.0, 73.8095238095238
1009.0, 64.04494382022472
1010.0, 61.90476190476189
1011.0, 70.27027027027026
1012.0, 72.2222222222222
1013.0, 74.99999999999999
1014.0, 71.42857142857142
1015.0, 71.4285714285714
1016.0, 55.555555555555536
1017.0, 55.555555555555536
1018.0, 49.99999999999999
1019.0, 44.444444444444436
1020.0, 44.444444444444436
1021.0, 44.444444444444436
1022.0, 49.99999999999999
1023.0, 55.55555555555556
1024.0, 55.55555555555556
1025.0, 49.99999999999999
1026.0, 50.980392156862735
1027.0, 54.54545454545453
1028.0, 54.54545454545453
1029.0, 52.17391304347826
1030.0, 66.66666666666666
1031.0, 59.999999999999986
1032.0, 71.42857142857142
1033.0, 62.49999999999999
1034.0, 44.444444444444436
1035.0, 40.81632653061224
1036.0, 34.09090909090908
1037.0, 45.28301886792452
1038.0, 35.294117647058826
1039.0, 43.47826086956522
1040.0, 52.24489795918367
1041.0, 46.33027522935779
1042.0, 46.33027522935779
1043.0, 49.753694581280776
1044.0, 43.53448275862068
1045.0, 39.03966597077244
1046.0, 40.89068825910931
1047.0, 39.68565815324165
1048.0, 44.98886414253897
1049.0, 47.529411764705884
1050.0, 52.5531914893617
1051.0, 46.394230769230774
1052.0, 59.20245398773006
1053.0, 44.85714285714285
1054.0, 41.15853658536586
1055.0, 41.15853658536586
1056.0, 34.79381443298969
1057.0, 43.526785714285715
1058.0, 43.33333333333333
1059.0, 53.12499999999999
1060.0, 44.64285714285714
1061.0, 54.3859649122807
1062.0, 50.0
1063.0, 53.731343283582085
1064.0, 48.691099476439796
1065.0, 46.49999999999999
1066.0, 50.0
1067.0, 52.45098039215686
1068.0, 47.282608695652165
1069.0, 44.845360824742265
1070.0, 53.96825396825397
1071.0, 48.5207100591716
1072.0, 55.03355704697986
1073.0, 48.062015503875955
1074.0, 59.50413223140495
1075.0, 61.61879895561356
1076.0, 76.22377622377621
1077.0, 63.5135135135135
1078.0, 65.73426573426573
1079.0, 70.14925373134326
1080.0, 66.66666666666666
1081.0, 72.7272727272727
1082.0, 63.999999999999986
1083.0, 74.99999999999999
1084.0, 66.66666666666666
1085.0, 62.068965517241374
1086.0, 62.83783783783783
1087.0, 65.18987341772151
1088.0, 61.589403973509924
1089.0, 54.8051948051948
1090.0, 37.037037037037024
1091.0, 49.99999999999999
1092.0, 51.5151515151515
1093.0, 53.84615384615384
1094.0, 61.904761904761905
1095.0, 61.904761904761905
1096.0, 72.72727272727272
1097.0, 65.625
1098.0, 73.25581395348836
1099.0, 73.25581395348836
1100.0, 75.26881720430106
1101.0, 79.58579881656803
1102.0, 81.8181818181818
1103.0, 68.74999999999997
1104.0, 78.92271662763466
1105.0, 70.17937219730939
1106.0, 69.56521739130433
1107.0, 68.48341232227486
1108.0, 57.772020725388586
1109.0, 46.84873949579831
1110.0, 45.119305856832966
1111.0, 49.900990099009896
1112.0, 47.191011235955045
1113.0, 49.999999999999986
1114.0, 44.047619047619044
1115.0, 33.175355450236964
1116.0, 40.506329113924046
1117.0, 44.75524475524475
1118.0, 36.11859838274932
1119.0, 39.06705539358601
1120.0, 37.43016759776537
1121.0, 35.44973544973544
1122.0, 37.43016759776537
1123.0, 59.14634146341462
1124.0, 52.186588921282805
1125.0, 41.033434650455916
1126.0, 54.166666666666664
1127.0, 57.692307692307686
1128.0, 57.692307692307686
1129.0, 56.91906005221932
1130.0, 49.999999999999986
1131.0, 56.52173913043478
1132.0, 54.54545454545454
1133.0, 60.869565217391305
1134.0, 66.66666666666666
1135.0, 75.0
1136.0, 80.64516129032258
1137.0, 82.3529411764706
1138.0, 82.35294117647058
1139.0, 66.66666666666666
1140.0, 70.2127659574468
1141.0, 71.99999999999999
1142.0, 72.0
1143.0, 69.23076923076923
1144.0, 69.23076923076923
1145.0, 70.37037037037037
1146.0, 67.85714285714286
1147.0, 70.96774193548387
1148.0, 69.5364238410596
1149.0, 65.51724137931035
1150.0, 63.63636363636363
1151.0, 53.84615384615383
1152.0, 52.830188679245275
1153.0, 65.11627906976743
1154.0, 48.71794871794871
1155.0, 44.444444444444436
1156.0, 53.84615384615383
1157.0, 50.0
1158.0, 48.53620955315871
1159.0, 50.0
1160.0, 52.35109717868337
1161.0, 41.31274131274131
1162.0, 41.796875
1163.0, 39.05109489051095
1164.0, 35.52123552123551
1165.0, 43.852459016393446
1166.0, 45.2431289640592
1167.0, 45.2431289640592
1168.0, 57.00934579439254
1169.0, 53.76884422110553
1170.0, 47.87535410764871
1171.0, 54.87012987012988
1172.0, 52.97805642633227
1173.0, 37.5
1174.0, 33.33333333333333
1175.0, 33.33333333333333
1176.0, 35.25179856115108
1177.0, 43.36283185840706
1178.0, 41.88034188034186
1179.0, 30.088495575221216
1180.0, 28.215767634854757
1181.0, 23.776223776223773
1182.0, 10.98265895953756
1183.0, 29.357798165137595
1184.0, 22.477064220183493
1185.0, 19.75806451612904
1186.0, 37.201365187713314
1187.0, 43.03405572755417
1188.0, 44.911147011308564
1189.0, 44.76650563607086
1190.0, 42.31974921630094
1191.0, 42.857142857142854
1192.0, 44.740973312401884
1193.0, 45.23809523809523
1194.0, 44.1860465116279
1195.0, 47.5
1196.0, 59.45945945945946
1197.0, 50.0
1198.0, 53.33333333333332
1199.0, 73.33333333333333
1200.0, 49.99999999999999
1201.0, 38.75968992248063
1202.0, 38.75968992248061
1203.0, 38.96103896103895
1204.0, 43.99999999999999
1205.0, 46.153846153846146
1206.0, 43.99999999999999
1207.0, 45.833333333333336
1208.0, 49.99999999999999
1209.0, 54.166666666666664
1210.0, 43.47826086956522
1211.0, 45.454545454545446
1212.0, 45.454545454545446
1213.0, 24.999999999999986
1214.0, 39.999999999999986
1215.0, 48.78048780487802
1216.0, 44.444444444444414
1217.0, 64.28571428571426
1218.0, 66.66666666666666
1219.0, 56.24999999999998
1220.0, 49.999999999999986
1221.0, 47.36842105263156
1222.0, 59.999999999999986
1223.0, 49.999999999999986
1224.0, 55.555555555555536
1225.0, 49.999999999999986
1226.0, 54.54545454545453
1227.0, 49.99999999999999
1228.0, 57.14285714285714
1229.0, 59.99999999999999
1230.0, 48.64864864864865
1231.0, 40.625
1232.0, 44.11764705882352
1233.0, 42.85714285714285
1234.0, 52.63157894736841
1235.0, 47.69475357710651
1236.0, 47.611464968152866
1237.0, 46.50077760497666
1238.0, 45.440729483282674
1239.0, 46.71875
1240.0, 44.09836065573771
1241.0, 47.46621621621621
1242.0, 40.40219378427788
1243.0, 40.40219378427788
1244.0, 49.99999999999999
1245.0, 49.99999999999999
1246.0, 42.146596858638745
1247.0, 37.70491803278688
1248.0, 30.36649214659687
1249.0, 37.662337662337656
1250.0, 22.222222222222214
1251.0, 48.120300751879704
1252.0, 49.99999999999999
1253.0, 44.444444444444436
1254.0, 48.05194805194804
1255.0, 43.74999999999999
1256.0, 45.16129032258064
1257.0, 41.37931034482757
1258.0, 42.85714285714284
1259.0, 50.0
1260.0, 47.058823529411754
1261.0, 61.29032258064515
1262.0, 56.666666666666664
1263.0, 56.666666666666664
1264.0, 56.66666666666666
1265.0, 45.833333333333314
1266.0, 42.30769230769229
1267.0, 49.99999999999999
1268.0, 47.61904761904762
1269.0, 49.99999999999999
1270.0, 45.87155963302752
1271.0, 53.54330708661416
1272.0, 48.57142857142856
1273.0, 41.93548387096773
1274.0, 44.827586206896555
1275.0, 35.92233009708738
1276.0, 40.196078431372534
1277.0, 38.31775700934579
1278.0, 44.565217391304344
1279.0, 37.80487804878049
1280.0, 37.80487804878049
1281.0, 44.565217391304344
1282.0, 37.11340206185566
1283.0, 37.11340206185566
1284.0, 49.5145631067961
1285.0, 34.73684210526315
1286.0, 34.02061855670104
1287.0, 26.851851851851848
1288.0, 47.26027397260274
1289.0, 39.655172413793096
1290.0, 37.14285714285714
1291.0, 43.24324324324324
1292.0, 44.444444444444436
1293.0, 41.02564102564102
1294.0, 50.0
1295.0, 45.23809523809524
1296.0, 47.5
1297.0, 48.717948717948715
1298.0, 44.19889502762431
1299.0, 43.24324324324324
1300.0, 46.24277456647399
1301.0, 51.552795031055894
1302.0, 35.537190082644614
1303.0, 49.99999999999999
1304.0, 49.99999999999999
1305.0, 44.18604651162787
1306.0, 44.18604651162787
1307.0, 49.999999999999986
1308.0, 25.490196078431325
1309.0, 31.70731707317067
1310.0, 23.214285714285666
1311.0, 23.214285714285666
1312.0, 35.384615384615344
1313.0, 37.70491803278686
1314.0, 48.529411764705856
1315.0, 39.99999999999998
1316.0, 39.99999999999998
1317.0, 52.631578947368425
1318.0, 55.55555555555555
1319.0, 55.55555555555556
1320.0, 63.63636363636363
1321.0, 56.4516129032258
1322.0, 62.237762237762226
1323.0, 54.601226993865026
1324.0, 62.65822784810126
1325.0, 58.92857142857143
1326.0, 56.32911392405063
1327.0, 64.88095238095238
1328.0, 55.61797752808989
1329.0, 63.29787234042553
1330.0, 57.21153846153846
1331.0, 48.70466321243522
1332.0, 53.52112676056338
1333.0, 50.0
1334.0, 42.78846153846153
1335.0, 49.74874371859296
1336.0, 44.444444444444436
1337.0, 47.058823529411754
1338.0, 42.42424242424243
1339.0, 52.77777777777777
1340.0, 43.18181818181817
1341.0, 45.65217391304348
1342.0, 47.72727272727272
1343.0, 38.63636363636363
1344.0, 43.90243902439024
1345.0, 52.272727272727266
1346.0, 47.5
1347.0, 49.99999999999999
1348.0, 52.77777777777778
1349.0, 49.999999999999986
1350.0, 49.999999999999986
1351.0, 49.999999999999986
1352.0, 48.57142857142856
1353.0, 37.49999999999999
1354.0, 51.99999999999999
1355.0, 35.0
1356.0, 38.888888888888886
1357.0, 53.33333333333332
1358.0, 46.05263157894734
1359.0, 21.153846153846175
1360.0, 21.153846153846175
1361.0, 21.153846153846175
1362.0, 17.74193548387099
1363.0, 15.277777777777814
1364.0, 15.277777777777814
1365.0, 37.80487804878049
1366.0, 35.632183908045974
1367.0, 47.12643678160918
1368.0, 47.12643678160918
1369.0, 44.565217391304344
1370.0, 40.19607843137254
1371.0, 37.11340206185566
1372.0, 39.560439560439555
1373.0, 38.88888888888888
1374.0, 35.0
1375.0, 30.434782608695656
1376.0, 36.36363636363635
1377.0, 39.99999999999999
1378.0, 45.454545454545446
1379.0, 49.999999999999986
1380.0, 57.142857142857125
1381.0, 52.63157894736841
1382.0, 44.99999999999999
1383.0, 54.999999999999986
1384.0, 60.439560439560424
1385.0, 60.86956521739129
1386.0, 54.90196078431371
1387.0, 47.86324786324786
1388.0, 61.363636363636346
1389.0, 69.23076923076921
1390.0, 67.85714285714283
1391.0, 53.52112676056338
1392.0, 59.25925925925925
1393.0, 43.42105263157893
1394.0, 49.70760233918128
1395.0, 44.97354497354497
1396.0, 47.222222222222214
1397.0, 44.11764705882352
1398.0, 44.378698224852066
1399.0, 45.66473988439305
1400.0, 47.30538922155688
1401.0, 51.63398692810456
1402.0, 49.659863945578216
1403.0, 49.659863945578216
1404.0, 62.626262626262616
1405.0, 73.8095238095238
1406.0, 55.95238095238094
1407.0, 69.6629213483146
1408.0, 58.659217877094974
1409.0, 58.01104972375689
1410.0, 65.59633027522935
1411.0, 65.9090909090909
1412.0, 65.9090909090909
1413.0, 62.22222222222222
1414.0, 64.93506493506493
1415.0, 65.21739130434781
1416.0, 56.709956709956714
1417.0, 54.35684647302904
1418.0, 47.61904761904762
1419.0, 46.51162790697674
1420.0, 55.26315789473684
1421.0, 50.0
1422.0, 51.5151515151515
1423.0, 61.290322580645146
1424.0, 42.22222222222221
1425.0, 46.57534246575342
1426.0, 46.57534246575342
1427.0, 46.57534246575342
1428.0, 42.64705882352941
1429.0, 42.64705882352941
1430.0, 46.031746031746025
1431.0, 53.96825396825397
1432.0, 49.99999999999999
1433.0, 38.41059602649007
1434.0, 36.3013698630137
1435.0, 47.15909090909091
1436.0, 42.3469387755102
1437.0, 43.78109452736318
1438.0, 46.80851063829787
1439.0, 45.94594594594594
1440.0, 45.94594594594594
1441.0, 48.57142857142856
1442.0, 45.94594594594594
1443.0, 46.236559139784944
1444.0, 50.0
1445.0, 50.27624309392264
1446.0, 44.5054945054945
1447.0, 50.0
1448.0, 55.49450549450549
1449.0, 50.0
1450.0, 61.36363636363635
1451.0, 61.36363636363636
1452.0, 66.42335766423356
1453.0, 60.90225563909774
1454.0, 62.58992805755395
1455.0, 63.888888888888886
1456.0, 66.18705035971222
1457.0, 65.94202898550722
1458.0, 67.3611111111111
1459.0, 60.13986013986013
1460.0, 60.56338028169014
1461.0, 72.72727272727272
1462.0, 53.52112676056338
1463.0, 56.57894736842105
1464.0, 54.77707006369426
1465.0, 43.82716049382716
1466.0, 47.093023255813954
1467.0, 51.24282982791586
1468.0, 39.682539682539684
1469.0, 37.90322580645161
1470.0, 40.70512820512819
1471.0, 40.12638230647709
1472.0, 38.673139158576056
1473.0, 39.966555183946475
1474.0, 39.966555183946475
1475.0, 36.09671848013817
1476.0, 45.84139264990328
1477.0, 33.79310344827586
1478.0, 37.98076923076922
1479.0, 42.133333333333326
1480.0, 31.974921630094045
1481.0, 24.919093851132686
1482.0, 47.80487804878049
1483.0, 50.24390243902437
1484.0, 46.03174603174603
1485.0, 48.618784530386726
1486.0, 35.96059113300491
1487.0, 44.18604651162789
1488.0, 49.47916666666667
1489.0, 53.5135135135135
1490.0, 44.65408805031446
1491.0, 49.36708860759494
1492.0, 42.13836477987421
1493.0, 45.27027027027027
1494.0, 52.35294117647058
1495.0, 54.60122699386499
1496.0, 48.25174825174824
1497.0, 43.83561643835616
1498.0, 39.6103896103896
1499.0, 38.96103896103897
1500.0, 56.818181818181785
1501.0, 45.299145299145316
1502.0, 49.99999999999998
1503.0, 43.08943089430894
1504.0, 41.732283464566926
1505.0, 35.65891472868216
1506.0, 42.27642276422761
1507.0, 41.269841269841265
1508.0, 24.29906542056075
1509.0, 21.48760330578513
1510.0, 18.518518518518476
1511.0, 18.796992481202977
1512.0, 20.161290322580626
1513.0, 27.407407407407362
1514.0, 16.923076923076906
1515.0, 21.09374999999997
1516.0, 18.548387096774164
1517.0, 31.249999999999957
1518.0, 31.249999999999986
1519.0, 33.3333333333333
1520.0, 29.824561403508753
1521.0, 31.481481481481453
1522.0, 41.22807017543857
1523.0, 62.1848739495798
1524.0, 77.61194029850745
1525.0, 75.36231884057969
1526.0, 77.77777777777776
1527.0, 74.07407407407405
1528.0, 80.76923076923072
1529.0, 82.87671232876707
1530.0, 81.20805369127511
1531.0, 77.03703703703701
1532.0, 69.79865771812077
1533.0, 65.82278481012655
1534.0, 64.1975308641975
1535.0, 70.55555555555553
1536.0, 59.99999999999997
1537.0, 54.491017964071844
1538.0, 43.88489208633094
1539.0, 44.20289855072463
1540.0, 37.06293706293707
1541.0, 41.99999999999999
1542.0, 39.726027397260275
1543.0, 29.60000000000001
1544.0, 45.85987261146497
1545.0, 41.379310344827566
1546.0, 51.479289940828394
1547.0, 51.47928994082842
1548.0, 54.651162790697676
1549.0, 47.01986754966888
1550.0, 61.48648648648653
1551.0, 66.07142857142861
1552.0, 81.4814814814815
1553.0, 70.76023391812866
1554.0, 74.56140350877195
1555.0, 70.40229885057472
1556.0, 66.7574931880109
1557.0, 67.72486772486772
1558.0, 64.53488372093024
1559.0, 66.66666666666669
1560.0, 64.89028213166145
1561.0, 69.35280331710835
1562.0, 68.90243902439025
1563.0, 69.6969696969697
1564.0, 68.75
1565.0, 66.21621621621622
1566.0, 45.94594594594594
1567.0, 62.04379562043796
1568.0, 58.43657581328432
1569.0, 68.69565217391306
1570.0, 84.8484848484849
1571.0, 84.46601941747578
1572.0, 86.8852459016394
1573.0, 94.9275362318841
1574.0, 95.74468085106386
1575.0, 94.07683195126083
1576.0, 85.82677165354332
1577.0, 75.00000000000001
1578.0, 74.43762781186095
1579.0, 73.40823970037457
1580.0, 63.58273828003729
1581.0, 70.7379862700229
1582.0, 73.38190333701947
1583.0, 70.88305489260148
1584.0, 66.77759290072105
1585.0, 67.14207350521121
1586.0, 65.73226544622428
1587.0, 48.90382928968137
1588.0, 55.1334702258727
1589.0, 54.43487075519513
1590.0, 59.61283479183242
1591.0, 69.2523102772333
1592.0, 68.83338064149876
1593.0, 70.42253521126764
1594.0, 61.34969325153372
1595.0, 50.0
1596.0, 32.22748815165876
1597.0, 34.883720930232556
1598.0, 32.75109170305676
1599.0, 24.904214559386972
1600.0, 31.228070175438603
1601.0, 38.51590106007066
1602.0, 30.60498220640568
1603.0, 38.46153846153846
1604.0, 32.67605633802816
1605.0, 33.426183844011135
1606.0, 32.86516853932585
1607.0, 31.932773109243698
1608.0, 32.386363636363654
1609.0, 35.11904761904762
1610.0, 44.3661971830986
1611.0, 42.34875444839858
1612.0, 45.45454545454545
1613.0, 51.50214592274677
1614.0, 41.6243654822335
1615.0, 32.978723404255334
1616.0, 36.04651162790701
1617.0, 18.42105263157896
1618.0, 23.5294117647059
1619.0, 14.150943396226438
1620.0, 11.304347826086953
1621.0, 16.23931623931621
1622.0, 20.212765957446777
1623.0, 15.791135909043007
1624.0, 7.692307692307622
1625.0, 20.79207920792072
1626.0, 39.849624060150354
1627.0, 64.0625
1628.0, 61.194029850746276
1629.0, 60.5911330049261
1630.0, 63.76811594202899
1631.0, 65.34653465346531
1632.0, 66.33165829145729
1633.0, 67.4757281553398
1634.0, 62.61261261261261
1635.0, 61.574074074074076
1636.0, 63.30275229357799
1637.0, 65.11325054648623
1638.0, 63.06306306306306
1639.0, 55.752212389380546
1640.0, 48.97959183673469
1641.0, 23.076923076923066
1642.0, 21.897810218978094
1643.0, 23.255813953488385
1644.0, 14.893617021276555
1645.0, 21.27659574468082
1646.0, 20.97902097902093
1647.0, 15.862068965517238
1648.0, 19.008264462809905
1649.0, 18.852459016393425
1650.0, 13.95348837209302
1651.0, 11.510791366906432
1652.0, 11.678832116788286
1653.0, 13.114754098360606
1654.0, 10.743801652892557
1655.0, 9.999999999999943
1656.0, 15.09433962264147
1657.0, 37.95620437956203
1658.0, 61.67664670658683
1659.0, 59.49367088607595
1660.0, 66.0
1661.0, 75.5813953488372
1662.0, 79.79274611398965
1663.0, 70.31963470319633
1664.0, 66.66666666666666
1665.0, 64.9789029535865
1666.0, 64.70588235294119
1667.0, 66.10878661087867
1668.0, 63.96761133603238
1669.0, 70.72368421052632
1670.0, 65.3250773993808
1671.0, 60.76388888888888
1672.0, 51.66666666666666
1673.0, 50.0
1674.0, 52.85171102661597
1675.0, 45.0
1676.0, 41.33333333333333
1677.0, 44.71153846153847
1678.0, 55.17241379310344
1679.0, 54.63414634146343
1680.0, 54.63414634146339
1681.0, 55.07246376811594
1682.0, 55.07246376811594
1683.0, 35.7615894039735
1684.0, 43.076923076923094
1685.0, 51.65562913907284
1686.0, 48.447204968944106
1687.0, 55.88235294117647
1688.0, 45.73170731707318
1689.0, 49.375000000000014
1690.0, 46.35761589403975
1691.0, 50.34965034965034
1692.0, 42.74193548387098
1693.0, 55.65217391304347
1694.0, 59.25925925925926
1695.0, 56.310679611650485
1696.0, 63.15789473684212
1697.0, 71.02803738317759
1698.0, 59.67741935483873
1699.0, 50.48543689320387
1700.0, 57.14285714285714
1701.0, 47.2972972972973
1702.0, 61.538461538461505
1703.0, 55.087987758224905
1704.0, 46.7532467532467
1705.0, 50.60240963855419
1706.0, 41.99999999999999
1707.0, 32.97872340425529
1708.0, 42.30769230769229
1709.0, 38.938053097345126
1710.0, 38.392857142857146
1711.0, 25.471698113207538
1712.0, 36.84210526315788
1713.0, 39.17525773195874
1714.0, 35.18518518518515
1715.0, 35.779816513761475
1716.0, 35.779816513761475
1717.0, 58.87879736924523
1718.0, 58.38509316770188
1719.0, 51.251489868891554
1720.0, 50.0
1721.0, 46.99453551912567
1722.0, 43.93063583815029
1723.0, 50.5681818181818
1724.0, 49.43820224719102
1725.0, 50.57471264367814
1726.0, 53.26086956521737
1727.0, 55.897435897435905
1728.0, 50.462962962962976
1729.0, 46.153846153846146
1730.0, 47.058823529411754
1731.0, 30.81081081081082
1732.0, 37.15846994535519
1733.0, 38.59250851305335
1734.0, 42.236024844720504
1735.0, 45.63758389261746
1736.0, 39.87730061349693
1737.0, 36.7741935483871
1738.0, 34.337349397590344
1739.0, 34.75609756097562
1740.0, 24.84076433121021
1741.0, 18.055555555555586
1742.0, 24.77876106194691
1743.0, 38.3177570093458
1744.0, 36.781609195402304
1745.0, 32.05342237061771
1746.0, 21.77887290358477
1747.0, 38.83777567311596
1748.0, 38.57680419298483
1749.0, 42.42524041628246
1750.0, 51.042970379641226
1751.0, 53.622711105256236
1752.0, 54.70366886171211
1753.0, 59.56510649151892
1754.0, 67.000377786173
1755.0, 71.33245815556282
1756.0, 67.29378471858296
1757.0, 62.4445406341305
1758.0, 62.363084264179584
1759.0, 67.24944450941408
1760.0, 68.04922785633984
1761.0, 70.96774193548384
1762.0, 71.7391304347826
1763.0, 71.76981541802387
1764.0, 70.94972067039105
1765.0, 61.956521739130444
1766.0, 70.0507614213198
1767.0, 66.66666666666666
1768.0, 68.18181818181819
1769.0, 57.59162303664921
1770.0, 60.43956043956043
1771.0, 59.78260869565218
1772.0, 54.73684210526315
1773.0, 55.61497326203209
1774.0, 58.75706214689268
1775.0, 47.10144927536234
1776.0, 53.10344827586207
1777.0, 49.224259520451334
1778.0, 45.2054794520548
1779.0, 49.25373134328356
1780.0, 37.33333333333335
1781.0, 37.83783783783786
1782.0, 19.999999999999943
1783.0, 22.988505747126396
1784.0, 31.95876288659794
1785.0, 46.728971962616804
1786.0, 48.076923076923066
1787.0, 55.83333333333332
1788.0, 59.32203389830508
1789.0, 47.32824427480915
1790.0, 35.71428571428572
1791.0, 38.57142857142859
1792.0, 38.57142857142856
1793.0, 41.605839416058416
1794.0, 45.99303135888501
1795.0, 47.183098591549296
1796.0, 48.550724637681164
1797.0, 52.857142857142854
1798.0, 45.32374100719424
1799.0, 34.64566929133859
1800.0, 40.800000000000026
1801.0, 30.35714285714289
1802.0, 27.92792792792794
1803.0, 39.17525773195878
1804.0, 44.186046511627886
1805.0, 42.16867469879522
1806.0, 62.96296296296294
1807.0, 55.08474576271182
1808.0, 52.678571428571395
1809.0, 49.57264957264959
1810.0, 51.32743362831859
1811.0, 42.14876033057851
1812.0, 44.736842105263165
1813.0, 48.62385321100917
1814.0, 46.666666666666664
1815.0, 50.94339622641507
1816.0, 63.23529411764706
1817.0, 65.9863945578231
1818.0, 73.68421052631578
1819.0, 66.46706586826346
1820.0, 56.11510791366906
1821.0, 65.95744680851064
1822.0, 54.878048780487816
1823.0, 55.55555555555556
1824.0, 54.878048780487816
1825.0, 58.82352941176473
1826.0, 60.78431372549021
1827.0, 56.17283950617285
1828.0, 56.441717791411044
1829.0, 52.72727272727272
1830.0, 43.06569343065692
1831.0, 30.370370370370367
1832.0, 22.314049586776875
1833.0, 27.10280373831776
1834.0, 34.821428571428584
1835.0, 24.489795918367392
1836.0, 44.82758620689658
1837.0, 39.795918367346964
1838.0, 55.737704918032755
1839.0, 59.99999999999997
1840.0, 59.99999999999997
1841.0, 61.983471074380134
1842.0, 71.42857142857139
1843.0, 64.6067415730337
1844.0, 61.66666666666664
1845.0, 63.068181818181785
1846.0, 60.773480662983395
1847.0, 58.69565217391303
1848.0, 58.24175824175822
1849.0, 60.73298429319371
1850.0, 55.801104972375676
1851.0, 56.741573033707866
1852.0, 56.741573033707866
1853.0, 50.81081081081081
1854.0, 49.45652173913042
1855.0, 51.41242937853107
1856.0, 37.68115942028983
1857.0, 40.944881889763764
1858.0, 43.44262295081966
1859.0, 45.299145299145316
1860.0, 41.73228346456692
1861.0, 51.40845070422536
1862.0, 44.217687074829925
1863.0, 40.14598540145986
1864.0, 40.74074074074074
1865.0, 41.984732824427475
1866.0, 23.636363636363626
1867.0, 41.66666666666666
1868.0, 46.031746031746046
1869.0, 49.2537313432836
1870.0, 43.88489208633094
1871.0, 48.41269841269841
1872.0, 50.0
1873.0, 53.2258064516129
1874.0, 58.928571428571416
1875.0, 46.93877551020406
1876.0, 52.272727272727266
1877.0, 55.78947368421049
1878.0, 48.18181818181817
1879.0, 56.63716814159293
1880.0, 61.320754716981135
1881.0, 50.60240963855419
1882.0, 51.7647058823529
1883.0, 46.15384615384612
1884.0, 54.92957746478875
1885.0, 51.31578947368424
1886.0, 48.611111111111136
1887.0, 47.88732394366195
1888.0, 53.52112676056338
1889.0, 55.07246376811598
1890.0, 52.05479452054791
1891.0, 47.76119402985079
1892.0, 67.30769230769229
1893.0, 60.465116279069754
1894.0, 48.07692307692303
1895.0, 50.90909090909089
1896.0, 40.00000000000004
1897.0, 43.47826086956529
1898.0, 35.41666666666674
1899.0, 47.99999999999996
1900.0, 45.09803921568629
1901.0, 37.70491803278688
1902.0, 35.59322033898309
1903.0, 34.42622950819674
1904.0, 38.888888888888914
1905.0, 35.087719298245574
1906.0, 47.142857142857146
1907.0, 55.95238095238091
1908.0, 63.99999999999998
1909.0, 70.65217391304346
1910.0, 68.42105263157897
1911.0, 68.42105263157895
1912.0, 75.24752475247524
1913.0, 75.0
1914.0, 72.11538461538461
1915.0, 82.24299065420564
1916.0, 83.47826086956525
1917.0, 84.21052631578955
1918.0, 79.33884297520666
1919.0, 76.8000000000001
1920.0, 78.5185185185186
1921.0, 69.76744186046514
1922.0, 62.23776223776228
1923.0, 60.869565217391354
1924.0, 61.764705882352935
1925.0, 61.194029850746276
1926.0, 55.46875
1927.0, 50.78125000000002
1928.0, 51.18110236220473
1929.0, 46.08695652173913
1930.0, 43.63636363636364
1931.0, 42.85714285714284
1932.0, 43.63636363636364
1933.0, 48.57142857142856
1934.0, 31.25
1935.0, 43.750000000000014
1936.0, 58.33333333333334
1937.0, 44.06779661016946
1938.0, 58.97435897435902
1939.0, 68.31683168316835
1940.0, 83.53658536585368
1941.0, 88.39779005524862
1942.0, 91.44385026737967
1943.0, 91.53439153439153
1944.0, 92.03980099502488
1945.0, 95.58823529411765
1946.0, 98.49624060150376
1947.0, 96.28252788104088
1948.0, 96.96969696969694
1949.0, 96.92832764505117
1950.0, 96.95945945945944
1951.0, 98.05194805194803
1952.0, 81.97674418604649
1953.0, 81.32530120481927
1954.0, 67.55852842809361
1955.0, 66.31944444444441
1956.0, 65.72438162544168
1957.0, 67.44966442953019
1958.0, 66.31944444444441
1959.0, 66.43598615916953
1960.0, 56.50224215246633
1961.0, 62.39669421487601
1962.0, 42.361111111111136
1963.0, 52.29885057471265
1964.0, 49.710982658959544
1965.0, 46.86567164179103
1966.0, 56.58362989323844
1967.0, 49.006622516556284
1968.0, 48.20846905537461
1969.0, 47.52475247524752
1970.0, 47.86885245901638
1971.0, 47.000000000000014
1972.0, 40.483383685800604
1973.0, 35.860058309037925
1974.0, 40.21739130434783
1975.0, 39.22651933701661
1976.0, 53.6741214057508
1977.0, 40.47619047619049
1978.0, 46.816479400749074
1979.0, 44.642857142857174
1980.0, 43.61702127659573
1981.0, 49.80237154150198
1982.0, 71.28712871287127
1983.0, 74.18397626112755
1984.0, 73.87387387387383
1985.0, 73.31288343558278
1986.0, 78.61842105263153
1987.0, 85.15901060070668
1988.0, 87.49999999999997
1989.0, 86.91588785046724
1990.0, 86.40776699029122
1991.0, 88.21656050955411
1992.0, 78.6377708978328
1993.0, 83.43949044585985
1994.0, 76.16279069767442
1995.0, 77.77777777777777
1996.0, 64.16938110749184
1997.0, 65.07936507936508
1998.0, 42.13836477987421
1999.0, 48.98336414048058
2000.0, 50.0945179584121
2001.0, 45.81881533101045
2002.0, 36.363636363636346
2003.0, 42.5
2004.0, 43.60770577933449
2005.0, 39.6351575456053
2006.0, 39.83333333333332
2007.0, 38.3720930232558
2008.0, 38.62876254180601
2009.0, 40.1305057096248
2010.0, 45.23424878836834
2011.0, 40.421792618629176
2012.0, 56.23471882640587
2013.0, 44.943820224719104
2014.0, 50.387596899224796
2015.0, 51.861702127659576
2016.0, 48.872180451127825
2017.0, 39.14285714285713
2018.0, 33.136094674556205
2019.0, 33.136094674556205
2020.0, 34.25076452599389
2021.0, 34.46153846153845
2022.0, 37.96610169491524
2023.0, 27.058823529411754
2024.0, 14.583333333333329
2025.0, 12.72727272727272
2026.0, 10.971786833855802
2027.0, 9.999999999999986
2028.0, 8.163265306122454
2029.0, 8.562691131498482
2030.0, 9.120521172638448
2031.0, 21.965317919075147
2032.0, 21.348314606741567
2033.0, 21.2290502793296
2034.0, 29.973474801061002
2035.0, 32.27513227513228
2036.0, 39.04761904761905
2037.0, 46.28450106157112
2038.0, 51.148225469728594
2039.0, 54.932735426008975
2040.0, 63.2603406326034
2041.0, 68.42105263157895
2042.0, 67.12328767123289
2043.0, 71.34670487106018
2044.0, 76.6304347826087
2045.0, 74.92711370262391
2046.0, 80.73394495412845
2047.0, 93.33333333333334
2048.0, 80.06993006993011
2049.0, 80.61224489795921
2050.0, 79.92957746478878
2051.0, 79.85865724381628
2052.0, 68.15068493150689
2053.0, 63.9871382636656
2054.0, 65.64417177914112
2055.0, 71.29909365558913
2056.0, 61.09589041095892
2057.0, 52.26730310262531
2058.0, 44.81927710843373
2059.0, 37.64434180138568
2060.0, 42.79661016949152
2061.0, 41.06776180698152
2062.0, 43.57298474945534
2063.0, 41.534988713318285
2064.0, 32.68817204301074
2065.0, 24.396135265700494
2066.0, 27.105263157894726
2067.0, 28.296703296703285
2068.0, 21.282798833819214
2069.0, 21.28279883381923
2070.0, 23.32268370607028
2071.0, 26.353790613718402
2072.0, 26.739926739926744
2073.0, 34.83606557377048
2074.0, 17.889908256880716
2075.0, 21.359223300970854
2076.0, 20.853080568720372
2077.0, 24.09090909090908
2078.0, 28.64864864864863
2079.0, 25.123152709359587
2080.0, 22.17194570135746
2081.0, 25.777777777777757
2082.0, 23.673469387755077
2083.0, 15.584415584415567
2084.0, 34.07407407407409
2085.0, 34.716981132075475
2086.0, 36.50793650793651
2087.0, 34.69387755102041
2088.0, 46.7680608365019
2089.0, 43.542435424354245
2090.0, 59.292035398230084
2091.0, 50.79787234042552
2092.0, 52.617079889807165
2093.0, 58.80758807588075
2094.0, 62.28571428571428
2095.0, 66.66666666666666
2096.0, 67.00507614213197
2097.0, 68.71794871794872
2098.0, 58.082191780821915
2099.0, 63.73333333333334
2100.0, 64.24731182795699
2101.0, 61.741424802110814
2102.0, 57.971014492753625
2103.0, 60.59701492537314
2104.0, 46.875
2105.0, 54.29864253393666
2106.0, 54.54545454545455
2107.0, 48.97959183673469
2108.0, 49.49494949494951
2109.0, 28.28947368421052
2110.0, 34.12698412698414
2111.0, 28.467153284671525
2112.0, 34.82142857142857
2113.0, 11.009174311926628
2114.0, 11.764705882352942
2115.0, 23.5294117647059
2116.0, 39.53488372093026
2117.0, 42.64705882352941
2118.0, 44.77611940298509
2119.0, 43.79562043795621
2120.0, 51.020408163265316
2121.0, 43.712574850299404
2122.0, 49.73262032085562
2123.0, 59.13461538461537
2124.0, 51.89873417721518
2125.0, 50.82644628099173
2126.0, 55.51181102362203
2127.0, 58.024691358024675
2128.0, 55.95238095238097
2129.0, 49.04942965779468
2130.0, 42.97872340425532
2131.0, 35.27131782945739
2132.0, 30.79584775086505
2133.0, 36.42611683848798
2134.0, 31.929824561403507
2135.0, 38.35125448028675
2136.0, 38.571428571428555
2137.0, 27.857142857142847
2138.0, 37.68115942028984
2139.0, 46.66666666666666
2140.0, 45.32374100719424
2141.0, 50.709219858156025
2142.0, 55.087719298245595
2143.0, 58.14814814814816
2144.0, 62.95081967213116
2145.0, 72.1254355400697
2146.0, 84.0136054421769
2147.0, 83.39222614840992
2148.0, 79.72972972972975
2149.0, 78.5714285714286
2150.0, 79.02097902097904
2151.0, 80.71428571428572
2152.0, 79.15057915057918
2153.0, 79.62264150943398
2154.0, 65.14657980456026
2155.0, 60.59602649006622
2156.0, 47.07520891364902
2157.0, 47.60563380281689
2158.0, 40.55727554179566
2159.0, 37.540453074433664
2160.0, 29.044117647058854
2161.0, 29.562043795620426
2162.0, 33.203125
2163.0, 39.7887323943662
2164.0, 30.62730627306273
2165.0, 44.594594594594604
2166.0, 39.687499999999986
2167.0, 30.66666666666667
2168.0, 44.83985765124555
2169.0, 49.11032028469751
2170.0, 64.18604651162792
2171.0, 67.55555555555557
2172.0, 59.143968871595334
2173.0, 59.689922480620154
2174.0, 60.606060606060595
2175.0, 58.237547892720315
2176.0, 55.0185873605948
2177.0, 48.38709677419355
2178.0, 50.0
2179.0, 44.1860465116279
2180.0, 50.80213903743315
2181.0, 53.97727272727274
2182.0, 42.36111111111112
2183.0, 36.5671641791045
2184.0, 40.74074074074074
2185.0, 33.06451612903227
2186.0, 48.86363636363639
2187.0, 43.61702127659574
2188.0, 45.36082474226805
2189.0, 39.639639639639626
2190.0, 37.606837606837615
2191.0, 33.0827067669173
2192.0, 31.8840579710145
2193.0, 30.370370370370367
2194.0, 34.965034965034945
2195.0, 34.48275862068965
2196.0, 44.311377245509
2197.0, 35.07109004739337
2198.0, 30.630630630630634
2199.0, 30.90909090909092
2200.0, 26.190476190476204
2201.0, 27.049180327868854
2202.0, 27.049180327868854
2203.0, 29.411764705882348
2204.0, 30.18223234624145
2205.0, 33.042394014962596
2206.0, 35.33333333333334
2207.0, 27.014925373134318
2208.0, 22.171253822629964
2209.0, 25.840978593272183
2210.0, 12.897526501766777
2211.0, 22.36180904522614
2212.0, 52.7450980392157
2213.0, 44.98327759197327
2214.0, 50.0
2215.0, 47.52650176678444
2216.0, 40.77490774907749
2217.0, 42.78074866310162
2218.0, 52.77777777777778
2219.0, 57.04697986577181
2220.0, 50.89820359281438
2221.0, 46.7032967032967
2222.0, 41.46341463414635
2223.0, 41.46341463414633
2224.0, 47.08520179372197
2225.0, 43.91304347826089
2226.0, 31.382978723404236
2227.0, 31.382978723404236
2228.0, 51.11111111111111
2229.0, 51.33928571428573
2230.0, 52.272727272727266
2231.0, 51.38888888888891
2232.0, 46.79802955665025
2233.0, 40.95238095238095
2234.0, 42.36453201970442
2235.0, 48.98989898989899
2236.0, 54.802259887005654
2237.0, 52.60115606936419
2238.0, 40.11299435028249
2239.0, 49.468085106382965
2240.0, 49.73544973544975
2241.0, 60.43956043956043
2242.0, 34.177215189873436
2243.0, 44.31818181818183
2244.0, 40.62500000000002
2245.0, 38.11881188118812
2246.0, 39.60396039603962
2247.0, 42.55319148936171
2248.0, 47.25274725274727
2249.0, 46.36871508379889
2250.0, 46.892655367231626
2251.0, 46.62921348314607
2252.0, 54.19354838709677
2253.0, 45.925925925925924
2254.0, 47.482014388489205
2255.0, 39.37007874015748
2256.0, 47.619047619047635
2257.0, 30.232558139534916
2258.0, 36.11111111111112
2259.0, 44.44444444444443
2260.0, 52.054794520547894
2261.0, 49.35064935064936
2262.0, 53.012048192771076
2263.0, 44.4444444444444
2264.0, 51.80722891566268
2265.0, 54.8780487804878
2266.0, 46.808510638297896
2267.0, 47.31182795698926
2268.0, 42.3529411764706
2269.0, 39.13043478260874
2270.0, 39.130434782608695
2271.0, 40.90909090909091
2272.0, 37.89473684210525
2273.0, 40.40404040404045
2274.0, 26.21359223300979
2275.0, 33.962264150943426
2276.0, 23.762376237623812
2277.0, 22.222222222222285
2278.0, 20.754716981132106
2279.0, 19.23076923076924
2280.0, 22.82608695652179
2281.0, 22.82608695652179
2282.0, 23.655913978494723
2283.0, 41.17647058823528
2284.0, 42.42424242424246
2285.0, 45.09803921568629
2286.0, 51.61290322580647
2287.0, 48.27586206896551
2288.0, 47.72727272727273
2289.0, 49.45054945054946
2290.0, 55.681818181818215
2291.0, 55.05617977528089
2292.0, 51.162790697674446
2293.0, 64.1025641025641
2294.0, 58.730158730158735
2295.0, 59.842519685039385
2296.0, 62.222222222222214
2297.0, 52.032520325203286
2298.0, 57.72357723577236
2299.0, 57.72357723577236
2300.0, 57.37704918032788
2301.0, 60.305343511450424
2302.0, 58.95522388059703
2303.0, 50.37593984962405
2304.0, 48.46153846153846
2305.0, 54.700854700854734
2306.0, 55.652173913043484
2307.0, 39.285714285714285
2308.0, 37.07865168539322
2309.0, 38.46153846153845
2310.0, 31.325301204819283
2311.0, 24.074074074074048
2312.0, 28.695652173913032
2313.0, 22.307692307692307
2314.0, 19.5804195804196
2315.0, 17.85714285714282
2316.0, 17.006802721088377
2317.0, 16.129032258064484
2318.0, 15.92356687898085
2319.0, 23.255813953488357
2320.0, 31.606217616580295
2321.0, 35.92233009708738
2322.0, 37.185929648241206
2323.0, 35.71428571428571
2324.0, 41.0377358490566
2325.0, 42.64705882352941
2326.0, 50.42372881355933
2327.0, 55.45454545454546
2328.0, 57.009345794392516
2329.0, 56.19047619047619
2330.0, 65.40540540540542
2331.0, 78.15533980582524
2332.0, 77.0334928229665
2333.0, 78.57142857142856
2334.0, 76.81159420289853
2335.0, 76.47058823529412
2336.0, 76.84729064039406
2337.0, 71.23287671232875
2338.0, 63.76146788990824
2339.0, 74.1626794258373
2340.0, 61.93181818181817
2341.0, 68.69158878504672
2342.0, 62.025316455696185
2343.0, 57.53968253968254
2344.0, 58.687258687258684
2345.0, 51.80180180180178
2346.0, 50.43859649122808
2347.0, 41.99999999999999
2348.0, 36.52968036529682
2349.0, 27.237354085603116
2350.0, 32.075471698113205
2351.0, 36.32812499999999
2352.0, 43.46153846153847
2353.0, 36.60377358490566
2354.0, 46.91780821917809
2355.0, 36.363636363636374
2356.0, 40.67796610169492
2357.0, 51.953125000000014
2358.0, 46.7680608365019
2359.0, 44.117647058823536
2360.0, 47.56554307116103
2361.0, 52.43055555555556
2362.0, 51.18644067796611
2363.0, 62.05533596837944
2364.0, 58.436213991769556
2365.0, 58.436213991769556
2366.0, 53.74449339207048
2367.0, 62.16216216216217
2368.0, 50.0
2369.0, 52.127659574468055
2370.0, 51.57894736842105
2371.0, 44.24242424242423
2372.0, 48.666666666666664
2373.0, 49.65986394557824
2374.0, 50.33557046979867
2375.0, 34.69387755102039
2376.0, 46.774193548387096
2377.0, 48.4375
2378.0, 64.11764705882354
2379.0, 70.95238095238093
2380.0, 75.21739130434781
2381.0, 74.88986784140968
2382.0, 77.98165137614677
2383.0, 80.54298642533938
2384.0, 77.39130434782611
2385.0, 74.10714285714286
2386.0, 74.77477477477476
2387.0, 78.8288288288288
2388.0, 79.99999999999999
2389.0, 83.18584070796459
2390.0, 73.57723577235771
2391.0, 69.79591836734694
2392.0, 65.74074074074073
2393.0, 52.808988764044955
2394.0, 43.47826086956522
2395.0, 36.305732484076444
2396.0, 36.07594936708861
2397.0, 39.520958083832326
2398.0, 42.85714285714284
2399.0, 57.512953367875646
2400.0, 54.67980295566504
2401.0, 51.256281407035175
2402.0, 48.677248677248656
2403.0, 46.23115577889449
2404.0, 58.11518324607329
2405.0, 61.621621621621614
2406.0, 49.230769230769226
2407.0, 48.24120603015075
2408.0, 48.24120603015075
2409.0, 52.763819095477366
2410.0, 60.538116591928265
2411.0, 54.629629629629626
2412.0, 53.39366515837105
2413.0, 43.71584699453554
2414.0, 52.30769230769231
2415.0, 53.926701570680635
2416.0, 50.555555555555564
2417.0, 61.849710982658955
2418.0, 60.47904191616768
2419.0, 60.0
2420.0, 79.9472295514512
2421.0, 86.51685393258425
2422.0, 83.69565217391305
2423.0, 70.04830917874396
2424.0, 62.841530054644814
2425.0, 67.9558011049724
2426.0, 70.62146892655367
2427.0, 64.48087431693989
2428.0, 59.87654320987653
2429.0, 57.83132530120483
2430.0, 59.41176470588234
2431.0, 55.19480519480518
2432.0, 50.34965034965034
2433.0, 49.65034965034966
2434.0, 18.40796019900489
2435.0, 41.84397163120568
2436.0, 47.72727272727274
2437.0, 55.26315789473684
2438.0, 48.46153846153846
2439.0, 37.931034482758605
2440.0, 47.058823529411775
2441.0, 47.058823529411775
2442.0, 42.93478260869566
2443.0, 47.0899470899471
2444.0, 49.74874371859297
2445.0, 50.98039215686275
2446.0, 44.06779661016949
2447.0, 41.935483870967744
2448.0, 40.625000000000014
2449.0, 31.531531531531527
2450.0, 33.62445414847163
2451.0, 34.375
2452.0, 50.3968253968254
2453.0, 59.20000000000001
2454.0, 61.65413533834587
2455.0, 51.89873417721519
2456.0, 60.632183908045974
2457.0, 55.06849315068493
2458.0, 54.31754874651811
2459.0, 53.932584269662925
2460.0, 61.98830409356726
2461.0, 59.052924791086355
2462.0, 66.83804627249357
2463.0, 66.49350649350649
2464.0, 59.90220048899756
2465.0, 61.44278606965176
2466.0, 53.38753387533875
2467.0, 53.6388140161725
2468.0, 47.12990936555891
2469.0, 45.48104956268221
2470.0, 47.02549575070822
2471.0, 60.29776674937965
2472.0, 59.89974937343357
2473.0, 64.44444444444444
2474.0, 63.63636363636363
2475.0, 66.35071090047391
2476.0, 65.78313253012047
2477.0, 66.270783847981
2478.0, 66.42857142857142
2479.0, 67.28538283062643
2480.0, 70.54631828978621
2481.0, 68.67167919799498
2482.0, 68.32917705735659
2483.0, 83.7920489296636
2484.0, 68.02507836990594
2485.0, 61.79775280898874
2486.0, 67.92452830188678
2487.0, 61.04868913857677
2488.0, 55.63636363636365
2489.0, 58.33333333333336
2490.0, 34.87654320987657
2491.0, 37.941176470588225
2492.0, 41.612903225806434
2493.0, 39.46488294314384
2494.0, 40.066225165562926
2495.0, 40.066225165562926
2496.0, 37.93103448275864
2497.0, 39.75535168195719
2498.0, 45.936395759717335
2499.0, 39.92395437262359
2500.0, 23.671497584541072
2501.0, 23.004694835680752
2502.0, 27.363184079601993
2503.0, 27.363184079601993
2504.0, 47.008547008547
2505.0, 42.5925925925926
2506.0, 42.99065420560755
2507.0, 39.99999999999997
2508.0, 26.153846153846146
2509.0, 42.073170731707336
2510.0, 44.8051948051948
2511.0, 40.816326530612265
2512.0, 48.42767295597482
2513.0, 50.95541401273883
2514.0, 50.95541401273883
2515.0, 56.32911392405061
2516.0, 47.159090909090864
2517.0, 52.551020408163254
2518.0, 49.758454106280176
2519.0, 47.99999999999999
2520.0, 46.82926829268292
2521.0, 50.710900473933634
2522.0, 63.90243902439022
2523.0, 50.0
2524.0, 55.55555555555557
2525.0, 55.55555555555553
2526.0, 44.67005076142132
2527.0, 43.814432989690744
2528.0, 47.342995169082144
2529.0, 30.479452054794535
2530.0, 27.639751552795033
2531.0, 19.595977061179795
2532.0, 20.420420420420413
2533.0, 23.18840579710144
2534.0, 22.09944751381215
2535.0, 19.491525423728817
2536.0, 12.430939226519342
2537.0, 18.956043956043956
2538.0, 19.618528610354232
2539.0, 21.236559139784944
2540.0, 22.37960339943342
2541.0, 22.00557103064068
2542.0, 19.020172910662822
2543.0, 24.53531598513011
2544.0, 29.464285714285708
2545.0, 42.56628545053592
2546.0, 47.02702702702702
2547.0, 46.44808743169396
2548.0, 50.29585798816568
2549.0, 44.73684210526315
2550.0, 45.45454545454545
2551.0, 39.28571428571426
2552.0, 32.33532934131735
2553.0, 27.32558139534885
2554.0, 27.16763005780345
2555.0, 29.824561403508767
2556.0, 29.479768786127167
2557.0, 32.07547169811322
2558.0, 32.90322580645163
2559.0, 26.241134751773032
2560.0, 23.913043478260846
2561.0, 8.510638297872305
2562.0, 8.75912408759119
2563.0, 19.199999999999974
2564.0, 23.52941176470584
2565.0, 29.09090909090908
2566.0, 29.62962962962959
2567.0, 29.62962962962959
2568.0, 29.906542056074755
2569.0, 37.499999999999986
2570.0, 35.43307086614172
2571.0, 38.93129770992366
2572.0, 51.29870129870131
2573.0, 49.03225806451615
2574.0, 49.03225806451612
2575.0, 58.01526717557251
2576.0, 62.20472440944878
2577.0, 56.302521008403325
2578.0, 59.29203539823007
2579.0, 57.407407407407405
2580.0, 63.72549019607841
2581.0, 70.65217391304341
2582.0, 76.66666666666656
2583.0, 64.19753086419745
2584.0, 58.100558659217874
2585.0, 52.272727272727266
2586.0, 26.470588235294144
2587.0, 43.20987654320987
2588.0, 41.17647058823533
2589.0, 43.82022471910116
2590.0, 37.89473684210529
2591.0, 42.10526315789477
2592.0, 24.09638554216869
2593.0, 26.744186046511658
2594.0, 23.8888888888889
2595.0, 23.49726775956286
2596.0, 29.64824120603018
2597.0, 31.958762886597967
2598.0, 37.119113573407226
2599.0, 48.82629107981221
2600.0, 48.598130841121495
2601.0, 50.0
2602.0, 52.914798206278014
2603.0, 50.66666666666665
2604.0, 54.464285714285694
2605.0, 51.528384279475965
2606.0, 76.60818713450288
2607.0, 72.2222222222222
2608.0, 73.58490566037733
2609.0, 76.58227848101262
2610.0, 75.65789473684208
2611.0, 75.81699346405225
2612.0, 73.50993377483442
2613.0, 66.10169491525423
2614.0, 63.934426229508226
2615.0, 59.259259259259274
2616.0, 53.846153846153854
2617.0, 67.4418604651163
2618.0, 66.92913385826776
2619.0, 74.80916030534355
2620.0, 68.5483870967742
2621.0, 72.80000000000001
2622.0, 79.03225806451613
2623.0, 81.42857142857144
2624.0, 79.6875
2625.0, 79.20000000000002
2626.0, 77.9527559055118
2627.0, 66.43356643356643
2628.0, 74.63768115942027
2629.0, 72.86821705426354
2630.0, 78.32167832167829
2631.0, 68.64406779661017
2632.0, 69.42148760330578
2633.0, 58.196721311475414
2634.0, 53.38345864661657
2635.0, 56.33802816901408
2636.0, 45.06172839506174
2637.0, 32.31707317073169
2638.0, 31.09756097560974
2639.0, 37.222222222222214
2640.0, 43.74999999999999
2641.0, 44.91978609625667
2642.0, 43.093922651933696
2643.0, 45.78947368421052
2644.0, 37.29729729729729
2645.0, 38.121546961325954
2646.0, 32.085561497326196
2647.0, 31.249999999999986
2648.0, 29.55665024630541
2649.0, 21.6346153846154
2650.0, 26.486486486486484
2651.0, 29.341317365269475
2652.0, 29.696969696969703
2653.0, 20.25316455696202
2654.0, 10.638297872340445
2655.0, 12.59842519685047
2656.0, 21.276595744680833
2657.0, 15.0
2658.0, 32.05128205128206
2659.0, 46.666666666666664
2660.0, 48.924731182795696
2661.0, 59.13978494623657
2662.0, 70.55214723926382
2663.0, 79.3103448275862
2664.0, 80.76923076923077
2665.0, 84.14634146341464
2666.0, 85.31073446327684
2667.0, 90.64327485380122
2668.0, 90.69767441860469
2669.0, 89.59537572254341
2670.0, 88.75000000000006
2671.0, 93.78881987577641
2672.0, 93.24324324324326
2673.0, 87.3873873873874
2674.0, 93.6
2675.0, 94.07407407407408
2676.0, 94.8051948051948
2677.0, 96.0526315789474
2678.0, 95.74468085106386
2679.0, 96.319018404908
2680.0, 77.83783783783787
2681.0, 58.82352941176471
2682.0, 58.82352941176471
2683.0, 56.22489959839356
2684.0, 56.573705179282875
2685.0, 58.86792452830189
2686.0, 51.282051282051285
2687.0, 54.8951048951049
2688.0, 54.255319148936174
2689.0, 49.80544747081712
2690.0, 48.4
2691.0, 49.609374999999986
2692.0, 48.809523809523796
2693.0, 38.695652173913025
2694.0, 47.263681592039795
2695.0, 65.0684931506849
2696.0, 56.96969696969698
2697.0, 59.49367088607593
2698.0, 60.0
2699.0, 44.51219512195121
2700.0, 59.39393939393938
2701.0, 56.77419354838708
2702.0, 47.368421052631575
2703.0, 49.367088607594916
2704.0, 34.85714285714286
2705.0, 35.95505617977528
2706.0, 36.666666666666686
2707.0, 40.00000000000001
2708.0, 42.04545454545455
2709.0, 42.52873563218392
2710.0, 50.0
2711.0, 48.48484848484849
2712.0, 45.06172839506173
2713.0, 48.666666666666664
2714.0, 33.33333333333336
2715.0, 26.973684210526315
2716.0, 41.66666666666666
2717.0, 37.037037037037045
2718.0, 45.45454545454545
2719.0, 38.93129770992367
2720.0, 38.93129770992367
2721.0, 33.33333333333337
2722.0, 40.96385542168676
2723.0, 36.074270557029195
2724.0, 33.87978142076501
2725.0, 37.49999999999999
2726.0, 38.150289017341045
2727.0, 50.27027027027029
2728.0, 57.30994152046784
2729.0, 64.84848484848484
2730.0, 52.34899328859061
2731.0, 52.000000000000014
2732.0, 58.28220858895707
2733.0, 62.500000000000014
2734.0, 55.05617977528089
2735.0, 60.869565217391305
2736.0, 46.52777777777779
2737.0, 50.56603773584904
2738.0, 50.75757575757578
2739.0, 45.00000000000001
2740.0, 45.714285714285715
2741.0, 17.874396135265684
2742.0, 15.094339622641499
2743.0, 12.195121951219505
2744.0, 15.228426395939081
2745.0, 14.492753623188392
2746.0, 6.074766355140184
2747.0, 3.4934497816593932
2748.0, 3.7558685446009434
2749.0, 6.849315068493169
2750.0, 7.075471698113219
2751.0, 11.004784688995244
2752.0, 14.285714285714306
2753.0, 26.58227848101265
2754.0, 25.10121457489879
2755.0, 45.508982035928135
2756.0, 44.18604651162792
2757.0, 39.36170212765956
2758.0, 40.62499999999998
2759.0, 42.162162162162154
2760.0, 49.39024390243901
2761.0, 58.552631578947356
2762.0, 59.73154362416108
2763.0, 53.59477124183005
2764.0, 55.409149266842356
2765.0, 51.74825174825175
2766.0, 47.4820143884892
2767.0, 30.630630630630634
2768.0, 31.050228310502277
2769.0, 20.61855670103094
2770.0, 25.30120481927716
2771.0, 30.882352941176535
2772.0, 34.722222222222285
2773.0, 38.46153846153853
2774.0, 30.1369863013699
2775.0, 19.178082191780874
2776.0, 19.047619047619094
2777.0, 20.89552238805976
2778.0, 20.286914939863834
2779.0, 22.38805970149255
2780.0, 21.428571428571445
2781.0, 15.463917525773226
2782.0, 16.393442622950843
2783.0, 20.212765957446848
2784.0, 19.148936170212735
2785.0, 18.55670103092781
2786.0, 15.957446808510596
2787.0, 14.851485148514811
2788.0, 23.46938775510199
2789.0, 23.469387755102005
2790.0, 23.11557788944718
2791.0, 27.272727272727224
2792.0, 25.714285714285666
2793.0, 27.777777777777757
2794.0, 26.785714285714263
2795.0, 45.16129032258065
2796.0, 41.99999999999998
2797.0, 36.89320388349513
2798.0, 31.93277310924367
2799.0, 31.93277310924367
2800.0, 33.05785123966942
2801.0, 34.18803418803418
2802.0, 30.0
2803.0, 34.90566037735847
2804.0, 33.94495412844036
2805.0, 30.275229357798167
2806.0, 31.132075471698116
2807.0, 33.0275229357798
2808.0, 41.50943396226415
2809.0, 33.33333333333333
2810.0, 47.52475247524753
2811.0, 47.52475247524753
2812.0, 64.0
2813.0, 70.58823529411765
2814.0, 75.00000000000001
2815.0, 65.6934306569343
2816.0, 69.07894736842105
2817.0, 64.74358974358974
2818.0, 65.87959037244799
2819.0, 69.15464180819819
2820.0, 73.6240582301111
2821.0, 72.57336343115125
2822.0, 66.81836169370797
2823.0, 65.94844421299311
2824.0, 58.34359184790043
2825.0, 61.10156138089099
2826.0, 56.41951532659285
2827.0, 51.233349777997056
2828.0, 31.79492225939775
2829.0, 27.010533355626137
2830.0, 31.58595831374393
2831.0, 42.3702950152594
2832.0, 39.853735219738894
2833.0, 32.27848101265822
2834.0, 28.758169934640506
2835.0, 33.12883435582823
2836.0, 33.33333333333333
2837.0, 31.764705882352942
2838.0, 36.599763872491145
2839.0, 35.028248587570616
2840.0, 34.4632768361582
2841.0, 33.888888888888886
2842.0, 36.994219653179194
2843.0, 51.048951048951054
2844.0, 53.33333333333332
2845.0, 45.25547445255475
2846.0, 49.600000000000016
2847.0, 62.39316239316239
2848.0, 53.28467153284672
2849.0, 50.0
2850.0, 60.56338028169014
2851.0, 65.15151515151516
2852.0, 67.3758865248227
2853.0, 62.913907284768236
2854.0, 65.8385093167702
2855.0, 73.44632768361583
2856.0, 73.59550561797755
2857.0, 67.40331491712708
2858.0, 61.437908496732035
2859.0, 62.66666666666667
2860.0, 62.25165562913908
2861.0, 56.46258503401361
2862.0, 60.58394160583943
2863.0, 60.00000000000001
2864.0, 51.758926221598394
2865.0, 51.30434782608696
2866.0, 47.66355140186917
2867.0, 51.5151515151515
2868.0, 39.6039603960396
2869.0, 29.069767441860435
2870.0, 24.418604651162752
2871.0, 24.705882352941146
2872.0, 25.58139534883719
2873.0, 24.999999999999986
2874.0, 24.17582417582416
2875.0, 25.28735632183907
2876.0, 36.904761904761884
2877.0, 34.065934065934044
2878.0, 45.86735161911751
2879.0, 48.62385321100916
2880.0, 48.148148148148145
2881.0, 44.067796610169495
2882.0, 50.0
2883.0, 44.44444444444444
2884.0, 49.00000000000001
2885.0, 64.9122807017544
2886.0, 72.02797202797206
2887.0, 60.94674556213018
2888.0, 64.9717514124294
2889.0, 64.97175141242937
2890.0, 51.70731707317073
2891.0, 44.53781512605041
2892.0, 35.80246913580247
2893.0, 37.34939759036145
2894.0, 34.2741935483871
2895.0, 43.7007874015748
2896.0, 41.04477611940299
2897.0, 43.478260869565226
2898.0, 44.28571428571429
2899.0, 41.353383458646626
2900.0, 32.62711864406779
2901.0, 35.48387096774192
2902.0, 30.660377358490564
2903.0, 29.017857142857125
2904.0, 34.39153439153438
2905.0, 42.483660130718945
2906.0, 50.0
2907.0, 44.09448818897638
2908.0, 45.528455284552834
2909.0, 26.54867256637168
2910.0, 36.44859813084111
