0, -32051
1, -16949
2, -1847
3, 14095
4, 26849
5, 43460
6, 35906
7, 9730
8, 19296
9, 1678
10, 43127
11, 53193
12, 9734
13, 17118
14, 8729
15, 46989
16, 28868
17, 19134
18, 19134
19, 62090
20, 46988
21, 55212
22, 67462
23, 55549
24, 61254
25, 85249
26, 85249
27, 90786
28, 68300
29, 56050
30, 82395
31, 47325
32, 21482
33, 1011
34, -42785
35, -32719
36, -49163
37, 2017
38, -28357
39, -6373
40, -25000
41, -16611
42, -38427
43, -30873
44, -37923
45, -59234
46, -37250
47, -47316
48, -39262
49, -22148
50, -57388
51, -44634
52, -50508
53, -62588
54, -33725
55, -28524
56, -19631
57, -11242
58, -36749
59, 8054
60, 14095
61, 20136
62, 25505
63, 5872
64, 23993
65, 53361
66, 65441
67, 83899
68, 74671
69, 83396
70, 83396
71, 93130
72, 79368
73, 92289
74, 103699
75, 122828
76, 137930
77, 137930
78, 117120
79, 117120
80, 105880
81, 80037
82, 70640
83, 91111
84, 115609
85, 117121
86, 149844
87, 141455
88, 160753
89, 155552
90, 147163
91, 157566
92, 168471
93, 191291
94, 179713
95, 197163
96, 213945
97, 189779
98, 195987
99, 229714
100, 212096
101, 230554
102, 259246
103, 253541
104, 262938
105, 280725
106, 283411
107, 277033
108, 277033
109, 286933
110, 267971
111, 264782
112, 261765
113, 270324
114, 286935
115, 278881
116, 263443
117, 277873
118, 267133
119, 273007
120, 266462
121, 290290
122, 270992
123, 286094
124, 297168
125, 293979
126, 305389
127, 291296
128, 288279
129, 288279
130, 300864
131, 298683
132, 353221
133, 355066
134, 359762
135, 375032
136, 381577
137, 377552
138, 395170
139, 403056
140, 407588
141, 396010
142, 392993
143, 374872
144, 370340
145, 375709
146, 359767
147, 359767
148, 359767
149, 368156
150, 349698
151, 333590
152, 322850
153, 287277
154, 273852
155, 281738
156, 256569
157, 249856
158, 233245
159, 230056
160, 240628
161, 240628
162, 230562
163, 194989
164, 162604
165, 146829
166, 152703
167, 128205
168, 140285
169, 90281
170, 129548
171, 146998
172, 135085
173, 143810
174, 204051
175, 103203
176, 236438
177, 236438
178, 174183
179, 138774
180, 162769
181, 132732
182, 151022
183, 128202
184, 152869
185, 179045
186, 166124
187, 204384
188, 220326
189, 215292
190, 192472
191, 166296
192, 221167
193, 241134
194, 234756
195, 263113
196, 238783
197, 211600
198, 224185
199, 213280
200, 238956
201, 176869
202, 118138
203, 86253
204, -1844
205, -25336
206, 4531
207, 37755
208, 37755
209, 15771
210, 43457
211, 8217
212, -25510
213, -39272
214, 159404
215, 174506
216, 206052
217, 238605
218, 263774
219, 242463
220, 249342
221, 267632
222, 233567
223, 216785
224, 194969
225, 227692
226, 174330
227, 183055
228, 157548
229, 154192
230, 189765
231, 720693
232, 664814
233, 657430
234, 638468
235, 625883
236, 604907
237, 583764
238, 583764
239, 600208
240, 600208
241, 573360
242, 561782
243, 561782
244, 584774
245, 634608
246, 667161
247, 634776
248, 634776
249, 572020
250, 543328
251, 622364
252, 593837
253, 620685
254, 581587
255, 521680
256, 487953
257, 449526
258, 388616
259, 419997
260, 452382
261, 481074
262, 501713
263, 486275
264, 508426
265, 495335
266, 484763
267, 484763
268, 502717
269, 479560
270, 496510
271, 406567
272, 427543
273, 439623
274, 439623
275, 439623
276, 481575
277, 492815
278, 513791
279, 491975
280, 466637
281, 477711
282, 467811
283, 480228
284, 468650
285, 460261
286, 483081
287, 488115
288, 500532
289, 493653
290, 482748
291, 496673
292, 507076
293, 514126
294, 514126
295, 506572
296, 517144
297, 467644
298, 474861
299, 480062
300, 480062
301, 486607
302, 478383
303, 448516
304, 439455
305, 428215
306, 441473
307, 414625
308, 392306
309, 435765
310, 435765
311, 454727
312, 425194
313, 469661
314, 478220
315, 465635
316, 475201
317, 504064
318, 487453
319, 474532
320, 431241
321, 390631
322, 447850
323, 447850
324, 411773
325, 365124
326, 354891
327, 371335
328, 388285
329, 388285
330, 361269
331, 364286
332, 357407
333, 376034
334, 403217
335, 389792
336, 381906
337, 421843
338, 439461
339, 445669
340, 437783
341, 442315
342, 423186
343, 430570
344, 423691
345, 418490
346, 414294
347, 401540
348, 384090
349, 388622
350, 417822
351, 410605
352, 402216
353, 411950
354, 417991
355, 432255
356, 422858
357, 428899
358, 427054
359, 410272
360, 418661
361, 422183
362, 415975
363, 411279
364, 415475
365, 420844
366, 393324
367, 386946
368, 379562
369, 409429
370, 428221
371, 439295
372, 439295
373, 430402
374, 440974
375, 428053
376, 440807
377, 446176
378, 461782
379, 476381
380, 481750
381, 484101
382, 502728
383, 506753
384, 499536
385, 520679
386, 506754
387, 506754
388, 531756
389, 538469
390, 532764
391, 472857
392, 477553
393, 455737
394, 466977
395, 476038
396, 456909
397, 472347
398, 493658
399, 493658
400, 466810
401, 479395
402, 461608
403, 433081
404, 479226
405, 504228
406, 504228
407, 495503
408, 495503
409, 471337
410, 520003
411, 537957
412, 566150
413, 535443
414, 553564
415, 562792
416, 545678
417, 562122
418, 562122
419, 562122
420, 582932
421, 598370
422, 613472
423, 613472
424, 641829
425, 614481
426, 587133
427, 634118
428, 827595
429, 785977
430, 708619
431, 662641
432, 801414
433, 892697
434, 836484
435, 856619
436, 837490
437, 875245
438, 856283
439, 878267
440, 839505
441, 782286
442, 796885
443, 824571
444, 849573
445, 885481
446, 904108
447, 887497
448, 897563
449, 868700
450, 868700
451, 864842
452, 876588
453, 876588
454, 899745
455, 950590
456, 964184
457, 993552
458, 982980
459, 972408
460, 998417
461, 1033826
462, 1079135
463, 1060343
464, 1023930
465, 971577
466, 945232
467, 957312
468, 944054
469, 918378
470, 926767
471, 975600
472, 984325
473, 963349
474, 978115
475, 982811
476, 968547
477, 979287
478, 1017211
479, 1006306
480, 1010331
481, 1022244
482, 992541
483, 1016200
484, 1042545
485, 1067547
486, 1076440
487, 1066374
488, 1084832
489, 1124601
490, 1111680
491, 1072899
492, 1132975
493, 1156478
494, 1163695
495, 1128455
496, 1128455
497, 1111341
498, 1122246
499, 1136845
500, 1151611
501, 1118219
502, 1079288
503, 1061334
504, 1004954
505, 975421
506, 994213
507, 1002267
508, 1026597
509, 1026597
510, 1007635
511, 981459
512, 1025086
513, 1060994
514, 1052940
515, 1071732
516, 1059482
517, 1079115
518, 1079115
519, 1090020
520, 1147914
521, 1123748
522, 1113515
523, 1123748
524, 1110657
525, 1118041
526, 1095555
527, 1108813
528, 1110658
529, 1115692
530, 1106464
531, 1097905
532, 1102771
533, 1109650
534, 1117371
535, 1085320
536, 1090186
537, 1067532
538, 1082634
539, 1092700
540, 1110318
541, 1131461
542, 1123907
543, 1103097
544, 1095043
545, 1075914
546, 1086654
547, 1102930
548, 1124914
549, 1133138
550, 1122064
551, 992186
552, 968694
553, 975744
554, 998564
555, 985810
556, 1010477
557, 997892
558, 1009470
559, 1059064
560, 1068630
561, 1086920
562, 1070812
563, 1057218
564, 1076851
565, 1117962
566, 1122828
567, 1146320
568, 1171322
569, 1164105
570, 1146151
571, 1133734
572, 1146488
573, 1146488
574, 1160581
575, 1190786
576, 1198340
577, 1216967
578, 1202030
579, 1217636
580, 1206896
581, 1220321
582, 1196997
583, 1177868
584, 1173002
585, 1189952
586, 1198845
587, 1180891
588, 1186932
589, 1177198
590, 1194985
591, 1238108
592, 1238108
593, 1202200
594, 1209754
595, 1254390
596, 1283082
597, 1306574
598, 1327384
599, 1318323
600, 1308757
601, 1293487
602, 1321173
603, 1291306
604, 1269658
605, 1190622
606, 1155049
607, 1180556
608, 1191966
609, 1180556
610, 1190622
611, 1177364
612, 1157229
613, 1165954
614, 1066783
615, 1028356
616, 1005536
617, 1021812
618, 1004025
619, 957545
620, 875492
621, 889086
622, 911070
623, 881367
624, 897475
625, 858879
626, 874654
627, 852670
628, 841092
629, 861394
630, 834546
631, 846292
632, 860054
633, 849482
634, 838072
635, 829011
636, 807868
637, 818773
638, 829847
639, 840250
640, 840250
641, 834545
642, 858875
643, 890588
644, 877969
645, 892906
646, 875456
647, 838035
648, 844748
649, 829982
650, 862871
651, 897774
652, 876295
653, 855824
654, 866564
655, 893243
656, 893243
657, 935866
658, 929825
659, 898948
660, 917069
661, 880155
662, 870758
663, 840553
664, 868910
665, 849612
666, 867399
667, 886697
668, 886697
669, 902135
670, 919585
671, 944754
672, 903305
673, 918407
674, 876290
675, 848942
676, 855487
677, 884520
678, 833675
679, 826795
680, 791054
681, 740714
682, 785856
683, 725607
684, 739871
685, 727286
686, 705470
687, 705470
688, 655636
689, 664363
690, 622745
691, 652612
692, 710001
693, 700435
694, 739197
695, 721243
696, 711177
697, 717051
698, 742389
699, 761016
700, 761016
701, 725776
702, 757322
703, 795077
704, 772423
705, 736346
706, 736346
707, 762691
708, 785345
709, 810514
710, 813531
711, 824103
712, 810677
713, 793563
714, 840885
715, 804472
716, 768899
717, 732318
718, 696076
719, 644394
720, 706268
721, 745701
722, 736473
723, 712981
724, 693690
725, 658370
726, 643268
727, 610499
728, 678962
729, 716213
730, 736180
731, 714532
732, 732150
733, 755307
734, 801116
735, 832829
736, 844239
737, 811183
738, 778964
739, 746913
740, 778459
741, 758992
742, 772917
743, 820482
744, 853205
745, 830048
746, 825001
747, 794294
748, 794294
749, 772983
750, 779747
751, 795353
752, 831490
753, 803831
754, 771946
755, 720264
756, 720264
757, 678483
758, 710702
759, 678817
760, 620285
761, 582252
762, 634605
763, 675550
764, 675550
765, 649874
766, 635610
767, 695517
768, 768512
769, 742404
770, 777644
771, 767267
772, 775674
773, 788091
774, 758723
775, 712074
776, 723249
777, 734154
778, 747916
779, 762180
780, 749595
781, 738855
782, 709655
783, 737848
784, 721404
785, 742547
786, 723015
787, 752697
788, 791584
789, 808098
790, 808098
791, 795681
792, 805813
793, 828633
794, 801824
795, 827369
796, 820830
797, 820830
798, 864691
799, 917753
800, 899909
801, 937517
802, 931223
803, 900933
804, 948995
805, 996715
806, 1033738
807, 1076676
808, 1113292
809, 1119939
810, 1105485
811, 865423
812, 856886
813, 859853
814, 847771
815, 871373
816, 879019
817, 904795
818, 900227
819, 862171
820, 842336
821, 826932
822, 873883
823, 855180
824, 832381
825, 846546
826, 831575
827, 844043
828, 852904
829, 869931
830, 889498
831, 879349
832, 890892
833, 869529
834, 888125
835, 842980
836, 870580
837, 857292
838, 817363
839, 809017
840, 790554
841, 772146
842, 755282
843, 728015
844, 709035
845, 695489
846, 711361
847, 689839
848, 729090
849, 673440
850, 683427
851, 691749
852, 687014
853, 697146
854, 707829
855, 731657
856, 705357
857, 720737
858, 667905
859, 695088
860, 712953
861, 697628
862, 722570
863, 689020
864, 726722
865, 710017
866, 684180
867, 713336
868, 713336
869, 679713
870, 654658
871, 686180
872, 701615
873, 664859
874, 640560
875, 649849
876, 630172
877, 646658
878, 605777
879, 592519
880, 607068
881, 626701
882, 593477
883, 631588
884, 639810
885, 595129
886, 612747
887, 621849
888, 613450
889, 613450
890, 635056
891, 623322
892, 603766
893, 516688
894, 470362
895, 521735
896, 595762
897, 530038
898, 517425
899, 559914
900, 588536
901, 574293
902, 521966
903, 544867
904, 553492
905, 511652
906, 538333
907, 432484
908, 384441
909, 301673
910, 257015
911, 196531
912, 229969
913, 264527
914, 242026
915, 261967
916, 286351
917, 260060
918, 256760
919, 233653
920, 185076
921, 159195
922, 201477
923, 223306
924, 237905
925, 249847
926, 257401
927, 257401
928, 288552
929, 271781
930, 231871
931, 280479
932, 252392
933, 258861
934, 173891
935, 208471
936, 197762
937, 164774
938, 121419
939, 76194
940, 45915
941, 17346
942, 48017
943, 24546
944, 107066
945, 143380
946, 107155
947, 153009
948, 170161
949, 159747
950, 196035
951, 233076
952, 187943
953, 223302
954, 194344
955, 156121
956, 88900
957, 174447
958, 228530
959, 157525
960, 236272
961, 145152
962, 99767
963, 162255
964, 239831
965, 8043
966, 187763
967, 247140
968, 346256
969, 404618
970, 489381
971, 448663
972, 388353
973, 378166
974, 327326
975, 327326
976, 270971
977, 238770
978, 272014
979, 220477
980, 271906
981, 236619
982, 264723
983, 295462
984, 311618
985, 344120
986, 332374
987, 311398
988, 292142
989, 319307
990, 301074
991, 323714
992, 368912
993, 348008
994, 301912
995, 336103
996, 291377
997, 271089
998, 209336
999, 169550
1000, 106164
1001, 38398
1002, -44452
1003, -5810
1004, -26265
1005, -43239
1006, -63945
1007, -175809
1008, -304218
1009, -245972
1010, -324845
1011, -425866
1012, -516034
1013, -441476
1014, -382857
1015, -353762
1016, -300896
1017, -242163
1018, -221063
1019, -162773
1020, -219341
1021, -243507
1022, -205890
1023, -235090
1024, -175086
1025, -117533
1026, -163848
1027, -211030
1028, -182025
1029, -157637
1030, -106730
1031, -132706
1032, -172271
1033, -204554
1034, -179742
1035, -133535
1036, -190314
1037, -211233
1038, -194103
1039, -162837
1040, -121670
1041, -151704
1042, -124868
1043, -98215
1044, -113970
1045, -34210
1046, -56765
1047, -40300
1048, -9008
1049, 27187
1050, 8871
1051, 36110
1052, 11790
1053, 34569
1054, -9089
1055, 41739
1056, 9823
1057, -18032
1058, -67802
1059, -32798
1060, -53456
1061, -36503
1062, -61730
1063, -37946
1064, -73424
1065, 12388
1066, 98779
1067, 98779
1068, 141539
1069, 174390
1070, 197821
1071, 246477
1072, 215090
1073, 226180
1074, 240102
1075, 208729
1076, 226263
1077, 213055
1078, 231965
1079, 220927
1080, 190972
1081, 154292
1082, 132580
1083, 142739
1084, 159501
1085, 100945
1086, 58218
1087, 84954
1088, 104032
1089, 83942
1090, 101773
1091, 85838
1092, 145791
1093, 120387
1094, 89348
1095, 63769
1096, 33436
1097, 6081
1098, 13465
1099, 46475
1100, 72929
1101, 145052
1102, 172902
1103, 211487
1104, 255348
1105, 283148
1106, 249310
1107, 302452
1108, 321706
1109, 346652
1110, 377077
1111, 315822
1112, 353259
1113, 365339
1114, 414103
1115, 445511
1116, 392544
1117, 366678
1118, 393074
1119, 432192
1120, 389503
1121, 411319
1122, 382285
1123, 346361
1124, 314360
1125, 351176
1126, 331998
1127, 358596
1128, 417768
1129, 471750
1130, 511074
1131, 467867
1132, 483473
1133, 491582
1134, 444043
1135, 369411
1136, 398861
1137, 453852
1138, 464592
1139, 574503
1140, 626238
1141, 689971
1142, 726736
1143, 769745
1144, 784372
1145, 807718
1146, 840323
1147, 870456
1148, 789652
1149, 806264
1150, 778401
1151, 741129
1152, 705918
1153, 730005
1154, 771839
1155, 771839
1156, 731845
1157, 692005
1158, 721941
1159, 762536
1160, 762536
1161, 790343
1162, 790343
1163, 863627
1164, 841010
1165, 863351
1166, 821234
1167, 837978
1168, 861458
1169, 827781
1170, 808293
1171, 818949
1172, 801438
1173, 765014
1174, 729789
1175, 701822
1176, 725201
1177, 705231
1178, 752178
1179, 770640
1180, 809197
1181, 847350
1182, 847350
1183, 875848
1184, 820198
1185, 843256
1186, 820858
1187, 844954
1188, 923248
1189, 889886
1190, 859688
1191, 856671
1192, 830283
1193, 872164
1194, 859712
1195, 883246
1196, 877877
1197, 897920
1198, 912265
1199, 912265
1200, 886204
1201, 914864
1202, 942215
1203, 911307
1204, 901077
1205, 922733
1206, 975335
1207, 1050660
1208, 1029254
1209, 1061585
1210, 1045370
1211, 1016541
1212, 1073019
1213, 1093999
1214, 1145963
1215, 1170552
1216, 1228964
1217, 1249576
1218, 1214839
1219, 1280582
1220, 1344780
1221, 1293951
1222, 1337902
1223, 1387059
1224, 1387059
1225, 1443683
1226, 1336524
1227, 1369470
1228, 1397871
1229, 1332229
1230, 1368711
1231, 1310492
1232, 1269246
1233, 1231188
1234, 1200144
1235, 1227913
1236, 1191182
1237, 1173775
1238, 1173775
1239, 1218953
1240, 1274405
1241, 1274405
1242, 1243370
1243, 1187471
1244, 1223359
1245, 1254208
1246, 1288216
1247, 1293074
1248, 1250626
1249, 1288123
1250, 1244916
1251, 1266247
1252, 1301518
1253, 1301518
1254, 1256357
1255, 1275088
1256, 1258997
1257, 1275690
1258, 1303712
1259, 1323492
1260, 1329940
1261, 1316849
1262, 1329239
1263, 1379309
1264, 1401743
1265, 1418922
1266, 1415212
1267, 1415212
1268, 1448109
1269, 1472599
1270, 1498044
1271, 1480110
1272, 1429526
1273, 1448089
1274, 1492114
1275, 1453662
1276, 1463851
1277, 1505780
1278, 1549192
1279, 1518148
1280, 1542193
1281, 1587560
1282, 1593012
1283, 1616334
1284, 1603659
1285, 1644369
1286, 1664647
1287, 1642069
1288, 1660974
1289, 1706782
1290, 1664527
1291, 1654647
1292, 1687098
1293, 1701695
1294, 1708732
1295, 1721309
1296, 1737141
1297, 1778168
1298, 1745635
1299, 1757090
1300, 1767010
1301, 1752384
1302, 1723008
1303, 1681532
1304, 1610024
1305, 1528467
1306, 1484379
1307, 1537780
1308, 1579105
1309, 1653865
1310, 1638898
1311, 1613036
1312, 1564435
1313, 1551009
1314, 1517611
1315, 1455661
1316, 1497353
1317, 1535685
1318, 1584562
1319, 1603842
1320, 1620728
1321, 1613650
1322, 1601737
1323, 1608990
1324, 1627387
1325, 1609362
1326, 1570471
1327, 1602877
1328, 1626829
1329, 1638223
1330, 1617185
1331, 1617185
1332, 1651315
1333, 1626937
1334, 1638436
1335, 1663095
1336, 1636669
1337, 1620326
1338, 1608699
1339, 1557398
1340, 1576748
1341, 1596548
1342, 1567082
1343, 1550792
1344, 1513584
1345, 1502418
1346, 1440341
1347, 1509430
1348, 1542779
1349, 1565823
1350, 1472563
1351, 1550949
1352, 1532465
1353, 1496041
1354, 1459678
1355, 1492589
1356, 1571851
1357, 1544686
1358, 1617077
1359, 1661479
1360, 1701174
1361, 1740607
1362, 1714019
1363, 1693776
1364, 1716954
1365, 1794876
1366, 1765568
1367, 1791837
1368, 1771224
1369, 1750862
1370, 1822645
1371, 1759261
1372, 1736113
1373, 1712805
1374, 1712805
1375, 1680478
1376, 1709431
1377, 1733430
1378, 1718568
1379, 1718568
1380, 1765291
1381, 1710481
1382, 1776045
1383, 1738723
1384, 1771634
1385, 1716936
1386, 1680235
1387, 1830982
1388, 1912253
1389, 1944262
1390, 1844040
1391, 1886765
1392, 1911008
1393, 1940941
1394, 1994795
1395, 2059181
1396, 2130745
1397, 2103140
1398, 2103140
1399, 2168851
1400, 2230770
1401, 2303310
1402, 2272328
1403, 2320994
1404, 2347505
1405, 2367681
1406, 2367681
1407, 2367681
1408, 2445944
1409, 2393817
1410, 2422022
1411, 2368316
1412, 2423959
1413, 2445987
1414, 2495262
1415, 2515844
1416, 2550723
1417, 2536774
1418, 2536774
1419, 2595070
1420, 2495163
1421, 2508054
1422, 2484525
1423, 2521463
1424, 2542248
1425, 2516481
1426, 2494128
1427, 2500607
1428, 2518422
1429, 2570324
1430, 2611154
1431, 2662020
1432, 2695904
1433, 2727560
1434, 2808763
1435, 2735858
1436, 2873879
1437, 2970908
1438, 2933744
1439, 2994718
1440, 2965291
1441, 3023703
1442, 3040063
1443, 3040063
1444, 3040063
1445, 2993277
1446, 3031988
1447, 3023640
1448, 3080162
1449, 3019018
1450, 3115344
1451, 3139754
1452, 3113348
1453, 3144632
1454, 3116981
1455, 3057732
1456, 3072295
1457, 3100500
1458, 3126113
1459, 3126113
1460, 3149377
1461, 3176651
1462, 3194400
1463, 3176762
1464, 3231979
1465, 3249238
1466, 3196154
1467, 3209768
1468, 3228608
1469, 3252059
1470, 3252059
1471, 3272566
1472, 3324914
1473, 3303913
1474, 3319015
1475, 3305248
1476, 3269453
1477, 3340532
1478, 3367562
1479, 3418453
1480, 3474422
1481, 3480759
1482, 3508971
1483, 3472390
1484, 3429580
1485, 3400584
1486, 3426134
1487, 3379361
1488, 3406399
1489, 3343470
1490, 3282788
1491, 3311276
1492, 3339275
1493, 3339275
1494, 3362008
1495, 3393927
1496, 3459160
1497, 3358368
1498, 3430230
1499, 3421841
1500, 3457058
1501, 3488611
1502, 3518728
1503, 3564147
1504, 3594072
1505, 3575907
1506, 3522924
1507, 3547676
1508, 3574211
1509, 3546026
1510, 3524944
1511, 3536817
1512, 3554130
1513, 3492540
1514, 3565155
1515, 3618628
1516, 3638988
1517, 3582492
1518, 3599422
1519, 3556588
1520, 3529341
1521, 3455936
1522, 3478781
1523, 3503338
1524, 3543314
1525, 3559202
1526, 3516302
1527, 3482359
1528, 3506657
1529, 3531282
1530, 3571753
1531, 3591441
1532, 3558916
1533, 3579916
1534, 3591660
1535, 3613328
1536, 3537879
1537, 3473453
1538, 3441838
1539, 3400133
1540, 3384387
1541, 3416063
1542, 3431657
1543, 3462861
1544, 3449095
1545, 3457988
1546, 3539273
1547, 3573193
1548, 3538679
1549, 3587349
1550, 3612215
1551, 3670847
1552, 3713155
1553, 3668600
1554, 3631362
1555, 3654038
1556, 3492041
1557, 3588237
1558, 3626569
1559, 3671932
1560, 3608265
1561, 3662304
1562, 3582836
1563, 3500900
1564, 3478086
1565, 3530700
1566, 3555764
1567, 3655705
1568, 3584731
1569, 3499525
1570, 3559745
1571, 3595059
1572, 3646911
1573, 3694334
1574, 3640700
1575, 3661637
1576, 3637448
1577, 3613287
1578, 3647871
1579, 3628738
1580, 3645235
1581, 3615377
1582, 3590754
1583, 3607761
1584, 3581383
1585, 3572422
1586, 3582236
1587, 3573557
1588, 3597590
1589, 3575094
1590, 3532185
1591, 3517269
1592, 3542201
1593, 3571048
1594, 3607572
1595, 3630614
1596, 3684319
1597, 3697320
1598, 3660625
1599, 3685120
1600, 3663789
1601, 3614351
1602, 3566830
1603, 3597272
1604, 3560863
1605, 3593268
1606, 3559611
1607, 3613679
1608, 3585987
1609, 3620245
1610, 3630819
1611, 3607899
1612, 3578475
1613, 3562284
1614, 3540825
1615, 3559463
1616, 3503073
1617, 3463111
1618, 3416599
1619, 3351410
1620, 3270339
1621, 3132821
1622, 3203963
1623, 3165675
1624, 3218824
1625, 3232627
1626, 3259262
1627, 3244958
1628, 3215831
1629, 3197626
1630, 3174965
1631, 3145763
1632, 3218474
1633, 3179016
1634, 3162844
1635, 3226842
1636, 3289703
1637, 3301212
1638, 3289315
1639, 3266509
1640, 3238601
1641, 3191509
1642, 3263671
1643, 3241750
1644, 3225012
1645, 3250094
1646, 3269410
1647, 3291451
1648, 3310972
1649, 3310972
1650, 3287495
1651, 3337971
1652, 3319884
1653, 3273748
1654, 3297991
1655, 3309075
1656, 3340935
1657, 3329178
1658, 3364432
1659, 3353049
1660, 3203548
1661, 3165123
1662, 3174810
1663, 3198687
1664, 3190097
1665, 3204045
1666, 3214335
1667, 3237254
1668, 3228828
1669, 3237612
1670, 3225646
1671, 3268468
1672, 3245909
1673, 3273848
1674, 3280927
1675, 3308034
1676, 3297406
1677, 3317043
1678, 3367594
1679, 3417614
1680, 3404141
1681, 3389973
1682, 3428827
1683, 3452836
1684, 3446622
1685, 3477686
1686, 3504177
1687, 3472586
1688, 3493885
1689, 3511454
1690, 3463987
1691, 3484915
1692, 3481102
1693, 3469771
1694, 3450231
1695, 3415533
1696, 3381196
1697, 3340850
1698, 3304271
1699, 3333529
1700, 3347995
1701, 3381384
1702, 3366532
1703, 3354091
1704, 3325195
1705, 3325195
1706, 3339637
1707, 3321783
1708, 3336691
1709, 3306623
1710, 3284556
1711, 3255724
1712, 3217049
1713, 3231241
1714, 3222027
1715, 3251425
1716, 3268504
1717, 3319324
1718, 3446828
1719, 3409469
1720, 3394179
1721, 3456860
1722, 3472232
1723, 3493396
1724, 3477902
1725, 3452297
1726, 3521827
1727, 3567632
1728, 3629263
1729, 3644901
1730, 3675755
1731, 3656411
1732, 3684821
1733, 3719945
1734, 3741235
1735, 3758153
1736, 3792268
1737, 3809262
1738, 3823184
1739, 3798256
1740, 3860607
1741, 3894722
1742, 3871779
1743, 3911888
1744, 3928626
1745, 3952837
1746, 3942578
1747, 3930203
1748, 3949970
1749, 3966398
1750, 3917119
1751, 3939534
1752, 3910648
1753, 3916526
1754, 3943711
1755, 3954331
1756, 3954331
1757, 3933718
1758, 3914238
1759, 3914238
1760, 3957129
1761, 3967478
1762, 3960788
1763, 3960788
1764, 3949685
1765, 3926198
1766, 3919502
1767, 3927539
1768, 3938953
1769, 3951499
1770, 3936869
1771, 3972768
1772, 3958160
1773, 3931618
1774, 3937125
1775, 3916693
1776, 3893569
1777, 3873640
1778, 3860788
1779, 3876848
1780, 3919769
1781, 3919769
1782, 3895918
1783, 3927642
1784, 3943769
1785, 3962803
1786, 3934598
1787, 3911078
1788, 3911078
1789, 3888841
1790, 3864170
1791, 3875912
1792, 3893252
1793, 3873021
1794, 3851939
1795, 3878530
1796, 3905711
1797, 3899515
1798, 3918620
1799, 3883847
1800, 3954098
1801, 4013613
1802, 4042684
1803, 4072598
1804, 4056793
1805, 4092060
1806, 4064300
1807, 4026230
1808, 3986323
1809, 3948188
1810, 3982903
1811, 3966384
1812, 3975721
1813, 3961110
1814, 3902636
1815, 3864760
1816, 3836979
1817, 3805542
1818, 3758924
1819, 3797584
1820, 3755566
1821, 3800977
1822, 3770780
1823, 3772476
1824, 3788531
1825, 3777278
1826, 3746317
1827, 3721798
1828, 3769908
1829, 3755802
1830, 3789763
1831, 3851220
1832, 3877960
1833, 3854675
1834, 3876927
1835, 3871600
1836, 3879839
1837, 3867197
1838, 3878656
1839, 3901467
1840, 3888872
1841, 3865870
1842, 3891281
1843, 3872901
1844, 3893796
1845, 3928548
1846, 3912879
1847, 3925117
1848, 3949728
1849, 3920372
1850, 3893744
1851, 3867741
1852, 3848873
1853, 3832503
1854, 3824413
1855, 3838467
1856, 3869497
1857, 3848538
1858, 3859385
1859, 3883806
1860, 3955119
1861, 3951780
1862, 3938004
1863, 3921670
1864, 3939806
1865, 3959189
1866, 4002761
1867, 3956937
1868, 3930637
1869, 3949616
1870, 3928796
1871, 3958165
1872, 4012256
1873, 4063474
1874, 4048187
1875, 4055510
1876, 4068188
1877, 4045706
1878, 4062607
1879, 4031978
1880, 4066042
1881, 4044239
1882, 4027576
1883, 4002490
1884, 3981415
1885, 3955361
1886, 3928907
1887, 3949964
1888, 3939004
1889, 3939004
1890, 3922211
1891, 3947791
1892, 3924475
1893, 3913073
1894, 3940412
1895, 3963949
1896, 3926199
1897, 3953219
1898, 3994452
1899, 4048082
1900, 4075275
1901, 4051299
1902, 4028377
1903, 4049893
1904, 4031194
1905, 4044492
1906, 4012227
1907, 3968165
1908, 3913711
1909, 3947615
1910, 3929890
1911, 3905598
1912, 3878389
1913, 3910167
1914, 3932099
1915, 3982581
1916, 3954405
1917, 3905905
1918, 3868010
1919, 3915332
1920, 3900036
1921, 3945409
1922, 3991524
1923, 4024162
1924, 3986605
1925, 3973742
1926, 3931311
1927, 3888649
1928, 3830955
1929, 3799204
1930, 3799204
1931, 3864773
1932, 3912831
1933, 3903278
1934, 3966592
1935, 4012348
1936, 3961883
1937, 3919790
1938, 3966511
1939, 3998999
1940, 4055953
1941, 3997061
1942, 3971653
1943, 4012434
1944, 4012434
1945, 3951835
1946, 3989443
1947, 4002400
1948, 3955125
1949, 3955125
1950, 3988441
1951, 4024218
1952, 4067338
1953, 4057974
1954, 3982392
1955, 4057862
1956, 4057862
1957, 4078383
1958, 4102377
1959, 4122769
1960, 4093432
1961, 4060116
1962, 4011625
1963, 4090359
1964, 4166662
1965, 4182529
1966, 4209052
1967, 4156885
1968, 4172671
1969, 4138378
1970, 4138378
1971, 4051432
1972, 4093150
1973, 4154473
1974, 4121047
1975, 4199482
1976, 4276226
1977, 4283912
1978, 4297077
1979, 4330622
1980, 4269762
1981, 4268004
1982, 4292002
1983, 4323496
1984, 4347793
1985, 4364821
1986, 4395091
1987, 4427577
1988, 4403803
1989, 4437216
1990, 4407014
1991, 4435472
1992, 4412810
1993, 4394803
1994, 4425240
1995, 4404566
1996, 4463745
1997, 4478718
1998, 4438268
1999, 4469385
2000, 4469385
2001, 4506958
2002, 4483862
2003, 4500924
2004, 4488153
2005, 4509915
2006, 4464858
2007, 4439930
2008, 4477343
2009, 4439531
2010, 4458155
2011, 4481390
2012, 4481390
2013, 4568773
2014, 4603630
2015, 4658675
2016, 4631036
2017, 4600104
2018, 4666124
2019, 4699995
2020, 4673871
2021, 4686387
2022, 4699335
2023, 4681350
2024, 4661066
2025, 4596808
2026, 4610663
2027, 4590265
2028, 4619283
2029, 4600314
2030, 4613566
2031, 4592003
2032, 4622086
2033, 4606147
2034, 4635432
2035, 4609026
2036, 4634931
2037, 4613147
2038, 4632106
2039, 4663120
2040, 4700732
2041, 4640161
2042, 4640161
2043, 4596078
2044, 4622286
2045, 4590334
2046, 4569135
2047, 4583612
2048, 4593328
2049, 4705109
2050, 4695868
2051, 4749910
2052, 4726484
2053, 4820493
2054, 4849307
2055, 4819344
2056, 4855753
2057, 4879920
2058, 4889244
2059, 4908167
2060, 4926159
2061, 4903350
2062, 4912856
2063, 4943548
2064, 4978265
2065, 4999564
2066, 4992424
2067, 5008784
2068, 5030077
2069, 5060190
2070, 5003906
2071, 4942559
2072, 4957758
2073, 5114082
2074, 5134452
2075, 5160524
2076, 5132243
2077, 5163146
2078, 5198540
2079, 5152880
2080, 5233940
2081, 5241247
2082, 5225501
2083, 5191724
2084, 5137939
2085, 5222311
2086, 5178134
2087, 5246120
2088, 5271114
2089, 5230556
2090, 5165498
2091, 5204331
2092, 5153582
2093, 5188096
2094, 5096501
2095, 5163578
2096, 5218938
2097, 5249448
2098, 5249448
2099, 5249448
2100, 5278785
2101, 5304477
2102, 5330713
2103, 5345014
2104, 5371124
2105, 5394496
2106, 5542698
2107, 5594356
2108, 5635820
2109, 5604088
2110, 5559601
2111, 5498667
2112, 5528192
2113, 5561833
2114, 5574218
2115, 5547493
2116, 5531219
2117, 5599732
2118, 5669571
2119, 5720347
2120, 5692054
2121, 5692054
2122, 5666467
2123, 5642936
2124, 5656686
2125, 5634100
2126, 5667827
2127, 5614957
2128, 5600275
2129, 5573686
2130, 5610898
2131, 5588170
2132, 5597927
2133, 5624847
2134, 5653537
2135, 5682888
2136, 5661633
2137, 5628096
2138, 5652326
2139, 5731947
2140, 5711755
2141, 5711755
2142, 5728098
2143, 5784442
2144, 5819780
2145, 5880818
2146, 5917642
2147, 5893081
2148, 5878488
2149, 5920078
2150, 5977981
2151, 6019594
2152, 6091910
2153, 6115198
2154, 6038984
2155, 5993024
2156, 5993024
2157, 6070693
2158, 6147916
2159, 6123611
2160, 6079000
2161, 6120064
2162, 6059456
2163, 6019757
2164, 6054804
2165, 6012889
2166, 5964760
2167, 6032215
2168, 6066523
2169, 6181270
2170, 6266511
2171, 6344724
2172, 6466887
2173, 6555244
2174, 6629131
2175, 6686717
2176, 6782088
2177, 6828394
2178, 6768105
2179, 6810048
2180, 6794401
2181, 6832543
2182, 6822534
2183, 6846122
2184, 6806858
2185, 6827530
2186, 6883275
2187, 6784504
2188, 6696864
2189, 6640901
2190, 6788414
2191, 6727723
2192, 6817827
2193, 6944275
2194, 6792879
2195, 6677184
2196, 6601945
2197, 6555200
2198, 6602550
2199, 6575733
2200, 6497885
2201, 6545343
2202, 6567029
2203, 6579228
2204, 6550857
2205, 6487676
2206, 6471387
2207, 6463242
2208, 6480998
2209, 6459588
2210, 6422734
2211, 6377857
2212, 6386909
2213, 6347925
2214, 6396797
2215, 6453022
2216, 6516023
2217, 6571256
2218, 6719308
2219, 6792231
2220, 6813796
2221, 6869932
2222, 6782604
2223, 6703975
2224, 6703975
2225, 6647527
2226, 6673341
2227, 6718935
2228, 6739655
2229, 6720659
2230, 6738497
2231, 6751628
2232, 6731856
2233, 6753060
2234, 6772207
2235, 6708762
2236, 6801879
2237, 6829274
2238, 6807954
2239, 6754338
2240, 6716550
2241, 6692440
2242, 6648281
2243, 6621472
2244, 6595523
2245, 6582202
2246, 6537093
2247, 6550479
2248, 6517788
2249, 6538715
2250, 6567004
2251, 6550207
2252, 6606570
2253, 6626898
2254, 6657775
2255, 6695527
2256, 6724581
2257, 6708206
2258, 6755135
2259, 6722196
2260, 6747703
2261, 6734024
2262, 6755932
2263, 6777426
2264, 6762199
2265, 6721516
2266, 6755625
2267, 6724796
2268, 6755997
2269, 6732660
2270, 6787116
2271, 6757680
2272, 6702850
2273, 6672628
2274, 6692884
2275, 6705618
2276, 6681720
2277, 6694451
2278, 6638062
2279, 6695635
2280, 6731431
2281, 6806936
2282, 6806936
2283, 6652132
2284, 6697606
2285, 6715997
2286, 6728086
2287, 6745865
2288, 6745865
2289, 6728976
2290, 6716633
2291, 6743705
2292, 6757414
2293, 6738397
2294, 6707589
2295, 6733589
2296, 6716249
2297, 6735214
2298, 6754919
2299, 6779924
2300, 6792070
2301, 6842991
2302, 6827880
2303, 6814170
2304, 6727220
2305, 6670918
2306, 6712591
2307, 6736519
2308, 6743875
2309, 6733561
2310, 6723551
2311, 6742395
2312, 6734840
2313, 6734840
2314, 6755614
2315, 6765003
2316, 6756427
2317, 6730459
2318, 6683076
2319, 6702688
2320, 6693490
2321, 6705311
2322, 6725126
2323, 6739675
2324, 6820062
2325, 6834502
2326, 6859760
2327, 6880534
2328, 6850087
2329, 6842583
2330, 6863997
2331, 6909773
2332, 6932841
2333, 6953535
2334, 6978127
2335, 6978127
2336, 6950302
2337, 6987993
2338, 7012563
2339, 7036546
2340, 7059868
2341, 7079705
2342, 7095783
2343, 7076490
2344, 7052016
2345, 7072457
2346, 7059571
2347, 7080783
2348, 7099747
2349, 7146658
2350, 7146658
2351, 7155163
2352, 7137119
2353, 7125094
2354, 7125094
2355, 7146218
2356, 7170949
2357, 7205116
2358, 7190734
2359, 7203867
2360, 7196273
2361, 7206734
2362, 7232707
2363, 7274622
2364, 7286049
2365, 7266292
2366, 7234270
2367, 7255515
2368, 7230432
2369, 7248321
2370, 7228266
2371, 7211124
2372, 7242306
2373, 7227946
2374, 7220305
2375, 7209732
2376, 7226764
2377, 7238343
2378, 7234246
2379, 7245216
2380, 7255205
2381, 7239176
2382, 7245457
2383, 7256802
2384, 7256802
2385, 7266251
2386, 7260794
2387, 7270350
2388, 7280031
2389, 7290913
2390, 7276805
2391, 7286821
2392, 7295849
2393, 7198349
2394, 7155099
2395, 7180977
2396, 7155348
2397, 7146689
2398, 7174798
2399, 7166179
2400, 7136066
2401, 7178912
2402, 7190985
2403, 7184168
2404, 7196929
2405, 7183902
2406, 7210392
2407, 7203119
2408, 7213622
2409, 7203268
2410, 7221591
2411, 7199832
2412, 7215551
2413, 7194320
2414, 7173412
2415, 7144079
2416, 7193797
2417, 7183578
2418, 7197765
2419, 7172036
2420, 7160046
2421, 7120997
2422, 7100762
2423, 7051183
2424, 7064769
2425, 7118779
2426, 7150273
2427, 7164886
2428, 7152263
2429, 7168328
2430, 7191587
2431, 7169802
2432, 7194308
2433, 7212616
2434, 7204712
2435, 7220511
2436, 7258739
2437, 7226640
2438, 7184593
2439, 7201584
2440, 7227352
2441, 7259519
2442, 7228240
2443, 7264555
2444, 7307611
2445, 7307611
2446, 7293832
2447, 7310210
2448, 7331248
2449, 7279859
2450, 7287218
2451, 7297086
2452, 7314589
2453, 7323385
2454, 7309290
2455, 7288410
2456, 7308821
2457, 7330442
2458, 7306811
2459, 7314614
2460, 7301692
2461, 7314060
2462, 7298210
2463, 7305483
2464, 7280902
2465, 7268002
2466, 7239261
2467, 7251836
2468, 7278984
2469, 7282404
2470, 7303786
2471, 7333140
2472, 7323645
2473, 7341586
2474, 7361092
2475, 7345325
2476, 7336985
2477, 7286767
2478, 7237748
2479, 7221899
2480, 7257103
2481, 7306054
2482, 7273391
2483, 7245939
2484, 7215128
2485, 7192633
2486, 7167231
2487, 7186937
2488, 7196640
2489, 7169444
2490, 7224014
2491, 7198486
2492, 7227465
2493, 7185430
2494, 7139065
2495, 7139065
2496, 7107354
2497, 7138870
2498, 7161977
2499, 7140736
2500, 7184807
2501, 7133346
2502, 7095558
2503, 7106026
2504, 7090346
2505, 7103508
2506, 7140720
2507, 7140720
2508, 7115013
2509, 7127269
2510, 7146982
2511, 7134425
2512, 7152483
2513, 7161874
2514, 7142291
2515, 7188188
2516, 7222764
2517, 7197191
2518, 7225644
2519, 7239930
2520, 7226123
2521, 7237287
2522, 7160452
2523, 7181221
2524, 7186864
2525, 7179540
2526, 7204752
2527, 7189864
2528, 7219517
2529, 7193824
2530, 7214353
2531, 7199106
2532, 7176656
2533, 7113388
2534, 7079652
2535, 7052399
2536, 7123711
2537, 7084525
2538, 7042386
2539, 7065797
2540, 7088726
2541, 7105688
2542, 7074353
2543, 7085486
2544, 7025217
2545, 6975034
2546, 6934335
2547, 6958667
2548, 6958667
2549, 6934415
2550, 6957069
2551, 6957069
2552, 6908797
2553, 6936171
2554, 6913436
2555, 6862412
2556, 6862412
2557, 6884021
2558, 6884021
2559, 6854128
2560, 6890744
2561, 6870455
2562, 6839447
2563, 6858135
2564, 6891390
2565, 6867858
2566, 6896081
2567, 6866089
2568, 6892380
2569, 6909519
2570, 6954478
2571, 6967801
2572, 7000380
2573, 7024871
2574, 7006382
2575, 6962897
2576, 7034930
2577, 6966561
2578, 6928744
2579, 6963448
2580, 6977037
2581, 7009332
2582, 6972716
2583, 6988892
2584, 6946071
2585, 6903662
2586, 6963566
2587, 6981319
2588, 6923749
2589, 6891039
2590, 6931243
2591, 6981557
2592, 7004038
2593, 6981081
2594, 7022594
2595, 7054298
2596, 7117815
2597, 7096523
2598, 7073804
2599, 6956285
2600, 6956285
2601, 6952716
2602, 6929878
2603, 6923455
2604, 6955451
2605, 6923692
2606, 6950574
2607, 6969486
2608, 6986496
2609, 7013029
2610, 6988614
2611, 7006456
2612, 6992419
2613, 6988968
2614, 6968510
2615, 6951619
2616, 6967676
2617, 6956377
2618, 6942936
2619, 6950311
2620, 6954117
2621, 6967201
2622, 6957449
2623, 6950678
2624, 6915471
2625, 6935454
2626, 6914986
2627, 6908207
2628, 6943177
2629, 6928583
2630, 6877318
2631, 6862211
2632, 6868990
2633, 6903604
2634, 6886951
2635, 6863875
2636, 6848174
2637, 6797740
2638, 6694139
2639, 6650247
2640, 6669636
2641, 6715786
2642, 6743618
2643, 6773474
2644, 6754324
2645, 6789058
2646, 6828547
2647, 6799761
2648, 6816176
2649, 6782752
2650, 6823452
2651, 6809653
2652, 6807750
2653, 6823331
2654, 6871505
2655, 6850345
2656, 6822036
2657, 6868900
2658, 6789325
2659, 6817121
2660, 6796805
2661, 6796805
2662, 6760586
2663, 6739294
2664, 6745837
2665, 6724308
2666, 6737154
2667, 6752869
2668, 6717899
2669, 6758369
2670, 6714477
2671, 6682481
2672, 6737846
2673, 6750217
2674, 6742723
2675, 6782927
2676, 6736656
2677, 6780752
2678, 6806087
2679, 6806087
2680, 6817744
2681, 6854856
2682, 6875790
2683, 6856878
2684, 6939070
2685, 6890659
2686, 6939427
2687, 7029369
2688, 7045151
2689, 7116929
2690, 7196622
2691, 7185084
2692, 7114048
2693, 7114048
2694, 7075627
2695, 6980351
2696, 6816084
2697, 6848763
2698, 6931442
2699, 7007911
2700, 7026757
2701, 7055188
2702, 6999088
2703, 6940918
2704, 6962922
2705, 6964230
2706, 6929807
2707, 6986983
2708, 6926035
2709, 6884419
2710, 6904354
2711, 6875814
2712, 6854177
2713, 6824004
2714, 6844920
2715, 6781849
2716, 6751543
2717, 6823111
2718, 6975722
2719, 6861890
2720, 6843589
2721, 6896312
2722, 6799319
2723, 6971429
2724, 6995280
2725, 6775452
2726, 6873952
2727, 6812413
2728, 6689112
2729, 6611664
2730, 6647414
2731, 6591656
2732, 6516390
2733, 6431814
2734, 6545379
2735, 6647998
2736, 6563207
2737, 6582794
2738, 6463675
2739, 6404961
2740, 6308575
2741, 6338679
2742, 6369803
2743, 6340949
2744, 6381599
2745, 6420157
2746, 6633940
2747, 6706734
2748, 6722324
2749, 6624645
2750, 6809719
2751, 6829105
2752, 6825212
2753, 6806516
2754, 6773934
2755, 6784965
2756, 6721145
2757, 6736272
2758, 6767308
2759, 6888816
2760, 6911463
2761, 6922332
2762, 6957645
2763, 6917468
2764, 6956182
2765, 6989871
2766, 6959957
2767, 6922039
2768, 6943402
2769, 6996509
2770, 7030642
2771, 7059604
2772, 7080422
2773, 7065570
2774, 7081764
2775, 7081764
2776, 7103745
2777, 7145186
2778, 7142092
2779, 7166003
2780, 7191680
2781, 7222527
2782, 7266504
2783, 7254320
2784, 7239771
2785, 7193239
2786, 7208740
2787, 7228001
2788, 7253362
2789, 7276283
2790, 7303246
2791, 7285120
2792, 7191863
2793, 7199035
2794, 7163210
2795, 7197916
2796, 7234460
2797, 7265070
2798, 7287841
2799, 7292225
2800, 7288365
2801, 7315492
2802, 7319197
2803, 7344554
2804, 7334809
2805, 7365208
2806, 7348929
2807, 7374764
2808, 7395630
2809, 7369850
2810, 7308254
2811, 7332349
2812, 7310487
2813, 7294730
2814, 7263098
2815, 7371182
2816, 7409884
2817, 7394395
2818, 7355147
2819, 7332979
2820, 7346056
2821, 7304435
2822, 7317045
2823, 7293866
2824, 7312015
2825, 7332303
2826, 7347438
2827, 7388277
2828, 7444301
2829, 7457346
2830, 7480006
2831, 7495060
2832, 7500579
2833, 7507951
2834, 7532342
2835, 7523820
2836, 7540256
2837, 7528633
2838, 7497018
2839, 7471686
2840, 7455929
2841, 7469602
2842, 7486680
2843, 7479873
2844, 7509370
2845, 7477123
2846, 7444449
2847, 7462293
2848, 7425710
2849, 7372173
2850, 7435914
2851, 7466507
2852, 7488415
2853, 7488415
2854, 7461845
2855, 7480593
2856, 7510945
2857, 7538367
2858, 7560860
2859, 7569291
2860, 7566213
2861, 7603798
2862, 7594261
2863, 7619670
2864, 7598030
2865, 7608105
2866, 7598492
2867, 7617833
2868, 7575706
2869, 7588739
2870, 7609243
2871, 7623945
2872, 7631531
2873, 7721970
2874, 7687416
2875, 7628746
2876, 7660926
2877, 7716252
2878, 7684039
2879, 7726671
2880, 7705151
2881, 7752448
2882, 7724842
2883, 7751650
2884, 7791293
2885, 7801063
2886, 7808963
2887, 7859070
2888, 7938954
2889, 7968942
2890, 7934431
2891, 7951918
2892, 7998237
2893, 8038742
2894, 8030404
2895, 8033652
2896, 8058353
2897, 8075092
2898, 8079532
2899, 8079532
2900, 8141599
2901, 8119145
2902, 8162049
2903, 8146765
2904, 8135604
2905, 8164799
2906, 8130750
2907, 8193523
2908, 8216438
2909, 8254912
2910, 8284281
2911, 8273423
2912, 8176522
2913, 8204519
2914, 8225034
2915, 8199254
2916, 8237030
2917, 8206926
2918, 8197690
2919, 8290358
2920, 8306645
2921, 8303062
2922, 8281639
2923, 8249638
2924, 8282331
2925, 8256969
2926, 8225000
2927, 8191537
2928, 8224998
2929, 8228428
2930, 8186566
2931, 8207469
2932, 8300843
2933, 8273286
2934, 8257230
2935, 8214457
2936, 8202816
2937, 8172094
2938, 8128803
2939, 8119782
2940, 8119782
2941, 8155519
2942, 8211043
2943, 8242471
2944, 8292814
2945, 8315264
2946, 8330365
2947, 8297966
2948, 8326686
2949, 8300344
2950, 8234002
2951, 8257133
2952, 8295684
2953, 8340776
2954, 8360750
2955, 8410403
2956, 8334539
2957, 8312420
2958, 8274168
2959, 8250542
2960, 8227775
2961, 8248020
2962, 8276156
2963, 8300282
2964, 8333782
2965, 8353030
2966, 8317614
2967, 8338757
2968, 8292702
2969, 8346162
2970, 8393033
2971, 8505628
2972, 8557424
2973, 8521710
2974, 8486950
2975, 8594655
2976, 8649823
2977, 8585259
2978, 8522895
2979, 8566591
2980, 8566591
2981, 8668093
2982, 8645304
2983, 8674850
2984, 8674850
2985, 8620147
2986, 8725635
2987, 8640753
2988, 8689375
2989, 8689375
2990, 8579758
2991, 8566614
2992, 8630336
2993, 8569056
2994, 8713401
2995, 8792671
2996, 8739525
2997, 8819345
2998, 8713559
2999, 8739532
3000, 8617014
3001, 8713557
3002, 8771470
3003, 8827169
3004, 8827169
3005, 8883206
3006, 8977330
3007, 9070716
3008, 9123882
3009, 9209253
3010, 9262298
3011, 9214041
3012, 9306921
3013, 9406716
3014, 9327212
3015, 9421239
3016, 9387495
3017, 9429590
3018, 9540727
3019, 9586313
3020, 9564699
3021, 9522606
3022, 9487186
3023, 9520298
3024, 9477422
3025, 9477422
3026, 9510839
3027, 9530648
3028, 9513506
3029, 9529988
3030, 9518883
3031, 9512378
3032, 9500552
3033, 9469478
3034, 9478440
3035, 9494235
3036, 9476676
3037, 9476676
3038, 9503043
3039, 9526006
3040, 9547074
3041, 9537469
3042, 9514938
3043, 9534371
3044, 9501387
3045, 9509710
3046, 9519521
3047, 9535399
3048, 9503823
3049, 9511702
3050, 9499254
3051, 9512939
3052, 9489250
3053, 9502867
3054, 9528861
3055, 9520466
3056, 9532090
3057, 9544864
3058, 9558131
3059, 9564745
3060, 9574898
3061, 9536741
3062, 9601088
3063, 9590776
3064, 9604737
3065, 9614988
3066, 9588832
3067, 9605467
3068, 9633852
3069, 9601785
3070, 9575786
3071, 9600913
3072, 9587968
3073, 9545996
3074, 9576302
3075, 9602148
3076, 9624291
3077, 9639474
3078, 9682721
3079, 9637115
3080, 9662208
3081, 9671271
3082, 9654832
3083, 9643034
3084, 9661000
3085, 9670131
3086, 9681219
3087, 9687339
3088, 9671371
3089, 9648363
3090, 9657808
3091, 9672746
3092, 9661777
3093, 9682952
3094, 9667569
3095, 9673529
3096, 9678143
3097, 9661736
3098, 9693688
3099, 9681500
3100, 9664889
3101, 9639381
3102, 9658229
3103, 9647962
3104, 9637557
3105, 9616902
3106, 9621230
3107, 9609580
3108, 9609580
3109, 9613954
3110, 9613954
3111, 9633144
3112, 9665475
3113, 9678740
3114, 9686160
3115, 9675277
3116, 9681583
3117, 9652679
3118, 9646750
3119, 9657561
3120, 9665616
3121, 9655801
3122, 9641354
3123, 9617118
3124, 9542923
3125, 9551726
3126, 9465249
3127, 9451544
3128, 9434996
3129, 9473022
3130, 9503796
3131, 9483393
3132, 9450714
3133, 9465077
3134, 9485395
3135, 9501166
3136, 9511997
3137, 9497854
3138, 9474782
3139, 9465129
3140, 9476117
3141, 9456021
3142, 9438396
3143, 9443565
3144, 9465456
3145, 9452442
3146, 9460513
3147, 9475137
3148, 9492263
3149, 9475387
3150, 9443829
3151, 9425023
3152, 9396851
3153, 9408963
3154, 9390149
3155, 9411210
3156, 9403972
3157, 9414900
3158, 9426557
3159, 9437689
3160, 9437689
3161, 9430860
3162, 9438980
3163, 9421096
3164, 9421096
3165, 9428832
3166, 9438379
3167, 9443421
3168, 9459972
3169, 9478810
3170, 9454885
3171, 9493356
3172, 9511666
3173, 9494062
3174, 9500450
3175, 9513122
3176, 9535564
3177, 9540791
3178, 9534654
3179, 9512938
3180, 9496999
3181, 9504866
3182, 9517428
3183, 9539908
3184, 9571307
3185, 9547229
3186, 9555370
3187, 9560646
3188, 9541050
3189, 9550644
3190, 9543497
3191, 9516875
3192, 9532241
3193, 9561107
3194, 9579158
3195, 9608126
3196, 9572012
3197, 9674016
