0, 44.712
1, 44.274
2, 45.941
3, 46.643
4, 45.919
5, 46.817
6, 46.735
7, 46.717
8, 46.412
9, 46.791
10, 47.41
11, 46.593
12, 46.625
13, 46.281
14, 46.502
15, 45.654
16, 44.928
17, 44.805
18, 43.947
19, 44.632
20, 45.224
21, 46.132
22, 46.585
23, 47.196
24, 46.625
25, 47.392
26, 48.323
27, 48.449
28, 48.474
29, 48.653
30, 49.091
31, 48.959
32, 47.56
33, 46.553
34, 44.928
35, 45.721
36, 46.273
37, 44.854
38, 46.156
39, 44.911
40, 45.439
41, 44.895
42, 45.637
43, 45.034
44, 44.482
45, 45.259
46, 46.175
47, 47.014
48, 47.535
49, 47.029
50, 47.879
51, 47.69
52, 48.366
53, 47.074
54, 46.874
55, 48.243
56, 48.639
57, 46.774
58, 45.514
59, 44.928
60, 46.175
61, 46.273
62, 46.518
63, 47.293
64, 47.491
65, 47.271
66, 47.813
67, 53.595
68, 53.659
69, 53.989
70, 56.033
71, 54.186
72, 55.251
73, 55.317
74, 54.873
75, 56.505
76, 56.379
77, 57.559
78, 56.851
79, 56.874
80, 56.874
81, 57.567
82, 56.538
83, 55.244
84, 55.621
85, 57.09
86, 57.204
87, 56.644
88, 57.115
89, 58.176
90, 58.317
91, 60.305
92, 59.466
93, 59.364
94, 59.159
95, 58.334
96, 57.509
97, 57.723
98, 59.044
99, 60.188
100, 59.258
101, 58.16
102, 59.167
103, 57.883
104, 57.509
105, 58.607
106, 59.241
107, 59.406
108, 58.624
109, 59.383
110, 57.913
111, 54.056
112, 51.984
113, 52.489
114, 52.935
115, 53.222
116, 53.42
117, 53.017
118, 52.399
119, 50.485
120, 48.522
121, 48.433
122, 49.456
123, 49.126
124, 48.054
125, 47.673
126, 48.415
127, 47.32
128, 47.6
129, 44.36
130, 45.852
131, 44.137
132, 44.583
133, 45.167
134, 45.498
135, 44.647
136, 42.553
137, 43.493
138, 42.544
139, 42.215
140, 41.226
141, 40.938
142, 39.998
143, 37.895
144, 36.574
145, 37.927
146, 38.348
147, 38.646
148, 38.802
149, 38.695
150, 39.593
151, 41.103
152, 41.358
153, 40.599
154, 40.219
155, 42.626
156, 42.941
157, 42.148
158, 41.498
159, 39.773
160, 39.981
161, 40.863
162, 40.031
163, 38.901
164, 39.825
165, 40.749
166, 41.2
167, 40.526
168, 40.796
169, 40.591
170, 38.728
171, 40.879
172, 42.866
173, 43.207
174, 44.4
175, 46.394
176, 47.756
177, 49.067
178, 48.078
179, 48.696
180, 48.928
181, 49.2
182, 49.082
183, 46.907
184, 50.781
185, 51.004
186, 50.305
187, 51.895
188, 52.769
189, 52.201
190, 51.839
191, 50.79
192, 49.983
193, 50.56
194, 50.907
195, 51.202
196, 50.64
197, 50.799
198, 51.532
199, 52.201
200, 52.516
201, 51.697
202, 51.715
203, 52.702
204, 52.636
205, 52.226
206, 51.955
207, 52.332
208, 52.57
209, 53.082
210, 53.578
211, 54.106
212, 54.038
213, 53.885
214, 53.741
215, 54.186
216, 53.595
217, 54.435
218, 54.733
219, 54.963
220, 55.208
221, 55.654
222, 54.526
223, 52.57
224, 51.895
225, 51.912
226, 50.871
227, 50.361
228, 50.871
229, 52.349
230, 53.495
231, 53.297
232, 52.818
233, 52.471
234, 54.741
235, 54.887
236, 57.115
237, 58.131
238, 57.419
239, 56.462
240, 56.934
241, 57.281
242, 56.692
243, 56.257
244, 56.71
245, 55.514
246, 54.409
247, 53.8
248, 53.231
249, 54.262
250, 54.517
251, 53.528
252, 55.514
253, 55.506
254, 55.448
255, 50.337
256, 49.223
257, 47.213
258, 47.014
259, 47.41
260, 47.021
261, 47.089
262, 46.676
263, 47.41
264, 46.916
265, 47.137
266, 47.329
267, 46.783
268, 46.694
269, 46.273
270, 45.958
271, 46.14
272, 45.628
273, 45.498
274, 46.791
275, 47.795
276, 48.072
277, 46.643
278, 45.901
279, 46.799
280, 47.56
281, 46.535
282, 47.535
283, 46.625
284, 46.957
285, 47.773
286, 47.476
287, 48.169
288, 48.374
289, 48.737
290, 48.178
291, 48.315
292, 48.959
293, 49.899
294, 49.769
295, 50.071
296, 50.231
297, 50.517
298, 49.753
299, 52.159
300, 52.241
301, 53.595
302, 53.108
303, 53.305
304, 51.55
305, 50.649
306, 50.61
307, 49.242
308, 50.305
309, 50.468
310, 51.145
311, 49.983
312, 49.53
313, 48.323
314, 48.391
315, 49.414
316, 47.937
317, 47.698
318, 47.196
319, 47.831
320, 47.219
321, 46.964
322, 47.293
323, 47.046
324, 46.61
325, 46.067
326, 45.423
327, 45.801
328, 47.187
329, 47.112
330, 47.046
331, 45.926
332, 46.658
333, 47.336
334, 46.982
335, 47.526
336, 46.743
337, 45.522
338, 45.282
339, 45.702
340, 45.267
341, 44.418
342, 46.059
343, 45.439
344, 45.463
345, 45.86
346, 44.863
347, 44.835
348, 43.947
349, 44.119
350, 42.009
351, 43.741
352, 42.635
353, 43.039
354, 43.823
355, 43.594
356, 43.023
357, 42.018
358, 43.396
359, 43.668
360, 43.023
361, 43.378
362, 46.075
363, 45.679
364, 46.563
365, 45.463
366, 45.463
367, 46.067
368, 45.736
369, 44.996
370, 45.778
371, 52.274
372, 52.712
373, 52.578
374, 51.955
375, 51.284
376, 51.137
377, 50.412
378, 50.61
379, 51.268
380, 51.947
381, 52.234
382, 53.205
383, 53.56
384, 53.578
385, 52.613
386, 52.729
387, 53.595
388, 53.513
389, 55.284
390, 56.077
391, 55.621
392, 56.067
393, 56.215
394, 56.851
395, 58.564
396, 56.851
397, 56.43
398, 58.194
399, 58.911
400, 58.326
401, 59.035
402, 57.288
403, 57.931
404, 57.535
405, 59.151
406, 61.906
407, 60.759
408, 61.773
409, 61.906
410, 62.252
411, 63.241
412, 62.862
413, 63.25
414, 62.491
415, 61.832
416, 62.615
417, 61.856
418, 65.129
419, 64.316
420, 64.335
421, 65.062
422, 63.809
423, 64.971
424, 63.199
425, 60.677
426, 60.527
427, 59.836
428, 60.898
429, 60.387
430, 60.7
431, 59.76
432, 61.329
433, 61.32
434, 63.164
435, 59.373
436, 59.918
437, 58.616
438, 58.781
439, 58.416
440, 58.714
441, 58.139
442, 56.728
443, 56.495
444, 57.376
445, 55.605
446, 56.109
447, 56.28
448, 55.251
449, 55.161
450, 55.208
451, 55.266
452, 55.193
453, 54.574
454, 55.169
455, 57.099
456, 57.212
457, 56.28
458, 57.692
459, 57.971
460, 57.938
461, 58.673
462, 56.957
463, 57.75
464, 57.965
465, 57.411
466, 58.589
467, 60.298
468, 61.023
469, 60.981
470, 61.965
471, 62.82
472, 63.638
473, 64.436
474, 64.865
475, 64.32
476, 65.532
477, 65.879
478, 65.658
479, 65.509
480, 65.68
481, 65.598
482, 65.07
483, 64.23
484, 64.32
485, 65.583
486, 67.206
487, 66.598
488, 66.265
489, 66.265
490, 66.16
491, 68.617
492, 66.943
493, 66.175
494, 67.197
495, 67.834
496, 67.95
497, 68.163
498, 68.138
499, 67.61
500, 66.126
501, 65.763
502, 65.113
503, 63.174
504, 64.395
505, 64.23
506, 61.788
507, 60.537
508, 61.419
509, 61.583
510, 61.617
511, 61.972
512, 62.532
513, 60.908
514, 60.908
515, 60.298
516, 60.7
517, 61.353
518, 62.564
519, 63.126
520, 62.663
521, 63.867
522, 63.661
523, 62.597
524, 62.82
525, 62.672
526, 62.399
527, 63.602
528, 64.617
529, 63.85
530, 63.678
531, 63.066
532, 63.908
533, 64.05
534, 67.324
535, 67.453
536, 67.264
537, 67.025
538, 66.712
539, 66.853
540, 68.857
541, 68.337
542, 68.045
543, 68.354
544, 69.557
545, 68.756
546, 67.33
547, 66.777
548, 67.031
549, 66.721
550, 66.059
551, 66.827
552, 66.035
553, 66.977
554, 67.001
555, 66.027
556, 65.797
557, 65.532
558, 65.855
559, 65.911
560, 66.417
561, 67.058
562, 66.777
563, 66.621
564, 68.114
565, 67.165
566, 66.3
567, 67.296
568, 68.148
569, 67.001
570, 67.38
571, 66.05
572, 65.665
573, 64.36
574, 64.601
575, 63.777
576, 63.925
577, 64.494
578, 64.105
579, 64.114
580, 63.951
581, 64.155
582, 63.645
583, 63.142
584, 60.776
585, 59.999
586, 58.97
587, 59.185
588, 60.602
589, 60.174
590, 59.67
591, 59.39
592, 60.716
593, 61.098
594, 60.221
595, 56.949
596, 57.204
597, 61.906
598, 61.295
599, 60.313
600, 60.395
601, 60.188
602, 60.437
603, 59.076
604, 59.3
605, 58.407
606, 58.399
607, 57.039
608, 56.19
609, 57.264
610, 57.633
611, 57.922
612, 59.307
613, 56.891
614, 57.733
615, 59.547
616, 61.164
617, 62.152
618, 60.281
619, 61.887
620, 60.354
621, 59.877
622, 59.95
623, 62.901
624, 64.395
625, 65.451
626, 64.009
627, 63.62
628, 66.581
629, 65.583
630, 63.488
631, 65.186
632, 64.601
633, 64.888
634, 64.559
635, 63.585
636, 64.503
637, 63.281
638, 61.972
639, 63.917
640, 64.27
641, 65.252
642, 65.384
643, 64.698
644, 68.36
645, 67.901
646, 65.87
647, 65.821
648, 64.534
649, 64.345
650, 65.905
651, 66.372
652, 66.538
653, 67.816
654, 69.523
655, 69.579
656, 68.27
657, 69.449
658, 68.741
659, 68.608
660, 69.681
661, 68.806
662, 68.253
663, 67.001
664, 66.209
665, 65.755
666, 65.293
667, 63.017
668, 64.298
669, 63.638
670, 63.448
671, 64.27
672, 65.211
673, 65.624
674, 65.583
675, 65.302
676, 61.031
677, 61.269
678, 58.581
679, 60.81
680, 59.877
681, 61.425
682, 61.443
683, 62.83
684, 65.245
685, 63.571
686, 62.581
687, 61.848
688, 59.662
689, 60.016
690, 61.65
691, 63.448
692, 62.714
693, 63.174
694, 66.407
695, 65.944
696, 67.644
697, 66.621
698, 67.049
699, 66.777
700, 67.602
701, 68.114
702, 69.455
703, 66.553
704, 67.197
705, 67.834
706, 67.33
707, 66.994
708, 67.61
709, 67.487
710, 67.808
711, 68.345
712, 69.135
713, 68.055
714, 66.372
715, 65.944
716, 65.937
717, 64.98
718, 63.47
719, 61.55
720, 62.309
721, 60.782
722, 61.906
723, 60.495
724, 58.426
725, 58.854
726, 57.883
727, 59.364
728, 59.538
729, 58.212
730, 60.842
731, 63.966
732, 64.04
733, 62.136
734, 64.643
735, 64.81
736, 63.602
737, 65.624
738, 67.659
739, 65.722
740, 64.23
741, 62.177
742, 65.057
743, 64.422
744, 66.209
745, 65.556
746, 65.004
747, 62.696
748, 62.152
749, 61.476
750, 63.538
751, 63.083
752, 63.885
753, 65.755
754, 66.943
755, 67.579
756, 65.343
757, 63.925
758, 63.951
759, 64.849
760, 65.171
761, 60.716
762, 60.016
763, 58.589
764, 62.209
765, 60.422
766, 61.871
767, 60.363
768, 60.188
769, 63.027
770, 61.542
771, 63.654
772, 64.831
773, 65.672
774, 63.752
775, 63.199
776, 59.778
777, 60.305
778, 63.233
779, 63.654
780, 63.505
781, 63.208
782, 61.848
783, 61.773
784, 60.998
785, 61.023
786, 58.285
787, 57.774
788, 58.244
789, 58.763
790, 59.902
791, 61.063
792, 60.38
793, 58.656
794, 59.117
795, 61.435
796, 62.218
797, 62.192
798, 62.458
799, 61.269
800, 61.766
801, 61.425
802, 59.992
803, 60.067
804, 59.91
805, 60.239
806, 60.602
807, 61.864
808, 62.05
809, 62.225
810, 62.729
811, 62.82
812, 61.624
813, 60.644
814, 58.872
815, 59.016
816, 58.507
817, 59.902
818, 60.5
819, 61.071
820, 59.859
821, 58.524
822, 56.578
823, 56.34
824, 57.922
825, 55.547
826, 55.769
827, 56.679
828, 55.036
829, 54.609
830, 57.131
831, 57.815
832, 57.329
833, 55.994
834, 56.76
835, 55.663
836, 55.003
837, 54.006
838, 54.971
839, 53.04
840, 52.852
841, 51.681
842, 51.853
843, 50.633
844, 50.071
845, 50.049
846, 50.049
847, 47.147
848, 44.549
849, 43.378
850, 44.919
851, 44.863
852, 47.823
853, 49.826
854, 48.895
855, 48.653
856, 49.826
857, 52.018
858, 49.785
859, 46.059
860, 44.919
861, 45.967
862, 46.032
863, 45.531
864, 45.547
865, 44.731
866, 46.633
867, 45.949
868, 41.061
869, 41.539
870, 44.614
871, 43.222
872, 42.262
873, 43.344
874, 43.36
875, 42.439
876, 41.431
877, 41.629
878, 41.869
879, 42.464
880, 41.795
881, 41.869
882, 42.464
883, 43.207
884, 43.246
885, 45.628
886, 45.109
887, 42.044
888, 40.079
889, 41.563
890, 40.607
891, 40.994
892, 41.431
893, 39.981
894, 39.007
895, 39.908
896, 36.08
897, 36.411
898, 36.363
899, 34.176
900, 34.218
901, 32.544
902, 32.568
903, 32.033
904, 29.468
905, 32.528
906, 31.883
907, 30.713
908, 29.731
909, 28.94
910, 27.621
911, 26.804
912, 22.832
913, 22.484
914, 24.602
915, 23.465
916, 22.781
917, 24.141
918, 24.736
919, 24.422
920, 24.333
921, 22.652
922, 21.544
923, 20.622
924, 20.11
925, 23.005
926, 22.764
927, 22.312
928, 23.876
929, 22.262
930, 21.939
931, 22.079
932, 21.89
933, 20.696
934, 20.011
935, 19.172
936, 17.282
937, 18.501
938, 14.669
939, 12.696
940, 13.174
941, 11.997
942, 11.667
943, 12.069
944, 14.388
945, 14.733
946, 15.856
947, 15.939
948, 13.581
949, 13.869
950, 13.669
951, 14.733
952, 15.888
953, 16.853
954, 16.408
955, 17.496
956, 16.655
957, 17.372
958, 16.804
959, 18.015
960, 18.731
961, 18.527
962, 18.832
963, 17.785
964, 17.083
965, 18.107
966, 18.354
967, 17.818
968, 18.313
969, 19.02
970, 20.086
971, 20.268
972, 20.233
973, 19.574
974, 18.891
975, 17.753
976, 17.496
977, 17.134
978, 16.063
979, 16.772
980, 17.685
981, 16.324
982, 16.861
983, 16.727
984, 16.474
985, 16.639
986, 15.626
987, 16.506
988, 15.646
989, 14.718
990, 15.245
991, 15.304
992, 14.972
993, 16.474
994, 17.282
995, 17.29
996, 16.736
997, 16.466
998, 17.066
999, 18.783
1000, 18.854
1001, 18.452
1002, 18.709
1003, 18.651
1004, 17.761
1005, 18.709
1006, 18.674
1007, 18.088
1008, 18.131
1009, 17.11
1010, 16.878
1011, 17.257
1012, 15.038
1013, 14.422
1014, 14.107
1015, 15.452
1016, 16.095
1017, 16.919
1018, 17.668
1019, 17.546
1020, 18.041
1021, 19.236
1022, 18.965
1023, 18.247
1024, 19.211
1025, 19.606
1026, 19.211
1027, 21.249
1028, 20.562
1029, 19.846
1030, 19.623
1031, 20.011
1032, 21.708
1033, 22.212
1034, 21.446
1035, 20.309
1036, 21.157
1037, 20.414
1038, 19.805
1039, 18.725
1040, 18.914
1041, 19.293
1042, 19.673
1043, 18.996
1044, 19.31
1045, 19.822
1046, 19.666
1047, 20.91
1048, 20.679
1049, 21.264
1050, 22.073
1051, 22.312
1052, 21.373
1053, 21.858
1054, 21.535
1055, 21.438
1056, 21.914
1057, 21.876
1058, 20.967
1059, 21.116
1060, 21.034
1061, 22.469
1062, 21.52
1063, 21.496
1064, 21.89
1065, 22.014
1066, 21.394
1067, 21.833
1068, 22.914
1069, 23.597
1070, 23.137
1071, 24.827
1072, 26.582
1073, 26.599
1074, 26.137
1075, 23.045
1076, 22.517
1077, 22.855
1078, 22.996
1079, 22.499
1080, 21.932
1081, 22.74
1082, 22.304
1083, 21.273
1084, 22.238
1085, 21.84
1086, 21.446
1087, 21.165
1088, 20.753
1089, 21.429
1090, 21.52
1091, 21.568
1092, 21.487
1093, 20.935
1094, 20.967
1095, 19.773
1096, 19.375
1097, 19.261
1098, 19.788
1099, 18.965
1100, 19.081
1101, 19.731
1102, 20.214
1103, 20.679
1104, 20.892
1105, 20.679
1106, 21.535
1107, 21.817
1108, 22.038
1109, 22.584
1110, 23.211
1111, 23.343
1112, 23.155
1113, 23.343
1114, 24.018
1115, 23.574
1116, 24.783
1117, 24.207
1118, 24.745
1119, 25.51
1120, 27.052
1121, 26.617
1122, 26.124
1123, 26.451
1124, 27.177
1125, 28.24
1126, 26.007
1127, 25.947
1128, 25.858
1129, 26.417
1130, 26.839
1131, 26.409
1132, 27.276
1133, 27.564
1134, 27.564
1135, 27.821
1136, 26.624
1137, 26.105
1138, 26.459
1139, 25.544
1140, 24.875
1141, 24.891
1142, 25.238
1143, 25.247
1144, 25.832
1145, 25.971
1146, 25.971
1147, 27.21
1148, 28.051
1149, 28.315
1150, 27.515
1151, 27.646
1152, 27.21
1153, 26.847
1154, 26.22
1155, 26.935
1156, 27.431
1157, 27.109
1158, 26.137
1159, 25.247
1160, 25.229
1161, 26.021
1162, 26.928
1163, 28.413
1164, 28.709
1165, 29.378
1166, 29.981
1167, 30.484
1168, 30.836
1169, 30.995
1170, 30.985
1171, 30.547
1172, 29.963
1173, 30.449
1174, 29.904
1175, 29.798
1176, 28.636
1177, 27.16
1178, 28.224
1179, 27.059
1180, 27.193
1181, 27.703
1182, 27.876
1183, 28.958
1184, 28.866
1185, 30.995
1186, 30.944
1187, 30.995
1188, 30.31
1189, 33.542
1190, 34.499
1191, 34.027
1192, 33.565
1193, 33.071
1194, 32.757
1195, 32.438
1196, 32.502
1197, 33.651
1198, 32.957
1199, 32.922
1200, 33.032
1201, 32.899
1202, 29.855
1203, 29.79
1204, 29.387
1205, 28.593
1206, 28.636
1207, 29.025
1208, 29.046
1209, 29.557
1210, 29.155
1211, 29.361
1212, 29.295
1213, 28.636
1214, 29.063
1215, 29.063
1216, 29.097
1217, 28.94
1218, 29.337
1219, 29.278
1220, 29.155
1221, 28.733
1222, 28.94
1223, 29.235
1224, 29.855
1225, 26.935
1226, 27.688
1227, 26.781
1228, 26.721
1229, 27.094
1230, 27.183
1231, 26.863
1232, 26.558
1233, 26.124
1234, 25.295
1235, 24.718
1236, 25.107
1237, 25.602
1238, 25.708
1239, 25.733
1240, 26.007
1241, 26.442
1242, 26.896
1243, 26.352
1244, 27.382
1245, 27.357
1246, 26.747
1247, 26.714
1248, 26.624
1249, 27.21
1250, 27.91
1251, 29.063
1252, 29.171
1253, 29.426
1254, 29.313
1255, 29.395
1256, 28.989
1257, 29.557
1258, 29.731
1259, 30.027
1260, 30.359
1261, 30.113
1262, 29.88
1263, 34.234
1264, 34.918
1265, 35.808
1266, 35.529
1267, 35.799
1268, 35.843
1269, 35.554
1270, 35.817
1271, 36.204
1272, 36.668
1273, 36.831
1274, 36.204
1275, 36.88
1276, 36.987
1277, 36.59
1278, 36.987
1279, 37.366
1280, 36.889
1281, 37.153
1282, 37.632
1283, 38.464
1284, 39.668
1285, 39.435
1286, 39.199
1287, 38.668
1288, 41.209
1289, 40.456
1290, 40.456
1291, 40.971
1292, 41.069
1293, 40.13
1294, 38.83
1295, 39.287
1296, 39.426
1297, 40.171
1298, 40.137
1299, 40.837
1300, 39.47
1301, 38.422
1302, 38.257
1303, 36.057
1304, 36.84
1305, 36.064
1306, 36.467
1307, 33.351
1308, 32.264
1309, 34.943
1310, 34.902
1311, 35.735
1312, 33.919
1313, 33.163
1314, 33.624
1315, 31.645
1316, 30.73
1317, 29.269
1318, 29.657
1319, 29.155
1320, 29.328
1321, 28.166
1322, 29.352
1323, 29.542
1324, 28.57
1325, 29.072
1326, 30.985
1327, 28.677
1328, 27.812
1329, 27.884
1330, 28.133
1331, 29.623
1332, 29.682
1333, 29.963
1334, 30.539
1335, 29.485
1336, 29.164
1337, 29.13
1338, 28.454
1339, 27.333
1340, 26.921
1341, 26.417
1342, 26.698
1343, 26.508
1344, 25.055
1345, 25.305
1346, 26.311
1347, 25.65
1348, 25.321
1349, 27.127
1350, 29.228
1351, 29.731
1352, 29.542
1353, 29.874
1354, 29.623
1355, 29.155
1356, 27.417
1357, 27.672
1358, 28.437
1359, 28.067
1360, 29.632
1361, 30.343
1362, 31.488
1363, 30.509
1364, 29.996
1365, 30.027
1366, 30.457
1367, 32.025
1368, 31.431
1369, 31.992
1370, 32.593
1371, 32.157
1372, 32.584
1373, 32.0
1374, 31.003
1375, 31.042
1376, 31.05
1377, 31.028
1378, 28.9
1379, 29.657
1380, 29.411
1381, 30.005
1382, 30.078
1383, 28.883
1384, 29.262
1385, 28.974
1386, 29.584
1387, 28.799
1388, 28.438
1389, 30.063
1390, 28.9
1391, 29.337
1392, 28.413
1393, 28.347
1394, 28.215
1395, 28.643
1396, 29.164
1397, 30.273
1398, 30.063
1399, 29.7
1400, 30.352
1401, 31.291
1402, 30.664
1403, 29.904
1404, 30.202
1405, 31.883
1406, 31.68
1407, 32.213
1408, 32.289
1409, 32.312
1410, 31.028
1411, 31.167
1412, 31.9
1413, 31.718
1414, 34.547
1415, 35.23
1416, 35.964
1417, 37.014
1418, 36.625
1419, 36.707
1420, 37.194
1421, 37.474
1422, 35.546
1423, 35.305
1424, 34.679
1425, 34.851
1426, 35.158
1427, 36.857
1428, 35.314
1429, 35.099
1430, 35.22
1431, 34.967
1432, 35.224
1433, 35.341
1434, 37.589
1435, 38.654
1436, 38.83
1437, 38.165
1438, 38.512
1439, 38.49
1440, 37.738
1441, 37.26
1442, 37.541
1443, 38.677
1444, 38.364
1445, 38.874
1446, 39.207
1447, 39.817
1448, 39.608
1449, 39.833
1450, 40.071
1451, 41.297
1452, 41.456
1453, 46.041
1454, 46.148
1455, 46.222
1456, 46.107
1457, 45.736
1458, 45.588
1459, 46.008
1460, 44.952
1461, 45.314
1462, 44.968
1463, 45.753
1464, 46.94
1465, 46.839
1466, 47.782
1467, 46.825
1468, 47.129
1469, 46.973
1470, 47.468
1471, 47.713
1472, 47.761
1473, 47.369
1474, 47.698
1475, 46.204
1476, 45.489
1477, 43.996
1478, 44.028
1479, 44.583
1480, 43.46
1481, 43.304
1482, 43.091
1483, 42.372
1484, 42.148
1485, 41.81
1486, 41.959
1487, 41.654
1488, 41.579
1489, 40.501
1490, 40.757
1491, 40.872
1492, 39.751
1493, 41.429
1494, 41.697
1495, 40.378
1496, 40.922
1497, 42.271
1498, 42.619
1499, 43.12
1500, 42.775
1501, 43.586
1502, 45.117
1503, 44.797
1504, 43.899
1505, 47.228
1506, 48.529
1507, 46.502
1508, 45.357
1509, 46.338
1510, 46.839
1511, 47.304
1512, 47.764
1513, 48.218
1514, 48.747
1515, 48.169
1516, 47.021
1517, 47.286
1518, 45.919
1519, 44.4
1520, 45.413
1521, 45.531
1522, 45.151
1523, 44.253
1524, 43.942
1525, 43.668
1526, 44.788
1527, 45.241
1528, 45.391
1529, 46.371
1530, 46.808
1531, 45.711
1532, 46.759
1533, 47.896
1534, 48.401
1535, 48.895
1536, 48.784
1537, 54.063
1538, 55.728
1539, 56.513
1540, 55.621
1541, 57.264
1542, 56.01
1543, 56.554
1544, 56.092
1545, 57.723
1546, 56.273
1547, 56.175
1548, 57.445
1549, 57.395
1550, 57.121
1551, 58.104
1552, 59.167
1553, 58.97
1554, 58.378
1555, 58.589
1556, 58.231
1557, 58.285
1558, 60.424
1559, 60.636
1560, 60.998
1561, 62.276
1562, 62.547
1563, 62.003
1564, 61.232
1565, 59.942
1566, 60.331
1567, 62.405
1568, 62.307
1569, 61.199
1570, 61.553
1571, 61.653
1572, 61.645
1573, 62.619
1574, 63.101
1575, 62.622
1576, 61.379
1577, 61.139
1578, 59.868
1579, 58.222
1580, 57.769
1581, 54.777
1582, 55.076
1583, 53.794
1584, 54.226
1585, 55.645
1586, 54.032
1587, 52.792
1588, 54.117
1589, 54.869
1590, 56.142
1591, 54.439
1592, 55.291
1593, 53.404
1594, 53.917
1595, 55.355
1596, 55.686
1597, 55.31
1598, 56.794
1599, 59.015
1600, 59.896
1601, 61.456
1602, 60.389
1603, 58.985
1604, 59.247
1605, 60.472
1606, 60.62
1607, 61.182
1608, 61.538
1609, 63.717
1610, 63.026
1611, 62.992
1612, 63.752
1613, 63.316
1614, 63.659
1615, 60.828
1616, 60.575
1617, 60.435
1618, 62.215
1619, 57.656
1620, 58.009
1621, 55.703
1622, 58.099
1623, 50.455
1624, 54.497
1625, 54.248
1626, 56.597
1627, 57.932
1628, 59.265
1629, 58.694
1630, 53.613
1631, 48.433
1632, 46.576
1633, 46.742
1634, 49.062
1635, 49.113
1636, 47.395
1637, 49.078
1638, 52.594
1639, 53.479
1640, 52.729
1641, 51.93
1642, 50.091
1643, 49.892
1644, 53.67
1645, 52.195
1646, 52.212
1647, 52.527
1648, 54.111
1649, 54.807
1650, 56.123
1651, 56.454
1652, 56.905
1653, 56.223
1654, 54.399
1655, 51.292
1656, 51.506
1657, 54.342
1658, 55.396
1659, 55.313
1660, 53.198
1661, 51.026
1662, 49.444
1663, 49.942
1664, 52.461
1665, 53.729
1666, 53.497
1667, 56.35
1668, 57.043
1669, 58.66
1670, 57.208
1671, 58.794
1672, 56.987
1673, 58.329
1674, 56.929
1675, 57.765
1676, 57.74
1677, 60.506
1678, 60.899
1679, 59.853
1680, 63.168
1681, 63.668
1682, 61.666
1683, 61.541
1684, 61.347
1685, 49.119
1686, 48.252
1687, 48.332
1688, 48.25
1689, 46.653
1690, 45.971
1691, 47.08
1692, 47.454
1693, 46.171
1694, 39.869
1695, 41.039
1696, 39.208
1697, 38.515
1698, 38.009
1699, 37.344
1700, 37.152
1701, 39.05
1702, 39.058
1703, 39.866
1704, 39.84
1705, 40.772
1706, 41.802
1707, 40.913
1708, 41.212
1709, 40.738
1710, 41.993
1711, 41.088
1712, 40.08
1713, 38.491
1714, 38.416
1715, 38.748
1716, 37.559
1717, 40.106
1718, 40.398
1719, 41.172
1720, 40.381
1721, 40.922
1722, 39.93
1723, 40.555
1724, 40.64
1725, 40.681
1726, 39.326
1727, 38.183
1728, 37.367
1729, 37.968
1730, 37.41
1731, 37.659
1732, 37.226
1733, 37.434
1734, 37.989
1735, 39.439
1736, 39.173
1737, 37.038
1738, 36.802
1739, 38.0
1740, 38.973
1741, 38.174
1742, 39.297
1743, 38.942
1744, 38.223
1745, 38.965
1746, 33.614
1747, 33.707
1748, 36.902
1749, 37.215
1750, 37.222
1751, 37.841
1752, 37.497
1753, 37.167
1754, 37.101
1755, 40.188
1756, 40.345
1757, 40.337
1758, 39.92
1759, 39.718
1760, 40.239
1761, 40.202
1762, 40.102
1763, 39.92
1764, 38.237
1765, 39.525
1766, 40.321
1767, 40.923
1768, 39.895
1769, 40.438
1770, 41.322
1771, 42.418
1772, 42.399
1773, 43.101
1774, 44.703
1775, 44.154
1776, 43.819
1777, 43.534
1778, 44.17
1779, 43.684
1780, 43.402
1781, 42.784
1782, 42.758
1783, 42.693
1784, 41.372
1785, 41.532
1786, 41.421
1787, 43.108
1788, 42.725
1789, 42.35
1790, 41.665
1791, 40.872
1792, 39.319
1793, 39.628
1794, 40.229
1795, 39.386
1796, 39.068
1797, 40.438
1798, 40.077
1799, 40.285
1800, 40.963
1801, 39.92
1802, 39.895
1803, 40.863
1804, 42.166
1805, 42.49
1806, 41.896
1807, 44.278
1808, 44.505
1809, 43.837
1810, 42.191
1811, 40.923
1812, 38.992
1813, 39.136
1814, 39.698
1815, 38.935
1816, 38.341
1817, 37.914
1818, 32.983
1819, 30.524
1820, 29.972
1821, 30.518
1822, 29.668
1823, 29.519
1824, 29.619
1825, 30.405
1826, 30.106
1827, 28.444
1828, 28.151
1829, 26.975
1830, 26.672
1831, 27.201
1832, 27.395
1833, 26.968
1834, 26.991
1835, 26.074
1836, 26.322
1837, 25.944
1838, 25.633
1839, 26.472
1840, 26.143
1841, 26.959
1842, 27.066
1843, 25.993
1844, 25.774
1845, 24.993
1846, 25.363
1847, 25.665
1848, 26.438
1849, 28.652
1850, 28.552
1851, 29.063
1852, 29.098
1853, 28.125
1854, 27.568
1855, 27.503
1856, 28.637
1857, 28.15
1858, 29.777
1859, 28.838
1860, 29.711
1861, 30.167
1862, 30.658
1863, 30.81
1864, 30.18
1865, 29.339
1866, 29.745
1867, 30.028
1868, 30.843
1869, 29.704
1870, 28.365
1871, 28.552
1872, 24.389
1873, 24.651
1874, 25.079
1875, 25.172
1876, 25.95
1877, 27.031
1878, 26.869
1879, 27.251
1880, 27.136
1881, 29.567
1882, 29.719
1883, 30.157
1884, 30.426
1885, 30.849
1886, 30.681
1887, 29.982
1888, 30.519
1889, 30.697
1890, 30.264
1891, 30.31
1892, 30.264
1893, 30.355
1894, 29.474
1895, 29.188
1896, 30.47
1897, 30.764
1898, 30.831
1899, 30.334
1900, 31.979
1901, 32.501
1902, 33.194
1903, 32.459
1904, 31.92
1905, 32.712
1906, 32.62
1907, 31.102
1908, 29.964
1909, 29.154
1910, 29.262
1911, 29.008
1912, 28.598
1913, 28.208
1914, 27.383
1915, 27.51
1916, 27.44
1917, 27.543
1918, 28.195
1919, 27.796
1920, 28.195
1921, 28.276
1922, 27.796
1923, 27.41
1924, 27.426
1925, 27.41
1926, 27.364
1927, 26.994
1928, 26.498
1929, 26.425
1930, 25.983
1931, 26.024
1932, 25.789
1933, 25.791
1934, 28.025
1935, 27.645
1936, 28.73
1937, 28.687
1938, 27.696
1939, 26.561
1940, 26.578
1941, 26.425
1942, 26.295
1943, 35.351
1944, 35.206
1945, 34.47
1946, 36.943
1947, 36.964
1948, 37.01
1949, 37.592
1950, 37.772
1951, 37.78
1952, 38.832
1953, 38.863
1954, 38.853
1955, 38.652
1956, 38.484
1957, 38.296
1958, 38.373
1959, 39.277
1960, 40.057
1961, 40.009
1962, 39.168
1963, 39.71
1964, 39.608
1965, 39.938
1966, 41.479
1967, 40.498
1968, 41.109
1969, 40.108
1970, 39.879
1971, 38.474
1972, 39.084
1973, 38.744
1974, 40.613
1975, 40.267
1976, 39.889
1977, 40.142
1978, 40.125
1979, 40.362
1980, 40.118
1981, 41.047
1982, 40.708
1983, 41.345
1984, 42.504
1985, 42.343
1986, 42.648
1987, 42.124
1988, 41.971
1989, 41.745
1990, 41.862
1991, 42.834
1992, 41.962
1993, 42.936
1994, 42.81
1995, 42.33
1996, 43.241
1997, 42.495
1998, 43.097
1999, 43.112
2000, 43.218
2001, 42.859
2002, 42.294
2003, 43.098
2004, 42.834
2005, 43.426
2006, 43.147
2007, 44.092
2008, 43.046
2009, 41.533
2010, 39.678
2011, 38.25
2012, 38.489
2013, 39.286
2014, 39.647
2015, 39.346
2016, 39.381
2017, 40.146
2018, 39.932
2019, 40.613
2020, 41.04
2021, 41.517
2022, 41.217
2023, 42.323
2024, 42.26
2025, 41.422
2026, 41.226
2027, 39.891
2028, 40.443
2029, 39.067
2030, 39.083
2031, 39.439
2032, 38.853
2033, 38.989
2034, 39.286
2035, 39.067
2036, 38.658
2037, 40.137
2038, 40.706
2039, 41.397
2040, 42.067
2041, 40.799
2042, 41.821
2043, 42.128
2044, 41.37
2045, 39.602
2046, 40.706
2047, 39.684
2048, 39.126
2049, 39.77
2050, 39.34
2051, 39.332
2052, 39.779
2053, 40.937
2054, 41.168
2055, 41.803
2056, 42.145
2057, 41.711
2058, 41.664
2059, 42.092
2060, 41.641
2061, 44.274
2062, 44.627
2063, 45.388
2064, 45.79
2065, 45.476
2066, 45.631
2067, 45.656
2068, 45.342
2069, 46.121
2070, 46.269
2071, 46.098
2072, 46.014
2073, 46.231
2074, 42.536
2075, 41.785
2076, 42.588
2077, 42.936
2078, 42.753
2079, 42.45
2080, 42.681
2081, 42.1
2082, 42.347
2083, 44.141
2084, 43.654
2085, 42.917
2086, 41.928
2087, 42.338
2088, 41.629
2089, 41.914
2090, 41.793
2091, 40.853
2092, 40.12
2093, 39.233
2094, 37.105
2095, 37.369
2096, 37.841
2097, 38.643
2098, 38.635
2099, 39.435
2100, 40.923
2101, 40.6
2102, 42.041
2103, 42.637
2104, 43.55
2105, 43.935
2106, 43.1
2107, 43.5
2108, 43.885
2109, 42.887
2110, 42.575
2111, 42.552
2112, 42.025
2113, 42.501
2114, 42.15
2115, 42.041
2116, 42.118
2117, 41.833
2118, 41.757
2119, 42.506
2120, 42.578
2121, 43.938
2122, 44.226
2123, 44.104
2124, 42.325
2125, 41.416
2126, 41.606
2127, 42.035
2128, 42.833
2129, 43.193
2130, 42.878
2131, 41.708
2132, 41.312
2133, 40.947
2134, 41.408
2135, 39.955
2136, 32.899
2137, 33.029
2138, 32.256
2139, 30.717
2140, 30.873
2141, 30.864
2142, 30.316
2143, 29.989
2144, 30.152
2145, 30.795
2146, 31.293
2147, 31.637
2148, 32.125
2149, 31.893
2150, 31.945
2151, 31.953
2152, 32.058
2153, 32.993
2154, 33.157
2155, 32.813
2156, 32.693
2157, 31.98
2158, 32.281
2159, 31.808
2160, 31.345
2161, 30.881
2162, 30.368
2163, 30.83
2164, 30.7
2165, 30.399
2166, 30.133
2167, 29.148
2168, 28.495
2169, 29.069
2170, 29.311
2171, 29.362
2172, 29.327
2173, 29.413
2174, 29.577
2175, 29.406
2176, 29.901
2177, 29.181
2178, 29.62
2179, 30.399
2180, 31.353
2181, 30.745
2182, 31.457
2183, 31.61
2184, 32.331
2185, 32.179
2186, 31.681
2187, 32.804
2188, 32.89
2189, 28.443
2190, 28.332
2191, 29.509
2192, 29.413
2193, 29.379
2194, 30.247
2195, 30.186
2196, 29.707
2197, 29.918
2198, 30.202
2199, 30.04
2200, 30.02
2201, 29.32
2202, 29.25
2203, 29.037
2204, 29.683
2205, 29.606
2206, 29.381
2207, 31.084
2208, 30.822
2209, 30.546
2210, 30.117
2211, 29.448
2212, 29.02
2213, 28.732
2214, 28.111
2215, 27.565
2216, 27.542
2217, 27.395
2218, 27.481
2219, 27.811
2220, 28.422
2221, 28.769
2222, 28.871
2223, 29.01
2224, 28.829
2225, 28.664
2226, 28.423
2227, 27.645
2228, 28.32
2229, 28.146
2230, 28.5
2231, 28.431
2232, 28.682
2233, 32.117
2234, 31.211
2235, 31.056
2236, 31.004
2237, 30.695
2238, 30.581
2239, 30.399
2240, 30.538
2241, 30.52
2242, 30.133
2243, 29.892
2244, 31.325
2245, 30.555
2246, 31.038
2247, 30.555
2248, 29.06
2249, 28.638
2250, 28.257
2251, 29.521
2252, 29.986
2253, 29.303
2254, 29.431
2255, 29.381
2256, 29.647
2257, 29.639
2258, 29.581
2259, 29.916
2260, 29.875
2261, 30.089
2262, 30.59
2263, 31.084
2264, 34.581
2265, 33.578
2266, 34.227
2267, 33.914
2268, 36.181
2269, 36.12
2270, 35.677
2271, 35.797
2272, 35.843
2273, 34.835
2274, 34.339
2275, 34.035
2276, 33.803
2277, 34.071
2278, 34.185
2279, 34.202
2280, 34.236
2281, 34.4
2282, 34.158
2283, 33.559
2284, 32.742
2285, 32.847
2286, 33.662
2287, 33.42
2288, 33.526
2289, 34.748
2290, 34.035
2291, 33.725
2292, 32.7
2293, 32.23
2294, 32.389
2295, 31.251
2296, 31.025
2297, 31.033
2298, 30.99
2299, 31.094
2300, 30.919
2301, 31.094
2302, 32.188
2303, 32.362
2304, 32.492
2305, 31.789
2306, 31.859
2307, 31.989
2308, 31.91
2309, 32.847
2310, 33.125
2311, 33.115
2312, 31.979
2313, 30.972
2314, 31.251
2315, 32.317
2316, 33.273
2317, 33.542
2318, 33.187
2319, 32.173
2320, 32.985
2321, 33.213
2322, 32.266
2323, 31.97
2324, 32.292
2325, 32.258
2326, 31.823
2327, 30.488
2328, 32.239
2329, 32.994
2330, 33.472
2331, 33.596
2332, 33.882
2333, 34.292
2334, 34.476
2335, 35.357
2336, 35.313
2337, 35.837
2338, 35.828
2339, 36.395
2340, 36.771
2341, 37.216
2342, 37.433
2343, 37.171
2344, 37.319
2345, 37.809
2346, 37.295
2347, 37.564
2348, 36.921
2349, 37.556
2350, 37.738
2351, 37.854
2352, 37.155
2353, 37.722
2354, 37.163
2355, 36.447
2356, 37.319
2357, 36.377
2358, 36.029
2359, 36.177
2360, 35.81
2361, 35.095
2362, 34.374
2363, 35.27
2364, 34.249
2365, 33.602
2366, 33.726
2367, 33.831
2368, 33.202
2369, 33.568
2370, 33.35
2371, 34.152
2372, 34.327
2373, 33.496
2374, 34.413
2375, 35.342
2376, 35.775
2377, 35.523
2378, 36.125
2379, 36.266
2380, 35.995
2381, 35.872
2382, 36.117
2383, 35.523
2384, 36.3
2385, 37.136
2386, 38.357
2387, 37.957
2388, 38.221
2389, 38.0
2390, 39.118
2391, 38.569
2392, 36.701
2393, 36.64
2394, 36.744
2395, 36.56
2396, 36.087
2397, 35.824
2398, 35.869
2399, 35.588
2400, 35.885
2401, 36.376
2402, 36.218
2403, 36.008
2404, 36.605
2405, 36.21
2406, 35.49
2407, 34.956
2408, 33.379
2409, 33.643
2410, 33.739
2411, 32.801
2412, 32.335
2413, 32.266
2414, 31.855
2415, 30.793
2416, 30.811
2417, 31.433
2418, 30.364
2419, 30.012
2420, 30.855
2421, 29.671
2422, 29.208
2423, 29.355
2424, 30.224
2425, 30.292
2426, 30.496
2427, 28.531
2428, 29.109
2429, 29.409
2430, 28.742
2431, 29.461
2432, 27.779
2433, 28.25
2434, 28.963
2435, 29.539
2436, 29.418
2437, 29.346
2438, 28.584
2439, 28.855
2440, 29.626
2441, 31.012
2442, 25.859
2443, 25.149
2444, 25.482
2445, 25.727
2446, 25.332
2447, 25.332
2448, 25.577
2449, 25.367
2450, 25.402
2451, 26.163
2452, 25.815
2453, 25.85
2454, 26.033
2455, 25.7
2456, 25.461
2457, 24.846
2458, 24.571
2459, 25.427
2460, 24.624
2461, 24.085
2462, 23.256
2463, 25.118
2464, 24.967
2465, 24.093
2466, 24.5
2467, 24.077
2468, 23.855
2469, 24.288
2470, 24.464
2471, 24.333
2472, 24.262
2473, 24.915
2474, 24.765
2475, 24.906
2476, 25.32
2477, 25.384
2478, 25.278
2479, 25.224
2480, 24.951
2481, 25.49
2482, 25.885
2483, 25.691
2484, 24.879
2485, 24.967
2486, 24.87
2487, 25.021
2488, 23.751
2489, 23.724
2490, 22.867
2491, 23.161
2492, 23.909
2493, 23.705
2494, 23.978
2495, 23.829
2496, 23.053
2497, 23.026
2498, 22.524
2499, 22.356
2500, 22.752
2501, 22.504
2502, 22.787
2503, 22.752
2504, 21.28
2505, 21.429
2506, 21.632
2507, 22.267
2508, 23.017
2509, 22.912
2510, 22.743
2511, 22.619
2512, 22.76
2513, 22.672
2514, 22.648
2515, 21.94
2516, 21.208
2517, 22.018
2518, 21.734
2519, 21.351
2520, 18.04
2521, 17.987
2522, 17.951
2523, 18.44
2524, 18.699
2525, 19.054
2526, 18.824
2527, 18.608
2528, 18.253
2529, 18.414
2530, 18.421
2531, 18.992
2532, 19.463
2533, 19.979
2534, 19.989
2535, 19.694
2536, 19.499
2537, 19.332
2538, 19.525
2539, 19.615
2540, 19.712
2541, 19.775
2542, 20.032
2543, 19.456
2544, 19.429
2545, 19.58
2546, 19.332
2547, 19.456
2548, 19.001
2549, 20.248
2550, 20.373
2551, 19.679
2552, 19.856
2553, 19.615
2554, 19.712
2555, 20.373
2556, 20.344
2557, 20.158
2558, 20.218
2559, 19.669
2560, 20.008
2561, 20.032
2562, 19.384
2563, 19.332
2564, 19.366
2565, 19.74
2566, 19.491
2567, 19.642
2568, 19.18
2569, 19.436
2570, 18.911
2571, 19.064
2572, 19.294
2573, 18.458
2574, 18.52
2575, 18.477
2576, 18.53
2577, 17.899
2578, 17.489
2579, 19.846
2580, 18.382
2581, 18.321
2582, 19.002
2583, 19.919
2584, 20.637
2585, 20.161
2586, 20.018
2587, 19.937
2588, 20.521
2589, 20.33
2590, 20.252
2591, 19.516
2592, 19.739
2593, 19.972
2594, 19.99
2595, 20.062
2596, 20.269
2597, 20.933
2598, 20.655
2599, 21.014
2600, 21.202
2601, 19.883
2602, 19.317
2603, 19.415
2604, 18.968
2605, 19.011
2606, 19.351
2607, 19.19
2608, 19.361
2609, 19.595
2610, 19.98
2611, 20.314
2612, 19.792
2613, 20.098
2614, 19.522
2615, 19.344
2616, 18.824
2617, 18.886
2618, 18.805
2619, 18.24
2620, 17.924
2621, 17.7
2622, 17.881
2623, 17.871
2624, 18.042
2625, 17.458
2626, 17.179
2627, 17.458
2628, 17.737
2629, 17.621
2630, 18.24
2631, 18.24
2632, 17.754
2633, 16.99
2634, 17.079
2635, 17.216
2636, 16.138
2637, 15.761
2638, 15.348
2639, 14.774
2640, 15.535
2641, 15.509
2642, 16.982
2643, 16.937
2644, 17.409
2645, 18.026
2646, 18.199
2647, 18.543
2648, 18.516
2649, 18.561
2650, 18.972
2651, 19.234
2652, 18.153
2653, 17.699
2654, 18.135
2655, 18.615
2656, 19.442
2657, 19.36
2658, 19.187
2659, 19.815
2660, 19.796
2661, 19.815
2662, 19.915
2663, 19.942
2664, 18.908
2665, 19.171
2666, 19.234
2667, 18.162
2668, 18.471
2669, 18.797
2670, 18.279
2671, 18.526
2672, 18.889
2673, 18.908
2674, 18.471
2675, 18.444
2676, 18.271
2677, 18.226
2678, 18.526
2679, 19.024
2680, 19.615
2681, 19.187
2682, 19.296
2683, 18.733
2684, 18.826
2685, 18.317
2686, 19.234
2687, 18.972
2688, 19.234
2689, 19.161
2690, 20.059
2691, 20.577
2692, 21.105
2693, 20.532
2694, 19.942
2695, 20.395
2696, 19.405
2697, 19.097
2698, 18.062
2699, 17.727
2700, 17.009
2701, 17.924
2702, 17.691
2703, 22.119
2704, 22.782
2705, 23.845
2706, 24.252
2707, 24.426
2708, 23.384
2709, 23.548
2710, 23.083
2711, 23.329
2712, 24.032
2713, 24.199
2714, 24.079
2715, 24.16
2716, 23.668
2717, 23.906
2718, 23.411
2719, 23.944
2720, 24.518
2721, 23.685
2722, 23.137
2723, 23.356
2724, 24.901
2725, 25.066
2726, 24.857
2727, 25.166
2728, 25.268
2729, 25.112
2730, 24.692
2731, 25.02
2732, 25.175
2733, 24.673
2734, 25.249
2735, 23.348
2736, 23.66
2737, 23.813
2738, 23.348
2739, 23.851
2740, 23.365
2741, 23.063
2742, 23.375
2743, 23.914
2744, 23.63
2745, 22.862
2746, 23.512
2747, 23.494
2748, 23.339
2749, 23.997
2750, 24.096
2751, 24.142
2752, 24.426
2753, 23.22
2754, 22.332
2755, 22.525
2756, 22.068
2757, 21.754
2758, 22.022
2759, 22.654
2760, 23.172
2761, 23.64
2762, 24.326
2763, 24.233
2764, 25.405
2765, 25.331
2766, 25.423
2767, 25.789
2768, 26.046
2769, 26.567
2770, 26.832
2771, 28.001
2772, 28.673
2773, 29.722
2774, 29.456
2775, 29.105
2776, 29.327
2777, 29.658
2778, 29.89
2779, 29.677
2780, 28.783
2781, 29.133
2782, 29.327
2783, 29.189
2784, 28.599
2785, 29.161
2786, 28.388
2787, 28.921
2788, 29.078
2789, 29.198
2790, 29.208
2791, 29.041
2792, 29.059
2793, 29.345
2794, 28.351
2795, 28.212
2796, 27.255
2797, 26.333
2798, 25.874
2799, 26.104
2800, 26.417
2801, 25.883
2802, 26.251
2803, 26.26
2804, 26.536
2805, 26.915
2806, 26.5
2807, 26.583
2808, 25.994
2809, 26.343
2810, 25.763
2811, 25.183
2812, 24.612
2813, 25.053
2814, 24.428
2815, 24.317
2816, 22.882
2817, 23.065
2818, 23.535
2819, 23.12
2820, 22.154
2821, 22.347
2822, 22.136
2823, 22.337
2824, 21.26
2825, 21.086
2826, 21.988
2827, 22.485
2828, 22.707
2829, 22.872
2830, 23.095
2831, 19.474
2832, 18.591
2833, 18.315
2834, 18.156
2835, 18.138
2836, 18.063
2837, 17.7
2838, 17.849
2839, 17.692
2840, 17.338
2841, 17.439
2842, 17.598
2843, 17.318
2844, 17.803
2845, 17.348
2846, 17.653
2847, 17.524
2848, 17.682
2849, 17.673
2850, 17.981
2851, 16.529
2852, 15.627
2853, 15.765
2854, 16.259
2855, 16.566
2856, 16.882
2857, 16.352
2858, 16.826
2859, 16.947
2860, 17.756
2861, 17.794
2862, 18.1
2863, 17.821
2864, 17.867
2865, 17.84
2866, 18.425
2867, 18.36
2868, 18.565
2869, 18.853
2870, 18.715
2871, 18.817
2872, 19.347
2873, 19.244
2874, 19.021
2875, 19.264
2876, 19.264
2877, 18.435
2878, 18.705
2879, 18.836
2880, 19.738
2881, 19.849
2882, 19.244
2883, 19.264
2884, 19.988
2885, 20.371
2886, 20.909
2887, 20.555
2888, 20.379
2889, 20.844
2890, 20.974
2891, 20.63
2892, 21.132
2893, 20.742
2894, 21.049
2895, 21.04
2896, 21.346
2897, 17.012
2898, 16.683
2899, 16.287
2900, 16.006
2901, 15.93
2902, 16.251
2903, 16.231
2904, 16.221
2905, 16.542
2906, 16.401
2907, 16.382
2908, 16.569
2909, 16.382
2910, 16.297
2911, 15.846
2912, 15.761
2913, 15.836
2914, 15.723
2915, 15.179
2916, 15.272
2917, 14.953
2918, 14.614
2919, 14.943
2920, 14.784
2921, 14.962
2922, 15.309
2923, 15.018
2924, 15.159
2925, 15.225
2926, 15.0
2927, 15.169
2928, 14.99
2929, 14.792
2930, 14.67
2931, 14.472
2932, 14.53
2933, 14.801
2934, 14.811
2935, 14.595
2936, 14.379
2937, 14.482
2938, 14.181
2939, 13.975
2940, 13.739
2941, 13.617
2942, 13.711
2943, 13.627
2944, 13.664
2945, 13.909
2946, 13.749
2947, 14.154
2948, 14.755
2949, 15.309
2950, 15.696
2951, 15.037
2952, 15.319
2953, 15.922
2954, 13.729
2955, 13.88
2956, 14.567
2957, 14.472
2958, 14.333
2959, 13.899
2960, 14.191
2961, 13.696
2962, 13.591
2963, 13.534
2964, 14.191
2965, 14.553
2966, 15.02
2967, 15.477
2968, 15.049
2969, 14.038
2970, 13.762
2971, 13.199
2972, 12.741
2973, 12.684
2974, 12.447
2975, 12.513
2976, 12.237
2977, 11.465
2978, 11.379
2979, 11.437
2980, 11.445
2981, 11.465
2982, 11.437
2983, 11.541
2984, 12.218
2985, 11.598
2986, 11.256
2987, 11.294
2988, 11.427
2989, 11.494
2990, 11.264
2991, 11.322
2992, 11.484
2993, 11.512
2994, 11.199
2995, 11.341
2996, 11.113
2997, 11.237
2998, 11.465
2999, 11.16
3000, 10.827
3001, 10.741
3002, 11.065
3003, 10.827
3004, 10.931
3005, 11.141
3006, 10.998
3007, 10.76
3008, 11.264
3009, 11.665
3010, 11.96
3011, 11.769
3012, 11.951
3013, 11.884
3014, 11.504
3015, 11.628
3016, 11.818
3017, 11.484
3018, 11.036
3019, 11.418
3020, 11.703
3021, 11.398
3022, 11.33
3023, 12.911
3024, 11.864
3025, 11.631
3026, 11.36
3027, 11.456
3028, 11.408
3029, 11.612
3030, 11.321
3031, 11.282
3032, 11.446
3033, 11.69
3034, 11.631
3035, 11.312
3036, 11.078
3037, 10.701
3038, 10.904
3039, 10.962
3040, 11.214
3041, 11.486
3042, 11.902
3043, 11.864
3044, 11.564
3045, 11.011
3046, 10.594
3047, 10.293
3048, 10.303
3049, 10.293
3050, 10.594
3051, 10.885
3052, 10.788
3053, 10.487
3054, 10.603
3055, 10.701
3056, 10.768
3057, 11.34
3058, 11.321
3059, 11.564
3060, 11.418
3061, 11.718
3062, 11.748
3063, 11.622
3064, 11.622
3065, 12.067
3066, 11.97
3067, 11.66
3068, 12.135
3069, 12.251
3070, 12.28
3071, 13.783
3072, 13.667
3073, 13.405
3074, 13.308
3075, 13.123
3076, 12.503
3077, 12.174
3078, 12.077
3079, 12.116
3080, 11.825
3081, 12.494
3082, 13.618
3083, 12.813
3084, 12.891
3085, 12.98
3086, 13.531
3087, 13.206
3088, 12.812
3089, 12.124
3090, 11.877
3091, 12.104
3092, 12.517
3093, 12.419
3094, 12.36
3095, 12.33
3096, 12.33
3097, 12.33
3098, 12.389
3099, 12.015
3100, 11.858
3101, 12.005
3102, 12.094
3103, 12.025
3104, 12.222
3105, 12.104
3106, 12.281
3107, 12.242
3108, 12.556
3109, 12.625
3110, 12.074
3111, 11.966
3112, 9.437
3113, 9.0926
3114, 8.7482
3115, 8.886
3116, 8.7482
3117, 9.1222
3118, 9.132
3119, 9.3878
3120, 9.4666
3121, 9.4075
3122, 9.1418
3123, 9.4174
3124, 9.3878
3125, 9.693
3126, 9.673
3127, 9.683
3128, 9.988
3129, 9.772
3130, 9.811
3131, 10.008
3132, 10.057
3133, 10.077
3134, 9.909
3135, 9.624
3136, 9.654
3137, 9.555
3138, 9.2206
3139, 9.4174
3140, 9.3386
3141, 9.506
3142, 9.1418
3143, 9.0041
3144, 9.4567
3145, 11.071
3146, 12.143
3147, 12.409
3148, 12.34
3149, 12.48
3150, 12.74
3151, 13.1
3152, 13.13
3153, 13.61
3154, 13.64
3155, 13.52
3156, 13.64
3157, 14.05
3158, 13.96
3159, 14.06
3160, 14.24
3161, 14.08
3162, 14.02
3163, 13.93
3164, 13.97
3165, 14.26
3166, 14.3
3167, 14.4
3168, 14.6
3169, 14.41
3170, 14.44
3171, 14.72
3172, 14.48
3173, 14.33
3174, 14.43
3175, 14.43
3176, 13.6
3177, 13.59
3178, 13.37
3179, 13.02
3180, 13.07
3181, 13.05
3182, 13.05
3183, 13.24
3184, 13.4
3185, 13.76
3186, 14.02
3187, 14.14
3188, 14.28
3189, 14.59
3190, 14.25
3191, 13.64
3192, 13.43
3193, 11.94
3194, 12.08
3195, 11.82
3196, 11.9
3197, 11.69
3198, 11.72
3199, 12.18
3200, 12.56
