0, 10.0
1, 10.04
2, 9.97
3, 10.03
4, 10.0
5, 10.04
6, 10.01
7, 10.02
8, 10.09
9, 10.21
10, 10.2
11, 10.18
12, 10.29
13, 10.35
14, 10.3
15, 10.47
16, 10.45
17, 10.56
18, 10.72
19, 10.75
20, 10.75
21, 10.66
22, 10.6
23, 10.74
24, 10.99
25, 10.91
26, 10.97
27, 10.87
28, 10.9
29, 10.8
30, 10.85
31, 11.0
32, 10.91
33, 10.96
34, 10.61
35, 10.62
36, 10.89
37, 10.76
38, 10.57
39, 10.65
40, 10.7
41, 10.75
42, 11.0
43, 10.8
44, 10.8
45, 10.7
46, 10.7
47, 10.6
48, 10.31
49, 10.15
50, 10.05
51, 10.37
52, 10.07
53, 10.0
54, 10.0
55, 10.0
56, 10.0
57, 10.12
58, 10.16
59, 10.16
60, 10.3
61, 10.54
62, 10.39
63, 10.1
64, 10.0
65, 10.0
66, 9.97
67, 9.82
68, 9.56
69, 9.56
70, 9.74
71, 9.64
72, 9.5
73, 9.5
74, 9.51
75, 9.57
76, 9.51
77, 9.53
78, 9.46
79, 9.36
80, 9.31
81, 9.5
82, 9.33
83, 9.49
84, 9.35
85, 9.33
86, 9.15
87, 9.2
88, 9.26
89, 9.25
90, 9.2
91, 9.5
92, 9.2
93, 9.2
94, 9.15
95, 9.2
96, 9.21
97, 9.16
98, 9.16
99, 9.15
100, 9.0
101, 8.9
102, 8.95
103, 8.9
104, 8.5
105, 8.4
106, 8.15
107, 7.95
108, 7.99
109, 7.65
110, 7.74
111, 7.34
112, 7.8
113, 7.95
114, 7.7
115, 7.16
116, 6.7
117, 6.85
118, 6.73
119, 6.94
120, 6.85
121, 7.21
122, 6.45
123, 6.75
124, 6.42
125, 6.15
126, 6.1
127, 6.15
128, 6.2
129, 6.21
130, 6.2
131, 6.21
132, 6.25
133, 6.15
134, 6.05
135, 5.6
136, 5.68
137, 5.62
138, 5.6
139, 5.9
140, 5.59
141, 5.49
142, 5.5
143, 5.53
144, 5.55
145, 5.85
146, 5.85
147, 5.77
148, 5.74
149, 6.0
150, 5.98
151, 5.85
152, 5.9
153, 6.03
154, 5.93
155, 5.95
156, 5.75
157, 5.99
158, 5.87
159, 5.95
160, 5.84
161, 5.92
162, 6.12
163, 5.95
164, 5.91
165, 5.95
166, 5.94
167, 5.89
168, 6.0
169, 6.08
170, 6.62
171, 6.52
172, 6.16
173, 6.27
174, 6.2
175, 6.2
176, 6.08
177, 6.1
178, 6.19
179, 6.12
180, 6.12
181, 6.12
182, 6.28
183, 6.2
184, 6.45
185, 6.25
186, 6.5
187, 6.55
188, 6.6
189, 6.75
190, 6.75
191, 7.5
192, 8.12
193, 8.57
194, 8.34
195, 8.24
196, 8.25
197, 8.89
198, 9.5
199, 9.25
200, 9.25
201, 9.25
202, 9.25
203, 9.25
204, 9.25
205, 9.17
206, 8.88
207, 8.85
208, 8.4
209, 8.46
210, 9.05
211, 8.75
212, 9.25
213, 9.0
214, 8.95
215, 9.0
216, 9.05
217, 8.87
218, 9.69
219, 8.98
220, 8.84
221, 9.1
222, 8.78
223, 8.91
224, 8.5
225, 9.12
226, 8.6
227, 9.2
228, 9.25
229, 9.41
230, 9.25
231, 9.25
232, 9.25
233, 9.25
234, 9.25
235, 9.89
236, 10.25
237, 10.5
238, 10.6
239, 10.7
240, 10.86
241, 11.03
242, 11.2
243, 11.1
244, 11.1
245, 11.13
246, 10.75
247, 10.75
248, 10.75
249, 10.75
250, 10.75
251, 10.74
252, 10.5
253, 10.5
254, 10.64
255, 10.75
256, 10.74
257, 10.64
258, 10.0
259, 9.98
260, 9.98
261, 10.07
262, 9.71
263, 10.0
264, 10.54
265, 10.54
266, 10.05
267, 10.08
268, 10.0
269, 10.0
270, 10.34
271, 10.48
272, 10.5
273, 10.5
274, 10.55
275, 10.75
276, 10.75
277, 10.78
278, 11.3
279, 11.3
280, 11.11
281, 10.88
282, 12.47
283, 12.19
284, 11.95
285, 11.5
286, 11.802
287, 12.4
288, 12.25
289, 12.5
290, 12.03
291, 10.85
292, 12.51
293, 12.7
294, 11.26
295, 11.5
296, 12.0
297, 12.0
298, 12.0
299, 12.0
300, 11.8
301, 12.0
302, 12.0
303, 11.8
304, 11.89
305, 11.3
306, 12.98
307, 12.02
308, 12.0
309, 11.65
310, 11.88
311, 12.0
312, 12.75
313, 13.293
314, 13.5
315, 13.51
316, 13.05
317, 12.96
318, 13.01
319, 13.0
320, 12.7
321, 11.43
322, 11.95
323, 12.2
324, 12.19
325, 12.01
326, 12.43
327, 12.499
328, 12.96
329, 13.0
330, 13.0
331, 12.52
332, 12.75
333, 13.12
334, 12.685
335, 11.75
336, 11.85
337, 12.1
338, 12.7
339, 12.8
340, 13.0
341, 13.16
342, 12.81
343, 13.25
344, 14.0
345, 13.92
346, 13.93
347, 13.87
348, 13.3
349, 13.3
350, 13.3
351, 16.187
352, 15.16
353, 13.51
354, 14.2
355, 14.08
356, 14.217
357, 14.08
358, 14.2
359, 14.19
360, 13.75
361, 13.75
362, 13.99
363, 14.1
364, 14.1
365, 14.09
366, 14.1
367, 14.48
368, 14.96
369, 14.785
370, 14.8
371, 14.9
372, 14.85
373, 14.86
374, 14.85
375, 14.5
376, 14.3
377, 14.75
378, 14.15
379, 14.25
380, 14.788
381, 14.97
382, 14.72
383, 15.14
384, 15.25
385, 15.2
386, 15.13
387, 15.25
388, 16.0
389, 15.69
390, 15.75
391, 15.7
392, 15.0
393, 15.03
394, 15.11
395, 14.76
396, 15.0
397, 15.0
398, 14.75
399, 14.9
400, 14.51
401, 14.521
402, 14.58
403, 14.41
404, 14.75
405, 15.016
406, 15.93
407, 16.83
408, 16.0
409, 16.8
410, 16.605
411, 17.2
412, 16.94
413, 17.1
414, 17.0
415, 17.3
416, 19.0
417, 18.25
418, 18.25
419, 17.9
420, 18.017
421, 18.742
422, 18.0
423, 17.35
424, 17.57
425, 18.7
426, 18.7
427, 18.63
428, 16.77
429, 18.1
430, 18.0
431, 17.93
432, 18.0
433, 17.893
434, 18.25
435, 18.26
436, 17.99
437, 18.0
438, 18.0
439, 17.99
440, 18.0
441, 17.0
442, 16.88
443, 17.45
444, 17.5
445, 17.99
446, 16.9
447, 16.66
448, 16.65
449, 16.66
450, 15.2
451, 16.296
452, 16.55
453, 15.5
454, 15.5
455, 15.75
456, 15.8
457, 15.51
458, 15.65
459, 17.4
460, 16.0
461, 16.25
462, 16.25
463, 16.25
464, 16.96
465, 16.3
466, 16.25
467, 15.58
468, 15.78
469, 15.76
470, 15.51
471, 15.55
472, 15.42
473, 15.57
474, 16.47
475, 16.07
476, 16.5
477, 16.48
478, 15.7
479, 17.06
480, 17.29
481, 17.25
482, 16.81
483, 16.01
484, 16.59
485, 15.91
486, 16.22
487, 16.54
488, 16.44
489, 16.55
490, 16.36
491, 16.26
492, 16.33
493, 16.31
494, 16.24
495, 16.56
496, 17.2
497, 17.6
498, 17.52
499, 17.32
500, 17.8
501, 17.03
502, 16.96
503, 17.0
504, 16.9
505, 16.52
506, 16.7
507, 16.65
508, 16.6
509, 16.56
510, 16.52
511, 17.03
512, 17.35
513, 17.34
514, 17.39
515, 16.85
516, 17.5
517, 18.0
518, 18.0
519, 18.29
520, 18.45
521, 17.1
522, 17.1
523, 17.1
524, 17.7
525, 17.88
526, 17.25
527, 16.87
528, 17.45
529, 17.25
530, 17.09
531, 17.44
532, 17.0
533, 17.0
534, 17.0
535, 17.0
536, 17.0
537, 17.61
538, 17.6
539, 17.9
540, 18.25
541, 18.25
542, 18.6
543, 18.93
544, 18.52
545, 19.23
546, 19.472
547, 19.51
548, 19.84
549, 19.77
550, 19.5
551, 19.5
552, 19.25
553, 19.5
554, 19.25
555, 19.1
556, 18.99
557, 18.97
558, 18.95
559, 18.85
560, 18.55
561, 18.65
562, 18.463
563, 18.75
564, 18.95
565, 19.08
566, 19.0
567, 19.2
568, 19.1
569, 19.35
570, 19.1
571, 18.8
572, 19.036
573, 19.3
574, 19.25
575, 19.0
576, 19.29
577, 19.0
578, 19.2
579, 19.0
580, 19.07
581, 19.099
582, 18.99
583, 19.246
584, 19.11
585, 19.141
586, 19.0
587, 19.0
588, 19.0
589, 19.105
590, 19.25
591, 19.25
592, 19.3
593, 19.48
594, 19.447
595, 19.4
596, 19.45
597, 19.45
598, 19.4
599, 19.737
600, 19.5
601, 19.5
602, 19.3
603, 19.13
604, 19.0
605, 18.99
606, 17.86
607, 19.127
608, 19.087
609, 19.1
610, 19.05
611, 19.05
612, 18.85
613, 19.0
614, 19.05
615, 19.05
616, 19.13
617, 19.1
618, 19.32
619, 19.23
620, 19.21
621, 19.3
622, 19.48
623, 19.29
624, 19.12
625, 19.1
626, 19.2
627, 19.354
628, 19.302
629, 19.6
630, 19.25
631, 19.12
632, 19.12
633, 19.13
634, 19.33
635, 19.4
636, 19.411
637, 19.16
638, 19.4
639, 19.3
640, 19.3
641, 19.25
642, 19.3
643, 19.3
644, 19.28
645, 19.315
646, 19.4
647, 19.4
648, 19.6
649, 19.41
650, 19.4
651, 19.65
652, 19.72
653, 19.7
654, 19.91
655, 20.86
656, 20.04
657, 19.95
658, 19.998
659, 19.97
660, 20.05
661, 20.06
662, 20.2
663, 20.159
664, 20.588
665, 20.3
666, 20.649
667, 20.55
668, 20.75
669, 20.75
670, 20.99
671, 20.98
672, 20.85
673, 20.6
674, 20.9
675, 20.86
676, 20.7
677, 20.7
678, 20.7
679, 20.66
680, 20.66
681, 20.65
682, 20.6
683, 20.5
684, 20.5
685, 20.27
686, 20.38
687, 20.26
688, 20.09
689, 20.22
690, 20.2
691, 20.54
692, 20.33
693, 20.35
694, 20.35
695, 20.39
696, 20.7
697, 20.65
698, 20.8
699, 20.77
700, 20.76
701, 20.24
702, 20.4
703, 20.64
704, 20.5
705, 20.32
706, 19.8
707, 20.795
708, 20.45
709, 20.35
710, 20.35
711, 20.3
712, 20.26
713, 20.4
714, 20.25
715, 20.35
716, 20.43
717, 20.44
718, 20.49
719, 20.42
720, 20.5
721, 20.45
722, 20.45
723, 20.52
724, 20.45
725, 20.52
726, 20.46
727, 21.53
728, 21.23
729, 21.49
730, 21.3
731, 21.49
732, 21.06
733, 21.661
734, 21.7
735, 22.195
736, 21.9
737, 21.85
738, 21.55
739, 21.55
740, 21.61
741, 22.14
742, 22.14
743, 22.47
744, 22.23
745, 21.61
746, 21.96
747, 22.08
748, 22.43
749, 22.33
750, 22.3
751, 22.3
752, 22.5
753, 22.61
754, 22.6
755, 22.4
756, 22.38
757, 22.55
758, 22.37
759, 22.45
760, 22.3
761, 22.25
762, 22.2
763, 21.8
764, 21.74
765, 21.86
766, 22.11
767, 21.9
768, 22.05
769, 22.51
770, 21.9
771, 21.68
772, 21.83
773, 21.88
774, 22.0
775, 21.84
776, 21.82
777, 21.95
778, 21.95
779, 21.8
780, 21.95
781, 21.93
782, 21.7
783, 21.89
784, 21.94
785, 21.94
786, 21.85
787, 21.95
788, 21.71
789, 21.75
790, 21.6
791, 21.55
792, 21.75
793, 21.75
794, 21.5
795, 21.6
796, 21.6
797, 21.8
798, 21.75
799, 21.95
800, 21.75
801, 21.5
802, 21.4
803, 21.1
804, 20.85
805, 21.68
806, 21.7
807, 22.4
808, 22.33
809, 22.92
810, 21.42
811, 22.73
812, 21.7
813, 21.85
814, 21.8
815, 21.8
816, 22.45
817, 22.49
818, 22.39
819, 21.9
820, 21.73
821, 21.82
822, 21.65
823, 21.72
824, 21.9
825, 21.66
826, 21.65
827, 21.5
828, 21.5
829, 21.35
830, 21.54
831, 21.89
832, 22.35
833, 22.66
834, 22.48
835, 22.23
836, 22.75
837, 22.5
838, 22.45
839, 22.45
840, 22.5
841, 22.7
842, 22.5
843, 22.5
844, 22.41
845, 22.61
846, 22.75
847, 22.41
848, 22.48
849, 22.3
850, 22.4
851, 22.3
852, 22.53
853, 22.15
854, 22.45
855, 22.1
856, 21.98
857, 21.98
858, 21.81
859, 21.32
860, 21.47
861, 21.73
862, 21.77
863, 21.63
864, 21.6
865, 21.5
866, 21.55
867, 21.52
868, 21.77
869, 21.9
870, 22.4
871, 21.76
872, 22.25
873, 22.34
874, 22.46
875, 22.38
876, 22.09
877, 22.05
878, 22.03
879, 22.1
880, 21.99
881, 22.1
882, 22.29
883, 22.47
884, 22.47
885, 22.47
886, 22.89
887, 23.18
888, 23.25
889, 22.81
890, 22.78
891, 22.38
892, 22.39
893, 22.38
894, 22.76
895, 22.92
896, 23.3
897, 23.5
898, 23.47
899, 23.99
900, 25.0
901, 24.81
902, 24.67
903, 24.74
904, 24.54
905, 24.51
906, 25.19
907, 25.39
908, 25.4
909, 25.5
910, 25.93
911, 26.0
912, 25.95
913, 25.47
914, 25.6
915, 25.67
916, 25.5
917, 25.5
918, 25.77
919, 25.76
920, 25.6
921, 25.85
922, 25.85
923, 25.85
924, 25.75
925, 25.39
926, 25.8
927, 25.25
928, 25.516
929, 25.53
930, 25.53
931, 25.08
932, 25.5
933, 24.84
934, 25.1
935, 25.9
936, 25.89
937, 25.06
938, 24.75
939, 24.98
940, 24.56
941, 24.969
942, 24.77
943, 24.9
944, 24.84
945, 24.88
946, 24.86
947, 24.39
948, 24.45
949, 24.5
950, 24.4199
951, 24.1
952, 24.11
953, 24.009
954, 24.2858
955, 24.46
956, 24.12
957, 24.12
958, 23.9
959, 24.17
960, 23.657
961, 23.27
962, 23.2199
963, 23.1444
964, 23.13
965, 22.905
966, 22.9
967, 22.85
968, 22.89
969, 22.7187
970, 22.985
971, 22.7008
972, 22.61
973, 22.99
974, 22.7
975, 23.03
976, 22.94
977, 22.99
978, 22.98
979, 22.83
980, 23.0
981, 23.215
982, 23.6
983, 23.61
984, 23.88
985, 23.48
986, 23.58
987, 23.5
988, 24.25
989, 24.25
990, 23.69
991, 23.63
992, 24.275
993, 25.435
994, 24.38
995, 24.01
996, 24.3795
997, 24.37
998, 25.1
999, 24.15
1000, 24.51
1001, 24.82
1002, 24.51
1003, 24.51
1004, 24.78
1005, 24.26
1006, 25.0
1007, 25.0
1008, 24.9999
1009, 24.51
1010, 24.148
1011, 24.76
1012, 24.915
1013, 24.926
1014, 24.1585
1015, 24.22
1016, 24.1881
1017, 24.42
1018, 24.06
1019, 23.8635
1020, 24.2143
1021, 24.262
1022, 24.226
1023, 24.37
1024, 24.24
1025, 24.1
1026, 24.01
1027, 24.0
1028, 24.0
1029, 24.0
1030, 24.09
1031, 24.09
1032, 23.951
1033, 24.04
1034, 23.62
1035, 23.8008
1036, 23.77
1037, 23.87
1038, 23.79
1039, 23.86
1040, 23.85
1041, 23.2575
1042, 23.01
1043, 23.0
1044, 23.495
1045, 23.63
1046, 23.62
1047, 23.11
1048, 23.44
1049, 23.451
1050, 24.25
1051, 24.31
1052, 25.0
1053, 25.0
1054, 25.0
1055, 24.93
1056, 24.99
1057, 24.6
1058, 24.68
1059, 24.6023
1060, 24.6
1061, 25.0
1062, 26.113
1063, 26.081
1064, 26.07
1065, 26.0
1066, 26.24
1067, 26.24
1068, 26.1
1069, 25.99
1070, 26.135
1071, 26.1
1072, 25.5001
1073, 26.0
1074, 26.2431
1075, 25.511
1076, 25.35
1077, 25.6134
1078, 25.5
1079, 25.9
1080, 25.95
1081, 25.59
1082, 26.0108
1083, 26.0
1084, 26.0571
1085, 25.55
1086, 26.0
1087, 25.2
1088, 25.6
1089, 25.63
1090, 25.14
1091, 25.25
1092, 25.05
1093, 24.86
1094, 24.65
1095, 24.8501
1096, 24.75
1097, 25.47
1098, 25.05
1099, 25.15
1100, 25.41
1101, 25.39
1102, 25.2
1103, 25.455
1104, 25.458
1105, 25.64
1106, 25.57
1107, 25.5
1108, 25.5
1109, 25.23
1110, 25.8
1111, 25.28
1112, 25.4
1113, 25.05
1114, 25.35
1115, 25.0
1116, 25.2
1117, 25.0575
1118, 25.0
1119, 24.5
1120, 24.55
1121, 24.5
1122, 24.75
1123, 25.05
1124, 24.6
1125, 24.5
1126, 24.6
1127, 24.75
1128, 24.4
1129, 24.3794
1130, 24.05
1131, 24.25
1132, 24.05
1133, 24.1
1134, 24.2
1135, 24.25
1136, 24.25
1137, 24.2
1138, 25.3
1139, 26.0
1140, 26.0
1141, 25.2
1142, 25.35
1143, 25.4
1144, 25.45
1145, 25.45
1146, 25.65
1147, 25.7
1148, 26.15
1149, 25.9
1150, 25.85
1151, 26.0
1152, 26.0
1153, 25.8
1154, 25.8
1155, 26.15
1156, 26.45
1157, 26.4
1158, 26.45
1159, 26.5
1160, 26.9508
1161, 27.2
1162, 27.35
1163, 27.35
1164, 27.2008
1165, 27.375
1166, 27.2
1167, 26.55
1168, 26.45
1169, 26.5
1170, 26.15
1171, 26.2
1172, 26.45
1173, 26.45
1174, 26.4499
1175, 26.2
1176, 26.05
1177, 26.1
1178, 26.1
1179, 26.05
1180, 26.2995
1181, 26.1508
1182, 26.07
1183, 26.05
1184, 26.9
1185, 26.8
1186, 26.95
1187, 26.9
1188, 26.85
1189, 26.8
1190, 26.6
1191, 26.65
1192, 26.65
1193, 26.9
1194, 26.85
1195, 26.85
1196, 26.714
1197, 26.9
1198, 26.95
1199, 26.65
1200, 26.35
1201, 26.3
1202, 26.7
1203, 26.35
1204, 26.4502
1205, 26.25
1206, 26.55
1207, 26.4728
1208, 26.4
1209, 26.2
1210, 26.25
1211, 26.3
1212, 26.15
1213, 26.15
1214, 26.15
1215, 26.2
1216, 26.25
1217, 26.3162
1218, 26.3
1219, 26.15
1220, 26.0
1221, 25.95
1222, 25.7887
1223, 25.8
1224, 25.8
1225, 25.75
1226, 25.95
1227, 25.6
1228, 25.2503
1229, 25.5
1230, 25.1147
1231, 25.2412
1232, 25.0
1233, 25.0948
1234, 24.8
1235, 24.665
1236, 24.6
1237, 24.8
1238, 24.85
1239, 24.85
1240, 24.85
1241, 25.0
1242, 25.05
1243, 25.0
1244, 25.0
1245, 25.1
1246, 25.1
1247, 25.1
1248, 25.1
1249, 25.05
1250, 25.1
1251, 25.15
1252, 25.15
1253, 25.1
1254, 25.01
1255, 24.9
1256, 25.0
1257, 24.9
1258, 24.9
1259, 25.05
1260, 25.0
1261, 25.0
1262, 24.95
1263, 24.95
1264, 25.0
1265, 24.9
1266, 24.95
1267, 25.0
1268, 25.0
1269, 25.05
1270, 25.2
1271, 25.35
1272, 25.3
1273, 25.3
1274, 25.15
1275, 25.05
1276, 25.05
1277, 25.05
1278, 25.05
1279, 25.05
1280, 25.05
1281, 25.0
1282, 25.0
1283, 25.1
1284, 25.25
1285, 25.05
1286, 25.25
1287, 25.3
1288, 25.0488
1289, 25.05
1290, 25.05
1291, 25.2
1292, 25.05
1293, 25.2
1294, 25.3
1295, 25.2
1296, 25.2
1297, 25.35
1298, 25.4499
1299, 25.5
1300, 25.2
1301, 25.1501
1302, 25.2
1303, 25.2
1304, 25.4
1305, 25.15
1306, 25.3499
1307, 25.1025
1308, 25.15
1309, 25.2141
1310, 25.25
1311, 25.1
1312, 25.1
1313, 25.1
1314, 25.0
1315, 25.05
1316, 25.1
1317, 25.05
1318, 25.14
1319, 25.0
1320, 25.0
1321, 24.9
1322, 24.9
1323, 25.0
1324, 25.1
1325, 25.15
1326, 25.15
1327, 25.1
1328, 25.15
1329, 25.1992
1330, 25.3
1331, 25.25
1332, 25.4
1333, 25.3
1334, 25.25
1335, 25.4975
1336, 24.8
1337, 24.75
1338, 24.8
1339, 24.7
1340, 24.7
1341, 24.8
1342, 24.75
1343, 24.7695
1344, 24.8
1345, 24.75
1346, 24.8
1347, 24.75
1348, 24.8
1349, 24.7005
1350, 24.8
1351, 24.8
1352, 24.8
1353, 24.85
1354, 24.85
1355, 24.85
1356, 24.8
1357, 24.8
1358, 24.95
1359, 24.95
1360, 25.05
1361, 24.9
1362, 24.9
1363, 24.85
1364, 24.9
1365, 24.95
