0, 426
1, 426
2, 359
3, 911
4, 911
5, 1072
6, 582
7, 645
8, 645
9, 978
10, 911
11, 355
12, 355
13, 304
14, 131
15, 368
16, 200
17, -188
18, 909
19, 354
20, 354
21, 206
22, 206
23, 1411
24, 972
25, 2687
26, 2910
27, 3444
28, 2547
29, 3010
30, 2598
31, 1988
32, 2189
33, 3014
34, 3370
35, 3208
36, 3036
37, 3158
38, 4551
39, 4148
40, 4373
41, 5346
42, 5346
43, 5092
44, 4793
45, 5090
46, 4964
47, 5385
48, 4641
49, 5018
50, 4755
51, 4848
52, 4848
53, 5056
54, 4817
55, 5224
56, 7389
57, 8774
58, 8774
59, 9236
60, 9663
61, 10425
62, 10801
63, 10977
64, 11065
65, 10975
66, 11194
67, 10929
68, 10581
69, 10858
70, 10807
71, 10644
72, 10454
73, 10084
74, 10109
75, 10109
76, 9679
77, 8812
78, 8727
79, 8966
80, 8188
81, 8237
82, 7566
83, 7452
84, 7209
85, 7222
86, 7553
87, 7440
88, 7094
89, 7084
90, 7226
91, 7138
92, 6210
93, 6426
94, 6489
95, 6495
96, 6434
97, 6458
98, 6223
99, 6105
100, 6250
101, 6178
102, 6054
103, 6444
104, 6043
105, 6055
106, 5938
107, 5972
108, 6204
109, 6263
110, 6157
111, 5992
112, 6323
113, 6323
114, 6252
115, 6306
116, 6545
117, 6341
118, 7126
119, 7349
120, 7349
121, 7036
122, 7495
123, 8164
124, 7929
125, 7947
126, 7483
127, 7589
128, 7589
129, 7719
130, 7719
131, 8701
132, 9961
133, 10259
134, 10535
135, 10878
136, 10333
137, 11006
138, 11288
139, 11476
140, 11177
141, 11369
142, 11095
143, 11274
144, 11427
145, 12222
146, 11901
147, 12013
148, 11627
149, 11761
150, 11842
151, 11580
152, 11548
153, 11636
154, 11090
155, 11133
156, 11068
157, 10260
158, 10068
159, 10225
160, 10258
161, 10282
162, 10246
163, 10223
164, 10233
165, 10683
166, 10329
167, 10498
168, 10341
169, 10404
170, 10404
171, 10404
172, 10494
173, 10330
174, 10387
175, 10253
176, 10411
177, 10435
178, 10232
179, 9826
180, 10550
181, 11459
182, 11459
183, 11714
184, 12368
185, 12257
186, 12433
187, 12386
188, 12667
189, 12339
190, 12094
191, 12437
192, 12218
193, 12167
194, 12397
195, 12505
196, 12337
197, 12388
198, 12486
199, 12313
200, 12260
201, 12290
202, 12734
203, 12691
204, 12650
205, 12682
206, 13679
207, 13603
208, 13829
209, 13681
210, 13555
211, 13718
212, 13430
213, 13739
214, 13759
215, 13873
216, 13737
217, 13882
218, 13833
219, 13876
220, 13675
221, 13675
222, 11474
223, 11474
224, 11474
225, 11129
226, 11279
227, 11176
228, 11384
229, 11358
230, 11242
231, 11280
232, 11176
233, 11181
234, 10965
235, 11038
236, 10981
237, 10822
238, 10875
239, 10967
240, 10915
241, 10879
242, 10944
243, 10944
244, 10450
245, 10626
246, 10744
247, 10744
248, 10370
249, 11151
250, 11127
251, 11476
252, 11710
253, 11594
254, 12062
255, 11899
256, 11899
257, 11899
258, 12132
259, 11872
260, 12350
261, 12460
262, 12257
263, 12459
264, 12338
265, 12424
266, 12270
267, 12688
268, 13439
269, 13165
270, 13647
271, 13320
272, 13159
273, 13000
274, 12808
275, 12599
276, 12325
277, 12544
278, 12814
279, 12814
280, 12693
281, 12556
282, 12688
283, 12747
284, 12711
285, 13151
286, 13084
287, 12816
288, 12862
289, 13026
290, 12981
291, 12944
292, 12835
293, 12900
294, 12953
295, 12862
296, 13019
297, 13607
298, 16061
299, 15825
300, 16534
301, 16354
302, 16514
303, 16186
304, 16834
305, 16473
306, 16415
307, 16462
308, 16986
309, 16451
310, 16713
311, 17063
312, 18101
313, 18680
314, 18324
315, 17949
316, 17344
317, 17083
318, 17328
319, 17126
320, 17171
321, 17273
322, 17123
323, 17357
324, 17379
325, 17360
326, 17224
327, 17407
328, 17399
329, 17883
330, 17120
331, 17117
332, 17272
333, 18291
334, 18291
335, 18234
336, 18749
337, 19553
338, 17827
339, 18006
340, 18225
341, 17556
342, 17949
343, 17696
344, 17363
345, 16793
346, 17373
347, 17519
348, 16728
349, 17449
350, 16761
351, 16924
352, 16864
353, 17177
354, 16533
355, 16406
356, 16354
357, 16584
358, 16348
359, 16358
360, 15770
361, 16935
362, 17530
363, 16188
364, 17900
365, 17900
366, 18477
367, 18946
368, 18822
369, 19055
370, 18648
371, 18330
372, 18069
373, 18245
374, 18539
375, 18007
376, 18600
377, 18053
378, 18754
379, 20112
380, 20852
381, 20470
382, 20733
383, 20626
384, 21089
385, 20879
386, 21046
387, 20597
388, 20663
389, 20995
390, 20909
391, 21046
392, 20442
393, 21255
394, 21178
395, 21387
396, 21276
397, 20743
398, 20786
399, 20994
400, 20550
401, 20505
402, 20505
403, 20600
404, 20537
405, 20559
406, 20875
407, 20779
408, 21099
409, 20713
410, 20973
411, 20661
412, 21581
413, 21467
414, 21685
415, 21685
416, 21685
417, 22151
418, 21934
419, 22150
420, 21867
421, 22571
422, 22425
423, 22388
424, 22402
425, 22659
426, 22380
427, 22534
428, 22393
429, 22063
430, 22063
431, 22200
432, 22200
433, 22771
434, 22276
435, 22190
436, 22059
437, 22416
438, 22145
439, 22246
440, 21723
441, 21892
442, 21905
443, 21775
444, 21775
445, 21775
446, 22090
447, 21983
448, 21983
449, 22095
450, 22341
451, 21533
452, -2553
453, -8923
454, -6150
455, -5582
456, -7025
457, -4628
458, -2309
459, -4724
460, -1698
461, -3163
462, -1145
463, -2486
464, -1079
465, -1972
466, -4526
467, -2751
468, -1588
469, -1588
470, -2379
471, -1821
472, -2940
473, -2302
474, -2302
475, -3192
476, -2438
477, -1355
478, 311
479, 1071
480, 3467
481, 5134
482, 6954
483, 4208
484, 7449
485, 5332
486, 2937
487, 2937
488, 4308
489, 11188
490, 9473
491, 7998
492, 5550
493, 6926
494, 8894
495, 8894
496, 7979
497, 3882
498, 6128
499, 5499
500, 4802
501, 3304
502, 5795
503, 3401
504, 6991
505, 8758
506, 10770
507, 9645
508, 10625
509, 12653
510, 13820
511, 12530
512, 10656
513, 8061
514, 8061
515, 9391
516, 11408
517, 10227
518, 6810
519, 7660
520, 8842
521, 10003
522, 12921
523, 11552
524, 10129
525, 11431
526, 10639
527, 10639
528, 13942
529, 12140
530, 12140
531, 14498
532, 13066
533, 14295
534, 13637
535, 14760
536, 16020
537, 15199
538, 14455
539, 14455
540, 15129
541, 16167
542, 14881
543, 13381
544, 14412
545, 13329
546, 13329
547, 11153
548, 10258
549, 11646
550, 10988
551, 10612
552, 10071
553, 9531
554, 8194
555, 6717
556, 7865
557, 6838
558, 5172
559, 3843
560, 252
561, 1197
562, 4296
563, 7267
564, 8557
565, 6778
566, 5850
567, 4922
568, 6416
569, 8632
570, 8632
571, 9773
572, 12127
573, 14843
574, 16697
575, 18064
576, 19910
577, 17359
578, 16691
579, 17465
580, 20051
581, 18507
582, 20232
583, 21745
584, 20057
585, 19103
586, 20328
587, 21592
588, 22388
589, 20786
590, 18389
591, 17027
592, 16625
593, 17274
594, 17973
595, 17702
596, 17046
597, 17690
598, 15939
599, 14985
600, 12533
601, 10912
602, 10580
603, 9532
604, 10584
605, 11890
606, 12193
607, 11744
608, 10659
609, 11796
610, 14751
611, 11911
612, 10036
613, 8434
614, 9843
615, 10853
616, 8945
617, 10813
618, 10813
619, 12080
620, 13978
621, 12222
622, 11271
623, 9002
624, 9446
625, 8306
626, 6858
627, 8236
628, 9191
629, 8800
630, 8004
631, 6254
632, 5658
633, 5658
634, 4540
635, 4540
636, 4540
637, 2656
638, 4127
639, 3322
640, 2565
641, 1529
642, 2293
643, 1588
644, -1098
645, 782
646, 3388
647, 2328
648, 3886
649, 4838
650, 4241
651, 4527
652, 7366
653, 8427
654, 8145
655, 8736
656, 8531
657, 7677
658, 6974
659, 6475
660, 6027
661, 5749
662, 5395
663, 5572
664, 5147
665, 5453
666, 6043
667, 6209
668, 6093
669, 5671
670, 5263
671, 5584
672, 5387
673, 5126
674, 6703
675, 5021
676, 486
677, -439
678, -5824
679, -7244
680, -7776
681, -8950
682, -7112
683, -8612
684, -7401
685, -7503
686, -8196
687, -8196
688, -6885
689, -6408
690, -7086
691, -7086
692, -8586
693, -10240
694, -9409
695, -8723
696, -7885
697, -6965
698, -8001
699, -7510
700, -8260
701, -8507
702, -9001
703, -8445
704, -8788
705, -7207
706, -7384
707, -7786
708, -8965
709, -9520
710, -8659
711, -9114
712, -8548
713, -8854
714, -8437
715, -8712
716, -9078
717, -10648
718, -11636
719, -12457
720, -12945
721, -12134
722, -11312
723, -10793
724, -11121
725, -10715
726, -10293
727, -10474
728, -9707
729, -9273
730, -9821
731, -9328
732, -8874
733, -9250
734, -11985
735, -11080
736, -10429
737, -9566
738, -9566
739, -10192
740, -9657
741, -10306
742, -10306
743, -10306
744, -8723
745, -8358
746, -8922
747, -8457
748, -7241
749, -6902
750, -6902
751, -8713
752, -9275
753, -8857
754, -8685
755, -9056
756, -9484
757, -8229
758, -7594
759, -8112
760, -8290
761, -8563
762, -9224
763, -9224
764, -9506
765, -9506
766, -8847
767, -8457
768, -9345
769, -11801
770, -12724
771, -13232
772, -14030
773, -20419
774, -18453
775, -18453
776, -12247
777, -14986
778, -18621
779, -16493
780, -18157
781, -20436
782, -20436
783, -23859
784, -22990
785, -21421
786, -22502
787, -23340
788, -20023
789, -19421
790, -18665
791, -19181
792, -18364
793, -16154
794, -17783
795, -17203
796, -17203
797, -15817
798, -18107
799, -12758
800, -14381
801, -13387
802, -10808
803, -11157
804, -11157
805, -12005
806, -12374
807, -11424
808, -11902
809, -12607
810, -11722
811, -12816
812, -13312
813, -11791
814, -9679
815, -10423
816, -9874
817, -10249
818, -9351
819, -10538
820, -9986
821, -10593
822, -10116
823, -10861
824, -10702
825, -10899
826, -11331
827, -11971
828, -11671
829, -11880
830, -12358
831, -12658
832, -12358
833, -13720
834, -13430
835, -13740
836, -14062
837, -14892
838, -16253
839, -15100
840, -14531
841, -15087
842, -14642
843, -15840
844, -16267
845, -16267
846, -16025
847, -15727
848, -14965
849, -14777
850, -15877
851, -15877
852, -16305
853, -15666
854, -15228
855, -14942
856, -14123
857, -13499
858, -13829
859, -14090
860, -14738
861, -14367
862, -14799
863, -15621
864, -15020
865, -15138
866, -14586
867, -15440
868, -15254
869, -14252
870, -14416
871, -14324
872, -14624
873, -14414
874, -13783
875, -11619
876, -12173
877, -12287
878, -12826
879, -12826
880, -13273
881, -15943
882, -14879
883, -15351
884, -14998
885, -14703
886, -14982
887, -15144
888, -15633
889, -16268
890, -16913
891, -16446
892, -15326
893, -15326
894, -15097
895, -16509
896, -16108
897, -17134
898, -17574
899, -17156
900, -17634
901, -18044
902, -20086
903, -22953
904, -23697
905, -25813
906, -33726
907, -31843
908, -28517
909, -29381
910, -29861
911, -29117
912, -27954
913, -28737
914, -29843
915, -30040
916, -32348
917, -33726
918, -34094
919, -31367
920, -34267
921, -32465
922, -29950
923, -31886
924, -28892
925, -27464
926, -28295
927, -27925
928, -27089
929, -28015
930, -30527
931, -33927
932, -34996
933, -40398
934, -37116
935, -39287
936, -42457
937, -36610
938, -34478
939, -35181
940, -33486
941, -34179
942, -35116
943, -34879
944, -35201
945, -38475
946, -37173
947, -35898
948, -35898
949, -37089
950, -36151
951, -37041
952, -38501
953, -39197
954, -38845
955, -38213
956, -41475
957, -40199
958, -40928
959, -40463
960, -40041
961, -40695
962, -41907
963, -39744
964, -39219
965, -39219
966, -37313
967, -36943
968, -36943
969, -36438
970, -35862
971, -35583
972, -36062
973, -36299
974, -35879
975, -36109
976, -35851
977, -35871
978, -36208
979, -36106
980, -35485
981, -35146
982, -35751
983, -35609
984, -35122
985, -35640
986, -36027
987, -36238
988, -36137
989, -36897
990, -37338
991, -38126
992, -37748
993, -37570
994, -37570
995, -37966
996, -38515
997, -39414
998, -39906
999, -37876
1000, -38433
1001, -38433
1002, -39529
1003, -38933
1004, -38343
1005, -38043
1006, -38487
1007, -38967
1008, -39214
1009, -38766
1010, -38524
1011, -38669
1012, -39500
1013, -38750
1014, -39869
1015, -40420
1016, -40058
1017, -41785
1018, -41049
1019, -56478
1020, -62046
1021, -62046
1022, -67031
1023, -65080
1024, -68019
1025, -66140
1026, -63906
1027, -66548
1028, -60946
1029, -51060
1030, -53851
1031, -51617
1032, -50185
1033, -51649
1034, -50727
1035, -51888
1036, -50004
1037, -52065
1038, -53279
1039, -48755
1040, -49534
1041, -48133
1042, -46868
1043, -48904
1044, -47559
1045, -45766
1046, -44822
1047, -42993
1048, -41695
1049, -40014
1050, -40460
1051, -39245
1052, -41017
1053, -41811
1054, -43754
1055, -44875
1056, -46109
1057, -42974
1058, -42048
1059, -41106
1060, -41106
1061, -41400
1062, -40481
1063, -41247
1064, -40180
1065, -38314
1066, -35916
1067, -34807
1068, -35671
1069, -34596
1070, -36389
1071, -36389
1072, -35820
1073, -36514
1074, -36139
1075, -36492
1076, -35822
1077, -36419
1078, -37023
1079, -36866
1080, -36650
1081, -37326
1082, -36052
1083, -37004
1084, -35987
1085, -32583
1086, -32727
1087, -32341
1088, -33104
1089, -32913
1090, -33117
1091, -33750
1092, -34454
1093, -34029
1094, -34411
1095, -34806
1096, -34145
1097, -33673
1098, -33673
1099, -33874
1100, -33150
1101, -33819
1102, -33316
1103, -32248
1104, -32171
1105, -32452
1106, -32869
1107, -32812
1108, -32812
1109, -32263
1110, -32614
1111, -32508
1112, -32508
1113, -32508
1114, -28643
1115, -27502
1116, -27502
1117, -27845
1118, -27589
1119, -28705
1120, -28876
1121, -28473
1122, -29852
1123, -29100
1124, -24873
1125, -26539
1126, -26539
1127, -27349
1128, -28266
1129, -27650
1130, -28875
1131, -27837
1132, -28365
1133, -27849
1134, -27849
1135, -28415
1136, -28626
1137, -28772
1138, -27429
1139, -28804
1140, -31635
1141, -30914
1142, -28895
1143, -26650
1144, -27555
1145, -26074
1146, -23840
1147, -24391
1148, -25351
1149, -25351
1150, -25786
1151, -25786
1152, -26249
1153, -26838
1154, -26335
1155, -27500
1156, -28054
1157, -27289
1158, -28008
1159, -27315
1160, -28086
1161, -27170
1162, -27170
1163, -27591
1164, -27454
1165, -27454
1166, -27572
1167, -26964
1168, -27514
1169, -27986
1170, -28566
1171, -29693
1172, -28927
1173, -29424
1174, -30115
1175, -30957
1176, -31868
1177, -33046
1178, -36332
1179, -34978
1180, -36785
1181, -37907
1182, -37382
1183, -37382
1184, -36916
1185, -38137
1186, -38608
1187, -38608
1188, -39152
1189, -39152
1190, -41101
1191, -41470
1192, -41767
1193, -41232
1194, -40677
1195, -39841
1196, -40482
1197, -39593
1198, -40382
1199, -38728
1200, -38728
1201, -39430
1202, -38481
1203, -38142
1204, -37601
1205, -38513
1206, -37977
1207, -37067
1208, -37067
1209, -37789
1210, -38437
1211, -38139
1212, -39028
1213, -37632
1214, -37928
1215, -36834
1216, -36834
1217, -37443
1218, -36260
1219, -35138
1220, -34350
1221, -34051
1222, -34350
1223, -33877
1224, -32996
1225, -32147
1226, -32749
1227, -33428
1228, -35988
1229, -35629
1230, -35066
1231, -35655
1232, -34899
1233, -34218
1234, -34617
1235, -34299
1236, -34134
1237, -34253
1238, -34355
1239, -33963
1240, -33963
1241, -34179
1242, -34179
1243, -33993
1244, -33827
1245, -33594
1246, -33916
1247, -33721
1248, -33930
1249, -35192
1250, -34604
1251, -35061
1252, -35452
1253, -35633
1254, -35280
1255, -30241
1256, -28719
1257, -29222
1258, -28247
1259, -24963
1260, -28876
1261, -29595
1262, -29306
1263, -29602
1264, -29261
1265, -29861
1266, -29421
1267, -29421
1268, -30852
1269, -30852
1270, -30270
1271, -27636
1272, -29370
1273, -30321
1274, -30073
1275, -30266
1276, -30709
1277, -33122
1278, -34129
1279, -32537
1280, -29088
1281, -27485
1282, -29072
1283, -29928
1284, -28579
1285, -25214
1286, -25877
1287, -26925
1288, -27823
1289, -27433
1290, -27433
1291, -27433
1292, -25017
1293, -23287
1294, -23819
1295, -24382
1296, -23417
1297, -24316
1298, -23089
1299, -23695
1300, -23253
1301, -24839
1302, -25945
1303, -25742
1304, -25118
1305, -24909
1306, -25046
1307, -25362
1308, -26027
1309, -27200
1310, -27370
1311, -27910
1312, -29058
1313, -28606
1314, -29031
1315, -29031
1316, -28580
1317, -29218
1318, -29218
1319, -29218
1320, -29218
1321, -29593
1322, -31073
1323, -31990
1324, -30498
1325, -31365
1326, -31809
1327, -33042
1328, -33042
1329, -32701
1330, -33015
1331, -32304
1332, -33509
1333, -32408
1334, -32526
1335, -32953
1336, -34424
1337, -34424
1338, -34924
1339, -35511
1340, -36579
1341, -36765
1342, -36765
1343, -36383
1344, -36293
1345, -36660
1346, -36479
1347, -35868
1348, -36883
1349, -36640
1350, -36642
1351, -36632
1352, -36751
1353, -37489
1354, -37489
1355, -37269
1356, -36924
1357, -38025
1358, -37902
1359, -38263
1360, -38263
1361, -38263
1362, -38108
1363, -38108
1364, -38647
1365, -38375
1366, -37780
1367, -38289
1368, -39249
1369, -39335
1370, -39828
1371, -39575
1372, -39040
1373, -37943
1374, -38057
1375, -38158
1376, -38353
1377, -39793
1378, -40070
1379, -40657
1380, -39811
1381, -39811
1382, -39903
1383, -39689
1384, -39328
1385, -38013
1386, -38138
1387, -37250
1388, -36358
1389, -35490
1390, -34906
1391, -35276
1392, -35437
1393, -35525
1394, -36122
1395, -35740
1396, -36073
1397, -35885
1398, -36501
1399, -36181
1400, -35302
1401, -35377
1402, -35377
1403, -35186
1404, -35311
1405, -34794
1406, -34794
1407, -35095
1408, -35095
1409, -34567
1410, -35269
1411, -34893
1412, -33782
1413, -32070
1414, -31382
1415, -32083
1416, -31727
1417, -23001
1418, -19812
1419, -20222
1420, -19758
1421, -20292
1422, -20292
1423, -20058
1424, -19680
1425, -21032
1426, -21469
1427, -21971
1428, -21971
1429, -21478
1430, -22204
1431, -21965
1432, -22476
1433, -19331
1434, -18845
1435, -18845
1436, -20641
1437, -20814
1438, -20286
1439, -19887
1440, -20385
1441, -23030
1442, -26764
1443, -27078
1444, -26116
1445, -27445
1446, -25500
1447, -23990
1448, -21371
1449, -22965
1450, -21619
1451, -23444
1452, -24465
1453, -22995
1454, -22995
1455, -22394
1456, -21951
1457, -23160
1458, -25825
1459, -26425
1460, -26237
1461, -25558
1462, -24525
1463, -25581
1464, -26583
1465, -25204
1466, -26139
1467, -24954
1468, -25814
1469, -26557
1470, -25925
1471, -25371
1472, -26785
1473, -26567
1474, -26793
1475, -26090
1476, -26622
1477, -26026
1478, -27957
1479, -28620
1480, -28054
1481, -27258
1482, -27524
1483, -27524
1484, -27835
1485, -27756
1486, -26826
1487, -26654
1488, -26103
1489, -25653
1490, -24715
1491, -25191
1492, -25669
1493, -25669
1494, -25617
1495, -26165
1496, -25727
1497, -26473
1498, -26595
1499, -26020
1500, -25445
1501, -26022
1502, -26542
1503, -26278
1504, -26719
1505, -26886
1506, -27038
1507, -26408
1508, -26408
1509, -26903
1510, -26691
1511, -26867
1512, -26653
1513, -27355
1514, -26231
1515, -28194
1516, -29645
1517, -30972
1518, -30206
1519, -30206
1520, -28653
1521, -28795
1522, -29177
1523, -29750
1524, -29750
1525, -29976
1526, -30210
1527, -31614
1528, -31614
1529, -31337
1530, -31787
1531, -31619
1532, -32592
1533, -32747
1534, -32959
1535, -33172
1536, -33536
1537, -34378
1538, -32916
1539, -32660
1540, -32634
1541, -32321
1542, -32826
1543, -32938
1544, -32817
1545, -32649
1546, -33309
1547, -33201
1548, -33201
1549, -33328
1550, -33328
1551, -33363
1552, -33732
1553, -33732
1554, -33904
1555, -34474
1556, -33482
1557, -34019
1558, -36167
1559, -40831
1560, -53640
1561, -45894
1562, -48493
1563, -50465
1564, -52065
1565, -52065
1566, -51658
1567, -50147
1568, -48230
1569, -49113
1570, -50438
1571, -51533
1572, -51533
1573, -52624
1574, -52429
1575, -52615
1576, -52227
1577, -52227
1578, -52383
1579, -52060
1580, -53099
1581, -53099
1582, -54149
1583, -53923
1584, -53548
1585, -52630
1586, -52402
1587, -52925
1588, -53458
1589, -53726
1590, -54098
1591, -54098
1592, -53863
1593, -53292
1594, -53292
1595, -52659
1596, -52659
1597, -53378
1598, -53378
1599, -53378
1600, -53093
1601, -53328
1602, -53328
1603, -54096
1604, -54808
1605, -54231
1606, -52724
1607, -53676
1608, -53625
1609, -53829
1610, -53444
1611, -52248
1612, -52677
1613, -52736
1614, -52562
1615, -53476
1616, -53894
1617, -54833
1618, -53599
1619, -52924
1620, -52229
1621, -52590
1622, -52362
1623, -52045
1624, -52474
1625, -52474
1626, -52071
1627, -52253
1628, -52253
1629, -54278
1630, -54712
1631, -54474
1632, -55617
1633, -54982
1634, -54982
1635, -55528
1636, -55688
1637, -55552
1638, -55666
1639, -55666
1640, -56135
1641, -56683
1642, -56622
1643, -56089
1644, -56925
1645, -55981
1646, -56538
1647, -56267
1648, -56776
1649, -57490
1650, -57169
1651, -57917
1652, -57754
1653, -57104
1654, -57388
1655, -57630
1656, -58119
1657, -58518
1658, -58441
1659, -58588
1660, -58200
1661, -58622
1662, -58810
1663, -57537
1664, -57608
1665, -58018
1666, -58018
1667, -57516
1668, -57904
1669, -57325
1670, -57839
1671, -57996
1672, -58007
1673, -57487
1674, -57395
1675, -56882
1676, -56906
1677, -56906
1678, -56054
1679, -56054
1680, -55680
1681, -55285
1682, -55768
1683, -54264
1684, -55007
1685, -55023
1686, -55001
1687, -55584
1688, -55584
1689, -55809
1690, -53643
1691, -52045
1692, -52309
1693, -52385
1694, -51694
1695, -51872
1696, -51089
1697, -50775
1698, -51662
1699, -53680
1700, -54047
1701, -53117
1702, -53238
1703, -52523
1704, -52795
1705, -53230
1706, -53735
1707, -54382
1708, -54042
1709, -54247
1710, -54949
1711, -55683
1712, -55042
1713, -54781
1714, -56120
1715, -51195
1716, -51876
1717, -54045
1718, -53767
1719, -54034
1720, -54028
1721, -54674
1722, -54471
1723, -53959
1724, -53982
1725, -53951
1726, -53951
1727, -53503
1728, -53216
1729, -52046
1730, -50619
1731, -50713
1732, -50007
1733, -49047
1734, -45903
1735, -45252
1736, -44153
1737, -42750
1738, -42976
1739, -39995
1740, -36218
1741, -32288
1742, -27836
1743, -25039
1744, -23651
1745, -24438
1746, -23107
1747, -18933
1748, -19812
1749, -21461
1750, -21713
1751, -23017
1752, -24743
1753, -25118
1754, -24594
1755, -24500
1756, -23130
1757, -23130
1758, -22641
1759, -23034
1760, -23034
1761, -23034
1762, -23065
1763, -22753
1764, -22822
1765, -22669
1766, -22841
1767, -22841
1768, -22841
1769, -22493
1770, -23342
1771, -23865
1772, -23865
1773, -23631
1774, -23775
1775, -24959
1776, -24634
1777, -24386
1778, -23964
1779, -23964
1780, -24426
1781, -24625
1782, -24283
1783, -24392
1784, -24392
1785, -24392
1786, -24317
1787, -24583
1788, -25037
1789, -25037
1790, -24926
1791, -24548
1792, -24030
1793, -24095
1794, -23975
1795, -23185
1796, -23490
1797, -23134
1798, -23569
1799, -23134
1800, -23505
1801, -23357
1802, -23266
1803, -23009
1804, -23506
1805, -23448
1806, -23802
1807, -22472
1808, -22813
1809, -22672
1810, -23197
1811, -23350
1812, -24312
1813, -25148
1814, -23599
1815, -23112
1816, -22233
1817, -22191
1818, -22191
1819, -21963
1820, -21770
1821, -22464
1822, -22088
1823, -21068
1824, -21284
1825, -21284
1826, -21238
1827, -21295
1828, -21234
1829, -21685
1830, -21577
1831, -21333
1832, -21380
1833, -21225
1834, -21410
1835, -21410
1836, -22634
1837, -22857
1838, -23225
1839, -23090
1840, -23224
1841, -23244
1842, -22975
1843, -22980
1844, -22890
1845, -22884
1846, -22860
1847, -22956
1848, -23097
1849, -22462
1850, -22347
1851, -23423
1852, -23353
1853, -23459
1854, -25057
1855, -24570
1856, -24778
1857, -24712
1858, -24481
1859, -24481
1860, -24809
1861, -24474
1862, -24464
1863, -24319
1864, -25402
1865, -25899
1866, -25116
1867, -24916
1868, -25320
1869, -25320
1870, -24764
1871, -24865
1872, -25087
1873, -24895
1874, -24944
1875, -25048
1876, -24265
1877, -24489
1878, -23029
1879, -21280
1880, -21486
1881, -21584
1882, -21180
1883, -20788
1884, -21357
1885, -20798
1886, -20552
1887, -19730
1888, -19357
1889, -20214
1890, -19450
1891, -19358
1892, -18974
1893, -19146
1894, -19328
1895, -18984
1896, -19147
1897, -19032
1898, -17988
1899, -18149
1900, -18149
1901, -18415
1902, -17952
1903, -17794
1904, -17892
1905, -17892
1906, -20795
1907, -20848
1908, -20166
1909, -20379
1910, -21287
1911, -20390
1912, -20840
1913, -21943
1914, -21151
1915, -21333
1916, -21434
1917, -21158
1918, -21463
1919, -21534
1920, -21289
1921, -21368
1922, -21055
1923, -21055
1924, -21449
1925, -21538
1926, -21212
1927, -21735
1928, -21635
1929, -22047
1930, -22141
1931, -21814
1932, -21585
1933, -21585
1934, -21998
1935, -22042
1936, -22042
1937, -22042
1938, -22328
1939, -22328
1940, -22314
1941, -22462
1942, -22462
1943, -21836
1944, -22408
1945, -22076
1946, -21518
1947, -21579
1948, -20926
1949, -20926
1950, -19885
1951, -19930
1952, -19930
1953, -20283
1954, -20098
1955, -20280
1956, -20350
1957, -20129
1958, -20381
1959, -20444
1960, -19550
1961, -19550
1962, -19433
1963, -19433
1964, -18978
1965, -17866
1966, -17369
1967, -17134
1968, -17134
1969, -16905
1970, -16235
1971, -15914
1972, -15934
1973, -15847
1974, -15847
1975, -15522
1976, -15727
1977, -16158
1978, -16059
1979, -15731
1980, -15503
1981, -15503
1982, -14542
1983, -13747
1984, -13952
1985, -13423
1986, -14969
1987, -15065
1988, -15065
1989, -14669
1990, -14989
1991, -14989
1992, -14823
1993, -15091
1994, -15609
1995, -11786
1996, -12283
1997, -12319
1998, -11950
1999, -11713
2000, -11804
2001, -11192
2002, -11468
2003, -11066
2004, -11603
2005, -11301
2006, -11111
2007, -11572
2008, -11771
2009, -11684
2010, -11306
2011, -11306
2012, -11445
2013, -11520
2014, -11695
2015, -11471
2016, -11067
2017, -11067
2018, -11521
2019, -11994
2020, -12324
2021, -12096
2022, -11622
2023, -11772
2024, -11506
2025, -12397
2026, -12205
2027, -12459
2028, -13546
2029, -13404
2030, -13520
2031, -13411
2032, -13456
2033, -13930
2034, -13813
2035, -14041
2036, -14138
2037, -14272
2038, -14272
2039, -13571
2040, -13571
2041, -13571
2042, -13905
2043, -13905
2044, -14703
2045, -15234
2046, -14174
2047, -14174
2048, -13361
2049, -14079
2050, -14239
2051, -13499
2052, -13851
2053, -13447
2054, -13492
2055, -13492
2056, -13031
2057, -13826
2058, -14256
2059, -14256
2060, -14309
2061, -13925
2062, -13410
2063, -13800
2064, -13607
2065, -13778
2066, -13619
2067, -13791
2068, -14070
2069, -14819
2070, -14819
2071, -14989
2072, -14989
2073, -15315
2074, -15205
2075, -15052
2076, -15119
2077, -15290
2078, -15224
2079, -15250
2080, -15096
2081, -15269
2082, -15166
2083, -15135
2084, -15280
2085, -15501
2086, -15493
2087, -15459
2088, -15459
2089, -15396
2090, -15429
2091, -15507
2092, -15607
2093, -15814
2094, -14259
2095, -14259
2096, -13938
2097, -13838
2098, -15116
2099, -15083
2100, -15671
2101, -16153
2102, -16350
2103, -15842
2104, -15484
2105, -15558
2106, -15737
2107, -15909
2108, -15538
2109, -15471
2110, -15325
2111, -15116
2112, -15325
2113, -14854
2114, -15227
2115, -15137
2116, -15468
2117, -15945
2118, -16178
2119, -16092
2120, -15637
2121, -15637
2122, -15725
2123, -17784
2124, -19859
2125, -18133
2126, -19206
2127, -22002
2128, -23046
2129, -23046
2130, -26446
2131, -20065
2132, -20378
2133, -19741
2134, -19401
2135, -20401
2136, -22426
2137, -14943
2138, -34453
2139, -18856
2140, -16327
2141, -7289
2142, -9279
2143, -7155
2144, -7695
2145, -17020
2146, -12316
2147, -12097
2148, -12250
2149, -12250
2150, -10985
2151, -16229
2152, -15419
2153, -16802
2154, -16026
2155, -15335
2156, -14931
2157, -17511
2158, -18118
2159, -17965
2160, -18184
2161, -18318
2162, -17829
2163, -18436
2164, -19651
2165, -19710
2166, -19863
2167, -19679
2168, -17588
2169, -17909
2170, -18144
2171, -18532
2172, -18970
2173, -19561
2174, -18684
2175, -21703
2176, -25278
2177, -27179
2178, -26639
2179, -26553
2180, -26013
2181, -27345
2182, -30533
2183, -30263
2184, -32219
2185, -31870
2186, -33287
2187, -32343
2188, -32578
2189, -32578
2190, -34206
2191, -34610
2192, -32769
2193, -34721
2194, -56844
2195, -48586
2196, -58114
2197, -67219
2198, -64488
2199, -65171
2200, -60723
2201, -58130
2202, -57869
2203, -59505
2204, -62574
2205, -66114
2206, -59318
2207, -49790
2208, -46122
2209, -38804
2210, -40595
2211, -41189
2212, -46029
2213, -47161
2214, -46883
2215, -47541
2216, -47238
2217, -48453
2218, -52002
2219, -50131
2220, -52441
2221, -55848
2222, -59204
2223, -61328
2224, -67718
2225, -73130
2226, -73197
2227, -77581
2228, -78636
2229, -77091
2230, -79395
2231, -79937
2232, -81615
2233, -77365
2234, -80876
2235, -75896
2236, -77589
2237, -76915
2238, -78437
2239, -60104
2240, 80332
2241, 51687
2242, 28472
2243, 24190
2244, 21133
2245, 5361
2246, 15318
2247, 9361
2248, 6820
2249, -963
2250, -263
2251, -263
2252, -3783
2253, -6342
2254, -2931
2255, -4894
2256, -5809
2257, -5809
2258, -9975
2259, -11606
2260, -16901
2261, -23773
2262, -20079
2263, -14884
2264, -20920
2265, -23864
2266, -22031
2267, -17312
2268, -10965
2269, -83
2270, -4014
2271, -6645
2272, -13918
2273, -12938
2274, -12843
2275, -17314
2276, -19127
2277, -22670
2278, -25347
2279, -25347
2280, -26427
2281, -24922
2282, -16270
2283, -13399
2284, -12052
2285, -13433
2286, -12547
2287, -12735
2288, -12034
2289, -12414
2290, -12339
2291, -16114
2292, -21871
2293, -28051
2294, -30992
2295, -32677
2296, -34123
2297, -47424
2298, -52638
2299, -40414
2300, -41552
2301, -40023
2302, -39566
2303, -39743
2304, -43527
2305, -44803
2306, -37862
2307, -25311
2308, -30487
2309, -31837
2310, -28250
2311, -28250
2312, -29647
2313, -29647
2314, -28023
2315, -34431
2316, -36471
2317, -37267
2318, -37037
2319, -38086
2320, -38086
2321, -39247
2322, -41603
2323, -40809
2324, -40809
2325, -40809
2326, -41598
2327, -42719
2328, -43181
2329, -42002
2330, -40865
2331, -36717
2332, 120123
2333, 92095
2334, 95178
2335, 102318
2336, 133605
2337, 108724
2338, 104158
2339, 110218
2340, 107320
2341, 104895
2342, 104895
2343, 110387
2344, 127177
2345, 127177
2346, 133691
2347, 129911
2348, 139734
2349, 139734
2350, 132307
2351, 130614
2352, 129020
2353, 123845
2354, 120884
2355, 120884
2356, 117294
2357, 115962
2358, 116343
2359, 116833
2360, 114585
2361, 113618
2362, 113618
2363, 112345
2364, 109210
2365, 109331
2366, 105908
2367, 110630
2368, 107829
2369, 109539
2370, 110147
2371, 110147
2372, 110356
2373, 108802
2374, 111668
2375, 108235
2376, 106746
2377, 104843
2378, 103798
2379, 106611
2380, 108866
2381, 113571
2382, 115305
2383, 117088
2384, 117542
2385, 115986
2386, 113353
2387, 115004
2388, 115900
2389, 113997
2390, 112261
2391, 112642
2392, 111773
2393, 111977
2394, 111729
2395, 111828
2396, 111591
2397, 112034
2398, 111744
2399, 110281
2400, 110659
2401, 109803
2402, 108643
2403, 109028
2404, 109385
2405, 109128
2406, 109746
2407, 109817
2408, 111523
2409, 114254
2410, 117338
2411, 119308
2412, 118776
2413, 119686
2414, 118296
2415, 120338
2416, 120491
2417, 115310
2418, 117283
2419, 117283
2420, 117928
2421, 118136
2422, 117903
2423, 118021
2424, 120391
2425, 121103
2426, 121036
2427, 121208
2428, 121494
2429, 119152
2430, 116682
2431, 116682
2432, 116430
2433, 116430
2434, 117076
2435, 119319
2436, 119714
2437, 118335
2438, 116903
2439, 116378
2440, 116542
2441, 116259
2442, 115244
2443, 116310
2444, 116719
2445, 117059
2446, 114244
2447, 116841
2448, 116841
2449, 113210
2450, 109948
2451, 113060
2452, 115234
2453, 118744
2454, 118605
2455, 115318
2456, 114768
2457, 113924
2458, 114277
2459, 113655
2460, 113603
2461, 114860
2462, 113277
2463, 113612
2464, 112896
2465, 112272
2466, 112583
2467, 111835
2468, 110931
2469, 112242
2470, 111592
2471, 112436
2472, 112554
2473, 112335
2474, 115146
2475, 112414
2476, 111906
2477, 113424
2478, 112861
2479, 116042
2480, 114354
2481, 116431
2482, 118413
2483, 116748
2484, 118510
2485, 116943
2486, 115051
2487, 116692
2488, 115847
2489, 117027
2490, 118352
2491, 116335
2492, 114863
2493, 114307
2494, 112890
2495, 122721
2496, 127274
2497, 126126
2498, 128099
2499, 126935
2500, 129212
2501, 131708
2502, 128267
2503, 126513
2504, 121337
2505, 121995
2506, 123057
2507, 122466
2508, 126193
2509, 128773
2510, 137845
2511, 136176
2512, 135198
2513, 134507
2514, 137744
2515, 136547
2516, 135619
2517, 136716
2518, 139348
2519, 141253
2520, 143517
2521, 142707
2522, 141021
2523, 142286
2524, 144033
2525, 144827
2526, 722964
2527, 658203
2528, 635981
2529, 626144
2530, 617747
2531, 620512
2532, 617848
2533, 620984
2534, 622181
2535, 617274
2536, 614324
2537, 614426
2538, 612958
2539, 612325
2540, 612403
2541, 613634
2542, 613500
2543, 612829
2544, 607063
2545, 607839
2546, 606591
2547, 595640
2548, 624982
2549, 621963
2550, 623885
2551, 624239
2552, 607878
2553, 610879
2554, 614184
2555, 619326
2556, 619990
2557, 619675
2558, 619034
2559, 618850
2560, 617298
2561, 617400
2562, 617486
2563, 615277
2564, 614855
2565, 615327
2566, 614636
2567, 611837
2568, 612275
2569, 611499
2570, 611745
2571, 611611
2572, 611020
2573, 607597
2574, 607530
2575, 606812
2576, 605496
2577, 606862
2578, 607806
2579, 608244
2580, 607468
2581, 607586
2582, 607789
2583, 607435
2584, 607316
2585, 609785
2586, 608993
2587, 608453
2588, 608975
2589, 608081
2590, 601978
2591, 602045
2592, 600341
2593, 600392
2594, 597829
2595, 590983
2596, 591768
2597, 591902
2598, 590114
2599, 589211
2600, 588874
2601, 586429
2602, 588719
2603, 588719
2604, 587320
2605, 585296
2606, 587420
2607, 586813
2608, 586813
2609, 588314
2610, 587217
2611, 581566
2612, 580351
2613, 581987
2614, 582897
2615, 584045
2616, 584786
2617, 583352
2618, 582847
2619, 581211
2620, 578395
2621, 579221
2622, 578327
2623, 578930
2624, 579083
2625, 579083
2626, 577903
2627, 582556
2628, 601040
2629, 604547
2630, 604042
2631, 603889
2632, 597300
2633, 597495
2634, 595758
2635, 594569
2636, 593321
2637, 594383
2638, 593051
2639, 588988
2640, 588566
2641, 588347
2642, 588465
2643, 588687
2644, 588805
2645, 588789
2646, 589565
2647, 589937
2648, 589262
2649, 589599
2650, 589532
2651, 588115
2652, 588029
2653, 586932
2654, 587472
2655, 587338
2656, 587675
2657, 587722
2658, 587655
2659, 588262
2660, 587493
2661, 587528
2662, 587614
2663, 588187
2664, 587799
2665, 587445
2666, 587311
2667, 584192
2668, 584310
2669, 586132
2670, 586975
2671, 586889
2672, 587732
2673, 587693
2674, 587795
2675, 587709
2676, 588118
2677, 588118
2678, 588067
2679, 587764
2680, 588797
2681, 586841
2682, 586841
2683, 586841
2684, 586841
2685, 586065
2686, 586946
2687, 586889
2688, 585746
2689, 586006
2690, 585837
2691, 586621
2692, 586739
2693, 586723
2694, 583676
2695, 583676
2696, 583806
2697, 583624
2698, 583538
2699, 583605
2700, 583648
2701, 583244
2702, 580829
2703, 581048
2704, 578603
2705, 596388
2706, 596388
2707, 594475
2708, 594716
2709, 592743
2710, 593150
2711, 585985
2712, 585109
2713, 585222
2714, 587215
2715, 587250
2716, 588512
2717, 588856
2718, 587630
2719, 586827
2720, 586792
2721, 585211
2722, 583527
2723, 583543
2724, 583610
2725, 583677
2726, 583276
2727, 583554
2728, 583590
2729, 583488
2730, 583547
2731, 583598
2732, 583936
2733, 607922
2734, 620865
2735, 620865
2736, 622102
2737, 622596
2738, 622596
2739, 623243
2740, 623264
2741, 627240
2742, 634121
2743, 630629
2744, 629617
2745, 627561
2746, 629140
2747, 627723
2748, 626757
2749, 628015
2750, 627759
2751, 629262
2752, 627056
2753, 623589
2754, 625882
2755, 628134
2756, 630626
2757, 629936
2758, 629159
2759, 630246
2760, 630768
2761, 634160
2762, 633788
2763, 634884
2764, 638247
2765, 633455
2766, 646598
2767, 643330
2768, 639474
2769, 635527
2770, 634182
2771, 632581
2772, 633851
2773, 632586
2774, 633534
2775, 632095
2776, 633485
2777, 630232
2778, 630232
2779, 630401
2780, 630039
2781, 628902
2782, 629224
2783, 630380
2784, 630380
2785, 630503
2786, 630402
2787, 632090
2788, 630639
2789, 631195
2790, 632723
2791, 632621
2792, 632723
2793, 631508
2794, 630346
2795, 630330
2796, 630430
2797, 630031
2798, 624704
2799, 626138
2800, 626788
2801, 626788
2802, 629057
2803, 628695
2804, 629454
2805, 629471
2806, 629377
2807, 629463
2808, 629280
2809, 629264
2810, 629294
2811, 629007
2812, 624330
2813, 624279
2814, 624837
2815, 621255
2816, 620863
2817, 621451
2818, 620839
2819, 620897
2820, 620342
2821, 620325
2822, 620728
2823, 620647
2824, 620227
2825, 619974
2826, 619602
2827, 619300
2828, 619619
2829, 617629
2830, 618552
2831, 618517
2832, 618228
2833, 618271
2834, 624124
2835, 623718
2836, 628984
2837, 628984
2838, 628984
2839, 625193
2840, 625209
2841, 621153
2842, 968573
2843, 943699
2844, 939280
2845, 945686
2846, 935564
2847, 940125
2848, 936506
2849, 936195
2850, 929308
2851, 930482
2852, 929878
2853, 928281
2854, 925815
2855, 926245
2856, 925377
2857, 926021
2858, 925722
2859, 918881
2860, 895902
2861, 903133
2862, 857546
2863, 859794
2864, 858887
2865, 857888
2866, 859929
2867, 860335
2868, 859248
2869, 859644
2870, 865183
2871, 849766
2872, 852521
2873, 852218
2874, 851977
2875, 852318
2876, 852193
2877, 853082
2878, 853345
2879, 853738
2880, 851884
2881, 848858
2882, 834022
2883, 836969
2884, 817913
2885, 812783
2886, 813016
2887, 811152
2888, 813061
2889, 811987
2890, 811065
2891, 811065
2892, 811617
2893, 811682
2894, 811247
2895, 811067
2896, 811552
2897, 811529
2898, 815992
2899, 811650
2900, 817944
2901, 831840
2902, 828672
2903, 825283
2904, 823672
2905, 825058
2906, 825734
2907, 826918
2908, 833517
2909, 832889
2910, 832524
2911, 831147
2912, 832980
2913, 831791
2914, 831603
2915, 833084
2916, 838289
2917, 837019
2918, 837501
2919, 840455
2920, 838821
2921, 832905
2922, 831906
2923, 832790
2924, 836522
2925, 834939
2926, 836218
2927, 843309
2928, 852170
2929, 846924
2930, 846924
2931, 847563
2932, 845606
2933, 848281
2934, 847435
2935, 849791
2936, 851433
2937, 852015
2938, 850916
2939, 850953
2940, 849459
2941, 848850
2942, 849217
2943, 850251
2944, 853146
2945, 852501
2946, 854028
2947, 857438
2948, 860149
2949, 861803
2950, 859377
2951, 860539
2952, 856222
2953, 855728
2954, 855151
2955, 852114
2956, 852491
2957, 848617
2958, 848826
2959, 846465
2960, 848660
2961, 848595
2962, 849091
2963, 846722
2964, 844307
2965, 847522
2966, 845751
2967, 851999
2968, 845251
2969, 855773
2970, 844646
2971, 822023
2972, -278987
2973, -119354
2974, -212343
2975, -184660
2976, -109463
2977, 43892
2978, -848
2979, 50280
2980, 21154
2981, 11171
2982, 80292
2983, -53375
2984, -53375
2985, -14378
2986, -223869
2987, -79577
2988, -104694
2989, -73139
2990, -13749
2991, -32838
2992, -6990
2993, -6990
2994, 14986
2995, 14986
2996, 3796
2997, 19042
2998, -7055
2999, -34103
3000, -103522
3001, -118445
3002, -129026
3003, -116984
3004, -126154
3005, -97582
3006, -136393
3007, -169850
3008, -127202
3009, -171059
3010, -163473
3011, -235153
3012, -206090
3013, -195767
3014, -216506
3015, -228306
3016, -213091
3017, -224993
3018, -210722
3019, -205516
3020, -194335
3021, -197885
3022, -188694
3023, -196909
3024, -178296
3025, -197887
3026, -185501
3027, -171803
3028, -155364
3029, -150134
3030, -164439
3031, -159168
3032, -167622
3033, -165866
3034, -193287
3035, -223659
3036, -253725
3037, -242753
3038, -233282
3039, -246609
3040, -240933
3041, -240933
3042, -247027
3043, -241902
3044, -249144
3045, -227598
3046, -240932
3047, -238707
3048, -278100
3049, -264070
3050, -275760
3051, -259083
3052, -244288
3053, -231779
3054, -236913
3055, -242296
3056, -246339
3057, -231456
3058, -234687
3059, -238587
3060, -233572
3061, -235874
3062, -242396
3063, -239206
3064, -240415
3065, -243704
3066, -243704
3067, -230563
3068, -245573
3069, -245573
3070, -249782
3071, -247174
3072, -250615
3073, -246796
3074, -248206
3075, -249802
3076, -249802
3077, -244200
3078, -257286
3079, -251003
3080, -250022
3081, -242711
3082, -250428
3083, -245885
3084, -249286
3085, -242058
3086, -254572
3087, -238006
3088, -256304
3089, -245673
3090, -233789
3091, -243361
3092, -243361
3093, -253316
3094, -238607
3095, -233433
3096, -244897
3097, -241629
3098, -255142
3099, -245209
3100, -238648
3101, -254851
3102, -236606
3103, -239063
3104, -252193
3105, -228850
3106, -247396
3107, -238778
3108, -253854
3109, -247843
3110, -256972
3111, -256972
3112, -255714
3113, -250550
3114, -257379
3115, -252843
3116, -258368
3117, -260299
3118, -260196
3119, -261948
3120, -261739
3121, -271071
3122, -267770
3123, -270505
3124, -300207
3125, -278276
3126, -310417
3127, -302255
3128, -333404
3129, -330043
3130, -328512
3131, -324004
3132, -327561
