0, 1230
1, 105
2, -2145
3, -2145
4, 405
5, -445
6, 443
7, -457
8, -757
9, -1057
10, -2408
11, -2158
12, 5092
13, 2492
14, 2962
15, 25072
16, 23722
17, 19172
18, 23227
19, 23931
20, 34316
21, 36475
22, 46712
23, 45368
24, 46093
25, 48393
26, 45331
27, 45231
28, 49655
29, 56809
30, 56809
31, 65187
32, 59987
33, 59987
34, 59987
35, 67638
36, 137506
37, 118230
38, 111578
39, 107482
40, 96319
41, 86904
42, 86904
43, 90800
44, 87504
45, 86195
46, 100640
47, -287079
48, -273732
49, -593992
50, -599342
51, -593219
52, -594735
53, -591885
54, -586354
55, -587164
56, -585664
57, -586034
58, -585234
59, -586189
60, -589339
61, -582788
62, -596988
63, -596788
64, -597438
65, -597438
66, -615516
67, -637385
68, -637635
69, -631800
70, -635857
71, -665857
72, -664907
73, -664907
74, -661067
75, -658804
76, -661269
77, -652269
78, -655520
79, -653448
80, -658073
81, -661273
82, -662073
83, -662073
84, -660073
85, -660573
86, -660473
87, -660923
88, -663338
89, -663338
90, -657880
91, -656780
92, -658730
93, -656480
94, -659230
95, -658425
96, -659578
97, -658728
98, -655828
99, -654228
100, -652328
101, -652410
102, -651060
103, -651680
104, -650901
105, -649951
106, -650977
107, -652411
108, -652411
109, -650861
110, -652536
111, -649166
112, -658549
113, -658149
114, -654309
115, -657399
116, -664422
117, -664172
118, -663222
119, -663572
120, -662772
121, -666682
122, -667982
123, -672808
124, -668558
125, -668558
126, -670083
127, -661267
128, -663722
129, -665067
130, -662817
131, -664780
132, -666780
133, -664514
134, -660414
135, -665239
136, -663689
137, -666309
138, -665009
139, -664507
140, -660682
141, -658587
142, -658887
143, -661837
144, -661987
145, -662337
146, -656583
147, -658635
148, -658485
149, -659385
150, -657685
151, -657685
152, -660617
153, -662617
154, -657188
155, -658338
156, -654749
157, -658064
158, -658814
159, -652385
160, -655538
161, -652435
162, -654395
163, -648395
164, -651195
165, -648334
166, -647921
167, -643271
168, -644634
169, -646484
170, -646484
171, -641584
172, -645928
173, -650428
174, -654578
175, -653578
176, -653028
177, -645879
178, -641653
179, -643653
180, -643653
181, -643746
182, -643746
183, -643288
184, -646564
185, -644264
186, -644990
187, -639140
188, -637187
189, -659868
190, -643560
191, -636066
192, -639752
193, -643452
194, -637004
195, -642516
196, -653216
197, -655866
198, -653116
199, -654966
200, -665094
201, -676809
202, -673259
203, -676522
204, -670931
205, -678346
206, -676546
207, -679606
208, -676031
209, -673340
210, -685339
211, -680314
212, -680314
213, -678014
214, -687124
215, -685714
216, -688164
217, -687814
218, -687814
219, -690183
220, -676048
221, -669459
222, -659390
223, -660790
224, -660790
225, -658290
226, -661765
227, -655847
228, -655847
229, -653092
230, -660617
231, -654266
232, -656031
233, -653331
234, -654901
235, -653348
236, -654998
237, -652145
238, -648900
239, -699242
240, -699392
241, -699054
242, -698257
243, -712000
244, -707627
245, -703765
246, -703765
247, -703765
248, -706265
249, -714165
250, -717152
251, -715020
252, -717419
253, -716769
254, -715251
255, -712831
256, -712781
257, -709181
258, -709731
259, -706981
260, -706181
261, -709206
262, -708531
263, -709981
264, -708372
265, -706872
266, -704943
267, -702893
268, -705177
269, -707382
270, -708732
271, -706732
272, -706204
273, -706204
274, -706304
275, -706674
276, -705924
277, -706424
278, -726045
279, -714183
280, -701478
281, -703996
282, -695871
283, -688496
284, -688546
285, -688296
286, -682294
287, -685220
288, -693120
289, -688227
290, -688227
291, -688227
292, -687812
293, -684075
294, -686125
295, -682522
296, -685449
297, -685449
298, -677808
299, -678508
300, -674823
301, -675586
302, -681944
303, -674416
304, -672965
305, -669473
306, -666198
307, -666648
308, -664748
309, -662748
310, -666047
311, -661746
312, -666649
313, -669898
314, -665019
315, -666594
316, -667594
317, -675071
318, -691021
319, -672255
320, -678505
321, -696095
322, -687407
323, -689727
324, -691752
325, -689902
326, -685734
327, -687524
328, -693025
329, -689325
330, -718990
331, -715840
332, -715840
333, -707523
334, -716456
335, -709181
336, -709831
337, -707681
338, -710781
339, -703583
340, -708739
341, -706736
342, -711136
343, -708186
344, -708186
345, -690293
346, -691373
347, -693426
348, -693276
349, -691776
350, -688426
351, -692476
352, -691176
353, -688549
354, -692324
355, -694149
356, -694149
357, -694149
358, -693928
359, -694578
360, -694828
361, -693828
362, -697049
363, -695268
364, -789125
365, -801325
366, -806425
367, -811950
368, -811950
369, -810400
370, -805344
371, -803209
372, -798327
373, -801802
374, -804292
375, -804292
376, -802667
377, -805317
378, -798567
379, -795317
380, -799867
381, -802467
382, -794122
383, -794122
384, -794812
385, -794112
386, -795662
387, -794762
388, -792662
389, -792983
390, -793183
391, -794108
392, -794641
393, -792515
394, -798715
395, -798415
396, -797665
397, -797077
398, -797377
399, -797999
400, -796474
401, -793474
402, -791574
403, -787674
404, -790074
405, -793450
406, -793450
407, -789732
408, -789732
409, -790075
410, -784476
411, -781451
412, -781451
413, -784101
414, -783951
415, -791366
416, -792816
417, -795316
418, -793028
419, -795508
420, -796308
421, -800208
422, -796518
423, -792543
424, -803124
425, -805979
426, -804879
427, -806050
428, -807178
429, -806369
430, -805219
431, -807513
432, -809413
433, -809413
434, -807813
435, -807413
436, -807313
437, -807613
438, -807413
439, -808213
440, -808213
441, -804698
442, -805648
443, -805310
444, -801850
445, -801400
446, -801650
447, -802950
448, -802311
449, -804261
450, -793828
451, -789703
452, -783441
453, -783741
454, -783953
455, -784503
456, -787103
457, -788417
458, -788967
459, -699007
460, -696682
461, -696803
462, -696750
463, -698984
464, -698034
465, -698134
466, -696584
467, -700686
468, -700336
469, -700486
470, -692464
471, -693016
472, -693753
473, -693153
474, -693314
475, -682234
476, -684277
477, -673027
478, -672627
479, -672277
480, -670719
481, -670719
482, -667148
483, -665998
484, -669279
485, -669224
486, -662207
487, -661095
488, -658644
489, -658694
490, -658830
491, -658480
492, -658265
493, -657211
494, -656892
495, -659155
496, -659155
497, -661105
498, -659735
499, -658866
500, -658966
501, -659866
502, -658916
503, -673841
504, -674141
505, -675991
506, -670977
507, -671517
508, -671851
509, -665126
510, -664574
511, -660324
512, -660224
513, -661079
514, -661079
515, -661079
516, -660168
517, -660168
518, -660668
519, -658618
520, -662018
521, -660518
522, -663119
523, -661026
524, -661128
525, -661128
526, -660315
527, -660265
528, -637146
529, -635736
530, -644966
531, -644966
532, -645351
533, -645801
534, -646751
535, -646451
536, -647001
537, -647526
538, -646576
539, -646826
540, -651558
541, -651308
542, -642718
543, -643218
544, -642491
545, -643276
546, -642705
547, -640934
548, -640934
549, -640834
550, -643184
551, -641561
552, -642617
553, -643017
554, -642315
555, -643836
556, -643521
557, -645571
558, -645046
559, -645747
560, -634979
561, -635814
562, -635064
563, -635114
564, -635724
565, -635724
566, -635924
567, -635374
568, -635174
569, -633838
570, -634788
571, -636138
572, -636825
573, -636244
574, -636244
575, -635837
576, -636337
577, -636387
578, -636437
579, -634642
580, -635192
581, -633924
582, -633924
583, -633129
584, -632329
585, -633029
586, -632906
587, -633406
588, -633406
589, -634407
590, -634817
591, -636034
592, -634958
593, -634958
594, -635837
595, -635252
596, -635252
597, -637744
598, -637744
599, -634543
600, -633776
601, -633524
602, -632324
603, -631272
604, -631522
605, -631322
606, -636572
607, -635372
608, -635322
609, -636422
610, -635172
611, -635372
612, -635657
613, -635657
614, -635467
615, -635164
616, -636076
617, -630128
618, -629516
619, -632366
620, -632366
621, -631816
622, -632116
623, -632116
624, -632066
625, -632066
626, -630816
627, -631327
628, -631910
629, -631710
630, -632399
631, -632758
632, -633158
633, -632864
634, -631380
635, -631575
636, -631575
637, -631575
638, -631575
639, -631575
640, -631575
641, -631525
642, -631992
643, -631992
644, -631992
645, -631992
646, -631992
647, -631992
648, -631992
649, -630101
650, -630201
651, -633551
652, -632901
653, -634301
654, -636251
655, -636251
656, -636251
657, -636251
658, -636251
659, -636251
660, -635851
661, -635901
662, -635951
663, -638102
664, -637952
665, -638656
666, -638656
667, -639206
668, -639356
669, -636406
670, -558719
671, -555970
672, -561420
673, -562413
674, -562013
675, -569643
676, -568935
677, -570710
678, -569416
679, -566881
680, -565907
681, -566403
682, -566403
683, -563853
684, -560385
685, -556981
686, -570163
687, -567613
688, -570478
689, -572610
690, -574103
691, -572491
692, -570816
693, -573748
694, -572454
695, -573465
696, -573465
697, -563066
698, -564097
699, -561586
700, -559461
701, -559564
702, -563254
703, -563154
704, -564012
705, -562897
706, -562397
707, -563655
708, -563655
709, -564818
710, -564118
711, -563918
712, -565062
713, -565062
714, -566012
715, -565912
716, -568386
717, -568386
718, -568386
719, -568386
720, -568386
721, -568386
722, -568386
723, -566334
724, -561633
725, -562159
726, -562214
727, -561460
728, -560126
729, -561229
730, -554181
731, -553531
732, -554261
733, -554742
734, -553892
735, -553892
736, -554649
737, -554649
738, -554649
739, -554649
740, -553319
741, -560404
742, -562954
743, -561224
744, -565074
745, -565074
746, -564740
747, -565043
748, -564893
749, -564743
750, -564843
751, -564743
752, -564793
753, -564643
754, -564643
755, -567419
756, -569435
757, -569435
758, -569435
759, -568491
760, -569626
761, -562264
762, -565420
763, -574928
764, -574928
765, -574508
766, -574508
767, -574508
768, -574408
769, -574588
770, -572038
771, -565188
772, -566635
773, -566935
774, -566835
775, -571553
776, -571553
777, -570032
778, -570144
779, -571419
780, -567627
781, -567627
782, -569227
783, -569902
784, -566372
785, -570074
786, -569413
787, -574463
788, -574463
789, -485235
790, -478645
791, -478645
792, -478190
793, -488200
794, -483838
795, -483335
796, -484918
797, -487876
798, -488570
799, -488125
800, -489519
801, -493512
802, -493391
803, -493391
804, -493441
805, -490044
806, -490326
807, -490126
808, -490834
809, -490434
810, -489350
811, -490200
812, -489950
813, -490650
814, -489600
815, -489381
816, -489381
817, -489617
818, -489717
819, -490767
820, -489767
821, -492265
822, -492515
823, -495102
824, -494102
825, -493852
826, -495440
827, -495590
828, -492838
829, -488898
830, -488898
831, -493700
832, -500652
833, -502234
834, -501005
835, -501005
836, -503715
837, -503665
838, -504442
839, -505753
840, -505498
841, -505948
842, -507242
843, -507242
844, -520485
845, -514442
846, -513942
847, -510918
848, -511023
849, -511023
850, -510278
851, -510428
852, -517098
853, -512198
854, -511798
855, -514956
856, -514756
857, -524208
858, -524708
859, -524708
860, -526340
861, -528970
862, -526845
863, -525195
864, -529462
865, -531287
866, -526344
867, -523636
868, -523636
869, -524488
870, -524588
871, -524588
872, -528384
873, -528384
874, -522566
875, -521516
876, -520716
877, -520870
878, -520870
879, -519820
880, -528009
881, -522986
882, -522436
883, -521636
884, -524072
885, -527522
886, -523412
887, -518420
888, -519020
889, -515654
890, -515654
891, -515654
892, -517004
893, -515004
894, -514091
895, -518791
896, -516389
897, -514732
898, -514482
899, -514332
900, -516032
901, -515378
902, -527584
903, -526459
904, -525894
905, -526323
906, -524519
907, -527620
908, -526174
909, -526799
910, -562417
911, -553130
912, -550556
913, -551693
914, -547678
915, -542460
916, -535459
917, -533321
918, -531313
919, -533260
920, -527087
921, -526244
922, -527772
923, -528281
924, -527778
925, -527113
926, -527929
927, -568469
928, -569864
929, -569094
930, -569719
931, -573670
932, -574052
933, -573720
934, -563537
935, -565353
936, -565353
937, -564343
938, -566832
939, -566122
940, -562166
941, -567126
942, -565367
943, -538931
944, -598144
945, -592269
946, -592269
947, -593072
948, -589254
949, -588189
950, -588472
951, -587818
952, -587818
953, -587764
954, -585332
955, -584942
956, -616325
957, -616185
958, -617158
959, -617158
960, -616669
961, -616829
962, -616498
963, -617173
964, -616653
965, -615793
966, -609528
967, -612438
968, -607151
969, -586017
970, -587171
971, -590655
972, -592233
973, -592383
974, -594848
975, -598123
976, -597923
977, -595327
978, -595327
979, -597130
980, -597130
981, -591778
982, -592473
983, -583185
984, -582219
985, -582269
986, -588797
987, -588277
988, -587152
989, -588977
990, -588977
991, -588677
992, -580233
993, -580683
994, -576860
995, -577602
996, -578372
997, -582994
998, -581244
999, -581244
1000, -581544
1001, -580894
1002, -581365
1003, -581015
1004, -580815
1005, -580265
1006, -580265
1007, -579785
1008, -580627
1009, -581111
1010, -581111
1011, -581111
1012, -581111
1013, -581111
1014, -581582
1015, -581682
1016, -581732
1017, -581732
1018, -583282
1019, -583782
1020, -584215
1021, -583180
1022, -583681
1023, -583131
1024, -583131
1025, -582735
1026, -584659
1027, -583908
1028, -583308
1029, -583431
1030, -580348
1031, -570120
1032, -569878
1033, -569178
1034, -572615
1035, -572615
1036, -572615
1037, -570824
1038, -569245
1039, -569653
1040, -568286
1041, -568411
1042, -568411
1043, -567628
1044, -567628
1045, -566674
1046, -568058
1047, -566408
1048, -568758
1049, -565368
1050, -565118
1051, -568164
1052, -567497
1053, -542515
1054, -542515
1055, -535409
1056, -534652
1057, -539776
1058, -538567
1059, -561814
1060, -550350
1061, -547485
1062, -578253
1063, -577612
1064, -597412
1065, -595384
1066, -595984
1067, -595032
1068, -595450
1069, -596302
1070, -598702
1071, -606839
1072, -601487
1073, -604867
1074, -594511
1075, -603404
1076, -602296
1077, -602856
1078, -599445
1079, -599087
1080, -596081
1081, -596264
1082, -595359
1083, -599236
1084, -599836
1085, -607354
1086, -607180
1087, -606840
1088, -606890
1089, -606605
1090, -606705
1091, -628015
1092, -628315
1093, -624637
1094, -622066
1095, -624138
1096, -630709
1097, -630709
1098, -630021
1099, -630571
1100, -628443
1101, -630130
1102, -629894
1103, -632900
1104, -636190
1105, -630453
1106, -630351
1107, -628271
1108, -626514
1109, -631655
1110, -630223
1111, -631485
1112, -631485
1113, -631485
1114, -631485
1115, -631485
1116, -631485
1117, -629157
1118, -629998
1119, -628258
1120, -628308
1121, -628258
1122, -631358
1123, -631842
1124, -631442
1125, -634375
1126, -635665
1127, -635461
1128, -635561
1129, -635501
1130, -635664
1131, -635184
1132, -635009
1133, -635159
1134, -638227
1135, -639244
1136, -638407
1137, -639157
1138, -639207
1139, -642112
1140, -641337
1141, -648449
1142, -651727
1143, -649574
1144, -650024
1145, -648972
1146, -647043
1147, -648163
1148, -648593
1149, -648693
1150, -647909
1151, -641909
1152, -643277
1153, -639769
1154, -641019
1155, -640765
1156, -649018
1157, -648510
1158, -650228
1159, -647047
1160, -641980
1161, -643086
1162, -642636
1163, -647203
1164, -646675
1165, -646675
1166, -645862
1167, -646112
1168, -646112
1169, -646112
1170, -646412
1171, -644802
1172, -644802
1173, -639952
1174, -640652
1175, -641958
1176, -642219
1177, -639845
1178, -640230
1179, -640230
1180, -640905
1181, -640027
1182, -640628
1183, -641182
1184, -639791
1185, -639641
1186, -640272
1187, -634795
1188, -631565
1189, -632987
1190, -601807
1191, -603507
1192, -603146
1193, -602890
1194, -601640
1195, -603235
1196, -604352
1197, -604477
1198, -603070
1199, -601855
1200, -603190
1201, -600240
1202, -600002
1203, -609964
1204, -609800
1205, -609912
1206, -610750
1207, -611163
1208, -609635
1209, -612702
1210, -612993
1211, -607304
1212, -606153
1213, -608035
1214, -608035
1215, -608035
1216, -607407
1217, -607609
1218, -607659
1219, -606959
1220, -607159
1221, -607059
1222, -606868
1223, -607018
1224, -607418
1225, -607468
1226, -606253
1227, -605908
1228, -605306
1229, -604867
1230, -606282
1231, -606332
1232, -604004
1233, -603954
1234, -604491
1235, -604241
1236, -604291
1237, -600941
1238, -639327
1239, -639327
1240, -639327
1241, -639877
1242, -625422
1243, -624777
1244, -633652
1245, -631852
1246, -625845
1247, -617700
1248, -614020
1249, -606696
1250, -619907
1251, -619907
1252, -614792
1253, -614792
1254, -613237
1255, -612996
1256, -613269
1257, -612343
1258, -613441
1259, -608053
1260, -609647
1261, -609882
1262, -610593
1263, -610100
1264, -610891
1265, -611863
1266, -612591
1267, -610741
1268, -608291
1269, -610016
1270, -610066
1271, -605965
1272, -605815
1273, -602038
1274, -600069
1275, -600844
1276, -602761
1277, -607073
1278, -607344
1279, -605588
1280, -605588
1281, -605283
1282, -601722
1283, -601328
1284, -597153
1285, -597203
1286, -598253
1287, -599679
1288, -601064
1289, -601350
1290, -601250
1291, -600583
1292, -597295
1293, -592828
1294, -593678
1295, -593028
1296, -593441
1297, -592070
1298, -592930
1299, -593862
1300, -591369
1301, -591494
1302, -587338
1303, -586912
1304, -587312
1305, -589604
1306, -589146
1307, -592780
1308, -593562
1309, -589696
1310, -587324
1311, -587426
1312, -641566
1313, -632073
1314, -628577
1315, -626266
1316, -627627
1317, -625369
1318, -626410
1319, -627510
1320, -630576
1321, -632494
1322, -629867
1323, -633002
1324, -633002
1325, -633402
1326, -630785
1327, -630785
1328, -664186
1329, -664186
1330, -664036
1331, -664036
1332, -654036
1333, -655286
1334, -653674
1335, -653446
1336, -649933
1337, -649010
1338, -653553
1339, -653553
1340, -653553
1341, -646274
1342, -639365
1343, -644585
1344, -630793
1345, -636771
1346, -627059
1347, -629667
1348, -630667
1349, -628654
1350, -629537
1351, -631725
1352, -636142
1353, -631324
1354, -632132
1355, -624402
1356, -624052
1357, -624002
1358, -625631
1359, -632112
1360, -634595
1361, -635610
1362, -634958
1363, -637140
1364, -637334
1365, -634209
1366, -633859
1367, -634934
1368, -631101
1369, -632990
1370, -632790
1371, -637590
1372, -634552
1373, -634854
1374, -634954
1375, -632840
1376, -635414
1377, -638238
1378, -638238
1379, -637908
1380, -638133
1381, -639833
1382, -636132
1383, -636132
1384, -636073
1385, -636623
1386, -636498
1387, -636998
1388, -635998
1389, -660209
1390, -661127
1391, -661077
1392, -662027
1393, -660887
1394, -661030
1395, -659342
1396, -672092
1397, -672192
1398, -670635
1399, -661687
1400, -662715
1401, -670236
1402, -672736
1403, -670494
1404, -671994
1405, -671120
1406, -671270
1407, -671175
1408, -671081
1409, -671848
1410, -679018
1411, -680418
1412, -680418
1413, -678868
1414, -678767
1415, -677275
1416, -677968
1417, -677035
1418, -679697
1419, -682176
1420, -680017
1421, -680806
1422, -681556
1423, -680603
1424, -680278
1425, -680603
1426, -670157
1427, -674927
1428, -673020
1429, -674320
1430, -673900
1431, -673121
1432, -673371
1433, -672420
1434, -672370
1435, -674285
1436, -673935
1437, -669372
1438, -670980
1439, -671598
1440, -673674
1441, -673674
1442, -674224
1443, -679336
1444, -679136
1445, -682086
1446, -683693
1447, -688241
1448, -689991
1449, -687646
1450, -689577
1451, -689777
1452, -690627
1453, -690277
1454, -691233
1455, -692372
1456, -694022
1457, -696872
1458, -683115
1459, -689282
1460, -690232
1461, -683215
1462, -682712
1463, -684662
1464, -686462
1465, -685362
1466, -677660
1467, -679395
1468, -680045
1469, -680527
1470, -680527
1471, -678928
1472, -677444
1473, -678051
1474, -678051
1475, -680984
1476, -681334
1477, -682092
1478, -683088
1479, -680130
1480, -679446
1481, -679696
1482, -655492
1483, -654842
1484, -658352
1485, -658452
1486, -655879
1487, -651494
1488, -652319
1489, -651820
1490, -647220
1491, -644769
1492, -643669
1493, -644327
1494, -645790
1495, -643430
1496, -646860
1497, -648620
1498, -648270
1499, -660177
1500, -657143
1501, -657143
1502, -656644
1503, -655270
1504, -655520
1505, -659669
1506, -658619
1507, -660569
1508, -659569
1509, -659669
1510, -659107
1511, -659157
1512, -658746
1513, -661285
1514, -660535
1515, -659565
1516, -663815
1517, -666023
1518, -664676
1519, -664726
1520, -665376
1521, -665376
1522, -696526
1523, -692855
1524, -701838
1525, -701838
1526, -697179
1527, -702297
1528, -703763
1529, -705826
1530, -698010
1531, -701686
1532, -698626
1533, -694816
1534, -695789
1535, -701322
1536, -700947
1537, -703235
1538, -700957
1539, -699169
1540, -697679
1541, -699414
1542, -698964
1543, -700389
1544, -699881
1545, -700208
1546, -699753
1547, -699753
1548, -700943
1549, -703040
1550, -700213
1551, -700717
1552, -701892
1553, -702842
1554, -700380
1555, -700679
1556, -695679
1557, -697479
1558, -697602
1559, -697802
1560, -696630
1561, -696730
1562, -699562
1563, -699290
1564, -697340
1565, -693790
1566, -695727
1567, -695727
1568, -695433
1569, -703258
1570, -701687
1571, -701936
1572, -701786
1573, -701437
1574, -701163
1575, -702265
1576, -702265
1577, -701611
1578, -702161
1579, -702211
1580, -690728
1581, -689490
1582, -690075
1583, -689961
1584, -690152
1585, -689242
1586, -689692
1587, -686971
1588, -689212
1589, -690037
1590, -689612
1591, -691465
1592, -692230
1593, -690630
1594, -689880
1595, -691009
1596, -688026
1597, -688707
1598, -688815
1599, -689228
1600, -689678
1601, -693342
1602, -693342
1603, -691491
1604, -691630
1605, -691730
1606, -690870
1607, -689589
1608, -690689
1609, -691570
1610, -692187
1611, -690563
1612, -689449
1613, -688099
1614, -689008
1615, -687662
1616, -688612
1617, -687355
1618, -688570
1619, -688620
1620, -688532
1621, -688432
1622, -689007
1623, -684829
1624, -688779
1625, -687967
1626, -688217
1627, -686716
1628, -692894
1629, -691221
1630, -689733
1631, -693293
1632, -691793
1633, -693193
1634, -693193
1635, -693812
1636, -702584
1637, -702584
1638, -703684
1639, -703684
1640, -707933
1641, -707715
1642, -710825
1643, -710825
1644, -710825
1645, -710825
1646, -714939
1647, -716178
1648, -716378
1649, -713328
1650, -713478
1651, -713478
1652, -713478
1653, -713378
1654, -712208
1655, -712278
1656, -712278
1657, -723833
1658, -723625
1659, -723175
1660, -723175
1661, -726692
1662, -726018
1663, -723247
1664, -723247
1665, -727339
1666, -727839
1667, -727789
1668, -724433
1669, -718453
1670, -692849
1671, -694239
1672, -693939
1673, -695111
1674, -684080
1675, -685000
1676, -684700
1677, -692086
1678, -695950
1679, -695357
1680, -696345
1681, -700671
1682, -700671
1683, -700621
1684, -700937
1685, -701908
1686, -664305
1687, -664455
1688, -663333
1689, -664052
1690, -659462
1691, -659462
1692, -657337
1693, -657761
1694, -658132
1695, -657682
1696, -658255
1697, -658328
1698, -658428
1699, -666351
1700, -665673
1701, -666173
1702, -666672
1703, -666672
1704, -670472
1705, -670422
1706, -675872
1707, -675122
1708, -675323
1709, -675223
1710, -680674
1711, -673038
1712, -673038
1713, -673038
1714, -673038
1715, -673038
1716, -673738
1717, -683713
1718, -683413
1719, -683363
1720, -682426
1721, -682426
1722, -682426
1723, -682426
1724, -682926
1725, -688497
1726, -688197
1727, -688197
1728, -685547
1729, -680576
1730, -678575
1731, -678575
1732, -677699
1733, -679675
1734, -675631
1735, -676312
1736, -675755
1737, -675282
1738, -676307
1739, -676307
1740, -675757
1741, -676857
1742, -677107
1743, -676983
1744, -677083
1745, -678213
1746, -678146
1747, -676678
1748, -678385
1749, -678685
1750, -677894
1751, -679960
1752, -681723
1753, -680858
1754, -679708
1755, -680632
1756, -674297
1757, -676579
1758, -676129
1759, -676321
1760, -676371
1761, -675573
1762, -675723
1763, -670841
1764, -673806
1765, -673016
1766, -672633
1767, -673833
1768, -673558
1769, -648388
1770, -648388
1771, -648388
1772, -644602
1773, -641827
1774, -637977
1775, -638475
1776, -652295
1777, -668165
1778, -666430
1779, -666068
1780, -665698
1781, -665879
1782, -665279
1783, -667220
1784, -667841
1785, -666445
1786, -666019
1787, -667164
1788, -666371
1789, -666521
1790, -666221
1791, -666371
1792, -666046
1793, -670732
1794, -670682
1795, -670837
1796, -670837
1797, -671532
1798, -669693
1799, -669841
1800, -668691
1801, -673991
1802, -670535
1803, -670585
1804, -669809
1805, -670959
1806, -674597
1807, -673985
1808, -674355
1809, -673526
1810, -673526
1811, -675000
1812, -674939
1813, -675408
1814, -669881
1815, -670098
1816, -669585
1817, -668448
1818, -670569
1819, -671794
1820, -671944
1821, -670044
1822, -668827
1823, -668927
1824, -668977
1825, -667372
1826, -666494
1827, -667807
1828, -666401
1829, -661034
1830, -658174
1831, -657994
1832, -656987
1833, -657037
1834, -656370
1835, -658592
1836, -659812
1837, -659962
1838, -660062
1839, -660062
1840, -660487
1841, -660387
1842, -666001
1843, -666307
1844, -663442
1845, -665869
1846, -666883
1847, -665833
1848, -665218
1849, -666018
1850, -661918
1851, -662768
1852, -667401
1853, -667901
1854, -666111
1855, -666440
1856, -665190
1857, -665190
1858, -670910
1859, -670410
1860, -646273
1861, -646387
1862, -659273
1863, -660297
1864, -658290
1865, -662154
1866, -658969
1867, -662606
1868, -660104
1869, -659074
1870, -659324
1871, -660869
1872, -660519
1873, -681491
1874, -672165
1875, -675126
1876, -700076
1877, -654426
1878, -669526
1879, -673326
1880, -673326
1881, -678226
1882, -679926
1883, -676226
1884, -676226
1885, -676226
1886, -676226
1887, -675838
1888, -676893
1889, -674293
1890, -674493
1891, -674493
1892, -657843
1893, -655493
1894, -652693
1895, -652693
1896, -650093
1897, -654593
1898, -622622
1899, -622322
1900, -622091
1901, -622091
1902, -618034
1903, -616834
1904, -616834
1905, -616484
1906, -617584
1907, -618484
1908, -618184
1909, -621434
1910, -646734
1911, -638817
1912, -640117
1913, -640167
1914, -639617
1915, -638617
1916, -636017
1917, -636862
1918, -637312
1919, -645912
1920, -578012
1921, -562226
1922, -561476
1923, -564076
1924, -556958
1925, -560330
1926, -531530
1927, -532280
1928, -532030
1929, -532082
1930, -532082
1931, -528782
1932, -527532
1933, -530932
1934, -529849
1935, -530099
1936, -527699
1937, -527549
1938, -528149
1939, -526799
1940, -526799
1941, -516549
1942, -512899
1943, -490249
1944, -502849
1945, -508249
1946, -510049
1947, -513099
1948, -512199
1949, -511149
1950, -513100
1951, -507349
1952, -508879
1953, -524085
1954, -517865
1955, -516996
1956, -516996
1957, -529912
1958, -559687
1959, -575091
1960, -566366
1961, -562358
1962, -519727
1963, -522112
1964, -530579
1965, -529939
1966, -532309
1967, -517121
1968, -516801
1969, -516801
1970, -519601
1971, -460182
1972, -475541
1973, -460518
1974, -456869
1975, -459621
1976, -464689
1977, -465108
1978, -465271
1979, -214266
1980, -214266
1981, -216577
1982, -230863
1983, -230389
1984, -230513
1985, -230002
1986, -227797
1987, -227541
1988, -226637
1989, -227479
1990, -229234
1991, -228934
1992, -229918
1993, -227439
1994, -228646
1995, -229228
1996, -228872
1997, -230785
1998, -231107
1999, -230950
2000, -230854
2001, -231032
2002, -232904
2003, -231657
2004, -232083
2005, -235819
2006, -236222
2007, -230828
2008, -231762
2009, -230901
2010, -226043
2011, -224986
2012, -225538
2013, -223562
2014, -218490
2015, -214783
2016, -216033
2017, -210018
2018, -215123
2019, -219583
2020, -218126
2021, -220773
2022, -224369
2023, -244987
2024, -244437
2025, -235766
2026, -235251
2027, -237001
2028, -236466
2029, -251699
2030, -249310
2031, -248960
2032, -248960
2033, -249805
2034, -242867
2035, -243233
2036, -239894
2037, -236101
2038, -241251
2039, -241479
2040, -240834
2041, -241639
2042, -242739
2043, -242739
2044, -243539
2045, -246091
2046, -262563
2047, -253012
2048, -296338
2049, -289485
2050, -301565
2051, -310992
2052, -324742
2053, -324467
2054, -325512
2055, -327420
2056, -337621
2057, -332796
2058, -332796
2059, -334092
2060, -334092
2061, -329941
2062, -335509
2063, -327255
2064, -314600
2065, -304198
2066, -302755
2067, -327111
2068, -270675
2069, -299692
2070, -304964
2071, -305669
2072, -303587
2073, -304025
2074, -303800
2075, -313127
2076, -311465
2077, -315393
2078, -319640
2079, -328899
2080, -319387
2081, -319979
2082, -317504
2083, -311197
2084, -363140
2085, -358350
2086, -440074
2087, -447366
2088, -439830
2089, -445553
2090, -447985
2091, -455825
2092, -468999
2093, -468999
2094, -474466
2095, -471213
2096, -472755
2097, -472940
2098, -480395
2099, -481345
2100, -478711
2101, -478711
2102, -484919
2103, -484919
2104, -483767
2105, -503817
2106, -503817
2107, 1451425
2108, 645392
2109, 318044
2110, 194966
2111, 4130325
2112, 3506996
2113, 3337332
2114, 3233988
2115, 3133447
2116, 3246330
2117, 3115280
2118, 3124469
2119, 3038019
2120, 3093910
2121, 3072349
2122, 3087546
2123, 3066042
2124, 3038639
2125, 3065492
2126, 3055725
2127, 3055725
2128, 3062680
2129, 3040474
2130, 3049151
2131, 3031643
2132, 2997718
2133, 3026353
2134, 3046589
2135, 3030233
2136, 3005308
2137, 2983969
2138, 2991356
2139, 3001055
2140, 3014291
2141, 3015761
2142, 3014824
2143, 3010424
2144, 3010774
2145, 3016361
2146, 3007986
2147, 2997573
2148, 3002860
2149, 3002860
2150, 2979113
2151, 2990634
2152, 3001297
2153, 2998401
2154, 3000969
2155, 3000969
2156, 2994925
2157, 2996116
2158, 3011514
2159, 3013968
2160, 3013968
2161, 2991139
2162, 2980005
2163, 2988906
2164, 2973116
2165, 2965741
2166, 2967353
2167, 2964813
2168, 2967307
2169, 2965207
2170, 2959150
2171, 2942188
2172, 2942788
2173, 2937288
2174, 2946260
2175, 2946260
2176, 2945478
2177, 2948878
2178, 2960188
2179, 2956789
2180, 2966002
2181, 2959700
2182, 2960532
2183, 2954128
2184, 2953428
2185, 2953428
2186, 2952281
2187, 2956172
2188, 2955905
2189, 2957387
2190, 2957489
2191, 2953769
2192, 2954769
2193, 2954769
2194, 2960851
2195, 2971297
2196, 3004095
2197, 3000030
2198, 3000030
2199, 2998729
2200, 2998997
2201, 3002202
2202, 2993452
2203, 2993352
2204, 2993152
2205, 2995152
2206, 3000802
2207, 2996702
2208, 2996802
2209, 2997702
2210, 2998302
2211, 2997902
2212, 2999652
2213, 2995852
2214, 2994052
2215, 2994952
2216, 2987502
2217, 3007802
2218, 3007652
2219, 3000952
2220, 3015502
2221, 3022202
2222, 3025802
2223, 3027852
2224, 3027802
2225, 3025702
2226, 3051636
2227, 3044736
2228, 3046786
2229, 2986586
2230, 2986904
2231, 2986979
2232, 2986679
2233, 2972993
2234, 2996548
2235, 2982740
2236, 3006990
2237, 2936628
2238, 2901128
2239, 2921183
2240, 2931483
2241, 2921183
2242, 2921183
2243, 2930033
2244, 2928433
2245, 2928633
2246, 2926486
2247, 2926536
2248, 2926236
2249, 2935296
2250, 2933796
2251, 2935246
2252, 2925698
2253, 2914918
2254, 2914918
2255, 2914918
2256, 2914918
2257, 2915568
2258, 2838508
2259, 2829558
2260, 2837577
2261, 2839087
2262, 2837806
2263, 2837006
2264, 2833506
2265, 2834556
2266, 2831706
2267, 2831810
2268, 2822623
2269, 2832832
2270, 2837982
2271, 2837982
2272, 2837982
2273, 2837982
2274, 2839732
2275, 2840132
2276, 2839152
2277, 2836802
2278, 2836802
2279, 2834252
2280, 2837852
2281, 2838422
2282, 2838322
2283, 2838672
2284, 2838922
2285, 2833922
2286, 2827022
2287, 2840372
2288, 2836172
2289, 2836172
2290, 2844607
2291, 2851115
2292, 2860015
2293, 2865815
2294, 2857315
2295, 2858415
2296, 2857015
2297, 2854765
2298, 2856715
2299, 2855815
2300, 2857215
2301, 2854965
2302, 2855115
2303, 2846915
2304, 2846969
2305, 2846769
2306, 2846269
2307, 2844669
2308, 2844669
2309, 2842919
2310, 2842919
2311, 2842919
2312, 2842919
2313, 2843119
2314, 2841369
2315, 2841369
2316, 2842176
2317, 2840876
2318, 2840276
2319, 2839926
2320, 2838976
2321, 2839626
2322, 2839126
2323, 2838626
2324, 2839576
2325, 2838976
2326, 2838976
2327, 2838976
2328, 2838976
2329, 2839676
2330, 2837926
2331, 2834029
2332, 2828229
2333, 2826629
2334, 2825679
2335, 2825539
2336, 2825039
2337, 2823710
2338, 2821860
2339, 2821860
2340, 2821860
2341, 2838160
2342, 2844521
2343, 2841866
2344, 2846116
2345, 2843416
2346, 2843416
2347, 2841416
2348, 2839916
2349, 2845716
2350, 2848766
2351, 2848454
2352, 2852004
2353, 2852354
2354, 2847904
2355, 2848004
2356, 2855754
2357, 2853154
2358, 2857754
2359, 2857854
2360, 2843069
2361, 2844892
2362, 2842289
2363, 2847689
2364, 2839489
2365, 2838446
2366, 2839296
2367, 2838446
2368, 2836796
2369, 2833096
2370, 2834246
2371, 2835046
2372, 2836496
2373, 2836246
2374, 2834296
2375, 2834296
2376, 2827546
2377, 2823246
2378, 2826746
2379, 2826914
2380, 2822862
2381, 2818212
2382, 2819162
2383, 2818649
2384, 2815999
2385, 2821949
2386, 2817299
2387, 2807808
2388, 2807208
2389, 2810758
2390, 2808158
2391, 2802408
2392, 2804808
2393, 2804658
2394, 2804788
2395, 2804788
2396, 2804975
2397, 2803975
2398, 2805275
2399, 2803314
2400, 2803923
2401, 2802772
2402, 2801772
2403, 2798817
2404, 2798556
2405, 2795469
2406, 2797661
2407, 2802814
2408, 2802764
2409, 2802764
2410, 2802416
2411, 2798778
2412, 2800004
2413, 2796476
2414, 2797476
2415, 2797086
2416, 2796229
2417, 2796079
2418, 2786321
2419, 2783696
2420, 2783896
2421, 2782165
2422, 2790405
2423, 2789855
2424, 2790405
2425, 2789818
2426, 2790871
2427, 2840661
2428, 2847180
2429, 2831045
2430, 2856870
2431, 2856870
2432, 2856097
2433, 2857434
2434, 2852808
2435, 2846479
2436, 2850435
2437, 2846159
2438, 2859853
2439, 2863823
2440, 2858548
2441, 2870081
2442, 2851320
2443, 2722849
2444, 2727687
2445, 2725514
2446, 2726516
2447, 2726285
2448, 2726016
2449, 2726921
2450, 2726921
2451, 2724821
2452, 2723558
2453, 2723898
2454, 2714035
2455, 2715335
2456, 2722100
2457, 2723652
2458, 2719744
2459, 2719894
2460, 2720332
2461, 2714711
2462, 2705515
2463, 2716014
2464, 2718193
2465, 2743729
2466, 2738845
2467, 2736479
2468, 2741354
2469, 2743304
2470, 2742369
2471, 2741741
2472, 2730213
2473, 2744441
2474, 2757346
2475, 2760303
2476, 2750390
2477, 2750790
2478, 2742073
2479, 2732421
2480, 2743754
2481, 2733279
2482, 2733511
2483, 2733023
2484, 2732923
2485, 2728803
2486, 2729393
2487, 2728005
2488, 2739493
2489, 2738843
2490, 2733942
2491, 2734086
2492, 2731327
2493, 2733502
2494, 2736607
2495, 2736607
2496, 2737060
2497, 2743771
2498, 2747166
2499, 2741811
2500, 2734044
2501, 2719618
2502, 2696692
2503, 2701949
2504, 2707580
2505, 2707580
2506, 2709505
2507, 2714516
2508, 2710597
2509, 2710597
2510, 2699077
2511, 2694395
2512, 2749649
2513, 2760194
2514, 2760194
2515, 2823332
2516, 2814813
2517, 2814813
2518, 2817501
2519, 2814122
2520, 2820023
2521, 2776163
2522, 2834569
2523, 2847070
2524, 2847070
2525, 2938360
2526, 2923208
2527, 2927558
2528, 3032553
2529, 3014799
2530, 3014799
2531, 2996817
2532, 2980229
2533, 2984864
2534, 3016872
2535, 3002221
2536, 3002221
2537, 2980548
2538, 2995231
2539, 2962738
2540, 2950883
2541, 2918860
2542, 2897174
2543, 2935799
2544, 2944107
2545, 2975965
2546, 2951321
2547, 2893597
2548, 2897169
2549, 2912870
2550, 2906252
2551, 2903652
2552, 2907588
2553, 2906193
2554, 2910023
2555, 2908189
2556, 2908189
2557, 2897594
2558, 2903775
2559, 2905272
2560, 2905272
2561, 2904572
2562, 2894490
2563, 2896757
2564, 2887181
2565, 2869596
2566, 2848513
2567, 2868613
2568, 2951079
2569, 3218339
2570, 3310711
2571, 3249981
2572, 3245779
2573, 3261973
2574, 3251695
2575, 3323207
2576, 3212801
2577, 3260008
2578, 3275679
2579, 3261183
2580, 3286235
2581, 3278053
2582, 3294310
2583, 3323181
2584, 3307589
2585, 3306981
2586, 3332071
2587, 3377462
2588, 3421375
2589, 3541484
2590, 4093749
2591, 3960535
2592, 3976509
2593, 3920372
2594, 3863605
2595, 3833127
2596, 3821778
2597, 3826801
2598, 3811186
2599, 3821935
2600, 3847462
2601, 3901216
2602, 3870953
2603, 3881309
2604, 3899564
2605, 3887718
2606, 3895990
2607, 3916278
2608, 3907823
2609, 3914010
2610, 3900958
2611, 3915836
2612, 4011712
2613, 3954364
2614, 3934749
2615, 3966142
2616, 3951395
2617, 3980409
2618, 3980409
2619, 4051606
2620, 4087636
2621, 4062729
2622, 4047624
2623, 4029709
2624, 4008735
2625, 3997791
2626, 3991635
2627, 4000740
2628, 4002864
2629, 3999368
2630, 4003262
2631, 3995230
2632, 4004027
2633, 4001121
2634, 3976800
2635, 3965406
2636, 3966786
2637, 3966786
2638, 3968951
2639, 4170018
2640, 4273942
2641, 4535970
2642, 4465177
2643, 4439469
2644, 4612617
2645, 4555024
2646, 4569090
2647, 4556749
2648, 4558699
2649, 4552424
2650, 4552424
2651, 4559141
2652, 4556428
2653, 4576398
2654, 4565075
2655, 4708023
2656, 4680225
2657, 4655348
2658, 4657692
2659, 4657692
2660, 4650510
2661, 4651547
2662, 4685673
2663, 4702679
2664, 4702171
2665, 5308968
2666, 5239350
2667, 5219169
2668, 5330071
2669, 5300099
2670, 5274096
2671, 5292133
2672, 5265066
2673, 5241592
2674, 5228010
2675, 5223819
2676, 5214137
2677, 5433345
2678, 5411452
2679, 5510756
2680, 5496810
2681, 5452053
2682, 5444260
2683, 5445867
2684, 5449622
2685, 5445144
2686, 5430259
2687, 5483183
2688, 5504020
2689, 5513837
2690, 5516185
2691, 5510308
2692, 5510837
2693, 5508634
2694, 5506865
2695, 5505585
2696, 5506333
2697, 5506671
2698, 5492130
2699, 5490225
2700, 5521586
2701, 5529375
2702, 5527833
2703, 5526090
2704, 5526090
2705, 5528351
2706, 5530577
2707, 5537928
2708, 5521249
2709, 5526905
2710, 5503366
2711, 5520990
2712, 5514625
2713, 5549441
2714, 5506541
2715, 5494042
2716, 5493520
2717, 5438916
2718, 5419066
2719, 5410544
2720, 5452616
2721, 5454124
2722, 5471580
2723, 5467455
2724, 5470920
2725, 5470794
2726, 5405147
2727, 5444655
2728, 5442390
2729, 5445395
2730, 5439495
2731, 5445663
2732, 5445663
2733, 5445663
2734, 5456397
2735, 5456956
2736, 5501358
2737, 5501358
2738, 5498037
2739, 5498993
2740, 5503597
2741, 5500037
2742, 5494376
2743, 5495134
2744, 5493293
2745, 5563998
2746, 5497922
2747, 5505221
2748, 5653551
2749, 5586656
2750, 5654106
2751, 5857683
2752, 6257473
2753, 6433998
2754, 6541741
2755, 6532328
2756, 6493447
2757, 6439064
2758, 6379295
2759, 6414615
2760, 6411210
2761, 6390710
2762, 6375075
2763, 6362159
2764, 6343560
2765, 6253761
2766, 6331989
2767, 6343753
2768, 6354202
2769, 6309979
2770, 6361271
2771, 6279673
2772, 6209538
2773, 6184572
2774, 6202945
2775, 6194583
2776, 6176207
2777, 6089732
2778, 6069502
2779, 6050238
2780, 6046248
2781, 6057417
2782, 6088605
2783, 6112634
2784, 6117408
2785, 6113885
2786, 6129568
2787, 6113023
2788, 6071743
2789, 6106864
2790, 6093378
2791, 6098056
2792, 6064415
2793, 6069741
2794, 6074103
2795, 6071490
2796, 6071490
2797, 6068975
2798, 6071652
2799, 6077369
2800, 6077369
2801, 6083648
2802, 6088557
2803, 6083502
2804, 6055502
2805, 6042828
2806, 6047877
2807, 6050438
2808, 6045327
2809, 6078131
2810, 6146756
2811, 6155259
2812, 6174057
2813, 6203488
2814, 6190130
2815, 6188909
2816, 6186622
2817, 6175241
2818, 6183050
2819, 6184901
2820, 6205822
2821, 6202465
2822, 6018493
2823, 5970795
2824, 6007694
2825, 6042690
2826, 6060405
2827, 6071899
2828, 5988766
2829, 6023357
2830, 6023357
2831, 6014093
2832, 5997168
2833, 6031720
2834, 6014991
2835, 5949810
2836, 6028116
2837, 6039311
2838, 6068480
2839, 6106845
2840, 6119358
2841, 6111303
2842, 6111303
2843, 6108846
2844, 6107393
2845, 6100867
2846, 6153973
2847, 6089480
2848, 6062419
2849, 6086560
2850, 6084943
2851, 6086298
2852, 6052752
