0, 15.13
1, 15.09
2, 15.0
3, 14.88
4, 14.97
5, 14.95
6, 14.95
7, 14.73
8, 15.17
9, 15.16
10, 15.05
11, 15.04
12, 15.0
13, 15.27
14, 15.08
15, 15.15
16, 14.97
17, 14.7
18, 14.8
19, 14.51
20, 14.5
21, 14.45
22, 14.4
23, 14.93
24, 14.8
25, 15.03
26, 15.24
27, 15.1
28, 15.34
29, 15.16
30, 15.64
31, 14.99
32, 14.86
33, 14.65
34, 15.15
35, 14.84
36, 14.83
37, 14.66
38, 14.22
39, 14.08
40, 14.27
41, 14.28
42, 15.09
43, 15.76
44, 15.61
45, 15.9
46, 15.64
47, 16.4
48, 15.99
49, 17.54
50, 18.21
51, 17.81
52, 17.92
53, 16.87
54, 17.17
55, 18.11
56, 18.43
57, 18.34
58, 18.96
59, 19.25
60, 20.2011
61, 18.21
62, 19.01
63, 19.22
64, 17.65
65, 17.42
66, 16.74
67, 17.25
68, 17.23
69, 16.58
70, 15.37
71, 15.25
72, 15.99
73, 15.19
74, 15.47
75, 14.54
76, 15.13
77, 15.04
78, 14.74
79, 15.99
80, 17.16
81, 18.575
82, 18.01
83, 18.15
84, 17.33
85, 17.88
86, 17.67
87, 17.512
88, 17.98
89, 17.98
90, 17.99
91, 17.3
92, 17.37
93, 16.43
94, 16.23
95, 16.65
96, 15.09
97, 15.41
98, 14.93
99, 15.82
100, 16.82
101, 18.0
102, 17.9801
103, 18.03
104, 17.91
105, 17.82
106, 17.91
107, 18.03
108, 17.74
109, 17.98
110, 18.28
111, 17.95
112, 18.18
113, 18.09
114, 18.27
115, 17.85
116, 17.53
117, 18.08
118, 17.36
119, 17.78
120, 18.19
121, 17.84
122, 17.71
123, 17.89
124, 15.76
125, 15.54
126, 15.38
127, 15.34
128, 14.8575
129, 15.1
130, 15.26
131, 15.46
132, 15.79
133, 15.83
134, 16.4
135, 16.57
136, 16.87
137, 16.17
138, 15.83
139, 15.55
140, 15.65
141, 16.38
142, 16.38
143, 17.35
144, 16.93
145, 16.72
146, 16.65
147, 16.75
148, 16.6
149, 15.4
150, 16.34
151, 15.8
152, 16.16
153, 15.51
154, 15.65
155, 15.25
156, 15.47
157, 15.43
158, 15.11
159, 15.01
160, 15.5
161, 15.52
162, 15.7
163, 15.33
164, 15.5
165, 15.52
166, 15.36
167, 15.1
168, 14.78
169, 15.5
170, 15.46
171, 16.86
172, 16.5
173, 16.59
174, 16.91
175, 17.33
176, 17.04
177, 16.83
178, 16.59
179, 16.42
180, 16.11
181, 16.16
182, 16.05
183, 16.05
184, 15.76
185, 15.66
186, 16.31
187, 15.19
188, 14.4
189, 14.2
190, 14.25
191, 14.43
192, 14.81
193, 15.47
194, 15.48
195, 14.9
196, 15.25
197, 15.2
198, 15.02
199, 15.0
200, 14.53
201, 14.49
202, 14.66
203, 15.09
204, 15.14
205, 15.0
206, 14.97
207, 14.92
208, 15.49
209, 16.96
210, 17.43
211, 16.9
212, 17.16
213, 16.77
214, 15.73
215, 15.32
216, 14.63
217, 14.27
218, 14.57
219, 14.75
220, 15.06
221, 15.24
222, 14.81
223, 14.97
224, 15.02
225, 14.7
226, 15.73
227, 16.15
228, 15.87
229, 16.72
230, 17.5
231, 17.15
232, 17.77
233, 18.44
234, 18.62
235, 20.42
236, 19.22
237, 19.97
238, 19.53
239, 19.1
240, 19.47
241, 19.78
242, 19.51
243, 19.41
244, 19.37
245, 19.58
246, 19.63
247, 20.22
248, 20.48
249, 20.32
250, 20.73
251, 20.6
252, 20.86
253, 21.09
254, 21.67
255, 22.1
256, 20.77
257, 19.79
258, 20.66
259, 20.09
260, 20.66
261, 19.86
262, 19.71
263, 19.94
264, 19.83
265, 20.63
266, 19.56
267, 16.56
268, 17.5
269, 17.99
270, 17.85
271, 18.04
272, 18.5
273, 18.53
274, 18.59
275, 18.65
276, 18.64
277, 20.72
278, 21.34
279, 22.15
280, 21.18
281, 21.22
282, 20.99
283, 21.98
284, 22.23
285, 22.61
286, 22.63
287, 23.33
288, 24.35
289, 24.28
290, 24.3
291, 24.26
292, 24.92
293, 25.75
294, 25.53
295, 26.57
296, 27.41
297, 27.31
298, 28.82
299, 29.47
300, 29.97
301, 29.69
302, 28.01
303, 27.86
304, 27.35
305, 27.36
306, 25.89
307, 26.01
308, 26.15
309, 26.69
310, 27.67
311, 28.03
312, 28.07
313, 24.995
314, 25.1
315, 25.41
316, 25.05
317, 24.98
318, 25.15
319, 25.9
320, 25.8
321, 25.39
322, 25.71
323, 25.78
324, 26.59
325, 25.75
326, 24.69
327, 25.02
328, 25.33
329, 24.84
330, 24.87
331, 24.8
332, 25.29
