0, 1013
1, -27
2, 883
3, 883
4, 1803
5, -237
6, 1586
7, 4609
8, 5473
9, 2521
10, 3753
11, 5229
12, 5793
13, 4795
14, 8747
15, 11871
16, 10344
17, 12113
18, 17895
19, 12126
20, 11247
21, 8548
22, 696
23, -1360
24, 2293
25, -1601
26, 2070
27, 2716
28, 4018
29, 1292
30, 8200
31, 8943
32, 11627
33, 7400
34, -12458
35, -14786
36, -17693
37, -17531
38, -20376
39, -22984
40, -32517
41, -36535
42, -36535
43, -32964
44, -26002
45, -28091
46, -25410
47, -29295
48, -31096
49, -38356
50, -31676
51, -26913
52, -18704
53, -13102
54, -6849
55, -3189
56, 1367
57, 5603
58, 11101
59, -631
60, -4783
61, -8387
62, -19536
63, -24564
64, -26758
65, -27539
66, -26600
67, -25393
68, -30609
69, -32403
70, -35226
71, -38694
72, -36611
73, -39671
74, -35815
75, -33829
76, -34547
77, -34450
78, -34450
79, -37788
80, -40117
81, -32994
82, -27363
83, -29900
84, -30529
85, -34116
86, -24706
87, -22070
88, -22070
89, -19941
90, -19941
91, -25145
92, -28126
93, -29184
94, -28294
95, -28581
96, -32243
97, -25235
98, -17309
99, -16326
100, -17380
101, -23693
102, -20531
103, -20531
104, -19473
105, -25155
106, -27810
107, -27810
108, -23014
109, -23014
110, -25531
111, -24701
112, -25089
113, -29853
114, -27127
115, -25055
116, -23725
117, -25146
118, -23839
119, -29930
120, -30276
121, -31846
122, -33202
123, -35809
124, -36449
125, -42116
126, -42931
127, -45269
128, -52780
129, -45085
130, -38168
131, -40712
132, -43669
133, -44890
134, -37914
135, -32296
136, -21317
137, -2661
138, -13492
139, -8605
140, 13931
141, 20853
142, 14748
143, 10117
144, 6063
145, 8348
146, 10388
147, 9585
148, 6264
149, 7597
150, 6737
151, 9548
152, 10802
153, 10455
154, 13183
155, 8991
156, 4838
157, 537
158, -503
159, 5238
160, 9599
161, -2883
162, -3439
163, -8706
164, -12638
165, -6759
166, -4736
167, -13195
168, -10600
169, -12537
170, -12537
171, -15413
172, -14523
173, -15656
174, -23629
175, -19268
176, -18190
177, -23323
178, -17379
179, -20560
180, -22121
181, -19419
182, -17700
183, -42338
184, -39514
185, -44739
186, -35325
187, -28370
188, -30000
189, -31410
190, -30661
191, -31062
192, -36985
193, -36985
194, -36189
195, -36625
196, -39005
197, -41651
198, -46828
199, -56575
200, -54282
201, -57439
202, -60085
203, -60085
204, -52446
205, -48232
206, -50164
207, -55635
208, -61364
209, -59042
210, -59595
211, -59595
212, -58222
213, -60467
214, -58367
215, -57427
216, -58295
217, -61833
218, -54242
219, -52245
220, -53514
221, -45071
222, -45760
223, -49826
224, -50881
225, -62895
226, -64711
227, -61528
228, -65274
229, -67277
230, -74128
231, -71755
232, -68244
233, -68637
234, -70080
235, -60150
236, -61968
237, -62250
238, -61870
239, -57090
240, -54259
241, -52476
242, -55832
243, -54092
244, -47455
245, -43161
246, -35500
247, -11899
248, 3714
249, 17244
250, 14242
251, 9638
252, 5047
253, 7865
254, -14666
255, -21021
256, -24176
257, -12421
258, -5234
259, -273
260, -273
261, -4422
262, 695
263, 695
264, -3710
265, -2130
266, -3459
267, -5166
268, -5577
269, -4456
270, -9477
271, -6700
272, -2999
273, -3829
274, -3137
275, -4873
276, -557
277, -557
278, -4432
279, -2874
280, 1285
281, 21693
282, 37516
283, 35812
284, 34705
285, 41323
286, 39191
287, 42108
288, 36619
289, 34829
290, 38203
291, 32267
292, 38059
293, 39995
294, 42514
295, 41009
296, 39719
297, 37837
298, 36364
299, 32687
300, 30968
301, 32307
302, 30518
303, 28780
304, 26353
305, 28907
306, 26642
307, 26642
308, 25623
309, 10964
310, 14414
311, 16639
312, 17994
313, 17705
314, 20437
315, 22317
316, 25850
317, 28451
318, 32224
319, 36850
320, 29064
321, 26223
322, 27281
323, 29659
324, 28287
325, 26319
326, 29954
327, 30754
328, 28992
329, 24332
330, 23295
331, 21176
332, 23546
333, 26661
334, 26661
335, 22440
336, 21060
337, 21900
338, 15913
339, 20545
340, 31976
341, 27256
342, 24028
343, 18443
344, 16548
345, 19148
346, 19999
347, 18335
348, 17035
349, 17035
350, 8239
351, 14220
352, 37947
353, 33306
354, 40681
355, 53293
356, 62566
357, 112443
358, 96586
359, 107910
360, 111162
361, 116688
362, 132469
363, 132469
364, 128550
365, 123501
366, 124968
367, 127874
368, 124878
369, 126351
370, 124118
371, 118596
372, 117906
373, 115862
374, 117868
375, 117108
376, 118167
377, 117587
378, 117802
379, 117282
380, 112317
381, 113339
382, 111688
383, 109143
384, 111040
385, 117840
386, 121231
387, 134496
388, 125842
389, 132222
390, 135196
391, 140499
392, 140499
393, 138404
394, 140804
395, 144172
396, 144172
397, 142449
398, 145458
399, 153521
400, 164385
401, 167070
402, 162660
403, 153309
404, 151167
405, 148911
406, 137948
407, 136929
408, 135982
409, 180126
410, 146003
411, 155115
412, 203650
413, 212290
414, 212290
415, 211626
416, 213723
417, 206126
418, 204489
419, 202050
420, 205259
421, 200835
422, 203620
423, 201420
424, 202474
425, 199992
426, 202928
427, 200282
428, 196812
429, 197802
430, 195812
431, 241559
432, 249495
433, 288686
434, 276198
435, 266264
436, 266264
437, 270209
438, 265410
439, 270302
440, 265862
441, 268138
442, 262415
443, 268125
444, 262733
445, 251862
446, 240118
447, 245533
448, 244798
449, 241066
450, 242796
451, 238403
452, 241285
453, 237920
454, 229710
455, 235430
456, 228669
457, 233059
458, 233059
459, 242711
460, 247923
461, 238960
462, 243808
463, 235539
464, 236369
465, 233071
466, 244796
467, 252601
468, 244807
469, 235594
470, 226310
471, 229212
472, 251150
473, 242114
474, 248996
475, 260428
476, 257537
477, 281796
478, 271309
479, 275080
480, 286956
481, 275688
482, 283660
483, 279020
484, 274443
485, 274443
486, 284821
487, 284821
488, 274023
489, 278542
490, 281568
491, 287187
492, 298309
493, 301469
494, 333367
495, 314050
496, 327334
497, 339915
498, 346808
499, 337252
500, 354146
501, 386839
502, 428826
503, 402434
504, 424778
505, 405598
506, 394433
507, 415195
508, 460297
509, 507499
510, 478419
511, 502572
512, 489917
513, 452731
514, 345975
515, 309713
516, 323216
517, 355646
518, 376304
519, 362516
520, 354551
521, 339766
522, 352222
523, 348475
524, 345542
525, 338310
526, 345837
527, 335634
528, 329182
529, 344369
530, 336596
531, 341616
532, 320663
533, 320663
534, 309625
535, 313069
536, 315076
537, 311860
538, 315115
539, 301528
540, 259315
541, 199526
542, 244304
543, 286064
544, 308545
545, 294877
546, 302601
547, 313005
548, 299059
549, 287641
550, 298016
551, 290788
552, 279544
553, 283169
554, 279002
555, 284140
556, 277607
557, 273133
558, 278141
559, 278141
560, 271656
561, 271656
562, 278525
563, 283185
564, 283185
565, 288374
566, 296230
567, 290814
568, 290814
569, 212481
570, 195466
571, 208946
572, 202519
573, 185893
574, 197999
575, 186893
576, 179569
577, 183929
578, 188690
579, 197646
580, 188329
581, 188329
582, 174744
583, 169941
584, 174750
585, 169582
586, 172323
587, 166568
588, 180183
589, 171765
590, 180775
591, 189702
592, 189702
593, 199544
594, 192112
595, 201794
596, 193554
597, 189874
598, 186407
599, 191497
600, 185658
601, 194951
602, 201598
603, 214303
604, 223399
605, 217146
606, 219579
607, 223393
608, 217632
609, 206364
610, 204130
611, 222234
612, 266822
613, 244229
614, 293447
615, 231896
616, 215147
617, 206958
618, 214073
619, 224546
620, 211639
621, 202766
622, 175900
623, 182097
624, 187517
625, 184196
626, 184196
627, 192909
628, 187078
629, 192911
630, 192911
631, 190337
632, 179007
633, 176979
634, 181605
635, 193279
636, 189122
637, 183688
638, 192781
639, 187640
640, 190739
641, 188757
642, 186157
643, 188906
644, 199144
645, 187019
646, 195421
647, 207620
648, 260239
649, 223012
650, 223012
651, 213095
652, 195740
653, 203399
654, 196643
655, 191260
656, 201919
657, 195388
658, 190680
659, 195772
660, 189806
661, 251949
662, 332480
663, 308127
664, 328575
665, 252390
666, 238542
667, 201280
668, 185636
669, 185636
670, 185636
671, 175497
672, 140396
673, 128468
674, 133783
675, 123003
676, 117232
677, 109021
678, 114358
679, 101549
680, 108989
681, 82628
682, 90018
683, 73683
684, 69468
685, 87884
686, 94884
687, 74988
688, 47727
689, 29628
690, -11330
691, -11330
692, -49817
693, -65997
694, -89573
695, -76883
696, -64385
697, -64385
698, -55915
699, -83496
700, -90110
701, -84362
702, -81625
703, -88964
704, -121639
705, -136985
706, -128368
707, -131871
708, -127102
709, -119852
710, -127296
711, -143257
712, -141087
713, -135892
714, -142197
715, -144776
716, -167493
717, -167493
718, -163744
719, -155576
720, -152314
721, -156889
722, -156889
723, -156889
724, -148929
725, -147899
726, -147899
727, -160818
728, -156173
729, -161610
730, -156465
731, -121961
732, -104517
733, -94642
734, -102328
735, -99551
736, -95878
737, -97868
738, -90778
739, -96168
740, -99766
741, -112050
742, -119066
743, -119066
744, -121525
745, -124217
746, -130726
747, -127166
748, -127166
749, -135742
750, 290246
751, 123451
752, 87439
753, 67288
754, 67288
755, 54276
756, 64702
757, 56754
758, 69172
759, 43501
760, 38901
761, 30616
762, 32646
763, 22193
764, 23955
765, 35998
766, 34237
767, 34959
768, 32152
769, 33002
770, 38427
771, 39452
772, 39452
773, 37175
774, 50048
775, 39071
776, 39421
777, 34664
778, 34664
779, 34664
780, 42895
781, 50523
782, 47155
783, 51285
784, 55299
785, 49793
786, 41030
787, 36640
788, 39717
789, 39717
790, 35757
791, 37073
792, 33673
793, 44900
794, 28579
795, 23383
796, 24228
797, 19722
798, 16976
799, 22394
800, 25894
801, 31995
802, 13970
803, 18194
804, 17132
805, 12630
806, 12630
807, 12630
808, 9747
809, 13175
810, 16873
811, 22601
812, 30496
813, 29631
814, 29631
815, 19795
816, 30279
817, 54183
818, 40513
819, 33780
820, 29151
821, 23673
822, 27302
823, 22960
824, 26705
825, 26545
826, 7070
827, 2370
828, -2496
829, 582
830, -9411
831, -52638
832, -47338
833, -50940
834, -53849
835, -45492
836, -45492
837, -42642
838, -45542
839, -47211
840, -54845
841, -48271
842, -49778
843, -49778
844, -41735
845, -45289
846, -40490
847, -47342
848, -48967
849, -42834
850, -97334
851, -97334
852, -80498
853, -91196
854, -75718
855, -91235
856, -95814
857, -95814
858, -95814
859, -87999
860, -75084
861, -75084
862, -69259
863, -75098
864, -71942
865, -73796
866, -80095
867, -80095
868, -78098
869, -79833
870, -73213
871, -67921
872, -67921
873, -67921
874, -70091
875, -69183
876, -69183
877, -69183
878, -64481
879, -64481
880, -59266
881, -56049
882, -59579
883, -61362
884, -61615
885, -38084
886, -28970
887, 9876
888, 59344
889, 79185
890, 116519
891, 86261
892, 93775
893, 93775
894, 84043
895, 75756
896, 83134
897, 25378
898, 34951
899, 32652
900, 32652
901, 32652
902, 7864
903, 24894
904, 17491
905, -21400
906, -24999
907, -23945
908, -28954
909, -28557
910, -27014
911, -25865
912, -23747
913, -23747
914, -25664
915, -6104
916, -10144
917, -22371
918, -37341
919, -47092
920, -45860
921, -47898
922, -47898
923, -47798
924, -45557
925, -45557
926, -46618
927, -50163
928, -50163
929, -49948
930, -49948
931, -48728
932, -48728
933, -52342
934, -53662
935, -56222
936, -55772
937, -55772
938, -55772
939, -54477
940, -61693
941, -63650
942, -63650
943, -62590
944, -63529
945, -63529
946, -55425
947, -59145
948, -56870
949, -59059
950, -59059
951, -58659
952, -60809
953, -60809
954, -60809
955, -60809
956, -63700
957, -62860
958, -68456
959, -65918
960, -65918
961, -71418
962, -71418
963, -71418
964, -75963
965, -83913
966, -82383
967, -84664
968, -96638
969, -96638
970, -99008
971, -96597
972, -96087
973, -89199
974, -93913
975, -93913
976, -93913
977, -93913
978, -93913
979, -92763
980, -94794
981, -94794
982, -94734
983, -94734
984, -94004
985, -94004
986, -94904
987, -94804
988, -90122
989, -90242
990, -90242
991, -90242
992, -90242
993, -93846
994, -94646
995, -92244
996, -91485
997, -90302
998, -90302
999, -94892
1000, -94892
1001, -94892
1002, -94892
1003, -77062
1004, -77062
1005, -81778
1006, -76613
1007, -78061
1008, -78061
1009, -78061
1010, -78061
1011, -78061
1012, -78061
1013, -78061
1014, -78061
1015, -78061
1016, -78061
1017, -78061
1018, -78061
1019, -78061
1020, -78061
1021, -75164
1022, -79921
1023, -79921
1024, -85621
1025, -87613
1026, -88545
1027, -88545
1028, -87505
1029, -87505
1030, -88576
1031, -88576
1032, -87864
1033, -89183
1034, -88964
1035, -88964
1036, -83614
1037, -87037
1038, -85414
1039, -87431
1040, -87431
1041, -87031
1042, -88111
1043, -92631
1044, -91991
1045, -92736
1046, -90076
1047, -92980
1048, -93580
1049, -96380
1050, -94440
1051, -92776
1052, -91786
1053, -91296
1054, -100176
1055, -92831
1056, -94331
1057, -95519
1058, -98419
1059, -92159
1060, -89793
1061, -93711
1062, -96257
1063, -81477
1064, -73217
1065, -68267
1066, -61789
1067, -66899
1068, -62576
1069, -62616
1070, -52900
1071, -55250
1072, -57390
1073, -59950
1074, -59950
1075, -62360
1076, -62360
1077, -62360
1078, -62360
1079, -62360
1080, -61181
1081, -62661
1082, -60251
1083, -57461
1084, -50041
1085, -60472
1086, -63021
1087, -61909
1088, -68279
1089, -59126
1090, -60698
1091, -47035
1092, -58291
1093, -68680
1094, -79719
1095, -74426
1096, -83936
1097, -89352
1098, -89102
1099, -90062
1100, -85640
1101, -77620
1102, -77620
1103, -77620
1104, -76170
1105, -75425
1106, -75725
1107, -75725
1108, -70585
1109, -70685
1110, -69949
1111, -69949
1112, -69129
1113, -69129
1114, -69311
1115, -69291
1116, -70291
1117, -54468
1118, -55011
1119, -53981
1120, -49525
1121, -48932
1122, -48932
1123, -50334
1124, -50334
1125, -49684
1126, -49684
1127, -49449
1128, -46322
1129, -46322
1130, -46322
1131, -48492
1132, -48492
1133, -48492
1134, -48541
1135, -51871
1136, -50631
1137, -46176
1138, -46176
1139, -46176
1140, -46176
1141, -48762
1142, -48262
1143, -48812
1144, -49239
1145, -48354
1146, -37999
1147, -46359
1148, -15159
1149, -13821
1150, -24458
1151, -24458
1152, -24458
1153, -25830
1154, -26885
1155, -26885
1156, -26465
1157, -26465
1158, -23125
1159, -24164
1160, -22321
1161, -23899
1162, -23899
1163, -23899
1164, -23899
1165, -23899
1166, -22408
1167, -24708
1168, -23027
1169, -18741
1170, -19821
1171, 1801
1172, 9803
1173, 5611
1174, 19017
1175, 19567
1176, 14595
1177, 10689
1178, 13261
1179, 8225
1180, 16241
1181, 12346
1182, 14692
1183, 22850
1184, 15941
1185, 8703
1186, 11998
1187, 30418
1188, 81292
1189, 71899
1190, 89083
1191, 75507
1192, 70922
1193, 70922
1194, 66220
1195, 67618
1196, 64718
1197, 68770
1198, 70278
1199, 70278
1200, 71718
1201, 68458
1202, 70510
1203, 72190
1204, 72190
1205, 71360
1206, 68710
1207, 69840
1208, 63954
1209, 63954
1210, 63954
1211, 67402
1212, 65281
1213, 67331
1214, 70191
1215, 67419
1216, 66651
1217, 67401
1218, 70169
1219, 70169
1220, 70169
1221, 70169
1222, 70169
1223, 76634
1224, 87332
1225, 84661
1226, 81092
1227, 84212
1228, 83012
1229, 82322
1230, 84772
1231, 83382
1232, 82088
1233, 80118
1234, 85331
1235, 81977
1236, 79968
1237, 79968
1238, 91123
1239, 92230
1240, 90777
1241, 92874
1242, 91924
1243, 92914
1244, 96629
1245, 89134
1246, 92118
1247, 88568
1248, 85536
1249, 85536
1250, 87815
1251, 65813
1252, 66150
1253, 68210
1254, 63280
1255, 66122
1256, 59772
1257, 57714
1258, 51345
1259, 53868
1260, 49668
1261, 52397
1262, 61037
1263, 58302
1264, 60002
1265, 66595
1266, 65135
1267, 62080
1268, 62080
1269, 63411
1270, 60207
1271, 60207
1272, 66372
1273, 70689
1274, 73064
1275, 69982
1276, 96131
1277, 93336
1278, 108966
1279, 169329
1280, 199481
1281, 171246
1282, 184956
1283, 184956
1284, 192097
1285, 217606
1286, 240617
1287, 232708
1288, 235529
1289, 231386
1290, 224179
1291, 226535
1292, 223190
1293, 228830
1294, 223321
1295, 223321
1296, 220404
1297, 213023
1298, 206382
1299, 213225
1300, 216011
1301, 216011
1302, 211271
1303, 204935
1304, 202981
1305, 202981
1306, 204115
1307, 207603
1308, 211715
1309, 217445
1310, 198086
1311, 203975
1312, 203629
1313, 199765
1314, 193713
1315, 188483
1316, 194190
1317, 195648
1318, 194898
1319, 195970
1320, 190144
1321, 186879
1322, 185358
1323, 182009
1324, 180309
1325, 170079
1326, 172388
1327, 172388
1328, 176167
1329, 176817
1330, 173320
1331, 173320
1332, 168834
1333, 167451
1334, 171158
1335, 162366
1336, 166809
1337, 169054
1338, 165474
1339, 165474
1340, 172458
1341, 171973
1342, 170228
1343, 171095
1344, 171405
1345, 171405
1346, 171335
1347, 171335
1348, 171652
1349, 158722
1350, 151465
1351, 153240
1352, 156622
1353, 149167
1354, 153585
1355, 152255
1356, 149894
1357, 147234
1358, 150226
1359, 157062
1360, 158132
1361, 157931
1362, 166125
1363, 171751
1364, 176475
1365, 182536
1366, 182536
1367, 184136
1368, 181785
1369, 179341
1370, 178382
1371, 177714
1372, 176397
1373, 183351
1374, 171552
1375, 171552
1376, 168312
1377, 172701
1378, 174217
1379, 174217
1380, 173617
1381, 175236
1382, 170582
1383, 155867
1384, 157924
1385, 157156
1386, 163089
1387, 164529
1388, 162303
1389, 161703
1390, 162143
1391, 169648
1392, 164894
1393, 169127
1394, 168251
1395, 177526
1396, 174380
1397, 186428
1398, 181520
1399, 178044
1400, 179852
1401, 182258
1402, 191837
1403, 186547
1404, 182661
1405, 179586
1406, 183700
1407, 183700
1408, 178990
1409, 176727
1410, 176908
1411, 173848
1412, 174348
1413, 176543
1414, 156701
1415, 158816
1416, 161617
1417, 157522
1418, 157963
1419, 157163
1420, 161738
1421, 161738
1422, 153608
1423, 153638
1424, 152988
1425, 152364
1426, 155147
1427, 153722
1428, 154322
1429, 153822
1430, 157617
1431, 152348
1432, 148938
1433, 153043
1434, 151138
1435, 148038
1436, 145958
1437, 145438
1438, 145438
1439, 141874
1440, 143544
1441, 142324
1442, 139676
1443, 139676
1444, 139676
1445, 140159
1446, 143619
1447, 139434
1448, 141250
1449, 139886
1450, 145676
1451, 138727
1452, 136568
1453, 136128
1454, 138172
1455, 136199
1456, 135958
1457, 138769
1458, 141131
1459, 141081
1460, 139153
1461, 140145
1462, 138545
1463, 142106
1464, 142316
1465, 140705
1466, 138123
1467, 138123
1468, 138123
1469, 138568
1470, 133048
1471, 133048
1472, 133048
1473, 126964
1474, 120935
1475, 126057
1476, 127721
1477, 136827
1478, 136827
1479, 132356
1480, 116629
1481, 129804
1482, 132176
1483, 127225
1484, 129369
1485, 128709
1486, 108456
1487, 91136
1488, 111240
1489, 104126
1490, 111929
1491, 97631
1492, 81270
1493, 87320
1494, 74032
1495, 50535
1496, 46960
1497, 46960
1498, 46960
1499, 48020
1500, 63152
1501, 47127
1502, 50091
1503, 59302
1504, 72133
1505, 97677
1506, 108618
1507, 132365
1508, 159960
1509, 196173
1510, 184385
1511, 3884193
1512, 3017773
1513, 2765791
1514, 2659453
1515, 2591174
1516, 2662640
1517, 2612967
1518, 2557330
1519, 2515624
1520, 2539530
1521, 2529971
1522, 2501335
1523, 2473458
1524, 2593334
1525, 2524655
1526, 2545278
1527, 2556127
1528, 2509280
1529, 3097519
1530, 2951386
1531, 2846470
1532, 2875431
1533, 2795635
1534, 2885099
1535, 2978174
1536, 2928305
1537, 2838140
1538, 2863945
1539, 2802765
1540, 2865831
1541, 2752904
1542, 2851765
1543, 2723750
1544, 2833538
1545, 2660469
1546, 2736848
1547, 2619510
1548, 2694121
1549, 2529739
1550, 2697761
1551, 2616815
1552, 2799881
1553, 2753077
1554, 2610404
1555, 2220286
1556, 1981658
1557, 1769713
1558, 1669615
1559, 1692744
1560, 1616309
1561, 1790370
1562, 1686708
1563, 1754016
1564, 1797652
1565, 1685807
1566, 1703062
1567, 1613871
1568, 1683957
1569, 1642135
1570, 1685917
1571, 1730249
1572, 1634983
1573, 1799686
1574, 1534009
1575, 1460884
1576, 1529004
1577, 1529004
1578, 1405433
1579, 1255506
1580, 1286049
1581, 1189049
1582, 1210504
1583, 1175491
1584, 1180517
1585, 1193876
1586, 1130014
1587, 1138787
1588, 1113368
1589, 1119268
1590, 1105583
1591, 1114785
1592, 1091975
1593, 1068665
1594, 1046990
1595, 1004995
1596, 994559
1597, 973069
1598, 991203
1599, 1021797
1600, 1229447
1601, 1220847
1602, 1275157
1603, 1279817
1604, 1287262
1605, 1267548
1606, 1294336
1607, 1270390
1608, 1262163
1609, 1273813
1610, 1282889
1611, 1268416
1612, 1286173
1613, 1264759
1614, 1276929
1615, 1268467
1616, 891490
1617, 1062345
1618, 1142709
1619, 1171567
1620, 1181751
1621, 1199422
1622, 1187187
1623, 1169002
1624, 1168358
1625, 1166805
1626, 1157405
1627, 1159208
1628, 1167408
1629, 1156808
1630, 1164708
1631, 1204708
1632, 1234708
1633, 1282808
1634, 1303808
1635, 1281708
1636, 1257808
1637, 1288308
1638, 1290808
1639, 1265308
1640, 1272408
1641, 1227808
1642, 1222508
1643, 1215308
1644, 1222108
1645, 1229708
1646, 1243908
1647, 1234008
1648, 1224808
1649, 1210108
1650, 1230508
1651, 1234508
1652, 1227908
1653, 1220850
1654, 1229050
1655, 1259334
1656, 1251434
1657, 1241434
1658, 1266034
1659, 1278699
1660, 1273668
1661, 1277468
1662, 1271346
1663, 1258142
1664, 1268961
1665, 1263961
1666, 1255961
1667, 1248861
1668, 1270761
1669, 1279061
1670, 1268461
1671, 1290661
1672, 1315161
1673, 1789461
1674, 1523898
1675, 1691611
1676, 1802011
1677, 1721211
1678, 1806232
1679, 1787132
1680, 1812032
1681, 1775295
1682, 1794357
1683, 1753357
1684, 1744557
1685, 1766157
1686, 1715857
1687, 1739670
1688, 1783370
1689, 1762022
1690, 1739622
1691, 1816122
1692, 1786907
1693, 1817107
1694, 1877007
1695, 1952007
1696, 2007907
1697, 1969043
1698, 1998589
1699, 2049872
1700, 2061972
1701, 2091472
1702, 2142072
1703, 2232372
1704, 2154572
1705, 2154572
1706, 2200072
1707, 2118429
1708, 2208229
1709, 2352629
1710, 2529329
1711, 2426329
1712, 2532893
1713, 2869493
1714, 3156993
1715, 3341093
1716, 3543993
1717, 3255593
1718, 3349293
1719, 3254793
1720, 3347993
1721, 3465264
1722, 3296097
1723, 3419197
1724, 3542697
1725, 3433697
1726, 3505597
1727, 3383297
1728, 3443597
1729, 3324497
1730, 3238197
1731, 3123497
1732, 3201497
1733, 3174197
1734, 3147897
1735, 3106513
1736, 3147313
1737, 3828513
1738, 4133325
1739, 4488425
1740, 4170325
1741, 3980179
1742, 3753879
1743, 3960779
1744, 5225879
1745, 3900879
1746, 3658379
1747, 5278879
1748, 6163679
1749, 5743479
1750, 5201041
1751, 5851841
1752, 7010741
1753, 8898041
1754, 10053841
1755, 8879441
1756, 9827741
1757, 11041541
1758, 9881541
1759, 10433341
1760, 12186441
1761, 13221341
1762, 11430587
1763, 5557887
1764, 4352187
1765, 2788287
1766, 5946487
1767, 4558087
1768, 3668887
1769, 2748287
1770, 3361287
1771, 2323287
1772, 1170999
1773, 2427899
1774, 1711028
1775, 1266328
1776, 1911828
1777, 2945528
1778, 2569928
1779, 3285453
1780, 2899553
1781, 3274053
1782, 3617853
1783, 4019453
1784, 4289225
1785, 4065725
1786, 4238925
1787, 4086525
1788, 4318125
1789, 4583925
1790, 4872895
1791, 4575295
1792, 4973595
1793, 5410095
1794, 5620495
1795, 5393195
1796, 5640095
1797, 5428095
1798, 5568095
1799, 5760160
1800, 4911960
1801, 8454708
1802, 6262708
1803, 7029208
1804, 6748885
1805, 6484885
1806, 5903685
1807, 5558085
1808, 5874085
1809, 5765585
1810, 5610585
1811, 5879485
1812, 5758385
1813, 5918485
1814, 6134185
1815, 6335585
1816, 6147785
1817, 6070385
1818, 6224685
1819, 6128335
1820, 6001278
1821, 5891193
1822, 6020393
1823, 5601693
1824, 5799804
1825, 5428404
1826, 5610204
1827, 5382604
1828, 5675688
1829, 5972688
1830, 6264488
1831, 6117688
1832, 6473288
1833, 6283188
1834, 6401366
1835, 6506166
1836, 6645957
1837, 6499493
1838, 6387706
1839, 6502575
1840, 6413050
1841, 6185161
1842, 6065594
1843, 5883840
1844, 5611566
1845, 5803390
1846, 5619558
1847, 5469680
1848, 5243798
1849, 4916923
1850, 5182849
1851, 4889249
1852, 4403474
1853, 4704893
1854, 4808101
1855, 4678699
1856, 4784395
1857, 4899654
1858, 4717461
1859, 4852809
1860, 4974143
1861, 4873191
1862, 4812495
1863, 4874292
1864, 4651257
1865, 4420953
1866, 4115241
1867, 4347545
1868, 4457236
1869, 4584063
1870, 4818916
1871, 4633383
1872, 4508271
1873, 4416388
1874, 4635542
1875, 4798612
1876, 5247581
1877, 5522812
1878, 5842165
1879, 5620390
1880, 5772390
1881, 5649590
1882, 5768102
1883, 5559533
1884, 5745955
1885, 5542481
1886, 5828282
1887, 2806610
1888, 3869314
1889, 3282131
1890, 2848189
1891, 1650870
1892, 2721139
1893, 2330381
1894, 2534339
1895, 2667600
1896, 2509728
1897, 2228313
1898, 2077125
1899, 2270370
1900, 2043194
1901, 2211126
1902, 2021812
1903, 2163665
1904, 2338961
1905, 2646574
1906, 2429646
1907, 2503681
1908, 2637018
1909, 2480524
1910, 2625401
1911, 2834307
1912, 2937140
1913, 3099198
1914, 2895549
1915, 2808103
1916, 2884057
1917, 2926745
1918, 3015128
1919, 2947544
1920, 2881615
1921, 2931090
1922, 2856710
1923, 2923246
1924, 2848686
1925, 2781522
1926, 2209759
1927, 1895674
1928, 1526644
1929, 1076892
1930, 1604549
1931, 1830102
1932, 1940447
1933, 2058464
1934, 1912733
1935, 1816539
1936, 1715067
1937, 1788465
1938, 1902740
1939, 2033651
1940, 1964940
1941, 2034363
1942, 1951498
1943, 2099265
1944, 1988253
1945, 2083742
1946, 2002493
1947, 2128999
1948, 2082257
1949, 2133773
1950, 2074355
1951, 1996770
1952, 1834317
1953, 1708612
1954, 1741381
1955, 1798418
1956, 1717886
1957, 2178727
1958, 1985300
1959, 1930943
1960, 2024507
1961, 1983480
1962, 1889873
1963, 1955513
1964, 2023437
1965, 2108049
1966, 2012140
1967, 1974775
1968, 1851602
1969, 1737937
1970, 1573870
1971, 1441316
1972, 1330271
1973, 1228212
1974, 1425642
1975, 1302653
1976, 1375716
1977, 1326064
1978, 1277756
1979, 1201943
1980, 1253377
1981, 1308692
1982, 1380531
1983, 1338784
1984, 1382230
1985, 1457476
1986, 1342831
1987, 1291596
1988, 1320971
1989, 1368279
1990, 1368279
1991, 1473527
1992, 1399056
1993, 1258027
1994, 411057
1995, 225810
1996, 419464
1997, 270701
1998, 270701
1999, 20589
2000, -250418
2001, -250418
2002, -536067
2003, -722337
2004, -566160
2005, -637401
2006, -546877
2007, -609860
2008, -716336
2009, -843537
2010, -785135
2011, -741665
2012, -662160
2013, -662160
2014, -768868
2015, -876615
2016, -987327
2017, -1098250
2018, -1032472
2019, -968222
2020, -857428
2021, -826447
2022, -775413
2023, -691014
2024, -691014
2025, -784958
2026, -731558
2027, -571932
2028, -38619
2029, 61965
2030, 297238
2031, 120449
2032, 19969
2033, -37095
2034, -80987
2035, -123988
2036, -181692
2037, -155663
2038, -241142
2039, -216956
2040, -126262
2041, -91349
2042, -131460
2043, -203809
2044, -90812
2045, -198849
2046, -131205
2047, -109703
2048, -40234
2049, -100666
2050, -124530
2051, -182998
2052, -241265
2053, -490444
2054, -395264
2055, -446980
2056, -387014
2057, -308506
2058, -210432
2059, -154034
2060, 70510
2061, 149550
2062, 235552
2063, 339999
2064, 465408
2065, 575499
2066, 516605
2067, 472215
2068, 461932
2069, 426526
2070, 395034
2071, 443606
2072, 499353
2073, 538354
2074, 411101
2075, 464936
2076, 515168
2077, 475351
2078, 449796
2079, 492748
2080, 464007
2081, 405797
2082, 383795
2083, 443388
2084, 391594
2085, 354356
2086, 253672
2087, 219490
2088, 239949
2089, 277295
2090, 176270
2091, 107314
2092, 38422
2093, 55178
2094, 133685
2095, 169662
2096, 193339
2097, 275790
2098, 258272
2099, 291884
2100, 257926
2101, 200984
2102, 165412
2103, 144409
2104, 101509
2105, 120488
2106, 76656
2107, 99801
2108, 134883
2109, 94097
2110, 107523
2111, 92066
2112, 106099
2113, 169182
2114, 121259
2115, 105496
2116, 127787
2117, 115876
2118, 211148
2119, 184175
2120, 207074
2121, 172951
2122, 110757
2123, 203642
2124, 335003
2125, 249363
2126, -42671
2127, -212770
2128, -212770
2129, -277478
2130, -388625
2131, -571350
2132, -471058
2133, -393010
2134, -454608
2135, -501734
2136, -434882
2137, -469643
2138, -533996
2139, -533996
2140, -496585
2141, -450405
2142, -400877
2143, -400877
2144, -308762
2145, -224321
2146, -299349
2147, -439389
2148, -469723
2149, -496585
2150, -516995
2151, -473884
2152, -473884
2153, -381459
2154, -298124
2155, -354630
2156, -379972
2157, -428401
2158, -410005
2159, -450333
2160, -437907
2161, -464805
2162, -441714
2163, -459107
2164, -452233
2165, -465826
2166, -426575
2167, -402506
2168, -417827
2169, -441314
2170, -466677
2171, -415208
2172, -427947
2173, -414425
2174, -473684
2175, -527783
2176, -615918
2177, -491934
2178, -233744
2179, -321470
2180, -298105
2181, -313788
2182, -341590
2183, -323232
2184, -301993
2185, -326869
2186, -318261
2187, -326007
2188, -302194
2189, -291095
2190, -249810
2191, -185417
2192, -207172
2193, -213472
2194, -268090
2195, -234974
2196, -249075
2197, -249075
2198, -226786
2199, -267625
2200, -287646
2201, -303507
2202, -328618
2203, -303145
2204, -283734
2205, -212534
2206, -231949
2207, -290903
2208, -346525
2209, -317037
2210, -486792
2211, -550436
2212, -491482
2213, -447731
2214, -490934
2215, -465717
2216, -481960
2217, -463949
2218, -474481
2219, -428306
2220, -441880
2221, -438755
2222, -458036
2223, -486095
2224, -526053
2225, -536905
2226, -575877
2227, -546018
2228, -519098
2229, -546230
2230, -560887
2231, -515587
2232, -489097
2233, -505435
2234, -476886
2235, -557777
2236, -504205
2237, -514404
2238, -587912
2239, -627081
2240, -738104
2241, -690300
2242, -749624
2243, -704215
2244, -632108
2245, -670819
2246, -629803
2247, -567154
2248, -557615
2249, -588008
2250, -605245
2251, -620639
2252, -623388
2253, -609310
2254, -583765
2255, -640107
2256, -675980
2257, -708873
2258, -681052
2259, -702981
2260, -741492
2261, -670063
2262, -638734
2263, -647734
2264, -615361
2265, -634705
2266, -593759
2267, -539827
2268, -513575
2269, -399840
2270, -488242
2271, -454098
2272, -491331
2273, -475164
2274, -493343
2275, -457303
2276, -501419
2277, -465834
2278, -488886
2279, -466253
2280, -454207
2281, -461286
2282, -497932
2283, -508814
2284, -522435
2285, -487044
2286, -500602
2287, -521587
2288, -504727
2289, -512417
2290, -506729
2291, -519492
2292, -525801
2293, -609252
2294, -636081
2295, -611522
2296, -623596
2297, -609052
2298, -553549
2299, -561095
2300, -551138
2301, -542226
2302, -522962
2303, -517384
2304, -543422
2305, -553402
2306, -506206
2307, -527039
2308, -455635
2309, -488082
2310, -501614
