15.0, 59.978035770316914
16.0, 79.93508972890417
17.0, 77.18490860938654
18.0, 77.65496315561334
19.0, 71.02827763496147
20.0, 64.12002017145738
21.0, 54.89083633047971
22.0, 55.519480519480545
23.0, 48.49476439790573
24.0, 55.2675238490253
25.0, 58.788689338937694
26.0, 56.739811912225704
27.0, 40.42553191489363
28.0, 43.06163021868789
29.0, 40.83710407239819
30.0, 42.79985417426176
31.0, 37.06281477336321
32.0, 43.6423426244911
33.0, 46.19047619047619
34.0, 51.61436330718164
35.0, 59.07785119218615
36.0, 57.64198632173654
37.0, 63.72452333990796
38.0, 63.42393105734171
39.0, 66.27444987775061
40.0, 69.83161833489241
41.0, 72.31191475621566
42.0, 70.79894354572464
43.0, 78.72613803230543
44.0, 77.31010180109632
45.0, 85.58149142739106
46.0, 80.63610851262862
47.0, 70.85162423178227
48.0, 70.43633125556546
49.0, 52.95629820051413
50.0, 42.84069097888675
51.0, 42.24072672218015
52.0, 38.73946206342835
53.0, 26.933205649988025
54.0, 31.737866249161243
55.0, 33.0
56.0, 32.48626373626372
57.0, 31.21425428948524
58.0, 35.94838181073328
59.0, 31.02146263910967
60.0, 32.03824247355574
61.0, 33.91472868217055
62.0, 32.0416297608503
63.0, 38.341282458929534
64.0, 60.60683324834268
65.0, 68.87402933563419
66.0, 68.60313315926894
67.0, 66.87402799377918
68.0, 54.98825037385176
69.0, 57.65015344147307
70.0, 59.759893285904866
71.0, 68.35501858736062
72.0, 65.91591591591596
73.0, 74.80198019801983
74.0, 73.4375
75.0, 67.0381100958324
76.0, 46.981450252951085
77.0, 42.664624808575795
78.0, 28.864696734059095
79.0, 21.408934707903782
80.0, 26.058842547688357
81.0, 31.527987897125584
82.0, 45.66425792106726
83.0, 50.063856960408685
84.0, 49.75584682600874
85.0, 52.57156720038815
86.0, 34.494363116271245
87.0, 29.14115245721463
88.0, 36.028571428571425
89.0, 41.77666038131156
90.0, 51.01321585903084
91.0, 54.14867365823566
92.0, 53.55399633923125
93.0, 51.60508782556027
94.0, 49.13250422232457
95.0, 49.81063475231026
96.0, 47.752720391105505
97.0, 46.304700162074546
98.0, 45.73077848152008
99.0, 45.136975198573516
100.0, 64.22557951793333
101.0, 74.5715050883771
102.0, 61.62012798138454
103.0, 59.47481572481571
104.0, 51.91071428571428
105.0, 52.96891372685994
106.0, 61.999182338511844
107.0, 66.97072549851507
108.0, 72.12389380530975
109.0, 65.47899952807927
110.0, 64.36921578178274
111.0, 54.40967283072546
112.0, 52.673858159283924
113.0, 44.01643554185927
114.0, 49.13548387096776
115.0, 51.260080645161295
116.0, 60.39192399049881
117.0, 59.770808202653825
118.0, 61.070559610705594
119.0, 63.53276353276352
120.0, 65.93731519810763
121.0, 65.21739130434783
122.0, 63.35877862595419
123.0, 64.12567602369302
124.0, 59.45867287543657
125.0, 62.64949402023915
126.0, 65.88197355691707
127.0, 72.37560679611649
128.0, 68.00696533164472
129.0, 59.29520680901893
130.0, 62.886597938144305
131.0, 49.05354245538125
132.0, 50.26399155227034
133.0, 37.50520616409837
134.0, 41.42350157728711
135.0, 60.70625578627165
136.0, 59.97035839396386
137.0, 58.137408568443064
138.0, 57.35196274118428
139.0, 46.022423918846776
140.0, 54.21568627450981
141.0, 40.86883171657527
142.0, 39.48655256723715
143.0, 47.33542319749216
144.0, 41.17647058823529
145.0, 46.37537239324727
146.0, 44.59370904325032
147.0, 49.527583053946955
148.0, 54.90196078431373
149.0, 44.076613856703695
150.0, 40.65265486725663
151.0, 41.77323103154304
152.0, 44.42485556971983
153.0, 45.69013613032804
154.0, 46.976959529386136
155.0, 51.020468528159014
156.0, 54.060776792136174
157.0, 52.494731622660225
158.0, 57.133702104695075
159.0, 51.273315438089355
160.0, 51.34399338341719
161.0, 41.05767298546453
162.0, 30.008132285172167
163.0, 31.51537335285508
164.0, 37.46610688358262
165.0, 35.22035849366881
166.0, 35.5410104315811
167.0, 42.659334184425035
168.0, 36.34579744903519
169.0, 36.50498193364718
170.0, 35.908488063660485
171.0, 28.57456380994182
172.0, 29.1014751899866
173.0, 33.210507547842596
174.0, 33.25002975127927
175.0, 40.8300453017682
176.0, 37.882177479492896
177.0, 38.20593463694789
178.0, 32.5641725832878
179.0, 31.885026737967905
180.0, 37.86585365853657
181.0, 42.55319148936169
182.0, 41.06194690265491
183.0, 43.2566811684276
184.0, 35.124653739612185
185.0, 35.39921831379117
186.0, 41.20194910665946
187.0, 33.722014925373145
188.0, 39.11091154018863
189.0, 34.481393507521815
190.0, 41.75397749320916
191.0, 43.010752688172055
192.0, 41.009223263968295
193.0, 48.321134837395306
194.0, 34.75132937128561
195.0, 37.08339616950687
196.0, 36.634264884568644
197.0, 35.6593731519811
198.0, 40.96193661411055
199.0, 49.66562639322338
200.0, 52.77138673917589
201.0, 64.68347416539689
202.0, 59.57874315804061
203.0, 69.4483214574304
204.0, 66.99992065381258
205.0, 71.46947576796634
206.0, 68.23950317267452
207.0, 63.91136123812875
208.0, 72.73068267066766
209.0, 69.16847085237755
210.0, 69.0293999194523
211.0, 74.14627984336185
212.0, 73.29704980346423
213.0, 69.44142362827486
214.0, 63.53457231905811
215.0, 49.13481150075661
216.0, 59.45473384276649
217.0, 59.16384033394209
218.0, 62.400912803266905
219.0, 56.992718780052215
220.0, 79.88327942624102
221.0, 79.64806505888956
222.0, 68.74322125813448
223.0, 72.66501434907377
224.0, 72.73614363778293
225.0, 71.73374405678693
226.0, 73.62241999621278
227.0, 67.85208775654635
228.0, 69.11499796618045
229.0, 69.45401459854017
230.0, 67.10890342052313
231.0, 64.5644221650183
232.0, 62.689015691868754
233.0, 66.98851445159663
234.0, 51.889774601429345
235.0, 53.47355003186741
236.0, 55.96649866587608
237.0, 55.76980345443721
238.0, 54.96513038204974
239.0, 51.74850128461322
240.0, 53.46868547832075
241.0, 51.185926999604696
242.0, 46.71181720362048
243.0, 53.931124106562685
244.0, 56.73663656333902
245.0, 53.83678440925703
246.0, 54.0661737971155
247.0, 42.64919941775838
248.0, 54.63994060876021
249.0, 58.973055414336564
250.0, 67.42694226657164
251.0, 60.04228329809726
252.0, 59.32568149210904
253.0, 65.81560283687944
254.0, 54.42129468329731
255.0, 63.155796523680436
256.0, 66.05236824549706
257.0, 70.85689741570627
258.0, 65.51347981923016
259.0, 72.3245675713683
260.0, 66.03358106248281
261.0, 61.90568350429003
262.0, 53.96613784828688
263.0, 55.94820437583718
264.0, 59.66592687770118
265.0, 63.987098374891396
266.0, 59.596313148990724
267.0, 62.64696365009167
268.0, 74.37979917306549
269.0, 74.65179701957722
270.0, 76.36245890206227
271.0, 68.07951371775906
272.0, 70.27584708948739
273.0, 68.059283463648
274.0, 72.8651140223192
275.0, 80.83019319337276
276.0, 86.19739478957912
277.0, 82.12216079397858
278.0, 73.08929391943633
279.0, 71.286231884058
280.0, 73.90827985600252
281.0, 66.3710133987545
282.0, 45.82416159523514
283.0, 50.154872527996254
284.0, 44.57856840321897
285.0, 45.96069868995643
286.0, 53.080568720379055
287.0, 48.78048780487804
288.0, 38.68552412645587
289.0, 40.275526742301395
290.0, 33.98128149748017
291.0, 32.41980905281949
292.0, 43.51015801354401
293.0, 43.02455357142854
294.0, 65.99091922893106
295.0, 69.12070759625394
296.0, 70.90585742394434
297.0, 67.51027553661142
298.0, 69.10132055626985
299.0, 73.30238826083709
300.0, 72.9510372814504
301.0, 76.4811181107784
302.0, 84.77249224405386
303.0, 74.75960066148106
304.0, 79.44086296036258
305.0, 82.84556797925785
306.0, 78.34010135248518
307.0, 81.67677138832755
308.0, 76.52228499686132
309.0, 77.4086378737542
310.0, 68.11157936985754
311.0, 67.81218781218783
312.0, 72.82746426992779
313.0, 71.55066024929039
314.0, 69.0229353408402
315.0, 65.69708067753633
316.0, 60.92972886250598
317.0, 65.75621158341269
318.0, 64.0388298798537
319.0, 66.49768837699733
320.0, 71.98216329268772
321.0, 63.151207115628964
322.0, 57.24137931034475
323.0, 49.52681388012616
324.0, 52.124833997343956
325.0, 52.53764640267706
326.0, 34.84536082474233
327.0, 32.8492392807746
328.0, 29.266789895255783
329.0, 44.11908247925819
330.0, 45.732025214465175
331.0, 43.967009933473044
332.0, 42.491632904703216
333.0, 35.86582850407625
334.0, 35.676288050438416
335.0, 43.98768208035976
336.0, 44.11707030100996
337.0, 53.59561836273935
338.0, 50.83677030456851
339.0, 48.43206891340485
340.0, 54.56858248530883
341.0, 50.34713038878605
342.0, 53.27060305023087
343.0, 43.58514622679099
344.0, 43.08854857510347
345.0, 45.913996916224114
346.0, 56.72628889222909
347.0, 58.77130173277958
348.0, 59.30454449077673
349.0, 53.47330960854092
350.0, 52.626786214625945
351.0, 49.180943793207085
352.0, 62.44538077403247
353.0, 60.41823946851884
354.0, 54.558587479935845
355.0, 62.546528045180395
356.0, 67.10505083104731
357.0, 63.155896423418696
358.0, 59.791222188357274
359.0, 63.458738793962205
360.0, 59.3712727892316
361.0, 56.97013444013357
362.0, 55.363159865219046
363.0, 61.04276508494439
364.0, 58.00166991372112
365.0, 53.57142857142858
366.0, 35.81923005393341
367.0, 41.29059920677456
368.0, 45.23010286951813
369.0, 42.99881670141427
370.0, 42.4638835172335
371.0, 38.72004978736644
372.0, 40.71791545031894
373.0, 39.62118709393233
374.0, 36.93714417160268
375.0, 37.12876963650962
376.0, 31.67068422028558
377.0, 34.755665722379575
378.0, 43.88888888888887
379.0, 38.18705192265912
380.0, 59.05687718874534
381.0, 53.67687410822085
382.0, 57.75698128315484
383.0, 62.286658922348344
384.0, 60.243971363978964
385.0, 78.18895291078881
386.0, 78.45013741656854
387.0, 73.7447499045437
388.0, 73.83590963139119
389.0, 74.82379862700226
390.0, 75.99893565124837
391.0, 72.02238942925304
392.0, 70.57233857735739
393.0, 82.19507310234326
394.0, 70.10002564760185
395.0, 77.51685269090491
396.0, 72.74150128341563
397.0, 75.14556456216451
398.0, 70.86247086247079
399.0, 61.5076286527023
400.0, 60.92406641727371
401.0, 61.86192189790744
402.0, 62.07422133863481
403.0, 64.5590785236561
404.0, 63.86994949494943
405.0, 64.50522825809739
406.0, 66.09828877656648
407.0, 59.02045069688672
408.0, 69.32295244637817
409.0, 71.47217490062465
410.0, 66.88143473928923
411.0, 46.192893401015205
412.0, 47.710330138445165
413.0, 43.895085921012964
414.0, 43.23124388592067
415.0, 47.17863369789194
416.0, 39.985064719548554
417.0, 32.21816137194274
418.0, 40.17864527334382
419.0, 44.29022606382968
420.0, 43.58219005134259
421.0, 43.710957285159544
422.0, 43.900387009927606
423.0, 30.956382553021314
424.0, 30.664341208181497
425.0, 35.76183431952674
