0, 4.91
1, 4.94
2, 4.85
3, 4.8
4, 4.65
5, 4.6
6, 4.62
7, 4.4
8, 4.05
9, 4.18
10, 4.4
11, 4.4
12, 4.45
13, 4.45
14, 4.45
15, 4.25
16, 4.25
17, 4.25
18, 4.04
19, 4.05
20, 4.2
21, 4.23
22, 4.21
23, 4.0
24, 3.95
25, 4.09
26, 3.95
27, 3.78
28, 3.88
29, 3.47
30, 3.46
31, 3.3
32, 3.28
33, 3.2
34, 3.47
35, 3.47
36, 3.43
37, 3.44
38, 3.11
39, 3.25
40, 3.5
41, 3.47
42, 3.65
43, 3.75
44, 3.66
45, 3.6
46, 3.53
47, 3.4
48, 3.36
49, 3.35
50, 3.1
51, 3.2
52, 3.15
53, 3.03
54, 3.15
55, 3.08
56, 3.13
57, 3.13
58, 3.16
59, 3.3
60, 3.25
61, 3.22
62, 3.1
63, 3.15
64, 3.24
65, 3.38
66, 3.45
67, 3.4
68, 3.75
69, 4.07
70, 3.9
71, 3.9
72, 3.66
73, 3.7
74, 3.7
75, 3.7
76, 3.7
77, 3.71
78, 3.79
79, 3.95
80, 3.95
81, 3.84
82, 3.6
83, 3.6
84, 3.5
85, 3.66
86, 3.6
87, 3.6
88, 3.6
89, 3.75
90, 3.68
91, 3.68
92, 3.75
93, 3.79
94, 3.8
95, 3.73
96, 3.75
97, 3.88
98, 3.8
99, 3.78
100, 3.8
101, 3.97
102, 3.95
103, 3.95
104, 3.8
105, 3.8
106, 3.8
107, 3.84
108, 3.8
109, 3.8
110, 3.8
111, 3.81
112, 3.8
113, 3.8
114, 3.8
115, 3.7
116, 3.75
117, 3.99
118, 3.8
119, 3.8
120, 3.75
121, 3.85
122, 3.9
123, 3.91
124, 3.91
125, 3.9
126, 3.92
127, 3.84
128, 3.89
129, 3.9
130, 3.84
131, 3.89
132, 3.97
133, 3.78
134, 3.8
135, 3.76
136, 3.73
137, 3.75
138, 3.75
139, 3.71
140, 3.75
141, 3.62
142, 3.73
143, 3.73
144, 3.73
145, 3.7
146, 3.66
147, 3.62
148, 3.64
149, 3.61
150, 3.6
151, 3.56
152, 3.54
153, 4.16
154, 4.09
155, 4.29
156, 4.31
157, 4.25
158, 4.15
159, 4.26
160, 4.26
161, 4.32
162, 4.1
163, 4.14
164, 4.3
165, 4.25
166, 4.21
167, 4.15
168, 4.18
169, 4.34
170, 4.58
171, 4.51
172, 4.81
173, 4.9
174, 4.75
175, 4.7
176, 4.7
177, 4.59
178, 4.52
179, 4.65
180, 4.68
181, 5.1
182, 5.62
183, 6.4
184, 6.2
185, 6.4
186, 6.24
187, 5.9
188, 6.35
189, 6.15
190, 6.22
191, 6.4
192, 6.69
193, 6.87
194, 7.17
195, 7.45
196, 7.47
197, 7.5
198, 7.6
199, 7.6
200, 7.54
201, 7.39
202, 7.25
203, 7.2
204, 7.18
205, 7.4
206, 8.02
207, 7.31
208, 7.53
209, 7.97
210, 8.9
211, 8.5
212, 8.5
213, 8.43
214, 8.4
215, 6.97
216, 6.7
217, 6.36
218, 6.61
219, 6.52
220, 6.5
221, 6.39
222, 6.28
223, 5.98
224, 6.15
225, 6.05
226, 5.93
227, 5.72
228, 5.61
229, 5.64
230, 5.77
231, 5.78
232, 5.78
233, 5.72
234, 5.6
235, 5.56
236, 5.7
237, 5.8
238, 5.67
239, 5.62
240, 5.6
241, 5.56
242, 5.49
243, 5.4
244, 5.75
245, 5.7
246, 5.69
247, 5.56
248, 5.54
249, 5.9
250, 6.14
251, 5.9
252, 6.2
253, 6.18
254, 6.08
255, 5.95
256, 5.92
257, 5.88
258, 5.86
259, 5.71
260, 5.68
261, 5.75
262, 6.17
263, 6.42
264, 6.34
265, 6.34
266, 6.35
267, 6.4
268, 6.75
269, 6.58
270, 6.58
271, 6.67
272, 6.7
273, 6.5
274, 6.5
275, 6.52
276, 5.5
277, 5.35
278, 5.47
279, 5.24
280, 5.25
281, 5.15
282, 5.28
283, 5.18
284, 5.1
285, 5.1
286, 5.17
287, 5.45
288, 5.5
289, 5.31
290, 5.32
291, 5.18
292, 5.1
293, 5.23
294, 5.25
295, 5.25
296, 5.2
297, 5.16
298, 5.1
299, 4.95
300, 4.9
301, 4.78
302, 4.92
303, 5.15
304, 5.2
305, 5.22
306, 5.18
307, 5.15
308, 5.2
309, 5.19
310, 5.18
311, 5.0
312, 4.95
313, 4.92
314, 4.97
315, 4.97
316, 4.81
317, 4.75
318, 4.78
319, 4.79
320, 4.86
321, 4.79
322, 4.64
323, 4.65
324, 4.63
325, 4.61
326, 4.84
327, 4.91
328, 4.86
329, 4.88
330, 4.77
331, 4.83
332, 4.66
333, 4.75
334, 4.68
335, 4.6
336, 4.73
337, 4.78
338, 4.87
339, 4.35
340, 3.97
341, 3.9
342, 3.85
343, 3.86
344, 3.8
345, 3.78
346, 3.87
347, 4.01
348, 4.12
349, 4.1
350, 4.05
351, 4.14
352, 4.1
353, 4.04
354, 4.05
355, 4.15
356, 4.04
357, 4.05
358, 4.01
359, 4.02
360, 4.04
361, 3.81
362, 3.85
363, 3.77
364, 3.8
365, 3.6
366, 3.65
367, 3.75
368, 4.04
369, 4.07
370, 3.95
371, 4.07
372, 4.01
373, 4.08
374, 4.14
375, 4.18
376, 4.27
377, 4.2
378, 4.24
379, 4.1
380, 4.12
381, 4.15
382, 4.12
383, 4.04
384, 4.15
385, 4.19
386, 4.2
387, 4.46
388, 4.41
389, 4.48
390, 4.5
391, 4.49
392, 4.55
393, 4.15
394, 4.11
395, 4.13
396, 4.07
397, 4.08
398, 4.06
399, 4.09
400, 3.98
401, 3.87
402, 3.99
403, 4.0
404, 4.06
405, 4.0
406, 4.0
407, 4.0
408, 3.97
409, 4.02
410, 3.9
411, 3.96
412, 3.89
413, 3.92
414, 3.96
415, 3.96
416, 3.95
417, 3.86
418, 3.85
419, 4.0
420, 4.23
421, 4.13
422, 4.29
423, 4.24
424, 4.2
425, 4.25
426, 4.25
427, 4.15
428, 3.18
429, 2.94
430, 2.87
431, 2.66
432, 2.71
433, 2.9
434, 3.0
435, 2.94
436, 2.96
437, 2.85
438, 2.8
439, 2.79
440, 2.79
441, 2.71
442, 2.8
443, 2.83
444, 2.81
445, 2.8
446, 2.77
447, 2.86
448, 3.04
449, 3.05
450, 3.17
451, 3.05
452, 3.05
453, 2.95
454, 2.91
455, 2.92
456, 2.89
457, 3.04
458, 3.03
459, 2.99
460, 3.0
461, 3.0
462, 2.99
463, 3.0
464, 3.03
465, 3.06
466, 3.07
467, 3.11
468, 3.16
469, 3.17
470, 3.74
471, 3.73
472, 3.7
473, 3.7
474, 3.64
475, 3.63
476, 3.6
477, 3.63
478, 3.57
479, 3.55
480, 3.51
481, 3.48
482, 3.45
483, 3.5
484, 3.4
485, 3.41
486, 3.47
487, 3.48
488, 3.42
489, 3.38
490, 3.36
491, 3.27
492, 3.38
493, 3.4
494, 3.45
495, 3.55
496, 3.54
497, 3.5
498, 3.43
499, 3.47
500, 3.46
501, 3.42
502, 3.42
503, 3.59
504, 3.65
505, 3.85
506, 3.97
507, 4.18
508, 4.14
509, 4.05
510, 4.02
511, 4.22
512, 4.2
513, 4.2
514, 4.07
515, 4.04
516, 4.2
517, 4.14
518, 4.15
519, 4.2
520, 4.2
521, 4.2
522, 4.25
523, 4.21
524, 4.15
525, 4.15
526, 4.31
527, 4.23
528, 4.27
529, 4.22
530, 4.25
531, 4.47
532, 4.28
533, 4.76
534, 4.49
535, 4.63
536, 4.93
537, 4.92
538, 4.86
539, 4.67
540, 4.63
541, 4.83
542, 4.84
543, 4.9
544, 4.95
545, 5.03
546, 4.95
547, 4.82
548, 4.55
549, 4.66
550, 4.85
551, 4.85
552, 4.87
553, 4.78
554, 4.97
555, 4.91
556, 5.0
557, 4.98
558, 4.9
559, 4.85
560, 5.17
561, 5.21
562, 5.25
563, 5.3
564, 5.26
565, 5.6
566, 5.66
567, 5.61
568, 5.6
569, 5.75
570, 5.6
571, 5.9
572, 5.96
573, 5.9
574, 5.83
575, 6.22
576, 6.2
577, 6.15
578, 6.14
579, 6.12
580, 6.2
581, 5.87
582, 5.6
583, 5.7
584, 5.91
585, 6.03
586, 5.73
587, 5.63
588, 5.78
589, 5.1
590, 4.93
591, 4.95
592, 5.08
593, 4.88
594, 5.96
595, 5.94
596, 5.8
597, 5.49
598, 5.65
599, 5.72
600, 5.85
601, 6.27
602, 6.2
603, 6.34
604, 6.69
605, 6.74
606, 7.18
607, 7.54
608, 7.91
609, 7.05
610, 7.35
611, 7.85
612, 7.32
613, 7.28
614, 7.6
615, 7.55
616, 6.87
617, 7.18
618, 7.06
619, 7.27
620, 8.4
621, 9.03
622, 9.28
623, 8.0
624, 8.02
625, 7.82
626, 7.49
627, 8.12
628, 8.1
629, 8.1
630, 7.96
631, 7.93
632, 8.12
633, 7.87
634, 7.93
635, 8.03
636, 8.06
637, 7.84
638, 7.96
639, 8.09
640, 8.1
641, 8.3
642, 8.13
643, 7.65
644, 7.91
645, 8.0
646, 8.03
647, 8.12
648, 8.76
649, 8.48
650, 8.91
651, 8.5
652, 7.35
653, 7.23
654, 6.67
655, 6.56
656, 6.55
657, 6.32
658, 5.99
659, 5.64
660, 6.22
661, 5.9
662, 5.98
663, 5.73
664, 5.73
665, 5.51
666, 5.81
667, 5.53
668, 5.71
669, 5.71
670, 5.61
671, 5.8
672, 5.89
673, 5.85
674, 5.74
675, 5.9
676, 6.1
677, 5.98
678, 5.94
679, 6.05
680, 6.12
681, 6.11
682, 5.76
683, 5.48
684, 5.87
685, 5.84
686, 6.42
687, 6.15
688, 6.43
689, 6.1
690, 6.18
691, 6.17
692, 6.0
693, 6.16
694, 5.85
695, 5.85
696, 5.52
697, 5.42
698, 5.17
699, 5.12
700, 5.0
701, 5.33
702, 5.29
703, 4.95
704, 5.01
705, 4.74
706, 4.8
707, 4.66
708, 4.92
709, 4.81
710, 4.95
711, 5.32
712, 5.15
713, 5.8
714, 5.56
715, 5.84
716, 5.88
717, 5.8
718, 5.99
719, 4.51
720, 4.57
721, 4.5
722, 4.5
723, 4.42
724, 4.4
725, 4.32
726, 4.35
727, 4.28
728, 4.24
729, 4.2
730, 4.28
731, 4.29
732, 4.25
733, 4.22
734, 4.17
735, 4.28
736, 4.19
737, 4.2
738, 4.16
739, 4.09
740, 4.27
741, 4.22
742, 4.22
743, 4.1
744, 3.91
745, 3.81
746, 3.7
747, 3.71
748, 3.86
749, 3.75
750, 3.66
751, 3.66
752, 3.46
753, 3.76
754, 3.79
755, 3.6
756, 3.65
757, 3.62
758, 3.67
759, 3.77
760, 3.72
761, 3.71
762, 3.76
763, 3.74
764, 3.65
765, 3.76
766, 3.66
767, 3.76
768, 3.78
769, 3.77
770, 3.8
771, 3.79
772, 3.76
773, 3.78
774, 3.92
775, 4.1
776, 4.14
777, 4.11
778, 4.15
779, 4.15
780, 4.22
781, 4.09
782, 3.7
783, 3.55
784, 3.71
785, 3.7
786, 3.6
787, 3.69
788, 3.68
789, 3.7
790, 3.74
791, 3.73
792, 3.65
793, 3.7
794, 3.66
795, 3.68
796, 3.61
797, 3.51
798, 3.41
799, 3.37
800, 3.41
801, 3.17
802, 3.1
803, 3.12
804, 3.14
805, 3.12
806, 3.11
807, 3.08
808, 3.1
809, 3.1
810, 3.07
811, 3.14
812, 3.1
813, 3.14
814, 3.06
815, 3.06
816, 3.05
817, 2.79
818, 2.87
819, 2.69
820, 2.71
821, 2.75
822, 2.76
823, 2.77
824, 2.74
825, 2.79
826, 2.8
827, 2.67
828, 2.66
829, 2.79
830, 2.78
831, 2.76
832, 2.8
833, 2.69
834, 2.75
835, 2.76
836, 2.77
837, 2.7
838, 2.56
839, 2.62
840, 2.75
841, 2.7
842, 2.65
843, 2.65
844, 3.0
845, 3.0
846, 3.03
847, 3.03
848, 3.05
849, 3.01
850, 2.74
851, 2.76
852, 2.76
853, 2.74
854, 2.76
855, 2.75
856, 2.75
857, 2.94
858, 3.14
859, 3.22
860, 3.43
861, 3.26
862, 3.12
863, 3.23
864, 3.25
865, 3.09
866, 3.04
867, 3.1
868, 3.01
869, 3.0
870, 2.73
871, 2.61
872, 2.68
873, 2.95
874, 2.83
875, 3.0
876, 2.87
877, 2.8
878, 2.79
879, 2.69
880, 2.65
881, 2.5
882, 2.49
883, 2.05
884, 1.99
885, 2.03
886, 2.0
887, 1.95
888, 1.75
889, 1.56
890, 1.75
891, 1.64
892, 1.68
893, 1.65
894, 1.81
895, 1.8
896, 1.8
897, 1.82
898, 1.92
899, 1.88
900, 1.9
901, 1.93
902, 2.0
903, 1.93
904, 1.97
905, 1.9
906, 1.73
907, 1.75
908, 1.9
909, 1.83
910, 1.78
911, 1.8
912, 1.76
913, 1.72
914, 1.6
915, 1.53
916, 1.5
917, 1.49
918, 1.3
919, 1.28
920, 1.29
921, 1.3
922, 1.28
923, 1.45
924, 1.41
925, 1.44
926, 1.41
927, 1.38
928, 1.41
929, 1.36
930, 1.35
931, 1.79
932, 1.87
933, 1.88
934, 1.82
935, 2.08
936, 2.2
937, 2.2
938, 2.01
939, 1.9
940, 2.12
941, 2.0
942, 1.89
943, 1.78
944, 2.16
945, 2.27
946, 2.34
947, 2.27
948, 2.33
949, 2.16
950, 1.95
951, 1.78
952, 1.63
953, 1.61
954, 1.62
955, 1.55
956, 1.86
957, 1.88
958, 1.9
959, 1.92
960, 2.05
961, 2.07
962, 1.84
963, 1.94
964, 1.65
965, 1.97
966, 1.89
967, 1.76
968, 1.83
969, 2.0
970, 1.8
971, 1.94
972, 1.72
973, 1.7
974, 1.7
975, 1.74
976, 1.79
977, 1.73
978, 1.55
979, 1.65
980, 1.36
981, 1.5
982, 1.39
983, 1.3
984, 1.3
985, 1.3
986, 1.39
987, 1.36
988, 1.37
989, 1.39
990, 1.5
991, 1.69
992, 1.6
993, 1.4
994, 1.48
995, 1.5
996, 1.52
997, 1.6
998, 1.5
999, 1.41
1000, 1.62
1001, 1.58
1002, 1.44
1003, 1.41
1004, 1.37
1005, 1.55
1006, 1.58
1007, 1.49
1008, 1.5
1009, 1.56
1010, 1.6
1011, 1.63
1012, 1.64
1013, 1.71
1014, 1.72
1015, 1.75
1016, 1.7
1017, 1.73
1018, 1.72
1019, 1.75
1020, 1.81
1021, 1.85
1022, 1.83
1023, 1.83
1024, 1.83
1025, 1.85
1026, 1.9
1027, 1.75
1028, 1.58
1029, 1.75
1030, 1.65
1031, 1.7
1032, 1.72
1033, 1.85
1034, 1.74
1035, 1.85
1036, 1.85
1037, 1.9
1038, 1.95
1039, 1.92
1040, 1.91
1041, 1.78
1042, 1.78
1043, 1.83
1044, 1.81
1045, 1.91
1046, 1.91
1047, 1.92
1048, 1.85
1049, 1.85
1050, 1.94
1051, 1.87
1052, 1.93
1053, 1.8
1054, 1.73
1055, 1.73
1056, 1.69
1057, 1.69
1058, 1.65
1059, 1.65
1060, 1.72
1061, 1.8
1062, 1.8
1063, 1.81
1064, 1.85
1065, 1.85
1066, 1.9
1067, 1.66
1068, 1.75
1069, 1.75
1070, 1.69
1071, 1.65
1072, 1.84
1073, 1.89
1074, 1.92
1075, 1.98
1076, 1.84
1077, 1.84
1078, 1.85
1079, 1.83
1080, 1.83
1081, 1.93
1082, 1.95
1083, 1.99
1084, 1.95
1085, 1.92
1086, 1.96
1087, 1.94
1088, 1.94
1089, 1.92
1090, 1.85
1091, 1.81
1092, 1.81
1093, 1.8
1094, 1.81
1095, 1.84
1096, 1.85
1097, 1.98
1098, 1.92
1099, 1.87
1100, 1.96
1101, 1.92
1102, 2.04
1103, 2.22
1104, 2.11
1105, 2.09
1106, 2.1
1107, 2.11
1108, 2.2
1109, 2.2
1110, 2.23
1111, 2.2
1112, 2.25
1113, 2.25
1114, 2.18
1115, 2.03
1116, 2.06
1117, 2.15
1118, 2.23
1119, 2.32
1120, 2.16
1121, 2.2
1122, 2.3
1123, 2.23
1124, 2.21
1125, 2.17
1126, 2.17
1127, 2.17
1128, 2.19
1129, 2.22
1130, 2.26
1131, 2.26
1132, 2.22
1133, 2.27
1134, 2.26
1135, 2.28
1136, 2.26
1137, 2.43
1138, 2.32
1139, 2.42
1140, 2.4
1141, 2.4
1142, 2.28
1143, 2.28
1144, 2.26
1145, 2.33
1146, 2.16
1147, 2.17
1148, 2.25
1149, 2.27
1150, 2.3
1151, 2.25
1152, 2.27
1153, 2.26
1154, 2.46
1155, 2.39
1156, 2.21
1157, 2.25
1158, 2.18
1159, 2.09
1160, 2.2
1161, 2.12
1162, 2.2
1163, 2.15
1164, 2.12
1165, 2.01
1166, 2.12
1167, 2.2
1168, 2.2
1169, 2.06
1170, 2.09
1171, 2.08
1172, 2.01
1173, 2.06
1174, 2.06
1175, 2.08
1176, 2.1
1177, 2.1
1178, 2.03
1179, 1.99
1180, 1.99
1181, 2.0
1182, 2.0
1183, 1.99
1184, 1.98
1185, 1.99
1186, 1.97
1187, 2.01
1188, 2.05
1189, 2.0
1190, 2.0
1191, 2.01
1192, 2.04
1193, 2.01
1194, 2.03
1195, 2.02
1196, 2.01
1197, 2.08
1198, 2.15
1199, 2.25
1200, 2.11
1201, 2.13
1202, 2.15
1203, 2.16
1204, 2.15
1205, 2.17
1206, 2.15
1207, 2.16
1208, 2.15
1209, 2.11
1210, 2.08
1211, 2.18
1212, 2.2
1213, 2.08
1214, 2.05
1215, 2.22
1216, 2.25
1217, 2.25
1218, 2.22
1219, 2.31
1220, 2.22
1221, 2.28
1222, 2.23
1223, 2.25
1224, 2.21
1225, 2.21
1226, 2.21
1227, 2.21
1228, 2.23
1229, 2.23
1230, 2.24
1231, 2.22
1232, 2.21
1233, 2.19
1234, 2.2
1235, 2.2
1236, 2.2
1237, 2.21
1238, 2.18
1239, 2.15
1240, 2.24
1241, 2.18
1242, 2.19
1243, 2.19
1244, 2.23
1245, 2.32
1246, 2.27
1247, 2.29
1248, 2.29
1249, 2.26
1250, 2.25
1251, 2.23
1252, 2.31
1253, 2.25
1254, 2.38
1255, 2.31
1256, 2.3
1257, 2.29
1258, 2.3
1259, 2.31
1260, 2.34
1261, 2.31
1262, 2.31
1263, 2.33
1264, 2.41
1265, 2.47
1266, 2.56
1267, 2.8
1268, 2.86
1269, 2.62
1270, 2.52
1271, 2.69
1272, 2.54
1273, 2.6
1274, 2.56
1275, 3.14
1276, 3.2
1277, 3.07
1278, 3.0
1279, 2.95
1280, 3.01
1281, 2.98
1282, 2.83
1283, 2.86
1284, 2.77
1285, 2.77
1286, 2.81
1287, 2.86
1288, 2.79
1289, 2.8
1290, 2.83
1291, 2.81
1292, 2.8
1293, 2.77
1294, 2.75
1295, 2.81
1296, 2.8
1297, 2.79
1298, 2.85
1299, 2.91
1300, 3.08
1301, 2.97
1302, 3.09
1303, 3.01
1304, 2.97
1305, 2.88
1306, 2.89
1307, 2.97
1308, 2.95
1309, 2.85
1310, 2.82
1311, 2.65
1312, 2.62
1313, 2.7
1314, 2.66
1315, 2.64
1316, 2.69
1317, 2.72
1318, 2.76
1319, 2.67
1320, 2.71
1321, 2.65
1322, 2.55
1323, 2.51
1324, 2.57
1325, 2.66
1326, 2.75
1327, 2.75
1328, 2.85
1329, 2.78
1330, 2.81
1331, 2.78
1332, 2.78
1333, 2.9
1334, 2.87
1335, 2.85
1336, 2.9
1337, 2.92
1338, 3.14
1339, 3.14
1340, 3.11
1341, 3.16
1342, 3.07
1343, 3.13
1344, 3.27
1345, 3.2
1346, 3.17
1347, 2.91
1348, 2.8
1349, 2.86
1350, 2.78
1351, 2.81
1352, 2.97
1353, 2.99
1354, 2.9
1355, 2.94
1356, 3.11
1357, 3.09
1358, 3.09
1359, 3.05
1360, 3.05
1361, 3.12
1362, 3.09
1363, 3.1
1364, 3.09
1365, 3.15
1366, 3.07
1367, 3.05
1368, 3.08
1369, 3.15
1370, 3.1
1371, 3.0
1372, 3.0
1373, 2.98
1374, 2.95
1375, 2.96
1376, 2.98
1377, 3.02
1378, 3.0
1379, 2.99
1380, 2.98
1381, 2.92
1382, 3.08
1383, 3.14
1384, 3.16
1385, 3.17
1386, 3.13
1387, 3.08
1388, 3.09
1389, 3.24
1390, 3.25
1391, 3.21
1392, 3.2
1393, 3.21
1394, 3.18
1395, 3.2
1396, 3.21
1397, 3.12
1398, 3.15
1399, 3.18
1400, 3.23
1401, 3.3
1402, 3.22
1403, 3.25
1404, 3.2
1405, 3.13
1406, 3.28
1407, 3.24
1408, 3.16
1409, 3.2
1410, 3.27
1411, 3.35
1412, 3.28
1413, 3.33
1414, 3.34
1415, 3.34
1416, 3.43
1417, 3.49
1418, 3.52
1419, 3.41
1420, 3.62
1421, 3.72
1422, 3.67
1423, 3.78
1424, 3.77
1425, 3.67
1426, 3.07
1427, 3.13
1428, 3.11
1429, 3.18
1430, 3.15
1431, 3.19
1432, 3.2
1433, 3.2
1434, 3.1
1435, 3.14
1436, 3.14
1437, 3.14
1438, 3.14
1439, 3.1
1440, 3.09
1441, 3.17
1442, 3.17
1443, 3.15
1444, 3.14
1445, 3.08
1446, 3.09
1447, 3.11
1448, 3.16
1449, 3.05
1450, 3.02
1451, 3.06
1452, 2.96
1453, 3.0
1454, 3.04
1455, 3.1
1456, 3.1
1457, 3.06
1458, 2.97
1459, 2.99
1460, 3.1
1461, 3.05
1462, 3.0
1463, 3.02
1464, 2.76
1465, 2.8
1466, 2.73
1467, 2.7
1468, 2.8
1469, 2.89
1470, 2.91
1471, 2.97
1472, 3.0
1473, 3.12
1474, 3.19
1475, 3.15
1476, 3.16
1477, 3.16
1478, 3.16
1479, 3.19
1480, 3.15
1481, 3.17
1482, 3.18
1483, 3.13
1484, 3.09
1485, 3.06
1486, 3.02
1487, 3.06
1488, 3.05
1489, 3.06
1490, 3.09
1491, 3.09
1492, 3.05
1493, 3.03
1494, 3.03
1495, 3.02
1496, 3.02
1497, 3.05
1498, 3.08
1499, 3.09
1500, 3.02
1501, 3.02
1502, 3.05
1503, 3.06
1504, 3.1
1505, 3.11
1506, 3.09
1507, 3.09
1508, 3.09
1509, 3.08
1510, 3.15
1511, 3.05
1512, 3.07
1513, 3.07
1514, 3.09
1515, 3.09
1516, 3.09
1517, 3.1
1518, 3.07
1519, 3.11
1520, 3.05
1521, 3.05
1522, 3.08
1523, 3.1
1524, 3.11
1525, 3.13
1526, 2.7
1527, 2.65
1528, 2.62
1529, 2.64
1530, 2.6
1531, 2.61
1532, 2.7
1533, 2.72
1534, 2.71
1535, 2.7
1536, 2.66
1537, 2.63
1538, 2.64
1539, 2.73
1540, 2.64
1541, 2.49
1542, 2.45
1543, 2.45
1544, 2.44
1545, 2.51
1546, 2.5
1547, 2.5
1548, 2.44
1549, 2.55
1550, 2.53
1551, 2.47
1552, 2.5
1553, 2.58
1554, 2.55
1555, 2.55
1556, 2.53
1557, 2.57
1558, 2.59
1559, 2.59
1560, 2.6
1561, 2.54
1562, 2.6
1563, 2.62
1564, 2.65
1565, 2.59
1566, 2.58
1567, 2.57
1568, 2.55
1569, 2.54
1570, 2.57
1571, 2.53
1572, 2.57
1573, 2.6
1574, 2.59
1575, 2.61
1576, 2.65
1577, 2.59
1578, 2.58
1579, 2.57
1580, 2.59
1581, 2.57
1582, 2.62
1583, 2.59
1584, 2.56
1585, 2.51
1586, 2.5
1587, 2.49
1588, 2.45
1589, 2.3
1590, 2.45
1591, 2.27
1592, 2.4
1593, 2.45
1594, 2.4
1595, 2.36
1596, 2.2
1597, 2.26
1598, 2.3
1599, 2.25
1600, 2.29
1601, 2.21
1602, 2.14
1603, 2.17
1604, 2.24
1605, 2.25
1606, 2.3
1607, 2.39
1608, 2.22
1609, 2.2
1610, 2.23
1611, 2.23
1612, 2.25
1613, 2.2
1614, 2.15
1615, 2.23
1616, 2.15
1617, 2.23
1618, 2.23
1619, 2.15
1620, 2.22
1621, 2.21
1622, 2.15
1623, 2.16
1624, 2.06
1625, 2.24
1626, 2.26
1627, 2.13
1628, 2.11
1629, 2.19
1630, 2.23
1631, 2.16
1632, 2.14
1633, 2.15
1634, 2.14
1635, 2.14
1636, 2.12
1637, 2.13
1638, 2.1
1639, 2.15
1640, 2.12
1641, 2.13
1642, 2.13
1643, 2.2
1644, 2.13
1645, 2.13
1646, 2.08
1647, 2.1
1648, 2.08
1649, 2.12
1650, 2.12
1651, 2.17
1652, 2.1
1653, 2.07
1654, 2.13
1655, 2.07
1656, 2.04
1657, 2.07
1658, 2.01
1659, 2.0
1660, 2.01
1661, 2.03
1662, 2.01
1663, 2.01
1664, 2.02
1665, 1.99
1666, 1.96
1667, 1.96
1668, 2.02
1669, 2.15
1670, 2.08
1671, 2.08
1672, 2.02
1673, 2.02
1674, 2.06
1675, 2.05
1676, 2.04
1677, 2.16
1678, 2.09
1679, 2.05
1680, 2.07
1681, 2.09
1682, 2.1
1683, 2.05
1684, 2.02
1685, 2.0
1686, 2.02
1687, 2.095
1688, 2.09
1689, 2.11
1690, 2.12
1691, 2.14
1692, 2.18
1693, 2.18
1694, 2.16
1695, 2.19
1696, 2.19
1697, 2.19
1698, 2.15
1699, 2.17
1700, 2.2
1701, 2.28
1702, 2.17
1703, 2.21
1704, 2.26
1705, 2.28
1706, 2.21
1707, 2.25
1708, 2.2
1709, 2.23
1710, 2.2
1711, 2.21
1712, 2.22
1713, 2.24
1714, 2.28
1715, 2.25
1716, 2.35
1717, 2.21
1718, 2.19
1719, 2.07
1720, 2.13
1721, 2.18
1722, 2.11
1723, 2.13
1724, 2.17
1725, 2.15
1726, 2.15
1727, 2.17
1728, 2.29
1729, 2.34
1730, 2.26
1731, 2.19
1732, 2.08
1733, 2.08
1734, 2.15
1735, 2.14
1736, 2.17
1737, 2.29
1738, 2.32
1739, 2.25
1740, 2.39
1741, 2.51
1742, 2.46
1743, 2.4
1744, 2.46
1745, 2.37
1746, 2.43
1747, 2.31
1748, 2.35
1749, 2.3868
1750, 2.45
1751, 2.38
1752, 2.4
1753, 2.45
1754, 2.47
1755, 2.43
1756, 2.51
1757, 2.47
1758, 2.5
1759, 2.48
1760, 2.46
1761, 2.47
1762, 2.37
1763, 2.42
1764, 2.43
1765, 2.47
1766, 2.47
1767, 2.48
1768, 2.45
1769, 2.45
1770, 2.51
1771, 2.4
1772, 2.46
1773, 2.42
1774, 2.48
1775, 2.47
1776, 2.37
1777, 2.42
1778, 2.46
1779, 2.35
1780, 2.25
1781, 2.25
1782, 2.25
1783, 2.25
1784, 2.25
1785, 2.3
1786, 2.21
1787, 2.21
1788, 2.2
1789, 2.16
1790, 2.19
1791, 2.15
1792, 2.16
1793, 2.21
1794, 2.21
1795, 2.15
1796, 2.14
1797, 2.1
1798, 2.08
1799, 2.06
1800, 2.18
1801, 2.06
1802, 2.07
1803, 2.2
1804, 2.06
1805, 2.15
1806, 2.04
1807, 2.1
1808, 2.1499
1809, 2.05
1810, 2.099
1811, 2.06
1812, 2.05
1813, 2.1
1814, 2.1
1815, 2.1
1816, 2.1
1817, 2.1
1818, 2.01
1819, 2.1
1820, 2.1
1821, 2.05
1822, 2.03
1823, 2.09
1824, 2.1
1825, 2.0
1826, 2.1
1827, 2.01
1828, 2.1
1829, 2.09
1830, 2.06
1831, 2.06
1832, 2.071
1833, 2.06
1834, 2.06
1835, 2.0842
1836, 2.1
1837, 2.16
1838, 2.1
1839, 2.08
1840, 2.1
1841, 2.08
1842, 2.1
1843, 2.15
1844, 2.135
1845, 2.14
1846, 2.19
1847, 2.15
1848, 2.1999
1849, 2.25
1850, 2.26
1851, 2.17
1852, 2.25
1853, 2.1999
1854, 2.15
1855, 2.23
1856, 2.21
1857, 2.2483
1858, 2.2
1859, 2.2008
1860, 2.14
1861, 2.2499
1862, 2.16
1863, 2.2
1864, 2.18
1865, 2.14
1866, 2.2
1867, 2.1
1868, 2.19
1869, 2.1
1870, 2.19
1871, 2.17
1872, 2.11
1873, 2.1
1874, 2.09
1875, 2.0799
1876, 2.06
1877, 2.06
1878, 2.06
1879, 2.1599
1880, 2.1499
1881, 2.05
1882, 2.0592
1883, 2.05
1884, 2.07
1885, 2.06
1886, 2.06
1887, 2.06
1888, 2.05
1889, 2.03
1890, 2.0715
1891, 2.02
1892, 2.0101
1893, 2.007
1894, 2.0
1895, 1.97
1896, 1.97
1897, 1.95
1898, 1.95
1899, 2.0
1900, 1.9799
1901, 1.97
1902, 2.0
1903, 1.9999
1904, 1.99
1905, 1.97
1906, 1.98
1907, 1.99
1908, 1.99
1909, 2.0
1910, 2.0
1911, 2.01
1912, 2.0001
1913, 2.05
1914, 2.02
1915, 1.95
1916, 1.9201
1917, 1.97
1918, 1.95
1919, 2.0
1920, 1.95
1921, 1.97
1922, 1.98
1923, 1.9934
1924, 2.0799
1925, 2.05
1926, 2.072
1927, 2.13
1928, 2.14
1929, 2.1001
1930, 2.05
1931, 2.1
1932, 2.15
1933, 2.16
1934, 2.19
1935, 2.17
1936, 2.2834
1937, 2.31
1938, 2.28
1939, 2.3
1940, 2.26
1941, 2.15
1942, 2.15
1943, 2.14
1944, 2.13
1945, 2.1
1946, 2.2
1947, 2.16
1948, 2.06
1949, 2.12
1950, 2.05
1951, 2.147
1952, 2.2499
1953, 2.29
1954, 2.28
1955, 2.21
1956, 2.28
1957, 2.29
1958, 2.3
1959, 2.2999
1960, 2.21
1961, 2.12
1962, 2.28
1963, 2.25
1964, 2.17
1965, 2.19
1966, 2.2
1967, 2.2
1968, 2.2599
1969, 2.2
1970, 2.16
1971, 2.2
1972, 2.16
1973, 2.17
1974, 2.2
1975, 2.3
1976, 2.28
1977, 2.32
1978, 2.38
1979, 2.38
1980, 2.3601
1981, 2.3632
1982, 2.34
1983, 2.33
1984, 2.33
1985, 2.31
1986, 2.3
1987, 2.31
1988, 2.32
1989, 2.29
1990, 2.34
1991, 2.33
1992, 2.32
1993, 2.31
1994, 2.3
1995, 2.3
1996, 2.3
1997, 2.31
1998, 2.2901
1999, 2.35
2000, 2.33
2001, 2.36
2002, 2.4
2003, 2.36
2004, 2.29
2005, 2.29
2006, 2.3799
2007, 2.35
2008, 2.36
2009, 2.31
2010, 2.35
2011, 2.33
2012, 2.25
2013, 2.266
2014, 2.2299
2015, 2.21
2016, 2.19
2017, 2.27
2018, 2.225
2019, 2.22
2020, 2.21
2021, 2.27
2022, 2.32
2023, 2.24
2024, 2.29
2025, 2.25
2026, 2.22
2027, 2.27
2028, 2.22
2029, 2.2
2030, 2.22
2031, 2.23
2032, 2.23
2033, 2.25
2034, 2.23
2035, 2.22
2036, 2.22
2037, 2.23
2038, 2.24
2039, 2.2399
2040, 2.23
2041, 2.2099
2042, 2.23
2043, 2.28
2044, 2.26
2045, 2.28
2046, 2.27
2047, 2.27
2048, 2.25
2049, 2.2501
2050, 2.2599
2051, 2.26
2052, 2.2999
2053, 2.3
2054, 2.34
2055, 2.349
2056, 2.3216
2057, 2.33
2058, 2.3299
2059, 2.39
2060, 2.63
2061, 2.52
2062, 2.53
2063, 2.47
2064, 2.54
2065, 2.56
2066, 2.55
2067, 2.59
2068, 2.55
2069, 2.5499
2070, 2.549
2071, 2.602
2072, 2.58
2073, 2.62
2074, 2.55
2075, 2.56
2076, 2.54
2077, 2.53
2078, 2.52
2079, 2.4899
2080, 2.46
2081, 2.4699
2082, 2.4499
2083, 2.46
2084, 2.45
2085, 2.4401
2086, 2.44
2087, 2.44
2088, 2.42
2089, 2.44
2090, 2.45
2091, 2.46
2092, 2.43
2093, 2.46
2094, 2.46
2095, 2.48
2096, 2.48
2097, 2.5
2098, 2.48
2099, 2.4301
2100, 2.44
2101, 2.4418
2102, 2.49
2103, 2.5
2104, 2.45
2105, 2.45
2106, 2.46
2107, 2.47
2108, 2.46
2109, 2.45
2110, 2.5
2111, 2.54
2112, 2.51
2113, 2.48
2114, 2.51
2115, 2.45
2116, 2.45
2117, 2.47
2118, 2.47
2119, 2.48
2120, 2.46
2121, 2.46
2122, 2.46
2123, 2.47
2124, 2.49
2125, 2.5
2126, 2.5318
2127, 2.56
2128, 2.48
2129, 2.63
2130, 2.62
2131, 2.74
2132, 2.65
2133, 2.66
2134, 2.5699
2135, 2.54
2136, 2.57
2137, 2.6
2138, 2.64
2139, 2.66
2140, 2.64
2141, 2.77
2142, 2.77
2143, 2.66
2144, 2.65
2145, 2.63
2146, 2.61
2147, 2.59
2148, 2.61
2149, 2.55
2150, 2.54
2151, 2.65
2152, 2.5878
2153, 2.59
2154, 2.62
2155, 2.61
2156, 2.61
2157, 2.62
2158, 2.6
2159, 2.57
2160, 2.57
2161, 2.55
2162, 2.52
2163, 2.53
2164, 2.51
2165, 2.48
2166, 2.54
2167, 2.5
2168, 2.49
2169, 2.49
2170, 2.46
2171, 2.49
2172, 2.71
2173, 2.69
2174, 2.69
2175, 2.8
2176, 2.94
2177, 2.95
2178, 2.95
2179, 2.93
2180, 2.91
2181, 2.97
2182, 2.93
2183, 2.93
2184, 3.14
2185, 3.21
2186, 3.3
2187, 3.3
2188, 3.19
2189, 3.17
2190, 3.13
2191, 3.25
2192, 3.26
2193, 3.3
2194, 3.29
2195, 3.21
2196, 3.17
2197, 2.97
2198, 2.95
2199, 2.93
2200, 3.14
2201, 3.15
2202, 3.1
2203, 2.62
2204, 2.695
2205, 2.86
2206, 2.94
2207, 2.9
2208, 2.9058
2209, 2.88
2210, 2.9138
2211, 2.8001
2212, 2.85
2213, 2.83
2214, 3.06
2215, 3.15
2216, 3.0956
2217, 3.1
2218, 3.11
2219, 3.13
2220, 3.06
2221, 3.04
2222, 3.05
2223, 2.96
2224, 3.13
2225, 3.121
2226, 3.14
2227, 3.14
2228, 3.14
2229, 3.15
2230, 3.18
2231, 3.16
2232, 3.1
2233, 3.1699
2234, 3.32
2235, 3.4
2236, 3.3753
2237, 3.21
2238, 3.0901
2239, 3.08
2240, 3.2297
2241, 3.22
2242, 3.2
2243, 3.2
2244, 3.33
2245, 3.31
2246, 3.4
2247, 3.38
2248, 3.4
2249, 3.36
2250, 3.41
2251, 3.4
2252, 3.36
2253, 3.37
2254, 3.33
2255, 3.3501
2256, 3.25
2257, 3.25
2258, 3.34
2259, 3.205
2260, 3.16
2261, 3.08
2262, 2.84
2263, 2.71
2264, 2.76
2265, 2.66
2266, 2.55
2267, 2.63
2268, 2.57
2269, 2.65
2270, 2.74
2271, 2.7
2272, 2.69
2273, 2.75
2274, 2.58
2275, 2.7
2276, 2.63
2277, 3.0
2278, 2.92
2279, 2.96
2280, 2.97
2281, 2.79
2282, 2.77
2283, 2.78
2284, 2.72
2285, 2.74
2286, 2.7846
2287, 2.9
2288, 3.05
2289, 3.06
2290, 2.91
2291, 2.93
2292, 2.88
2293, 2.89
2294, 2.83
2295, 2.8
2296, 2.77
2297, 2.755
2298, 2.73
2299, 2.64
2300, 2.74
2301, 2.6299
2302, 2.59
2303, 2.61
2304, 2.62
2305, 2.61
2306, 2.57
2307, 2.55
2308, 2.56
2309, 2.55
2310, 2.5636
2311, 2.56
2312, 2.56
2313, 2.55
2314, 2.56
2315, 2.52
2316, 2.53
2317, 2.55
2318, 2.53
2319, 2.45
2320, 2.34
2321, 2.35
2322, 2.38
2323, 2.39
2324, 2.36
2325, 2.37
2326, 2.2999
2327, 2.45
2328, 2.33
2329, 2.33
2330, 2.33
2331, 2.36
2332, 2.34
2333, 2.35
2334, 2.37
2335, 2.35
2336, 2.41
2337, 2.37
2338, 2.3899
2339, 2.38
2340, 2.38
2341, 2.39
2342, 2.36
2343, 2.35
2344, 2.36
2345, 2.33
2346, 2.33
2347, 2.33
2348, 2.36
2349, 2.42
2350, 2.46
2351, 2.42
2352, 2.47
2353, 2.38
2354, 2.34
2355, 2.3
2356, 2.42
2357, 2.35
2358, 2.48
2359, 2.3201
2360, 2.3
2361, 2.325
2362, 2.32
2363, 2.3
2364, 2.28
2365, 2.31
2366, 2.35
2367, 2.34
2368, 2.35
2369, 2.3699
2370, 2.3
2371, 2.32
2372, 2.3132
2373, 2.3584
2374, 2.43
2375, 2.44
2376, 2.48
2377, 2.45
2378, 2.44
2379, 2.4401
2380, 2.42
2381, 2.41
2382, 2.41
2383, 2.4
2384, 2.4091
2385, 2.41
2386, 2.42
2387, 2.43
2388, 2.5
2389, 2.519
2390, 2.55
2391, 2.5786
2392, 2.5501
2393, 2.5301
2394, 2.58
2395, 2.63
2396, 2.64
2397, 2.64
2398, 2.64
2399, 2.65
2400, 2.64
2401, 2.7
2402, 2.69
2403, 2.6601
2404, 2.41
2405, 2.51
2406, 2.551
2407, 2.5668
2408, 2.55
2409, 2.55
2410, 2.63
2411, 2.52
2412, 2.56
2413, 2.54
2414, 2.54
2415, 2.54
2416, 2.54
2417, 2.54
2418, 2.58
2419, 2.49
2420, 2.5
2421, 2.49
2422, 2.47
2423, 2.42
2424, 2.44
2425, 2.44
2426, 2.4
2427, 2.37
2428, 2.3799
2429, 2.399
2430, 2.39
2431, 2.46
2432, 2.4
2433, 2.41
2434, 2.39
2435, 2.4
2436, 2.38
2437, 2.3671
2438, 2.365
2439, 2.33
2440, 2.38
2441, 2.35
2442, 2.35
2443, 2.35
2444, 2.33
2445, 2.3101
2446, 2.29
2447, 2.3
2448, 2.35
2449, 2.31
2450, 2.3
2451, 2.3768
2452, 2.46
2453, 2.4699
2454, 2.45
2455, 2.44
2456, 2.41
2457, 2.39
2458, 2.43
2459, 2.4568
2460, 2.43
2461, 2.41
2462, 2.38
2463, 2.39
2464, 2.42
2465, 2.42
2466, 2.33
2467, 2.35
2468, 2.36
2469, 2.35
2470, 2.34
2471, 2.34
2472, 2.3
2473, 2.3
2474, 2.32
2475, 2.34
2476, 2.32
2477, 2.33
2478, 2.34
2479, 2.33
2480, 2.38
2481, 2.37
2482, 2.38
2483, 2.37
2484, 2.35
2485, 2.36
2486, 2.36
2487, 2.38
2488, 2.3501
2489, 2.34
2490, 2.34
2491, 2.4
2492, 2.45
2493, 2.46
2494, 2.38
2495, 2.41
2496, 2.36
2497, 2.41
2498, 2.4
2499, 2.42
2500, 2.42
2501, 2.39
2502, 2.42
2503, 2.45
2504, 2.45
2505, 2.46
2506, 2.41
2507, 2.41
2508, 2.4
2509, 2.39
2510, 2.41
2511, 2.41
2512, 2.4
2513, 2.34
2514, 2.32
2515, 2.29
2516, 2.35
2517, 2.31
2518, 2.3404
2519, 2.36
2520, 2.36
2521, 2.38
2522, 2.33
2523, 2.33
2524, 2.35
2525, 2.35
2526, 2.3788
2527, 2.35
2528, 2.33
2529, 2.35
2530, 2.3
2531, 2.34
2532, 2.35
2533, 2.35
2534, 2.32
2535, 2.35
2536, 2.32
2537, 2.36
2538, 2.35
2539, 2.36
2540, 2.32
2541, 2.34
2542, 2.36
2543, 2.38
2544, 2.38
2545, 2.38
2546, 2.37
2547, 2.33
2548, 2.33
2549, 2.3
2550, 2.3
2551, 2.29
2552, 2.27
2553, 2.28
2554, 2.24
2555, 2.25
2556, 2.24
2557, 2.25
2558, 2.26
2559, 2.29
2560, 2.25
2561, 2.3
2562, 2.28
2563, 2.3
2564, 2.29
2565, 2.27
2566, 2.23
2567, 2.28
2568, 2.27
2569, 2.28
2570, 2.2401
2571, 2.25
2572, 2.21
2573, 2.21
2574, 2.24
2575, 2.24
2576, 2.3801
2577, 2.4
2578, 2.37
2579, 2.39
2580, 2.32
2581, 2.34
2582, 2.39
2583, 2.32
2584, 2.3
2585, 2.27
2586, 2.32
2587, 2.3
2588, 2.35
2589, 2.3
2590, 2.36
2591, 2.39
2592, 2.38
2593, 2.39
2594, 2.38
2595, 2.36
2596, 2.35
2597, 2.372
2598, 2.32
2599, 2.38
2600, 2.3
2601, 2.3
2602, 2.3
2603, 2.28
2604, 2.32
2605, 2.3
2606, 2.32
2607, 2.3199
2608, 2.31
2609, 2.3
2610, 2.23
2611, 2.24
2612, 2.28
2613, 2.24
2614, 2.26
2615, 2.26
2616, 2.2
2617, 2.23
2618, 2.22
2619, 2.23
2620, 2.24
2621, 2.28
2622, 2.3
2623, 2.35
2624, 2.29
2625, 2.26
2626, 2.29
2627, 2.24
2628, 2.27
2629, 2.29
2630, 2.3
2631, 2.33
2632, 2.35
2633, 2.31
2634, 2.3072
2635, 2.35
2636, 2.36
2637, 2.3
2638, 2.3
2639, 2.33
2640, 2.33
2641, 2.3
2642, 2.3
2643, 2.29
2644, 2.31
2645, 2.28
2646, 2.29
2647, 2.27
2648, 2.27
2649, 2.22
2650, 2.29
2651, 2.3
2652, 2.3
2653, 2.34
2654, 2.25
2655, 2.25
2656, 2.28
2657, 2.27
2658, 2.22
2659, 2.22
2660, 2.22
2661, 2.17
2662, 2.2399
2663, 1.78
2664, 1.86
2665, 1.82
2666, 1.86
2667, 1.81
2668, 1.83
2669, 1.8
2670, 1.82
2671, 1.8
2672, 1.83
2673, 1.8099
2674, 1.81
2675, 1.8034
2676, 1.7489
2677, 1.7301
2678, 1.71
2679, 1.71
2680, 1.72
2681, 1.72
2682, 1.73
2683, 1.83
2684, 1.83
2685, 1.75
2686, 1.726
2687, 1.7132
2688, 1.73
2689, 1.77
2690, 1.86
2691, 1.83
2692, 1.761
2693, 1.75
2694, 1.77
2695, 1.76
2696, 1.78
2697, 1.78
2698, 1.8
2699, 1.72
2700, 1.7
2701, 1.6
2702, 1.67
2703, 1.64
2704, 1.68
2705, 1.68
2706, 1.6432
2707, 1.64
2708, 1.65
2709, 1.65
2710, 1.66
2711, 1.66
2712, 1.65
2713, 1.6
2714, 1.69
2715, 1.67
2716, 1.63
2717, 1.71
2718, 1.77
2719, 1.73
2720, 1.75
2721, 1.84
2722, 1.92
2723, 1.87
2724, 1.86
2725, 1.95
2726, 1.98
2727, 2.07
2728, 1.94
2729, 1.97
2730, 1.96
2731, 1.94
2732, 1.8701
2733, 1.9
2734, 1.89
2735, 1.9
2736, 1.87
2737, 1.89
2738, 1.8765
2739, 1.85
2740, 1.819
2741, 1.8497
2742, 1.84
2743, 1.87
2744, 1.86
2745, 1.8789
2746, 1.86
2747, 1.83
2748, 1.8211
2749, 1.89
2750, 1.8
2751, 1.76
2752, 1.86
2753, 1.87
2754, 1.84
2755, 1.869
2756, 1.8
2757, 1.81
2758, 1.8568
2759, 1.81
2760, 1.84
2761, 1.75
2762, 1.798
2763, 1.75
2764, 1.75
2765, 1.7
2766, 1.75
2767, 1.75
2768, 1.75
2769, 1.81
2770, 1.7699
2771, 1.68
2772, 1.68
2773, 1.68
2774, 1.7099
2775, 1.73
2776, 1.72
2777, 1.7396
2778, 1.78
2779, 1.7989
2780, 1.77
2781, 1.79
2782, 1.79
2783, 1.85
2784, 1.815
2785, 1.81
2786, 1.83
2787, 1.84
2788, 1.82
2789, 1.8392
2790, 1.8
2791, 1.8099
2792, 1.79
2793, 1.7973
2794, 1.79
2795, 1.77
2796, 1.78
2797, 1.79
2798, 1.78
2799, 1.77
2800, 1.8
2801, 1.8
2802, 1.785
2803, 1.8
2804, 1.814
2805, 1.8215
2806, 1.8001
2807, 1.8254
2808, 1.8766
2809, 1.91
2810, 1.83
2811, 1.84
2812, 1.83
2813, 1.83
2814, 1.8547
2815, 1.9
2816, 1.91
2817, 1.96
2818, 1.98
2819, 1.98
2820, 1.98
2821, 1.9201
2822, 2.0
2823, 2.02
2824, 1.91
2825, 1.84
2826, 1.75
2827, 1.8099
2828, 1.81
2829, 1.78
2830, 1.79
2831, 1.7948
2832, 1.8
2833, 1.8194
2834, 1.8
2835, 1.81
2836, 1.8107
2837, 1.81
2838, 1.86
2839, 1.9337
2840, 1.98
2841, 2.06
2842, 1.97
2843, 2.01
2844, 1.96
2845, 1.93
2846, 1.92
2847, 1.95
2848, 1.85
2849, 1.86
2850, 1.85
2851, 1.85
2852, 1.81
2853, 1.7
2854, 1.72
2855, 1.82
2856, 1.79
2857, 1.81
2858, 1.8
2859, 1.73
2860, 1.76
2861, 1.74
2862, 1.75
2863, 1.7556
2864, 1.72
2865, 1.731
2866, 1.7655
2867, 1.86
2868, 1.85
2869, 1.8199
2870, 1.79
2871, 1.78
2872, 1.76
2873, 1.76
2874, 1.82
2875, 1.9
2876, 1.9
2877, 1.89
2878, 1.8564
2879, 1.83
2880, 1.8762
2881, 1.87
2882, 1.86
2883, 1.85
2884, 1.83
2885, 1.7226
2886, 1.7236
2887, 1.75
2888, 1.74
2889, 1.79
2890, 1.8
2891, 1.84
2892, 1.81
2893, 1.79
2894, 1.78
2895, 1.77
2896, 1.75
2897, 1.748
2898, 1.75
2899, 1.74
2900, 1.74
2901, 1.85
2902, 1.75
2903, 1.73
2904, 1.73
2905, 1.76
2906, 1.74
2907, 1.71
2908, 1.7
2909, 1.7
2910, 1.7
2911, 1.66
2912, 1.69
2913, 1.62
2914, 1.67
2915, 1.66
2916, 1.65
2917, 1.67
2918, 1.67
2919, 1.66
2920, 1.66
2921, 1.67
2922, 1.74
2923, 1.73
2924, 1.76
2925, 1.77
2926, 1.74
2927, 1.7
2928, 1.71
2929, 1.7397
2930, 1.71
2931, 1.739
2932, 1.7701
2933, 1.78
2934, 1.82
2935, 1.78
2936, 1.78
2937, 1.79
2938, 1.8
2939, 1.78
2940, 1.77
2941, 1.76
2942, 1.75
2943, 1.76
2944, 1.79
2945, 1.78
2946, 1.79
2947, 1.83
2948, 1.8402
2949, 1.81
2950, 1.8255
2951, 1.82
2952, 1.83
2953, 1.9
2954, 1.89
2955, 1.79
2956, 1.77
2957, 1.8
2958, 1.8089
2959, 1.78
2960, 1.7701
2961, 1.79
2962, 1.78
2963, 1.81
2964, 1.79
2965, 1.81
2966, 1.8
2967, 1.8499
2968, 1.85
2969, 1.79
2970, 1.8
2971, 1.81
2972, 1.82
2973, 1.88
2974, 1.86
2975, 1.87
2976, 1.93
2977, 1.94
2978, 2.01
2979, 2.032
2980, 2.0
2981, 1.93
2982, 1.97
2983, 1.95
2984, 1.93
2985, 1.88
2986, 1.91
2987, 1.905
2988, 1.85
2989, 1.84
2990, 1.81
2991, 1.86
2992, 1.84
2993, 1.87
2994, 1.84
2995, 1.8
2996, 1.8
2997, 1.8
2998, 1.78
2999, 1.8
3000, 1.79
3001, 1.79
3002, 1.79
3003, 1.7799
3004, 1.79
3005, 1.8
3006, 1.7999
3007, 1.7699
3008, 1.79
3009, 1.79
3010, 1.7859
3011, 1.7999
3012, 1.79
3013, 1.78
3014, 1.7691
3015, 1.77
3016, 1.77
3017, 1.75
3018, 1.74
3019, 1.7
3020, 1.68
3021, 1.72
3022, 1.7
3023, 1.6753
3024, 1.68
3025, 1.6501
3026, 1.68
3027, 1.7
3028, 1.7
3029, 1.68
3030, 1.6601
3031, 1.67
3032, 1.67
3033, 1.65
3034, 1.6491
3035, 1.64
3036, 1.6583
3037, 1.64
3038, 1.65
3039, 1.67
3040, 1.63
3041, 1.65
3042, 1.6
3043, 1.61
3044, 1.58
3045, 1.61
3046, 1.6
3047, 1.6082
3048, 1.62
3049, 1.61
3050, 1.61
3051, 1.62
3052, 1.62
3053, 1.58
3054, 1.59
3055, 1.58
3056, 1.58
3057, 1.57
3058, 1.57
3059, 1.55
3060, 1.55
3061, 1.541
3062, 1.54
3063, 1.53
3064, 1.52
3065, 1.5
3066, 1.52
3067, 1.51
3068, 1.6
3069, 1.59
3070, 1.5299
3071, 1.57
3072, 1.63
3073, 1.55
3074, 1.5389
3075, 1.52
3076, 1.56
3077, 1.51
3078, 1.52
3079, 1.51
3080, 1.48
3081, 1.43
3082, 1.41
3083, 1.3789
3084, 1.44
3085, 1.4
3086, 1.38
3087, 1.35
3088, 1.3299
3089, 1.47
3090, 1.51
3091, 1.5399
3092, 1.5
3093, 1.45
3094, 1.49
3095, 1.47
3096, 1.43
3097, 1.47
3098, 1.48
3099, 1.48
3100, 1.42
3101, 1.43
3102, 1.43
3103, 1.4
3104, 1.4499
3105, 1.45
3106, 1.43
3107, 1.42
3108, 1.45
3109, 1.42
3110, 1.4
3111, 1.42
3112, 1.41
3113, 1.38
3114, 1.46
3115, 1.4
3116, 1.4799
3117, 1.45
3118, 1.47
3119, 1.4797
3120, 1.4899
3121, 1.52
3122, 1.5
3123, 1.5199
3124, 1.53
3125, 1.52
3126, 1.51
3127, 1.47
3128, 1.4796
3129, 1.49
3130, 1.4753
3131, 1.4784
3132, 1.48
3133, 1.4799
3134, 1.4701
3135, 1.46
3136, 1.418
3137, 1.4301
3138, 1.4467
3139, 1.41
3140, 1.4101
3141, 1.4
3142, 1.404
3143, 1.421
