15.0, 76.87362233651729
16.0, 69.49332817636824
17.0, 71.97588486970058
18.0, 71.0769230769231
19.0, 65.17217698420484
20.0, 64.42885771543088
21.0, 59.72506037525547
22.0, 53.547634910059934
23.0, 59.02145166029972
24.0, 51.343429408891076
25.0, 40.35157413844478
26.0, 44.37725543743294
27.0, 43.3498475609756
28.0, 44.80633802816905
29.0, 39.42679261485619
30.0, 43.70220422852003
31.0, 36.66600079904116
32.0, 51.40194114928361
33.0, 49.32367506837165
34.0, 42.626096491228054
35.0, 46.81637088011589
36.0, 60.54744246502026
37.0, 62.29448301059554
38.0, 70.0390084308544
39.0, 71.94355508122851
40.0, 70.18801976618049
41.0, 75.8510940608127
42.0, 67.01394131561729
43.0, 67.11655210476144
44.0, 62.16765053128691
45.0, 66.90790125904627
46.0, 63.98942769297159
47.0, 69.56786703601108
48.0, 76.63611796498648
49.0, 74.94438590328998
50.0, 75.03062831806777
51.0, 72.9216753131722
52.0, 60.61574011145846
53.0, 54.14443988510463
54.0, 58.293168819484634
55.0, 47.73993006087297
56.0, 60.24960353030408
57.0, 63.31296932671504
58.0, 74.13078724554134
59.0, 70.9828024348443
60.0, 67.11646383756857
61.0, 65.19887294410594
62.0, 64.18504282149844
63.0, 61.56532988357051
64.0, 55.81671083833173
65.0, 52.174241280386504
66.0, 55.74735823183031
67.0, 65.28336241559825
68.0, 54.662167119066865
69.0, 60.60680006507243
70.0, 48.308986979993634
71.0, 41.72558847220972
72.0, 22.888888888888772
73.0, 33.660377358490535
74.0, 36.357615894039704
75.0, 40.3096588351786
76.0, 49.89799773328293
77.0, 55.345665464806416
78.0, 61.90202557103868
79.0, 61.253561253561315
80.0, 64.0712157102468
81.0, 56.492738939547465
82.0, 66.65413887061916
83.0, 63.265852135913626
84.0, 70.10574167407847
85.0, 62.57597425813368
86.0, 75.27037933817586
87.0, 66.12278533168515
88.0, 65.45087822506088
89.0, 67.31594848147559
90.0, 65.40144756774956
91.0, 53.700440528634395
92.0, 46.200144450686096
93.0, 51.84945773181063
94.0, 54.149979284629204
95.0, 53.94881673087509
96.0, 52.918835279223515
97.0, 53.7582166333238
98.0, 56.057219490388874
99.0, 59.96174689193494
100.0, 56.659765355417534
101.0, 69.87349443223991
102.0, 70.82599765258209
103.0, 74.87364164771284
104.0, 66.13705972434907
105.0, 77.75076857081562
106.0, 80.96640718142922
107.0, 81.24006359300469
108.0, 80.39583935278813
109.0, 85.26252585229156
110.0, 86.75182919515404
111.0, 87.59765033609872
112.0, 87.97628133622958
113.0, 70.33560197136816
114.0, 69.20978271460582
115.0, 67.37222509034584
116.0, 69.06510034263331
117.0, 67.35537190082637
118.0, 74.10482615464447
119.0, 71.1627906976744
120.0, 68.76640419947502
121.0, 67.21763085399445
122.0, 66.84931506849311
123.0, 63.55421686746986
124.0, 59.47756195579366
125.0, 60.821917808219176
126.0, 60.36036036036033
127.0, 88.53754940711467
128.0, 80.48076923076914
129.0, 79.98027613412224
130.0, 71.28927410617551
131.0, 74.12109374999997
132.0, 61.411992263056135
133.0, 63.49999999999998
134.0, 73.00411522633746
135.0, 63.07814992025518
136.0, 63.58520900321542
137.0, 63.58520900321542
138.0, 62.47999999999999
139.0, 61.447678992919
140.0, 58.50980392156859
141.0, 48.519515477792716
142.0, 47.031963470319646
143.0, 38.318356867779194
144.0, 37.14996888612317
145.0, 21.032056293979608
146.0, 25.762711864406697
147.0, 35.82202111613877
148.0, 20.000000000000057
149.0, 22.32232232232238
150.0, 20.32816773017325
151.0, 34.77611940298512
152.0, 44.140625000000014
153.0, 46.43782383419686
154.0, 40.623229461756395
155.0, 36.03015075376884
156.0, 35.921843687374775
157.0, 43.94841269841266
158.0, 41.6745061147695
159.0, 41.42654700047238
160.0, 41.42654700047238
161.0, 36.57289002557543
162.0, 44.54209065679924
163.0, 48.177426438295996
164.0, 46.86031610422896
165.0, 44.73567303420702
166.0, 33.04239401496261
167.0, 33.51217498968221
168.0, 43.778610070744904
169.0, 50.55261893320523
170.0, 54.03184386235233
171.0, 42.3095352180163
172.0, 56.79120879120881
173.0, 59.38016528925621
174.0, 57.52974969224453
175.0, 58.26612903225805
176.0, 53.75335120643433
177.0, 49.444958371877874
178.0, 65.9722222222222
179.0, 58.85286783042392
180.0, 71.23037604965309
181.0, 71.2303760496531
182.0, 68.22169059011158
183.0, 72.29473684210517
184.0, 66.0892994611239
185.0, 75.39784946236554
186.0, 74.40715883668896
187.0, 74.1644083107497
188.0, 73.99729607931502
189.0, 74.61504619445667
190.0, 68.89523033020791
191.0, 70.66167290886395
192.0, 48.98167006109981
193.0, 57.11135611907392
194.0, 48.646864686468696
195.0, 57.57906215921487
196.0, 57.23577235772358
197.0, 57.23577235772358
198.0, 60.55045871559632
199.0, 56.72969966629587
200.0, 46.48541114058356
201.0, 45.65656565656566
202.0, 52.229299363057336
203.0, 50.59288537549404
204.0, 63.06483300589388
205.0, 61.89241736876218
206.0, 77.66692248656943
207.0, 64.6896551724138
208.0, 64.3788606726149
209.0, 49.385964912280656
210.0, 59.520348837209305
211.0, 59.6960926193922
212.0, 56.12244897959188
213.0, 61.511789181692116
214.0, 63.42141863699586
215.0, 64.81605351170569
216.0, 70.14755959137344
217.0, 69.73532796317608
218.0, 66.17363344051448
219.0, 70.33096926713944
220.0, 72.15751525235716
221.0, 83.38261383796568
222.0, 78.9031897034136
223.0, 79.57110609480813
224.0, 79.01449275362317
225.0, 80.43243243243242
226.0, 91.08669108669103
227.0, 91.69982944855028
228.0, 90.63926940639263
229.0, 90.4261529480443
230.0, 87.77943368107293
231.0, 87.63197586726992
232.0, 88.89641164522673
233.0, 89.20342330480572
234.0, 88.6818495514147
235.0, 88.15884476534288
236.0, 95.9789057350032
237.0, 83.34287349742415
238.0, 81.62878787878788
239.0, 75.1625487646294
240.0, 61.24401913875597
241.0, 53.83333333333333
242.0, 57.501306847882894
243.0, 56.38412017167382
244.0, 54.374664519592066
245.0, 63.0113141862489
246.0, 68.65781710914453
247.0, 69.16938701487125
248.0, 69.1470054446461
249.0, 66.83435141933165
250.0, 67.37363025804171
251.0, 76.17302052785922
252.0, 77.21696459866807
253.0, 81.52066115702478
254.0, 86.34453781512605
255.0, 90.25050778605275
256.0, 90.06553984132454
257.0, 90.16057396651856
258.0, 92.3241590214067
259.0, 91.28169503299753
260.0, 86.32154882154873
261.0, 85.03683241252293
262.0, 86.32154882154873
263.0, 89.5261845386533
264.0, 89.03394255874665
265.0, 89.14261094355872
266.0, 88.95221394125375
267.0, 88.55585831062662
268.0, 96.3510848126232
269.0, 85.2698104035002
270.0, 86.84895833333331
271.0, 86.42473118279567
272.0, 81.82778658214468
273.0, 81.92327903310559
274.0, 76.42156862745107
275.0, 77.98627002288337
276.0, 76.11717974180739
277.0, 73.37095946639303
278.0, 73.88022143935588
279.0, 74.19194430631529
280.0, 63.420316868592785
281.0, 51.01863892501085
282.0, 39.884393063583815
283.0, 38.121546961325976
284.0, 28.145695364238378
285.0, 33.578206305479014
286.0, 34.912870681748714
287.0, 32.84403669724769
288.0, 42.49710312862108
289.0, 45.044296788482825
290.0, 41.0186199342826
291.0, 40.247178936055896
292.0, 34.42096817330834
293.0, 33.693888588426205
294.0, 40.75880758807586
295.0, 46.79190751445085
296.0, 59.57661290322579
297.0, 70.0714285714285
298.0, 79.49085693797053
299.0, 77.89799072642964
300.0, 78.37429111531186
301.0, 81.83453237410066
302.0, 78.84373690825296
303.0, 76.43490433971061
304.0, 83.36633663366328
305.0, 70.13744273219487
306.0, 60.948244661599716
307.0, 48.61200774693353
308.0, 43.04932735426012
309.0, 37.02614379084966
310.0, 31.72391445236552
311.0, 24.913276568905687
312.0, 17.19151670951156
313.0, 14.426125554850927
314.0, 11.483409238776773
315.0, 14.27221172022682
316.0, 20.275417521242318
317.0, 16.17525489115458
318.0, 19.672564034856066
319.0, 33.860103626943015
320.0, 41.76802135864729
321.0, 38.83066740209595
322.0, 38.17787418655097
323.0, 39.0677025527192
324.0, 38.56477677348671
325.0, 40.847113431969845
326.0, 37.37722325457925
327.0, 37.59679572763684
328.0, 42.35557768924304
329.0, 47.45801180208808
330.0, 42.100477381223
331.0, 40.04324324324325
332.0, 35.4027926960258
333.0, 34.41657579062158
334.0, 33.08856252781486
335.0, 40.95464135021099
336.0, 47.01025769326997
337.0, 45.55151515151517
338.0, 49.49974987493748
339.0, 59.39583333333332
340.0, 72.57941063911213
341.0, 67.00229641406112
342.0, 63.245392121431145
343.0, 60.35087719298245
344.0, 61.428571428571445
345.0, 69.4778239021193
346.0, 73.41106538637402
347.0, 69.7537198563366
348.0, 64.05769685504848
349.0, 59.220255433564844
350.0, 54.84023668639054
351.0, 59.84829329962073
352.0, 60.770750988142304
353.0, 43.070246813127206
354.0, 20.534011443102287
355.0, 33.52503382949929
356.0, 37.87983425414363
357.0, 29.471766848815975
358.0, 29.60117087449686
359.0, 31.57894736842104
360.0, 30.41163946061036
361.0, 29.61299239806496
362.0, 37.875457875457876
363.0, 50.74100211714893
364.0, 49.263446385748495
365.0, 45.16758867556136
366.0, 39.12901113294042
367.0, 39.58264325935738
368.0, 45.48915112295397
369.0, 34.122842232035325
370.0, 32.496914849856054
371.0, 36.24417125900807
372.0, 49.94535519125683
373.0, 45.20958083832335
374.0, 45.70563753310632
375.0, 42.655367231638415
376.0, 39.7626112759644
377.0, 27.077421970004067
378.0, 28.37723024638916
379.0, 31.57894736842107
380.0, 39.88970588235297
381.0, 50.61224489795921
382.0, 53.72722252898949
383.0, 65.24861878453038
384.0, 65.03613118399105
385.0, 66.4354322305229
386.0, 47.276264591439705
387.0, 47.74066797642434
388.0, 50.0
389.0, 47.96599878567091
390.0, 51.140250855188114
391.0, 58.00492610837438
392.0, 58.22002472187886
393.0, 53.005151688609054
394.0, 45.97273853779428
395.0, 40.34801522566611
396.0, 42.8645833333333
397.0, 31.717380092831306
398.0, 26.447788417692664
399.0, 34.643435980551075
400.0, 42.61044176706826
401.0, 43.182743182743195
402.0, 46.45186037591103
403.0, 54.454584963059546
404.0, 39.77681785457164
405.0, 39.11935953420667
406.0, 41.488977231658836
407.0, 49.880992859571585
408.0, 49.880992859571585
409.0, 58.08423913043479
410.0, 60.09055627425615
411.0, 65.25189786059352
412.0, 76.02671118530884
413.0, 77.97546012269937
414.0, 75.69669475048605
415.0, 73.20589157004076
416.0, 69.3990855649902
417.0, 68.11641595814257
418.0, 78.48530519969856
419.0, 78.55801727375142
420.0, 77.77349768875193
421.0, 75.4154239454623
422.0, 75.57643040136637
423.0, 66.1325249025552
424.0, 61.22954883490334
425.0, 59.6230158730159
426.0, 44.32373709940252
427.0, 12.91418861512338
428.0, 32.448979591836874
429.0, 45.31351001939241
430.0, 55.005889281507685
431.0, 58.91341256366724
432.0, 66.4750957854406
433.0, 45.646319569120315
434.0, 45.442359249329755
435.0, 42.35241502683364
436.0, 47.218683651804675
437.0, 56.63308144416454
438.0, 58.54735152487957
439.0, 58.54735152487957
440.0, 61.92699490662141
441.0, 62.625
442.0, 54.53703703703699
443.0, 41.49630274032184
444.0, 34.56375838926168
445.0, 34.37499999999994
446.0, 40.77498899163363
447.0, 55.05350772889412
448.0, 58.333333333333314
449.0, 61.02088167053366
450.0, 49.30516953863252
451.0, 42.424242424242514
452.0, 37.27647867950481
453.0, 36.74576271186448
454.0, 34.238787113076455
455.0, 30.200501253132913
456.0, 31.815181518151917
457.0, 34.23295454545463
458.0, 31.85723727693332
459.0, 26.84989429175492
460.0, 13.209013209013293
461.0, 11.980267794221376
462.0, 4.457652303120511
463.0, 16.1121983039792
464.0, 21.471471471471574
465.0, 23.14474650991916
466.0, 20.375521557719125
467.0, 31.277533039647523
468.0, 32.06451612903227
469.0, 29.885748647023476
470.0, 25.02517623363545
471.0, 28.892733564013838
472.0, 52.40549828178695
473.0, 50.143855322646935
474.0, 50.47579644187008
475.0, 54.586129753914996
476.0, 56.99208443271772
477.0, 52.04761904761901
478.0, 52.07044264635887
479.0, 44.93752692804823
480.0, 53.399209486166015
481.0, 51.361386138613874
482.0, 48.51909586905689
483.0, 53.84302562017079
484.0, 64.21612046058456
485.0, 66.61157024793387
486.0, 62.10131332082549
487.0, 71.86742118027485
488.0, 72.2470540430719
489.0, 71.72246873739402
490.0, 72.16044479745823
491.0, 70.7830151928321
492.0, 63.92086330935251
493.0, 61.95955369595534
494.0, 47.32603092783505
495.0, 50.514527845036326
496.0, 57.2966128521684
497.0, 56.69341894060994
498.0, 55.197608767851186
499.0, 53.19222761970852
500.0, 46.63765822784811
501.0, 33.70525337052534
502.0, 35.4293758798686
503.0, 35.39615564932022
504.0, 23.765317489788316
505.0, 38.588308457711406
506.0, 40.71522309711284
507.0, 42.52912954078135
508.0, 56.722689075630264
509.0, 55.34095388253842
510.0, 58.54372484449325
511.0, 62.44613854822672
512.0, 69.63280621817209
513.0, 67.44798525151434
514.0, 65.64482029598307
515.0, 68.56849139038806
516.0, 68.63298281610669
517.0, 68.93353941267387
518.0, 84.94897959183669
519.0, 81.22033898305082
520.0, 84.2723004694835
521.0, 89.0503189227498
522.0, 88.28213879408416
523.0, 83.53779184804117
524.0, 73.64051473640511
525.0, 68.8594415522953
526.0, 53.66197183098588
527.0, 56.444444444444414
528.0, 68.99408284023666
529.0, 66.83544303797467
530.0, 66.64544875875237
531.0, 67.11538461538456
532.0, 55.589586523736486
533.0, 52.9927007299269
534.0, 51.32275132275132
535.0, 58.33333333333331
536.0, 62.295081967213065
537.0, 69.6694750486065
538.0, 81.62361623616223
539.0, 77.18073970690851
540.0, 76.64285714285705
541.0, 79.22261484098941
542.0, 74.89325362937663
543.0, 74.39024390243898
544.0, 74.72055030094579
545.0, 73.89455782312933
546.0, 80.81534772182263
547.0, 85.75063613231556
548.0, 78.41666666666686
549.0, 81.38030194104977
550.0, 83.96284829721374
551.0, 69.35211267605636
552.0, 59.55334987593061
553.0, 65.23855890944502
554.0, 74.29805615550765
555.0, 72.93777134587565
556.0, 76.94915254237297
557.0, 78.59799713876978
558.0, 76.18376550169117
559.0, 70.42730588848366
560.0, 72.96331586469753
561.0, 71.61561842412911
562.0, 73.65704902650718
563.0, 72.5024485798237
564.0, 68.07309862940076
565.0, 65.94636813329866
566.0, 74.25521350546177
567.0, 76.46391284611894
568.0, 72.09364908503768
569.0, 71.49719775820653
570.0, 67.77308388654194
571.0, 66.39395846444302
572.0, 60.75439101641232
573.0, 59.68882602545966
574.0, 45.82502137361073
575.0, 50.82993197278912
576.0, 50.0
577.0, 43.486190724335586
578.0, 60.39156626506023
579.0, 67.05448904401783
580.0, 64.54507512520868
581.0, 60.39627039627038
582.0, 59.71864009378665
583.0, 54.927755014017684
584.0, 55.437100213219594
585.0, 51.048218029350124
586.0, 51.86368477103303
587.0, 56.05432780847145
588.0, 63.67553865652726
589.0, 64.30884184308843
590.0, 65.48651252408476
591.0, 75.28271405492734
592.0, 63.24639670555937
593.0, 56.2103034580099
594.0, 59.00231252064751
595.0, 60.12210796915173
596.0, 53.59495846462333
597.0, 64.55961653684845
598.0, 66.20000000000005
599.0, 71.30620985010708
600.0, 75.55915721231763
601.0, 77.81645569620252
602.0, 71.72538392050585
603.0, 72.92387543252595
604.0, 72.15302491103202
605.0, 65.55671175858481
606.0, 63.69197553076653
607.0, 64.13043478260872
608.0, 51.10192837465564
609.0, 40.052128583840116
610.0, 49.850029994001176
611.0, 41.50602409638554
612.0, 29.63077877753649
613.0, 35.96837944664033
614.0, 28.726042841037213
615.0, 31.25271857329274
616.0, 51.07130900569133
617.0, 50.97282791009728
618.0, 50.28667790893763
619.0, 43.60924246855807
620.0, 39.387135120855895
621.0, 36.396924203588426
622.0, 32.223903177004544
623.0, 38.71143573531015
624.0, 37.51944876639255
625.0, 44.13944264690533
626.0, 45.07087285516359
627.0, 44.97704708017507
628.0, 51.75879396984925
629.0, 50.633819660368346
630.0, 40.952653411529106
631.0, 34.543359262460385
632.0, 36.56653565412689
633.0, 42.30332522303324
634.0, 51.08013937282231
635.0, 63.43216531895777
636.0, 79.183490354419
637.0, 74.3409490333919
638.0, 63.84357541899438
639.0, 52.63987391646967
640.0, 58.92594409024033
641.0, 56.75187193390136
642.0, 56.2091503267974
643.0, 59.84176456485253
644.0, 56.46616541353386
645.0, 70.92229804094212
646.0, 72.97463175122752
647.0, 72.5422348870344
648.0, 65.34893102057279
649.0, 54.250513347022604
650.0, 60.36113499570078
651.0, 64.43812233285922
652.0, 76.0829015544042
653.0, 70.12416427889207
654.0, 70.78273865122361
655.0, 71.84011523226505
656.0, 64.97789867392041
657.0, 60.13164917274508
658.0, 64.8718362082863
659.0, 61.52895480225989
660.0, 57.639968895800905
661.0, 54.90740740740742
662.0, 54.26427525622257
663.0, 62.73885350318471
664.0, 57.631721890277014
665.0, 57.111436950146626
666.0, 54.70383275261321
667.0, 64.83272873841193
668.0, 58.874836458787605
669.0, 50.01047559187092
670.0, 56.04651162790701
671.0, 56.21646839281545
672.0, 44.697544925335364
673.0, 38.20701357466068
674.0, 42.19576719576722
675.0, 42.18460724676013
676.0, 53.95324402416597
677.0, 37.08638685320901
678.0, 69.25173439048561
679.0, 71.31630648330058
680.0, 73.27159164333405
681.0, 72.68024215740229
682.0, 69.99893989186899
683.0, 69.76965342349958
684.0, 67.12230949709271
685.0, 70.11348072784193
686.0, 71.67716771677169
687.0, 70.22091310751105
688.0, 68.25491363907089
689.0, 66.62145140974714
690.0, 68.60475713114009
691.0, 71.38251469751563
692.0, 59.58216151064685
693.0, 47.155115511551145
694.0, 40.78402366863904
695.0, 47.59099240638911
696.0, 50.584469802393535
697.0, 56.21284616499927
698.0, 56.53251676873722
699.0, 50.49884881043743
700.0, 51.55816106140082
701.0, 63.9828431372549
702.0, 59.28238900874303
703.0, 64.67322151532676
704.0, 58.98617511520736
705.0, 65.40677251650978
706.0, 66.44405070192177
707.0, 72.13672684226103
708.0, 57.29991724790163
709.0, 52.08913649025071
710.0, 51.60993560257589
711.0, 52.00104288880199
712.0, 60.18727035676187
713.0, 62.68567321514134
714.0, 62.12230215827336
715.0, 48.7092491517923
716.0, 55.81896551724138
717.0, 47.75334608030594
718.0, 44.932533733133454
719.0, 47.044405997693204
720.0, 32.521045635799766
721.0, 30.664252889569724
722.0, 40.27803182732763
723.0, 38.457217749485125
724.0, 40.079140757490144
725.0, 36.55227454110132
726.0, 24.465558194774374
727.0, 15.647353361945633
728.0, 14.429419525065967
729.0, 12.2292103424179
730.0, 15.066269948606944
731.0, 23.30806713589604
732.0, 23.953261927945448
733.0, 23.108298171589283
734.0, 25.034283102239826
735.0, 31.129384124853146
736.0, 30.71700612684218
737.0, 27.10799357007157
738.0, 32.54901960784311
739.0, 57.436641351651176
740.0, 54.51776649746192
741.0, 56.67047753056021
742.0, 59.17355371900827
743.0, 72.06328764603073
744.0, 68.46699399890889
745.0, 69.16511069618565
746.0, 70.94527363184079
747.0, 71.71539274392393
748.0, 69.6365968362548
749.0, 66.67787491593812
750.0, 68.69741100323624
751.0, 75.80311704834607
752.0, 74.93616670784945
753.0, 62.33444733259066
754.0, 68.16928425848222
755.0, 73.22601416613006
756.0, 70.97740606665832
757.0, 75.06167542636487
758.0, 72.48058001035733
759.0, 71.32218024824608
760.0, 62.8324531925108
761.0, 59.23053681136066
762.0, 62.114490916772276
763.0, 56.51004131834341
764.0, 47.41202672605791
765.0, 46.94409491281682
766.0, 45.97186700767263
767.0, 46.35407219299838
768.0, 38.35769561478933
769.0, 38.030690537084396
770.0, 46.32460250403258
771.0, 32.411258342199446
772.0, 35.432009127683855
773.0, 45.31318633049283
774.0, 52.31706156627654
775.0, 55.186798924631496
776.0, 49.87015162938763
777.0, 53.96120377084845
778.0, 62.65509936447091
779.0, 61.0192692429188
780.0, 58.659783378884505
781.0, 62.6246911320582
782.0, 71.89114024632502
783.0, 79.65697514445569
784.0, 64.36001809136138
785.0, 61.50177750802048
786.0, 62.48415716096324
787.0, 49.273159144893114
788.0, 46.75349734684032
789.0, 46.71751303340413
790.0, 60.02702181046131
791.0, 58.88478651898137
792.0, 62.29380100711929
793.0, 60.61842582517232
794.0, 59.58641590159552
795.0, 56.4080376886838
796.0, 50.9592102812442
797.0, 43.51603561085485
798.0, 58.39398919934258
799.0, 72.16532553035846
800.0, 71.07102380052893
801.0, 73.05825242718447
802.0, 74.76908118619349
803.0, 71.71007030399049
804.0, 67.6846510575727
805.0, 71.22961552196166
806.0, 67.34225104715578
807.0, 64.73436273226902
808.0, 72.83028586144734
809.0, 73.56552242545729
810.0, 81.43607705779333
811.0, 81.77007540679983
812.0, 80.558690744921
813.0, 59.63263562580095
814.0, 56.89830853882208
815.0, 55.19968366943459
816.0, 55.6034482758621
817.0, 69.36248280079501
818.0, 74.77023794536069
819.0, 78.7531054063646
820.0, 74.5660726683638
821.0, 78.838311473603
822.0, 73.87366731629024
823.0, 68.19169483341378
824.0, 63.504580772352995
825.0, 65.89357320906035
826.0, 58.724202626641656
827.0, 65.69495572579842
828.0, 60.164009111617275
829.0, 61.46327841385088
830.0, 57.01034605779523
831.0, 56.34057971014492
832.0, 54.81814773153358
833.0, 49.878463782207106
834.0, 48.105776444111044
835.0, 45.37018756169791
836.0, 44.12442396313362
837.0, 43.746430611079376
838.0, 43.366672957161725
839.0, 41.0180817610063
840.0, 46.893869614164366
841.0, 50.87104715016095
842.0, 54.64808787632222
843.0, 57.37932507475437
844.0, 50.06056088698406
845.0, 27.907989260576173
846.0, 33.15615959093047
847.0, 36.80468698571523
848.0, 46.66142494254262
849.0, 47.68035121025154
850.0, 49.10790663570819
851.0, 55.65119549929677
852.0, 51.026513979160235
853.0, 50.48761408083442
854.0, 50.8082901554404
855.0, 46.02615122228538
856.0, 53.613686421144294
857.0, 49.96419876843763
858.0, 52.97064777327935
859.0, 55.86273149383573
860.0, 53.268915635418445
861.0, 51.18859879679924
862.0, 46.5186228081403
863.0, 51.954697021961614
864.0, 50.85823625415049
865.0, 42.29183841714756
866.0, 43.249427917620125
867.0, 39.175659138947616
868.0, 42.09383605168398
869.0, 40.70390600845101
870.0, 31.471676629661275
871.0, 36.45563520269864
872.0, 39.45888527868033
873.0, 55.60619212962961
874.0, 54.664992243480825
875.0, 51.94440544714307
876.0, 50.48101265822783
877.0, 46.03925277843461
878.0, 49.358563181526605
879.0, 55.233302055787775
880.0, 65.05576208178438
881.0, 68.96368090318457
882.0, 57.16231555051079
883.0, 67.56154391652315
884.0, 74.02294380711649
885.0, 64.48385629831743
886.0, 59.26215277777778
887.0, 41.94863119040294
888.0, 32.51340722202359
889.0, 34.298860979105385
890.0, 27.615835030549903
891.0, 18.635414249245756
892.0, 24.78412443014213
893.0, 26.828759261191678
894.0, 28.637177192533883
895.0, 26.25287140781022
896.0, 32.114489181046295
897.0, 23.25841729096703
898.0, 19.6239873194787
899.0, 30.596102095735148
900.0, 30.70627710941976
901.0, 33.26093701520324
902.0, 35.8459921658546
903.0, 36.4712594494366
904.0, 38.27844311377247
905.0, 38.598168461306244
906.0, 40.34804712323411
907.0, 37.060734816295934
908.0, 28.134606050800855
909.0, 33.24311132803834
910.0, 26.99679087181316
911.0, 26.593782929399367
912.0, 33.349701284884205
913.0, 22.938955317809942
914.0, 22.21399965174996
915.0, 33.782883130121135
916.0, 34.592085595153804
917.0, 30.18016442189959
918.0, 36.90529584267725
919.0, 41.35960518015511
920.0, 36.17786034489721
921.0, 35.58716033688225
922.0, 38.76076327290035
923.0, 35.11654088312555
924.0, 35.2872166589852
925.0, 40.260050671638226
926.0, 41.03241636389374
927.0, 44.66204011788192
928.0, 51.82268332940344
929.0, 40.88944806082819
930.0, 41.96562835660579
931.0, 55.42570951585977
932.0, 42.92503267197338
933.0, 37.71285475792989
934.0, 39.09234369048267
935.0, 43.28895678742907
936.0, 48.75560744791988
937.0, 49.190898381796764
938.0, 57.15952351713128
939.0, 54.3305707949107
940.0, 45.39925446340985
941.0, 44.00777949165045
942.0, 33.0935730935731
943.0, 31.64766575377365
944.0, 32.874655991994004
945.0, 32.94595438925336
946.0, 39.30411461641612
947.0, 47.409850813404304
948.0, 46.95251058681186
949.0, 35.88142500328645
950.0, 42.617649000066
951.0, 45.713274336283185
952.0, 37.3374476526339
953.0, 43.90579599327114
954.0, 50.83008517395698
955.0, 51.39493399928648
956.0, 60.744435917114345
957.0, 64.31821875507882
958.0, 64.17849567629304
959.0, 58.17118845345757
960.0, 61.659549526919534
961.0, 56.14169215086647
962.0, 49.343205158824944
963.0, 65.51822594460836
964.0, 54.85554520037278
965.0, 55.749194923280925
966.0, 62.58957494846372
967.0, 61.60588353818254
968.0, 54.425228891149544
969.0, 54.01984262743757
970.0, 50.27746947835738
971.0, 59.5724907063197
972.0, 55.97722960151802
973.0, 64.2290557426926
974.0, 53.52259559675549
975.0, 57.47083643584014
976.0, 62.069427690658095
977.0, 51.120901904885315
978.0, 59.71843778383288
979.0, 53.35407086827157
980.0, 48.89612227568638
981.0, 49.5317959468903
982.0, 41.82204389898512
983.0, 48.864225702727936
984.0, 44.23241241811449
985.0, 38.8888888888889
986.0, 39.49320148331274
987.0, 32.17090069284066
988.0, 42.059121052040034
989.0, 38.38633323042093
990.0, 46.36381749352461
991.0, 49.839366031270075
992.0, 53.25975883915798
993.0, 59.379777243939714
994.0, 60.74580759046778
995.0, 60.192436786753184
996.0, 72.95268730733144
997.0, 56.93076583860063
998.0, 67.38380686483822
999.0, 66.00764246552583
1000.0, 63.25450636679347
1001.0, 50.0
1002.0, 43.266331658291435
1003.0, 46.81043856469734
1004.0, 33.56261379728909
1005.0, 29.609137961806155
1006.0, 32.24531867376737
1007.0, 27.397942250248917
1008.0, 42.343173431734314
1009.0, 37.831740976645406
1010.0, 31.463717413384487
1011.0, 36.276083467094686
1012.0, 38.71274195463723
1013.0, 34.82533917316526
1014.0, 35.11039310716208
1015.0, 40.03438536166031
1016.0, 49.52449865619186
1017.0, 53.606016896764885
1018.0, 58.66666666666667
1019.0, 63.079062800898676
1020.0, 58.056468987413545
1021.0, 65.01819738813958
1022.0, 60.426253330104124
1023.0, 64.36144578313252
1024.0, 67.77467647805125
1025.0, 72.48700173310225
1026.0, 68.92680736416702
1027.0, 72.50826641473783
1028.0, 74.85327313769751
1029.0, 70.96843231674694
1030.0, 59.184405644582625
1031.0, 58.645341088089175
1032.0, 57.60248447204968
1033.0, 64.19340463458111
1034.0, 68.64361983296331
1035.0, 64.30229858370096
1036.0, 55.244523124585086
1037.0, 55.84061135371179
1038.0, 66.3640341281995
1039.0, 55.21702333454237
1040.0, 53.247056080214534
1041.0, 57.705038617138655
1042.0, 55.55841813731804
1043.0, 56.48984937786509
1044.0, 53.16159250585481
1045.0, 54.57262402869099
1046.0, 56.22119815668202
1047.0, 49.72214871659168
1048.0, 48.842218632202474
1049.0, 47.938689217758984
1050.0, 52.594955059437524
1051.0, 56.130936409981224
1052.0, 55.92991913746631
1053.0, 64.15094339622644
1054.0, 70.65868263473054
1055.0, 65.69906790945407
1056.0, 70.80027204715485
1057.0, 67.53892733564015
1058.0, 79.67688022284125
1059.0, 72.49945042866568
1060.0, 64.76904149424004
1061.0, 58.40565085771949
1062.0, 56.941397680977765
1063.0, 57.67033432077867
1064.0, 64.02604976671851
1065.0, 59.198892084798146
1066.0, 53.29121194715681
1067.0, 47.0963254897415
1068.0, 45.34131736526946
1069.0, 52.48317475052215
1070.0, 42.749244712990944
1071.0, 49.60287726659673
1072.0, 48.10985958956953
1073.0, 63.31967213114754
1074.0, 68.8912009512485
1075.0, 71.38456799630373
1076.0, 74.60360852925098
1077.0, 78.30448959117133
1078.0, 70.8067646243416
1079.0, 73.64000000000001
1080.0, 75.8445482010437
1081.0, 82.6236736943641
1082.0, 82.91559409294138
1083.0, 70.04554326610281
1084.0, 64.64513029902727
1085.0, 60.42176395199816
1086.0, 56.77116385328089
1087.0, 43.39401056958307
1088.0, 37.83922171018945
1089.0, 39.455419113721284
1090.0, 29.815874980659103
1091.0, 23.867069486404844
1092.0, 24.973656480505795
1093.0, 22.31314784506273
1094.0, 19.742558326629123
1095.0, 13.065326633165853
1096.0, 8.968394031766422
1097.0, 9.138466568579389
1098.0, 9.019038399483719
1099.0, 12.071888775856252
1100.0, 16.3380736910149
1101.0, 17.323509252912984
1102.0, 28.318752377329815
1103.0, 29.863618130766184
1104.0, 40.708714818582585
1105.0, 39.71729012239269
1106.0, 40.84236281020625
1107.0, 44.48999672023618
1108.0, 51.80876204326485
1109.0, 50.29115934356803
1110.0, 63.84332105791764
1111.0, 77.75576368876082
1112.0, 91.14793856103478
1113.0, 79.75471352736592
1114.0, 74.62302317028323
1115.0, 83.8274252554561
1116.0, 82.82192147929793
1117.0, 86.16451691409108
1118.0, 85.65299684542593
1119.0, 85.27892561983477
1120.0, 81.06340981988654
1121.0, 81.92629224066883
1122.0, 80.37944850341745
1123.0, 78.70081919926159
1124.0, 78.59461966604826
1125.0, 77.5289105295192
1126.0, 69.29982046678637
1127.0, 66.39432380133306
1128.0, 72.25141078030745
1129.0, 63.23794792472286
1130.0, 65.58880308880308
1131.0, 64.09869083585096
1132.0, 57.8106586355899
1133.0, 56.99715982442551
1134.0, 57.65965782943712
1135.0, 51.37724550898204
1136.0, 54.29492817355613
1137.0, 50.047290906634245
1138.0, 37.003058103975555
1139.0, 41.135544788172446
1140.0, 50.76765609007165
1141.0, 62.98261907920924
1142.0, 58.4016698971224
1143.0, 62.78014941302028
1144.0, 63.41463414634146
1145.0, 58.37424986361155
1146.0, 64.82622950819672
1147.0, 66.91129136088583
1148.0, 70.20268491708345
1149.0, 67.92308671845151
1150.0, 66.81159420289853
1151.0, 76.82276229994068
1152.0, 91.97729713146184
1153.0, 88.43179200263283
1154.0, 75.38756592616267
1155.0, 73.79169503063306
1156.0, 71.6035838361675
1157.0, 62.49999999999999
1158.0, 58.564658090724436
1159.0, 52.43483532026672
1160.0, 42.76228419654716
1161.0, 53.02452316076293
1162.0, 55.18974181251083
1163.0, 54.98964088397793
1164.0, 56.71592229785823
1165.0, 56.52826413206605
1166.0, 54.90399584846912
1167.0, 52.02425831830847
1168.0, 68.98649651283573
1169.0, 66.3596628161099
1170.0, 64.27275476262473
1171.0, 69.71902751492212
1172.0, 66.405683630564
1173.0, 75.32905296950241
1174.0, 77.54461335095843
1175.0, 67.31669266770672
1176.0, 60.43607532210107
1177.0, 61.77066450567262
1178.0, 47.305490063994604
1179.0, 55.12691811272049
1180.0, 41.281138790035584
1181.0, 42.463067067590536
1182.0, 34.99261447562779
1183.0, 33.99339933993397
1184.0, 45.077135331744635
1185.0, 36.63390074322704
1186.0, 46.93083876392684
1187.0, 45.882973115445445
1188.0, 46.587443474602985
1189.0, 46.348608495501146
1190.0, 49.98959850218432
1191.0, 55.15239477503627
1192.0, 61.52849740932643
1193.0, 51.945988880063545
1194.0, 57.16783216783217
1195.0, 58.28134945894333
1196.0, 57.28066744883325
1197.0, 57.06493506493508
1198.0, 51.849694145062635
1199.0, 51.69909962242232
1200.0, 37.716991057338255
1201.0, 44.85609794879951
1202.0, 41.63630843958716
1203.0, 41.826776456236665
1204.0, 38.33845159204783
1205.0, 26.597084757962946
1206.0, 23.685897435897445
1207.0, 26.496952312656887
1208.0, 28.52731132985913
1209.0, 34.052757793765
1210.0, 36.95997178628109
1211.0, 40.97122302158276
1212.0, 35.0613154960981
1213.0, 36.309409274581476
1214.0, 44.089920232052236
1215.0, 40.61236279607162
1216.0, 40.97532543229064
1217.0, 41.97014925373135
1218.0, 43.499321836853326
1219.0, 45.98778004073321
1220.0, 53.67245067744237
1221.0, 51.00519539191325
1222.0, 49.60456942003513
1223.0, 53.4874290348743
1224.0, 50.11959121548162
1225.0, 56.21301775147928
1226.0, 64.51227830832195
1227.0, 79.17897683097499
1228.0, 77.86044973544975
1229.0, 65.69277108433735
1230.0, 68.93173198482933
1231.0, 72.37464522232732
1232.0, 67.51138088012138
1233.0, 67.83353365384613
1234.0, 65.63453990405583
1235.0, 59.407894736842124
1236.0, 61.278501628664486
1237.0, 51.83707169395899
1238.0, 45.98100842583925
1239.0, 39.01565995525726
1240.0, 29.166666666666686
1241.0, 7.432646592709943
1242.0, 21.195358877495934
1243.0, 30.448354143019273
1244.0, 29.669570026268474
1245.0, 23.882455484995646
1246.0, 25.032628556512662
1247.0, 23.68624420401855
1248.0, 28.687050359712202
1249.0, 31.96392785571139
1250.0, 38.18796484110886
1251.0, 42.12389380530973
1252.0, 50.46099809746817
1253.0, 52.995066948555326
1254.0, 57.069799585349
1255.0, 72.79601306066336
1256.0, 65.6467013888889
1257.0, 51.633298208640696
1258.0, 53.7752414398595
1259.0, 70.62822953494694
1260.0, 76.65198237885465
1261.0, 83.7222222222222
1262.0, 84.52464788732394
1263.0, 86.66064981949458
1264.0, 85.09479628882613
1265.0, 86.42292853205953
1266.0, 84.86895986895985
1267.0, 73.2187201528176
1268.0, 70.63621533442091
1269.0, 70.17398508699256
1270.0, 68.86227544910184
1271.0, 79.63228271251197
1272.0, 81.75484432832575
1273.0, 81.38191512997113
1274.0, 75.68744895181052
1275.0, 54.99683744465528
1276.0, 44.73786407766986
1277.0, 65.61890838206635
1278.0, 60.77898550724636
1279.0, 58.633866730355855
1280.0, 56.26016260162602
1281.0, 69.49999999999996
1282.0, 67.21470019342358
1283.0, 67.75267538644465
1284.0, 74.05840886203416
1285.0, 77.32965009208098
1286.0, 76.88262910798116
1287.0, 73.0247694811065
1288.0, 72.47443028889288
1289.0, 80.6662815328326
1290.0, 81.80170382454227
1291.0, 70.61059634117365
1292.0, 79.15339098771058
1293.0, 79.3740148615177
1294.0, 66.64775950085091
1295.0, 62.97474647047133
1296.0, 65.68408213051441
1297.0, 65.9814590890771
1298.0, 60.634328358209004
1299.0, 56.5060551404278
1300.0, 61.01616628175526
1301.0, 52.535295287333504
1302.0, 55.32579008973862
1303.0, 60.13925152306357
1304.0, 45.78132049932318
1305.0, 52.89186923721708
1306.0, 38.29538820782247
1307.0, 31.656454907019196
1308.0, 35.97371565113497
1309.0, 31.845584346906335
1310.0, 45.6844234659474
1311.0, 45.463777928232886
1312.0, 46.42946213317814
1313.0, 44.5512298419938
1314.0, 36.342574716194285
1315.0, 35.161386730424354
1316.0, 33.62396601833221
1317.0, 27.589002727205724
1318.0, 27.070224922253544
1319.0, 25.94550928985828
1320.0, 28.80084780304884
1321.0, 30.352233676975942
1322.0, 33.34155566518663
1323.0, 43.629406496784185
1324.0, 26.746987951807228
1325.0, 22.47181964573268
1326.0, 25.942162744193226
1327.0, 27.492565346689645
1328.0, 27.449601500234436
1329.0, 27.383272273754798
1330.0, 27.55942574723467
1331.0, 35.240987308261325
1332.0, 45.53239618678301
1333.0, 43.62876254180604
1334.0, 47.38141871753386
1335.0, 54.21292229055187
1336.0, 51.020408163265316
1337.0, 43.9300134589502
1338.0, 49.297536566589685
1339.0, 59.84590981191931
1340.0, 47.78868423955002
1341.0, 49.227799227799224
1342.0, 54.31309904153353
1343.0, 65.76690566568253
1344.0, 62.96944407053439
1345.0, 47.715141257648725
1346.0, 38.19703991628045
1347.0, 42.100840336134446
1348.0, 37.746558819355755
1349.0, 28.011158516573644
1350.0, 40.643691256052406
1351.0, 44.79463776383342
1352.0, 45.92064822576139
1353.0, 39.99488556450583
1354.0, 51.73601543124827
1355.0, 49.27599189110917
1356.0, 52.41028800246422
1357.0, 45.57327467693155
1358.0, 50.50261928359056
1359.0, 65.12427700484605
1360.0, 66.10599809584261
1361.0, 66.69784845650142
1362.0, 72.32510288065846
1363.0, 74.2160755853759
1364.0, 63.501263189181174
1365.0, 59.73325340926121
1366.0, 63.352427714129846
1367.0, 71.36935830518883
1368.0, 72.43570795152233
1369.0, 70.53013798111837
1370.0, 74.95286830056556
1371.0, 84.358896635344
1372.0, 79.11269912163162
1373.0, 76.51736449204802
1374.0, 69.21608925425716
1375.0, 56.913319238900606
1376.0, 51.83997556878912
1377.0, 44.40872948739637
1378.0, 49.13889928865595
1379.0, 60.63964534515516
1380.0, 49.77761964063335
1381.0, 43.378357397919565
1382.0, 32.55695341720501
1383.0, 30.498487020226136
1384.0, 18.20516694364707
1385.0, 19.67409179249509
1386.0, 19.95148574893871
1387.0, 29.157082938709195
1388.0, 29.37568157033803
1389.0, 32.59225650332725
1390.0, 45.24676629411025
1391.0, 51.31836499712147
1392.0, 53.79566834390724
1393.0, 43.96163864551267
1394.0, 47.96401515151515
1395.0, 55.0182596650296
1396.0, 62.25626740947077
1397.0, 69.66178128523114
1398.0, 75.82525463247025
1399.0, 74.0
1400.0, 76.5388496468214
1401.0, 74.45756660258172
1402.0, 83.39128109120085
1403.0, 84.99386670301206
1404.0, 81.36740565239458
1405.0, 65.74659128699699
1406.0, 69.44073579587595
1407.0, 74.69283548747407
1408.0, 73.41602413677504
1409.0, 74.7250996015936
1410.0, 70.3218562874251
1411.0, 67.48667486674864
1412.0, 63.885115466718425
1413.0, 70.48810144172315
1414.0, 69.53392734749826
1415.0, 69.22277998961397
1416.0, 68.4583998580805
1417.0, 68.32507082152976
1418.0, 65.48959399522353
1419.0, 80.69315913627298
1420.0, 71.7683329663071
1421.0, 72.49062431061111
1422.0, 73.95028201378742
1423.0, 57.18210361067504
1424.0, 58.78352852285608
1425.0, 58.03039045970382
1426.0, 67.51080914144538
1427.0, 66.71588272516351
1428.0, 63.234706117552975
1429.0, 59.62598425196853
1430.0, 27.266411948593245
1431.0, 27.093879429360328
1432.0, 26.001987413050657
1433.0, 24.202669079393786
1434.0, 22.91956731284135
1435.0, 27.133745064290807
1436.0, 35.7353335119207
1437.0, 41.57492069415937
1438.0, 39.946661586817804
1439.0, 41.12428798207113
1440.0, 41.2887605922339
1441.0, 35.361181198018855
1442.0, 36.54273297923707
1443.0, 36.475804896857504
1444.0, 60.904554965395164
1445.0, 65.13987088841068
1446.0, 73.34291646701809
1447.0, 70.98901098901098
1448.0, 72.1849750730617
1449.0, 73.21635490812777
1450.0, 59.487505294366784
1451.0, 51.54300722258698
1452.0, 49.820181933573096
1453.0, 52.78662420382166
1454.0, 53.888024883359236
1455.0, 65.71205922462497
1456.0, 69.8423577793009
1457.0, 73.62428842504741
1458.0, 71.24019362376893
1459.0, 69.77723206455005
1460.0, 71.23539232053417
1461.0, 72.45233399079551
1462.0, 79.65305384893385
1463.0, 73.4863876472978
1464.0, 78.55170949246123
1465.0, 84.04949381327336
1466.0, 82.21830985915494
1467.0, 82.06437291897893
1468.0, 82.59370960792764
1469.0, 74.39024390243905
1470.0, 70.51655629139073
1471.0, 64.1725123408678
1472.0, 69.76681127982656
1473.0, 69.8974082073435
1474.0, 65.01411986193918
1475.0, 66.90412585336904
1476.0, 56.49122807017545
1477.0, 54.70873786407765
1478.0, 48.7870619946092
1479.0, 49.93412384716732
1480.0, 56.83453237410068
1481.0, 55.16304347826084
1482.0, 52.91319857312721
1483.0, 44.607056936647915
1484.0, 46.61901081916537
1485.0, 47.96263168356186
1486.0, 41.242635243706445
1487.0, 37.579393083980214
1488.0, 40.24657996959971
1489.0, 44.528065224208206
1490.0, 48.696844993141276
1491.0, 59.57510923610067
1492.0, 65.89508492409438
1493.0, 65.74060093613167
1494.0, 67.13499420625729
1495.0, 69.20466883821933
1496.0, 65.06765067650676
1497.0, 75.5594350103159
1498.0, 77.95906683841427
1499.0, 80.73581319576442
1500.0, 86.75419401896433
1501.0, 83.72518654089822
1502.0, 83.4857142857143
1503.0, 82.4102251978089
1504.0, 83.20786603164852
1505.0, 70.12224938875308
1506.0, 70.2193338748985
1507.0, 68.00645682001615
1508.0, 51.58377526157373
1509.0, 37.49818603976203
1510.0, 45.9750033597635
1511.0, 46.19227653254119
1512.0, 37.15384615384617
1513.0, 28.836018671886805
1514.0, 38.614660390047064
1515.0, 49.6846791146284
1516.0, 45.445712897741075
1517.0, 39.44153577661432
1518.0, 39.50128175250524
1519.0, 40.85321764280549
1520.0, 32.52572187188848
1521.0, 38.18181818181818
1522.0, 49.02619207521827
1523.0, 49.51390458964505
1524.0, 39.02412159929504
1525.0, 43.20388349514561
1526.0, 45.96136522870582
1527.0, 53.01668806161745
1528.0, 47.764909622253505
1529.0, 41.82738669238189
1530.0, 44.17395714466841
1531.0, 48.86363636363635
1532.0, 48.9722222222222
1533.0, 55.7359009628611
1534.0, 68.68046971569838
1535.0, 66.01844090528081
1536.0, 67.54203362690153
1537.0, 79.26573426573427
1538.0, 92.22945484133446
1539.0, 89.74418068679418
1540.0, 89.70622253065001
1541.0, 89.05019685039369
1542.0, 71.40883977900555
1543.0, 55.205302295505966
1544.0, 56.30715862503945
1545.0, 55.75039494470775
1546.0, 56.42608420386201
1547.0, 47.805568664464346
1548.0, 52.89608177172062
1549.0, 55.81302437075508
1550.0, 52.252122607569405
1551.0, 49.82714564857962
1552.0, 55.98223241152027
1553.0, 55.73466476462197
1554.0, 39.643501805054164
1555.0, 35.102519039250154
1556.0, 42.20468365894679
1557.0, 44.795385882999156
1558.0, 38.83934179123224
1559.0, 35.45058472827331
1560.0, 41.93481848184818
1561.0, 45.490744726646575
1562.0, 43.019462256721795
1563.0, 34.936398125418435
1564.0, 30.30574532422446
1565.0, 29.538260015282177
1566.0, 24.749358824900938
1567.0, 23.1288811417366
1568.0, 39.60060286360213
1569.0, 39.05127569977707
1570.0, 35.19444105814951
1571.0, 35.108841055575866
1572.0, 38.57047428189716
1573.0, 45.10454217736125
1574.0, 37.71269633507851
1575.0, 43.691761573731746
1576.0, 40.25423728813556
1577.0, 35.10332557821266
1578.0, 37.35599078341014
1579.0, 34.80477660002684
1580.0, 33.60197582217599
1581.0, 35.493615268433345
1582.0, 23.3764281419122
1583.0, 25.873261205564134
1584.0, 22.77241191674601
1585.0, 23.883578256527315
1586.0, 28.44815778660454
1587.0, 23.90002603488672
1588.0, 19.819711538461547
1589.0, 25.120664496576495
1590.0, 21.99909747292422
1591.0, 37.740355905888
1592.0, 37.851692894611325
1593.0, 36.78600393928861
1594.0, 35.875706214689274
1595.0, 38.69426751592356
1596.0, 44.15976728574626
1597.0, 44.82644262657528
1598.0, 56.852497096399524
1599.0, 62.29879575533566
1600.0, 59.15112855740926
1601.0, 63.64836325237594
1602.0, 73.22692574600973
1603.0, 58.37976208402349
1604.0, 52.01932107876024
1605.0, 38.59065258283894
1606.0, 38.48383823742573
1607.0, 40.91539528432732
1608.0, 53.12630552847794
1609.0, 48.42105263157894
1610.0, 50.03921568627451
1611.0, 48.73239436619719
1612.0, 52.129258517034046
1613.0, 50.1694915254237
1614.0, 49.72861204445592
1615.0, 44.48040688937692
1616.0, 35.93816179584921
1617.0, 33.59398198554885
1618.0, 40.00424448217316
1619.0, 42.1888988361683
1620.0, 36.70463472113119
1621.0, 42.7565293945026
1622.0, 29.329557910120542
1623.0, 29.014186319689145
1624.0, 19.96214926355627
1625.0, 29.555330243337167
1626.0, 20.08442568318148
1627.0, 28.313293031289433
1628.0, 30.006631299734735
1629.0, 34.41323217825166
1630.0, 35.84140091116171
1631.0, 40.84651089607426
1632.0, 33.48164627363738
1633.0, 31.957531519575312
1634.0, 36.0644058136221
1635.0, 38.4119140759042
1636.0, 45.91027010529529
1637.0, 44.491274770777885
1638.0, 54.88673657248058
1639.0, 53.64750390657126
1640.0, 60.866215869211686
1641.0, 56.7659574468085
1642.0, 50.58605798889576
1643.0, 45.89732338745062
1644.0, 47.15535118564602
1645.0, 49.86741938243093
1646.0, 58.62242332830568
1647.0, 56.983677059915934
1648.0, 54.21359223300972
1649.0, 51.7396643471142
1650.0, 52.15582834533834
1651.0, 59.74264705882353
1652.0, 53.993315662095185
1653.0, 42.451267677411145
1654.0, 34.857723577235774
1655.0, 25.49631942895384
1656.0, 24.347640856321235
1657.0, 25.43391188251003
1658.0, 33.32632464255677
1659.0, 35.26589772379299
1660.0, 33.44951108529382
1661.0, 39.06932169098074
1662.0, 34.992846924177385
1663.0, 27.36471225946336
1664.0, 30.8506063472951
1665.0, 35.57692307692308
1666.0, 40.08943026751986
1667.0, 40.90944850916529
1668.0, 47.85762865563365
1669.0, 53.24981081308333
1670.0, 64.46638946638946
1671.0, 61.708126036484224
1672.0, 59.39862845085282
1673.0, 50.365799911855426
1674.0, 58.20115042705246
1675.0, 55.84931743563158
1676.0, 60.79759217456735
1677.0, 71.37857281742174
1678.0, 72.64448987177103
1679.0, 63.69531552458382
1680.0, 61.33786848072562
1681.0, 68.08569074430102
1682.0, 69.19678359989396
1683.0, 62.990669240669234
1684.0, 55.622672734795195
1685.0, 62.7866381020392
1686.0, 66.31956912028724
1687.0, 72.01461298424537
1688.0, 68.0438786131796
1689.0, 70.68718112244898
1690.0, 65.03593956285755
1691.0, 63.412387750402935
1692.0, 62.133608706013185
1693.0, 63.10609116579265
1694.0, 63.72650115015467
1695.0, 58.044499601099176
1696.0, 47.3277405976058
1697.0, 56.63545695094646
1698.0, 55.03362341772152
1699.0, 49.404695671525545
1700.0, 33.60184119677787
1701.0, 32.687820811945855
1702.0, 45.10514136231009
1703.0, 43.7467780183524
1704.0, 61.823166552433186
1705.0, 58.63909920403807
1706.0, 54.33501232450971
1707.0, 61.502743773744214
1708.0, 60.3348918125476
1709.0, 59.0068056146321
1710.0, 57.277043765483086
1711.0, 59.764751628268705
1712.0, 61.44927536231886
1713.0, 57.7204137800133
1714.0, 59.956624605678236
1715.0, 59.69838277606907
1716.0, 53.41743119266056
1717.0, 50.73941295092986
1718.0, 46.30602027109539
1719.0, 47.88483394367975
1720.0, 47.42675159235669
1721.0, 44.64118041582831
1722.0, 42.35309378648332
1723.0, 39.17686585073193
1724.0, 50.65913370998114
1725.0, 41.48615693587723
1726.0, 52.72545662100455
1727.0, 62.479270315091206
1728.0, 66.2611754360252
1729.0, 63.82948388936413
1730.0, 64.01928804424904
1731.0, 69.45061043285239
1732.0, 61.11850865512648
1733.0, 63.158758824495145
1734.0, 63.188976377952734
1735.0, 61.216730038022824
1736.0, 66.6089066019754
1737.0, 82.18029350104823
1738.0, 73.5007262917618
1739.0, 75.89743589743588
1740.0, 72.02380952380952
1741.0, 68.00907543959157
1742.0, 76.85897435897448
1743.0, 83.80445626870647
1744.0, 78.2687432089824
1745.0, 77.82705099778283
1746.0, 85.85306618093517
1747.0, 80.66281544542424
1748.0, 84.02010050251266
1749.0, 84.44227005870847
1750.0, 80.89368258859795
1751.0, 74.29362880886444
1752.0, 84.09337676438669
1753.0, 83.98150666304069
1754.0, 85.83794181293595
1755.0, 82.92931870375114
1756.0, 79.5204306337167
1757.0, 80.83791208791212
1758.0, 83.7777279856599
1759.0, 77.82229554560458
1760.0, 72.79909706546286
1761.0, 81.11771700356732
1762.0, 69.54700183294062
1763.0, 69.09380813180988
1764.0, 67.56756756756755
1765.0, 68.49315068493149
1766.0, 62.59673258813411
1767.0, 54.42312484425623
1768.0, 45.60731132075468
1769.0, 33.72574667538693
1770.0, 37.05170517051704
1771.0, 39.59037162162164
1772.0, 43.86894251520501
1773.0, 42.14891611687088
1774.0, 48.789509078681924
1775.0, 39.32776300797575
1776.0, 46.30438913167399
1777.0, 43.033770068278265
1778.0, 45.85594013096353
1779.0, 41.24179707218578
1780.0, 40.23969791495649
1781.0, 37.43699404307315
1782.0, 43.63862411935351
1783.0, 57.79416190189588
1784.0, 58.991228070175424
1785.0, 52.29483282674772
1786.0, 47.15927750410511
1787.0, 51.9111570247934
1788.0, 51.78663904712579
1789.0, 51.912095518255725
1790.0, 44.29123928030938
1791.0, 47.829059829059844
1792.0, 39.87793986305447
1793.0, 37.84432829495688
1794.0, 41.458245019075896
1795.0, 53.949285922471596
1796.0, 45.668090298962795
1797.0, 41.54906465375778
1798.0, 44.74949588956103
1799.0, 45.49755559060086
1800.0, 41.35015049448185
1801.0, 41.15616911130281
1802.0, 31.835853131749474
1803.0, 39.415096825187725
1804.0, 44.13139087410666
1805.0, 46.23015873015873
1806.0, 56.70886075949369
1807.0, 63.86820845873601
1808.0, 58.089818517379285
1809.0, 61.02131311686455
1810.0, 63.04122949608398
1811.0, 50.68905036331746
1812.0, 44.14970453053185
1813.0, 45.073066094650756
1814.0, 49.726371838485434
1815.0, 50.0
1816.0, 58.20194057004246
1817.0, 47.796186308221344
1818.0, 41.35469774217044
1819.0, 34.757959005669406
1820.0, 23.907156673114102
1821.0, 23.723608445297486
1822.0, 36.629910406616105
1823.0, 29.54022988505747
1824.0, 32.477551536613134
1825.0, 39.70656370656371
1826.0, 37.82551125496543
1827.0, 44.34619506966774
1828.0, 40.5985526799951
1829.0, 35.033333333333374
1830.0, 29.23491379310346
1831.0, 30.882185543540146
1832.0, 38.87186471456135
1833.0, 47.1106337271751
1834.0, 53.835767767276316
1835.0, 56.85703431682918
1836.0, 45.310929197185146
1837.0, 45.46756408420454
1838.0, 42.36181633541278
1839.0, 46.15801599132675
1840.0, 55.21225147770017
1841.0, 50.55613228533291
1842.0, 59.51940850277267
1843.0, 71.358024691358
1844.0, 70.13347200554693
1845.0, 69.50695756742829
1846.0, 61.935723574215125
1847.0, 59.24821002386635
1848.0, 68.36644979778441
1849.0, 69.49813496100371
1850.0, 77.75302355187782
1851.0, 76.8925619834711
1852.0, 81.04534973097618
1853.0, 78.92739273927398
1854.0, 72.42542613636364
1855.0, 72.54728654764013
1856.0, 56.90004677997816
1857.0, 47.408724189799
1858.0, 52.166716822148636
1859.0, 57.62688232013385
1860.0, 57.94195990466841
1861.0, 56.1979851073149
1862.0, 55.46318289786221
1863.0, 53.66795366795367
1864.0, 44.19598816178894
1865.0, 40.31020147105853
1866.0, 31.30248641528081
1867.0, 34.068040249161584
1868.0, 40.25127966496051
1869.0, 49.275744008427715
1870.0, 57.75582651643766
1871.0, 75.25788608162642
1872.0, 72.89313640312761
1873.0, 69.58738250756721
1874.0, 78.1860828772478
1875.0, 78.38884585592561
1876.0, 77.63527054108212
1877.0, 78.169014084507
1878.0, 82.43206148778472
1879.0, 86.61641302801874
1880.0, 92.21683827983037
1881.0, 88.82486732373007
1882.0, 87.78265820725561
1883.0, 86.7150185742084
1884.0, 83.75192209123534
1885.0, 77.23577235772366
1886.0, 77.48443872075562
1887.0, 79.35115282595397
1888.0, 68.58097842601033
1889.0, 63.38890779176595
1890.0, 58.27840248158205
1891.0, 49.20326467158951
1892.0, 49.92337164750949
1893.0, 39.73272490221645
1894.0, 48.601007274762246
1895.0, 50.70052539404556
1896.0, 48.27682045580874
1897.0, 49.47054032039106
1898.0, 60.54953365263428
1899.0, 59.046214355948926
1900.0, 68.70975435249228
1901.0, 67.47645017352502
1902.0, 65.3071017274473
1903.0, 71.8298555377207
1904.0, 64.57424615968142
1905.0, 62.10103957687406
1906.0, 63.56942496493695
1907.0, 69.34404283801877
1908.0, 63.81930184804929
1909.0, 60.490463215258934
1910.0, 54.96993279094446
1911.0, 43.6601059803179
1912.0, 39.43031536113931
1913.0, 41.868293709236205
1914.0, 35.848618527977635
1915.0, 35.00352858151018
1916.0, 38.04657794676802
1917.0, 31.322444678609003
1918.0, 38.75392969419831
1919.0, 41.92949907235612
1920.0, 33.039245512625456
1921.0, 33.65354818717074
1922.0, 35.328562134027294
1923.0, 37.91899441340781
1924.0, 51.94283162125957
1925.0, 71.26948775055685
1926.0, 77.8198074277855
1927.0, 81.22817229336445
1928.0, 69.50604838709685
1929.0, 64.8687695641705
1930.0, 55.74514038876896
1931.0, 51.514434453383814
1932.0, 52.689909951512405
1933.0, 54.06301824212277
1934.0, 69.57258520052727
1935.0, 71.87062937062942
1936.0, 72.05369595536965
1937.0, 77.42975587286966
1938.0, 78.26086956521739
1939.0, 66.09038932752523
1940.0, 56.98539937016891
1941.0, 51.42900347799789
1942.0, 56.89627096564079
1943.0, 61.29761136216914
1944.0, 57.562897847832666
1945.0, 54.984628897672415
1946.0, 57.71452145214522
1947.0, 63.66819608790148
1948.0, 58.266296809986144
1949.0, 52.89267747344887
1950.0, 55.232403718459494
1951.0, 48.521505376344074
1952.0, 44.92085446442295
1953.0, 54.701307882644045
1954.0, 60.92677345537764
1955.0, 59.441860465116335
1956.0, 58.84462903530303
1957.0, 61.80798878766648
1958.0, 75.3168501973822
1959.0, 80.11759581881546
1960.0, 77.39539489972776
1961.0, 72.08804646896988
1962.0, 68.89267461669522
1963.0, 69.84455958549219
1964.0, 66.80608365019015
1965.0, 67.65498652291095
1966.0, 69.30966469428009
1967.0, 75.86848635235734
1968.0, 75.70268582136168
1969.0, 86.58945443462366
1970.0, 72.4615384615385
1971.0, 66.9538461538462
1972.0, 62.88566243194199
1973.0, 67.0072600161334
1974.0, 54.780361757105986
1975.0, 62.787550744249
1976.0, 71.63695299837926
1977.0, 75.57147211216098
1978.0, 76.46454265159306
1979.0, 77.15959004392391
1980.0, 79.24528301886792
1981.0, 75.00000000000006
1982.0, 75.4141104294479
1983.0, 74.23657987785282
1984.0, 77.09898180604246
1985.0, 73.83268482490274
1986.0, 71.63756488909864
1987.0, 73.62878455462925
1988.0, 83.50992389195645
1989.0, 78.7889709857632
1990.0, 61.10987791342959
1991.0, 57.30312837108954
1992.0, 53.364595545134804
1993.0, 46.797717184527606
1994.0, 55.30101225359618
1995.0, 56.45395213923129
1996.0, 54.38335809806836
1997.0, 51.091305929428856
1998.0, 50.667388167388154
1999.0, 57.93824869242453
2000.0, 60.9189285080717
2001.0, 49.06293154468331
2002.0, 51.24622356495466
2003.0, 51.705086683177775
2004.0, 61.718749999999964
2005.0, 66.55085890754685
2006.0, 66.51234567901238
2007.0, 73.94381299592531
2008.0, 62.51455180442371
2009.0, 53.1288647044274
2010.0, 46.88932547478713
2011.0, 63.58218837940736
2012.0, 49.68952134540749
2013.0, 46.97300245432231
2014.0, 54.62393566698201
2015.0, 59.61224013081056
2016.0, 57.30864197530867
2017.0, 57.5858660736348
2018.0, 60.79259936043856
2019.0, 58.53289932573818
2020.0, 57.35930735930732
2021.0, 58.30357142857144
2022.0, 59.86193293885604
2023.0, 61.2718707940781
2024.0, 66.26974770101391
2025.0, 61.643651964070266
2026.0, 87.05692803437165
2027.0, 85.65619223659895
2028.0, 79.85229633048701
2029.0, 80.19060585432271
2030.0, 62.57560975609752
2031.0, 62.50977326035967
2032.0, 46.95574028308245
2033.0, 53.56547122602167
2034.0, 55.04606813799018
2035.0, 60.0685192234488
2036.0, 48.951166303070984
2037.0, 48.06393145493486
2038.0, 43.89817024661896
2039.0, 38.91198891198888
2040.0, 31.925866236905676
2041.0, 36.61094224924011
2042.0, 42.40067863707052
2043.0, 41.616509028374864
2044.0, 47.87339268051437
2045.0, 41.59839011067985
2046.0, 34.26879810538779
2047.0, 39.19377806988716
2048.0, 34.23923444976073
2049.0, 26.880276285494972
2050.0, 30.891027631170388
2051.0, 33.17443120260023
2052.0, 36.39257876825118
2053.0, 40.16317257048434
2054.0, 45.75260804769004
2055.0, 43.52211016291696
2056.0, 39.71371110848221
2057.0, 36.99307616221562
2058.0, 29.70611596505161
2059.0, 38.70039682539682
2060.0, 55.42497376705141
2061.0, 49.476688867745
2062.0, 63.482358935167525
2063.0, 71.76956927590348
2064.0, 66.69660038486211
2065.0, 67.73953025972412
2066.0, 66.36874361593465
2067.0, 66.88458637163694
2068.0, 67.00488538143557
2069.0, 67.13661883967563
2070.0, 70.8563841557867
2071.0, 71.7199914107795
2072.0, 93.05107526881724
2073.0, 79.52922507273212
2074.0, 72.60617458078673
2075.0, 68.74251497005994
2076.0, 68.35404668081239
2077.0, 61.538461538461576
2078.0, 68.67415730337083
2079.0, 63.72622435225401
2080.0, 60.80308659617036
2081.0, 54.986261516082145
2082.0, 41.73472261334835
2083.0, 46.901065058385754
2084.0, 46.294613887086314
2085.0, 44.40413811635094
2086.0, 37.08817829457365
2087.0, 40.47052603753634
2088.0, 46.15288377330167
2089.0, 47.606142728093936
2090.0, 40.391995614035096
2091.0, 46.306581505137494
2092.0, 39.010764409320096
2093.0, 34.91463414634151
2094.0, 35.2846931229973
2095.0, 31.610908689411517
2096.0, 42.40333135038667
2097.0, 46.82557117750438
2098.0, 44.273051686428026
2099.0, 41.84039453037439
2100.0, 50.91448931116388
2101.0, 51.43988480921528
2102.0, 46.761211192027574
2103.0, 53.88014047807863
2104.0, 53.73404135125975
2105.0, 55.21653543307083
2106.0, 58.001148765077545
2107.0, 68.66336004069694
2108.0, 67.50437609402354
2109.0, 74.78875190469594
2110.0, 70.92391304347824
2111.0, 66.45768025078368
2112.0, 68.33278526800392
2113.0, 74.98414711477484
2114.0, 72.57559958289883
2115.0, 71.08085106382973
2116.0, 63.224829674489015
2117.0, 64.08929627439383
2118.0, 62.11491617710276
2119.0, 54.27807486631016
2120.0, 57.982950440687716
2121.0, 55.24886877828052
2122.0, 66.13287453679192
2123.0, 61.448598130841134
2124.0, 59.70131421744327
2125.0, 53.80288579114698
2126.0, 45.36905835372922
2127.0, 43.332442544094086
2128.0, 46.438494569335695
2129.0, 50.29578189300412
2130.0, 58.93489512394446
2131.0, 48.36272040302268
2132.0, 46.38381398157935
2133.0, 51.749226006192
2134.0, 44.94652809158007
2135.0, 49.81858777560701
2136.0, 35.94855305466241
2137.0, 51.3447804285063
2138.0, 53.19584382871535
2139.0, 55.51174634466896
2140.0, 50.35767511177348
2141.0, 50.753991720875256
2142.0, 48.30048114232505
2143.0, 41.722238329950756
2144.0, 43.618513323983144
2145.0, 54.2519493177388
2146.0, 61.72471837368897
2147.0, 64.16100872938893
2148.0, 70.77239211894113
2149.0, 73.59973796265969
2150.0, 74.78366984690484
2151.0, 72.69013576835277
2152.0, 70.04747018640734
2153.0, 72.58570468294872
2154.0, 82.85030241935486
2155.0, 84.117166530517
2156.0, 85.05381067428073
2157.0, 89.93265211333026
2158.0, 83.80963627775151
2159.0, 81.37987233464617
2160.0, 75.09588678746194
2161.0, 73.81449033514112
2162.0, 67.72766200399656
2163.0, 60.678260869565214
2164.0, 63.74416097736248
2165.0, 54.39212930428671
2166.0, 54.97159090909092
2167.0, 53.45935033951179
2168.0, 46.53890632744097
2169.0, 32.10286913925823
2170.0, 24.40592130892091
2171.0, 43.52688831009647
2172.0, 53.27459618208522
2173.0, 55.075532966257256
2174.0, 51.888800212822595
2175.0, 51.15462525320729
2176.0, 58.19566339700572
2177.0, 60.8201282206363
2178.0, 59.38807218835908
2179.0, 64.43883984867594
2180.0, 63.32094175960348
2181.0, 60.48998880736231
2182.0, 83.10137808705146
2183.0, 79.21571177732979
2184.0, 80.28134254689043
2185.0, 73.0248018409614
2186.0, 70.79062957540265
2187.0, 70.11032416235359
2188.0, 76.27025163736641
2189.0, 74.9442275515895
2190.0, 71.96986006458557
2191.0, 63.49228036617023
2192.0, 66.65380410315777
2193.0, 67.97801383399208
2194.0, 69.2656220502171
2195.0, 71.70829291949563
2196.0, 50.38273442483523
2197.0, 58.672774545004295
2198.0, 49.205535622757594
2199.0, 50.189517710103225
2200.0, 51.18635030658489
2201.0, 56.13320555821754
2202.0, 53.26100829610718
2203.0, 58.59384216114194
2204.0, 60.08225474779241
2205.0, 68.37830396475766
2206.0, 63.510722795869654
2207.0, 51.998058566574976
2208.0, 53.362111904366586
2209.0, 37.80622727991149
2210.0, 37.26084183673477
2211.0, 47.97225186766284
2212.0, 57.48604077392539
2213.0, 66.0497315625883
2214.0, 66.77819601282582
2215.0, 60.27462877215396
2216.0, 60.28097062579828
2217.0, 62.85458345774855
2218.0, 59.54738330975951
2219.0, 70.39433524600176
2220.0, 71.4268881819253
2221.0, 78.85796891940733
2222.0, 80.17441860465117
2223.0, 92.77514349887704
2224.0, 92.9741536221333
2225.0, 91.08108108108112
2226.0, 90.98878988215012
2227.0, 91.94294525828842
2228.0, 77.20991445492432
2229.0, 79.32299308321096
2230.0, 74.07820097244725
2231.0, 70.39565016196198
2232.0, 73.96377780478905
2233.0, 66.12644181632346
2234.0, 64.09224578238658
2235.0, 48.77951180472194
2236.0, 56.497111136286414
2237.0, 55.775653575953
2238.0, 50.64964668338267
2239.0, 51.18002508265872
2240.0, 44.357236294446444
2241.0, 42.93206488596167
2242.0, 43.344415712350674
2243.0, 28.222306095489714
2244.0, 27.745825602968452
2245.0, 37.80740977323538
2246.0, 33.76595592954433
2247.0, 34.91927418202603
2248.0, 34.38336856941508
2249.0, 32.19611983634685
2250.0, 30.32008680320088
2251.0, 28.06473829201103
2252.0, 34.081578598861114
2253.0, 39.79073424458694
2254.0, 39.13974656434051
2255.0, 39.91895225230522
2256.0, 47.933689965316596
2257.0, 61.050459326321395
2258.0, 64.11493288590606
2259.0, 58.434303697875684
2260.0, 75.55905305265912
2261.0, 76.7033379172396
2262.0, 75.11170961620861
2263.0, 88.97253589850826
2264.0, 85.36730297853369
2265.0, 83.35509138381201
2266.0, 81.9915254237288
2267.0, 80.6247361756015
2268.0, 74.08844065166801
2269.0, 75.3959484346225
2270.0, 69.80657336059132
2271.0, 66.05327283421563
2272.0, 67.09278350515464
2273.0, 61.83020445390288
2274.0, 41.85227390448566
2275.0, 33.132720937598975
2276.0, 27.903254490485438
2277.0, 26.351167226814383
2278.0, 30.48802449126596
2279.0, 35.640477463032255
2280.0, 33.305390225500915
2281.0, 30.787298825576386
2282.0, 39.09011031924245
2283.0, 25.036341272503734
2284.0, 26.01673251220089
2285.0, 24.358137510879132
2286.0, 21.43792275801887
2287.0, 32.63570229434818
2288.0, 48.02259887005645
2289.0, 53.82955771305281
2290.0, 71.84705882352938
2291.0, 64.58770283695763
2292.0, 57.48259239421531
2293.0, 46.87715836211152
2294.0, 52.011138613861384
2295.0, 56.48962034785862
2296.0, 47.0032875326646
2297.0, 45.219365825967074
2298.0, 46.57589756058029
2299.0, 53.20760799484201
2300.0, 60.8481262327416
2301.0, 59.95388716766334
2302.0, 54.36406929961409
2303.0, 49.50869845360825
2304.0, 44.76923076923076
2305.0, 35.673269243177
2306.0, 35.05135032331685
2307.0, 36.8501732871234
2308.0, 35.232777179763204
2309.0, 34.46562287270251
2310.0, 40.90203327171906
2311.0, 47.7540146525568
2312.0, 48.072962636069434
2313.0, 43.237689321866256
2314.0, 38.56166076283054
2315.0, 33.96844049017963
2316.0, 31.32137030995105
2317.0, 43.55200991402683
2318.0, 43.46448171910025
2319.0, 56.01155493575053
2320.0, 56.342685370741435
2321.0, 59.933916009379686
2322.0, 63.71592395131276
2323.0, 51.94076081695865
2324.0, 51.52314001171644
2325.0, 46.73318313485681
2326.0, 48.639702079238624
2327.0, 52.1379165793334
2328.0, 43.5922974767597
2329.0, 45.611394163964825
2330.0, 43.957147639772366
2331.0, 30.366056572379335
2332.0, 32.01754385964907
2333.0, 42.46267458661109
2334.0, 55.58016697904244
2335.0, 65.23156322151294
2336.0, 67.50444275196747
2337.0, 77.80541331382594
2338.0, 75.71297148114084
2339.0, 68.1573498964804
2340.0, 68.16613771215685
2341.0, 65.12698855707512
2342.0, 72.66796224319813
2343.0, 65.74981160512431
2344.0, 72.59116155517995
2345.0, 74.33578292820806
2346.0, 70.68372393033755
2347.0, 60.01765225066193
2348.0, 56.42945036915507
2349.0, 46.112662942271925
2350.0, 29.94090610636904
2351.0, 34.95405001068613
2352.0, 36.81116825863335
2353.0, 41.67584232547899
2354.0, 41.662995594713614
2355.0, 36.56839052682457
2356.0, 32.406007458925515
2357.0, 35.655471289274146
2358.0, 27.260897852960355
2359.0, 19.997681428240256
2360.0, 27.884393063583857
2361.0, 29.09529553679137
2362.0, 33.6820083682008
2363.0, 30.19693654266956
2364.0, 43.57535501603297
2365.0, 39.161676646706525
2366.0, 40.86146682188593
2367.0, 35.8116343490304
2368.0, 53.48108889424237
2369.0, 64.96161616161618
2370.0, 62.11079347910069
2371.0, 56.52729466884361
2372.0, 59.36335172208142
2373.0, 53.62650683547713
2374.0, 47.896780988743345
2375.0, 50.95951813979549
2376.0, 47.49580302182431
2377.0, 50.53211282280271
2378.0, 46.99362041467309
2379.0, 51.79989608847323
2380.0, 50.892316999395
2381.0, 51.264472882388816
2382.0, 36.34464232414682
2383.0, 27.982890589824336
2384.0, 28.430924062214018
2385.0, 45.62918195553635
2386.0, 48.40258926707038
2387.0, 62.17326789179318
2388.0, 69.84228747275296
2389.0, 65.91239109390128
2390.0, 71.61963190184056
2391.0, 77.02236421725249
2392.0, 73.59344422700589
2393.0, 70.03053858967243
2394.0, 68.12782805429872
2395.0, 78.31500861041195
2396.0, 71.69075144508682
2397.0, 67.07627118644075
2398.0, 74.1817114340233
2399.0, 60.13071895424842
2400.0, 46.8613845409068
2401.0, 37.92353687262182
2402.0, 41.956108519094535
2403.0, 39.345324906822235
2404.0, 31.89358372456958
2405.0, 34.899027673896754
2406.0, 34.12315342986693
2407.0, 35.01659212234884
2408.0, 34.40601077402887
2409.0, 20.32012195121952
2410.0, 19.940164547494348
2411.0, 20.985516372795928
2412.0, 13.944655453065707
2413.0, 20.902517407605828
2414.0, 22.32551487414196
2415.0, 21.905697445972592
2416.0, 18.053305845972602
2417.0, 18.82100092109303
2418.0, 17.706528018486424
2419.0, 10.578158458244118
2420.0, 8.983996120271556
2421.0, 16.635202665186043
2422.0, 13.556561085972874
2423.0, 13.257810425701408
2424.0, 11.139202855443216
2425.0, 16.62466750664987
2426.0, 16.919569708627208
2427.0, 25.842553732672016
2428.0, 33.12132776061543
2429.0, 32.85267964431627
2430.0, 38.82533253051617
2431.0, 36.366899097620994
2432.0, 44.37771593183927
2433.0, 41.557313337295966
2434.0, 46.28014616321559
2435.0, 50.20997967938587
2436.0, 53.14755508818891
2437.0, 56.10629014070697
2438.0, 66.59660553833217
2439.0, 63.619694763522624
2440.0, 63.115938152051804
2441.0, 60.43388429752065
2442.0, 56.665631791369144
2443.0, 59.80320254247649
2444.0, 54.938396283579046
2445.0, 58.85322755138839
2446.0, 53.390522875816984
2447.0, 55.92161560842033
2448.0, 55.70556367701438
2449.0, 42.68640350877191
2450.0, 50.79309129362001
2451.0, 46.049297396913154
2452.0, 38.001323626737296
2453.0, 48.63054658533669
2454.0, 60.30248190279213
2455.0, 50.97554273151971
2456.0, 39.68763371844246
2457.0, 20.72408640130419
2458.0, 20.99145299145303
2459.0, 27.974863166430183
2460.0, 35.688427657777254
2461.0, 38.38416612589229
2462.0, 36.65963617189559
2463.0, 32.80448245355352
2464.0, 31.400529865125236
2465.0, 28.325457606865456
2466.0, 27.49273959341724
2467.0, 19.84496909514641
2468.0, 17.277650489481346
2469.0, 18.147970852614208
2470.0, 26.404181959737514
2471.0, 46.45300416418799
2472.0, 50.0
2473.0, 46.63949610967023
2474.0, 42.862810441958274
2475.0, 42.99243931555908
2476.0, 44.7085588765984
2477.0, 52.58589181286551
2478.0, 51.98900091659031
2479.0, 62.473840731358074
2480.0, 63.2682654768544
2481.0, 66.33918128654972
2482.0, 61.62538026944806
2483.0, 60.17259978425024
2484.0, 56.984737271350326
2485.0, 45.96205962059619
2486.0, 32.88919102651259
2487.0, 34.94134704099123
2488.0, 20.220002894774964
2489.0, 19.83529745846944
2490.0, 17.684793701705857
2491.0, 22.466355396869062
2492.0, 37.36571172784244
2493.0, 33.61860652436572
2494.0, 31.124161073825505
2495.0, 40.279750846901976
2496.0, 38.35587929240376
2497.0, 34.59408728296577
2498.0, 37.94853530406909
2499.0, 38.699718514482896
2500.0, 55.03990082900752
2501.0, 58.28181164629764
2502.0, 53.2689401406137
2503.0, 57.54994676520324
2504.0, 54.386385426653895
2505.0, 54.44098635384246
2506.0, 47.62917149851824
2507.0, 52.265818310357005
2508.0, 59.656831973216185
2509.0, 61.3032715595103
2510.0, 67.15864527629236
2511.0, 76.79923596425405
2512.0, 76.47669110527046
2513.0, 76.80072237271652
2514.0, 69.24308833445718
2515.0, 66.18791697553743
2516.0, 80.7947740881873
2517.0, 75.88890219082967
2518.0, 79.54573974149828
2519.0, 77.8770502733698
2520.0, 80.0328902288611
2521.0, 70.51436851002174
2522.0, 53.910839765004
2523.0, 47.952086553323
2524.0, 46.52639936482727
2525.0, 25.199098422238905
2526.0, 10.854388297872319
2527.0, 16.74194050770903
2528.0, 13.874548270521373
2529.0, 16.346997618152145
2530.0, 13.11517320720948
2531.0, 27.697404748757563
2532.0, 25.97348798674396
2533.0, 28.32259363672972
2534.0, 28.596116702246604
2535.0, 32.05698005698004
2536.0, 39.77568048146628
2537.0, 37.38269700475637
2538.0, 38.95989974937342
2539.0, 47.244200080461304
2540.0, 44.11470072627095
2541.0, 42.30868665977251
2542.0, 52.918350848827785
2543.0, 59.101123595505605
2544.0, 53.455284552845505
2545.0, 38.388959301506844
2546.0, 44.22452952628167
2547.0, 37.72791023842923
2548.0, 38.30696202531647
2549.0, 41.38658628485307
2550.0, 58.254615714899096
2551.0, 60.23307436182017
2552.0, 51.09049639790784
2553.0, 51.58737911497511
2554.0, 52.18895147741874
2555.0, 52.28326264917645
2556.0, 53.69702873843156
2557.0, 42.448548812664896
2558.0, 53.24343651036881
2559.0, 57.67462229034376
2560.0, 62.158345940494186
2561.0, 63.62791658063181
2562.0, 54.22312159070913
2563.0, 50.1718803712616
2564.0, 34.36588103254772
2565.0, 39.93617021276599
2566.0, 41.51277231007409
2567.0, 38.3710090887905
2568.0, 41.029155245452266
2569.0, 39.39278455284554
2570.0, 44.95846792801107
2571.0, 52.51924422673199
2572.0, 44.94184473897752
2573.0, 47.66006685523273
2574.0, 35.500568110087116
2575.0, 40.22758534450419
2576.0, 56.880069524913104
2577.0, 57.69061260467168
2578.0, 47.39319333816075
2579.0, 43.47036700817013
2580.0, 49.0058479532164
2581.0, 45.360682819383264
2582.0, 45.981021490371205
2583.0, 50.058631921824116
2584.0, 43.97017979827515
2585.0, 33.11276537082992
2586.0, 32.215488215488264
2587.0, 26.482159815493162
2588.0, 30.82267487762516
2589.0, 31.45047723360979
2590.0, 23.018801616587695
2591.0, 24.399329484075338
2592.0, 27.526791342719136
2593.0, 26.772823779193402
2594.0, 27.217785452190952
2595.0, 35.9831709477415
2596.0, 35.88780918727929
2597.0, 36.43529669367215
2598.0, 33.717774762551
2599.0, 41.02916895982406
2600.0, 33.46801346801364
2601.0, 34.513888888889085
2602.0, 27.27272727272745
2603.0, 38.08782310806609
2604.0, 34.889716413635085
2605.0, 38.91529214425503
2606.0, 38.110882956878946
2607.0, 36.887138394676114
2608.0, 32.624624624624715
2609.0, 31.203238071875376
2610.0, 28.175877727323098
2611.0, 30.336233752282723
2612.0, 32.40159128978226
2613.0, 30.15099853872381
2614.0, 36.19530361022031
2615.0, 34.84018719506122
2616.0, 40.88070982582977
2617.0, 25.956253505328064
2618.0, 26.922629435718406
2619.0, 22.744099953725026
2620.0, 24.14936739958226
2621.0, 22.229760289461694
2622.0, 24.85147263304249
2623.0, 30.992455020313386
2624.0, 36.25988847101544
2625.0, 27.958858467333044
2626.0, 20.81033617661815
2627.0, 26.932498639085452
2628.0, 28.708006904793578
2629.0, 33.445614035087715
2630.0, 32.79478458049891
2631.0, 53.058245986466794
2632.0, 47.314245149077145
2633.0, 53.73559940686666
2634.0, 52.748852312171074
2635.0, 59.398946360153225
2636.0, 59.54152664426307
2637.0, 52.041992062476005
2638.0, 48.743967330775874
2639.0, 43.92773502843759
2640.0, 46.39029560711342
2641.0, 37.88735343383586
2642.0, 30.781725888324885
2643.0, 32.635115107202864
2644.0, 38.265121332850434
2645.0, 31.99680829842407
2646.0, 37.480645874806484
2647.0, 25.20003765414667
2648.0, 29.869751166407482
2649.0, 29.485926505082077
2650.0, 27.487244897959172
2651.0, 34.30922477262884
2652.0, 33.77963499914718
2653.0, 36.312797946461316
2654.0, 39.213939213939206
2655.0, 43.0965074529431
2656.0, 53.35480407944176
2657.0, 56.075616659927206
2658.0, 44.69385709990978
2659.0, 35.76952093549605
2660.0, 33.30260003687994
2661.0, 42.48632289605398
2662.0, 37.87243947858469
2663.0, 34.56455438834293
2664.0, 41.15976331360946
2665.0, 30.141548709408767
2666.0, 35.098039215686285
2667.0, 42.24754244861484
2668.0, 39.43280158481909
2669.0, 47.58959253804615
2670.0, 54.18419019826625
2671.0, 51.762154346647385
2672.0, 62.26893802102213
2673.0, 75.9221998658618
2674.0, 70.4363381815353
2675.0, 64.45111492281305
2676.0, 63.966520073769324
2677.0, 61.24278438030559
2678.0, 57.131468810203934
2679.0, 56.23487870267443
2680.0, 54.66684294024326
2681.0, 52.89511642283123
2682.0, 54.37023439706301
2683.0, 54.927121835553386
2684.0, 48.82008235666771
2685.0, 45.72233400402416
2686.0, 38.534058094105625
2687.0, 35.74536091627452
2688.0, 42.320886013917466
2689.0, 54.45142580956984
2690.0, 58.65016209843795
2691.0, 69.88636363636364
2692.0, 74.33166035030219
2693.0, 81.15634086334155
2694.0, 81.24720107478736
2695.0, 72.40331202180067
2696.0, 75.58370851219766
2697.0, 69.57989060863495
2698.0, 56.32357706015768
2699.0, 57.03193350831143
2700.0, 63.05773572734116
2701.0, 50.059708621925
2702.0, 53.43502950673646
2703.0, 46.787123043644215
2704.0, 43.85504201680673
2705.0, 32.64020163831137
2706.0, 41.2289395441031
2707.0, 41.46376192510326
2708.0, 41.404805914972265
2709.0, 48.51049975581964
2710.0, 47.25696181424051
2711.0, 42.27957630911532
2712.0, 49.73674973674973
2713.0, 51.22921185827912
2714.0, 35.28841492971401
2715.0, 31.551574689396148
2716.0, 21.711830799735694
2717.0, 19.51758111092245
2718.0, 17.267808836789996
2719.0, 18.9129474149359
2720.0, 7.08472953566303
2721.0, 17.905805687203838
2722.0, 15.882816605359977
2723.0, 14.854836609816502
2724.0, 12.852251777719232
2725.0, 17.67802310279278
2726.0, 36.624863022038205
2727.0, 39.48378095570284
2728.0, 42.38113066267318
2729.0, 56.6155122355869
2730.0, 54.184434968017065
2731.0, 50.84361621757744
2732.0, 56.475524475524445
2733.0, 49.421045934597274
2734.0, 46.47044747547259
2735.0, 36.41564506713366
2736.0, 35.62535693889208
2737.0, 35.350787713929506
2738.0, 37.06935123042506
2739.0, 33.093447905478
2740.0, 16.595469255663474
2741.0, 10.549917394382803
2742.0, 10.710434886785649
2743.0, 4.129148443529701
2744.0, 7.905240118449825
2745.0, 20.920056764427613
2746.0, 18.70769881556683
2747.0, 31.705364291433156
2748.0, 33.329826407154144
2749.0, 40.52106430155214
2750.0, 53.32883490778227
2751.0, 52.98916080008938
2752.0, 45.30689517736149
2753.0, 54.64587394411956
2754.0, 62.279993541094775
2755.0, 69.64883661028591
2756.0, 71.30801687763714
2757.0, 66.40612007317478
2758.0, 63.61531464483586
2759.0, 61.779013203613616
2760.0, 70.84208683473392
2761.0, 69.99909934252005
2762.0, 74.98749791631938
2763.0, 73.67327504112198
2764.0, 60.979216298365245
2765.0, 67.40030507735892
2766.0, 68.55559660140375
2767.0, 63.53233034571061
2768.0, 55.77151199927001
2769.0, 56.80035650623884
2770.0, 57.09550259810069
2771.0, 64.08627170216575
2772.0, 67.07525912573232
2773.0, 66.48931290707276
2774.0, 65.27896587776829
2775.0, 66.46162320969519
2776.0, 53.595936191070315
2777.0, 53.46253000266691
2778.0, 62.71115745568297
2779.0, 60.16930274003117
2780.0, 68.13824419778003
2781.0, 60.963773840424345
2782.0, 65.74424386552806
2783.0, 68.06731156791616
2784.0, 72.23655297601985
2785.0, 71.13627334127928
2786.0, 68.00751136588255
2787.0, 54.607307853842926
2788.0, 50.79638398622468
2789.0, 42.839268527430235
2790.0, 51.552314661363376
2791.0, 51.42731180425437
2792.0, 53.574853489611115
2793.0, 43.85720908669447
2794.0, 38.04927099044745
2795.0, 41.301025976860934
2796.0, 38.034335752966946
2797.0, 26.169590643274844
2798.0, 18.38084043491041
2799.0, 14.6172763602829
2800.0, 26.947280100685276
2801.0, 49.92628992628992
2802.0, 52.182845403184395
2803.0, 53.138075313807526
2804.0, 52.65104808877929
2805.0, 63.55730116425864
2806.0, 65.6667107175895
2807.0, 68.021902806297
2808.0, 84.00062804207874
2809.0, 79.28275044457614
2810.0, 80.77822081671934
2811.0, 84.78315054835497
2812.0, 75.5853219270599
2813.0, 79.70811114229583
2814.0, 77.99979713966935
2815.0, 68.04433395483737
2816.0, 58.50552190951191
2817.0, 56.55130853994489
2818.0, 57.48104465037911
2819.0, 46.71384343210968
2820.0, 47.798960138648205
2821.0, 49.622100599426645
2822.0, 45.73217809041779
2823.0, 46.71398527865406
2824.0, 45.06775067750678
2825.0, 40.719438487034544
2826.0, 43.460618041827104
2827.0, 27.272727272727323
2828.0, 33.194337759245045
2829.0, 37.56639304683727
2830.0, 52.854487519915025
2831.0, 65.10374871030606
2832.0, 62.49555212904756
2833.0, 68.1806418219462
2834.0, 63.17517159056999
2835.0, 62.23412394797245
2836.0, 71.49361139668089
2837.0, 78.81250000000006
2838.0, 82.79842699479897
2839.0, 83.95456159034438
2840.0, 87.85401795993559
2841.0, 94.43138225467149
2842.0, 78.42521516631777
2843.0, 71.04280072579789
2844.0, 69.00491260139385
2845.0, 59.17143635868087
2846.0, 56.25809795283753
2847.0, 61.31687242798353
2848.0, 63.27039543997151
2849.0, 58.70167275949932
2850.0, 54.238514409743175
2851.0, 57.22015556307068
2852.0, 27.482678983833694
2853.0, 18.795986622073556
2854.0, 18.632707774798902
2855.0, 23.568266460543853
2856.0, 30.30682069016258
2857.0, 33.77412162681631
2858.0, 29.554540262706993
2859.0, 33.48369188063843
2860.0, 35.05574614065179
2861.0, 36.1823161738886
2862.0, 36.0070422535211
2863.0, 44.32514327119426
2864.0, 44.205754828537636
2865.0, 44.63494132985659
2866.0, 64.01458489154822
2867.0, 80.61933356882138
2868.0, 72.12107419208009
2869.0, 70.72179732313575
2870.0, 63.9806307424882
2871.0, 63.67392937640872
2872.0, 72.17885024840307
2873.0, 74.12199630314227
2874.0, 76.46211120451537
2875.0, 73.39510258107212
2876.0, 59.459770114942515
2877.0, 39.80082801835068
2878.0, 38.87006884493499
2879.0, 38.0028815249917
2880.0, 39.42202835332608
2881.0, 42.470205850487545
2882.0, 49.95001666111296
2883.0, 45.70496964245557
2884.0, 47.04861111111113
2885.0, 50.73759017982126
2886.0, 50.6775650677565
2887.0, 48.169077757685365
2888.0, 43.34774552192712
2889.0, 45.27687296416937
2890.0, 56.96978335233753
2891.0, 79.047619047619
2892.0, 78.60972122944958
2893.0, 76.91862707288853
2894.0, 68.65860263585482
2895.0, 66.32536973833902
2896.0, 65.6346749226006
2897.0, 71.67089101189316
2898.0, 69.17576213774923
2899.0, 55.277070687291875
2900.0, 55.603702974197375
2901.0, 54.90196078431374
2902.0, 47.71628156904888
2903.0, 44.41997063142442
2904.0, 42.90024514425798
2905.0, 27.93854415274467
2906.0, 38.58181319434921
2907.0, 30.783558922140813
2908.0, 32.99174873569338
2909.0, 38.71165644171775
2910.0, 34.467702581225126
2911.0, 36.99999999999997
2912.0, 35.130699800726745
2913.0, 42.84377923292798
2914.0, 50.52234787291331
2915.0, 37.978763746681814
2916.0, 37.799584827325894
2917.0, 40.25435443737903
2918.0, 47.27982434740182
2919.0, 55.932203389830505
2920.0, 55.74886535552194
2921.0, 61.88077246011753
2922.0, 59.013111800620536
2923.0, 58.324852432322416
2924.0, 56.900317712470205
2925.0, 48.493435345234715
2926.0, 50.25450274079875
2927.0, 41.25796619562206
2928.0, 33.64632237871675
2929.0, 37.62852767446949
2930.0, 39.445017773191154
2931.0, 35.645628257093236
2932.0, 21.09826589595376
2933.0, 33.59972202918695
2934.0, 23.73904807009238
2935.0, 23.516303072953335
2936.0, 24.478085703821293
2937.0, 18.78300226301232
2938.0, 25.171568627450995
2939.0, 28.16013161502606
2940.0, 25.264452644526457
2941.0, 31.3394390383515
2942.0, 32.2058823529412
2943.0, 33.985102420856634
2944.0, 36.51811478037838
2945.0, 36.239261851734014
2946.0, 43.54743665291694
2947.0, 26.717836257310026
2948.0, 53.202947845804964
2949.0, 63.3021158515435
2950.0, 63.45618915159941
2951.0, 64.3209586466165
2952.0, 61.43749999999995
2953.0, 63.47613534028041
2954.0, 76.32337327468514
2955.0, 76.67712535484823
2956.0, 81.25088439224557
2957.0, 87.89723789723776
2958.0, 87.84307875894974
2959.0, 92.36391912908233
2960.0, 85.47522339561326
2961.0, 71.15228563700296
2962.0, 71.46106502542145
2963.0, 73.70562130177512
2964.0, 70.9505161979352
2965.0, 68.86662059433307
2966.0, 71.66791164230071
2967.0, 75.04933746828306
2968.0, 74.60512626501466
2969.0, 75.62414888788014
2970.0, 69.65623026256429
2971.0, 66.35292047853622
2972.0, 59.36706852791879
2973.0, 57.97723019338739
2974.0, 56.415509522725564
2975.0, 64.08532536520586
2976.0, 57.768885418700016
2977.0, 47.18017578125002
2978.0, 48.39719509140996
2979.0, 48.87455741021751
2980.0, 48.040097673820846
2981.0, 33.9055793991416
2982.0, 32.02563096639203
2983.0, 25.41254125412543
2984.0, 37.56043652438182
2985.0, 44.56284153005465
2986.0, 47.13872832369941
2987.0, 50.56114269056992
2988.0, 53.79128547061558
2989.0, 55.23509088177855
2990.0, 55.51574861919687
2991.0, 50.879284649776416
2992.0, 55.61320074938749
2993.0, 56.492460840286924
2994.0, 54.59822792545064
2995.0, 64.30960344003825
2996.0, 68.521975224843
2997.0, 65.65853658536585
2998.0, 65.59700276918063
2999.0, 67.4325366229761
3000.0, 74.20668589852366
3001.0, 72.01382886776139
3002.0, 65.23645474475418
3003.0, 51.0283490828238
3004.0, 47.34797549678771
3005.0, 42.57691790944514
3006.0, 42.64626945786369
3007.0, 42.30564430244944
3008.0, 48.41090346387338
3009.0, 51.65644171779139
3010.0, 52.319213144070645
3011.0, 55.28165086447296
3012.0, 53.171358486158155
3013.0, 44.49167982509411
3014.0, 47.949218749999964
3015.0, 46.33168200047181
3016.0, 39.51710261569415
3017.0, 45.54707379134857
3018.0, 46.5243071331213
3019.0, 42.73789649415691
3020.0, 45.43646848279977
3021.0, 47.927513015618736
3022.0, 34.872145227405824
3023.0, 38.429599557113846
3024.0, 34.77268886259931
3025.0, 31.832877393683148
3026.0, 27.801597309794047
3027.0, 28.79909431333276
3028.0, 27.047212590024017
3029.0, 26.217357579936234
3030.0, 38.25772782015253
3031.0, 39.51430537803562
3032.0, 35.31626506024095
3033.0, 51.885889335630885
3034.0, 45.953964194373384
3035.0, 45.12879102617365
3036.0, 51.95504005739566
3037.0, 35.38501493312562
3038.0, 43.71240332283015
3039.0, 48.14590585742397
3040.0, 47.69830559304248
3041.0, 57.35087495210117
3042.0, 58.666333666333635
3043.0, 65.67802271209081
3044.0, 64.86116810285867
3045.0, 65.79227696404789
3046.0, 70.00566732785492
3047.0, 57.34057463209523
3048.0, 58.56146001073537
3049.0, 64.95687698592829
3050.0, 65.5419847328244
3051.0, 78.86774036115172
3052.0, 77.15017064846413
3053.0, 61.357921207041045
3054.0, 58.99261249160509
3055.0, 56.805319750990385
3056.0, 53.63482671174977
3057.0, 54.644432194046296
3058.0, 57.48611290530936
3059.0, 51.51979565772669
3060.0, 57.21561969439726
3061.0, 64.98309152394458
3062.0, 67.88290642969157
3063.0, 61.168345975319816
3064.0, 62.5982905982906
3065.0, 52.36479321314952
3066.0, 54.14091470951793
3067.0, 64.53277054754366
3068.0, 58.603066439523
3069.0, 60.32248188590671
3070.0, 59.5927008771046
3071.0, 55.25054901177881
3072.0, 53.062506543817406
3073.0, 52.62174229052018
3074.0, 48.35649680123537
3075.0, 44.60482725982016
3076.0, 40.349344978165945
3077.0, 36.39023292449643
3078.0, 37.29339988907378
3079.0, 46.79679080349661
3080.0, 44.69065106435951
3081.0, 45.43109801031687
3082.0, 52.60987057317592
3083.0, 34.741645811865155
3084.0, 38.65723317778109
3085.0, 43.45845767237319
3086.0, 39.505965383969134
3087.0, 51.04724792985878
3088.0, 46.619217081850564
3089.0, 40.966010733452634
3090.0, 35.73049645390073
3091.0, 35.57909604519779
3092.0, 37.167653946824636
3093.0, 37.75927947598256
3094.0, 47.429691101890285
3095.0, 45.49474187380498
3096.0, 41.6931332822254
3097.0, 47.29192546583851
3098.0, 45.89390461616936
3099.0, 45.060209763045414
3100.0, 36.29727936297278
3101.0, 24.860167798641612
3102.0, 28.35679764656436
3103.0, 30.06078087977744
3104.0, 40.51582408549113
3105.0, 45.52592079436551
3106.0, 45.08845437616386
3107.0, 41.3694544550764
3108.0, 36.38079827400212
3109.0, 40.08128016256028
3110.0, 45.97902097902097
3111.0, 43.57912178956088
3112.0, 43.519029233314946
3113.0, 43.44103838718588
3114.0, 49.605802585935
3115.0, 71.77467008075635
3116.0, 64.24695977549112
3117.0, 65.34276387377582
3118.0, 54.18242959226569
3119.0, 58.416875522138724
3120.0, 59.18409184091841
3121.0, 59.01605599011937
3122.0, 47.78839742164928
3123.0, 41.304347826086975
3124.0, 55.51378446115286
3125.0, 53.19191514908948
3126.0, 50.47474363843522
3127.0, 25.290726082282802
3128.0, 26.445943184140617
3129.0, 26.14405910116973
3130.0, 29.97811816192558
3131.0, 25.12618614980819
3132.0, 25.747388021102708
3133.0, 22.50867625185917
3134.0, 17.852323115480985
3135.0, 16.3209854179875
3136.0, 16.146953405017925
3137.0, 17.470676426492602
3138.0, 14.780074674437657
3139.0, 15.58478970616477
3140.0, 15.982274741506629
3141.0, 26.42031580660914
3142.0, 26.00128164049984
3143.0, 18.427712749129938
3144.0, 27.752871952928032
3145.0, 29.8793363499246
3146.0, 27.87000562746202
3147.0, 34.45255474452553
3148.0, 38.355273850154404
3149.0, 45.97822269055147
3150.0, 52.96778863554104
3151.0, 53.967410556145936
3152.0, 50.57055914796496
3153.0, 51.0426630954658
3154.0, 54.78988603988601
3155.0, 66.30036630036628
3156.0, 64.10416666666666
3157.0, 76.29051620648264
3158.0, 70.97011268985794
3159.0, 77.10871064123194
3160.0, 88.62735958983933
3161.0, 87.62049720953846
3162.0, 87.87417554540855
3163.0, 88.7582314205081
3164.0, 89.47136563876663
3165.0, 84.89029631305137
3166.0, 85.48457192524992
3167.0, 86.62126977768878
3168.0, 86.43379366368808
3169.0, 85.22226672006408
3170.0, 80.06019563581637
3171.0, 77.30192719486081
3172.0, 68.28923449808114
3173.0, 69.17337522089139
3174.0, 68.75621890547262
3175.0, 69.48493683187556
3176.0, 70.06673021925636
3177.0, 64.90495090871104
3178.0, 62.83185840707958
3179.0, 66.96230598669622
3180.0, 66.28959276018097
3181.0, 65.58891454965357
3182.0, 64.94117647058826
3183.0, 65.87112171837703
3184.0, 80.45977011494239
3185.0, 76.98863636363632
3186.0, 92.30769230769238
3187.0, 73.71007371007371
3188.0, 72.70408163265307
3189.0, 64.59330143540666
3190.0, 66.21004566210044
3191.0, 61.0526315789473
3192.0, 53.54166666666669
3193.0, 53.638253638253644
3194.0, 49.11894273127755
3195.0, 21.145374449339215
3196.0, 19.820828667413224
3197.0, 26.27206645898235
3198.0, 24.751491053677952
3199.0, 23.579545454545453
3200.0, 17.315573770491838
3201.0, 19.95614035087725
