0, 448373
1, 716911
2, 614509
3, 469035
4, 521661
5, 630086
6, 712150
7, 852211
8, 825820
9, 891085
10, 891085
11, 954430
12, 1221564
13, 1081157
14, 1137909
15, 1082034
16, 1024274
17, 886138
18, 989158
19, 789869
20, 972401
21, 972401
22, 1069828
23, 858993
24, 622245
25, 622245
26, 735012
27, 790982
28, 728091
29, 779409
30, 746394
31, 892387
32, 862319
33, 903871
34, 928367
35, 1032296
36, 987193
37, 1026611
38, 1083542
39, 1017451
40, 1035089
41, 1065046
42, 975811
43, 868278
44, 916170
45, 879728
46, 949083
47, 1007032
48, 1074005
49, 1124713
50, 1007958
51, 1148928
52, 1047876
53, 1010792
54, 1045127
55, 987138
56, 936398
57, 882253
58, 838725
59, 780784
60, 796097
61, 754692
62, 784116
63, 820259
64, 802637
65, 831311
66, 799241
67, 829137
68, 863895
69, 902307
70, 942014
71, 915461
72, 931568
73, 966819
74, 1002591
75, 1050717
76, 1021708
77, 1064983
78, 1108944
79, 1006308
80, 1030294
81, 1004772
82, 1061667
83, 1044908
84, 950770
85, 686987
86, 613283
87, 572034
88, 598989
89, 614252
90, 640928
91, 689861
92, 645730
93, 651243
94, 724863
95, 724863
96, 697996
97, 712627
98, 691235
99, 711591
100, 729010
101, 755829
102, 784768
103, 848777
104, 883895
105, 899680
106, 874474
107, 885687
108, 911776
109, 889735
110, 904956
111, 916071
112, 946725
113, 923204
114, 883101
115, 836157
116, 870902
117, 888061
118, 870566
119, 840099
120, 807191
121, 827195
122, 846356
123, 854571
124, 883269
125, 907181
126, 872451
127, 939676
128, 905416
129, 849949
130, 928980
131, 985812
132, 1032114
133, 1071159
134, 1133392
135, 1148299
136, 1102583
137, 1132066
138, 1141643
139, 1141643
140, 1110062
141, 1121843
142, 1113414
143, 1084247
144, 1101292
145, 1089730
146, 1105755
147, 1125178
148, 1154141
149, 1134784
150, 1161353
151, 1176648
152, 1196680
153, 1171150
154, 1193577
155, 1217527
156, 1198426
157, 1210303
158, 1227650
159, 1205172
160, 1196382
161, 1186088
162, 1212357
163, 1204148
164, 1186255
165, 1167271
166, 1160039
167, 1169261
168, 1177336
169, 1166254
170, 1185681
171, 1199988
172, 1215093
173, 1191790
174, 1206651
175, 1189870
176, 1179097
177, 1160509
178, 1148639
179, 1120604
180, 1141053
181, 1158501
182, 1151426
183, 1123851
184, 1153253
185, 1140987
186, 1148060
187, 1154596
188, 1170581
189, 1151382
190, 1160996
191, 1175037
192, 1161716
193, 1171234
194, 1160919
195, 1008981
196, 1024609
197, 1033959
198, 1027537
199, 1001704
200, 1021992
201, 1017846
202, 1009843
203, 1002652
204, 998218
205, 987092
206, 976094
207, 983468
208, 1055063
209, 1083242
210, 1101419
211, 1087733
212, 1097150
213, 1113803
214, 1108352
215, 1116672
216, 1107905
217, 1094764
218, 1080974
219, 1105526
220, 1110843
221, 1099856
222, 1116193
223, 1109690
224, 1122542
225, 1114909
226, 1120375
227, 1132257
228, 1145432
229, 1120767
230, 1109659
