0, 24264306
1, 23494476
2, 23927350
3, 23508542
4, 24780482
5, 24144452
6, 25052074
7, 24671260
8, 24282660
9, 23475199
10, 24905339
11, 24637718
12, 24637718
13, 24846529
14, 25067083
15, 24183040
16, 23807899
17, 24994498
18, 24417030
19, 23752043
20, 23625238
21, 24382191
22, 25041183
23, 24673124
24, 25016638
25, 25620881
26, 24995315
27, 24546780
28, 24079538
29, 25025446
30, 25939783
31, 26495200
32, 27377133
33, 28065882
34, 32420313
35, 33644368
36, 34382385
37, 33947607
38, 34511267
39, 34063692
40, 31204744
41, 30212545
42, 28320031
43, 27168031
44, 28377040
45, 26966208
46, 25368776
47, 23788278
48, 24678923
49, 25497815
50, 26481116
51, 26016561
52, 27009175
53, 27435928
54, 27870753
55, 29217559
56, 29783794
57, 29346457
58, 30198535
59, 31051765
60, 31675499
61, 30817401
62, 29222206
63, 27374882
64, 28083807
65, 29126122
66, 30310763
67, 32417245
68, 29214702
69, 31324940
70, 29743081
71, 31134449
72, 32715788
73, 31568546
74, 34231097
75, 31385760
76, 30122065
77, 29044972
78, 30583377
79, 31864508
80, 30409496
81, 36549169
82, 34709281
83, 34423736
84, 35397033
85, 34536795
86, 33488318
87, 32631165
88, 33461804
89, 33461804
90, 32909198
91, 31793881
92, 31142154
93, 31583783
94, 31140961
95, 30594298
96, 31306980
97, 31899934
98, 31145691
99, 30316517
100, 30405447
101, 29992383
102, 30755415
103, 31120043
104, 31711121
105, 31309193
106, 31696507
107, 32090824
108, 32695956
109, 33409842
110, 34374038
111, 34815860
112, 34352231
113, 34956533
114, 35765862
115, 35404797
116, 35883192
117, 35370433
118, 34971733
119, 34514452
120, 34045218
121, 32700530
122, 33173702
123, 32699798
124, 33613441
125, 34380398
126, 33111905
127, 32366730
128, 32853542
129, 33659284
130, 34021091
131, 33573919
132, 34377249
133, 34124898
134, 34900031
135, 34469316
136, 34745327
137, 35228563
138, 33639795
139, 32981314
140, 32055442
141, 32491113
142, 32069085
143, 31734983
144, 30956745
145, 31888706
146, 33262852
147, 35718012
148, 36427465
149, 37987717
150, 40334328
151, 37053036
152, 38155076
153, 36399080
154, 34078438
155, 31175069
156, 28365385
157, 26271062
158, 29382074
159, 19538832
160, 21340385
161, 22493213
162, 21683690
163, 21245392
164, 20611455
165, 22370669
166, 23241617
167, 22467880
168, 22042349
169, 21566015
170, 20777568
171, 19746003
172, 20309162
173, 18888018
174, 16533363
175, 15740247
176, 16584488
177, 17713519
178, 17165065
179, 17720152
180, 15932360
181, 15274231
182, 14222208
183, 14808601
184, 15594262
185, 16863159
186, 15178361
187, 16597360
188, 17230966
189, 19584717
190, 20933825
191, 23230501
192, 25086444
193, 26548905
194, 27509000
195, 25815714
196, 27344720
197, 23923469
198, 25075058
199, 25875713
200, 28221940
201, 29962644
202, 32513584
203, 33631888
204, 35575938
205, 33075293
206, 34652474
207, 44460328
208, 46543957
209, 45586619
210, 46911828
211, 47888811
212, 47166847
213, 46255937
214, 46868121
215, 46370698
216, 46370698
217, 47110807
218, 47808151
219, 48727865
220, 49555662
221, 49555662
222, 50481815
223, 49744971
224, 50938230
225, 50064243
226, 50772676
227, 46131082
228, 45112981
229, 44384225
230, 46553934
231, 45676256
232, 44287947
233, 44861349
234, 46089095
235, 46790877
236, 46366567
237, 45944774
238, 46200955
239, 46458568
240, 46930200
241, 48222850
242, 47420425
243, 46348710
244, 44266256
245, 45406012
246, 44750834
247, 45682794
248, 45130266
249, 45695773
250, 44997147
251, 44303176
252, 45463653
253, 44385082
254, 43495482
255, 42506134
256, 43208928
257, 43920391
258, 43098498
259, 44666493
260, 32371660
261, 27808857
262, 30037484
263, 27917893
264, 29670553
265, 32413300
266, 41871078
267, 40271363
268, 43442541
269, 42299889
270, 41135460
271, 39724545
272, 39724545
273, 41275475
274, 39732134
275, 42019379
276, 40988069
277, 39715954
278, 38659951
279, 37204811
280, 35803015
281, 34428358
282, 34428358
283, 35611720
284, 34576486
285, 38291056
286, 37255556
287, 35347377
288, 34172416
289, 35473671
290, 38137464
291, 38928378
292, 38002474
293, 39026009
294, 38457118
295, 39105017
296, 39767855
297, 38581105
298, 39310777
299, 38227764
300, 37180259
301, 36523283
302, 34876623
303, 36906793
304, 37651094
305, 36984908
306, 37819215
307, 38478837
308, 37926535
309, 38359477
310, 37750564
311, 38571127
312, 38997036
313, 38530087
314, 39227245
315, 40287998
316, 38072689
317, 37219378
318, 38503041
319, 39551104
320, 37239742
321, 38041315
322, 37690586
323, 36840827
324, 37384388
325, 36365351
326, 34812197
327, 35460451
328, 32167169
329, 33009544
330, 33952821
331, 32844263
332, 31346031
333, 32335952
334, 31881062
335, 32810152
336, 34635475
337, 33842801
338, 33268942
339, 33944950
340, 33195489
341, 32606868
342, 33453722
343, 34096085
344, 33553722
345, 33553722
346, 32426182
347, 33654475
348, 34433334
349, 35465299
350, 36103971
351, 36103971
352, 35897306
353, 35897306
354, 35897306
355, 35897306
356, 34354967
357, 34985208
358, 34571391
359, 35414557
360, 36168238
361, 35458202
362, 36478912
363, 37370901
364, 36229508
365, 36790895
366, 37371611
367, 36808028
368, 36312981
369, 36863740
370, 37580615
371, 36083502
372, 34580603
373, 33750889
374, 32799201
375, 33149780
376, 32297551
377, 29841039
378, 31731634
379, 33043468
380, 33497033
381, 32880838
382, 32485226
383, 33069405
384, 33069405
385, 33520314
386, 33106573
387, 33628196
388, 33628196
389, 33115897
390, 33576715
391, 34600780
392, 35262748
393, 34087233
394, 33131984
395, 37247452
396, 37247452
397, 36618743
398, 36068854
399, 34934456
400, 33521352
401, 34863776
402, 34102976
403, 35539247
404, 37269179
405, 38443627
406, 39261242
407, 40264975
408, 41665294
409, 40817893
410, 42804306
411, 44702794
412, 43255226
413, 42110154
414, 40744551
415, 40744551
416, 42059923
417, 44306411
418, 43039109
419, 44840839
420, 51411131
421, 48055781
422, 49436275
423, 47949078
424, 49430954
425, 48693868
426, 49592012
427, 48085081
428, 48947577
429, 47243016
430, 46522891
431, 47353236
432, 47353236
433, 47353236
434, 48054164
435, 47359602
436, 48305098
437, 47420307
438, 46566230
439, 45699929
440, 46294342
441, 45027860
442, 44103984
443, 45087500
444, 47502954
445, 45666095
446, 44759294
447, 43648633
448, 44329225
449, 44896714
450, 45963179
451, 46903951
452, 47719922
453, 48824009
454, 47936548
455, 46457098
456, 44474177
457, 43685540
458, 45279684
459, 46455262
460, 48336078
461, 49493474
462, 48473408
463, 46686263
464, 48011394
465, 49186811
466, 50908257
467, 55345975
468, 51950608
469, 49332368
470, 51211480
471, 52450190
472, 53524728
473, 51903395
474, 50775703
475, 49938448
476, 47825011
477, 46721079
478, 48093850
479, 47215437
480, 49701152
481, 52251902
482, 53335045
483, 53961211
484, 55125568
485, 54461817
486, 53603681
487, 54624042
488, 55579779
489, 54626345
490, 54153648
491, 55430355
492, 54411427
493, 53848759
494, 52822866
495, 53918298
496, 53227917
497, 54337378
498, 53593743
499, 55613368
500, 58365261
501, 59750630
502, 59750630
503, 62741002
504, 60195272
505, 59507964
506, 58828145
507, 53855075
508, 49577300
509, 48050377
510, 46434884
511, 47311864
512, 43945378
513, 43945378
514, 42617669
515, 40147828
516, 43870409
517, 47354875
518, 42787627
519, 48202004
520, 57575235
521, 64637674
522, 67338768
523, 64869541
524, 62014005
525, 64102351
526, 60373008
527, 56860581
528, 58566815
529, 57325033
530, 55839845
531, 57013323
532, 57013323
533, 58245398
534, 59311890
535, 60584686
536, 65186822
537, 69717804
538, 68353935
539, 70054687
540, 68069816
541, 67014451
542, 65458325
543, 70423583
544, 72044400
545, 74694653
546, 76711158
547, 75088349
548, 74178151
549, 75287213
550, 76173013
551, 75559168
552, 76299512
553, 75374205
554, 76129233
555, 76593622
556, 77239215
557, 77778023
558, 78254808
559, 77554805
560, 78237045
561, 77158100
562, 76670742
563, 75872533
564, 74714266
565, 75613439
566, 74774394
567, 75363769
568, 74520539
569, 75541721
570, 73590246
571, 71150391
572, 69540363
573, 70919544
574, 71870065
575, 71416701
576, 70813884
577, 71528486
578, 70773355
579, 69545566
580, 70487717
581, 71159138
582, 71669773
583, 72594367
584, 71684270
585, 72743718
586, 74468156
587, 75548357
588, 74290121
589, 63236625
590, 65917811
591, 63696012
592, 68504180
593, 65068478
594, 76229129
595, 70930368
596, 75176575
597, 82508335
598, 85432652
599, 82904431
600, 78596216
601, 79742678
602, 81062168
603, 82165173
604, 81720783
605, 82672243
606, 83366014
607, 83366014
608, 84356516
609, 83107408
610, 84178418
611, 83263869
612, 81947189
613, 80387663
614, 78305472
615, 76827178
616, 74626539
617, 73145529
618, 71520571
619, 72788650
620, 69796634
621, 68298159
622, 69382223
623, 68244865
624, 69783555
625, 68383646
626, 67021250
627, 68505247
628, 69503108
629, 68346446
630, 69531086
631, 68326197
632, 67241015
633, 65734237
634, 64227559
635, 65459778
636, 64132690
637, 65280854
638, 66305332
639, 67532373
640, 66602474
641, 68049668
642, 66590410
643, 65504571
644, 64665847
645, 66501058
646, 71345963
647, 62387843
648, 66590565
649, 69333107
650, 70703481
651, 72397780
652, 70994692
653, 72706532
654, 70658173
655, 68663845
656, 70361923
657, 71141375
658, 70504690
659, 71205898
660, 68910561
661, 66312679
662, 65040469
663, 64108582
664, 61951350
665, 64271909
666, 65527809
667, 66546217
668, 65953360
669, 68068551
670, 65758205
671, 64509167
672, 66744902
673, 67313241
674, 65247236
675, 63043660
676, 62194097
677, 62925557
678, 61087160
679, 59323862
680, 60481682
681, 61197834
682, 62700123
683, 61191239
684, 60260139
685, 60773827
686, 61260495
687, 61847548
688, 61227610
689, 62445581
690, 61387874
691, 62597501
692, 61679132
693, 63221449
694, 64944015
695, 68951396
696, 71931520
697, 76533475
698, 74142393
699, 76383926
700, 77655503
701, 80719144
702, 79029540
703, 76222997
704, 77748784
705, 78851926
706, 77454732
707, 79721555
708, 81955877
709, 84212873
710, 87046181
711, 85203324
712, 87294974
713, 85964174
714, 84912816
715, 82146824
716, 82146824
717, 83232933
718, 84593711
719, 83069228
720, 80966630
721, 78888137
722, 81865713
723, 83452832
724, 89135413
725, 92115310
726, 94243598
727, 96922170
728, 100302280
729, 107173190
730, 113150772
731, 118750691
732, 123444536
733, 125944449
734, 128172129
735, 129784145
736, 126061468
737, 122628963
738, 124845825
739, 127009535
740, 124463081
741, 121634814
742, 120339221
743, 126377924
744, 129201627
745, 132146098
746, 134235438
747, 128853750
748, 131099454
749, 132324535
750, 131361179
751, 128746134
752, 129784043
753, 130755799
754, 131478124
755, 130344908
756, 129021531
757, 130117918
758, 132163659
759, 135306837
760, 132683802
761, 132683802
762, 131152133
763, 129891317
764, 131463159
765, 130648375
766, 132426285
767, 134595443
768, 133827416
769, 132100862
770, 133811982
771, 132688875
772, 133482794
773, 135204930
774, 136040584
775, 134494364
776, 136452599
777, 137523688
778, 139395787
779, 141437102
780, 142382055
781, 126290446
782, 119709714
783, 127569191
784, 123885026
785, 120497253
786, 123219086
787, 119139015
788, 120301193
789, 122984497
790, 122984497
791, 125345430
792, 130204053
793, 127402986
794, 124283398
795, 122778331
796, 125684561
797, 129917302
798, 126565288
799, 123229310
800, 120927777
801, 123447290
802, 124823282
803, 123548474
804, 122410988
805, 123729204
806, 124860136
807, 123576218
808, 124984366
809, 126205024
810, 127792363
811, 129946393
812, 131847988
813, 133718657
814, 134979224
815, 133667399
816, 132518010
817, 134005942
818, 135772365
819, 134486274
820, 132860899
821, 135107464
822, 138010580
823, 139642644
824, 138361782
825, 136039583
826, 133097328
827, 130412863
828, 133109774
829, 130890778
830, 132283283
831, 131620618
832, 134362688
833, 131786486
834, 135252157
835, 138122509
836, 139272466
837, 143463062
838, 140219025
839, 137286900
840, 135204839
841, 136847435
842, 138965537
843, 137399376
844, 133265201
845, 130787741
846, 133007581
847, 130642133
848, 126209673
849, 120290511
850, 114739604
851, 117712295
852, 119956801
853, 122574835
854, 120458666
855, 122741549
856, 123826831
857, 125191045
858, 124218834
859, 125682944
860, 127135491
861, 125760670
862, 128053841
863, 129291644
864, 127766870
865, 126233438
866, 124617306
867, 126270353
868, 128206994
869, 129351157
870, 128235810
871, 129943295
872, 129943295
873, 131798932
874, 133617488
875, 130487518
876, 132688833
877, 133633987
878, 135112951
879, 137916491
880, 142135772
881, 138093306
882, 140952143
883, 142431368
884, 144053686
885, 142626290
886, 143627473
887, 145471101
888, 146671374
889, 144506985
890, 146162825
891, 148460968
892, 147165542
893, 148348161
894, 149460274
895, 147795929
896, 149022131
897, 151111535
898, 153259564
899, 156504766
900, 153048976
901, 155729081
902, 152956201
903, 151439348
904, 148086028
905, 146002915
906, 143987584
907, 145734151
908, 147569885
909, 145810082
910, 148333475
911, 151451882
912, 155703097
913, 154141722
914, 152723353
915, 154304669
916, 163462443
917, 160928018
918, 158477229
919, 156110245
920, 153423995
921, 154727869
922, 152707770
923, 150592982
924, 152846793
925, 154613980
926, 156708841
927, 159396654
928, 157988637
929, 159065760
930, 157448832
931, 155574471
932, 156254350
933, 157253135
934, 156353754
935, 158046911
936, 158046911
937, 156468815
938, 157739582
939, 156002701
940, 157258353
941, 156071771
942, 157337778
943, 156207745
944, 157277418
945, 155621702
946, 153279282
947, 155617563
948, 153583842
949, 151586911
950, 154349679
951, 152952018
952, 154288556
953, 152840659
954, 151351466
955, 148679962
956, 151768937
957, 153897296
958, 155207546
959, 156235937
960, 154013461
961, 155258175
962, 156455020
963, 157975033
964, 159498001
965, 161316913
966, 159004408
967, 156575347
968, 158818103
969, 155179711
970, 152245545
971, 149597322
972, 155500109
973, 159768686
974, 163233399
975, 166530728
976, 168279025
977, 166031756
978, 166031756
979, 167754988
980, 164113818
981, 162711387
982, 164385424
983, 162979225
984, 161667557
985, 163489162
986, 164370035
987, 162662200
988, 160633554
989, 163038807
990, 160648892
991, 162380660
992, 163873565
993, 162253589
994, 163770383
995, 166075408
996, 165013612
997, 166231832
998, 165206725
999, 165681534
1000, 167287905
1001, 165761472
1002, 167076021
1003, 166222723
1004, 167346193
1005, 165943742
1006, 166909633
1007, 165954437
1008, 164893305
1009, 162967415
1010, 162967415
1011, 161620494
1012, 160183233
1013, 162769840
1014, 159813849
1015, 161956675
1016, 150628480
1017, 153846453
1018, 157260881
1019, 154085981
1020, 151093229
1021, 147912239
1022, 148958771
1023, 147277651
1024, 148434025
1025, 145164566
1026, 143129914
1027, 144594703
1028, 141821491
1029, 143352532
1030, 141434399
1031, 140207914
1032, 140207914
1033, 137410143
1034, 140191767
1035, 138993983
1036, 136282946
1037, 138445559
1038, 141125927
1039, 143065339
1040, 140778165
1041, 138629142
1042, 137077215
1043, 136094339
1044, 137341207
1045, 138952687
1046, 135676359
1047, 131771232
1048, 129462283
1049, 130972287
1050, 130074561
1051, 131577073
1052, 134043133
1053, 132223671
1054, 133276886
1055, 134970704
1056, 133812493
1057, 134770817
1058, 135980780
1059, 134272131
1060, 135767549
1061, 133975690
1062, 132656432
1063, 134508188
1064, 136073792
1065, 134576709
1066, 132957125
1067, 131914835
1068, 132926648
1069, 131901422
1070, 130701483
1071, 132337564
1072, 133857167
1073, 125151215
1074, 127981244
1075, 131077699
1076, 129451401
1077, 129451401
1078, 131743298
