0, 5.9041
1, 5.9041
2, 5.8682
3, 5.886
4, 5.9399
5, 5.9041
6, 5.8591
7, 5.9041
8, 5.5188
9, 5.5099
10, 5.5546
11, 5.5188
12, 5.4559
13, 5.5188
14, 5.5546
15, 5.5906
16, 5.5188
17, 5.4919
18, 5.4559
19, 5.3931
20, 5.3666
21, 5.3666
22, 5.2052
23, 5.2052
24, 5.1066
25, 5.0438
26, 5.0438
27, 5.0799
28, 5.1066
29, 5.1425
30, 5.1246
31, 5.0171
32, 4.9811
33, 5.0978
34, 5.1604
35, 5.2678
36, 5.2678
37, 5.3304
38, 5.3931
39, 5.4292
40, 5.4559
41, 5.5906
42, 5.5906
43, 5.6352
44, 5.6531
45, 5.6799
46, 5.6799
47, 5.716
48, 5.7788
49, 5.9399
50, 6.0655
51, 6.0116
52, 6.0473
53, 6.0833
54, 6.1458
55, 6.0833
56, 5.9846
57, 5.886
58, 5.922
59, 5.8591
60, 5.8234
61, 5.886
62, 5.9579
63, 5.9579
64, 5.9579
65, 5.9399
66, 6.0206
67, 5.9846
68, 6.0206
69, 6.0206
70, 6.0025
71, 5.9579
72, 5.9846
73, 5.8234
74, 5.886
75, 5.9579
76, 5.8772
77, 5.7246
78, 5.7967
79, 5.7967
80, 5.7246
81, 5.7967
82, 5.6978
83, 5.6621
84, 5.6978
85, 5.7246
86, 5.6352
87, 5.4025
88, 5.3127
89, 5.1783
90, 4.9543
91, 4.9901
92, 5.1156
93, 5.053
94, 5.1514
95, 5.2141
96, 5.0888
97, 5.053
98, 5.053
99, 5.053
100, 4.9901
101, 4.8287
102, 4.8556
103, 4.8287
104, 4.7931
105, 4.6945
106, 4.7304
107, 4.7931
108, 4.8556
109, 4.8916
110, 4.8556
111, 4.8916
112, 4.7749
113, 4.7304
114, 4.6945
115, 4.7304
116, 4.7842
117, 4.7842
118, 4.6856
119, 4.6499
120, 4.6227
121, 4.5514
122, 4.6227
123, 4.5871
124, 4.6227
125, 4.6227
126, 4.5871
127, 4.5514
128, 4.5514
129, 4.2915
130, 4.4257
131, 4.6227
132, 4.6856
133, 4.6227
134, 4.5871
135, 4.5871
136, 4.6499
137, 4.4527
138, 4.4257
139, 4.4527
140, 4.4257
141, 4.4883
142, 4.5243
143, 4.5243
144, 4.5871
145, 4.6856
146, 4.847
147, 4.847
148, 4.82
149, 4.7485
150, 4.6227
151, 4.6856
152, 4.6499
153, 4.7485
154, 4.6856
155, 4.7485
156, 4.7842
157, 4.8287
158, 4.847
159, 4.847
160, 4.9634
161, 5.1425
162, 5.0081
163, 5.1425
164, 5.1066
165, 5.0438
166, 4.9811
167, 5.0081
168, 4.9454
169, 4.9454
170, 4.9811
171, 5.0438
172, 5.0618
173, 5.0081
174, 5.0081
175, 5.0618
176, 5.1066
177, 5.3039
178, 5.5366
179, 5.5008
180, 5.4919
181, 5.5276
182, 5.6531
183, 5.6892
184, 5.6892
185, 5.5276
186, 5.5906
187, 5.6264
188, 5.6892
189, 5.7608
190, 5.7246
191, 5.7246
192, 5.6531
193, 5.5906
194, 5.6082
195, 5.5906
196, 5.5906
197, 5.6082
198, 5.5906
199, 5.6264
200, 5.6264
201, 5.6264
202, 5.7071
203, 5.6531
204, 5.7608
205, 5.7874
206, 5.8591
207, 5.8234
208, 5.886
209, 5.8591
210, 5.8591
211, 5.886
212, 5.9757
213, 6.0384
214, 6.0563
215, 6.4415
216, 6.4237
217, 6.4864
218, 6.6562
219, 6.5579
220, 6.5222
221, 6.5755
222, 6.6209
223, 6.8537
224, 6.7909
225, 6.9072
226, 6.9253
227, 6.9253
228, 6.9253
229, 6.9253
230, 6.9253
231, 6.9879
232, 6.9879
233, 6.9253
234, 7.024
235, 7.024
236, 7.1226
237, 7.1405
238, 7.3195
239, 7.418
240, 7.4538
241, 7.3377
242, 7.3106
243, 7.1763
244, 7.1763
245, 7.1405
246, 7.1045
247, 7.0418
248, 6.9342
249, 6.9072
250, 6.9072
251, 6.9072
252, 7.0687
253, 7.2209
254, 7.2567
255, 7.3106
256, 7.2747
257, 7.203
258, 7.2387
259, 7.1851
260, 7.203
261, 7.2927
262, 7.2567
263, 7.1045
264, 7.2567
265, 7.2927
266, 7.445
267, 7.5256
268, 7.7764
269, 7.5973
270, 7.7137
271, 7.8303
272, 7.8125
273, 7.9286
274, 7.848
275, 7.8303
276, 7.8125
277, 7.8125
278, 7.848
279, 7.866
280, 7.9644
281, 7.9644
282, 7.9107
283, 7.9286
284, 8.0812
285, 7.9644
286, 8.0183
287, 8.0452
288, 7.9286
289, 7.9826
290, 7.9826
291, 8.0633
292, 8.099
293, 8.0812
294, 8.2514
295, 8.2154
296, 8.2154
297, 8.1795
298, 8.287
299, 8.35
300, 8.6544
301, 8.52
302, 8.5829
303, 8.6185
304, 8.52
305, 8.4128
306, 8.2781
307, 8.1795
308, 8.2154
309, 8.3141
310, 8.3945
311, 8.3141
312, 8.2781
313, 8.2693
314, 8.1707
315, 8.0633
316, 7.866
317, 7.7853
318, 7.8394
319, 7.866
320, 7.9915
321, 8.2154
322, 8.0898
323, 8.117
324, 8.0898
325, 8.0633
326, 8.0452
327, 7.9378
328, 8.1707
329, 8.3766
330, 8.3766
331, 8.3766
332, 8.1707
333, 7.9378
334, 7.9378
335, 7.9107
336, 7.7853
337, 7.7853
338, 7.6329
339, 7.8394
340, 8.1438
341, 8.1438
342, 8.1707
343, 8.2154
344, 8.2421
345, 8.4486
346, 8.5291
347, 8.6993
348, 8.5471
349, 8.9593
350, 9.0572
351, 9.1646
352, 9.1387
353, 9.0125
354, 8.8783
355, 8.9854
356, 9.0305
357, 8.9854
358, 9.1115
359, 9.0572
360, 9.0572
361, 8.9593
362, 9.1115
363, 9.1646
364, 9.0125
365, 8.8514
366, 8.9321
367, 8.9052
368, 8.8514
369, 8.7441
370, 8.7708
371, 8.8514
372, 8.9232
373, 8.8964
374, 8.8964
375, 8.9232
376, 8.8964
377, 8.9497
378, 8.8964
379, 8.7978
380, 8.7978
381, 8.7441
382, 8.6722
383, 8.7978
384, 8.8247
385, 9.103
386, 9.0305
387, 9.0035
388, 8.7441
389, 8.5917
390, 8.6455
391, 8.8964
392, 8.977
393, 9.0572
394, 9.2103
395, 9.2103
396, 9.1301
397, 9.0572
398, 9.0572
399, 9.0035
400, 9.0035
401, 8.9497
402, 8.8247
403, 9.857
404, 10.268
405, 10.295
406, 10.184
407, 10.184
408, 10.133
409, 10.16
410, 10.239
411, 10.367
412, 10.392
413, 10.418
414, 10.545
415, 10.751
416, 10.858
417, 10.696
418, 10.751
419, 10.545
420, 10.392
421, 10.268
422, 10.295
423, 10.239
424, 9.694
425, 9.541
426, 9.622
427, 9.981
428, 10.295
429, 10.211
430, 10.239
431, 10.211
432, 10.025
433, 9.847
434, 9.916
435, 10.105
436, 10.286
437, 10.392
438, 10.392
439, 10.23
440, 10.286
441, 10.392
442, 10.464
443, 10.805
444, 10.93
445, 11.064
446, 11.064
447, 11.163
448, 11.012
449, 11.089
450, 11.145
451, 11.145
452, 11.245
453, 11.352
454, 11.403
455, 11.217
456, 11.352
457, 11.556
458, 12.023
459, 12.103
460, 11.71
461, 11.638
462, 11.71
463, 11.817
464, 11.996
465, 11.869
466, 11.817
467, 11.682
468, 11.738
469, 11.844
470, 11.844
471, 11.869
472, 12.049
473, 12.363
474, 12.336
475, 12.336
476, 12.418
477, 12.517
478, 12.489
479, 12.444
480, 12.363
481, 12.336
482, 12.39
483, 12.281
484, 12.076
485, 12.185
486, 12.185
487, 12.231
488, 12.131
489, 12.103
490, 12.159
491, 12.255
492, 12.159
493, 12.103
494, 12.04
495, 12.067
496, 12.04
497, 11.888
498, 12.067
499, 12.04
500, 12.067
501, 12.067
502, 12.177
503, 12.093
504, 11.944
505, 11.673
506, 11.673
507, 11.647
508, 11.574
509, 11.547
510, 11.647
511, 11.547
512, 11.547
513, 11.525
514, 11.441
515, 11.208
516, 11.18
517, 11.547
518, 11.861
519, 11.835
520, 12.203
521, 12.489
522, 12.436
523, 11.987
524, 11.987
525, 12.3
526, 12.463
527, 12.542
528, 12.355
529, 12.122
530, 12.3
531, 12.624
532, 12.463
533, 12.542
534, 12.463
535, 12.624
536, 12.624
537, 12.542
538, 12.596
539, 12.831
540, 13.061
541, 12.909
542, 12.804
543, 12.831
544, 12.856
545, 13.09
546, 13.196
547, 13.09
548, 13.196
549, 13.143
550, 13.009
551, 12.721
552, 12.669
553, 12.408
554, 12.489
555, 12.569
556, 12.596
557, 12.64
558, 12.669
559, 12.615
560, 12.669
561, 12.669
562, 12.795
563, 12.695
564, 12.56
565, 12.507
566, 12.56
567, 12.453
568, 12.507
569, 12.48
570, 12.427
571, 12.427
572, 12.453
573, 12.507
574, 12.748
575, 12.953
576, 12.874
577, 12.874
578, 12.874
579, 12.822
580, 12.901
581, 13.036
582, 13.036
583, 12.847
584, 12.453
585, 12.453
586, 12.221
587, 12.221
588, 12.057
589, 12.195
590, 12.112
591, 12.005
592, 12.085
593, 12.167
594, 12.669
595, 12.534
596, 12.56
597, 12.4
598, 12.247
599, 12.221
600, 12.221
601, 12.371
602, 12.534
603, 12.847
604, 12.874
605, 12.901
606, 12.926
607, 12.776
608, 12.427
609, 12.64
610, 12.453
611, 12.247
612, 11.869
613, 12.057
614, 12.272
615, 12.272
616, 12.031
617, 12.247
618, 12.14
619, 12.272
620, 12.195
621, 11.799
622, 11.844
623, 12.212
624, 12.212
625, 12.319
626, 12.103
627, 11.978
628, 12.159
629, 12.346
630, 12.185
631, 12.131
632, 12.159
633, 12.346
634, 12.4
635, 12.507
636, 12.56
637, 12.721
638, 12.776
639, 12.669
640, 12.64
641, 12.776
642, 12.64
643, 12.64
644, 12.695
645, 12.776
646, 12.804
647, 12.831
648, 12.936
649, 12.721
650, 13.036
651, 12.963
652, 12.804
653, 12.804
654, 12.64
655, 12.748
656, 12.615
657, 12.695
658, 12.721
659, 12.804
660, 12.963
661, 12.883
662, 12.883
663, 12.981
664, 12.963
665, 12.936
666, 12.909
667, 13.009
668, 13.09
669, 12.981
670, 12.963
671, 13.009
672, 13.143
673, 13.196
674, 13.222
675, 13.303
676, 13.278
677, 13.519
678, 13.492
679, 13.6
680, 13.709
681, 13.572
682, 13.492
683, 13.788
684, 13.761
685, 13.788
686, 13.734
687, 13.788
688, 13.788
689, 13.734
690, 13.896
691, 13.761
692, 13.978
693, 13.813
694, 13.788
695, 13.813
696, 13.655
697, 13.572
698, 13.466
699, 13.519
700, 13.519
701, 13.734
702, 13.788
703, 13.303
704, 13.788
705, 13.466
706, 13.196
707, 13.036
708, 13.414
709, 13.249
710, 13.519
711, 13.896
712, 13.949
713, 14.004
714, 13.249
715, 12.926
716, 12.874
717, 12.822
718, 12.822
719, 12.926
720, 12.874
721, 13.036
722, 12.822
723, 13.519
724, 13.682
725, 13.949
726, 13.949
727, 13.734
728, 13.358
729, 13.572
730, 13.414
731, 13.519
732, 13.036
733, 12.713
734, 12.926
735, 13.303
736, 13.519
737, 13.303
738, 13.682
739, 13.572
740, 13.788
741, 13.682
742, 13.682
743, 14.004
744, 14.111
745, 14.163
746, 14.111
747, 14.163
748, 14.326
749, 14.381
750, 14.004
751, 13.896
752, 13.788
753, 13.572
754, 13.949
755, 14.055
756, 14.004
757, 14.163
758, 14.163
759, 14.381
760, 14.217
761, 14.004
762, 14.111
763, 14.271
764, 14.111
765, 13.949
766, 13.896
767, 13.949
768, 13.896
769, 14.004
770, 14.381
771, 14.862
772, 15.087
773, 14.926
774, 14.755
775, 14.381
776, 13.841
777, 13.295
778, 13.414
779, 13.08
780, 12.649
781, 12.971
782, 13.295
783, 13.24
784, 13.08
785, 13.027
786, 13.08
787, 13.08
788, 12.917
789, 12.917
790, 12.703
791, 13.08
792, 12.917
793, 12.757
794, 12.489
795, 12.328
796, 12.221
797, 12.381
798, 12.381
799, 12.167
800, 12.381
801, 12.272
802, 12.436
803, 12.328
804, 12.112
805, 12.167
806, 12.112
807, 12.057
808, 12.167
809, 12.272
810, 12.005
811, 12.221
812, 12.221
813, 12.39
814, 12.444
815, 12.498
816, 12.328
817, 12.39
818, 12.328
819, 12.552
820, 12.552
821, 12.498
822, 12.659
823, 12.822
824, 13.259
825, 13.044
826, 12.926
827, 12.874
828, 12.713
829, 12.713
830, 12.713
831, 13.044
832, 13.528
833, 13.528
834, 13.474
835, 13.206
836, 13.259
837, 13.206
838, 13.044
839, 12.99
840, 13.313
841, 13.313
842, 13.259
843, 13.422
844, 13.1
845, 13.206
846, 13.1
847, 13.044
848, 13.044
849, 12.926
850, 12.766
851, 13.044
852, 13.259
853, 13.044
854, 12.926
855, 12.926
856, 12.874
857, 12.926
858, 12.99
859, 12.99
860, 12.713
861, 12.659
862, 12.659
863, 12.659
864, 12.713
865, 12.659
866, 12.766
867, 12.606
868, 12.606
869, 12.659
870, 12.713
871, 12.606
872, 12.552
873, 12.713
874, 12.659
875, 12.346
876, 12.838
877, 13.118
878, 12.669
879, 12.615
880, 12.73
881, 12.346
882, 12.122
883, 11.898
884, 12.067
885, 12.281
886, 12.122
887, 11.961
888, 12.122
889, 11.898
890, 11.961
891, 12.231
892, 12.122
893, 11.961
894, 11.898
895, 12.067
896, 12.231
897, 12.4
898, 12.507
899, 12.56
900, 12.453
901, 12.346
902, 11.898
903, 11.789
904, 11.844
905, 11.844
906, 11.789
907, 11.898
908, 11.789
909, 11.789
910, 11.629
911, 11.629
912, 11.682
913, 11.629
914, 11.299
915, 11.127
916, 11.299
917, 11.245
918, 11.245
919, 11.245
920, 11.459
921, 11.515
922, 11.515
923, 11.629
924, 11.682
925, 12.067
926, 12.067
927, 11.898
928, 11.961
929, 11.682
930, 11.844
931, 11.961
932, 11.961
933, 12.281
934, 12.615
935, 12.507
936, 12.453
937, 12.281
938, 12.346
939, 12.247
940, 12.185
941, 12.131
942, 12.076
943, 12.185
944, 11.969
945, 12.023
946, 12.023
947, 11.799
948, 11.692
949, 11.907
950, 11.799
951, 12.023
952, 11.907
953, 11.692
954, 11.853
955, 11.574
956, 11.969
957, 11.799
958, 11.692
959, 11.969
960, 11.853
961, 11.907
962, 11.853
963, 11.746
964, 11.969
965, 12.131
966, 12.076
967, 12.185
968, 12.023
969, 11.746
970, 11.799
971, 11.799
972, 12.131
973, 12.247
974, 12.355
975, 12.525
976, 12.577
977, 12.525
978, 12.463
979, 12.023
980, 11.907
981, 11.907
982, 12.131
983, 11.907
984, 11.907
985, 11.907
986, 12.023
987, 11.853
988, 11.692
989, 11.746
990, 12.076
991, 12.247
992, 12.131
993, 12.076
994, 12.076
995, 11.799
996, 11.969
997, 11.746
998, 11.746
999, 11.853
1000, 11.692
1001, 11.755
1002, 11.817
1003, 11.978
1004, 12.093
1005, 12.093
1006, 12.093
1007, 12.149
1008, 12.262
1009, 12.093
1010, 12.04
1011, 12.212
1012, 12.212
1013, 12.436
1014, 12.149
1015, 12.212
1016, 11.755
1017, 11.422
1018, 11.422
1019, 11.647
1020, 11.817
1021, 11.978
1022, 11.869
1023, 12.436
1024, 12.149
1025, 12.319
1026, 12.436
1027, 12.436
1028, 12.371
1029, 12.371
1030, 12.371
1031, 12.596
1032, 12.542
1033, 12.713
1034, 12.659
1035, 12.542
1036, 12.542
1037, 12.436
1038, 12.436
1039, 12.542
1040, 12.659
1041, 12.659
1042, 12.319
1043, 12.436
1044, 12.596
1045, 12.713
1046, 12.831
1047, 12.883
1048, 13.108
1049, 13.448
1050, 13.448
1051, 13.5
1052, 13.448
1053, 13.609
1054, 13.609
1055, 13.673
1056, 13.5
1057, 13.5
1058, 13.673
1059, 13.841
1060, 13.841
1061, 13.841
1062, 13.841
1063, 13.725
1064, 13.869
1065, 13.869
1066, 13.869
1067, 13.699
1068, 13.761
1069, 13.869
1070, 13.813
1071, 13.474
1072, 13.358
1073, 13.358
1074, 13.358
1075, 12.847
1076, 13.071
1077, 12.963
1078, 12.901
1079, 12.847
1080, 12.963
1081, 12.963
1082, 13.133
1083, 13.019
1084, 12.963
1085, 12.847
1086, 12.847
1087, 12.963
1088, 13.189
1089, 13.474
1090, 13.474
1091, 13.474
1092, 13.189
1093, 13.133
1094, 13.189
1095, 13.24
1096, 13.303
1097, 13.24
1098, 13.422
1099, 13.528
1100, 13.813
1101, 13.59
1102, 13.645
1103, 13.645
1104, 13.645
1105, 13.813
1106, 13.932
1107, 14.038
1108, 13.869
1109, 13.869
1110, 13.869
1111, 14.209
1112, 13.987
1113, 13.645
1114, 13.932
1115, 13.761
1116, 13.869
1117, 13.987
1118, 13.932
1119, 14.038
1120, 14.156
1121, 13.987
1122, 13.813
1123, 13.813
1124, 13.645
1125, 13.813
1126, 13.813
1127, 13.813
1128, 13.618
1129, 13.618
1130, 13.618
1131, 13.618
1132, 13.734
1133, 13.618
1134, 13.5
1135, 13.161
1136, 12.874
1137, 12.981
1138, 12.874
1139, 12.926
1140, 12.814
1141, 12.926
1142, 12.926
1143, 12.757
1144, 12.577
1145, 12.185
1146, 12.291
1147, 12.185
1148, 12.472
1149, 12.525
1150, 12.64
1151, 12.408
1152, 12.498
1153, 12.757
1154, 12.525
1155, 12.577
1156, 12.64
1157, 12.695
1158, 12.525
1159, 12.472
1160, 12.408
1161, 12.472
1162, 12.64
1163, 12.926
1164, 12.695
1165, 12.695
1166, 12.757
1167, 12.695
1168, 12.525
1169, 12.355
1170, 12.355
1171, 12.355
1172, 12.291
1173, 12.408
1174, 12.408
1175, 12.472
1176, 12.355
1177, 12.24
1178, 12.005
1179, 11.663
1180, 11.719
1181, 12.005
1182, 12.067
1183, 12.24
1184, 12.24
1185, 12.122
1186, 12.067
1187, 12.005
1188, 12.122
1189, 12.185
1190, 12.005
1191, 11.781
1192, 11.755
1193, 11.692
1194, 12.04
1195, 12.04
1196, 11.755
1197, 11.692
1198, 11.574
1199, 11.638
1200, 11.403
1201, 11.342
1202, 11.459
1203, 11.574
1204, 11.342
1205, 11.459
1206, 11.342
1207, 11.574
1208, 11.459
1209, 11.342
1210, 11.227
1211, 11.342
1212, 11.574
1213, 11.574
1214, 11.638
1215, 11.525
1216, 11.807
1217, 11.525
1218, 11.574
1219, 11.574
1220, 11.638
1221, 11.638
1222, 11.638
1223, 11.807
1224, 11.638
1225, 11.692
1226, 11.525
1227, 11.692
1228, 11.869
1229, 12.221
1230, 12.336
1231, 12.687
1232, 12.39
1233, 12.569
1234, 12.569
1235, 12.687
1236, 12.739
1237, 12.856
1238, 12.804
1239, 12.687
1240, 12.804
1241, 12.507
1242, 12.624
1243, 12.856
1244, 12.856
1245, 12.856
1246, 13.152
1247, 12.971
1248, 12.804
1249, 12.917
1250, 12.804
1251, 12.739
1252, 12.856
1253, 12.945
1254, 13.009
1255, 13.009
1256, 13.071
1257, 12.892
1258, 13.009
1259, 13.125
1260, 12.945
1261, 12.776
1262, 12.892
1263, 12.713
1264, 12.945
1265, 12.945
1266, 12.892
1267, 12.892
1268, 13.071
1269, 12.945
1270, 13.009
1271, 13.125
1272, 13.358
1273, 13.537
1274, 13.537
1275, 13.6
1276, 13.484
1277, 13.422
1278, 13.537
1279, 13.537
1280, 13.537
1281, 13.655
1282, 13.537
1283, 13.655
1284, 13.537
1285, 13.655
1286, 13.484
1287, 13.358
1288, 13.537
1289, 13.24
1290, 13.358
1291, 13.358
1292, 13.422
1293, 13.6
1294, 13.537
1295, 13.717
1296, 13.655
1297, 13.655
1298, 13.717
1299, 13.771
1300, 13.896
1301, 14.065
1302, 13.896
1303, 14.065
1304, 14.065
1305, 14.129
1306, 14.308
1307, 14.478
1308, 14.541
1309, 14.541
1310, 14.89
1311, 14.837
1312, 14.952
1313, 15.069
1314, 15.365
1315, 15.365
1316, 15.303
1317, 15.247
1318, 15.365
1319, 15.473
1320, 15.409
1321, 15.473
1322, 15.473
1323, 15.409
1324, 15.409
1325, 15.293
1326, 15.409
1327, 15.115
1328, 15.115
1329, 15.051
1330, 15.177
1331, 15.177
1332, 15.293
1333, 15.357
1334, 15.357
1335, 15.357
1336, 15.409
1337, 15.293
1338, 15.409
1339, 15.885
1340, 16.42
1341, 16.179
1342, 15.705
1343, 15.947
1344, 15.652
1345, 15.705
1346, 15.652
1347, 15.705
1348, 16.54
1349, 16.486
1350, 16.54
1351, 16.54
1352, 16.664
1353, 16.486
1354, 16.599
1355, 16.486
1356, 16.486
1357, 16.486
1358, 16.54
1359, 16.54
1360, 16.54
1361, 16.42
1362, 16.486
1363, 16.54
1364, 16.54
1365, 16.54
1366, 16.486
1367, 16.599
1368, 16.599
1369, 16.54
1370, 16.719
1371, 16.78
1372, 17.138
1373, 16.96
1374, 17.138
1375, 16.96
1376, 17.138
1377, 17.318
1378, 17.497
1379, 17.318
1380, 17.254
1381, 17.193
1382, 17.193
1383, 17.362
1384, 17.362
1385, 17.3
1386, 17.121
1387, 17.067
1388, 17.067
1389, 16.823
1390, 16.889
1391, 16.763
1392, 16.889
1393, 17.004
1394, 17.004
1395, 17.489
1396, 17.246
1397, 17.246
1398, 17.489
1399, 17.362
1400, 17.426
1401, 17.489
1402, 17.246
1403, 17.603
1404, 17.426
1405, 17.489
1406, 17.603
1407, 17.669
1408, 18.026
1409, 17.91
1410, 17.91
1411, 17.91
1412, 17.721
1413, 17.067
1414, 17.067
1415, 17.067
1416, 16.701
1417, 16.162
1418, 16.225
1419, 16.645
1420, 16.582
1421, 16.701
1422, 16.522
1423, 16.823
1424, 16.889
1425, 16.889
1426, 16.823
1427, 16.823
1428, 16.645
1429, 16.823
1430, 17.184
1431, 17.004
1432, 17.184
1433, 17.121
1434, 17.067
1435, 17.121
1436, 16.942
1437, 18.026
1438, 17.96
1439, 18.026
1440, 18.09
1441, 18.268
1442, 18.384
1443, 17.848
1444, 17.783
1445, 17.848
1446, 17.669
1447, 17.84
1448, 17.532
1449, 17.29
1450, 17.166
1451, 17.65
1452, 17.344
1453, 17.408
1454, 17.29
1455, 17.471
1456, 18.194
1457, 18.929
1458, 19.414
1459, 19.227
1460, 19.414
1461, 18.869
1462, 18.439
1463, 18.439
1464, 18.143
1465, 17.595
1466, 18.626
1467, 19.172
1468, 18.985
1469, 19.172
1470, 19.227
1471, 19.351
1472, 19.414
1473, 19.289
1474, 19.227
1475, 19.289
1476, 19.172
1477, 19.414
1478, 19.529
1479, 19.351
1480, 19.289
1481, 19.414
1482, 19.414
1483, 19.351
1484, 19.469
1485, 19.896
1486, 19.717
1487, 19.896
1488, 19.96
1489, 19.838
1490, 19.595
1491, 19.595
1492, 19.414
1493, 19.047
1494, 19.289
1495, 19.351
1496, 19.469
1497, 18.985
1498, 19.108
1499, 18.869
1500, 18.869
1501, 18.929
1502, 19.289
1503, 19.227
1504, 19.227
1505, 19.227
1506, 18.143
1507, 18.384
1508, 18.439
1509, 18.607
1510, 18.672
1511, 18.672
1512, 18.922
1513, 19.405
1514, 19.838
1515, 19.771
1516, 20.139
1517, 20.391
1518, 20.204
1519, 20.086
1520, 20.139
1521, 20.455
1522, 20.758
1523, 20.633
1524, 20.505
1525, 20.505
1526, 20.267
1527, 20.326
1528, 20.326
1529, 20.204
1530, 20.024
1531, 20.455
1532, 20.391
1533, 20.821
1534, 20.821
1535, 21.124
1536, 21.189
1537, 21.432
1538, 21.303
1539, 21.124
1540, 21.245
1541, 21.245
1542, 21.303
1543, 21.124
1544, 20.633
1545, 20.694
1546, 20.633
1547, 20.57
1548, 20.57
1549, 20.505
1550, 20.633
1551, 20.821
1552, 21.0
1553, 20.821
1554, 21.0
1555, 21.367
1556, 21.367
1557, 21.432
1558, 21.735
1559, 21.61
1560, 21.671
1561, 21.245
1562, 21.432
1563, 21.492
1564, 21.432
1565, 21.303
1566, 21.735
1567, 21.978
1568, 21.858
1569, 21.735
1570, 21.432
1571, 21.61
1572, 21.312
1573, 21.377
1574, 21.189
1575, 21.0
1576, 21.063
1577, 21.252
1578, 21.124
1579, 21.252
1580, 21.189
1581, 21.312
1582, 21.312
1583, 21.492
1584, 22.047
1585, 22.426
1586, 22.175
1587, 22.486
1588, 21.867
1589, 21.063
1590, 21.377
1591, 21.432
1592, 21.252
1593, 21.124
1594, 20.57
1595, 20.57
1596, 20.694
1597, 20.694
1598, 21.0
1599, 20.633
1600, 20.694
1601, 20.821
1602, 21.189
1603, 21.492
1604, 21.377
1605, 21.619
1606, 21.679
1607, 21.996
1608, 22.426
1609, 22.615
1610, 22.855
1611, 22.979
1612, 22.855
1613, 23.169
1614, 23.535
1615, 23.22
1616, 23.659
1617, 24.028
1618, 24.708
1619, 24.395
1620, 24.645
1621, 24.645
1622, 24.458
1623, 24.28
1624, 24.154
1625, 24.28
1626, 24.342
1627, 24.216
1628, 24.089
1629, 24.584
1630, 24.961
1631, 24.395
1632, 24.342
1633, 25.453
1634, 25.266
1635, 25.524
1636, 25.641
1637, 26.205
1638, 26.484
1639, 26.015
1640, 25.767
1641, 25.703
1642, 25.828
1643, 25.893
1644, 25.828
1645, 25.703
1646, 25.703
1647, 25.703
1648, 25.641
1649, 25.641
1650, 25.893
1651, 25.893
1652, 26.143
1653, 26.08
1654, 26.015
1655, 25.767
1656, 25.641
1657, 25.703
1658, 25.641
1659, 26.015
1660, 26.015
1661, 25.641
1662, 25.703
1663, 25.893
1664, 26.08
1665, 26.267
1666, 26.08
1667, 26.143
1668, 26.205
1669, 26.267
1670, 26.267
1671, 26.457
1672, 26.52
1673, 26.832
1674, 27.325
1675, 27.513
1676, 27.325
1677, 27.64
1678, 27.764
1679, 27.89
1680, 27.764
1681, 27.89
1682, 28.07
1683, 28.444
1684, 28.883
1685, 28.758
1686, 28.507
1687, 28.758
1688, 29.253
1689, 29.134
1690, 29.073
1691, 29.134
1692, 28.883
1693, 28.193
1694, 27.828
1695, 27.764
1696, 27.828
1697, 27.952
1698, 27.89
1699, 27.387
1700, 25.893
1701, 26.267
1702, 25.577
1703, 26.707
1704, 26.393
1705, 27.199
1706, 27.083
1707, 26.832
1708, 26.895
1709, 27.083
1710, 27.199
1711, 27.325
1712, 26.267
1713, 26.015
1714, 26.58
1715, 26.393
1716, 26.457
1717, 26.457
1718, 26.707
1719, 26.832
1720, 26.958
1721, 27.576
1722, 27.452
1723, 27.828
1724, 27.828
1725, 27.89
1726, 28.201
1727, 28.201
1728, 28.079
1729, 27.764
1730, 27.89
1731, 27.701
1732, 28.015
1733, 28.453
1734, 28.643
1735, 28.956
1736, 29.271
1737, 29.206
1738, 30.148
1739, 30.584
1740, 31.087
1741, 30.71
1742, 30.899
1743, 31.465
1744, 31.465
1745, 31.588
1746, 31.528
1747, 31.151
1748, 31.214
1749, 31.401
1750, 31.528
1751, 31.214
1752, 30.962
1753, 30.148
1754, 30.272
1755, 30.526
1756, 31.087
1757, 31.151
1758, 31.588
1759, 31.588
1760, 31.528
1761, 31.302
1762, 30.29
1763, 30.676
1764, 30.739
1765, 30.676
1766, 30.487
1767, 30.487
1768, 30.362
1769, 30.676
1770, 30.487
1771, 30.229
1772, 29.476
1773, 28.463
1774, 28.775
1775, 28.275
1776, 28.15
1777, 28.088
1778, 28.275
1779, 28.84
1780, 28.523
1781, 28.901
1782, 27.452
1783, 27.711
1784, 27.962
1785, 28.088
1786, 28.15
1787, 28.023
1788, 28.088
1789, 28.589
1790, 28.401
1791, 28.463
1792, 27.962
1793, 28.589
1794, 29.6
1795, 29.539
1796, 29.662
1797, 30.166
1798, 30.362
1799, 30.676
1800, 29.977
1801, 30.229
1802, 30.676
1803, 30.99
1804, 30.801
1805, 31.116
1806, 30.864
1807, 30.362
1808, 30.613
1809, 31.116
1810, 30.549
1811, 30.613
1812, 30.801
1813, 30.801
1814, 30.99
1815, 30.739
1816, 31.551
1817, 31.551
1818, 32.191
1819, 32.191
1820, 32.064
1821, 32.504
1822, 32.504
1823, 32.881
1824, 32.978
1825, 33.607
1826, 33.99
1827, 33.99
1828, 34.055
1829, 34.503
1830, 35.514
1831, 34.877
1832, 34.374
1833, 35.262
1834, 34.788
1835, 34.815
1836, 34.976
1837, 34.567
1838, 35.164
1839, 36.088
1840, 36.975
1841, 36.5
1842, 36.689
1843, 35.351
1844, 35.639
1845, 35.325
1846, 34.815
1847, 34.625
1848, 34.94
1849, 35.262
1850, 36.373
1851, 36.624
1852, 36.726
1853, 37.009
1854, 37.135
1855, 36.948
1856, 37.261
1857, 37.734
1858, 38.597
1859, 38.437
1860, 37.771
1861, 38.246
1862, 37.835
1863, 38.437
1864, 37.734
1865, 36.782
1866, 37.548
1867, 37.099
1868, 36.819
1869, 36.848
1870, 36.185
1871, 36.373
1872, 36.689
1873, 37.297
1874, 36.473
1875, 36.311
1876, 36.336
1877, 36.373
1878, 36.336
1879, 35.863
1880, 35.988
1881, 37.099
1882, 37.386
1883, 37.995
1884, 37.734
1885, 38.47
1886, 38.883
1887, 37.958
1888, 37.574
1889, 38.53
1890, 38.693
1891, 39.816
1892, 39.617
1893, 39.714
1894, 39.742
1895, 39.842
1896, 39.651
1897, 39.428
1898, 39.081
1899, 40.04
1900, 40.388
1901, 40.351
1902, 40.486
1903, 40.861
1904, 41.818
1905, 41.92
1906, 42.305
1907, 41.57
1908, 41.346
1909, 40.637
1910, 40.861
1911, 40.896
1912, 41.247
1913, 41.957
1914, 40.962
1915, 41.597
1916, 42.107
1917, 41.759
1918, 41.058
1919, 41.058
1920, 39.816
1921, 39.874
1922, 40.834
1923, 40.064
1924, 40.416
1925, 40.834
1926, 40.737
1927, 40.861
1928, 40.773
1929, 40.486
1930, 40.548
1931, 40.637
1932, 39.714
1933, 40.288
1934, 40.896
1935, 41.957
1936, 41.957
1937, 41.854
1938, 42.879
1939, 43.226
1940, 42.181
1941, 43.103
1942, 43.576
1943, 43.551
1944, 44.733
1945, 44.22
1946, 44.408
1947, 44.633
1948, 44.858
1949, 45.692
1950, 46.003
1951, 46.525
1952, 45.746
1953, 46.354
1954, 47.67
1955, 46.962
1956, 47.124
1957, 46.679
1958, 46.327
1959, 46.031
1960, 45.197
1961, 44.911
1962, 44.625
1963, 45.684
1964, 46.679
1965, 46.354
1966, 46.74
1967, 46.874
1968, 45.421
1969, 44.625
1970, 43.658
1971, 42.888
1972, 42.888
1973, 43.335
1974, 44.304
1975, 44.143
1976, 45.197
1977, 46.802
1978, 45.556
1979, 45.333
1980, 44.587
1981, 44.714
1982, 46.389
1983, 46.874
1984, 47.87
1985, 48.478
1986, 50.34
1987, 50.178
1988, 49.409
1989, 49.337
1990, 49.759
1991, 49.57
1992, 49.66
1993, 49.087
1994, 48.988
1995, 48.603
1996, 48.666
1997, 48.924
1998, 48.801
1999, 48.801
2000, 49.696
2001, 49.722
2002, 50.627
2003, 51.238
2004, 51.782
2005, 51.298
2006, 51.622
2007, 51.262
2008, 50.727
2009, 51.782
2010, 52.651
2011, 52.938
2012, 53.476
2013, 53.279
2014, 52.831
2015, 53.762
2016, 53.924
2017, 54.147
2018, 55.116
2019, 55.413
2020, 54.184
2021, 55.276
2022, 54.22
2023, 54.31
2024, 53.6
2025, 53.253
2026, 54.604
2027, 53.7
2028, 55.251
2029, 55.198
2030, 54.956
2031, 54.041
2032, 53.019
2033, 53.798
2034, 54.91
2035, 54.81
2036, 53.987
2037, 52.778
2038, 53.798
2039, 53.217
2040, 52.537
2041, 53.798
2042, 53.503
2043, 51.962
2044, 49.974
2045, 49.544
2046, 50.654
2047, 51.809
2048, 53.019
2049, 52.59
2050, 52.006
2051, 50.941
2052, 50.699
2053, 51.083
2054, 50.843
2055, 50.456
2056, 50.456
2057, 50.359
2058, 50.413
2059, 50.941
2060, 51.667
2061, 52.634
2062, 53.503
2063, 52.391
2064, 52.634
2065, 51.425
2066, 50.995
2067, 50.896
2068, 51.039
2069, 50.941
2070, 50.27
2071, 50.359
2072, 51.425
2073, 51.326
2074, 50.896
2075, 50.511
2076, 49.883
2077, 49.643
2078, 48.81
2079, 48.711
2080, 50.852
2081, 50.564
2082, 50.27
2083, 50.171
2084, 50.465
2085, 52.358
2086, 51.828
2087, 51.531
2088, 51.344
2089, 51.435
2090, 53.673
2091, 53.871
2092, 54.399
2093, 53.871
2094, 54.892
2095, 54.791
2096, 55.519
2097, 54.696
2098, 55.376
2099, 54.937
2100, 54.596
2101, 55.232
2102, 55.323
2103, 53.575
2104, 54.31
2105, 53.629
2106, 52.41
2107, 53.817
2108, 52.849
2109, 53.136
2110, 53.433
2111, 52.41
2112, 52.312
2113, 49.73
2114, 50.752
2115, 50.511
2116, 50.369
2117, 49.105
2118, 45.897
2119, 47.304
2120, 47.105
2121, 45.701
2122, 47.204
2123, 48.907
2124, 48.81
2125, 47.887
2126, 46.82
2127, 46.864
2128, 46.38
2129, 46.284
2130, 43.854
2131, 43.658
2132, 40.647
2133, 43.176
2134, 44.238
2135, 43.513
2136, 43.272
2137, 45.656
2138, 44.823
2139, 43.122
2140, 44.501
2141, 46.21
2142, 46.945
2143, 47.383
2144, 46.604
2145, 46.068
2146, 45.377
2147, 45.574
2148, 46.651
2149, 45.333
2150, 44.642
2151, 44.597
2152, 44.06
2153, 42.888
2154, 41.421
2155, 41.91
2156, 41.318
2157, 40.682
2158, 39.123
2159, 39.213
2160, 41.222
2161, 42.097
2162, 42.051
2163, 41.811
2164, 43.863
2165, 47.528
2166, 47.723
2167, 49.831
2168, 49.095
2169, 49.043
2170, 48.898
2171, 48.753
2172, 47.428
2173, 47.528
2174, 49.535
2175, 50.465
2176, 50.609
2177, 50.808
2178, 52.375
2179, 53.055
2180, 53.351
2181, 51.883
2182, 50.904
2183, 49.974
2184, 50.215
2185, 51.344
2186, 52.277
2187, 53.055
2188, 52.417
2189, 52.859
2190, 53.055
2191, 53.397
2192, 53.295
2193, 53.45
2194, 52.859
2195, 50.465
2196, 49.831
2197, 51.146
2198, 50.761
2199, 53.494
2200, 52.814
2201, 52.176
2202, 52.814
2203, 53.253
2204, 51.782
2205, 50.951
2206, 50.995
2207, 50.503
2208, 51.444
2209, 51.049
2210, 51.389
2211, 50.503
2212, 52.223
2213, 52.375
2214, 51.927
2215, 52.714
2216, 53.844
2217, 53.6
2218, 51.927
2219, 52.375
2220, 53.798
2221, 54.14
2222, 54.292
2223, 53.844
2224, 52.473
2225, 51.146
2226, 50.852
2227, 52.417
2228, 51.927
2229, 51.246
2230, 49.965
2231, 49.131
2232, 48.88
2233, 49.177
2234, 47.75
2235, 48.54
2236, 49.078
2237, 48.54
2238, 48.2
2239, 48.638
2240, 47.947
2241, 47.947
2242, 47.851
2243, 47.511
2244, 47.214
2245, 48.146
2246, 47.75
2247, 48.245
2248, 49.229
2249, 50.116
2250, 50.752
2251, 52.912
2252, 51.927
2253, 51.837
2254, 50.951
2255, 52.079
2256, 51.837
2257, 51.782
2258, 52.322
2259, 53.011
2260, 54.829
2261, 53.844
2262, 53.7
2263, 53.996
2264, 54.428
2265, 54.229
2266, 54.92
2267, 54.428
2268, 52.948
2269, 53.682
2270, 52.796
2271, 52.303
2272, 51.066
2273, 50.278
2274, 50.529
2275, 50.627
2276, 51.166
2277, 49.238
2278, 49.337
2279, 49.489
2280, 49.883
2281, 49.883
2282, 50.178
2283, 50.474
2284, 50.429
2285, 50.969
2286, 51.166
2287, 51.12
2288, 50.574
2289, 51.066
2290, 51.854
2291, 52.053
2292, 51.462
2293, 51.416
2294, 51.066
2295, 50.869
2296, 51.854
2297, 51.809
2298, 51.952
2299, 51.416
2300, 51.909
2301, 50.574
2302, 50.672
2303, 51.316
2304, 52.105
2305, 51.809
2306, 52.053
2307, 51.854
2308, 52.204
2309, 51.362
2310, 50.529
2311, 50.028
2312, 50.474
2313, 49.831
2314, 49.588
2315, 48.406
2316, 47.365
2317, 48.648
2318, 47.214
2319, 47.76
2320, 47.269
2321, 46.874
2322, 47.365
2323, 47.511
2324, 47.905
2325, 47.706
2326, 47.017
2327, 46.773
2328, 46.463
2329, 46.167
2330, 46.21
2331, 47.304
2332, 48.253
2333, 48.101
2334, 48.2
2335, 47.61
2336, 47.008
2337, 45.816
2338, 46.068
2339, 46.112
2340, 46.757
2341, 47.26
2342, 47.947
2343, 48.003
2344, 48.2
2345, 48.496
2346, 47.554
2347, 47.706
2348, 46.909
2349, 45.97
2350, 46.112
2351, 47.105
2352, 48.155
2353, 48.352
2354, 47.16
2355, 46.909
2356, 46.614
2357, 45.763
2358, 46.463
2359, 47.204
2360, 46.516
2361, 45.566
2362, 44.125
2363, 43.783
2364, 43.434
2365, 42.986
2366, 42.484
2367, 42.286
2368, 41.993
2369, 41.346
2370, 41.292
2371, 42.341
2372, 44.375
2373, 44.22
2374, 45.074
2375, 44.976
2376, 43.629
2377, 44.332
2378, 45.665
2379, 45.421
2380, 45.119
2381, 43.479
2382, 43.38
2383, 41.891
2384, 41.421
2385, 42.088
2386, 41.392
2387, 43.479
2388, 42.242
2389, 41.542
2390, 41.247
2391, 41.742
2392, 41.526
2393, 39.929
2394, 39.277
2395, 39.781
2396, 39.833
2397, 39.528
2398, 38.774
2399, 38.829
2400, 38.521
2401, 40.529
2402, 40.074
2403, 39.929
2404, 40.181
2405, 40.529
2406, 41.032
2407, 42.484
2408, 41.873
2409, 43.629
2410, 43.576
2411, 45.179
2412, 44.032
2413, 43.084
2414, 42.027
2415, 42.027
2416, 40.672
2417, 41.579
2418, 43.226
2419, 43.783
2420, 43.827
2421, 45.028
2422, 43.783
2423, 43.28
2424, 45.179
2425, 48.782
2426, 47.582
2427, 47.186
2428, 47.636
2429, 46.937
2430, 47.833
2431, 48.531
2432, 48.137
2433, 47.331
2434, 46.435
2435, 46.38
2436, 47.079
2437, 47.833
2438, 46.783
2439, 45.933
2440, 44.983
2441, 43.327
2442, 42.429
2443, 42.627
2444, 43.184
2445, 41.677
2446, 42.429
2447, 42.781
2448, 42.781
2449, 43.576
2450, 40.672
2451, 39.679
2452, 38.274
2453, 38.829
2454, 39.428
2455, 38.865
2456, 38.256
2457, 37.297
2458, 36.642
2459, 36.336
2460, 36.241
2461, 36.848
2462, 36.293
2463, 37.395
2464, 37.395
2465, 36.792
2466, 38.004
2467, 37.698
2468, 37.655
2469, 36.293
2470, 34.781
2471, 34.679
2472, 35.684
2473, 35.639
2474, 34.474
2475, 33.569
2476, 34.168
2477, 34.53
2478, 35.533
2479, 34.726
2480, 34.833
2481, 33.318
2482, 32.917
2483, 32.611
2484, 32.558
2485, 34.027
2486, 34.576
2487, 34.279
2488, 35.639
2489, 35.533
2490, 35.334
2491, 35.488
2492, 34.931
2493, 34.223
2494, 34.474
2495, 33.82
2496, 32.512
2497, 32.558
2498, 32.11
2499, 32.762
2500, 32.71
2501, 32.055
2502, 30.649
2503, 30.444
2504, 29.886
2505, 29.635
2506, 28.48
2507, 30.345
2508, 29.69
2509, 29.233
2510, 28.883
2511, 29.583
2512, 29.178
2513, 28.023
2514, 27.272
2515, 27.521
2516, 27.468
2517, 27.799
2518, 27.952
2519, 30.192
2520, 33.811
2521, 33.868
2522, 32.289
2523, 34.374
2524, 35.092
2525, 36.06
2526, 35.442
2527, 34.323
2528, 34.679
2529, 34.073
2530, 33.355
2531, 34.168
2532, 35.801
2533, 35.344
2534, 35.246
2535, 34.94
2536, 34.679
2537, 35.039
2538, 35.549
2539, 36.671
2540, 36.615
2541, 33.453
2542, 34.323
2543, 35.039
2544, 34.223
2545, 34.583
2546, 35.701
2547, 37.18
2548, 36.464
2549, 35.092
2550, 34.583
2551, 35.192
2552, 34.781
2553, 33.811
2554, 33.202
2555, 33.049
2556, 34.374
2557, 34.427
2558, 34.279
2559, 35.344
2560, 36.464
2561, 37.028
2562, 36.615
2563, 36.364
2564, 37.332
2565, 36.006
2566, 37.332
2567, 37.743
2568, 39.883
2569, 39.528
2570, 40.342
2571, 41.421
2572, 41.309
2573, 42.636
2574, 44.07
2575, 42.079
2576, 41.309
2577, 41.615
2578, 40.755
2579, 40.288
2580, 41.254
2581, 40.869
2582, 41.176
2583, 38.81
2584, 36.858
2585, 37.889
2586, 37.889
2587, 37.315
2588, 37.476
2589, 37.835
2590, 38.246
2591, 38.606
2592, 38.952
2593, 38.246
2594, 36.913
2595, 38.194
2596, 38.606
2597, 39.482
2598, 40.665
2599, 40.972
2600, 40.925
2601, 40.46
2602, 39.742
2603, 40.972
2604, 40.819
2605, 40.765
2606, 41.696
2607, 42.566
2608, 42.358
2609, 42.509
2610, 43.496
2611, 42.716
2612, 42.466
2613, 42.003
2614, 41.949
2615, 42.207
2616, 42.358
2617, 43.854
2618, 45.756
2619, 45.656
2620, 45.756
2621, 46.112
2622, 46.426
2623, 46.371
2624, 46.22
2625, 45.807
2626, 45.243
2627, 45.6
2628, 44.832
2629, 45.137
2630, 45.807
2631, 46.264
2632, 45.807
2633, 45.449
2634, 45.243
2635, 44.875
2636, 45.496
2637, 46.337
2638, 45.961
2639, 46.22
2640, 46.783
2641, 46.838
2642, 47.652
2643, 47.964
2644, 47.76
2645, 47.627
2646, 47.419
2647, 46.585
2648, 45.037
2649, 45.862
2650, 45.862
2651, 44.983
2652, 44.779
2653, 46.954
2654, 46.792
2655, 47.054
2656, 48.245
2657, 48.396
2658, 49.544
2659, 49.588
2660, 49.749
2661, 48.863
2662, 47.214
2663, 46.954
2664, 44.463
2665, 43.953
2666, 42.447
2667, 44.519
2668, 45.298
2669, 44.365
2670, 44.463
2671, 45.862
2672, 46.021
2673, 45.394
2674, 46.174
2675, 47.054
2676, 46.531
2677, 47.931
2678, 49.955
2679, 49.955
2680, 45.656
2681, 45.187
2682, 44.779
2683, 45.037
2684, 44.669
2685, 43.998
2686, 44.16
2687, 43.639
2688, 42.654
2689, 42.557
2690, 41.776
2691, 41.929
2692, 40.637
2693, 40.172
2694, 41.051
2695, 39.704
2696, 39.6
2697, 40.013
2698, 41.254
2699, 42.602
2700, 43.122
2701, 41.983
2702, 41.051
2703, 42.341
2704, 43.487
2705, 44.669
2706, 45.6
2707, 46.489
2708, 45.71
2709, 44.841
2710, 44.169
2711, 43.8
2712, 45.778
2713, 45.574
2714, 45.055
2715, 47.61
2716, 48.702
2717, 49.124
2718, 49.849
2719, 50.01
2720, 49.535
2721, 49.015
2722, 50.681
2723, 52.043
2724, 50.734
2725, 50.27
2726, 49.588
2727, 49.795
2728, 49.535
2729, 47.974
2730, 48.648
2731, 48.129
2732, 47.296
2733, 46.721
2734, 47.815
2735, 48.648
2736, 49.643
2737, 49.955
2738, 50.896
2739, 50.646
2740, 50.888
2741, 50.305
2742, 49.561
2743, 49.92
2744, 50.261
2745, 49.472
2746, 49.14
2747, 48.584
2748, 49.858
2749, 50.896
2750, 50.761
2751, 51.515
2752, 51.435
2753, 53.442
2754, 52.642
2755, 52.582
2756, 52.518
2757, 52.464
2758, 53.682
2759, 53.827
2760, 53.099
2761, 53.538
2762, 53.629
2763, 53.225
2764, 53.002
2765, 53.397
2766, 54.184
2767, 52.938
2768, 50.359
2769, 51.935
2770, 50.242
2771, 51.687
2772, 51.056
2773, 51.478
2774, 49.633
2775, 47.733
2776, 46.48
2777, 48.406
2778, 49.409
2779, 50.564
2780, 50.969
2781, 50.42
2782, 51.687
2783, 51.687
2784, 50.699
2785, 49.203
2786, 50.42
2787, 49.795
2788, 50.045
2789, 50.808
2790, 50.34
2791, 50.465
2792, 50.34
2793, 45.97
2794, 45.862
2795, 43.704
2796, 43.901
2797, 43.704
2798, 43.739
2799, 43.835
2800, 43.28
2801, 44.633
2802, 43.217
2803, 44.107
2804, 43.353
2805, 43.158
2806, 44.295
2807, 44.625
2808, 45.128
2809, 45.102
2810, 44.983
2811, 44.993
2812, 45.547
2813, 45.384
2814, 47.214
2815, 47.269
2816, 47.087
2817, 47.097
2818, 48.03
2819, 47.554
2820, 47.698
2821, 47.204
2822, 47.079
2823, 47.07
2824, 47.824
2825, 47.563
2826, 47.833
2827, 48.978
2828, 48.658
2829, 48.297
2830, 47.824
2831, 47.652
2832, 47.947
2833, 47.698
2834, 47.349
2835, 46.792
2836, 46.883
2837, 47.223
2838, 47.698
2839, 49.078
2840, 48.702
2841, 48.594
2842, 48.119
2843, 48.942
2844, 49.059
2845, 48.782
2846, 48.871
2847, 48.719
2848, 48.531
2849, 47.492
2850, 47.304
2851, 46.567
2852, 46.595
2853, 48.306
2854, 48.702
2855, 47.87
2856, 50.609
2857, 51.453
2858, 51.837
2859, 50.816
2860, 50.493
2861, 49.875
2862, 50.709
2863, 50.932
2864, 51.453
2865, 51.031
2866, 52.159
2867, 52.223
2868, 52.417
2869, 52.034
2870, 52.141
2871, 52.849
2872, 52.868
2873, 52.878
2874, 52.902
2875, 53.244
2876, 53.108
2877, 52.929
2878, 53.126
2879, 53.173
2880, 53.065
2881, 53.099
2882, 53.155
2883, 53.529
2884, 52.642
2885, 51.677
2886, 51.444
2887, 50.001
2888, 50.35
2889, 50.609
2890, 50.297
2891, 49.346
2892, 48.658
2893, 47.6
2894, 47.733
2895, 45.888
2896, 46.489
2897, 46.426
2898, 44.875
2899, 43.28
2900, 44.435
2901, 46.003
2902, 45.272
2903, 46.13
2904, 46.919
2905, 46.541
2906, 45.906
2907, 45.77
2908, 45.486
2909, 42.986
2910, 41.327
2911, 41.57
2912, 43.487
2913, 43.112
2914, 42.341
2915, 41.939
2916, 41.526
2917, 40.031
2918, 38.934
2919, 38.094
2920, 37.826
2921, 38.97
2922, 40.407
2923, 40.665
2924, 40.682
2925, 40.153
2926, 39.294
2927, 39.035
2928, 39.874
2929, 39.679
2930, 40.567
2931, 41.57
2932, 41.795
2933, 42.429
2934, 42.189
2935, 42.162
2936, 43.065
2937, 42.233
2938, 42.134
2939, 42.027
2940, 42.509
2941, 42.557
2942, 42.315
2943, 43.317
2944, 43.479
2945, 43.452
2946, 42.781
2947, 43.452
2948, 43.496
2949, 42.898
2950, 43.611
2951, 45.037
2952, 45.952
2953, 45.756
2954, 45.521
2955, 45.359
2956, 45.609
2957, 45.083
2958, 45.692
2959, 45.556
2960, 46.041
2961, 46.945
2962, 48.253
2963, 48.253
2964, 48.165
2965, 48.62
2966, 48.612
2967, 49.73
2968, 48.934
2969, 48.629
2970, 48.675
2971, 49.535
2972, 49.687
2973, 49.203
2974, 48.854
2975, 48.845
2976, 48.522
2977, 47.815
2978, 48.496
2979, 47.233
2980, 48.055
2981, 48.074
2982, 47.956
2983, 48.522
2984, 48.744
2985, 48.737
2986, 48.711
2987, 46.167
2988, 47.349
2989, 48.074
2990, 47.592
2991, 46.327
2992, 46.021
2993, 45.431
2994, 46.454
2995, 47.017
2996, 47.778
2997, 47.68
2998, 48.218
2999, 48.547
3000, 48.388
3001, 47.438
3002, 48.155
3003, 47.706
3004, 48.228
3005, 49.462
3006, 50.242
3007, 50.511
3008, 51.111
3009, 51.586
3010, 53.173
3011, 52.76
3012, 54.005
3013, 53.503
3014, 53.728
3015, 53.827
3016, 53.862
3017, 53.46
3018, 53.556
3019, 55.188
3020, 54.847
3021, 55.445
3022, 54.56
3023, 54.47
3024, 54.344
3025, 53.6
3026, 53.808
3027, 54.507
3028, 53.844
3029, 53.469
3030, 53.914
3031, 52.831
3032, 53.2
3033, 53.485
3034, 54.147
3035, 54.147
3036, 54.256
3037, 53.368
3038, 53.78
3039, 53.368
3040, 54.229
3041, 54.382
3042, 54.419
3043, 54.873
3044, 54.302
3045, 54.419
3046, 54.247
3047, 54.497
3048, 54.014
3049, 53.996
3050, 54.086
3051, 54.705
3052, 55.204
3053, 54.774
3054, 53.638
3055, 53.871
3056, 54.732
3057, 54.47
3058, 54.409
3059, 54.857
3060, 55.501
3061, 55.662
3062, 55.852
3063, 55.877
3064, 55.501
3065, 55.501
3066, 55.724
3067, 56.192
3068, 55.976
3069, 55.286
3070, 55.241
3071, 55.009
3072, 55.161
3073, 54.759
3074, 54.147
3075, 54.732
3076, 53.433
3077, 53.844
3078, 54.419
3079, 53.738
3080, 53.979
3081, 52.894
3082, 53.286
3083, 54.64
3084, 54.901
3085, 54.66
3086, 54.461
3087, 54.069
3088, 54.113
3089, 53.853
3090, 52.878
3091, 53.037
3092, 53.244
3093, 53.295
3094, 53.002
3095, 52.258
3096, 53.942
3097, 54.526
3098, 53.682
3099, 52.204
3100, 52.231
3101, 51.039
3102, 50.465
3103, 49.596
3104, 49.84
3105, 46.864
3106, 46.157
3107, 44.92
3108, 43.576
3109, 46.354
3110, 46.192
3111, 47.331
3112, 50.045
3113, 49.858
3114, 50.437
3115, 49.849
3116, 49.095
3117, 47.373
3118, 48.496
3119, 48.565
3120, 51.38
3121, 51.47
3122, 50.558
3123, 49.66
3124, 49.928
3125, 50.297
3126, 50.404
3127, 51.074
3128, 50.134
3129, 50.474
3130, 51.281
3131, 50.42
3132, 51.005
3133, 51.083
3134, 50.377
3135, 50.484
3136, 50.727
3137, 49.238
3138, 49.535
3139, 49.596
3140, 50.188
3141, 50.493
3142, 49.167
3143, 48.801
3144, 47.054
3145, 46.792
3146, 47.242
3147, 47.67
3148, 47.115
3149, 44.652
3150, 44.501
3151, 43.611
3152, 41.478
3153, 42.734
3154, 44.417
3155, 42.679
3156, 42.172
3157, 43.901
3158, 34.985
3159, 32.862
3160, 32.37
3161, 31.078
3162, 32.762
3163, 31.068
3164, 33.909
3165, 34.781
3166, 35.81
3167, 36.921
3168, 34.798
3169, 36.132
3170, 36.596
3171, 36.819
3172, 36.81
3173, 37.162
3174, 36.615
3175, 37.341
3176, 37.53
3177, 37.19
3178, 37.611
3179, 38.185
3180, 39.175
3181, 39.213
3182, 38.624
3183, 38.111
3184, 37.018
3185, 36.931
3186, 37.278
3187, 38.274
3188, 38.549
3189, 39.608
3190, 39.617
3191, 39.045
3192, 39.358
3193, 40.288
3194, 41.453
3195, 41.57
3196, 42.172
3197, 41.373
3198, 41.966
3199, 41.392
3200, 41.309
3201, 40.056
3202, 39.617
3203, 39.446
3204, 39.399
3205, 38.264
3206, 38.487
3207, 38.521
3208, 38.067
3209, 37.467
3210, 38.513
3211, 38.282
3212, 37.835
3213, 38.353
3214, 38.902
3215, 38.998
3216, 38.685
3217, 38.917
3218, 37.985
3219, 38.202
3220, 38.237
3221, 39.704
3222, 39.565
3223, 41.104
3224, 40.783
3225, 40.434
3226, 41.264
3227, 40.819
3228, 40.637
3229, 41.23
3230, 40.144
3231, 38.651
3232, 38.129
3233, 37.778
3234, 36.848
3235, 37.243
3236, 36.079
3237, 35.882
3238, 35.81
3239, 36.176
3240, 35.236
3241, 35.81
3242, 35.765
3243, 35.558
3244, 35.524
3245, 35.514
3246, 35.37
3247, 36.034
3248, 35.684
3249, 35.29
3250, 35.361
3251, 36.043
3252, 36.464
3253, 36.355
3254, 36.015
3255, 36.383
3256, 35.676
3257, 35.667
3258, 35.316
3259, 35.648
3260, 36.241
3261, 36.185
3262, 35.592
3263, 35.81
3264, 35.469
3265, 35.433
3266, 34.214
3267, 33.926
3268, 33.748
3269, 34.314
3270, 33.694
3271, 34.707
3272, 34.126
3273, 33.999
3274, 34.735
3275, 35.835
3276, 34.807
3277, 34.985
3278, 34.762
3279, 34.418
3280, 34.269
3281, 33.936
3282, 34.53
3283, 35.109
3284, 34.807
3285, 35.083
3286, 34.807
3287, 34.753
3288, 33.917
3289, 34.762
3290, 35.297
3291, 36.222
3292, 37.171
3293, 35.889
3294, 36.123
3295, 36.158
3296, 37.603
3297, 37.807
3298, 37.431
3299, 37.243
3300, 37.985
3301, 38.616
3302, 38.979
3303, 39.287
3304, 39.59
3305, 39.358
3306, 39.6
3307, 39.537
3308, 38.989
3309, 39.223
3310, 40.127
3311, 40.709
3312, 40.584
3313, 40.273
3314, 40.2
3315, 39.194
3316, 39.09
3317, 39.242
3318, 39.669
3319, 40.109
3320, 40.737
3321, 41.085
3322, 40.637
3323, 41.453
3324, 42.207
3325, 43.363
3326, 45.01
3327, 46.21
3328, 46.408
3329, 44.733
3330, 44.966
3331, 44.357
3332, 43.936
3333, 42.992
3334, 43.748
3335, 43.065
3336, 42.752
3337, 42.42
3338, 42.144
3339, 41.421
3340, 41.811
3341, 42.305
3342, 42.376
3343, 42.107
3344, 41.659
3345, 42.296
3346, 42.644
3347, 42.249
3348, 42.752
3349, 43.065
3350, 43.002
3351, 42.697
3352, 42.67
3353, 43.989
3354, 43.2
3355, 41.57
3356, 40.916
3357, 40.925
3358, 40.746
3359, 41.254
3360, 41.836
3361, 41.864
3362, 43.019
3363, 42.869
3364, 43.037
3365, 42.986
3366, 43.434
3367, 42.969
3368, 43.112
3369, 42.107
3370, 41.975
3371, 41.983
3372, 42.107
3373, 41.983
3374, 42.277
3375, 41.883
3376, 41.901
3377, 42.07
3378, 42.376
3379, 42.781
3380, 43.14
3381, 43.308
3382, 42.832
3383, 42.977
3384, 43.01
3385, 43.298
3386, 43.757
3387, 44.202
3388, 44.304
3389, 43.8
3390, 43.711
3391, 43.603
3392, 43.792
3393, 43.522
3394, 42.519
3395, 42.198
3396, 41.966
3397, 42.35
3398, 42.404
3399, 42.376
3400, 43.317
3401, 43.792
3402, 43.184
3403, 43.209
3404, 42.547
3405, 42.286
3406, 42.386
3407, 42.153
3408, 41.75
3409, 42.107
3410, 41.883
3411, 42.501
3412, 43.148
3413, 43.217
3414, 42.823
3415, 43.209
3416, 42.584
3417, 43.055
3418, 43.122
3419, 42.07
3420, 42.396
3421, 42.447
3422, 42.456
3423, 42.223
3424, 42.396
3425, 42.242
3426, 42.035
3427, 44.947
3428, 45.253
3429, 45.582
3430, 45.756
3431, 46.12
3432, 46.711
3433, 46.498
3434, 46.417
3435, 46.417
3436, 47.269
3437, 46.874
3438, 46.731
3439, 47.169
3440, 47.706
3441, 46.864
3442, 46.498
3443, 45.763
3444, 45.778
3445, 45.413
3446, 45.539
3447, 46.003
3448, 46.577
3449, 46.82
3450, 46.954
3451, 48.039
3452, 48.378
3453, 48.074
3454, 48.183
3455, 47.896
3456, 48.648
3457, 48.451
3458, 48.155
3459, 48.055
3460, 48.046
3461, 47.296
3462, 47.419
3463, 47.545
3464, 47.974
3465, 48.343
3466, 48.111
3467, 48.836
3468, 48.828
3469, 48.871
3470, 49.911
3471, 50.447
3472, 50.225
3473, 49.802
3474, 49.445
3475, 49.419
3476, 49.059
3477, 49.266
3478, 48.729
3479, 49.374
3480, 48.47
3481, 47.815
3482, 50.437
3483, 50.717
3484, 50.691
3485, 51.622
3486, 51.902
3487, 51.695
3488, 52.186
3489, 51.918
3490, 51.262
3491, 51.156
3492, 51.166
3493, 51.47
3494, 51.362
3495, 50.888
3496, 50.35
3497, 50.977
3498, 50.699
3499, 50.798
3500, 51.944
3501, 51.641
3502, 51.586
3503, 51.586
3504, 51.253
3505, 51.406
3506, 50.888
3507, 50.888
3508, 50.637
3509, 50.824
3510, 50.539
3511, 51.549
3512, 51.389
3513, 51.193
3514, 51.497
3515, 51.487
3516, 51.944
3517, 51.792
3518, 51.453
3519, 49.901
3520, 47.896
3521, 48.942
3522, 48.352
3523, 48.791
3524, 48.791
3525, 48.694
3526, 47.984
3527, 47.698
3528, 47.554
3529, 47.141
3530, 47.563
3531, 47.554
3532, 48.648
3533, 48.658
3534, 48.666
3535, 48.961
3536, 48.218
3537, 48.361
3538, 48.287
3539, 48.046
3540, 47.627
3541, 47.16
3542, 46.327
3543, 45.924
3544, 45.71
3545, 47.035
3546, 46.687
3547, 46.157
3548, 46.157
3549, 47.097
3550, 47.105
3551, 46.972
3552, 47.087
3553, 46.102
3554, 46.408
3555, 46.255
3556, 46.633
3557, 47.027
3558, 47.947
3559, 47.528
3560, 46.417
3561, 45.77
3562, 46.068
3563, 45.943
3564, 47.141
3565, 47.178
3566, 47.214
3567, 48.261
3568, 48.155
3569, 48.791
3570, 49.015
3571, 49.051
3572, 49.849
3573, 50.699
3574, 50.511
3575, 50.717
3576, 50.151
3577, 50.091
3578, 49.795
3579, 49.901
3580, 50.646
3581, 50.808
3582, 50.232
3583, 50.591
3584, 49.4
3585, 49.436
3586, 49.105
3587, 48.819
3588, 48.62
3589, 48.952
3590, 49.015
3591, 49.355
3592, 49.274
3593, 48.978
3594, 48.828
3595, 48.461
3596, 49.167
3597, 48.547
3598, 48.744
3599, 48.245
3600, 48.547
3601, 47.878
3602, 47.636
3603, 48.612
3604, 49.454
3605, 49.679
3606, 49.84
3607, 50.377
3608, 51.659
3609, 52.213
3610, 52.123
3611, 52.141
3612, 51.774
3613, 51.952
3614, 52.141
3615, 51.98
3616, 52.366
3617, 52.383
3618, 52.66
3619, 52.194
3620, 52.566
3621, 52.194
3622, 50.752
3623, 50.833
3624, 51.98
3625, 52.295
3626, 52.948
3627, 53.209
3628, 53.244
3629, 53.26
3630, 53.666
3631, 52.902
3632, 53.136
3633, 53.286
3634, 53.46
3635, 53.738
3636, 53.756
3637, 53.629
3638, 53.538
3639, 53.888
3640, 53.79
3641, 54.632
3642, 54.336
3643, 54.964
3644, 54.507
3645, 54.113
3646, 54.113
3647, 53.835
3648, 54.444
3649, 54.686
3650, 54.614
3651, 54.256
3652, 53.666
3653, 53.575
3654, 53.037
3655, 52.59
3656, 52.929
3657, 52.59
3658, 52.868
3659, 52.732
3660, 53.173
3661, 53.879
3662, 54.614
3663, 54.202
3664, 54.759
3665, 55.463
3666, 55.385
3667, 55.706
3668, 56.048
3669, 55.547
3670, 55.276
3671, 55.842
3672, 56.46
3673, 54.373
3674, 52.878
3675, 53.469
3676, 53.26
3677, 53.235
3678, 54.184
3679, 55.125
3680, 55.473
3681, 55.107
3682, 54.857
3683, 53.529
3684, 54.382
3685, 55.77
3686, 55.742
3687, 56.155
3688, 56.164
3689, 55.814
3690, 55.868
3691, 56.854
3692, 56.79
3693, 56.444
3694, 56.547
3695, 56.247
3696, 55.315
3697, 55.932
3698, 56.101
3699, 56.011
3700, 55.887
3701, 55.501
3702, 55.099
3703, 56.164
3704, 56.289
3705, 55.724
3706, 55.501
3707, 53.969
3708, 53.914
3709, 53.513
3710, 53.503
3711, 53.827
3712, 54.147
3713, 54.121
3714, 53.593
3715, 53.304
3716, 53.323
3717, 54.901
3718, 55.151
3719, 55.404
3720, 55.296
3721, 55.583
3722, 55.35
3723, 55.161
3724, 54.669
3725, 54.14
3726, 53.78
3727, 53.217
3728, 53.286
3729, 53.089
3730, 53.424
3731, 53.415
3732, 52.993
3733, 52.277
3734, 52.607
3735, 53.361
3736, 52.902
3737, 53.108
3738, 52.141
3739, 52.062
3740, 50.869
3741, 51.308
3742, 50.995
3743, 51.12
3744, 51.837
3745, 51.539
3746, 51.846
3747, 52.132
3748, 52.634
3749, 52.787
3750, 52.814
3751, 52.41
3752, 52.194
3753, 52.33
3754, 52.483
3755, 52.778
3756, 52.599
3757, 52.59
3758, 51.846
3759, 50.824
3760, 51.262
3761, 51.022
3762, 51.677
3763, 51.138
3764, 51.453
3765, 51.175
3766, 51.344
3767, 52.043
3768, 52.33
3769, 52.547
3770, 52.141
3771, 52.322
3772, 51.039
3773, 51.515
3774, 51.022
3775, 50.465
3776, 50.511
3777, 50.529
3778, 49.858
3779, 49.311
3780, 48.997
3781, 48.603
3782, 48.603
3783, 48.155
3784, 49.025
3785, 49.346
3786, 48.997
3787, 48.845
3788, 48.737
3789, 49.679
3790, 49.858
3791, 49.069
3792, 48.828
3793, 49.625
3794, 48.845
3795, 48.111
3796, 47.896
3797, 48.702
3798, 48.942
3799, 48.522
3800, 49.266
3801, 49.786
3802, 50.297
3803, 50.413
3804, 51.281
3805, 50.591
3806, 51.298
3807, 51.335
3808, 51.092
3809, 52.295
3810, 51.622
3811, 50.995
3812, 51.111
3813, 50.752
3814, 50.78
3815, 50.151
3816, 49.679
3817, 50.369
3818, 50.654
3819, 50.888
3820, 50.752
3821, 50.969
3822, 50.843
3823, 50.824
3824, 50.493
3825, 50.734
3826, 50.511
3827, 50.063
3828, 50.959
3829, 50.744
3830, 50.789
3831, 50.558
3832, 50.6
3833, 50.833
3834, 50.709
3835, 50.456
3836, 50.151
3837, 50.681
3838, 51.352
3839, 51.622
3840, 52.375
3841, 52.141
3842, 52.079
3843, 52.186
3844, 51.631
3845, 51.549
3846, 51.649
3847, 52.322
3848, 52.669
3849, 51.782
3850, 51.659
3851, 52.168
3852, 51.641
3853, 51.659
3854, 52.303
3855, 52.796
3856, 53.073
3857, 53.629
3858, 53.529
3859, 53.762
3860, 52.831
3861, 53.817
3862, 56.63
3863, 56.173
3864, 56.489
3865, 55.724
3866, 56.137
3867, 55.742
3868, 55.644
3869, 54.74
3870, 54.327
3871, 54.336
3872, 54.892
3873, 54.096
3874, 53.351
3875, 53.397
3876, 53.503
3877, 53.397
3878, 53.844
3879, 53.969
3880, 54.604
3881, 54.274
3882, 54.488
3883, 54.451
3884, 54.526
3885, 54.56
3886, 54.103
3887, 54.032
3888, 54.103
3889, 53.286
3890, 53.424
3891, 53.638
3892, 54.193
3893, 54.715
3894, 54.65
3895, 55.179
3896, 55.35
3897, 54.65
3898, 55.08
3899, 55.394
3900, 54.256
3901, 54.56
3902, 53.719
3903, 54.783
3904, 54.382
3905, 53.756
3906, 53.037
3907, 53.019
3908, 53.225
3909, 52.957
3910, 52.831
3911, 52.41
3912, 53.089
3913, 52.77
3914, 53.27
3915, 52.159
3916, 51.711
3917, 52.096
3918, 51.818
3919, 51.156
3920, 50.377
3921, 50.278
3922, 50.34
3923, 50.574
3924, 51.166
3925, 50.672
3926, 49.615
3927, 49.033
3928, 49.302
3929, 49.553
3930, 50.081
3931, 50.232
3932, 49.992
3933, 51.729
3934, 51.765
3935, 51.406
3936, 51.774
3937, 51.649
3938, 51.944
3939, 52.375
3940, 52.016
3941, 52.454
3942, 53.835
3943, 53.513
3944, 53.387
3945, 52.714
3946, 52.556
3947, 53.173
3948, 53.387
3949, 53.738
3950, 52.616
3951, 52.806
3952, 52.859
3953, 52.778
3954, 52.651
3955, 51.667
3956, 52.006
3957, 51.98
3958, 51.774
3959, 51.721
3960, 51.316
3961, 51.031
3962, 51.049
3963, 51.066
3964, 50.672
3965, 51.989
3966, 51.399
3967, 51.738
3968, 51.506
3969, 51.462
3970, 51.604
3971, 51.873
3972, 51.846
3973, 51.687
3974, 51.416
3975, 51.102
3976, 50.852
3977, 51.604
3978, 52.053
3979, 52.366
3980, 51.631
3981, 51.97
3982, 51.902
3983, 51.746
3984, 51.649
3985, 51.782
3986, 51.435
3987, 51.049
3988, 50.484
3989, 49.059
3990, 48.845
3991, 49.705
3992, 49.643
3993, 50.413
3994, 50.437
3995, 50.01
3996, 49.696
3997, 49.516
3998, 49.481
3999, 49.302
4000, 49.302
4001, 49.051
4002, 49.57
4003, 49.759
4004, 49.687
4005, 49.633
4006, 50.637
4007, 50.591
4008, 51.092
4009, 50.869
4010, 50.6
4011, 51.756
4012, 51.47
4013, 51.262
4014, 51.659
4015, 51.352
4016, 51.253
4017, 50.941
4018, 50.995
4019, 50.474
4020, 50.503
4021, 50.691
4022, 50.178
4023, 50.529
4024, 50.305
4025, 50.798
4026, 51.308
4027, 51.659
4028, 51.738
4029, 51.711
4030, 51.846
4031, 52.176
4032, 52.186
4033, 52.159
4034, 51.97
4035, 52.141
4036, 52.006
4037, 51.782
4038, 51.935
4039, 52.483
4040, 52.651
4041, 52.814
4042, 52.714
4043, 52.151
4044, 52.322
4045, 51.649
4046, 51.695
4047, 51.782
4048, 51.927
4049, 53.817
4050, 50.107
4051, 49.355
4052, 49.57
4053, 48.924
4054, 48.791
4055, 48.97
4056, 50.242
4057, 50.951
4058, 49.821
4059, 49.615
4060, 49.274
4061, 49.274
4062, 50.134
4063, 50.036
4064, 50.574
4065, 50.609
4066, 50.1
4067, 49.955
4068, 50.646
4069, 50.171
4070, 49.722
4071, 49.177
4072, 49.705
4073, 49.615
4074, 49.114
4075, 49.311
4076, 49.588
4077, 49.498
4078, 48.942
4079, 49.051
4080, 49.778
4081, 49.633
4082, 48.845
4083, 48.791
4084, 49.858
4085, 50.151
4086, 50.01
4087, 49.74
4088, 48.612
4089, 47.68
4090, 48.934
4091, 48.388
4092, 47.67
4093, 47.645
4094, 47.627
4095, 47.34
4096, 45.421
4097, 46.102
4098, 45.449
4099, 46.068
4100, 46.874
4101, 46.577
4102, 47.087
4103, 47.16
4104, 47.545
4105, 47.661
4106, 47.438
4107, 47.26
4108, 47.304
4109, 46.463
4110, 46.711
4111, 46.614
4112, 46.498
4113, 47.67
4114, 49.858
4115, 49.311
4116, 49.821
4117, 50.77
4118, 51.416
4119, 51.462
4120, 52.258
4121, 52.454
4122, 52.034
4123, 52.016
4124, 52.176
4125, 52.547
4126, 52.464
4127, 51.944
4128, 51.335
4129, 51.746
4130, 51.444
4131, 51.344
4132, 51.927
4133, 52.096
4134, 51.291
4135, 51.308
4136, 51.202
4137, 51.497
4138, 50.969
4139, 50.959
4140, 50.681
4141, 51.175
4142, 50.986
4143, 51.453
4144, 51.291
4145, 51.444
4146, 51.539
4147, 51.202
4148, 50.404
4149, 50.904
4150, 51.156
4151, 51.539
4152, 50.78
4153, 51.083
4154, 51.406
4155, 51.695
4156, 51.47
4157, 52.096
4158, 51.478
4159, 51.487
4160, 51.927
4161, 51.721
4162, 51.586
4163, 51.8
4164, 50.995
4165, 50.529
4166, 50.456
4167, 50.977
4168, 50.437
4169, 50.315
4170, 50.574
4171, 50.511
4172, 51.074
4173, 51.156
4174, 51.281
4175, 51.687
4176, 51.837
4177, 51.649
4178, 52.547
4179, 52.312
4180, 52.573
4181, 52.186
4182, 52.241
4183, 52.34
4184, 52.483
4185, 52.831
4186, 52.132
4187, 52.053
4188, 51.738
4189, 51.792
4190, 51.989
4191, 52.231
4192, 52.375
4193, 52.473
4194, 52.841
4195, 52.75
4196, 53.26
4197, 52.993
4198, 53.145
4199, 53.019
4200, 53.235
4201, 52.651
4202, 52.454
4203, 52.426
4204, 51.756
4205, 51.746
4206, 52.527
4207, 52.186
4208, 51.944
4209, 52.492
4210, 52.582
4211, 52.974
4212, 52.902
4213, 52.983
4214, 53.192
4215, 53.145
4216, 52.383
4217, 52.714
4218, 53.126
4219, 52.993
4220, 53.136
4221, 53.183
4222, 52.902
4223, 52.742
4224, 53.183
4225, 53.323
4226, 53.145
4227, 52.573
4228, 53.019
4229, 53.047
4230, 52.454
4231, 52.375
4232, 52.267
4233, 52.194
4234, 51.873
4235, 52.006
4236, 52.204
4237, 52.006
4238, 53.279
4239, 53.397
4240, 53.029
4241, 52.841
4242, 53.397
4243, 52.5
4244, 52.537
4245, 52.4
4246, 52.787
4247, 53.126
4248, 53.738
4249, 54.184
4250, 53.827
4251, 54.535
4252, 54.759
4253, 54.551
4254, 54.363
4255, 54.31
4256, 54.864
4257, 55.276
4258, 55.367
4259, 55.617
4260, 56.576
4261, 56.613
4262, 56.416
4263, 56.444
4264, 56.101
4265, 54.302
4266, 54.103
4267, 53.871
4268, 53.666
4269, 52.445
4270, 53.619
4271, 53.126
4272, 53.415
4273, 53.906
4274, 53.747
4275, 51.631
4276, 52.043
4277, 52.616
4278, 52.566
4279, 53.145
4280, 53.584
4281, 54.56
4282, 54.302
4283, 54.292
4284, 54.155
4285, 53.629
4286, 52.778
4287, 53.387
4288, 52.965
4289, 52.426
4290, 53.108
4291, 53.083
4292, 53.406
4293, 53.235
4294, 53.648
4295, 53.136
4296, 53.253
4297, 53.304
4298, 54.479
4299, 56.048
4300, 56.282
4301, 56.584
4302, 56.854
4303, 56.282
4304, 55.985
4305, 56.576
4306, 56.323
4307, 56.272
4308, 55.463
4309, 55.556
4310, 55.852
4311, 55.806
4312, 55.976
4313, 56.282
4314, 56.218
4315, 56.504
4316, 55.537
4317, 55.95
4318, 55.34
4319, 55.492
4320, 56.603
4321, 56.685
4322, 56.826
4323, 56.613
4324, 56.782
4325, 56.826
4326, 56.056
4327, 56.11
4328, 56.282
4329, 56.522
4330, 56.289
4331, 57.088
4332, 56.808
4333, 56.342
4334, 56.011
4335, 55.35
4336, 55.913
4337, 56.379
4338, 55.276
4339, 55.222
4340, 55.099
4341, 55.592
4342, 55.463
4343, 55.77
4344, 54.857
4345, 54.759
4346, 53.762
4347, 53.593
4348, 53.529
4349, 54.086
4350, 53.897
4351, 53.279
4352, 54.551
4353, 54.604
4354, 54.65
4355, 54.497
4356, 53.808
4357, 52.508
4358, 52.705
4359, 53.96
4360, 53.987
4361, 54.444
4362, 54.614
4363, 52.454
4364, 51.049
4365, 50.42
4366, 50.35
4367, 48.819
4368, 49.355
4369, 47.914
4370, 47.475
4371, 48.165
4372, 47.178
4373, 46.954
4374, 47.419
4375, 45.028
4376, 48.228
4377, 48.658
4378, 50.171
4379, 47.716
4380, 48.055
4381, 47.716
4382, 46.847
4383, 46.345
4384, 50.1
4385, 52.445
4386, 51.721
4387, 52.464
4388, 52.822
4389, 52.114
4390, 52.566
4391, 51.659
4392, 50.116
4393, 50.583
4394, 49.535
4395, 49.974
4396, 50.564
4397, 49.167
4398, 49.069
4399, 48.584
4400, 47.931
4401, 48.845
4402, 47.787
4403, 47.947
4404, 48.146
4405, 47.787
4406, 49.679
4407, 49.974
4408, 48.907
4409, 48.046
4410, 47.186
4411, 46.857
4412, 46.937
4413, 46.679
4414, 45.943
4415, 47.652
4416, 48.055
4417, 48.092
4418, 48.324
4419, 48.658
4420, 48.192
4421, 48.737
4422, 48.183
4423, 47.815
4424, 47.223
4425, 46.508
4426, 44.841
4427, 43.963
4428, 42.429
4429, 41.686
4430, 41.795
4431, 41.633
4432, 41.176
4433, 41.176
4434, 42.341
4435, 42.107
4436, 42.07
4437, 41.818
4438, 39.669
4439, 39.966
4440, 39.958
4441, 40.1
4442, 37.778
4443, 38.943
4444, 40.264
4445, 40.896
4446, 42.716
4447, 41.526
4448, 40.056
4449, 39.008
4450, 38.479
4451, 38.194
4452, 37.493
4453, 38.606
4454, 36.774
4455, 38.111
4456, 40.594
4457, 39.859
4458, 41.015
4459, 41.158
4460, 40.091
4461, 40.861
4462, 41.579
4463, 40.861
4464, 42.181
4465, 39.419
4466, 38.185
4467, 37.853
4468, 36.884
4469, 36.634
4470, 36.991
4471, 37.665
4472, 37.611
4473, 39.6
4474, 40.219
4475, 40.1
4476, 39.15
4477, 39.537
4478, 38.998
4479, 38.298
4480, 37.09
4481, 35.765
4482, 36.328
4483, 34.913
4484, 36.276
4485, 37.556
4486, 37.966
4487, 37.297
4488, 35.827
4489, 37.87
4490, 33.685
4491, 32.826
4492, 33.551
4493, 35.407
4494, 36.939
4495, 35.701
4496, 37.009
4497, 37.055
4498, 38.012
4499, 39.027
4500, 40.442
4501, 38.445
4502, 37.001
4503, 36.446
4504, 37.261
4505, 36.605
4506, 35.558
4507, 36.222
4508, 35.747
4509, 35.1
4510, 35.119
4511, 34.409
4512, 35.004
4513, 34.233
4514, 35.164
4515, 35.211
4516, 34.967
4517, 34.904
4518, 33.346
4519, 32.466
4520, 32.135
4521, 32.987
4522, 32.558
4523, 31.499
4524, 32.476
4525, 32.352
4526, 35.219
4527, 33.471
4528, 34.16
4529, 32.941
4530, 32.917
4531, 34.583
4532, 33.677
4533, 35.417
4534, 35.351
4535, 35.109
4536, 33.417
4537, 32.21
4538, 31.411
4539, 31.429
4540, 33.783
4541, 33.218
4542, 33.254
4543, 32.342
4544, 33.15
4545, 32.378
4546, 31.536
4547, 31.429
4548, 30.909
4549, 29.852
4550, 30.183
4551, 30.953
4552, 30.872
4553, 30.478
4554, 29.726
4555, 29.188
4556, 29.019
4557, 30.549
4558, 31.106
4559, 31.867
4560, 31.509
4561, 31.116
4562, 32.862
4563, 33.945
4564, 34.689
4565, 36.115
4566, 35.344
4567, 34.781
4568, 34.85
4569, 35.558
4570, 35.164
4571, 35.37
4572, 35.262
4573, 34.35
4574, 34.464
4575, 33.254
4576, 32.727
4577, 33.436
4578, 33.041
4579, 33.21
4580, 31.948
4581, 33.15
4582, 33.309
4583, 32.655
4584, 32.638
4585, 32.576
4586, 33.273
4587, 31.634
4588, 30.362
4589, 30.821
4590, 28.813
4591, 28.589
4592, 27.567
4593, 28.688
4594, 28.132
4595, 26.099
4596, 25.74
4597, 26.439
4598, 24.636
4599, 25.524
4600, 25.371
4601, 24.476
4602, 24.099
4603, 22.962
4604, 24.206
4605, 22.927
4606, 22.11
4607, 20.866
4608, 23.554
4609, 21.627
4610, 21.07
4611, 21.367
4612, 19.208
4613, 18.717
4614, 21.492
4615, 25.247
4616, 25.955
4617, 24.636
4618, 27.719
4619, 28.507
4620, 25.481
4621, 24.961
4622, 24.045
4623, 26.052
4624, 26.885
4625, 25.731
4626, 26.429
4627, 26.494
4628, 28.294
4629, 28.472
4630, 27.226
4631, 28.141
4632, 29.429
4633, 27.701
4634, 26.77
4635, 27.254
4636, 27.245
4637, 26.259
4638, 25.077
4639, 24.099
4640, 23.024
4641, 24.099
4642, 23.142
4643, 23.453
4644, 23.687
4645, 25.022
4646, 25.165
4647, 26.126
4648, 26.616
4649, 24.42
4650, 27.01
4651, 29.886
4652, 28.579
4653, 28.302
4654, 28.302
4655, 29.106
4656, 27.298
4657, 29.29
4658, 28.088
4659, 32.771
4660, 37.629
4661, 33.597
4662, 33.121
4663, 31.375
4664, 31.177
4665, 30.729
4666, 27.102
4667, 29.375
4668, 31.984
4669, 30.782
4670, 29.942
4671, 28.444
4672, 26.877
4673, 23.993
4674, 20.353
4675, 21.799
4676, 22.083
4677, 26.654
4678, 25.353
4679, 26.178
4680, 26.267
4681, 25.132
4682, 26.043
4683, 24.503
4684, 23.265
4685, 21.867
4686, 23.115
4687, 25.543
4688, 24.351
4689, 23.865
4690, 24.718
4691, 24.611
4692, 26.143
4693, 24.315
4694, 22.502
4695, 21.996
4696, 21.367
4697, 20.83
4698, 19.595
4699, 21.07
4700, 19.665
4701, 19.388
4702, 19.281
4703, 17.541
4704, 15.006
4705, 15.348
4706, 17.203
4707, 18.158
4708, 19.065
4709, 20.204
4710, 16.42
4711, 17.875
4712, 18.689
4713, 18.185
4714, 19.459
4715, 20.633
4716, 19.323
4717, 19.057
4718, 16.627
4719, 17.212
4720, 16.448
4721, 17.802
4722, 17.157
4723, 17.176
4724, 17.029
4725, 17.112
4726, 17.094
4727, 17.23
4728, 17.138
4729, 16.78
4730, 17.371
4731, 17.783
4732, 18.767
4733, 17.398
4734, 18.25
4735, 16.898
4736, 16.914
4737, 16.037
4738, 14.541
4739, 15.087
4740, 14.495
4741, 13.08
4742, 12.883
4743, 11.556
4744, 12.418
4745, 13.572
4746, 14.818
4747, 15.374
4748, 15.517
4749, 17.901
4750, 16.235
4751, 14.926
4752, 15.06
4753, 14.907
4754, 15.043
4755, 15.203
4756, 16.978
4757, 17.077
4758, 14.029
4759, 14.862
4760, 14.745
4761, 13.878
4762, 12.444
4763, 12.255
4764, 11.18
4765, 12.159
4766, 12.185
4767, 13.438
4768, 13.626
4769, 14.792
4770, 13.448
4771, 13.071
4772, 12.721
4773, 12.463
4774, 11.071
4775, 11.506
4776, 12.076
4777, 13.673
4778, 14.81
4779, 16.41
4780, 15.965
4781, 15.74
4782, 16.582
4783, 18.518
4784, 16.814
4785, 16.0
4786, 18.482
4787, 17.157
4788, 18.083
4789, 17.821
4790, 17.559
4791, 15.67
4792, 16.403
4793, 17.193
4794, 16.96
4795, 17.506
4796, 16.772
4797, 16.117
4798, 14.712
4799, 17.532
4800, 19.181
4801, 17.479
4802, 17.021
4803, 18.203
4804, 19.486
4805, 16.728
4806, 19.388
4807, 19.126
4808, 18.869
4809, 19.781
4810, 18.177
4811, 18.083
4812, 19.529
4813, 18.795
4814, 18.776
4815, 21.815
4816, 21.565
4817, 23.247
4818, 20.363
4819, 20.579
4820, 19.754
4821, 18.822
4822, 18.268
4823, 19.162
4824, 18.322
4825, 19.45
4826, 19.039
4827, 18.116
4828, 18.626
4829, 18.212
4830, 18.929
4831, 18.185
4832, 18.726
4833, 19.423
4834, 19.134
4835, 18.761
4836, 18.645
4837, 20.231
4838, 19.486
4839, 19.405
4840, 19.273
4841, 19.656
4842, 20.437
4843, 20.275
4844, 19.529
4845, 18.967
4846, 18.259
4847, 19.075
4848, 19.298
4849, 18.287
4850, 18.278
4851, 18.5
4852, 19.003
4853, 19.108
4854, 19.388
4855, 18.947
4856, 19.172
4857, 18.682
4858, 18.832
4859, 18.947
4860, 18.412
4861, 18.544
4862, 18.194
4863, 19.314
4864, 19.567
4865, 20.464
4866, 20.363
4867, 19.848
4868, 20.445
4869, 18.375
4870, 18.795
4871, 19.558
4872, 19.997
4873, 20.955
4874, 21.063
4875, 20.488
4876, 21.312
4877, 21.359
4878, 22.512
4879, 22.89
4880, 23.893
4881, 23.625
4882, 24.737
4883, 24.708
4884, 23.517
4885, 24.171
4886, 24.484
4887, 24.699
4888, 23.659
4889, 23.968
4890, 23.885
4891, 23.993
4892, 24.271
4893, 23.885
4894, 23.554
4895, 23.659
4896, 23.607
4897, 23.949
4898, 23.893
4899, 22.998
4900, 22.073
4901, 22.54
4902, 22.775
4903, 23.444
4904, 24.234
4905, 24.798
4906, 24.727
4907, 24.727
4908, 25.865
4909, 28.096
4910, 27.047
4911, 27.459
4912, 26.607
4913, 26.671
4914, 26.374
4915, 25.81
4916, 25.586
4917, 26.484
4918, 26.716
4919, 26.58
4920, 25.417
4921, 25.785
4922, 26.858
4923, 26.726
4924, 27.254
4925, 26.752
4926, 27.173
4927, 27.019
4928, 26.885
4929, 28.16
4930, 27.735
4931, 26.832
4932, 27.209
4933, 28.401
4934, 27.083
4935, 28.356
4936, 27.584
4937, 26.707
4938, 26.062
4939, 25.03
4940, 25.533
4941, 24.861
4942, 24.755
4943, 24.628
4944, 24.198
4945, 24.359
4946, 24.699
4947, 25.435
4948, 25.095
4949, 25.695
4950, 25.077
4951, 25.004
4952, 25.533
4953, 25.767
4954, 26.099
4955, 25.148
4956, 25.004
4957, 25.678
4958, 25.612
4959, 25.74
4960, 24.907
4961, 25.507
4962, 25.389
4963, 25.678
4964, 24.781
4965, 25.336
4966, 24.618
4967, 24.861
4968, 25.516
4969, 25.165
4970, 25.874
4971, 26.197
4972, 25.148
4973, 25.03
4974, 24.79
4975, 25.31
4976, 25.972
4977, 26.393
4978, 26.536
4979, 27.019
4980, 26.681
4981, 26.839
4982, 26.914
4983, 26.494
4984, 27.325
4985, 27.424
4986, 28.033
4987, 29.558
4988, 29.178
4989, 28.866
4990, 29.161
4991, 29.707
4992, 30.576
4993, 29.438
4994, 29.6
4995, 30.074
4996, 32.09
4997, 31.913
4998, 31.804
4999, 31.158
5000, 31.709
5001, 31.536
5002, 30.917
5003, 31.759
5004, 31.536
5005, 30.944
5006, 29.868
5007, 30.487
5008, 29.942
5009, 30.507
5010, 31.017
5011, 31.392
5012, 31.356
5013, 31.894
5014, 31.543
5015, 31.142
5016, 31.847
5017, 32.396
5018, 31.509
5019, 32.27
5020, 32.064
5021, 32.324
5022, 32.012
5023, 31.958
5024, 31.822
5025, 32.019
5026, 32.917
5027, 32.512
5028, 31.984
5029, 32.691
5030, 32.781
5031, 33.023
5032, 33.384
5033, 33.82
5034, 34.26
5035, 34.027
5036, 34.168
5037, 34.142
5038, 34.142
5039, 34.427
5040, 34.242
5041, 33.651
5042, 33.936
5043, 33.917
5044, 34.08
5045, 34.018
5046, 34.886
5047, 36.346
5048, 36.543
5049, 36.733
5050, 37.235
5051, 37.386
5052, 37.036
5053, 38.012
5054, 37.725
5055, 36.526
5056, 36.661
5057, 37.826
5058, 38.883
5059, 39.958
5060, 39.673
5061, 38.185
5062, 37.18
5063, 37.143
5064, 37.548
5065, 37.629
5066, 38.659
5067, 37.698
5068, 38.166
5069, 37.116
5070, 36.096
5071, 38.194
5072, 38.659
5073, 39.123
5074, 38.839
5075, 37.826
5076, 37.682
5077, 36.559
5078, 36.419
5079, 33.811
5080, 34.625
5081, 33.436
5082, 34.027
5083, 34.027
5084, 35.012
5085, 34.132
5086, 33.384
5087, 34.559
5088, 34.036
5089, 32.476
5090, 32.201
5091, 32.932
5092, 32.8
5093, 33.792
5094, 33.542
5095, 33.738
5096, 34.716
5097, 34.549
5098, 34.392
5099, 35.138
5100, 34.967
5101, 34.323
5102, 33.868
5103, 33.023
5104, 34.427
5105, 34.567
5106, 33.374
5107, 32.998
5108, 32.63
5109, 31.607
5110, 32.289
5111, 34.437
5112, 34.205
5113, 35.075
5114, 34.877
5115, 35.907
5116, 35.092
5117, 34.753
5118, 32.406
5119, 32.44
5120, 32.978
5121, 32.448
5122, 33.453
5123, 33.811
5124, 34.661
5125, 35.083
5126, 34.904
5127, 34.753
5128, 34.368
5129, 35.297
5130, 35.164
5131, 34.788
5132, 34.242
5133, 33.291
5134, 33.436
5135, 33.685
5136, 32.476
5137, 32.476
5138, 32.135
5139, 32.26
5140, 32.548
5141, 32.602
5142, 31.822
5143, 31.662
5144, 31.392
5145, 30.64
5146, 30.298
5147, 29.843
5148, 30.516
5149, 29.958
5150, 30.828
5151, 31.83
5152, 32.539
5153, 33.085
5154, 32.316
5155, 32.79
5156, 32.932
5157, 32.881
5158, 34.064
5159, 33.597
5160, 33.858
5161, 33.283
5162, 33.041
5163, 33.748
5164, 32.844
5165, 32.224
5166, 31.634
5167, 32.548
5168, 31.69
5169, 32.808
5170, 32.719
5171, 33.279
5172, 33.291
5173, 33.246
5174, 34.633
5175, 35.065
5176, 34.606
5177, 34.67
5178, 34.583
5179, 34.841
5180, 34.464
5181, 34.583
5182, 34.205
5183, 35.164
5184, 34.392
5185, 32.201
5186, 31.967
5187, 32.485
5188, 31.56
5189, 31.804
5190, 32.512
5191, 31.984
5192, 32.059
5193, 32.153
5194, 32.21
5195, 33.15
5196, 34.055
5197, 34.615
5198, 34.781
5199, 34.027
5200, 34.306
5201, 34.036
5202, 33.392
5203, 33.738
5204, 32.917
5205, 33.094
5206, 33.513
5207, 33.202
5208, 32.691
5209, 32.923
5210, 32.674
5211, 33.131
5212, 32.695
5213, 33.462
5214, 35.022
5215, 35.46
5216, 35.316
5217, 34.726
5218, 35.889
5219, 36.336
5220, 36.708
5221, 36.32
5222, 36.526
5223, 36.052
5224, 36.432
5225, 37.036
5226, 37.404
5227, 38.246
5228, 38.282
5229, 37.862
5230, 38.04
5231, 38.362
5232, 38.279
5233, 38.025
5234, 37.843
5235, 38.317
5236, 38.848
5237, 38.685
5238, 37.009
5239, 36.743
5240, 36.679
5241, 36.894
5242, 37.646
5243, 37.638
5244, 37.853
5245, 34.707
5246, 34.175
5247, 34.833
5248, 35.388
5249, 35.1
5250, 35.031
5251, 34.437
5252, 34.374
5253, 34.036
5254, 34.222
5255, 34.931
5256, 34.726
5257, 34.417
5258, 34.583
5259, 35.075
5260, 35.28
5261, 35.433
5262, 35.263
5263, 35.676
5264, 35.773
5265, 35.602
5266, 35.423
5267, 35.092
5268, 35.525
5269, 33.868
5270, 33.685
5271, 34.35
5272, 34.788
5273, 34.855
5274, 34.13
5275, 34.203
5276, 34.798
5277, 34.367
5278, 34.033
5279, 34.669
5280, 35.066
5281, 34.85
5282, 35.155
5283, 34.399
5284, 33.736
5285, 33.155
5286, 33.405
5287, 33.943
5288, 33.682
5289, 33.476
5290, 33.072
5291, 33.081
5292, 33.044
5293, 32.785
5294, 32.729
5295, 33.009
5296, 32.982
5297, 33.191
5298, 33.296
5299, 33.223
5300, 33.603
5301, 34.436
5302, 33.978
5303, 34.305
5304, 34.529
5305, 34.483
5306, 34.149
5307, 34.078
5308, 33.649
5309, 32.911
5310, 32.876
5311, 32.614
5312, 32.687
5313, 33.352
5314, 34.124
5315, 34.097
5316, 34.069
5317, 34.053
5318, 34.133
5319, 33.978
5320, 33.719
5321, 33.657
5322, 33.458
5323, 33.649
5324, 33.288
5325, 33.241
5326, 32.687
5327, 32.955
5328, 33.432
5329, 33.548
5330, 33.269
5331, 32.755
5332, 32.155
5333, 32.137
5334, 31.579
5335, 31.751
5336, 32.251
5337, 32.43
5338, 30.998
5339, 30.954
5340, 30.667
5341, 30.46
5342, 30.602
5343, 30.359
5344, 30.533
5345, 30.342
5346, 30.295
5347, 30.991
5348, 30.422
5349, 30.583
5350, 31.0
5351, 30.881
5352, 31.17
5353, 30.757
5354, 30.533
5355, 30.396
5356, 30.611
5357, 30.557
5358, 30.845
5359, 31.145
5360, 31.882
5361, 30.918
5362, 30.556
5363, 31.259
5364, 30.442
5365, 29.739
5366, 29.43
5367, 29.82
5368, 29.351
5369, 29.359
5370, 29.106
5371, 29.265
5372, 29.63
5373, 30.574
5374, 30.432
5375, 30.333
5376, 30.223
5377, 29.43
5378, 29.209
5379, 28.857
5380, 28.701
5381, 27.698
5382, 28.007
5383, 26.948
5384, 26.242
5385, 23.656
5386, 24.144
5387, 21.819
5388, 22.434
5389, 21.991
5390, 22.829
5391, 22.2
5392, 22.342
5393, 20.999
5394, 20.34
5395, 20.322
5396, 21.107
5397, 21.476
5398, 21.089
5399, 21.626
5400, 22.719
5401, 22.605
5402, 23.056
5403, 22.034
5404, 21.118
5405, 20.416
5406, 21.211
5407, 20.295
5408, 20.095
5409, 20.451
5410, 21.536
5411, 22.077
5412, 22.623
5413, 22.559
5414, 22.086
5415, 22.161
5416, 20.53
5417, 19.888
5418, 20.349
5419, 21.193
5420, 21.183
5421, 20.485
5422, 21.671
5423, 20.781
5424, 20.08
5425, 21.272
5426, 21.581
5427, 22.559
5428, 21.272
5429, 22.459
5430, 22.912
5431, 23.661
5432, 23.13
5433, 23.217
5434, 22.143
5435, 23.392
5436, 20.931
5437, 20.874
5438, 22.058
5439, 22.703
5440, 21.954
5441, 22.72
5442, 23.68
5443, 23.453
5444, 23.124
5445, 22.459
5446, 23.094
5447, 23.527
5448, 23.234
5449, 23.599
5450, 24.298
5451, 23.112
5452, 23.2
5453, 23.954
5454, 23.41
5455, 23.634
5456, 23.234
5457, 22.694
5458, 22.53
5459, 21.799
5460, 21.609
5461, 20.694
5462, 20.83
5463, 21.471
5464, 21.661
5465, 22.822
5466, 22.748
5467, 22.812
5468, 23.471
5469, 23.426
5470, 24.124
5471, 23.292
5472, 23.98
5473, 23.347
5474, 22.675
5475, 22.639
5476, 22.703
5477, 22.388
5478, 21.835
5479, 22.73
5480, 22.857
5481, 23.461
5482, 23.736
5483, 23.583
5484, 23.207
5485, 23.555
5486, 23.345
5487, 24.178
5488, 24.251
5489, 24.776
5490, 25.265
5491, 25.662
5492, 25.78
5493, 25.987
5494, 26.478
5495, 26.64
5496, 26.553
5497, 26.611
5498, 25.952
5499, 26.766
5500, 26.694
5501, 26.785
5502, 26.412
5503, 25.236
5504, 25.353
5505, 25.182
5506, 25.037
5507, 25.417
5508, 25.605
5509, 27.218
5510, 26.948
5511, 27.226
5512, 27.581
5513, 27.535
5514, 27.273
5515, 27.281
5516, 27.146
5517, 26.846
5518, 27.581
5519, 28.186
5520, 27.825
5521, 26.686
5522, 26.865
5523, 26.528
5524, 26.668
5525, 26.649
5526, 26.864
5527, 27.3
5528, 26.754
5529, 26.328
5530, 25.836
5531, 26.636
5532, 27.181
5533, 27.543
5534, 27.561
5535, 28.834
5536, 29.141
5537, 30.475
5538, 30.14
5539, 30.233
5540, 30.14
5541, 29.677
5542, 29.223
5543, 29.315
5544, 29.741
5545, 29.351
5546, 29.578
5547, 29.351
5548, 29.374
5549, 29.315
5550, 29.552
5551, 29.07
5552, 28.806
5553, 28.298
5554, 27.589
5555, 27.836
5556, 28.461
5557, 27.734
5558, 28.015
5559, 29.008
5560, 28.589
5561, 28.723
5562, 28.689
5563, 28.515
5564, 28.932
5565, 29.087
5566, 29.403
5567, 29.516
5568, 29.075
5569, 29.578
5570, 29.478
5571, 29.347
5572, 28.844
5573, 28.905
5574, 28.522
5575, 28.479
5576, 28.69
5577, 28.608
5578, 27.708
5579, 27.389
5580, 27.254
5581, 27.063
5582, 26.553
5583, 26.701
5584, 26.927
5585, 27.153
5586, 27.445
5587, 27.594
5588, 28.18
5589, 27.29
5590, 27.616
5591, 26.033
5592, 25.401
5593, 25.595
5594, 25.962
5595, 26.271
5596, 26.774
5597, 25.89
5598, 26.571
5599, 26.427
5600, 27.009
5601, 27.339
5602, 27.065
5603, 27.594
5604, 27.577
5605, 27.166
5606, 27.633
5607, 26.637
5608, 27.028
5609, 27.276
5610, 27.432
5611, 28.018
5612, 28.38
5613, 28.789
5614, 28.106
5615, 27.914
5616, 27.713
5617, 27.375
5618, 27.668
5619, 27.284
5620, 28.004
5621, 28.116
5622, 29.191
5623, 28.856
5624, 28.471
5625, 27.977
5626, 27.476
5627, 27.24
5628, 27.229
5629, 27.824
5630, 28.124
5631, 27.804
5632, 27.57
5633, 27.539
5634, 27.176
5635, 27.977
5636, 27.723
5637, 27.814
5638, 27.914
5639, 27.96
5640, 28.116
5641, 28.106
5642, 27.985
5643, 28.316
5644, 28.179
5645, 28.744
5646, 28.434
5647, 28.27
5648, 28.222
5649, 27.87
5650, 28.056
5651, 28.004
5652, 28.316
5653, 28.515
5654, 28.289
5655, 28.018
5656, 28.028
5657, 27.847
5658, 28.907
5659, 29.41
5660, 28.926
5661, 28.935
5662, 29.496
5663, 30.348
5664, 30.283
5665, 29.715
5666, 29.42
5667, 29.313
5668, 29.046
5669, 28.671
5670, 28.926
5671, 28.209
5672, 28.177
5673, 28.514
5674, 28.469
5675, 28.459
5676, 28.266
5677, 28.635
5678, 29.056
5679, 29.156
5680, 28.955
5681, 28.827
5682, 28.652
5683, 28.945
5684, 28.322
5685, 28.313
5686, 28.459
5687, 27.78
5688, 27.184
5689, 26.984
5690, 27.112
5691, 26.9
5692, 26.736
5693, 27.112
5694, 26.791
5695, 27.331
5696, 27.981
5697, 27.717
5698, 27.497
5699, 27.645
5700, 26.414
5701, 26.122
5702, 26.076
5703, 26.23
5704, 26.019
5705, 25.553
5706, 25.691
5707, 25.718
5708, 26.277
5709, 26.506
5710, 26.287
5711, 26.763
5712, 27.314
5713, 27.13
5714, 27.213
5715, 26.975
5716, 27.13
5717, 26.7
5718, 26.424
5719, 26.506
5720, 26.526
5721, 26.708
5722, 26.826
5723, 26.975
5724, 26.975
5725, 26.604
5726, 26.411
5727, 27.057
5728, 28.034
5729, 27.793
5730, 28.024
5731, 27.813
5732, 27.657
5733, 27.897
5734, 27.803
5735, 27.766
5736, 27.96
5737, 28.863
5738, 29.232
5739, 30.034
5740, 29.804
5741, 29.423
5742, 29.119
5743, 29.583
5744, 29.334
5745, 29.232
5746, 29.368
5747, 30.458
5748, 30.88
5749, 31.02
5750, 31.14
5751, 30.863
5752, 30.928
5753, 31.064
5754, 31.205
5755, 31.233
5756, 31.61
5757, 31.665
5758, 32.31
5759, 31.618
5760, 32.098
5761, 32.384
5762, 32.337
5763, 32.596
5764, 32.31
5765, 32.253
5766, 32.347
5767, 32.549
5768, 32.098
5769, 32.624
5770, 31.988
5771, 30.964
5772, 31.61
5773, 30.89
5774, 30.928
5775, 31.205
5776, 31.685
5777, 31.775
5778, 32.403
5779, 32.098
5780, 32.522
5781, 32.549
5782, 33.442
5783, 33.821
5784, 33.471
5785, 33.748
5786, 34.056
5787, 34.046
5788, 33.487
5789, 33.256
5790, 33.434
5791, 33.322
5792, 33.564
5793, 33.332
5794, 33.415
5795, 33.054
5796, 33.286
5797, 32.666
5798, 32.545
5799, 31.656
5800, 31.705
5801, 31.953
5802, 32.082
5803, 32.361
5804, 32.832
5805, 32.823
5806, 32.45
5807, 31.6
5808, 32.205
5809, 31.869
5810, 31.757
5811, 32.276
5812, 32.128
5813, 32.499
5814, 33.211
5815, 33.535
5816, 33.248
5817, 33.544
5818, 33.564
5819, 33.129
5820, 33.564
5821, 34.324
5822, 34.693
5823, 35.054
5824, 35.184
5825, 34.953
5826, 35.138
5827, 35.471
5828, 36.146
5829, 36.551
5830, 36.571
5831, 36.926
5832, 36.802
5833, 36.715
5834, 35.822
5835, 35.841
5836, 36.074
5837, 36.599
5838, 36.666
5839, 37.175
5840, 36.56
5841, 35.979
5842, 35.749
5843, 35.156
5844, 35.417
5845, 35.979
5846, 35.979
5847, 35.294
5848, 34.951
5849, 35.275
5850, 34.738
5851, 34.96
5852, 35.117
5853, 34.803
5854, 34.84
5855, 35.936
5856, 35.751
5857, 36.895
5858, 37.033
5859, 37.23
5860, 37.043
5861, 37.416
5862, 37.882
5863, 38.067
5864, 39.592
5865, 39.48
5866, 39.566
5867, 38.717
5868, 38.076
5869, 38.773
5870, 38.654
5871, 38.001
5872, 38.179
5873, 39.2
5874, 39.23
5875, 39.711
5876, 39.878
5877, 39.861
5878, 39.711
5879, 39.414
5880, 39.082
5881, 39.162
5882, 39.566
5883, 40.363
5884, 40.103
5885, 40.168
5886, 39.674
5887, 39.452
5888, 39.47
5889, 39.36
5890, 39.117
5891, 39.35
5892, 39.248
5893, 38.966
5894, 39.592
5895, 38.986
5896, 39.47
5897, 39.35
5898, 40.031
5899, 39.835
5900, 39.547
5901, 38.001
5902, 38.094
5903, 38.243
5904, 37.982
5905, 37.88
5906, 38.169
5907, 38.775
5908, 38.364
5909, 38.384
5910, 38.298
5911, 38.093
5912, 37.683
5913, 37.833
5914, 38.131
5915, 38.433
5916, 37.813
5917, 37.058
5918, 37.102
5919, 36.803
5920, 36.831
5921, 36.974
5922, 36.676
5923, 36.597
5924, 36.714
5925, 37.068
5926, 36.704
5927, 36.479
5928, 37.001
5929, 36.198
5930, 36.095
5931, 36.375
5932, 37.618
5933, 37.943
5934, 38.093
5935, 37.89
5936, 38.832
5937, 39.009
5938, 39.281
5939, 39.485
5940, 39.777
5941, 39.626
5942, 39.67
5943, 39.893
5944, 40.11
5945, 40.549
5946, 40.587
5947, 40.439
5948, 40.195
5949, 40.439
5950, 40.865
5951, 41.139
5952, 40.512
5953, 42.213
5954, 41.962
5955, 41.689
5956, 41.718
5957, 41.737
5958, 41.933
5959, 41.81
5960, 41.885
5961, 41.827
5962, 42.296
5963, 42.578
5964, 42.667
5965, 42.539
5966, 42.615
5967, 42.352
5968, 42.597
5969, 41.981
5970, 42.268
5971, 41.99
5972, 42.819
5973, 43.022
5974, 42.735
5975, 42.04
5976, 42.659
5977, 42.219
5978, 42.706
5979, 42.64
5980, 43.458
5981, 43.624
5982, 43.802
5983, 44.178
5984, 44.402
5985, 44.536
5986, 44.499
5987, 44.647
5988, 44.564
5989, 43.917
5990, 44.134
5991, 44.056
5992, 44.339
5993, 44.637
5994, 45.003
5995, 44.806
5996, 44.262
5997, 44.253
5998, 44.742
5999, 44.459
6000, 44.665
6001, 46.41
6002, 46.793
6003, 45.735
6004, 44.272
6005, 43.654
6006, 43.85
6007, 43.531
6008, 43.964
6009, 42.932
6010, 41.253
6011, 42.023
6012, 42.077
6013, 42.942
6014, 42.886
6015, 43.005
6016, 43.561
6017, 43.551
6018, 43.719
6019, 44.647
6020, 44.826
6021, 43.85
6022, 43.785
6023, 43.812
6024, 44.564
6025, 44.554
6026, 45.06
6027, 44.788
6028, 45.162
6029, 44.564
6030, 45.583
6031, 45.779
6032, 45.884
6033, 46.39
6034, 46.773
6035, 46.325
6036, 46.353
6037, 46.099
6038, 45.733
6039, 46.099
6040, 46.607
6041, 47.502
6042, 48.884
6043, 49.28
6044, 49.242
6045, 48.791
6046, 48.443
6047, 47.445
6048, 48.075
6049, 48.742
6050, 48.603
6051, 48.969
6052, 48.894
6053, 48.075
6054, 47.606
6055, 47.435
6056, 47.538
6057, 46.023
6058, 45.402
6059, 45.724
6060, 45.714
6061, 45.705
6062, 45.599
6063, 45.553
6064, 46.108
6065, 46.371
6066, 45.753
6067, 45.104
6068, 44.66
6069, 44.971
6070, 45.392
6071, 45.214
6072, 45.441
6073, 45.131
6074, 44.294
6075, 44.875
6076, 45.007
6077, 44.942
6078, 45.489
6079, 45.204
6080, 43.972
6081, 43.193
6082, 43.284
6083, 43.672
6084, 43.362
6085, 43.569
6086, 43.964
6087, 44.047
6088, 44.432
6089, 44.087
6090, 44.294
6091, 45.14
6092, 45.263
6093, 45.599
6094, 45.667
6095, 45.826
6096, 46.166
6097, 47.813
6098, 47.538
6099, 47.492
6100, 47.179
6101, 47.331
6102, 47.002
6103, 47.651
6104, 47.918
6105, 47.962
6106, 48.145
6107, 47.909
6108, 47.445
6109, 47.596
6110, 47.445
6111, 47.395
6112, 47.386
6113, 47.736
6114, 47.538
6115, 48.183
6116, 47.681
6117, 47.133
6118, 47.521
6119, 47.425
6120, 47.681
6121, 47.746
6122, 49.004
6123, 48.067
6124, 46.583
6125, 46.935
6126, 46.603
6127, 46.51
6128, 46.528
6129, 47.276
6130, 47.615
6131, 47.01
6132, 46.85
6133, 48.039
6134, 47.484
6135, 46.564
6136, 46.32
6137, 46.075
6138, 46.434
6139, 45.895
6140, 46.131
6141, 45.849
6142, 45.885
6143, 46.311
6144, 46.367
6145, 46.131
6146, 46.897
6147, 46.717
6148, 46.915
6149, 47.415
6150, 47.567
6151, 47.909
6152, 47.909
6153, 47.577
6154, 47.286
6155, 47.557
6156, 47.927
6157, 47.784
6158, 47.814
6159, 47.804
6160, 47.376
6161, 47.198
6162, 47.899
6163, 47.804
6164, 48.6
6165, 48.59
6166, 48.155
6167, 48.713
6168, 49.529
6169, 49.235
6170, 48.696
6171, 48.126
6172, 47.842
6173, 47.65
6174, 47.861
6175, 47.586
6176, 47.293
6177, 46.703
6178, 46.777
6179, 47.225
6180, 46.911
6181, 46.134
6182, 46.768
6183, 45.033
6184, 44.225
6185, 43.649
6186, 43.535
6187, 41.62
6188, 42.131
6189, 40.841
6190, 41.533
6191, 42.388
6192, 42.263
6193, 42.616
6194, 43.167
6195, 43.221
6196, 44.007
6197, 44.444
6198, 44.513
6199, 45.282
6200, 45.374
6201, 45.282
6202, 45.801
6203, 46.38
6204, 45.906
6205, 45.916
6206, 46.019
6207, 46.514
6208, 46.068
6209, 46.087
6210, 46.105
6211, 45.689
6212, 45.46
6213, 45.631
6214, 45.451
6215, 46.154
6216, 46.096
6217, 46.049
6218, 44.207
6219, 42.901
6220, 44.036
6221, 44.454
6222, 44.769
6223, 45.717
6224, 44.844
6225, 45.11
6226, 43.897
6227, 43.714
6228, 42.266
6229, 42.316
6230, 41.964
6231, 42.866
6232, 44.17
6233, 43.847
6234, 43.753
6235, 44.267
6236, 44.39
6237, 44.589
6238, 45.068
6239, 44.885
6240, 44.619
6241, 44.097
6242, 42.524
6243, 41.247
6244, 41.646
6245, 42.524
6246, 40.63
6247, 40.238
6248, 39.81
6249, 39.447
6250, 39.019
6251, 39.503
6252, 38.494
6253, 38.867
6254, 40.684
6255, 39.883
6256, 40.467
6257, 40.312
6258, 39.189
6259, 40.238
6260, 39.533
6261, 40.913
6262, 41.845
6263, 41.465
6264, 42.61
6265, 43.953
6266, 43.008
6267, 43.257
6268, 43.105
6269, 44.316
6270, 44.217
6271, 44.417
6272, 43.41
6273, 43.284
6274, 43.658
6275, 43.486
6276, 43.809
6277, 43.887
6278, 43.781
6279, 43.608
6280, 43.953
6281, 43.533
6282, 43.514
6283, 43.8
6284, 44.865
6285, 44.753
6286, 43.381
6287, 43.659
6288, 44.854
6289, 44.001
6290, 44.119
6291, 44.807
6292, 44.403
6293, 43.582
6294, 44.615
6295, 44.291
6296, 43.83
6297, 42.874
6298, 43.104
6299, 42.799
6300, 43.448
6301, 43.183
6302, 43.163
6303, 43.659
6304, 43.582
6305, 43.82
6306, 43.687
6307, 44.03
6308, 43.629
6309, 43.993
6310, 43.534
6311, 44.202
6312, 44.202
6313, 44.011
6314, 43.755
6315, 43.468
6316, 44.06
6317, 44.174
6318, 43.707
6319, 43.554
6320, 44.462
6321, 45.351
6322, 45.361
6323, 45.296
6324, 46.174
6325, 45.879
6326, 46.002
6327, 45.811
6328, 46.031
6329, 46.375
6330, 46.74
6331, 46.893
6332, 46.749
6333, 46.079
6334, 46.845
6335, 47.448
6336, 46.665
6337, 46.565
6338, 46.565
6339, 46.796
6340, 47.198
6341, 47.361
6342, 46.835
6343, 46.309
6344, 47.074
6345, 48.05
6346, 47.85
6347, 48.72
6348, 48.873
6349, 49.255
6350, 49.983
6351, 49.782
6352, 50.051
6353, 50.032
6354, 50.291
6355, 49.695
6356, 49.454
6357, 48.964
6358, 49.915
6359, 50.463
6360, 50.578
6361, 50.348
6362, 50.561
6363, 49.167
6364, 49.301
6365, 49.934
6366, 49.474
6367, 49.032
6368, 47.367
6369, 45.852
6370, 47.063
6371, 47.63
6372, 47.871
6373, 47.696
6374, 48.129
6375, 48.485
6376, 45.419
6377, 46.226
6378, 46.543
6379, 47.352
6380, 46.689
6381, 45.976
6382, 44.795
6383, 45.15
6384, 45.813
6385, 45.959
6386, 45.564
6387, 45.141
6388, 45.508
6389, 45.681
6390, 45.41
6391, 45.334
6392, 46.651
6393, 45.757
6394, 44.739
6395, 45.065
6396, 45.582
6397, 45.429
6398, 45.564
6399, 44.979
6400, 43.095
6401, 41.442
6402, 39.245
6403, 38.82
6404, 40.702
6405, 42.144
6406, 42.239
6407, 42.269
6408, 40.279
6409, 40.973
6410, 41.116
6411, 40.471
6412, 41.568
6413, 40.628
6414, 40.761
6415, 40.597
6416, 40.538
6417, 41.186
6418, 41.727
6419, 40.181
6420, 39.052
6421, 39.881
6422, 39.419
6423, 39.331
6424, 39.399
6425, 40.277
6426, 39.167
6427, 39.302
6428, 39.679
6429, 40.277
6430, 40.24
6431, 40.885
6432, 40.742
6433, 41.493
6434, 41.959
6435, 41.36
6436, 41.128
6437, 40.702
6438, 40.124
6439, 41.243
6440, 40.8
6441, 40.518
6442, 41.252
6443, 40.084
6444, 40.434
6445, 41.41
6446, 41.079
6447, 40.761
6448, 42.855
6449, 42.67
6450, 41.899
6451, 43.319
6452, 43.057
6453, 43.157
6454, 43.859
6455, 45.18
6456, 44.739
6457, 44.719
6458, 44.709
6459, 43.657
6460, 43.241
6461, 43.957
6462, 43.957
6463, 45.116
6464, 44.739
6465, 44.806
6466, 44.602
6467, 44.661
6468, 44.768
6469, 44.786
6470, 44.748
6471, 45.126
6472, 44.265
6473, 43.686
6474, 44.768
6475, 42.79
6476, 41.523
6477, 41.022
6478, 41.157
6479, 40.516
6480, 39.982
6481, 41.68
6482, 41.973
6483, 41.049
6484, 39.332
6485, 39.914
6486, 40.041
6487, 41.059
6488, 41.049
6489, 40.779
6490, 41.021
6491, 40.73
6492, 40.584
6493, 40.196
6494, 39.76
6495, 39.303
6496, 38.506
6497, 37.839
6498, 37.597
6499, 37.362
6500, 35.577
6501, 35.831
6502, 34.975
6503, 33.686
6504, 32.978
6505, 32.308
6506, 32.667
6507, 31.086
6508, 31.989
6509, 32.473
6510, 33.173
6511, 33.278
6512, 32.608
6513, 32.405
6514, 33.219
6515, 33.9
6516, 33.54
6517, 31.329
6518, 31.484
6519, 31.096
6520, 30.096
6521, 31.939
6522, 33.229
6523, 32.862
6524, 33.114
6525, 33.298
6526, 34.502
6527, 32.948
6528, 32.882
6529, 33.238
6530, 33.918
6531, 32.773
6532, 34.065
6533, 34.724
6534, 36.102
6535, 37.091
6536, 37.034
6537, 35.52
6538, 35.005
6539, 35.335
6540, 36.702
6541, 37.219
6542, 37.229
6543, 37.209
6544, 37.912
6545, 38.282
6546, 38.575
6547, 38.42
6548, 37.639
6549, 37.844
6550, 37.755
6551, 37.091
6552, 37.307
6553, 36.955
6554, 36.769
6555, 37.159
6556, 36.438
6557, 36.965
6558, 35.668
6559, 35.872
6560, 36.35
6561, 37.278
6562, 38.731
6563, 38.907
6564, 38.45
6565, 38.995
6566, 40.634
6567, 41.327
6568, 41.462
6569, 42.957
6570, 42.625
6571, 44.039
6572, 44.429
6573, 43.844
6574, 43.327
6575, 43.268
6576, 42.324
6577, 41.257
6578, 41.257
6579, 41.257
6580, 41.171
6581, 41.863
6582, 41.992
6583, 41.659
6584, 40.957
6585, 41.512
6586, 42.107
6587, 43.552
6588, 43.297
6589, 44.089
6590, 44.059
6591, 44.811
6592, 45.67
6593, 45.494
6594, 45.865
6595, 45.963
6596, 46.264
6597, 45.914
6598, 44.694
6599, 45.134
6600, 44.986
6601, 45.094
6602, 44.195
6603, 43.083
6604, 42.613
6605, 41.681
6606, 41.946
6607, 41.122
6608, 41.398
6609, 41.613
6610, 41.652
6611, 41.759
6612, 43.622
6613, 39.248
6614, 36.248
6615, 38.091
6616, 39.18
6617, 40.337
6618, 39.915
6619, 38.396
6620, 39.043
6621, 39.719
6622, 40.7
6623, 40.808
6624, 42.016
6625, 41.896
6626, 42.76
6627, 42.818
6628, 42.888
6629, 43.927
6630, 44.359
6631, 44.133
6632, 44.584
6633, 44.398
6634, 44.887
6635, 44.711
6636, 44.8
6637, 44.369
6638, 43.77
6639, 43.153
6640, 43.868
6641, 43.966
6642, 45.339
6643, 45.134
6644, 45.191
6645, 44.456
6646, 44.642
6647, 44.319
6648, 45.211
6649, 44.613
6650, 44.79
6651, 45.065
6652, 44.967
6653, 44.877
6654, 44.967
6655, 44.927
6656, 45.181
6657, 45.948
6658, 46.25
6659, 46.535
6660, 46.379
6661, 46.124
6662, 46.664
6663, 45.898
6664, 46.084
6665, 46.065
6666, 45.31
6667, 45.476
6668, 45.378
6669, 45.2
6670, 45.989
6671, 45.674
6672, 45.684
6673, 45.486
6674, 45.841
6675, 46.068
6676, 46.284
6677, 45.063
6678, 45.674
6679, 46.995
6680, 45.96
6681, 46.64
6682, 46.689
6683, 47.181
6684, 48.503
6685, 48.493
6686, 48.275
6687, 48.758
6688, 47.94
6689, 47.912
6690, 47.221
6691, 47.703
6692, 47.367
6693, 49.33
6694, 51.025
6695, 50.897
6696, 50.72
6697, 50.967
6698, 51.054
6699, 51.261
6700, 51.557
6701, 51.271
6702, 51.341
6703, 51.35
6704, 49.685
6705, 49.764
6706, 49.803
6707, 51.251
6708, 51.271
6709, 53.973
6710, 55.58
6711, 56.998
6712, 58.2
6713, 59.314
6714, 58.358
6715, 59.699
6716, 60.161
6717, 60.053
6718, 60.664
6719, 61.276
6720, 61.266
6721, 60.251
6722, 60.862
6723, 62.833
6724, 64.203
6725, 64.42
6726, 65.11
6727, 66.717
6728, 67.367
6729, 68.618
6730, 69.024
6731, 67.86
6732, 67.286
6733, 66.782
6734, 67.85
6735, 66.92
6736, 67.138
6737, 67.958
6738, 68.384
6739, 68.255
6740, 68.482
6741, 68.819
6742, 67.87
6743, 67.168
6744, 67.356
6745, 68.195
6746, 68.769
6747, 68.769
6748, 69.492
6749, 68.769
6750, 68.838
6751, 69.036
6752, 68.453
6753, 69.145
6754, 64.646
6755, 66.316
6756, 65.576
6757, 66.219
6758, 66.297
6759, 66.91
6760, 68.621
6761, 68.809
6762, 68.345
6763, 67.346
6764, 66.782
6765, 67.385
6766, 66.526
6767, 67.731
6768, 67.464
6769, 67.493
6770, 66.999
6771, 68.146
6772, 68.225
6773, 69.065
6774, 71.232
6775, 72.429
6776, 71.747
6777, 71.567
6778, 71.854
6779, 71.203
6780, 71.153
6781, 70.412
6782, 70.877
6783, 70.49
6784, 73.753
6785, 71.825
6786, 72.646
6787, 72.439
6788, 71.825
6789, 71.597
6790, 71.677
6791, 71.36
6792, 71.43
6793, 70.924
6794, 70.447
6795, 71.321
6796, 70.795
6797, 70.091
6798, 65.845
6799, 66.44
6800, 66.618
6801, 66.698
6802, 66.202
6803, 67.432
6804, 67.293
6805, 68.583
6806, 68.037
6807, 67.899
6808, 68.077
6809, 66.728
6810, 67.471
6811, 67.601
6812, 66.777
6813, 66.52
6814, 65.597
6815, 64.694
6816, 66.4
6817, 67.174
6818, 67.432
6819, 68.662
6820, 68.166
6821, 69.555
6822, 70.091
6823, 71.013
6824, 70.19
6825, 70.14
6826, 70.914
6827, 70.617
6828, 71.41
6829, 71.37
6830, 71.033
6831, 71.34
6832, 70.647
6833, 70.765
6834, 70.081
6835, 69.545
6836, 70.279
6837, 70.715
6838, 66.738
6839, 67.094
6840, 67.819
6841, 68.097
6842, 69.02
6843, 68.652
6844, 68.523
6845, 68.672
6846, 67.957
6847, 68.017
6848, 68.533
6849, 68.027
6850, 68.563
6851, 67.879
6852, 68.305
6853, 70.229
6854, 72.094
6855, 72.224
6856, 73.548
6857, 73.936
6858, 73.757
6859, 73.797
6860, 74.295
6861, 72.96
6862, 72.005
6863, 71.108
6864, 70.541
6865, 70.76
6866, 71.487
6867, 71.626
6868, 72.473
6869, 72.921
6870, 74.066
6871, 74.105
6872, 73.807
6873, 74.344
6874, 74.802
6875, 74.902
6876, 74.563
6877, 74.772
6878, 73.936
6879, 74.195
6880, 72.731
6881, 72.174
6882, 72.114
6883, 72.144
6884, 72.96
6885, 73.807
6886, 72.214
6887, 71.696
6888, 71.666
6889, 71.995
6890, 71.995
6891, 72.174
6892, 72.522
6893, 73.538
6894, 73.11
6895, 73.14
6896, 72.154
6897, 70.501
6898, 69.904
6899, 71.357
6900, 71.626
6901, 71.347
6902, 69.177
6903, 69.067
6904, 68.47
6905, 69.545
6906, 69.804
6907, 70.063
6908, 70.013
6909, 68.938
6910, 68.291
6911, 68.351
6912, 67.952
6913, 68.998
6914, 66.449
6915, 66.588
6916, 64.179
6917, 64.438
6918, 66.459
6919, 68.898
6920, 68.48
6921, 68.18
6922, 69.09
6923, 70.68
6924, 71.84
6925, 72.53
6926, 73.33
6927, 73.42
6928, 73.62
6929, 73.78
6930, 75.12
6931, 75.52
6932, 76.26
6933, 76.65
6934, 76.17
6935, 75.3
6936, 77.0
6937, 76.92
6938, 76.41
6939, 76.95
6940, 76.57
6941, 75.83
6942, 75.55
6943, 75.34
6944, 74.8
6945, 76.57
6946, 77.48
6947, 79.07
6948, 78.54
6949, 79.56
6950, 78.88
6951, 79.71
6952, 79.79
6953, 78.82
6954, 78.57
6955, 78.45
6956, 79.44
6957, 79.75
6958, 79.54
6959, 77.16
6960, 76.14
6961, 75.28
6962, 74.93
