0, -1
1, 2
2, 5
3, 6
4, 9
5, 1
6, -2
7, -11
8, -5
9, -12
10, 12
11, -2
12, -8
13, -16
14, -36
15, -13
16, -20
17, -36
18, -42
19, -46
20, -33
21, -36
22, -21
23, -24
24, -23
25, -24
26, -36
27, -34
28, -35
29, -39
30, -41
31, -40
32, -40
33, -38
34, -38
35, -45
36, -42
37, -44
38, -44
39, -44
40, -48
41, -49
42, -49
43, -51
44, -49
45, -52
46, -54
47, -54
48, -54
49, -54
50, -54
51, -54
52, -58
53, -58
54, -62
55, -62
56, -69
57, -101
58, -97
59, -132
60, -156
61, 26
62, 1541
63, 4330
64, 171
65, 2760
66, 4074
67, 3442
68, 2941
69, 3811
70, 4210
71, 4104
72, 4739
73, 4551
74, 5779
75, 5512
76, 5311
77, 5071
78, 4887
79, 4778
80, 4725
81, 4626
82, 5026
83, 4919
84, 4768
85, 4508
86, 2452
87, 2891
88, 3234
89, 3096
90, 2950
91, 2950
92, 2838
93, 2718
94, 2610
95, 2799
96, 2721
97, 2643
98, 2704
99, 2704
100, 3006
101, 2886
102, 2846
103, 2901
104, 2819
105, 3045
106, 5399
107, 7767
108, 6770
109, 7255
110, 7989
111, 7759
112, 8158
113, 7854
114, 8058
115, 8513
116, 8166
117, 7808
118, 7578
119, 7712
120, 7918
121, 9117
122, 8819
123, 9031
124, 8879
125, 8879
126, 8792
127, 8597
128, 8298
129, 8356
130, 8328
131, 8266
132, 8175
133, 7706
134, 7490
135, 7647
136, 7812
137, 8078
138, 7945
139, 7777
140, 7675
141, 7822
142, 7858
143, 7815
144, 7909
145, 7859
146, 7833
147, 7796
148, 7855
149, 7828
150, 7721
151, 7650
152, 7725
153, 7657
154, 7770
155, 6678
156, 6535
157, 6435
158, 6580
159, 6679
160, 6539
161, 6833
162, 7023
163, 6895
164, 6964
165, 6833
166, 6789
167, 6732
168, 6853
169, 7260
170, 7204
171, 7179
172, 7097
173, 6968
174, 6926
175, 6978
176, 6931
177, 6824
178, 6838
179, 6761
180, 6716
181, 6621
182, 6704
183, 6776
184, 6661
185, 6717
186, 6649
187, 6694
188, 6641
189, 6627
190, 6580
191, 6534
192, 6412
193, 6507
194, 6437
195, 6356
196, 6093
197, 6247
198, 6362
199, 6502
200, 6432
201, 6497
202, 6457
203, 6429
204, 6594
205, 6645
206, 6837
207, 7259
208, 6775
209, 6490
210, 6302
211, 6131
212, 6131
213, 6188
214, 6141
215, 6066
216, 5986
217, 5903
218, 5945
219, 5828
220, 5878
221, 5806
222, 5765
223, 5717
224, 5838
225, 6040
226, 6086
227, 6419
228, 6256
229, 6173
230, 6230
231, 6268
232, 6268
233, 6185
234, 6153
235, 6121
236, 6145
237, 6145
238, 6192
239, 6164
240, 6128
241, 6107
242, 6061
243, 6112
244, 6077
245, 6066
246, 6089
247, 6071
248, 5777
249, 5869
250, 5810
251, 3823
252, 3506
253, 3334
254, 3539
255, 3350
256, 3258
257, 3158
258, 2977
259, 3101
260, 3072
261, 3161
262, 3235
263, 3169
264, 3229
265, 3194
266, 3223
267, 3177
268, 3114
269, 3114
270, 3137
271, 3183
272, 3220
273, 3059
274, 3633
275, 3633
276, 3503
277, 3734
278, 4147
279, 4589
280, 4176
281, 4331
282, 4426
283, 4597
284, 4505
285, 4408
286, 4285
287, 4240
288, 4209
289, 4252
290, 4192
291, 4250
292, 4250
293, 4203
294, 4158
295, 4102
296, 4163
297, 4348
298, 4653
299, 4606
300, 4493
301, 4420
302, 4353
303, 4386
304, 4340
305, 4368
306, 4279
307, 4327
308, 4369
309, 4432
310, 4472
311, 4444
312, 4382
313, 4442
314, 4947
315, 5155
316, 5527
317, 5353
318, 5504
319, 5723
320, 6175
321, 6373
322, 6511
323, 6641
324, 6353
325, 6435
326, 6352
327, 6458
328, 6298
329, 6355
330, 6248
331, 7318
332, 6985
333, 7608
334, 7247
335, 7125
336, 6745
337, 7045
338, 6927
339, 6765
340, 6862
341, 7045
342, 7167
343, 8557
344, 8802
345, 10028
346, 8101
347, 7243
348, 6356
349, 5894
350, 5328
351, 4840
352, 4321
353, 5086
354, 4740
355, 4957
356, 4640
357, 4423
358, 3436
359, 3603
360, 4044
361, 5053
362, 4370
363, -488
364, -1345
365, -742
366, -1098
367, -239
368, 312
369, 976
370, 494
371, 844
372, 1197
373, 577
374, 992
375, 706
376, 109
377, -749
378, -385
379, -656
380, -360
381, -623
382, -383
383, -383
384, 1112
385, 345
386, 1024
387, 1780
388, 2385
389, 1753
390, 607
391, 2388
392, 1202
393, 693
394, 280
395, -283
396, -47
397, -532
398, -1150
399, -783
400, -109
401, -604
402, -1140
403, -1387
404, -1989
405, -2663
406, -2962
407, -3169
408, -3613
409, -4342
410, -4901
411, -4302
412, -3795
413, -3460
414, -3047
415, -3219
416, -3450
417, -3629
418, -3887
419, -4093
420, -3893
421, -4094
422, -3975
423, -3776
424, -3647
425, -3893
426, -3812
427, -3643
428, -3250
429, -3034
430, -2927
431, -3146
432, -3015
433, -2695
434, -2905
435, -2628
436, -2346
437, -2570
438, -2375
439, -2095
440, -1662
441, -1046
442, -1559
443, -1888
444, -1707
445, -1930
446, -2251
447, -2505
448, -2702
449, -2535
450, -2751
451, -2931
452, -2813
453, -2644
454, -2521
455, -2726
456, -3222
457, -3079
458, -3213
459, -3439
460, -3652
461, -3412
462, -3581
463, -3902
464, -3703
465, -3536
466, -3369
467, -3521
468, -4087
469, -4450
470, -4710
471, -4506
472, -4278
473, -4148
474, -4322
475, -4159
476, -3972
477, -4053
478, -4190
479, -4696
480, -4348
481, -7459
482, -5757
483, -5083
484, -5658
485, -6111
486, -4879
487, -5549
488, -5854
489, -6284
490, -6752
491, -6300
492, -6680
493, -6886
494, -7345
495, -7040
496, -7212
497, -6948
498, -7545
499, -7225
500, -7517
501, -7260
502, -6993
503, -7302
504, -7669
505, -8170
506, -8617
507, -8265
508, -8452
509, -8633
510, -8529
511, -8431
512, -8511
513, -8663
514, -8536
515, -8647
516, -8338
517, -8044
518, -8227
519, -7730
520, -7931
521, -8161
522, -7818
523, -7966
524, -8139
525, -7929
526, -8074
527, -8195
528, -8090
529, -8023
530, -8059
531, -8059
532, -7971
533, -8048
534, -7969
535, -8034
536, -8181
537, -8308
538, -8416
539, -8514
540, -8675
541, -8975
542, -8791
543, -8688
544, -8496
545, -8260
546, -8405
547, -8467
548, -8417
549, -8417
550, -8455
551, -8511
552, -8482
553, -8369
554, -8417
555, -8537
556, -8615
557, -8575
558, -8401
559, -8504
560, -8583
561, -8642
562, -8335
563, -8449
564, -8449
565, -8548
566, -8669
567, -8827
568, -8964
569, -9067
570, -9228
571, -9013
572, -9152
573, -9076
574, -9237
575, -9041
576, -9083
577, -9133
578, -9191
579, -9117
580, -9158
581, -9232
582, -9362
583, -9539
584, -9640
585, -9755
586, -10488
587, -10251
588, -9145
589, -8747
590, -8904
591, -8904
592, -9043
593, -8742
594, -8877
595, -8657
596, -8832
597, -8731
598, -8854
599, -8754
600, -8806
601, -8710
602, -8814
603, -8918
604, -8742
605, -8650
606, -8511
607, -8403
608, -8174
609, -7920
610, -7669
611, -8007
612, -6784
613, -6492
614, -6707
615, -7284
616, -7515
617, -7426
618, -7426
619, -7567
620, -7618
621, -7618
622, -7514
623, -7696
624, -7809
625, -7733
626, -7832
627, -7720
628, -7616
629, -7689
630, -7829
631, -8046
632, -8150
633, -8150
634, -8032
635, -8178
636, -8139
637, -8101
638, -8212
639, -8069
640, -8199
641, -8078
642, -7985
643, -7701
644, -8663
645, -9028
646, -8790
647, -8935
648, -9081
649, -9180
650, -9389
651, -9283
652, -9344
653, -9387
654, -9338
655, -9423
656, -9471
657, -9589
658, -9728
659, -9616
660, -9673
661, -9755
662, -9831
663, -9968
664, -9949
665, -10046
666, -10228
667, -10273
668, -10159
669, -10269
670, -10197
671, -10230
672, -10291
673, -10563
674, -10472
675, -10705
676, -10950
677, -11332
678, -11136
679, -10858
680, -10568
681, -10781
682, -10724
683, -10618
684, -10762
685, -10625
686, -10445
687, -10334
688, -10218
689, -10289
690, -10188
691, -10050
692, -9929
693, -9449
694, -9689
695, -9778
696, -9949
697, -10166
698, -10061
699, -10105
700, -10049
701, -10018
702, -9863
703, -9968
704, -10103
705, -10068
706, -10125
707, -10060
708, -9997
709, -10076
710, -9695
711, -9861
712, -9599
713, -9417
714, -9365
715, -9529
716, -9588
717, -9722
718, -9650
719, -9795
720, -9795
721, -9574
722, -9406
723, -4555
724, -5267
725, -3239
726, -4199
727, -5165
728, -6034
729, -5470
730, -10321
731, -11045
732, -10527
733, -9937
734, -10248
735, -9659
736, -10140
737, -11449
738, -11110
739, -11791
740, -12030
741, -11849
742, -11731
743, -11963
744, -11785
745, -11620
746, -11711
747, -11425
748, -11279
749, -11445
750, -11242
751, -10994
752, -11150
753, -11041
754, -11041
755, -10904
756, -10612
757, -10832
758, -10236
759, -10797
760, -11252
761, -11531
762, -11387
763, -11163
764, -11234
765, -11058
766, -10898
767, -10960
768, -11094
769, -11270
770, -11183
771, -11383
772, -11303
773, -11257
774, -11420
775, -11343
776, -11517
777, -11471
778, -11366
779, -11332
780, -11406
781, -11147
782, -11269
783, -11171
784, -11291
785, -11609
786, -11535
787, -11457
788, -11358
789, -11287
790, -11364
791, -11458
792, -11520
793, -11438
794, -11539
795, -11679
796, -11769
797, -11648
798, -11694
799, -11775
800, -11707
801, -11567
802, -11471
803, -11387
804, -11387
805, -11423
806, -11355
807, -11266
808, -12039
809, -12776
810, -12620
811, -12761
812, -12689
813, -12775
814, -12911
815, -12744
816, -12656
817, -12501
818, -12601
819, -12700
820, -12644
821, -12582
822, -12653
823, -12720
824, -12993
825, -12859
826, -13052
827, -13105
828, -13483
829, -13483
830, -13440
831, -13485
832, -13439
833, -13542
834, -13653
835, -13556
836, -13909
837, -13757
838, -14004
839, -13777
840, -13777
841, -13876
842, -13925
843, -13837
844, -13871
845, -13897
846, -13987
847, -14032
848, -13816
849, -13899
850, -13872
851, -13792
852, -13681
853, -13008
854, -12765
855, -12877
856, -12939
857, -13005
858, -12962
859, -13027
860, -13107
861, -13025
862, -12971
863, -12896
864, -12856
865, -12787
866, -12946
867, -13027
868, -13080
869, -13039
870, -13115
871, -13300
872, -13448
873, -13625
874, -12938
875, -12863
876, -12802
877, -12729
878, -12770
879, -12748
880, -12626
881, -12536
882, -12565
883, -12599
884, -12638
885, -12570
886, -12623
887, -12668
888, -12608
889, -12667
890, -12633
891, -12633
892, -12633
893, -12509
894, -12585
895, -12775
896, -12700
897, -12846
898, -12688
899, -12752
900, -12904
901, -13094
902, -12981
903, -13067
904, -13198
905, -13138
906, -13240
907, -13279
908, -13503
909, -13691
910, -13859
911, -13704
912, -13990
913, -14127
914, -13877
915, -13791
916, -13936
917, -14428
918, -15375
919, -15268
920, -15484
921, -15764
922, -15438
923, -15785
924, -15620
925, -15761
926, -15890
927, -16236
928, -16236
929, -16492
930, -16492
931, -16102
932, -16327
933, -15744
934, -15853
935, -16101
936, -16208
937, -15839
938, -15584
939, -15644
940, -15673
941, -15718
942, -15810
943, -15727
944, -15864
945, -15798
946, -15889
947, -15681
948, -15798
949, -15607
950, -15758
951, -15470
952, -15470
953, -15362
954, -15451
955, -15451
956, -15565
957, -15324
958, -15358
959, -15544
960, -15629
961, -15576
962, -15494
963, -15575
964, -15632
965, -15666
966, -15653
967, -15732
968, -15791
969, -15791
970, -15815
971, -15947
972, -16597
973, -16386
974, -16312
975, -16262
976, -16349
977, -16478
978, -16399
979, -16166
980, -16885
981, -16623
982, -16338
983, -16120
984, -16017
985, -15936
986, -15870
987, -15743
988, -15845
989, -15755
990, -15699
991, -15637
992, -15527
993, -15588
994, -15610
995, -15528
996, -15649
997, -15597
998, -15643
999, -15679
1000, -15763
1001, -15440
1002, -15474
1003, -15676
1004, -15554
1005, -15645
1006, -15583
1007, -15476
1008, -15515
1009, -15486
1010, -15563
1011, -15616
1012, -15653
1013, -15718
1014, -15618
1015, -15680
1016, -15540
1017, -15489
1018, -15534
1019, -15514
1020, -15574
1021, -15877
1022, -15784
1023, -15836
1024, -15862
1025, -15834
1026, -15851
1027, -15827
1028, -15756
1029, -15775
1030, -15781
1031, -15717
1032, -15717
1033, -15756
1034, -15743
1035, -15310
1036, -15437
1037, -15375
1038, -15435
1039, -15410
1040, -15415
1041, -15375
1042, -15386
1043, -15521
1044, -15623
1045, -15672
1046, -15603
1047, -15570
1048, -15653
1049, -15571
1050, -15541
1051, -15541
1052, -15533
1053, -15664
1054, -15818
1055, -15866
1056, -15952
1057, -15952
1058, -15927
1059, -16028
1060, -16148
1061, -16333
1062, -16229
1063, -16156
1064, -16070
1065, -16047
1066, -15898
1067, -15988
1068, -16055
1069, -15582
1070, -15534
1071, -15289
1072, -15352
1073, -15095
1074, -14923
1075, -14399
1076, -11987
1077, -12751
1078, -12914
1079, -13064
1080, -13219
1081, -13191
1082, -13038
1083, -12733
1084, -12597
1085, -12653
1086, -12953
1087, -12983
1088, -12934
1089, -13210
1090, -13502
1091, -13472
1092, -13411
1093, -13524
1094, -13473
1095, -13532
1096, -13518
1097, -13461
1098, -13408
1099, -13344
1100, -13583
1101, -13906
1102, -13985
1103, -14110
1104, -14004
1105, -13986
1106, -13903
1107, -14408
1108, -14408
1109, -14467
1110, -14425
1111, -14481
1112, -14463
1113, -14463
1114, -14476
1115, -14429
1116, -14470
1117, -14550
1118, -14604
1119, -14581
1120, -14617
1121, -14589
1122, -14622
1123, -14622
1124, -14607
1125, -14651
1126, -15325
1127, -15489
1128, -15501
1129, -15607
1130, -15650
1131, -15626
1132, -15570
1133, -15590
1134, -15641
1135, -15743
1136, -15872
1137, -16284
1138, -16379
1139, -16495
1140, -16334
1141, -16251
1142, -16312
1143, -16312
1144, -16472
1145, -16322
1146, -16480
1147, -16934
1148, -17256
1149, -17134
1150, -17221
1151, -17248
1152, -17547
1153, -17547
1154, -17686
1155, -17575
1156, -17489
1157, -17643
1158, -17856
1159, -17447
1160, -17719
1161, -17871
1162, -17453
1163, -17904
1164, -18265
1165, -13757
1166, -6310
1167, -10383
1168, -11624
1169, -10065
1170, -11114
1171, -11653
1172, -12094
1173, -10289
1174, -7232
1175, 37253
1176, -1117
1177, -5405
1178, 17533
1179, 12950
1180, 8787
1181, 5472
1182, 6868
1183, 8766
1184, 6026
1185, 8494
1186, 7524
1187, 6543
1188, 4784
1189, 4784
1190, 2587
1191, 4718
1192, 3571
1193, 2850
1194, 1713
1195, 1099
1196, 179
1197, 5609
1198, 13808
1199, -11720
1200, -18727
1201, -217
1202, -79341
1203, -112850
1204, -79794
1205, -96833
1206, -76821
1207, -33378
1208, -61930
1209, -78743
1210, -30349
1211, -38848
1212, -15751
1213, 18000
1214, 9339
1215, 71111
1216, 56577
1217, 47064
1218, 41230
1219, 35857
1220, 20182
1221, 26247
1222, 23554
1223, 31535
1224, 27713
1225, 23647
1226, 18678
1227, 29684
1228, 36742
1229, 30138
1230, 24486
1231, 8035
1232, 12130
1233, 9894
1234, 4768
1235, 2781
1236, 4801
1237, -1509
1238, -4876
1239, -9034
1240, -6346
1241, -10180
1242, -15594
1243, -21647
1244, -50758
1245, -26469
1246, -529485
1247, -569571
1248, -598613
1249, -493517
1250, -565673
1251, -590489
1252, -572769
1253, -593030
1254, -618916
1255, -564138
1256, -442488
1257, -478709
1258, -467908
1259, -483154
1260, -500903
1261, -508904
1262, -508904
1263, -557864
1264, -809599
1265, -842069
1266, -782784
1267, -814684
1268, -856527
1269, -871531
1270, -889596
1271, -907721
1272, -923313
1273, -933686
1274, -955559
1275, -849130
1276, -911985
1277, -934070
1278, -966352
1279, -993442
1280, -934047
1281, -955753
1282, -973000
1283, -995792
1284, -1014331
1285, -1025662
1286, -1010431
1287, -1020216
1288, -1028103
1289, -1024029
1290, -1028974
1291, -1035433
1292, -1049676
1293, -1029415
1294, -1032740
1295, -1032740
1296, -1028880
1297, -1018014
1298, -1016071
1299, -1006397
1300, -997997
1301, -1004142
1302, -1002034
1303, -1004840
1304, -1015978
1305, -1012313
1306, -1016960
1307, -1011901
1308, -1014778
1309, -1008645
1310, -996358
1311, -993212
1312, -998589
1313, -1000685
1314, -358152
1315, -2654629
1316, -2874028
1317, -2993266
1318, -3073860
1319, -2788132
1320, -2867910
1321, -2902637
1322, -2924968
1323, -2884530
1324, -2987607
1325, -2965957
1326, -2988306
1327, -3005270
1328, -2980636
1329, -2998602
1330, -3021932
1331, -3051734
1332, -3070518
1333, -3056699
1334, -3067269
1335, -3047029
1336, -3056923
1337, -3050853
1338, -2932364
1339, -2892028
1340, -2922084
1341, -2786748
1342, -2824588
1343, -2881092
1344, -2903629
1345, -2892257
1346, -2869744
1347, -2888728
1348, -2847614
1349, -2825894
1350, -2844432
1351, -2856993
1352, -2874089
1353, -2861324
1354, -2871584
1355, -2886564
1356, -2867163
1357, -2873433
1358, -2858572
1359, -2871002
1360, -2842233
1361, -2849039
1362, -2857687
1363, -2874787
1364, -2861952
1365, -2879878
1366, -2853780
1367, -2861010
1368, -2883600
1369, -2917551
1370, -2939941
1371, -2906609
1372, -2882945
1373, -2892928
1374, -2906116
1375, -2919890
1376, -2945634
1377, -2921106
1378, -2931469
1379, -2894256
1380, -2883621
1381, -2893625
1382, -2932537
1383, -2947934
1384, -2958307
1385, -2968313
1386, -2899514
1387, -2978985
1388, -3057810
1389, -3016790
1390, -3048451
1391, -3079761
1392, -3222038
1393, -3236559
1394, -3294513
1395, -3306370
1396, -3290474
1397, -3302239
1398, -3252960
1399, -3224854
1400, -3256432
1401, -3265505
1402, -3292045
1403, -3276796
1404, -3305469
1405, -3335708
1406, -3376627
1407, -3394947
1408, -3426192
