0, 11.25
1, 10.81
2, 10.815
3, 10.75
4, 10.45
5, 10.69
6, 10.75
7, 10.78
8, 10.84
9, 11.22
10, 10.9
11, 11.235
12, 11.19
13, 11.04
14, 11.14
15, 12.14
16, 11.82
17, 12.25
18, 12.5
19, 12.07
20, 11.82
21, 12.46
22, 13.57
23, 14.78
24, 15.78
25, 15.61
26, 14.74
27, 15.67
28, 15.92
29, 16.02
30, 15.2
31, 17.41
32, 19.21
33, 20.28
34, 22.0
35, 23.31
36, 24.1
37, 26.0
38, 26.39
39, 28.31
40, 24.68
41, 21.87
42, 24.3
43, 23.94
44, 26.67
45, 25.72
46, 26.54
47, 26.47
48, 24.64
49, 24.38
50, 24.46
51, 26.4
52, 26.79
53, 25.83
54, 26.49
55, 26.44
56, 25.97
57, 29.09
58, 31.48
59, 29.08
60, 27.83
61, 27.93
62, 27.28
63, 25.37
64, 25.16
65, 25.3
66, 22.92
67, 23.29
68, 23.4
69, 23.76
70, 22.47
71, 23.94
72, 20.48
73, 23.15
74, 21.81
75, 22.2
76, 21.79
77, 20.62
78, 21.27
79, 21.81
80, 21.23
