15.0, 68.50574712643677
16.0, 63.17093311312964
17.0, 47.79477947794779
18.0, 39.452332657200806
19.0, 37.61755485893417
20.0, 50.99150141643059
21.0, 42.82083862770012
22.0, 52.68138801261828
23.0, 49.653121902874126
24.0, 46.99792960662527
25.0, 44.02116402116402
26.0, 34.89461358313817
27.0, 28.780487804878092
28.0, 26.251390433815402
29.0, 27.302631578947384
30.0, 28.295454545454547
31.0, 39.97584541062805
32.0, 52.09580838323354
33.0, 49.95014955134597
34.0, 50.301204819277125
35.0, 54.6943231441048
36.0, 45.10582010582009
37.0, 49.63609898107712
38.0, 50.72046109510087
39.0, 52.41581259150805
40.0, 56.49635036496351
41.0, 54.66101694915252
42.0, 69.5121951219512
43.0, 77.09424083769633
44.0, 70.11904761904758
45.0, 69.42752740560289
46.0, 57.6864535768645
47.0, 60.675883256528394
48.0, 70.19230769230764
49.0, 75.54585152838423
50.0, 71.22153209109727
51.0, 78.68686868686865
52.0, 79.33398628795294
53.0, 80.64220183486235
54.0, 79.51356407857809
55.0, 85.46712802768162
56.0, 84.35609334485734
57.0, 82.28962818003907
58.0, 70.73170731707316
59.0, 67.53472222222221
60.0, 59.75422427035333
61.0, 52.4793388429752
62.0, 48.04216867469878
63.0, 37.749287749287745
64.0, 36.62750518313753
65.0, 30.828651685393282
66.0, 33.17503392130256
67.0, 32.764505119453915
68.0, 37.33162283515072
69.0, 30.1016949152542
70.0, 33.50751143043762
71.0, 32.58278145695364
72.0, 40.52388289676427
73.0, 39.69811320754717
74.0, 42.248995983935735
75.0, 56.5593087195601
76.0, 57.39599383667182
77.0, 61.4179719703215
78.0, 65.98759964570417
79.0, 63.02876480541455
80.0, 60.091324200913256
81.0, 53.3814247069432
82.0, 50.0
83.0, 46.28469113697404
84.0, 41.71322160148974
85.0, 43.45076784101171
86.0, 41.767441860465084
87.0, 44.1520467836257
88.0, 50.62240663900413
89.0, 38.18181818181815
90.0, 40.64837905236905
91.0, 42.064516129032256
92.0, 40.1477832512315
93.0, 54.601990049751265
94.0, 56.18247298919569
95.0, 61.904761904761905
96.0, 69.29637526652456
97.0, 77.93764988009596
98.0, 72.78835386338186
99.0, 66.88144329896909
100.0, 66.83870967741936
101.0, 72.54273504273505
102.0, 72.1861471861472
103.0, 68.76288659793815
104.0, 62.86043829296426
105.0, 65.66265060240964
106.0, 64.04230317273795
107.0, 61.74999999999997
108.0, 64.21052631578947
109.0, 72.02216066481995
110.0, 61.663066954643604
111.0, 67.9601990049751
112.0, 73.28326180257505
113.0, 78.7330316742081
114.0, 81.56862745098034
115.0, 67.15272448196471
116.0, 58.39616175462643
117.0, 61.25690607734807
118.0, 56.389065479974555
119.0, 63.54983202687567
120.0, 67.70601336302893
121.0, 66.91386195094123
122.0, 64.94907130017972
123.0, 50.029325513196476
124.0, 54.64852607709751
125.0, 52.69071555292725
126.0, 51.83246073298427
127.0, 42.51207729468598
128.0, 28.03787480273543
129.0, 35.54580362040592
130.0, 45.39473684210527
131.0, 48.23284823284822
132.0, 55.08697944122298
133.0, 46.04274985557481
134.0, 42.977190876350534
135.0, 41.66168559473999
136.0, 40.40579710144927
137.0, 52.82083075015498
138.0, 55.8840579710145
139.0, 52.28942905596382
140.0, 54.00457665903892
141.0, 57.38601823708209
142.0, 79.04411764705884
143.0, 73.9599383667181
144.0, 70.16769638128868
145.0, 48.42259721203229
146.0, 48.57351865398683
147.0, 50.30303030303029
148.0, 48.502556610664726
149.0, 45.604395604395584
150.0, 48.20295983086681
151.0, 41.7192429022082
152.0, 32.263978001833124
153.0, 34.27458617332029
154.0, 33.23442136498511
155.0, 29.525483304042112
156.0, 19.542421353670164
157.0, 30.735551663747785
158.0, 29.734513274336308
159.0, 41.73913043478263
160.0, 30.979827089337206
161.0, 35.65217391304353
162.0, 49.39919893190919
163.0, 63.907734056987806
164.0, 58.49546044098574
165.0, 58.118556701030904
166.0, 47.815820543093245
167.0, 42.23149113660066
168.0, 44.096871846619564
169.0, 55.53121577217961
170.0, 58.075601374570425
171.0, 52.34374999999999
172.0, 58.56164383561644
173.0, 62.65895953757224
174.0, 67.12184873949582
175.0, 64.27061310782241
176.0, 59.22798552472859
177.0, 45.77464788732395
178.0, 50.784077201447495
179.0, 56.24999999999998
180.0, 65.56776556776562
181.0, 80.38961038961038
182.0, 72.18788627935729
183.0, 70.3557312252965
184.0, 72.77167277167283
185.0, 60.7886089813801
186.0, 52.73159144893113
187.0, 49.81992797118847
188.0, 35.690235690235596
189.0, 35.29411764705873
190.0, 33.1910352187833
191.0, 33.6944745395449
192.0, 31.924360400444897
193.0, 21.523178807947005
194.0, 29.253731343283548
195.0, 21.92347466390899
196.0, 22.10636079249217
197.0, 21.861924686192438
198.0, 15.84051724137936
199.0, 16.838487972508645
200.0, 16.33333333333337
201.0, 16.799091940976183
202.0, 23.240371845949582
203.0, 23.026315789473728
204.0, 22.875816993464113
205.0, 30.735930735930737
206.0, 28.851540616246524
207.0, 32.339089481946644
208.0, 13.387096774193523
209.0, 26.962962962962976
210.0, 27.083333333333343
211.0, 22.327469553450598
212.0, 22.1476510067114
213.0, 26.03550295857987
214.0, 31.050955414012776
215.0, 34.59214501510574
216.0, 42.64900662251655
217.0, 44.230769230769255
218.0, 47.14494875549048
219.0, 40.863309352518016
220.0, 50.13020833333331
221.0, 52.12201591511936
222.0, 54.356846473029016
223.0, 51.54185022026427
224.0, 60.326894502228825
225.0, 57.18309859154932
226.0, 59.44363103953146
227.0, 51.1658031088083
228.0, 53.968253968253954
229.0, 50.55900621118015
230.0, 41.176470588235325
231.0, 46.837146702557206
232.0, 48.0794701986755
233.0, 52.63157894736843
234.0, 44.855305466237944
235.0, 52.2284122562674
236.0, 56.818181818181856
237.0, 55.32915360501567
238.0, 50.59422750424448
239.0, 52.557319223985886
240.0, 49.01315789473686
241.0, 57.86407766990295
242.0, 36.8839427662957
243.0, 44.37869822485208
244.0, 46.70571010248899
245.0, 38.392857142857096
246.0, 32.70524899057871
247.0, 27.6960784313725
248.0, 24.94481236203086
249.0, 14.558472553699218
250.0, 12.199999999999932
251.0, 8.673978065802572
252.0, 7.3355817875210505
253.0, 7.705934455270125
254.0, 7.219917012448107
255.0, 7.724252491694344
256.0, 27.03761755485891
257.0, 41.29886506935685
258.0, 35.53072625698324
259.0, 35.04132231404958
260.0, 38.283455674760035
261.0, 35.79725448785638
262.0, 39.903846153846146
263.0, 42.16675517790758
264.0, 45.31963470319634
265.0, 51.01171458998936
266.0, 58.583569405099155
267.0, 60.963172804532576
268.0, 68.12998859749146
269.0, 67.48013620885357
270.0, 58.01857585139321
271.0, 49.51600893521967
272.0, 61.07784431137724
273.0, 71.21212121212122
274.0, 68.75957120980092
275.0, 82.6048171275647
276.0, 82.22424794895171
277.0, 66.64068589243962
278.0, 65.66820276497695
279.0, 59.46643717728057
280.0, 56.01092896174863
281.0, 54.90196078431371
282.0, 53.82409177820269
283.0, 52.372093023255836
284.0, 56.81130171543896
285.0, 45.79158316633265
286.0, 34.99142367066898
287.0, 15.449915110356542
288.0, 15.542271562766857
289.0, 11.956521739130423
290.0, 13.960546282245843
291.0, 14.274631497284744
292.0, 13.227893601725413
293.0, 10.605187319884735
294.0, 13.63636363636364
295.0, 12.794612794612803
296.0, 8.909730363423193
297.0, 12.658959537572244
298.0, 12.56454388984507
299.0, 20.46223224351749
300.0, 33.33333333333333
301.0, 37.76091081593927
302.0, 41.847826086956516
303.0, 42.102065613608744
304.0, 41.13650401482398
305.0, 45.03042596348885
306.0, 46.93446088794924
307.0, 62.65286923800563
308.0, 56.99530516431925
309.0, 57.26415094339621
310.0, 62.83839212469236
311.0, 45.419103313840154
312.0, 45.21345407503236
313.0, 35.92233009708738
314.0, 30.769230769230774
315.0, 38.01546391752578
316.0, 28.456221198156697
317.0, 30.38130381303816
318.0, 27.944862155388478
319.0, 27.463054187192128
320.0, 37.81268179173939
321.0, 36.64036076662909
322.0, 39.533560864618885
323.0, 37.42595584275713
324.0, 30.081300813008127
325.0, 43.694004135079254
326.0, 45.62018220042046
327.0, 43.19840743198408
328.0, 36.8166089965398
329.0, 32.76877761413843
330.0, 50.078864353312284
331.0, 57.95297372060856
332.0, 56.43097643097642
333.0, 66.01347213717085
334.0, 59.334691106585204
335.0, 63.95663956639569
336.0, 63.61149110807114
337.0, 63.09362279511537
338.0, 64.40443213296399
339.0, 63.20687186828922
340.0, 66.79586563307495
341.0, 72.66338721011945
342.0, 76.11510791366906
343.0, 69.5317959468903
344.0, 64.4
345.0, 53.702051739518275
346.0, 62.31647634584013
347.0, 50.53037608486021
348.0, 47.636363636363654
349.0, 38.70417732310317
350.0, 36.49698015530634
351.0, 43.989071038251375
352.0, 39.65517241379314
353.0, 35.294117647058826
354.0, 22.589531680440814
355.0, 23.58581016299142
356.0, 28.133453561767368
357.0, 30.89108910891092
358.0, 27.78272484416742
359.0, 29.10447761194031
360.0, 20.997920997921014
361.0, 33.239171374764595
362.0, 32.44485294117648
363.0, 39.8984771573604
364.0, 37.67976989453499
365.0, 33.20039880358921
366.0, 40.74889867841411
367.0, 41.294642857142854
368.0, 43.63207547169812
369.0, 48.04878048780487
370.0, 42.51012145748989
371.0, 43.03112313937755
372.0, 60.65789473684212
373.0, 64.38709677419351
374.0, 65.8415841584158
375.0, 54.19630156472258
376.0, 67.58147512864488
377.0, 61.45833333333331
378.0, 71.99999999999996
379.0, 80.31007751937983
380.0, 84.95260663507106
381.0, 86.53395784543326
382.0, 89.25120772946859
383.0, 89.07975460122698
384.0, 86.7718446601942
385.0, 87.58542141230072
386.0, 85.84415584415586
387.0, 85.6200527704486
388.0, 75.40106951871662
389.0, 80.64516129032263
390.0, 82.03125000000004
391.0, 88.41059602649008
392.0, 88.82978723404257
393.0, 82.34597156398108
394.0, 69.44024205748867
395.0, 69.01840490797547
396.0, 65.31204644412193
397.0, 72.99435028248591
398.0, 65.85117227319063
399.0, 62.86019210245463
400.0, 54.63510848126236
401.0, 47.058823529411754
402.0, 54.15194346289751
403.0, 52.62237762237764
404.0, 43.914473684210506
405.0, 34.277620396600526
406.0, 32.42718446601944
407.0, 32.333010648596314
408.0, 32.42718446601941
409.0, 31.563421828908574
410.0, 33.36755646817255
411.0, 14.750000000000114
412.0, 16.1202185792351
413.0, 22.2509702457957
414.0, 23.149394347241
415.0, 24.71264367816103
416.0, 13.809523809523938
417.0, 13.853503184713489
418.0, 20.27833001988094
419.0, 18.819188191882134
420.0, 12.046204620462191
421.0, 12.046204620462191
422.0, 17.857142857143003
423.0, 17.355371900826583
424.0, 16.449511400651517
425.0, 17.17687074829938
426.0, 16.006339144215588
427.0, 15.200000000000017
428.0, 18.545454545454575
429.0, 21.65605095541403
430.0, 20.27833001988077
431.0, 20.816326530612287
432.0, 15.398230088495538
433.0, 18.893129770992388
434.0, 19.642857142857153
435.0, 20.08113590263693
436.0, 12.050359712230232
437.0, 22.7495908346973
438.0, 17.88931788931795
439.0, 17.617237008872053
440.0, 17.752234993614366
441.0, 23.333333333333385
442.0, 33.40227507755948
443.0, 30.558183538316015
444.0, 31.948565776458977
445.0, 28.96860986547088
446.0, 28.8908765652952
447.0, 27.522123893805315
448.0, 28.298453139217486
449.0, 28.479853479853503
450.0, 30.25291828793776
451.0, 23.24902723735407
452.0, 35.44973544973544
453.0, 35.90568060021437
454.0, 37.89592760180995
455.0, 27.61104441776712
456.0, 11.910669975186124
457.0, 14.644351464435147
458.0, 13.444302176696539
459.0, 23.26530612244899
460.0, 24.60431654676259
461.0, 35.64993564993566
462.0, 36.591809775429326
463.0, 46.37336504161713
464.0, 41.711229946524085
465.0, 47.61904761904762
466.0, 41.60493827160495
467.0, 44.0576230492197
468.0, 36.884422110552784
469.0, 38.75395987328405
470.0, 38.42931937172776
471.0, 31.458699472759236
472.0, 31.43107989464444
473.0, 34.75355054302425
474.0, 43.346303501945535
475.0, 42.99138606108065
476.0, 46.31178707224335
477.0, 41.26455906821963
478.0, 45.546372819100085
479.0, 45.69597069597069
480.0, 42.14103653355989
481.0, 41.695205479452056
482.0, 47.98029556650246
483.0, 48.82352941176471
484.0, 51.92909280500522
485.0, 58.041958041958054
486.0, 63.704630788485616
487.0, 65.8421672555948
488.0, 56.410256410256416
489.0, 39.6039603960396
490.0, 33.12101910828025
491.0, 30.87885985748217
492.0, 28.824833702882472
493.0, 25.60834298957127
494.0, 27.05018359853122
495.0, 21.551724137931032
496.0, 25.273522975929993
497.0, 29.442148760330582
498.0, 31.556039173014156
499.0, 40.552486187845304
500.0, 47.358121330724074
501.0, 50.139017608897134
502.0, 49.95383194829177
503.0, 61.56982670744137
504.0, 58.021133525456285
505.0, 54.66063348416287
506.0, 58.076923076923066
507.0, 58.19750719079577
508.0, 62.75992438563326
509.0, 70.94017094017096
510.0, 63.74622356495466
511.0, 63.26530612244898
512.0, 55.35553555355534
513.0, 49.67682363804247
514.0, 43.288241415192495
515.0, 23.506988564167727
516.0, 22.560975609756113
517.0, 21.11801242236028
518.0, 38.724373576309794
519.0, 49.515738498789354
520.0, 49.040767386091154
521.0, 53.75408052230686
522.0, 57.07070707070708
523.0, 54.37921077959577
524.0, 53.758325404376805
525.0, 53.88994307400379
526.0, 58.19672131147542
527.0, 54.98547918683447
528.0, 48.65800865800866
529.0, 56.02953240360953
530.0, 65.0936329588015
531.0, 57.41258741258741
532.0, 52.570093457943926
533.0, 46.723207401696214
534.0, 42.616033755274245
535.0, 37.62811127379209
536.0, 32.86052009456263
537.0, 34.946677604593916
538.0, 35.35269709543566
539.0, 32.90267011197244
540.0, 36.698858647936774
541.0, 36.065573770491795
542.0, 39.99999999999999
543.0, 33.72093023255812
544.0, 16.082224909310725
545.0, 24.41700960219474
546.0, 21.568627450980358
547.0, 28.656716417910417
548.0, 33.507853403141326
549.0, 37.49999999999995
550.0, 40.51724137931035
551.0, 39.99999999999999
552.0, 49.90328820116053
553.0, 51.94805194805196
554.0, 52.477064220183486
555.0, 58.847736625514415
556.0, 73.39055793991419
557.0, 71.88872620790633
558.0, 76.71875
559.0, 77.49244712990938
560.0, 62.33292831105712
561.0, 61.916461916461934
562.0, 68.91734575087311
563.0, 64.03995560488346
564.0, 48.14126394052043
565.0, 53.10924369747898
566.0, 56.844547563805115
567.0, 47.82016348773842
568.0, 45.54865424430642
569.0, 47.58471521268926
570.0, 41.181229773462796
571.0, 45.87087087087087
572.0, 44.051910598413855
573.0, 49.281045751633975
574.0, 59.13688469318947
575.0, 57.06594885598923
576.0, 51.28205128205128
577.0, 58.82352941176471
578.0, 69.96515679442508
579.0, 68.47110460863203
580.0, 68.14486326681448
581.0, 78.53492333901191
582.0, 73.52472089314195
583.0, 75.41353383458647
584.0, 74.69040247678018
585.0, 72.81795511221947
586.0, 78.92948173322004
587.0, 64.54219030520647
588.0, 58.54616895874264
589.0, 55.90994371482177
590.0, 63.857677902621724
591.0, 48.4251968503937
592.0, 53.33926981300089
593.0, 44.489465153970826
594.0, 36.51732882502113
595.0, 39.0717299578059
596.0, 37.61169780666124
597.0, 39.71742543171114
598.0, 36.335403726708066
599.0, 38.62275449101794
600.0, 32.8136073706591
601.0, 35.56067588325652
602.0, 39.493293591654236
603.0, 45.25056095736724
604.0, 38.4159881569208
605.0, 47.66214177978883
606.0, 35.817490494296564
607.0, 42.60504201680671
608.0, 44.59102902374669
609.0, 47.674418604651166
610.0, 54.62264150943397
611.0, 50.41237113402063
612.0, 55.54404145077721
613.0, 52.70121278941566
614.0, 61.99494949494948
615.0, 70.14755959137345
616.0, 68.00486618004868
617.0, 54.689265536723155
618.0, 61.42131979695432
619.0, 54.88165680473373
620.0, 73.68421052631578
621.0, 66.89075630252103
622.0, 68.15068493150686
623.0, 60.48387096774192
624.0, 59.95934959349595
625.0, 56.61605206073752
626.0, 56.14035087719297
627.0, 59.01639344262294
628.0, 57.29166666666666
629.0, 43.21329639889199
630.0, 62.92947558770343
631.0, 71.60493827160496
632.0, 69.04761904761902
633.0, 70.53231939163499
634.0, 68.68686868686869
635.0, 78.59848484848482
636.0, 78.44990548204154
637.0, 79.9614643545279
638.0, 82.9187396351575
639.0, 76.92307692307689
640.0, 77.64530551415794
641.0, 79.108635097493
642.0, 64.32616081540203
643.0, 65.27012127894156
644.0, 47.400241837968565
645.0, 44.49489216799093
646.0, 45.89595375722543
647.0, 43.89671361502348
648.0, 42.409638554216855
649.0, 34.79899497487435
650.0, 39.15094339622641
651.0, 39.05882352941176
652.0, 31.748071979434428
653.0, 32.203389830508456
654.0, 31.125827814569533
655.0, 34.26042983565107
656.0, 38.49431818181817
657.0, 34.78893740902474
658.0, 44.688026981450214
659.0, 61.91369606003754
660.0, 62.54612546125465
661.0, 67.72575250836121
662.0, 65.07413509060956
663.0, 71.26050420168067
664.0, 73.32293291731669
665.0, 73.95993836671802
666.0, 72.72727272727272
667.0, 76.9230769230769
668.0, 76.69902912621357
669.0, 75.12953367875647
670.0, 75.25951557093427
671.0, 77.5043936731107
672.0, 58.45070422535213
673.0, 58.567415730337075
674.0, 54.755434782608695
675.0, 50.44642857142857
676.0, 46.12244897959184
677.0, 48.771021992238026
678.0, 44.46002805049086
679.0, 46.98795180722892
680.0, 47.368421052631575
681.0, 48.262032085561515
682.0, 38.303030303030305
683.0, 28.62318840579708
684.0, 38.96882494004796
685.0, 34.636264929424556
686.0, 39.52912019826518
687.0, 36.623376623376636
688.0, 35.51637279596979
689.0, 37.63702801461632
690.0, 39.21319796954315
691.0, 35.7046979865772
692.0, 37.87289234760055
693.0, 44.624277456647405
694.0, 47.37442922374429
695.0, 41.11675126903553
696.0, 44.45664105378705
697.0, 51.542857142857144
698.0, 46.12452350698854
699.0, 49.522510231923604
700.0, 51.12676056338028
701.0, 49.34306569343066
702.0, 52.64797507788162
703.0, 51.282051282051285
704.0, 53.87205387205388
705.0, 51.65794066317629
706.0, 48.32089552238806
707.0, 28.009259259259238
708.0, 26.303317535544977
709.0, 54.17661097852027
710.0, 61.18598382749326
711.0, 56.097560975609795
712.0, 63.63636363636367
713.0, 58.06451612903225
714.0, 60.143198090692096
715.0, 58.94988066825776
716.0, 65.8482142857143
717.0, 66.22516556291393
718.0, 69.26605504587155
719.0, 60.4
720.0, 61.996161228406905
721.0, 60.60037523452156
722.0, 58.914728682170555
723.0, 50.467289719626166
724.0, 45.18828451882844
725.0, 45.41666666666665
726.0, 34.883720930232556
727.0, 37.68844221105526
728.0, 42.03980099502491
729.0, 35.50420168067227
730.0, 31.47321428571432
731.0, 31.473214285714363
732.0, 39.32806324110671
733.0, 46.666666666666664
734.0, 51.21951219512193
735.0, 51.32382892057025
736.0, 57.2202166064982
737.0, 44.736842105263165
738.0, 45.22691705790298
739.0, 48.75549048316253
740.0, 46.058091286307054
741.0, 52.6098901098901
742.0, 52.083333333333314
743.0, 63.004172461752425
744.0, 58.27725437415879
745.0, 52.651515151515135
746.0, 50.331125827814574
747.0, 44.297719087635066
748.0, 45.92074592074593
749.0, 44.51977401129945
750.0, 45.504994450610425
751.0, 54.08415841584158
752.0, 55.81098339719029
753.0, 54.71204188481675
754.0, 60.22099447513813
755.0, 58.739255014326666
756.0, 58.20029027576199
757.0, 48.42578710644677
758.0, 52.45641838351825
759.0, 61.974110032362454
760.0, 57.50798722044728
761.0, 67.03910614525141
762.0, 56.807511737089214
763.0, 62.05128205128201
764.0, 53.894080996884725
765.0, 39.89071038251371
766.0, 37.34015345268547
767.0, 26.914153132250632
768.0, 29.37219730941706
769.0, 40.78947368421053
770.0, 40.677966101694906
771.0, 42.60355029585799
772.0, 37.61301989150088
773.0, 27.36842105263156
774.0, 26.758147512864483
775.0, 26.08695652173911
776.0, 28.57142857142854
777.0, 29.391891891891902
778.0, 30.333333333333314
779.0, 31.542461005199286
780.0, 36.80430879712742
781.0, 47.680890538033395
782.0, 45.664739884393065
783.0, 29.330254041570385
784.0, 26.751592356687894
785.0, 33.96624472573838
786.0, 44.06047516198702
787.0, 47.33178654292346
788.0, 53.07692307692307
789.0, 48.47775175644029
790.0, 44.470588235294116
791.0, 51.670378619153674
792.0, 46.187363834422634
793.0, 57.60171306209848
794.0, 58.31578947368424
795.0, 63.19702602230483
796.0, 62.57088846880907
797.0, 65.4150197628459
798.0, 72.96222664015907
799.0, 68.17248459958934
800.0, 49.48630136986302
801.0, 57.21393034825869
802.0, 50.07320644216692
803.0, 56.7365269461078
804.0, 50.46604527296937
805.0, 47.257383966244724
806.0, 46.79665738161561
807.0, 45.81560283687943
808.0, 43.131462333825695
809.0, 30.569948186528464
810.0, 31.399317406143325
811.0, 29.29936305732481
812.0, 25.126475548060696
813.0, 24.628099173553707
814.0, 32.47863247863248
815.0, 37.672583826429985
816.0, 48.22222222222222
817.0, 41.474654377880164
818.0, 46.03580562659848
819.0, 47.738693467336695
820.0, 56.26598465473143
821.0, 61.65919282511213
822.0, 62.99559471365637
823.0, 62.99559471365637
824.0, 63.63636363636363
825.0, 71.13163972286372
826.0, 69.1441441441441
827.0, 71.56177156177155
828.0, 73.53579175704988
829.0, 64.72148541114053
830.0, 63.76021798365117
831.0, 66.47727272727269
832.0, 56.115107913669036
833.0, 52.214452214452216
834.0, 51.53664302600471
835.0, 50.839328537170225
836.0, 55.81896551724136
837.0, 49.6168582375479
838.0, 48.02371541501977
839.0, 41.335740072202164
840.0, 44.79717813051147
841.0, 44.40559440559441
842.0, 41.436464088397805
843.0, 48.489932885906036
844.0, 49.42339373970346
845.0, 45.112781954887225
846.0, 53.95683453237411
847.0, 54.54545454545455
848.0, 49.02309058614565
849.0, 37.044534412955485
850.0, 26.82403433476395
851.0, 33.9950372208437
852.0, 32.367149758454104
853.0, 45.63591022443888
854.0, 43.52331606217616
855.0, 42.639593908629465
856.0, 49.327354260089656
857.0, 36.792452830188694
858.0, 31.234866828087192
859.0, 36.134453781512576
860.0, 33.50649350649351
861.0, 39.84962406015039
862.0, 38.3132530120482
863.0, 45.02369668246443
864.0, 45.56354916067144
865.0, 42.380952380952365
866.0, 43.20388349514564
867.0, 31.234866828087192
868.0, 26.562499999999957
869.0, 27.045454545454533
870.0, 20.74074074074069
871.0, 25.994694960212144
872.0, 27.945205479452056
873.0, 36.7245657568238
874.0, 38.341968911917064
875.0, 32.328767123287605
876.0, 36.990595611285215
877.0, 39.0909090909091
878.0, 37.28323699421965
879.0, 44.352617079889804
880.0, 46.15384615384614
881.0, 57.558139534883715
882.0, 59.81873111782481
883.0, 54.696132596685075
884.0, 44.52926208651401
885.0, 41.81818181818184
886.0, 40.67357512953365
887.0, 28.030303030303074
888.0, 29.60000000000005
889.0, 30.70652173913048
890.0, 33.33333333333336
891.0, 32.05479452054797
892.0, 38.02395209580837
893.0, 27.61627906976743
894.0, 23.719676549865227
895.0, 23.513513513513473
896.0, 23.324396782841774
897.0, 27.329192546583826
898.0, 25.730994152046776
899.0, 41.09263657957244
900.0, 42.688679245283005
901.0, 44.581280788177324
902.0, 49.66139954853272
903.0, 46.08879492600422
904.0, 46.54088050314468
905.0, 43.70860927152317
906.0, 39.412997903563976
907.0, 43.478260869565226
908.0, 52.455357142857125
909.0, 57.569721115537824
910.0, 55.25812619502868
911.0, 57.064220183486235
912.0, 59.57854406130268
913.0, 49.56140350877194
914.0, 46.68094218415419
915.0, 46.68094218415419
916.0, 41.14942528735632
917.0, 45.09803921568629
918.0, 34.70225872689936
919.0, 34.29752066115702
920.0, 43.9842209072978
921.0, 43.50393700787401
922.0, 44.37984496124028
923.0, 42.60000000000001
924.0, 48.893805309734496
925.0, 55.491329479768794
926.0, 54.54545454545455
927.0, 60.25179856115108
928.0, 64.05693950177937
929.0, 56.162246489859584
930.0, 50.42016806722688
931.0, 47.01986754966888
932.0, 53.625377643504535
933.0, 57.122905027932966
934.0, 55.3779069767442
935.0, 55.45851528384279
936.0, 50.53929121725732
937.0, 49.28909952606635
938.0, 50.232558139534895
939.0, 43.78283712784589
940.0, 42.44482173174873
941.0, 36.44524236983842
942.0, 32.36363636363636
943.0, 48.588709677419345
944.0, 60.045662100456646
945.0, 68.14814814814811
946.0, 69.81132075471697
947.0, 65.95744680851062
948.0, 62.03966005665724
949.0, 57.783641160949855
950.0, 65.14423076923079
951.0, 49.3273542600897
952.0, 44.943820224719104
953.0, 39.56989247311829
954.0, 53.22580645161292
955.0, 51.21951219512195
956.0, 58.77551020408163
957.0, 47.97441364605546
958.0, 41.010101010100996
959.0, 36.96498054474708
960.0, 31.59851301115242
961.0, 25.615763546798036
962.0, 30.911901081916497
963.0, 33.067092651757164
964.0, 24.720893141945737
965.0, 26.182432432432407
966.0, 27.30434782608694
967.0, 28.807339449541246
968.0, 23.921568627450966
969.0, 29.083665338645446
970.0, 19.95515695067266
971.0, 20.36613272311213
972.0, 28.571428571428555
973.0, 29.411764705882348
974.0, 39.9014778325123
975.0, 56.557377049180296
976.0, 54.441260744985705
977.0, 52.285714285714285
978.0, 60.39603960396043
979.0, 65.82733812949635
980.0, 63.95759717314483
981.0, 69.23076923076925
982.0, 69.90595611285265
983.0, 67.67676767676764
984.0, 68.43853820598007
985.0, 70.54794520547945
986.0, 56.818181818181785
987.0, 65.12345679012344
988.0, 64.57680250783696
989.0, 65.96385542168676
990.0, 60.95238095238089
991.0, 62.90322580645161
992.0, 64.61038961038957
993.0, 63.782051282051256
994.0, 65.58441558441558
995.0, 50.91463414634145
996.0, 49.52978056426336
997.0, 53.868194842406915
998.0, 55.8904109589041
999.0, 59.302325581395344
1000.0, 59.47521865889215
1001.0, 54.87012987012982
1002.0, 55.591054313099065
1003.0, 49.27007299270075
1004.0, 54.2553191489362
1005.0, 51.194539249146764
1006.0, 45.624999999999986
1007.0, 51.147540983606554
1008.0, 50.66225165562913
1009.0, 58.84615384615386
1010.0, 60.8058608058608
1011.0, 48.55072463768113
1012.0, 36.688311688311714
1013.0, 38.853503184713354
1014.0, 46.909090909090885
1015.0, 44.59930313588854
1016.0, 33.333333333333385
1017.0, 24.18772563176897
1018.0, 18.081180811808167
1019.0, 16.225165562913958
1020.0, 15.909090909090963
1021.0, 27.855153203342624
1022.0, 31.84210526315792
1023.0, 40.145985401459825
1024.0, 40.8653846153846
1025.0, 37.037037037037024
1026.0, 46.36363636363636
1027.0, 54.26356589147288
1028.0, 49.81751824817519
1029.0, 49.10071942446042
1030.0, 52.71453590192643
1031.0, 60.13745704467356
