0, 11.5
1, 12.9
2, 12.7
3, 12.6
4, 12.88
5, 12.94
6, 12.81
7, 13.07
8, 13.01
9, 12.88
10, 12.7
11, 13.0
12, 12.75
13, 12.9
14, 12.63
15, 12.9
16, 12.99
17, 13.1
18, 12.76
19, 12.77
20, 12.54
21, 12.69
22, 13.75
23, 14.55
24, 14.5
25, 14.5
26, 14.83
27, 15.2
28, 15.22
29, 15.55
30, 15.89
31, 15.7
32, 15.4
33, 15.7
34, 15.85
35, 16.13
36, 16.17
37, 15.65
38, 16.1
39, 15.42
40, 14.81
41, 15.8
42, 16.03
43, 16.42
44, 16.95
45, 17.25
46, 16.7
47, 17.07
48, 17.54
49, 18.6
50, 18.46
51, 18.03
52, 18.82
53, 18.86
54, 19.73
55, 19.65
56, 19.56
57, 19.95
58, 20.16
59, 19.74
60, 21.37
61, 21.99
62, 20.46
63, 19.49
64, 19.92
65, 19.94
66, 19.78
67, 19.4
68, 19.01
69, 18.89
70, 18.56
71, 18.12
72, 18.4
73, 17.6
74, 18.5
75, 18.54
76, 18.07
77, 19.65
78, 20.57
79, 21.24
80, 19.93
81, 19.09
82, 18.76
83, 18.79
84, 18.86
85, 18.55
86, 18.13
87, 17.79
88, 19.27
89, 17.41
90, 17.61
91, 17.88
92, 18.54
93, 18.19
94, 19.0
95, 18.98
96, 20.34
97, 20.08
98, 20.41
99, 20.58
100, 20.84
101, 21.25
102, 20.75
103, 20.55
104, 20.61
105, 21.57
106, 22.08
107, 21.06
108, 21.19
109, 22.1
110, 23.27
111, 22.46
112, 21.68
113, 22.22
114, 21.29
115, 20.41
116, 19.33
117, 19.07
118, 19.18
119, 19.09
120, 19.63
121, 19.55
122, 19.98
123, 20.11
124, 20.31
125, 20.17
126, 21.48
127, 20.83
128, 19.82
129, 19.89
130, 20.01
131, 20.09
132, 19.97
133, 21.22
134, 22.98
135, 22.29
136, 22.2
137, 22.68
138, 22.95
139, 21.81
140, 22.04
141, 22.41
142, 22.12
143, 22.82
144, 24.96
145, 23.3
146, 23.72
147, 23.77
148, 25.1
149, 24.69
150, 23.93
151, 23.8
152, 23.96
153, 24.51
154, 25.25
155, 24.96
156, 23.92
157, 25.09
158, 23.87
159, 24.13
160, 25.09
161, 25.31
162, 25.41
163, 25.37
164, 25.68
165, 25.64
166, 25.59
167, 25.77
168, 26.24
169, 26.61
170, 26.53
171, 26.72
172, 26.11
173, 27.2
174, 27.57
175, 27.17
176, 26.95
177, 27.49
178, 27.91
179, 27.19
180, 26.18
181, 26.67
182, 27.4
183, 27.0
184, 27.55
185, 28.0
186, 27.91
187, 27.57
188, 27.16
189, 27.31
190, 27.02
191, 27.33
192, 26.79
193, 26.99
194, 27.94
195, 27.58
196, 27.94
197, 28.4
198, 29.11
199, 29.42
200, 29.14
201, 30.78
202, 30.76
203, 32.21
204, 32.31
205, 32.62
206, 32.06
207, 31.48
208, 31.9
209, 33.83
210, 32.61
211, 31.69
212, 32.53
213, 36.11
214, 39.8
215, 37.62
216, 37.62
217, 36.97
218, 38.6
219, 40.18
220, 39.89
221, 39.99
222, 39.5
223, 39.13
224, 38.81
225, 37.7
226, 36.35
227, 36.5
228, 38.0
229, 37.3
230, 38.16
231, 36.33
232, 34.48
233, 33.19
234, 32.27
235, 31.62
236, 33.12
237, 34.14
238, 35.11
239, 34.15
240, 33.51
241, 30.78
242, 30.82
243, 31.66
244, 31.7
245, 30.65
246, 30.1
247, 31.42
248, 31.45
249, 30.63
250, 33.44
251, 32.75
252, 32.46
253, 28.76
254, 29.45
255, 31.01
256, 30.32
257, 29.51
258, 27.07
259, 29.1
260, 30.68
261, 31.17
262, 31.64
263, 29.31
264, 30.26
265, 32.41
266, 32.93
267, 33.45
268, 32.99
269, 33.47
270, 33.68
271, 33.31
272, 32.67
273, 29.63
274, 29.44
275, 27.25
276, 27.31
277, 26.24
278, 22.47
279, 25.37
280, 25.87
281, 27.46
282, 24.75
283, 26.03
284, 24.57
285, 26.0
286, 29.89
287, 30.34
288, 30.54
289, 29.63
290, 30.35
291, 29.86
292, 24.73
293, 27.61
294, 26.12
295, 24.41
296, 24.92
297, 24.11
298, 22.28
299, 20.71
300, 18.52
301, 16.91
302, 22.12
303, 23.4
304, 19.9
305, 21.53
306, 23.25
307, 26.83
308, 25.43
309, 21.36
310, 20.44
311, 19.87
312, 18.96
313, 20.82
314, 21.3
315, 21.75
316, 21.25
317, 20.42
318, 22.62
319, 21.74
320, 21.23
321, 21.97
322, 22.91
323, 21.76
324, 21.43
325, 24.8
326, 22.63
327, 22.17
328, 21.96
329, 19.59
330, 15.18
331, 18.61
332, 20.05
333, 20.77
334, 23.37
335, 23.59
336, 21.57
337, 21.99
338, 21.85
339, 18.11
340, 17.21
341, 19.64
342, 19.85
343, 21.63
344, 21.41
345, 22.12
346, 23.8
347, 23.99
348, 22.64
349, 20.66
350, 21.29
351, 20.07
352, 20.86
353, 20.87
354, 21.91
355, 22.02
356, 22.43
357, 22.82
358, 22.24
359, 23.96
360, 23.95
361, 22.34
362, 22.09
363, 21.85
364, 20.73
365, 21.44
366, 20.04
367, 21.26
368, 22.11
369, 19.85
370, 21.32
371, 20.28
372, 21.7
373, 23.13
374, 22.83
375, 24.02
376, 24.63
377, 25.22
378, 24.49
379, 24.52
380, 24.65
381, 24.99
382, 26.35
383, 26.98
384, 25.43
385, 24.74
386, 24.88
387, 25.32
388, 22.49
389, 21.49
390, 21.68
391, 21.3
392, 20.5
393, 20.67
394, 20.2
395, 20.68
396, 19.95
397, 17.38
398, 18.25
399, 19.7
400, 19.73
401, 19.82
402, 19.72
403, 21.71
404, 21.46
405, 22.45
406, 22.61
407, 22.29
408, 23.37
409, 23.91
410, 26.55
411, 25.13
412, 27.09
413, 25.73
414, 27.27
415, 27.2
416, 26.3
417, 25.7
418, 25.59
419, 26.2
420, 27.98
421, 27.96
422, 26.16
423, 24.07
424, 25.24
425, 26.85
426, 27.01
427, 26.94
428, 25.48
429, 26.63
430, 27.7
431, 24.98
432, 24.91
433, 24.75
434, 24.65
435, 25.56
436, 25.39
437, 25.3
438, 26.88
439, 27.42
440, 27.57
441, 28.03
442, 27.47
443, 28.6
444, 29.01
445, 30.79
446, 30.22
447, 30.16
448, 29.0
449, 28.9
450, 27.72
451, 29.39
452, 29.93
453, 30.12
454, 29.4
455, 29.13
456, 29.61
457, 29.17
458, 30.8
459, 32.05
460, 31.99
461, 32.22
462, 30.29
463, 30.37
464, 31.9
465, 31.38
466, 31.9
467, 32.19
468, 33.21
469, 32.21
470, 31.53
471, 30.4
472, 29.18
473, 29.07
474, 29.35
475, 26.14
476, 26.51
477, 27.04
478, 28.5
479, 27.95
480, 28.71
481, 28.69
482, 29.65
483, 28.07
484, 27.26
485, 27.01
486, 25.85
487, 26.71
488, 26.76
489, 26.99
490, 27.77
491, 29.07
492, 29.2
493, 29.43
494, 30.6
495, 30.4
496, 30.46
497, 31.95
498, 32.06
499, 31.49
500, 30.44
501, 29.3
502, 30.34
503, 30.7
504, 33.04
505, 34.86
506, 34.58
507, 33.55
508, 34.43
509, 34.23
510, 34.21
511, 33.96
512, 33.78
513, 32.69
514, 31.5
515, 32.0
516, 32.93
517, 33.47
518, 34.02
519, 34.12
520, 33.2
521, 33.07
522, 33.33
523, 33.74
524, 32.59
525, 31.25
526, 32.07
527, 32.54
528, 33.0
529, 35.07
530, 35.98
531, 36.33
532, 36.79
533, 35.78
534, 38.39
535, 37.73
536, 36.96
537, 35.5
538, 35.95
539, 37.57
540, 37.2
541, 36.46
542, 35.27
543, 36.5
544, 36.24
545, 36.32
546, 34.94
547, 34.84
548, 36.41
549, 37.74
550, 37.87
551, 38.57
552, 38.5
553, 38.11
554, 39.48
555, 40.31
556, 42.14
557, 42.12
558, 41.58
559, 41.24
560, 40.96
561, 39.5
562, 38.9
563, 38.52
564, 38.88
565, 35.7
566, 39.12
567, 38.11
568, 38.01
569, 40.23
570, 40.23
571, 41.37
572, 41.15
573, 43.33
574, 42.84
575, 41.44
576, 41.11
577, 41.4
578, 42.84
579, 42.39
580, 42.02
581, 41.0
582, 40.64
583, 41.5
584, 41.97
585, 43.0
586, 41.02
587, 40.88
588, 42.54
589, 41.67
590, 40.92
591, 40.85
592, 41.26
593, 40.8
594, 40.86
595, 41.48
596, 41.26
597, 43.15
598, 44.2
599, 44.39
600, 44.54
601, 45.12
602, 45.09
603, 44.96
604, 45.87
605, 46.17
606, 45.95
607, 45.72
608, 44.98
609, 44.9
610, 47.39
611, 45.73
612, 45.93
613, 46.04
614, 46.99
615, 46.74
616, 44.96
617, 44.37
618, 44.37
619, 44.06
620, 44.91
621, 44.4
622, 43.87
623, 43.25
624, 44.08
625, 42.86
626, 45.0
627, 44.98
628, 44.87
629, 46.16
630, 47.44
631, 46.38
632, 44.92
633, 44.27
634, 44.59
635, 45.58
636, 45.29
637, 46.0
638, 45.41
639, 46.68
640, 46.96
641, 47.52
642, 47.75
643, 45.76
644, 45.16
645, 45.48
646, 46.79
647, 46.45
648, 48.03
649, 49.05
650, 49.65
651, 48.77
652, 50.04
653, 48.45
654, 49.55
655, 49.53
656, 50.2
657, 50.16
658, 50.14
659, 50.17
660, 51.34
661, 48.37
662, 48.16
663, 48.93
664, 49.76
665, 49.77
666, 48.36
667, 48.26
668, 49.7
669, 49.77
670, 50.36
671, 52.17
672, 53.55
673, 53.19
674, 54.05
675, 53.61
676, 54.64
677, 53.45
678, 53.47
679, 54.57
680, 55.28
681, 53.92
682, 53.39
683, 54.38
684, 53.8
685, 54.57
686, 56.54
687, 56.79
688, 54.45
689, 53.97
690, 54.7
691, 56.82
692, 58.87
693, 57.14
694, 54.48
695, 51.18
696, 49.05
697, 53.73
698, 53.84
699, 55.4
700, 55.71
701, 54.07
702, 51.25
703, 51.59
704, 50.39
705, 46.88
706, 48.0
707, 46.88
708, 47.42
709, 48.8
710, 51.81
711, 52.05
712, 51.92
713, 57.18
714, 59.57
715, 54.25
716, 53.42
717, 54.92
718, 55.1
719, 58.1
720, 58.84
721, 59.7
722, 60.96
723, 60.58
724, 59.61
725, 59.61
726, 58.72
727, 57.28
728, 56.84
729, 56.15
730, 59.1
731, 58.43
732, 55.62
733, 55.33
734, 54.03
735, 53.9
736, 54.0
737, 55.78
738, 55.1
739, 54.64
740, 54.18
741, 55.1
742, 55.19
743, 54.98
744, 53.07
745, 53.29
746, 57.29
747, 57.05
748, 57.7
749, 60.94
750, 61.16
751, 60.04
752, 60.48
753, 60.89
754, 59.98
755, 62.11
756, 62.36
757, 62.25
758, 62.39
759, 63.08
760, 63.19
761, 62.57
762, 59.8
763, 60.53
764, 60.6
765, 60.27
766, 62.38
767, 61.27
768, 60.56
769, 60.56
770, 61.16
771, 59.39
772, 58.0
773, 57.64
774, 58.69
775, 58.62
776, 58.42
777, 61.62
778, 62.45
779, 64.16
780, 63.35
781, 64.15
782, 63.36
783, 63.8
784, 65.95
785, 65.01
786, 64.8
787, 64.21
788, 63.16
789, 64.58
790, 64.49
791, 62.62
792, 62.84
793, 64.45
794, 63.24
795, 64.26
796, 65.64
797, 66.17
798, 67.49
799, 67.23
800, 68.9
801, 69.24
802, 67.88
803, 68.54
804, 68.78
805, 68.26
806, 69.76
807, 69.15
808, 69.25
809, 69.39
810, 66.98
811, 67.57
812, 67.52
813, 68.32
814, 68.33
815, 68.44
816, 68.55
817, 68.49
818, 68.67
819, 69.96
820, 71.46
821, 71.86
822, 76.97
823, 76.92
824, 77.73
825, 77.91
826, 78.1
827, 80.05
828, 76.2
829, 75.16
830, 75.64
831, 76.17
832, 77.47
833, 78.91
834, 79.58
835, 78.53
836, 81.14
837, 81.11
838, 82.38
839, 82.75
840, 83.45
841, 85.33
842, 85.91
843, 87.01
844, 86.86
845, 82.8
846, 84.76
847, 83.64
848, 82.81
849, 83.07
850, 84.06
851, 84.14
852, 84.71
853, 86.42
854, 88.43
855, 88.08
856, 87.15
857, 86.88
858, 87.42
859, 87.68
860, 87.2
861, 87.67
862, 88.91
863, 88.01
864, 86.51
865, 85.5
866, 86.3
867, 87.32
868, 88.65
869, 91.75
870, 91.97
871, 94.11
872, 95.02
873, 92.45
874, 90.0
875, 90.1
876, 89.11
877, 86.98
878, 90.32
879, 87.65
880, 91.25
881, 96.25
882, 96.0
883, 96.41
884, 96.51
885, 95.62
886, 96.02
887, 97.09
888, 97.32
889, 98.45
890, 99.03
891, 100.96
892, 101.71
893, 104.34
894, 105.52
895, 106.92
896, 108.2
897, 107.53
898, 109.79
899, 106.52
900, 106.53
901, 108.3
902, 108.49
903, 108.85
904, 108.58
905, 104.64
906, 101.67
907, 100.36
908, 101.06
909, 102.5
910, 102.88
911, 101.89
912, 104.81
913, 104.31
914, 108.33
915, 108.16
916, 104.66
917, 105.4
918, 105.86
919, 104.35
920, 106.34
921, 106.78
922, 107.3
923, 107.3
924, 109.4
925, 106.99
926, 104.7
927, 104.32
928, 106.19
929, 103.08
930, 98.85
931, 98.9
932, 100.09
933, 102.1
934, 100.31
935, 101.89
936, 104.87
937, 105.29
938, 105.7
939, 106.15
940, 105.96
941, 105.89
942, 106.85
943, 104.2
944, 100.5
945, 97.53
946, 94.0
947, 94.34
948, 96.02
949, 96.36
950, 92.46
951, 91.92
952, 90.53
953, 89.66
954, 90.72
955, 92.53
956, 91.72
957, 91.38
958, 88.86
959, 90.45
960, 93.71
961, 94.16
962, 95.13
963, 94.61
964, 91.89
965, 91.34
966, 91.17
967, 89.02
968, 87.93
969, 87.23
970, 89.62
971, 88.2
972, 86.54
973, 88.05
974, 86.32
975, 85.27
976, 84.79
977, 84.65
978, 86.91
979, 86.84
980, 86.17
981, 85.73
982, 85.31
983, 88.95
984, 90.45
985, 91.85
986, 91.81
987, 93.82
988, 92.6
989, 95.72
990, 94.09
991, 91.16
992, 90.87
993, 91.35
994, 89.94
995, 95.4
996, 94.52
997, 95.31
998, 97.56
999, 96.98
1000, 97.88
1001, 96.84
1002, 96.23
1003, 94.12
1004, 94.62
1005, 93.58
1006, 94.05
1007, 91.81
1008, 92.72
1009, 86.43
1010, 82.87
1011, 74.5
1012, 79.07
1013, 80.98
1014, 85.59
1015, 84.1
1016, 87.52
1017, 84.26
1018, 85.3
1019, 82.27
1020, 82.28
1021, 80.89
1022, 82.96
1023, 83.69
1024, 81.48
1025, 82.24
1026, 85.59
1027, 86.11
1028, 86.95
1029, 87.02
1030, 85.59
1031, 84.78
1032, 88.94
1033, 86.93
1034, 83.61
1035, 82.78
1036, 83.01
1037, 85.25
1038, 87.01
1039, 88.71
1040, 85.79
1041, 87.02
1042, 82.57
1043, 76.41
1044, 75.21
1045, 78.6
1046, 78.72
1047, 74.28
1048, 74.19
1049, 71.14
1050, 67.25
1051, 69.75
1052, 73.14
1053, 77.05
1054, 75.35
1055, 80.39
1056, 78.48
1057, 77.98
1058, 79.16
1059, 83.83
1060, 81.47
1061, 85.08
1062, 86.11
1063, 86.54
1064, 89.15
1065, 91.61
1066, 88.93
1067, 92.19
1068, 98.3
1069, 99.87
1070, 94.72
1071, 92.36
1072, 96.06
1073, 99.49
1074, 98.02
1075, 98.3
1076, 99.6
1077, 95.17
1078, 96.76
1079, 97.38
1080, 96.57
1081, 97.07
1082, 98.58
1083, 95.59
1084, 95.27
1085, 94.42
1086, 92.92
1087, 90.64
1088, 90.43
1089, 94.45
1090, 96.57
1091, 101.62
1092, 101.51
1093, 102.38
1094, 102.9
1095, 103.1
1096, 102.52
1097, 98.56
1098, 100.58
1099, 98.27
1100, 96.89
1101, 91.4
1102, 90.99
1103, 93.48
1104, 90.93
1105, 93.64
1106, 93.17
1107, 95.09
1108, 93.82
1109, 95.07
1110, 92.99
1111, 93.57
1112, 93.75
1113, 97.48
1114, 102.09
1115, 101.91
1116, 101.03
1117, 100.97
1118, 102.41
1119, 101.37
1120, 100.97
1121, 99.69
1122, 100.92
1123, 100.94
1124, 100.74
1125, 100.25
1126, 101.94
1127, 102.02
1128, 107.63
1129, 106.25
1130, 106.6
1131, 105.68
1132, 106.66
1133, 107.39
1134, 108.48
1135, 108.49
1136, 109.73
1137, 112.33
1138, 111.02
1139, 112.65
1140, 110.73
1141, 111.13
1142, 112.68
1143, 112.9
1144, 115.65
1145, 114.75
1146, 115.84
1147, 116.0
1148, 112.25
1149, 113.43
1150, 112.96
1151, 109.55
1152, 106.84
1153, 109.78
1154, 106.89
1155, 104.24
1156, 102.76
1157, 102.52
1158, 103.65
1159, 102.64
1160, 99.69
1161, 99.34
1162, 99.82
1163, 99.67
1164, 101.74
1165, 103.59
1166, 100.13
1167, 101.36
1168, 97.29
1169, 99.92
1170, 103.01
1171, 101.39
1172, 100.46
1173, 99.52
1174, 102.08
1175, 103.76
1176, 102.81
1177, 100.92
1178, 99.43
1179, 97.84
1180, 96.29
1181, 95.21
1182, 98.7
1183, 97.54
1184, 96.91
1185, 97.58
1186, 97.83
1187, 99.63
1188, 98.17
1189, 99.17
1190, 98.7
1191, 104.2
1192, 107.11
1193, 108.2
1194, 107.18
1195, 107.1
1196, 105.23
1197, 99.5
1198, 96.32
1199, 93.25
1200, 92.12
1201, 90.07
1202, 91.32
1203, 89.17
1204, 92.02
1205, 89.61
1206, 88.5
1207, 86.49
1208, 85.9
1209, 90.26
1210, 89.64
1211, 90.51
1212, 88.85
1213, 89.67
1214, 93.58
1215, 88.05
1216, 87.74
1217, 83.78
1218, 85.01
1219, 87.45
1220, 91.65
1221, 91.98
1222, 92.26
1223, 88.17
1224, 90.76
1225, 89.68
1226, 89.77
1227, 91.14
1228, 88.86
1229, 89.37
1230, 86.12
1231, 79.86
1232, 81.08
1233, 78.48
1234, 81.02
1235, 82.51
1236, 81.2
1237, 85.12
1238, 85.06
1239, 89.16
1240, 87.36
1241, 84.39
1242, 84.35
1243, 82.92
1244, 83.7
1245, 83.79
1246, 83.98
1247, 86.07
1248, 89.24
1249, 89.14
1250, 90.17
1251, 88.94
1252, 84.66
1253, 81.9
1254, 82.33
1255, 82.86
1256, 86.4
1257, 85.63
1258, 85.25
1259, 87.58
1260, 86.64
1261, 88.77
1262, 89.17
1263, 93.02
1264, 92.94
1265, 93.83
1266, 95.21
1267, 93.8
1268, 95.08
1269, 96.25
1270, 97.0
1271, 96.34
1272, 95.2
1273, 94.08
1274, 94.06
1275, 92.95
1276, 93.2
1277, 92.63
1278, 91.87
1279, 89.7
1280, 88.15
1281, 89.74
1282, 88.14
1283, 88.58
1284, 91.76
1285, 94.27
1286, 93.9
1287, 93.99
1288, 93.22
1289, 97.28
1290, 101.15
1291, 99.8
1292, 97.92
1293, 97.57
1294, 97.49
1295, 100.23
1296, 96.94
1297, 96.03
1298, 93.0
1299, 94.43
1300, 94.75
1301, 97.48
1302, 96.88
1303, 95.02
1304, 95.94
1305, 93.98
1306, 94.81
1307, 95.3
1308, 93.36
1309, 92.99
1310, 91.46
1311, 92.1
1312, 93.08
1313, 94.52
1314, 94.36
1315, 92.34
1316, 89.54
1317, 87.26
1318, 86.17
1319, 87.56
1320, 86.77
1321, 86.12
1322, 88.07
1323, 87.6
1324, 88.34
1325, 90.26
1326, 87.0
1327, 80.4
1328, 82.73
1329, 80.97
1330, 80.42
1331, 80.06
1332, 80.32
1333, 79.14
1334, 81.57
1335, 79.65
1336, 80.45
1337, 81.24
1338, 78.9
1339, 78.62
1340, 78.12
1341, 80.46
1342, 80.26
1343, 78.78
1344, 77.8
1345, 81.63
1346, 81.07
1347, 81.67
1348, 82.59
1349, 83.67
1350, 84.01
1351, 81.69
1352, 82.39
1353, 82.69
1354, 83.71
1355, 81.67
1356, 81.26
1357, 79.49
1358, 78.71
1359, 79.03
1360, 78.15
1361, 78.87
1362, 80.56
1363, 81.96
1364, 83.63
1365, 83.78
1366, 83.6
1367, 85.02
1368, 84.8
1369, 86.4
1370, 85.83
1371, 86.41
1372, 87.46
1373, 87.01
1374, 88.3
1375, 89.2
1376, 90.64
1377, 89.45
1378, 90.35
1379, 91.9
1380, 90.53
1381, 91.54
1382, 91.49
1383, 91.22
1384, 91.38
1385, 90.46
1386, 90.67
1387, 92.08
1388, 91.82
1389, 96.15
1390, 96.52
1391, 96.16
1392, 93.96
1393, 96.45
1394, 96.44
1395, 97.79
1396, 94.67
1397, 92.85
1398, 94.75
1399, 90.21
1400, 89.07
1401, 89.5
1402, 89.96
1403, 88.39
1404, 88.22
1405, 88.89
1406, 87.93
1407, 90.92
1408, 92.5
1409, 91.36
1410, 91.48
1411, 94.09
1412, 96.82
1413, 96.19
1414, 96.38
1415, 93.01
1416, 94.7
1417, 93.45
1418, 94.93
1419, 97.16
1420, 98.69
1421, 98.36
1422, 97.43
1423, 97.35
1424, 94.02
1425, 91.07
1426, 89.68
1427, 89.23
1428, 91.85
1429, 92.14
1430, 91.01
1431, 90.11
1432, 86.5
1433, 80.5
1434, 83.48
1435, 81.16
1436, 82.39
1437, 82.7
1438, 85.21
1439, 84.39
1440, 86.72
1441, 86.44
1442, 85.08
1443, 86.16
1444, 86.13
1445, 83.74
1446, 80.14
1447, 83.29
1448, 82.57
1449, 83.47
1450, 84.33
1451, 82.81
1452, 81.48
1453, 81.45
1454, 82.51
1455, 81.04
1456, 81.0
1457, 83.2
1458, 84.16
1459, 82.7
1460, 81.95
1461, 81.33
1462, 80.52
1463, 83.16
1464, 83.39
1465, 84.18
1466, 83.66
1467, 84.42
1468, 86.27
1469, 88.03
1470, 87.93
1471, 89.4
1472, 88.5
1473, 85.95
1474, 85.54
1475, 86.95
1476, 86.31
1477, 87.35
1478, 87.81
1479, 87.42
1480, 84.59
1481, 85.18
1482, 84.42
1483, 85.59
1484, 85.97
1485, 84.8
1486, 83.72
1487, 83.95
1488, 84.6
1489, 85.99
1490, 87.07
1491, 86.46
1492, 88.34
1493, 88.3
1494, 88.14
1495, 87.26
1496, 87.03
1497, 86.3
1498, 86.26
1499, 87.5
1500, 89.48
1501, 90.93
1502, 90.81
1503, 88.13
1504, 88.01
1505, 87.07
1506, 88.06
1507, 88.9
1508, 89.69
1509, 95.12
1510, 94.54
1511, 94.39
1512, 95.01
1513, 94.0
1514, 97.85
1515, 98.5
1516, 95.85
1517, 94.42
1518, 93.51
1519, 93.56
1520, 94.32
1521, 92.41
1522, 92.84
1523, 91.92
1524, 95.0
1525, 96.16
1526, 96.89
1527, 95.88
1528, 98.03
1529, 96.41
1530, 96.51
1531, 96.94
1532, 97.3
1533, 99.49
1534, 99.84
1535, 100.98
1536, 100.8
1537, 103.14
1538, 103.78
1539, 103.13
1540, 103.06
1541, 104.01
1542, 105.88
1543, 105.42
1544, 103.99
1545, 105.14
1546, 106.69
1547, 107.5
1548, 109.29
1549, 107.93
1550, 108.81
1551, 113.65
1552, 114.04
1553, 113.99
1554, 115.24
1555, 111.8
1556, 109.14
1557, 107.45
1558, 109.66
1559, 110.29
1560, 110.41
1561, 111.41
1562, 117.03
1563, 119.13
1564, 120.72
1565, 117.98
1566, 113.13
1567, 109.04
1568, 112.02
1569, 112.54
1570, 110.0
1571, 112.92
1572, 112.0
1573, 110.61
1574, 107.77
1575, 112.17
1576, 111.26
1577, 106.88
1578, 105.8
1579, 110.2
1580, 112.54
1581, 107.23
1582, 110.38
1583, 111.14
1584, 110.9
1585, 107.09
1586, 105.54
1587, 104.24
1588, 106.89
1589, 106.09
1590, 104.67
1591, 107.43
1592, 104.17
1593, 103.93
1594, 102.82
1595, 103.66
1596, 105.04
1597, 103.9
1598, 99.6
1599, 98.99
1600, 100.02
1601, 98.12
1602, 99.78
1603, 100.14
1604, 100.72
1605, 101.68
1606, 103.27
1607, 104.96
1608, 106.47
1609, 106.5
1610, 106.57
1611, 106.28
1612, 108.26
1613, 106.46
1614, 108.0
1615, 103.14
1616, 102.62
1617, 100.4
1618, 101.1
1619, 100.61
1620, 98.71
1621, 98.9
1622, 95.63
1623, 99.26
1624, 99.64
1625, 100.8
1626, 99.6
1627, 99.39
1628, 101.94
1629, 99.51
1630, 96.89
1631, 96.0
1632, 97.82
1633, 95.78
1634, 96.91
1635, 97.79
1636, 96.41
1637, 99.83
1638, 100.34
1639, 104.63
1640, 108.14
1641, 108.45
1642, 108.46
1643, 110.22
1644, 110.69
1645, 111.99
1646, 115.85
1647, 114.83
1648, 116.27
1649, 114.7
1650, 118.55
1651, 119.0
1652, 117.82
1653, 119.9
1654, 121.13
1655, 122.45
1656, 122.8
1657, 120.85
1658, 121.81
1659, 121.6
1660, 120.52
1661, 117.62
1662, 116.69
1663, 116.13
1664, 118.37
1665, 118.07
1666, 119.22
1667, 117.05
1668, 116.66
1669, 120.22
1670, 119.48
1671, 119.64
1672, 118.33
1673, 122.19
1674, 124.35
1675, 122.5
1676, 124.31
1677, 125.61
1678, 125.85
1679, 124.92
1680, 121.35
1681, 124.97
1682, 126.88
1683, 123.73
1684, 125.32
1685, 127.23
1686, 129.71
1687, 131.97
1688, 133.2
1689, 133.39
1690, 131.04
1691, 132.72
1692, 133.6
1693, 128.7
1694, 127.9
1695, 130.67
1696, 130.45
1697, 130.03
1698, 131.65
1699, 131.62
1700, 131.22
1701, 134.6
1702, 133.61
1703, 134.48
1704, 129.94
1705, 131.99
1706, 132.49
1707, 130.74
1708, 130.1
1709, 130.57
1710, 131.01
1711, 132.58
1712, 132.25
1713, 130.75
1714, 131.56
1715, 129.98
1716, 133.25
1717, 131.8
1718, 131.19
1719, 132.39
1720, 133.77
1721, 133.36
1722, 134.83
1723, 133.81
1724, 133.88
1725, 137.46
1726, 138.77
1727, 141.83
1728, 140.09
1729, 137.83
1730, 139.3
1731, 140.46
1732, 143.26
1733, 143.2
1734, 136.39
1735, 140.29
1736, 139.18
1737, 142.04
1738, 144.5
1739, 142.72
1740, 140.38
1741, 142.33
1742, 142.43
1743, 144.5
1744, 147.88
1745, 147.76
1746, 146.56
1747, 148.0
1748, 141.86
1749, 145.53
1750, 142.78
1751, 144.99
1752, 145.38
1753, 146.31
1754, 147.21
1755, 147.45
1756, 146.37
1757, 145.04
1758, 145.9
1759, 144.52
1760, 140.8
1761, 136.56
1762, 141.2
1763, 135.71
1764, 136.22
1765, 130.92
1766, 133.33
1767, 133.87
1768, 130.91
1769, 131.46
1770, 127.95
1771, 129.5
1772, 129.28
1773, 128.21
1774, 130.3
1775, 133.09
1776, 132.29
1777, 138.28
1778, 137.72
1779, 137.5
1780, 139.0
1781, 142.04
1782, 139.16
1783, 140.22
1784, 135.06
1785, 135.72
1786, 130.45
1787, 129.35
1788, 131.96
1789, 132.9
1790, 130.46
1791, 131.51
1792, 133.65
1793, 134.28
1794, 132.36
1795, 131.71
1796, 126.63
1797, 125.83
1798, 127.7
1799, 126.23
1800, 127.45
1801, 130.07
1802, 125.39
1803, 121.44
1804, 120.36
1805, 116.92
1806, 116.6
1807, 115.14
1808, 114.5
1809, 109.46
1810, 105.56
1811, 97.92
1812, 97.18
1813, 101.74
1814, 104.66
1815, 104.84
1816, 105.18
1817, 110.6
1818, 106.25
1819, 110.92
1820, 108.99
1821, 105.46
1822, 107.47
1823, 108.97
1824, 106.76
1825, 109.03
1826, 106.44
1827, 102.72
1828, 106.49
1829, 112.2
1830, 117.88
1831, 115.58
1832, 116.43
1833, 115.53
1834, 114.97
1835, 117.84
1836, 114.13
1837, 114.98
1838, 115.16
1839, 117.83
1840, 121.0
1841, 118.42
1842, 115.39
1843, 112.15
1844, 95.25
1845, 92.43
1846, 93.28
1847, 96.86
1848, 96.88
1849, 95.44
1850, 86.99
1851, 90.72
1852, 86.71
1853, 85.95
1854, 85.36
1855, 83.01
1856, 83.55
1857, 91.59
1858, 93.97
1859, 98.98
1860, 97.18
1861, 99.9
1862, 99.86
1863, 100.63
1864, 100.41
1865, 99.39
1866, 99.75
1867, 101.01
1868, 96.11
1869, 94.18
1870, 91.99
1871, 96.4
1872, 99.42
1873, 95.08
1874, 96.98
1875, 100.66
1876, 100.51
1877, 105.0
1878, 105.67
1879, 108.49
1880, 106.4
1881, 106.72
1882, 110.66
1883, 112.57
1884, 106.46
1885, 106.46
1886, 110.85
1887, 116.02
1888, 115.72
1889, 109.81
1890, 113.04
1891, 114.48
1892, 112.04
1893, 110.25
1894, 110.98
1895, 115.6
1896, 117.11
1897, 118.16
1898, 118.26
1899, 118.37
1900, 117.22
1901, 117.07
1902, 113.35
1903, 116.78
1904, 112.97
1905, 108.92
1906, 113.92
1907, 114.78
1908, 114.16
1909, 113.46
1910, 111.11
1911, 110.49
1912, 106.59
1913, 107.82
1914, 106.76
1915, 105.49
1916, 108.28
1917, 105.84
1918, 107.4
1919, 106.2
1920, 108.18
1921, 105.73
1922, 106.24
1923, 108.45
1924, 111.77
1925, 112.84
1926, 114.99
1927, 115.92
1928, 118.13
1929, 119.35
1930, 121.16
1931, 121.0
1932, 119.75
1933, 122.2
1934, 120.91
1935, 119.44
1936, 122.26
1937, 125.04
1938, 125.57
1939, 124.75
1940, 125.48
1941, 123.27
1942, 123.6
1943, 126.48
1944, 125.84
1945, 125.04
1946, 126.01
1947, 128.31
1948, 126.66
1949, 124.6
1950, 126.74
1951, 121.04
1952, 120.1
1953, 117.12
1954, 118.3
1955, 115.35
1956, 119.59
1957, 118.07
1958, 114.15
1959, 115.84
1960, 118.66
1961, 116.61
1962, 118.9
1963, 122.03
1964, 121.49
1965, 119.45
1966, 118.52
1967, 117.31
1968, 120.3
1969, 120.26
1970, 122.25
1971, 119.59
1972, 118.04
1973, 118.16
1974, 120.23
1975, 122.55
1976, 125.67
1977, 124.4
1978, 123.95
1979, 124.09
1980, 125.0
1981, 124.17
1982, 123.92
1983, 123.7
1984, 125.48
1985, 124.74
1986, 120.9
1987, 117.07
1988, 112.59
1989, 111.97
1990, 113.86
1991, 111.61
1992, 112.37
1993, 107.39
1994, 109.49
1995, 106.85
1996, 109.73
1997, 108.44
1998, 110.17
1999, 111.25
2000, 108.1
2001, 107.51
2002, 105.04
2003, 102.65
2004, 104.18
2005, 105.41
2006, 105.62
2007, 103.01
2008, 99.19
2009, 102.19
2010, 106.78
2011, 108.45
2012, 106.56
2013, 104.5
2014, 105.15
2015, 105.95
2016, 108.96
2017, 107.32
2018, 111.76
2019, 111.93
2020, 114.09
2021, 109.97
2022, 110.13
2023, 109.78
2024, 110.57
2025, 105.59
2026, 104.15
2027, 100.77
2028, 95.38
2029, 92.53
2030, 95.09
2031, 102.99
2032, 105.83
2033, 108.16
2034, 103.16
2035, 105.57
2036, 106.42
2037, 104.47
2038, 106.92
2039, 101.58
2040, 102.01
2041, 98.62
2042, 96.27
2043, 98.1
2044, 104.93
2045, 105.27
2046, 102.67
2047, 104.38
2048, 103.0
2049, 100.98
2050, 101.73
2051, 100.96
2052, 95.14
2053, 96.6
2054, 98.3
2055, 98.21
2056, 102.62
2057, 107.55
2058, 107.56
2059, 111.04
2060, 116.43
2061, 115.9
2062, 115.08
2063, 115.6
2064, 115.61
2065, 116.2
2066, 116.63
2067, 111.73
2068, 113.85
2069, 111.76
2070, 112.83
2071, 112.6
2072, 111.45
2073, 110.78
2074, 114.78
2075, 116.0
2076, 115.91
2077, 115.14
2078, 117.83
2079, 116.75
2080, 113.2
2081, 111.43
2082, 111.53
2083, 111.34
2084, 107.18
2085, 104.81
2086, 104.92
2087, 107.76
2088, 109.08
2089, 112.06
2090, 109.12
2091, 108.71
2092, 109.5
2093, 112.53
2094, 111.0
2095, 108.3
2096, 109.44
2097, 111.91
2098, 106.0
2099, 106.2
2100, 105.84
2101, 99.59
2102, 100.19
2103, 99.36
2104, 103.7
2105, 98.99
2106, 102.43
2107, 108.57
2108, 102.15
2109, 95.47
2110, 91.97
2111, 86.67
2112, 88.41
2113, 96.54
2114, 95.77
2115, 90.5
2116, 92.72
2117, 91.58
2118, 92.86
2119, 90.29
2120, 91.05
2121, 84.29
2122, 82.42
2123, 84.42
2124, 82.17
2125, 80.52
2126, 78.4
2127, 80.95
2128, 77.07
2129, 75.98
2130, 72.52
2131, 81.39
2132, 85.87
2133, 80.68
2134, 88.15
2135, 87.94
2136, 91.08
2137, 95.13
2138, 92.01
2139, 88.92
2140, 91.3
2141, 90.0
2142, 87.27
2143, 87.15
2144, 85.58
2145, 85.97
2146, 84.9
2147, 87.15
2148, 88.14
2149, 95.51
2150, 93.96
2151, 92.29
2152, 94.97
2153, 90.87
2154, 91.54
2155, 88.78
2156, 91.93
2157, 90.24
2158, 91.24
2159, 96.74
2160, 97.23
2161, 98.16
2162, 101.15
2163, 95.45
2164, 96.68
2165, 96.84
2166, 102.06
2167, 102.19
2168, 102.5
2169, 105.37
2170, 104.96
2171, 104.9
2172, 104.33
2173, 103.36
2174, 101.54
2175, 103.61
2176, 101.85
2177, 103.49
2178, 101.95
2179, 101.04
2180, 101.13
2181, 97.9
2182, 97.48
2183, 101.9
2184, 103.13
2185, 105.2
2186, 104.71
2187, 107.09
2188, 107.28
2189, 107.8
2190, 104.65
2191, 107.34
2192, 110.03
2193, 111.99
2194, 112.01
2195, 114.26
2196, 113.2
2197, 118.96
2198, 121.51
2199, 119.03
2200, 116.17
2201, 117.06
2202, 112.83
2203, 111.55
2204, 116.91
2205, 114.66
2206, 113.53
2207, 117.09
2208, 116.53
2209, 117.53
2210, 115.83
2211, 118.16
2212, 118.83
2213, 116.84
2214, 116.89
2215, 117.77
2216, 117.64
2217, 117.68
2218, 120.25
2219, 122.4
2220, 122.19
2221, 121.34
2222, 121.3
2223, 120.98
2224, 119.35
2225, 120.51
2226, 126.26
2227, 126.29
2228, 124.47
2229, 119.78
2230, 119.67
2231, 122.46
2232, 122.16
2233, 117.84
2234, 120.81
2235, 122.45
2236, 125.55
2237, 125.74
2238, 129.95
2239, 121.06
2240, 115.48
2241, 118.81
2242, 120.5
2243, 119.27
2244, 119.03
2245, 116.56
2246, 118.33
2247, 115.83
2248, 118.39
2249, 118.28
2250, 122.35
2251, 121.04
2252, 123.3
2253, 122.98
2254, 122.15
2255, 121.48
2256, 121.56
2257, 121.16
2258, 122.84
2259, 118.47
2260, 120.74
2261, 119.61
2262, 119.66
2263, 124.2
2264, 118.09
2265, 121.29
2266, 126.01
2267, 125.9
2268, 128.92
2269, 129.88
2270, 129.46
2271, 128.5
2272, 132.13
2273, 133.73
2274, 136.44
2275, 131.78
2276, 132.79
2277, 135.44
2278, 134.0
2279, 133.24
2280, 134.02
2281, 132.38
2282, 132.03
2283, 132.84
2284, 132.97
2285, 132.27
2286, 129.2
2287, 130.5
2288, 131.49
2289, 132.53
2290, 133.61
2291, 134.17
2292, 130.47
2293, 130.78
2294, 124.52
2295, 123.45
2296, 125.35
2297, 125.39
2298, 124.02
2299, 122.77
2300, 128.31
2301, 127.67
2302, 125.03
2303, 126.51
2304, 122.89
2305, 130.04
2306, 133.66
2307, 137.35
2308, 137.66
2309, 137.2
2310, 140.8
2311, 140.86
2312, 139.57
2313, 141.86
2314, 140.08
2315, 138.69
2316, 138.29
2317, 136.7
2318, 136.93
2319, 136.55
2320, 139.47
2321, 139.49
2322, 138.0
2323, 135.75
2324, 133.07
2325, 134.04
2326, 133.65
2327, 129.13
2328, 126.94
2329, 128.6
2330, 128.39
2331, 129.04
2332, 126.68
2333, 131.1
2334, 134.06
2335, 132.68
2336, 131.25
2337, 126.89
2338, 128.41
2339, 133.59
2340, 131.5
2341, 130.44
2342, 130.05
2343, 136.96
2344, 138.54
2345, 138.39
2346, 134.26
2347, 129.5
2348, 127.33
2349, 143.02
2350, 141.79
2351, 142.6
2352, 142.72
2353, 143.25
2354, 142.5
2355, 142.78
2356, 142.36
2357, 140.84
2358, 142.0
2359, 137.71
2360, 139.22
2361, 138.25
2362, 138.57
2363, 136.84
2364, 136.6
2365, 136.49
2366, 136.33
2367, 136.98
2368, 135.04
2369, 134.14
2370, 132.6
2371, 136.66
2372, 135.67
2373, 135.14
2374, 135.6
2375, 134.67
2376, 133.69
2377, 135.22
2378, 134.39
2379, 134.76
2380, 135.42
2381, 135.68
2382, 134.48
2383, 136.15
2384, 135.99
2385, 139.04
2386, 143.12
2387, 144.46
2388, 144.04
2389, 138.78
2390, 139.44
2391, 139.82
2392, 140.05
2393, 142.7
2394, 141.58
2395, 135.0
2396, 135.39
2397, 139.86
2398, 143.11
2399, 142.25
2400, 144.26
2401, 142.82
2402, 140.19
2403, 140.06
2404, 141.35
2405, 131.7
2406, 133.33
2407, 133.28
2408, 133.08
2409, 132.45
2410, 134.53
2411, 132.43
2412, 132.41
2413, 134.04
2414, 133.54
2415, 126.61
2416, 127.75
2417, 126.7
2418, 128.85
2419, 128.5
2420, 131.62
2421, 130.17
2422, 130.47
2423, 130.66
2424, 127.72
2425, 126.36
2426, 125.58
2427, 125.18
2428, 125.2
2429, 127.62
2430, 129.18
2431, 127.72
2432, 128.34
2433, 128.38
2434, 130.17
2435, 127.25
2436, 129.99
2437, 129.22
2438, 131.33
2439, 132.0
2440, 132.27
2441, 130.14
2442, 131.57
2443, 129.44
2444, 125.72
2445, 127.46
2446, 128.01
2447, 129.43
2448, 130.98
2449, 129.24
2450, 127.18
2451, 126.66
2452, 125.38
2453, 125.75
2454, 128.79
2455, 127.11
2456, 129.57
2457, 130.91
2458, 129.6
2459, 132.67
2460, 132.49
2461, 133.34
2462, 134.01
2463, 133.08
2464, 132.47
2465, 130.12
2466, 132.71
2467, 131.81
2468, 131.46
2469, 131.0
2470, 128.44
2471, 131.28
2472, 129.51
2473, 126.78
2474, 127.88
2475, 124.41
2476, 122.14
2477, 123.98
2478, 120.61
2479, 121.2
2480, 123.88
2481, 123.24
2482, 124.85
2483, 121.55
2484, 116.58
2485, 116.99
2486, 116.23
2487, 115.93
2488, 114.79
2489, 113.88
2490, 116.48
2491, 115.91
2492, 117.01
2493, 118.11
2494, 120.64
2495, 121.53
2496, 124.24
2497, 122.19
2498, 121.77
2499, 120.75
2500, 121.57
2501, 123.57
2502, 123.04
2503, 123.66
2504, 124.79
2505, 126.02
2506, 124.38
2507, 127.64
2508, 126.47
2509, 127.2
2510, 128.38
2511, 131.7
2512, 132.06
2513, 132.1
2514, 130.56
2515, 130.26
2516, 130.76
2517, 128.66
2518, 117.46
2519, 118.73
2520, 116.16
2521, 117.92
2522, 118.82
2523, 116.09
2524, 115.41
2525, 113.11
2526, 111.08
2527, 110.55
2528, 108.05
2529, 108.52
2530, 108.5
2531, 109.42
2532, 110.04
2533, 110.0
2534, 109.44
2535, 108.94
2536, 108.47
2537, 108.76
2538, 110.97
2539, 111.79
2540, 113.53
2541, 115.0
2542, 115.21
2543, 112.07
2544, 114.16
2545, 115.62
2546, 119.64
2547, 121.78
2548, 122.84
2549, 123.05
2550, 122.53
2551, 124.78
2552, 126.3
2553, 127.06
2554, 129.93
2555, 130.69
2556, 132.25
2557, 131.85
2558, 131.72
2559, 135.32
2560, 135.39
2561, 135.22
2562, 135.7
2563, 134.91
2564, 134.96
2565, 135.08
2566, 135.67
2567, 135.0
2568, 133.39
2569, 133.27
2570, 133.42
2571, 133.06
2572, 132.26
2573, 134.11
2574, 131.7
2575, 130.66
2576, 130.53
2577, 130.12
2578, 132.37
2579, 132.8
2580, 134.21
2581, 140.26
2582, 139.98
2583, 142.85
2584, 146.62
2585, 146.71
2586, 145.06
2587, 144.43
2588, 143.21
