0, 18210
1, 8295
2, 4173
3, 7978
4, 3099
5, 4396
6, 4396
7, -4002
8, -10152
9, -12253
10, -5345
11, -4745
12, -68
13, 4886
14, 415
15, -1885
16, 165
17, 8887
18, 8887
19, 8887
20, 8467
21, 8994
22, 8994
23, 8994
24, 8240
25, -23933
26, -23933
27, -23933
28, -19066
29, -14301
30, -14301
31, -15435
32, 13967
33, 5746
34, 8890
35, 5139
36, 6048
37, 3748
38, -1660
39, -53334
40, -82100
41, -92185
42, -67591
43, -62340
44, -63050
45, -60743
46, -65777
47, -82146
48, -82333
49, -82628
50, -79737
51, -82544
52, -87763
53, -77424
54, -69008
55, -71034
56, -72343
57, -73664
58, -70464
59, -74597
60, -68047
61, -65688
62, -60432
63, -55981
64, -49580
65, -50585
66, -51686
67, -36897
68, -30859
69, -24669
70, -14983
71, -11260
72, -16042
73, -8831
74, -3566
75, -13574
76, -6459
77, 1775
78, 6452
79, 17571
