0, 503629
1, 489970
2, 658546
3, 410067
4, 405335
5, 435282
6, 335151
7, 332160
8, 311228
9, 311228
10, 311228
11, 311228
12, 311228
13, 298814
14, 303943
15, 787827
16, 373191
17, 385099
18, 385099
19, 69996
20, 257966
21, 124007
22, -10354
23, -131752
24, -34736
25, -72469
26, 137972
27, 310957
28, 693611
29, 907155
30, 657631
31, 1025043
32, 1513151
33, 2109205
34, 653754
35, 1006354
36, 1167173
37, 1024610
38, 1147684
39, 1052858
40, 1165852
41, 1092349
42, 965226
43, 886309
44, 754754
45, 839362
46, 906050
47, 869349
48, 917441
49, 879261
50, 951160
51, 992146
52, 1033596
53, 987033
54, 966893
55, 918299
56, 937169
57, 884865
58, 916714
59, 902033
60, 858597
61, 890857
62, 871975
63, 853291
64, 864317
65, 844488
66, 824535
67, 811861
68, 794617
69, 760834
70, 733910
71, 707078
72, 730608
73, 712350
74, 690658
75, 663909
76, 639285
77, 583456
78, 527991
79, 574001
80, 637355
81, 607613
82, 568000
83, 596234
84, 552752
85, 536205
86, 517308
87, 533965
88, 563318
89, 613426
90, 637319
91, 647380
92, 624962
93, 593497
94, 620352
95, 609191
96, 626187
97, 585944
98, 568539
99, 552631
100, 579700
101, 562802
102, 532774
103, 511208
104, 499766
105, 472145
106, 373286
107, 408930
108, 378652
109, 387397
110, 323516
111, 360625
112, 381984
113, 333577
114, 354211
115, 411871
116, 419603
117, 437007
118, 479875
119, 524792
120, 670229
121, 597555
122, 558477
123, 531538
124, 509946
125, 527592
126, 527592
127, 535774
128, 546236
129, 525196
130, 539671
131, 524743
132, 507473
133, 514073
134, 526404
135, 520841
136, 498162
137, 350214
138, 308810
139, 292930
140, 360827
141, 360827
142, 270840
143, 301473
144, 291357
145, 258033
146, 272110
147, 257666
148, 272144
149, 315877
150, 298952
151, 318294
152, 350147
153, 425647
154, 529247
155, 456347
156, 691647
157, 618947
158, 1192247
159, 888747
160, 1023647
161, 1274047
162, 1781847
163, 2193547
164, 2435047
165, 2784047
166, 2490447
167, 1802747
168, 1501447
169, 1657847
170, 1845247
171, 1746247
172, 1601947
173, 1474347
174, 1322047
175, 1177447
176, 1242347
177, 1345347
178, 1509184
179, 1640884
180, 1732364
181, 1847564
182, 2032564
183, 2175264
184, 2329052
185, 2708442
186, 2532442
187, 2771693
188, 3242479
189, 2538508
190, 2929808
191, 3233208
192, 2990308
193, 2718508
194, 2438808
195, 2662808
196, 2538408
197, 2693008
198, 2921408
199, 2750232
200, 2604603
201, 2463103
202, 2581003
203, 2738955
204, 2848355
205, 3219655
206, 3051671
207, 2768874
208, 2956474
209, 3072374
210, 2934574
211, 3079074
212, 2941685
213, 2775885
214, 2902197
215, 2541497
216, 2803797
217, 2597086
218, 2433786
219, 2588086
220, 2249686
221, 2039086
222, 1786784
223, 2108940
224, 1701570
225, 1278870
226, 590370
227, 1393870
228, 910470
229, 557470
230, 282570
231, 15870
232, -648496
233, -648496
234, -918096
235, -2263396
236, -2687896
237, -1043359
238, -1481259
239, -626559
240, -1246759
241, -1500959
242, -1649959
243, -2166359
244, -1888059
245, -1519259
246, -855366
247, -1602625
248, -543925
249, 823675
250, 27975
251, 419175
252, 185775
253, -163725
254, -468325
255, -628925
256, -359125
257, -516325
258, -645925
259, -500825
260, -566028
261, -483228
262, -636428
263, -868720
264, -698520
265, -879620
266, -1066691
267, -920691
268, -1065491
269, -924691
270, -757491
271, -825491
272, -825491
273, -1003491
274, -1224391
275, -1333493
276, -1199593
277, -1139193
278, -1062993
279, -906993
280, -56193
281, -584493
282, -432093
283, -539693
284, -662693
285, -755793
286, -876293
287, -724086
288, -790586
289, -542286
290, -9686
291, -210386
292, 62014
293, -503786
294, -744586
295, -901586
296, -1020086
297, -1120789
298, -1226989
299, -1351225
300, -1519525
301, -1625225
302, -1738025
303, -1601825
304, -1659683
305, -1778783
306, -1655383
307, -1524583
308, -1581383
309, -1700143
310, -1821343
311, -1760743
312, -1650243
313, -1724443
314, -1845743
315, -1767760
316, -1814660
317, -1876360
318, -1790560
319, -1708860
320, -1819560
321, -1744060
322, -1865760
323, -2020560
324, -1846190
325, -1965890
326, -1722975
327, -1838375
328, -1745575
329, -2089146
330, -2303046
331, -2479746
332, -2610246
333, -2686446
334, -2597346
335, -2668146
336, -2623846
337, -2467346
338, -2628146
339, -2565746
340, -2688146
341, -2815446
342, -2830646
343, -2674346
344, -2598303
345, -2532387
346, -2650235
347, -2747935
348, -2812635
349, -2934131
350, -3039531
351, -2945431
352, -3000231
353, -3086052
354, -2985152
355, -2921452
356, -2956552
357, -2738552
358, -2819952
359, -2876576
360, -2824876
361, -2885757
362, -2977701
363, -2878227
364, -2941868
365, -3047220
366, -3154001
367, -3210839
368, -3294253
369, -3393026
370, -3476441
371, -3604180
372, -3551674
373, -3656590
374, -3574880
375, -3723281
376, -3848981
377, -3754068
378, -3838518
379, -3709725
380, -3791945
381, -3746864
382, -3802833
383, -3689276
384, -3636637
385, -3664050
386, -3664050
387, -3638612
388, -3478278
389, -3531417
390, -3592596
391, -3609217
392, -3634386
393, -3577153
394, -3545849
395, -3495498
396, -3437532
397, -3483114
398, -3499078
399, -3439062
400, -3466512
401, -3420046
402, -3453631
403, -3464727
404, -3292590
405, -2948319
406, -3265362
407, -3362793
408, -3279651
409, -3062219
410, -3136643
411, -3081153
412, -3029671
413, -2912109
414, -2986535
415, -3040398
416, -3098720
417, -3043278
418, -2972722
419, -2821044
420, -2896707
421, -2930829
422, -2961256
423, -2940189
424, -2827764
425, -2869472
426, -2690619
427, -2876668
428, -2991714
429, -2876692
430, -2761470
431, -2824614
432, -2905077
433, -2954319
434, -2881426
435, -2848346
436, -2879251
437, -2913978
438, -2858180
439, -2811117
440, -2788222
441, -2845019
442, -2872161
443, -2797591
444, -2860192
445, -2899810
446, -2864203
447, -2823582
448, -2706443
449, -2765944
450, -2820271
451, -2785770
452, -2820756
453, -2846160
454, -3661591
455, -3373856
456, -3512286
457, -3701910
458, -3534960
459, -3318826
460, -3165435
461, -3248407
462, -3411856
463, -3315501
464, -3072821
465, -3158629
466, -3248983
467, -3204067
468, -3465862
469, -3383038
470, -3461334
471, -3342105
472, -3342105
473, -3425915
474, -3500756
475, -3760845
476, -3425935
477, -3287512
478, -3418375
479, -3324942
480, -3402510
481, -3558986
482, -3658217
483, -3795121
484, -3795121
485, -3646335
486, -4446518
487, -4631588
488, -4631588
489, -4868709
490, -4749785
491, -4537591
492, -4426437
493, -4267105
494, -4379773
495, -4192264
496, -4047950
497, -3877163
498, -4032355
499, -4032355
500, -3936384
501, -3852855
502, -3979979
503, -3881200
504, -4041247
505, -3965116
506, -4072519
507, -4003330
508, -3949201
509, -3982859
510, -3934913
511, -3999828
512, -3923167
513, -3804835
514, -3833094
515, -3749510
516, -3783983
517, -3816044
518, -3890622
519, -3835895
520, -3693344
521, -3354359
522, -3707314
523, -3830937
524, -3708405
525, -3882896
526, -4001116
527, -4001116
528, -4108587
529, -4289079
530, -3904614
531, -3966566
532, -3812663
533, -3718210
534, -3667560
535, -3512887
536, -3609818
537, -3082651
538, -2267083
539, -1396656
540, -809686
541, -1157634
542, 602469
543, 191680
544, 591426
545, 1675687
546, 961104
547, 1613837
548, 2139480
549, 1689433
550, 1396425
551, 1615607
552, 1369607
553, 830180
554, 1232018
555, 1320745
556, 1171674
557, 1298376
558, 1166562
559, 1025003
560, 1112714
561, 968505
562, 701047
563, 918804
564, 1073423
565, 1002088
566, 894743
567, 956523
568, 884547
569, 831615
570, 784198
571, 852049
572, 731779
573, 650407
574, 650407
575, 650407
576, 650407
577, 650407
578, 425994
579, 512410
580, 512410
581, 396989
582, 597852
583, 787678
584, 1333003
585, 1333003
586, 1333003
587, 1612097
588, 2115473
589, 2447208
590, 2741548
591, 2250494
592, 1785383
593, 1640569
594, 1394608
595, 1183577
596, 910596
597, 910596
598, 910596
599, 910596
600, 1104492
601, 967607
602, 967607
603, 967607
604, 855431
605, 1016317
606, 1016317
607, 1283614
608, 1741501
609, 1906637
610, 1658851
611, 1562875
612, 1460550
613, 1626699
614, 1876455
615, 1747165
616, 1802067
617, 1802067
618, 1714571
619, 1842846
620, 1740628
621, 1836741
622, 1716737
623, 1898069
624, 1660995
625, 1545704
626, 1645858
627, 1406291
628, 1186206
629, 1083794
630, 1327397
631, 1540605
632, 1984284
633, 1562773
634, 1317441
635, 1317441
636, 981479
637, 1527843
638, 1244472
639, 871434
640, 1111569
641, 967164
642, 1115874
643, 1115874
644, 936752
645, 765150
646, 765150
647, 600669
648, 478836
649, 635306
650, 635306
651, 438885
652, 567679
653, 728017
654, 592365
655, 740602
656, 526461
657, 526461
658, 424661
659, 510356
660, 276064
661, -35215
662, 124571
663, -39227
664, -39227
665, -39227
666, -39227
667, 59669
668, 249675
669, 101913
670, -41490
671, 402492
672, 94527
673, 191676
674, 191676
675, 340689
676, 518120
677, 336721
678, 336721
679, 280425
680, -75075
681, -75075
682, -293737
683, -555146
684, -555146
685, -555146
686, -417191
687, -651313
688, -455946
689, -386467
690, -386467
691, -386467
692, -310496
693, -359963
694, -46996
695, 457302
696, 1241436
697, 922541
698, 747769
699, 415379
700, 154112
701, 48809
702, 48809
703, -198442
704, -198442
705, -111041
706, 11957
707, 227846
708, 460904
709, 684244
710, 474385
711, 357218
712, 519239
713, 662517
714, 490007
715, 653815
716, 732409
717, 928413
718, 872092
719, 790133
720, 715421
721, 797328
722, 942182
723, 729070
724, 807402
725, 767797
726, 767797
727, 654525
728, 654525
729, 983508
730, 697276
731, 836630
732, 716458
733, 815652
734, 745102
735, 865333
736, 1041690
737, 1041690
738, 1131230
739, 1080165
740, 1152813
741, 1090863
742, 1124596
743, 1150970
744, 1115008
745, 1055716
746, 1097484
747, 985499
748, 985499
749, 1026042
750, 974715
751, 1011401
752, 1011401
753, 927625
754, 858793
755, 907341
756, 978671
757, 1591405
758, 2161650
759, 2161650
760, 2118038
761, 2069672
762, 2418669
763, 2612643
764, 2432879
765, 2280315
766, 2329065
767, 2407545
768, 2357079
769, 2323417
770, 2240701
771, 2291565
772, 2340019
773, 2141359
774, 2218855
775, 2091029
776, 2238910
777, 2238910
778, 2362529
779, 2401360
780, 2481237
781, 2481237
782, 2481237
783, 2549570
784, 2549570
785, 2439299
786, 2591717
787, 2506267
788, 2506267
789, 2398639
790, 2398639
791, 2558904
792, 2474094
793, 2531787
794, 2646241
795, 2469469
796, 2469469
797, 2509154
798, 2382960
799, 2341422
800, 2442860
801, 2566447
802, 2612346
803, 2727256
804, 2620657
805, 2705441
806, 3328445
807, 3113319
808, 3113319
809, 2833694
810, 2730529
811, 2598777
812, 2422939
813, 2305740
814, 2020604
815, 1580184
816, 2431634
817, 2172808
818, 1488074
819, 2015906
820, 1846669
821, 1745565
822, 1475449
823, 1202970
824, 1299927
825, 1420831
826, 1346329
827, 1346329
828, 1212118
829, 1072428
830, 1072428
831, 1200064
832, 1044486
833, 1162610
834, 1037543
835, 928147
