0, 38.166
1, 38.176
2, 38.541
3, 38.676
4, 38.863
5, 39.987
6, 39.694
7, 39.628
8, 39.204
9, 39.345
10, 39.043
11, 39.363
12, 39.582
13, 39.684
14, 39.562
15, 38.524
16, 37.74
17, 37.806
18, 37.096
19, 37.078
20, 37.316
21, 37.426
22, 37.501
23, 37.945
24, 38.07
25, 37.316
26, 37.24
27, 37.297
28, 37.269
29, 36.955
30, 35.812
31, 35.755
32, 35.142
33, 34.253
34, 33.791
35, 34.367
36, 35.016
37, 34.932
38, 35.425
39, 34.952
40, 35.547
41, 34.055
42, 34.434
43, 34.367
44, 34.63
45, 34.737
46, 35.406
47, 36.075
48, 36.038
49, 36.323
50, 36.87
51, 36.029
52, 37.22
53, 37.362
54, 36.748
55, 37.54
56, 39.062
57, 41.017
58, 40.621
59, 40.469
60, 40.696
61, 40.035
62, 39.411
63, 39.818
64, 39.789
65, 40.035
66, 41.662
67, 41.895
68, 45.815
69, 46.883
70, 49.037
71, 48.15
72, 49.972
73, 49.123
74, 48.801
75, 48.981
76, 48.65
77, 48.744
78, 48.604
79, 48.366
80, 48.462
81, 48.263
82, 47.044
83, 46.193
84, 47.215
85, 47.931
86, 47.706
87, 47.61
88, 47.044
89, 47.893
90, 47.706
91, 47.96
92, 48.744
93, 49.641
94, 49.509
95, 49.738
96, 50.758
97, 50.011
98, 50.084
99, 50.879
100, 51.854
101, 51.03
102, 51.909
103, 51.266
104, 51.295
105, 51.466
106, 52.409
107, 51.777
108, 51.672
109, 52.116
110, 51.391
111, 50.899
112, 50.161
113, 50.313
114, 49.151
115, 52.031
116, 52.24
117, 52.589
118, 52.097
119, 50.304
120, 50.776
121, 50.084
122, 49.783
123, 49.519
124, 49.114
125, 48.509
126, 47.59
127, 46.903
128, 48.49
129, 47.496
130, 48.971
131, 48.509
132, 48.65
133, 48.668
134, 48.253
135, 47.014
136, 47.96
137, 48.585
138, 48.225
139, 47.61
140, 47.716
141, 47.716
142, 47.101
143, 45.693
144, 45.23
145, 45.941
146, 46.383
147, 46.079
148, 47.044
149, 46.494
150, 46.647
151, 47.3
152, 47.6
153, 46.477
154, 45.912
155, 44.343
156, 46.618
157, 44.891
158, 44.514
159, 42.616
160, 42.375
161, 43.642
162, 42.699
163, 42.028
164, 42.087
165, 41.215
166, 41.027
167, 41.243
168, 40.743
169, 40.46
170, 39.185
171, 40.431
172, 40.865
173, 41.536
174, 42.125
175, 41.225
176, 41.376
177, 42.651
178, 40.998
179, 40.262
180, 40.015
181, 39.392
182, 38.666
183, 33.942
184, 35.547
185, 36.87
186, 37.806
187, 38.418
188, 39.013
189, 39.392
190, 39.554
191, 39.703
192, 40.488
193, 40.621
194, 41.904
195, 42.404
196, 42.208
197, 41.904
198, 41.717
199, 41.358
200, 41.422
201, 42.395
202, 42.385
203, 43.002
204, 42.538
205, 42.651
206, 41.828
207, 41.604
208, 41.81
209, 41.594
210, 41.98
211, 41.489
212, 42.009
213, 42.236
214, 42.028
215, 42.982
216, 43.292
217, 42.143
218, 42.538
219, 42.992
220, 43.116
221, 45.211
222, 44.882
223, 44.162
224, 43.292
225, 43.031
226, 44.199
227, 43.794
228, 44.532
229, 45.42
230, 45.116
231, 45.949
232, 46.357
233, 45.825
234, 46.421
235, 44.218
236, 43.736
237, 48.705
238, 48.034
239, 46.252
240, 46.242
241, 45.967
242, 46.28
243, 45.343
244, 46.523
245, 48.48
246, 48.546
247, 47.562
248, 47.422
249, 48.366
250, 48.65
251, 48.073
252, 48.594
253, 47.969
254, 47.839
255, 49.235
256, 49.104
257, 48.537
258, 47.706
259, 46.337
260, 45.845
261, 47.205
262, 47.329
263, 48.092
264, 46.996
265, 46.996
266, 46.903
267, 46.29
268, 45.778
269, 45.683
270, 45.532
271, 45.958
272, 46.357
273, 46.799
274, 47.357
275, 47.262
276, 47.848
277, 46.856
278, 47.262
279, 46.846
280, 47.376
281, 46.976
282, 47.157
283, 46.308
284, 46.996
285, 47.338
286, 46.808
287, 48.385
288, 48.414
289, 48.15
290, 46.976
291, 46.79
292, 46.571
293, 47.839
294, 46.856
295, 47.893
296, 48.206
297, 47.989
298, 48.48
299, 53.734
300, 53.814
301, 52.655
302, 52.599
303, 51.729
304, 50.869
305, 49.926
306, 49.312
307, 48.188
308, 47.233
309, 47.006
310, 47.716
311, 47.223
312, 46.883
313, 46.704
314, 47.119
315, 48.328
316, 47.262
317, 48.462
318, 49.613
319, 49.339
320, 47.839
321, 46.938
322, 46.856
323, 47.006
324, 48.178
325, 46.883
326, 46.29
327, 46.29
328, 47.034
329, 46.866
330, 45.626
331, 45.468
332, 47.252
333, 46.912
334, 46.503
335, 48.15
336, 47.696
337, 47.59
338, 49.839
339, 50.493
340, 51.011
341, 49.766
342, 49.519
343, 47.884
344, 48.697
345, 48.839
346, 46.772
347, 45.561
348, 45.541
349, 45.439
350, 46.976
351, 49.473
352, 49.376
353, 47.744
354, 49.463
355, 51.68
356, 50.473
357, 49.385
358, 50.768
359, 49.774
360, 49.057
361, 49.358
362, 50.682
363, 49.83
364, 49.728
365, 49.227
366, 51.485
367, 52.087
368, 51.228
369, 53.11
370, 54.016
371, 54.648
372, 54.555
373, 54.016
374, 53.658
375, 54.451
376, 49.595
377, 48.527
378, 48.961
379, 48.848
380, 48.905
381, 48.585
382, 48.216
383, 48.604
384, 48.914
385, 47.874
386, 46.772
387, 47.243
388, 45.902
389, 46.948
390, 47.94
391, 48.206
392, 47.94
393, 47.157
394, 46.676
395, 47.61
396, 46.337
397, 44.901
398, 43.445
399, 44.757
400, 44.41
401, 44.523
402, 43.493
403, 42.319
404, 42.548
405, 43.161
406, 43.273
407, 43.37
408, 43.161
409, 43.235
410, 42.661
411, 43.059
412, 43.561
413, 43.995
414, 42.867
415, 42.319
416, 42.896
417, 42.17
418, 43.069
419, 42.736
420, 42.019
421, 43.215
422, 42.057
423, 41.81
424, 41.017
425, 40.413
426, 40.3
427, 39.789
428, 41.15
429, 41.215
430, 41.441
431, 41.29
432, 41.348
433, 41.094
434, 40.715
435, 45.239
436, 44.92
437, 43.918
438, 43.928
439, 43.69
440, 43.579
441, 44.228
442, 42.935
443, 42.19
444, 42.245
445, 41.847
446, 42.16
447, 43.107
448, 43.341
449, 43.642
450, 43.097
451, 42.626
452, 42.264
453, 42.366
454, 43.087
455, 43.531
456, 43.002
457, 41.98
458, 42.18
459, 41.942
460, 41.942
461, 41.745
462, 42.038
463, 43.18
464, 43.031
465, 42.925
466, 41.847
467, 42.793
468, 42.366
469, 42.481
470, 42.857
471, 42.273
472, 43.67
473, 44.18
474, 44.777
475, 45.268
476, 45.391
477, 46.477
478, 45.126
479, 45.589
480, 44.948
481, 44.323
482, 44.458
483, 44.569
484, 44.986
485, 45.126
486, 46.006
487, 45.683
488, 45.893
489, 42.52
490, 42.153
491, 41.528
492, 41.122
493, 41.055
494, 40.782
495, 41.007
496, 41.339
497, 40.998
498, 40.988
499, 41.652
500, 41.838
501, 43.152
502, 42.935
503, 41.47
504, 41.13
505, 41.169
506, 41.281
507, 40.177
508, 40.534
509, 39.922
510, 39.96
511, 40.186
512, 39.987
513, 38.561
514, 42.462
515, 42.67
516, 42.699
517, 42.849
518, 42.944
519, 44.468
520, 45.097
521, 44.901
522, 44.323
523, 43.588
524, 43.049
525, 42.755
526, 42.338
527, 42.462
528, 42.577
529, 42.096
530, 42.925
531, 43.133
532, 43.199
533, 42.811
534, 42.886
535, 43.152
536, 43.908
537, 44.38
538, 43.803
539, 43.235
540, 44.115
541, 44.266
542, 44.579
543, 43.775
544, 43.736
545, 43.736
546, 43.04
547, 42.699
548, 43.455
549, 43.88
550, 44.41
551, 43.928
552, 43.215
553, 47.516
554, 46.421
555, 46.734
556, 46.458
557, 45.693
558, 46.383
559, 46.098
560, 47.101
561, 48.404
562, 48.878
563, 48.65
564, 47.716
565, 47.922
566, 47.706
567, 48.082
568, 47.865
569, 48.556
570, 47.82
571, 47.139
572, 46.571
573, 44.728
574, 45.032
575, 44.68
576, 43.775
577, 44.689
578, 44.077
579, 44.323
580, 44.275
581, 44.505
582, 43.522
583, 34.233
584, 34.961
585, 32.972
586, 33.481
587, 33.867
588, 34.424
589, 34.253
590, 34.472
591, 35.103
592, 35.717
593, 36.161
594, 37.04
595, 36.151
596, 36.218
597, 37.269
598, 37.53
599, 36.88
600, 36.566
601, 36.566
602, 37.324
603, 35.784
604, 36.266
605, 35.396
606, 35.575
607, 34.848
608, 34.197
609, 35.34
610, 34.263
611, 34.34
612, 35.142
613, 34.071
614, 35.236
615, 35.861
616, 38.77
617, 39.61
618, 33.83
619, 32.628
620, 31.259
621, 30.598
622, 29.719
623, 30.948
624, 30.833
625, 30.938
626, 30.994
627, 30.173
628, 30.173
629, 29.682
630, 29.105
631, 30.862
632, 30.589
633, 31.052
634, 32.214
635, 31.024
636, 31.154
637, 30.002
638, 28.992
639, 29.01
640, 29.114
641, 29.568
642, 29.756
643, 29.171
644, 29.965
645, 30.012
646, 28.953
647, 29.56
648, 29.682
649, 30.089
650, 31.154
651, 31.401
652, 31.401
653, 33.241
654, 33.733
655, 34.008
656, 34.669
657, 36.038
658, 36.843
659, 37.945
660, 37.307
661, 37.445
662, 37.822
663, 36.843
664, 36.595
665, 36.501
666, 37.343
667, 35.66
668, 36.2
669, 37.049
670, 36.843
671, 36.501
672, 36.691
673, 37.626
674, 38.389
675, 39.1
676, 36.37
677, 36.615
678, 36.066
679, 38.314
680, 37.191
681, 37.391
682, 35.103
683, 34.129
684, 33.423
685, 33.733
686, 32.731
687, 32.553
688, 31.163
689, 31.457
690, 31.401
691, 32.874
692, 31.259
693, 32.722
694, 34.517
695, 35.132
696, 34.932
697, 33.714
698, 34.359
699, 36.899
700, 37.788
701, 37.806
702, 37.974
703, 36.122
704, 37.501
705, 37.549
706, 36.843
707, 35.499
708, 37.059
709, 37.307
710, 37.665
711, 37.549
712, 38.684
713, 39.033
714, 38.119
715, 38.212
716, 37.731
717, 36.379
718, 36.323
719, 35.359
720, 35.851
721, 33.952
722, 34.197
723, 36.056
724, 35.171
725, 35.698
726, 35.556
727, 35.812
728, 33.791
729, 34.233
730, 33.213
731, 35.472
732, 35.963
733, 36.304
734, 36.295
735, 35.642
736, 35.103
737, 35.434
738, 37.132
739, 37.142
740, 35.679
741, 35.368
742, 34.292
743, 32.923
744, 32.431
745, 32.619
746, 33.461
747, 32.59
748, 32.441
749, 32.09
750, 32.666
751, 32.117
752, 31.843
753, 31.542
754, 31.938
755, 31.307
756, 31.967
757, 31.23
758, 32.137
759, 31.741
760, 32.894
761, 33.231
762, 33.317
763, 33.299
764, 35.016
765, 38.787
766, 40.63
767, 38.061
768, 38.408
769, 40.809
770, 38.496
771, 38.176
772, 38.863
773, 38.684
774, 38.957
775, 37.675
776, 37.104
777, 37.52
778, 38.389
779, 38.732
780, 38.324
781, 38.872
782, 38.656
783, 39.013
784, 38.184
785, 38.741
786, 36.824
787, 37.172
788, 38.379
789, 41.29
790, 41.8
791, 42.291
792, 42.538
793, 42.726
794, 42.726
795, 43.215
796, 44.115
797, 44.096
798, 44.352
799, 43.985
800, 45.277
801, 44.134
802, 44.605
803, 44.958
804, 43.975
805, 45.496
806, 46.449
807, 46.383
808, 47.6
809, 46.676
810, 45.902
811, 46.308
812, 46.347
813, 45.854
814, 46.29
815, 46.532
816, 46.136
817, 47.413
818, 47.553
819, 48.216
820, 48.659
821, 47.989
822, 47.243
823, 47.496
824, 48.216
825, 46.827
826, 47.366
827, 46.976
828, 46.808
829, 47.912
830, 48.678
831, 48.178
832, 46.486
833, 46.26
834, 47.014
835, 45.126
836, 46.126
837, 44.91
838, 46.44
839, 43.946
840, 43.861
841, 44.323
842, 44.728
843, 43.455
844, 44.586
845, 44.256
846, 45.874
847, 44.91
848, 45.845
849, 46.818
850, 46.031
851, 45.126
852, 43.078
853, 43.321
854, 43.031
855, 44.246
856, 40.63
857, 40.562
858, 39.845
859, 39.438
860, 39.477
861, 37.731
862, 38.618
863, 38.872
864, 37.779
865, 36.917
866, 38.561
867, 39.138
868, 39.438
869, 39.296
870, 41.441
871, 42.067
872, 41.932
873, 43.579
874, 44.142
875, 44.4
876, 43.341
877, 44.077
878, 43.68
879, 44.532
880, 43.493
881, 44.013
882, 45.371
883, 46.155
884, 44.976
885, 44.805
886, 44.748
887, 42.5
888, 42.67
889, 44.41
890, 42.679
891, 43.208
892, 44.689
893, 45.287
894, 44.013
895, 45.825
896, 45.949
897, 47.8
898, 49.255
899, 47.394
900, 47.754
901, 47.063
902, 46.494
903, 47.233
904, 44.901
905, 45.505
906, 45.551
907, 42.567
908, 41.565
909, 37.463
910, 35.565
911, 35.463
912, 33.451
913, 35.387
914, 37.201
915, 34.349
916, 29.955
917, 30.305
918, 30.127
919, 31.967
920, 31.097
921, 30.192
922, 31.014
923, 29.368
924, 28.244
925, 32.335
926, 31.418
927, 32.75
928, 32.59
929, 32.553
930, 34.081
931, 32.09
932, 31.59
933, 33.055
934, 32.525
935, 30.784
936, 28.708
937, 32.855
938, 29.387
939, 30.069
940, 29.464
941, 26.592
942, 24.533
943, 25.695
944, 28.02
945, 28.131
946, 30.201
947, 28.887
948, 25.921
949, 28.01
950, 28.953
951, 28.113
952, 29.568
953, 33.97
954, 33.752
955, 35.055
956, 32.619
957, 34.055
958, 33.231
959, 36.445
960, 36.757
961, 35.312
962, 36.625
963, 35.65
964, 35.142
965, 35.35
966, 36.537
967, 36.786
968, 37.352
969, 38.684
970, 40.015
971, 39.675
972, 39.628
973, 37.096
974, 38.361
975, 37.001
976, 36.407
977, 35.927
978, 34.34
979, 35.822
980, 35.642
981, 33.83
982, 35.595
983, 34.434
984, 33.675
985, 33.279
986, 33.761
987, 34.63
988, 33.714
989, 33.481
990, 33.508
991, 33.553
992, 31.268
993, 31.542
994, 32.553
995, 33.489
996, 32.59
997, 33.442
998, 33.839
999, 34.737
1000, 34.055
1001, 34.737
1002, 34.34
1003, 33.279
1004, 31.57
1005, 33.451
1006, 32.479
1007, 31.437
1008, 30.711
1009, 28.603
1010, 28.417
1011, 29.672
1012, 27.585
1013, 30.767
1014, 29.774
1015, 31.807
1016, 32.507
1017, 33.714
1018, 32.628
1019, 32.175
1020, 32.933
1021, 34.129
1022, 34.292
1023, 33.065
1024, 35.199
1025, 34.359
1026, 34.669
1027, 35.98
1028, 34.602
1029, 35.162
1030, 36.556
1031, 35.88
1032, 37.607
1033, 38.287
1034, 37.569
1035, 36.501
1036, 37.172
1037, 40.044
1038, 37.559
1039, 37.381
1040, 37.172
1041, 38.304
1042, 39.874
1043, 37.879
1044, 38.948
1045, 38.267
1046, 38.524
1047, 39.903
1048, 39.723
1049, 39.345
1050, 40.696
1051, 39.279
1052, 39.601
1053, 41.518
1054, 40.108
1055, 41.319
1056, 39.383
1057, 38.524
1058, 37.259
1059, 37.473
1060, 36.566
1061, 36.436
1062, 35.822
1063, 36.547
1064, 38.023
1065, 36.862
1066, 36.112
1067, 35.443
1068, 37.391
1069, 38.08
1070, 37.984
1071, 38.37
1072, 39.723
1073, 41.027
1074, 40.035
1075, 40.525
1076, 40.252
1077, 41.367
1078, 41.726
1079, 41.122
1080, 40.281
1081, 41.263
1082, 40.856
1083, 40.177
1084, 41.13
1085, 41.064
1086, 42.208
1087, 41.055
1088, 40.007
1089, 41.14
1090, 42.558
1091, 41.895
1092, 42.19
1093, 42.319
1094, 43.841
1095, 42.491
1096, 41.348
1097, 40.252
1098, 39.506
1099, 38.939
1100, 39.487
1101, 40.053
1102, 39.675
1103, 41.847
1104, 42.395
1105, 41.913
1106, 42.19
1107, 42.567
1108, 41.97
1109, 41.838
1110, 40.216
1111, 39.818
1112, 39.411
1113, 38.476
1114, 39.052
1115, 38.816
1116, 39.421
1117, 39.004
1118, 36.52
1119, 36.237
1120, 37.132
1121, 36.586
1122, 35.851
1123, 35.927
1124, 35.565
1125, 35.208
1126, 34.896
1127, 35.256
1128, 35.812
1129, 36.528
1130, 37.269
1131, 37.211
1132, 37.059
1133, 36.389
1134, 36.256
1135, 35.482
1136, 35.007
1137, 34.491
1138, 34.243
1139, 34.177
1140, 34.755
1141, 34.582
1142, 34.848
1143, 36.047
1144, 36.2
1145, 36.286
1146, 37.031
1147, 38.447
1148, 39.496
1149, 38.91
1150, 38.694
1151, 37.822
1152, 37.549
1153, 37.549
1154, 36.52
1155, 38.176
1156, 38.023
1157, 37.22
1158, 35.556
1159, 35.142
1160, 35.565
1161, 36.276
1162, 36.056
1163, 36.047
1164, 36.445
1165, 37.636
1166, 37.722
1167, 38.334
1168, 38.334
1169, 38.352
1170, 39.242
1171, 39.467
1172, 38.825
1173, 38.863
1174, 37.851
1175, 37.352
1176, 38.647
1177, 37.54
1178, 37.815
1179, 37.104
1180, 37.626
1181, 38.506
1182, 37.636
1183, 39.665
1184, 39.296
1185, 39.214
1186, 37.86
1187, 36.748
1188, 35.293
1189, 31.428
1190, 30.691
1191, 30.21
1192, 30.228
1193, 30.032
1194, 29.861
1195, 30.154
1196, 30.673
1197, 31.901
1198, 31.428
1199, 31.552
1200, 32.712
1201, 32.894
1202, 32.722
1203, 33.337
1204, 33.489
1205, 33.184
1206, 33.147
1207, 32.543
1208, 33.166
1209, 33.924
1210, 33.849
1211, 34.055
1212, 33.665
1213, 33.97
1214, 34.981
1215, 34.509
1216, 34.867
1217, 35.256
1218, 34.243
1219, 34.359
1220, 34.747
1221, 33.867
1222, 34.659
1223, 33.83
1224, 33.213
1225, 33.685
1226, 33.582
1227, 33.867
1228, 33.307
1229, 33.007
1230, 33.442
1231, 32.826
1232, 33.508
1233, 32.619
1234, 31.929
1235, 31.042
1236, 31.381
1237, 30.758
1238, 30.967
1239, 30.36
1240, 30.881
1241, 30.748
1242, 30.616
1243, 30.494
1244, 29.709
1245, 30.589
1246, 29.709
1247, 29.737
1248, 29.927
1249, 30.246
1250, 31.381
1251, 30.804
1252, 30.673
1253, 31.163
1254, 31.298
1255, 30.748
1256, 30.37
1257, 30.246
1258, 30.266
1259, 30.9
1260, 31.967
1261, 32.233
1262, 32.676
1263, 32.778
1264, 33.307
1265, 32.479
1266, 32.451
1267, 32.543
1268, 31.996
1269, 31.938
1270, 31.741
1271, 31.881
1272, 32.345
1273, 32.628
1274, 32.242
1275, 33.221
1276, 32.59
1277, 28.603
1278, 29.802
1279, 30.276
1280, 30.513
1281, 30.616
1282, 30.05
1283, 30.201
1284, 30.228
1285, 30.089
1286, 29.822
1287, 30.173
1288, 30.246
1289, 30.285
1290, 30.192
1291, 30.238
1292, 30.266
1293, 30.127
1294, 28.283
1295, 28.775
1296, 28.973
1297, 29.512
1298, 28.808
1299, 29.417
1300, 29.311
1301, 29.302
1302, 29.774
1303, 29.144
1304, 28.925
1305, 27.161
1306, 30.608
1307, 29.124
1308, 28.293
1309, 30.089
1310, 29.426
1311, 29.01
1312, 28.594
1313, 28.263
1314, 28.169
1315, 27.318
1316, 26.825
1317, 25.43
1318, 25.43
1319, 25.232
1320, 24.978
1321, 24.692
1322, 25.213
1323, 24.721
1324, 24.562
1325, 25.252
1326, 25.828
1327, 24.721
1328, 24.07
1329, 24.126
1330, 23.995
1331, 24.665
1332, 25.107
1333, 24.827
1334, 25.81
1335, 25.505
1336, 25.468
1337, 25.487
1338, 25.459
1339, 25.087
1340, 25.271
1341, 25.097
1342, 25.996
1343, 25.468
1344, 24.692
1345, 24.325
1346, 23.74
1347, 23.454
1348, 23.399
1349, 23.824
1350, 24.005
1351, 24.135
1352, 23.891
1353, 24.968
1354, 24.968
1355, 24.381
1356, 23.435
1357, 24.524
1358, 24.77
1359, 23.503
1360, 28.973
1361, 28.388
1362, 28.454
1363, 28.113
1364, 27.715
1365, 28.113
1366, 28.16
1367, 28.501
1368, 28.538
1369, 32.127
1370, 31.76
1371, 31.078
1372, 31.033
1373, 30.276
1374, 29.048
1375, 29.02
1376, 28.331
1377, 28.445
1378, 30.109
1379, 30.012
1380, 29.238
1381, 29.464
1382, 29.55
1383, 28.943
1384, 29.105
1385, 29.02
1386, 29.974
1387, 29.267
1388, 29.422
1389, 31.381
1390, 31.381
1391, 32.081
1392, 31.693
1393, 32.147
1394, 32.507
1395, 31.938
1396, 32.553
1397, 31.929
1398, 31.317
1399, 31.004
1400, 30.543
1401, 31.524
1402, 31.004
1403, 31.268
1404, 30.513
1405, 31.825
1406, 31.524
1407, 31.078
1408, 31.173
1409, 31.418
1410, 31.117
1411, 29.793
1412, 31.288
1413, 31.042
1414, 30.994
1415, 31.618
1416, 31.59
1417, 32.194
1418, 33.601
1419, 33.639
1420, 33.791
1421, 33.8
1422, 33.347
1423, 32.999
1424, 32.533
1425, 32.647
1426, 32.76
1427, 32.685
1428, 32.75
1429, 32.76
1430, 32.381
1431, 32.383
1432, 33.337
1433, 33.405
1434, 34.064
1435, 34.129
1436, 34.811
1437, 34.727
1438, 35.34
1439, 34.443
1440, 35.35
1441, 35.264
1442, 34.592
1443, 34.253
1444, 33.998
1445, 33.877
1446, 33.451
1447, 33.045
1448, 34.018
1449, 33.867
1450, 33.573
1451, 33.141
1452, 34.396
1453, 34.857
1454, 34.688
1455, 34.573
1456, 34.414
1457, 34.434
1458, 34.564
1459, 35.425
1460, 35.181
1461, 35.669
1462, 35.406
1463, 35.822
1464, 36.343
1465, 35.99
1466, 36.276
1467, 36.295
1468, 36.038
1469, 36.361
1470, 36.605
1471, 36.496
1472, 36.677
1473, 35.741
1474, 36.547
1475, 35.669
1476, 35.642
1477, 35.832
1478, 35.822
1479, 35.822
1480, 35.871
1481, 35.387
1482, 34.896
1483, 35.045
1484, 34.755
1485, 33.83
1486, 33.553
1487, 33.065
1488, 33.289
1489, 33.656
1490, 34.31
1491, 34.263
1492, 33.074
1493, 34.276
1494, 35.274
1495, 35.181
1496, 34.916
1497, 38.267
1498, 38.287
1499, 38.158
1500, 37.511
1501, 37.24
1502, 38.267
1503, 38.267
1504, 37.559
1505, 37.316
1506, 37.703
1507, 36.615
1508, 35.387
1509, 35.518
1510, 35.954
1511, 36.174
1512, 35.526
1513, 35.15
1514, 36.094
1515, 35.784
1516, 35.162
1517, 36.454
1518, 35.871
1519, 35.024
1520, 34.772
1521, 34.708
1522, 34.62
1523, 33.867
1524, 34.336
1525, 35.244
1526, 35.726
1527, 35.88
1528, 35.812
1529, 35.66
1530, 35.31
1531, 34.894
1532, 34.753
1533, 35.861
1534, 36.039
1535, 36.029
1536, 36.066
1537, 36.038
1538, 35.623
1539, 35.189
1540, 34.799
1541, 34.392
1542, 34.173
1543, 33.929
1544, 33.67
1545, 34.43
1546, 33.728
1547, 33.947
1548, 34.326
1549, 34.44
1550, 33.909
1551, 34.762
1552, 34.799
1553, 34.617
1554, 34.724
1555, 34.637
1556, 35.091
1557, 34.685
1558, 34.051
1559, 34.298
1560, 34.724
1561, 35.526
1562, 35.235
1563, 35.632
1564, 34.646
1565, 33.892
1566, 33.549
1567, 34.346
1568, 33.596
1569, 33.614
1570, 34.042
1571, 33.901
1572, 33.748
1573, 34.656
1574, 34.913
1575, 35.569
1576, 34.468
1577, 34.355
1578, 33.567
1579, 33.293
1580, 32.922
1581, 31.621
1582, 31.801
1583, 31.621
1584, 31.713
1585, 32.365
1586, 32.337
1587, 32.674
1588, 32.626
1589, 33.103
1590, 33.641
1591, 33.25
1592, 33.299
1593, 33.299
1594, 33.687
1595, 34.191
1596, 34.123
1597, 34.836
1598, 35.453
1599, 35.633
1600, 35.556
1601, 35.919
1602, 36.087
1603, 35.473
1604, 35.387
1605, 35.18
1606, 34.238
1607, 34.598
1608, 34.315
1609, 35.092
1610, 34.969
1611, 35.415
1612, 35.283
1613, 34.894
1614, 34.191
1615, 33.406
1616, 33.184
1617, 32.906
1618, 32.922
1619, 32.294
1620, 29.912
1621, 28.424
1622, 27.711
1623, 24.885
1624, 26.807
1625, 25.778
1626, 26.39
1627, 26.747
1628, 27.532
1629, 27.116
1630, 27.019
1631, 25.11
1632, 24.684
1633, 24.904
1634, 26.592
1635, 27.882
1636, 27.029
1637, 27.739
1638, 29.078
1639, 29.278
1640, 29.283
1641, 28.31
1642, 26.788
1643, 26.663
1644, 27.906
1645, 27.566
1646, 27.284
1647, 27.721
1648, 28.261
1649, 28.376
1650, 28.973
1651, 28.954
1652, 27.958
1653, 26.991
1654, 25.408
1655, 24.229
1656, 24.434
1657, 25.368
1658, 26.362
1659, 25.051
1660, 25.005
1661, 24.19
1662, 23.139
1663, 25.022
1664, 25.175
1665, 26.138
1666, 25.964
1667, 27.354
1668, 27.726
1669, 28.269
1670, 27.726
1671, 28.432
1672, 27.716
1673, 28.061
1674, 26.984
1675, 26.819
1676, 27.177
1677, 28.061
1678, 27.585
1679, 28.498
1680, 30.193
1681, 30.164
1682, 29.097
1683, 27.726
1684, 28.546
1685, 29.734
1686, 29.444
1687, 29.261
1688, 28.831
1689, 28.079
1690, 27.652
1691, 27.831
1692, 27.595
1693, 28.013
1694, 27.773
1695, 26.916
1696, 26.411
1697, 25.5
1698, 25.175
1699, 24.614
1700, 23.853
1701, 25.013
1702, 24.548
1703, 25.799
1704, 26.023
1705, 26.023
1706, 26.032
1707, 26.084
1708, 26.094
1709, 25.109
1710, 25.436
1711, 25.301
1712, 24.997
1713, 24.939
1714, 25.508
1715, 26.305
1716, 26.051
1717, 27.241
1718, 27.307
1719, 27.565
1720, 27.86
1721, 27.604
1722, 27.001
1723, 27.584
1724, 27.392
1725, 27.869
1726, 27.633
1727, 28.174
1728, 28.033
1729, 28.071
1730, 28.395
1731, 28.165
1732, 28.434
1733, 28.309
1734, 27.965
1735, 28.424
1736, 28.471
1737, 28.49
1738, 28.174
1739, 28.118
1740, 28.518
1741, 28.289
1742, 28.452
1743, 28.48
1744, 28.695
1745, 29.674
1746, 30.037
1747, 31.058
1748, 31.2
1749, 31.142
1750, 33.054
1751, 33.054
1752, 33.836
1753, 34.827
1754, 34.235
1755, 33.96
1756, 35.045
1757, 34.924
1758, 35.123
1759, 34.655
1760, 34.999
1761, 34.895
1762, 34.607
1763, 34.399
1764, 34.154
1765, 33.884
1766, 33.403
1767, 33.166
1768, 32.129
1769, 32.1
1770, 32.456
1771, 33.005
1772, 33.005
1773, 33.729
1774, 33.492
1775, 33.931
1776, 33.9
1777, 34.369
1778, 33.978
1779, 34.342
1780, 34.198
1781, 35.084
1782, 35.544
1783, 35.982
1784, 35.334
1785, 35.287
1786, 35.094
1787, 35.191
1788, 34.693
1789, 34.156
1790, 34.205
1791, 33.256
1792, 32.856
1793, 33.383
1794, 33.667
1795, 33.002
1796, 33.247
1797, 33.872
1798, 33.199
1799, 33.104
1800, 33.305
1801, 32.741
1802, 32.885
1803, 33.104
1804, 32.807
1805, 33.114
1806, 32.905
1807, 32.885
1808, 32.607
1809, 32.807
1810, 32.368
1811, 32.339
1812, 32.407
1813, 31.748
1814, 32.721
1815, 32.741
1816, 32.081
1817, 32.053
1818, 32.721
1819, 31.976
1820, 32.081
1821, 32.54
1822, 32.665
1823, 32.925
1824, 32.945
1825, 33.123
1826, 33.716
1827, 33.47
1828, 33.383
1829, 32.731
1830, 32.368
1831, 32.49
1832, 33.015
1833, 32.97
1834, 33.48
1835, 32.665
1836, 33.227
1837, 33.171
1838, 33.383
1839, 33.609
1840, 33.957
1841, 34.397
1842, 34.146
1843, 33.938
1844, 34.425
1845, 33.907
1846, 33.772
1847, 33.898
1848, 33.965
1849, 34.855
1850, 34.807
1851, 35.659
1852, 35.594
1853, 34.924
1854, 34.989
1855, 34.799
1856, 34.376
1857, 34.3
1858, 35.192
1859, 35.035
1860, 34.761
1861, 34.98
1862, 34.894
1863, 33.927
1864, 33.733
1865, 32.852
1866, 32.852
1867, 33.36
1868, 34.732
1869, 34.319
1870, 34.519
1871, 33.035
1872, 32.979
1873, 34.931
1874, 35.307
1875, 34.845
1876, 34.723
1877, 34.732
1878, 34.931
1879, 34.415
1880, 34.528
1881, 35.287
1882, 34.781
1883, 35.065
1884, 34.914
1885, 34.634
1886, 34.557
1887, 34.184
1888, 34.115
1889, 33.927
1890, 33.927
1891, 33.898
1892, 33.486
1893, 33.965
1894, 33.646
1895, 34.511
1896, 35.459
1897, 35.382
1898, 35.594
1899, 35.966
1900, 36.255
1901, 36.972
1902, 37.414
1903, 36.763
1904, 36.696
1905, 36.648
1906, 36.773
1907, 37.204
1908, 37.49
1909, 37.012
1910, 36.686
1911, 37.032
1912, 37.244
1913, 37.116
1914, 37.155
1915, 36.802
1916, 36.982
1917, 36.926
1918, 36.734
1919, 36.127
1920, 33.333
1921, 33.303
1922, 33.64
1923, 34.071
1924, 34.148
1925, 34.83
1926, 34.668
1927, 34.062
1928, 34.168
1929, 34.207
1930, 34.245
1931, 34.87
1932, 35.179
1933, 35.965
1934, 36.156
1935, 35.484
1936, 36.263
1937, 36.108
1938, 35.09
1939, 34.505
1940, 34.524
1941, 34.619
1942, 34.294
1943, 33.44
1944, 33.235
1945, 33.601
1946, 33.824
1947, 33.824
1948, 33.892
1949, 34.524
1950, 35.169
1951, 34.794
1952, 35.207
1953, 35.57
1954, 35.255
1955, 34.936
1956, 34.802
1957, 34.678
1958, 34.409
1959, 34.4
1960, 34.688
1961, 34.929
1962, 34.698
1963, 34.245
1964, 34.148
1965, 34.4
1966, 35.051
1967, 35.022
1968, 35.264
1969, 35.303
1970, 35.293
1971, 34.946
1972, 34.966
1973, 34.936
1974, 35.938
1975, 36.745
1976, 36.56
1977, 37.737
1978, 37.399
1979, 37.437
1980, 37.777
1981, 37.917
1982, 37.372
1983, 37.408
1984, 37.869
1985, 37.611
1986, 38.104
1987, 37.85
1988, 38.574
1989, 38.795
1990, 39.153
1991, 39.69
1992, 40.037
1993, 40.769
1994, 40.692
1995, 39.632
1996, 39.844
1997, 39.171
1998, 39.239
1999, 39.18
2000, 38.833
2001, 38.987
2002, 38.767
2003, 38.862
2004, 38.699
2005, 38.94
2006, 39.576
2007, 40.172
2008, 39.239
2009, 39.304
2010, 39.758
2011, 38.294
2012, 38.535
2013, 38.94
2014, 39.046
2015, 39.153
2016, 39.632
2017, 39.844
2018, 39.758
2019, 39.671
2020, 39.884
2021, 39.894
2022, 39.854
2023, 39.796
2024, 40.355
2025, 40.221
2026, 40.393
2027, 40.565
2028, 40.565
2029, 39.758
2030, 39.844
2031, 39.372
2032, 39.488
2033, 39.026
2034, 39.334
2035, 39.372
2036, 38.832
2037, 37.963
2038, 38.197
2039, 37.764
2040, 38.032
2041, 37.735
2042, 38.841
2043, 38.516
2044, 37.904
2045, 36.508
2046, 37.133
2047, 36.209
2048, 34.231
2049, 33.943
2050, 34.001
2051, 34.203
2052, 34.548
2053, 34.646
2054, 34.493
2055, 34.607
2056, 34.695
2057, 33.481
2058, 34.173
2059, 34.735
2060, 34.231
2061, 34.82
2062, 31.396
2063, 31.021
2064, 31.773
2065, 30.672
2066, 31.231
2067, 31.454
2068, 31.454
2069, 31.763
2070, 32.148
2071, 31.848
2072, 31.164
2073, 30.983
2074, 31.116
2075, 30.895
2076, 30.681
2077, 31.184
2078, 30.98
2079, 30.905
2080, 31.231
2081, 30.866
2082, 31.444
2083, 31.897
2084, 31.838
2085, 31.348
2086, 30.672
2087, 31.041
2088, 30.596
2089, 30.963
2090, 31.926
2091, 31.512
2092, 30.5
2093, 30.885
2094, 30.558
2095, 30.662
2096, 30.895
2097, 31.907
2098, 31.231
2099, 31.775
2100, 31.414
2101, 31.609
2102, 32.354
2103, 32.7
2104, 32.906
2105, 33.107
2106, 33.736
2107, 33.515
2108, 33.825
2109, 33.873
2110, 33.854
2111, 34.258
2112, 34.161
2113, 34.055
2114, 33.775
2115, 33.755
2116, 33.834
2117, 33.534
2118, 33.175
2119, 33.36
2120, 33.486
2121, 33.931
2122, 33.834
2123, 33.755
2124, 33.031
2125, 33.003
2126, 32.876
2127, 31.638
2128, 31.619
2129, 31.414
2130, 31.0
2131, 29.751
2132, 29.56
2133, 29.512
2134, 29.761
2135, 29.636
2136, 30.004
2137, 30.225
2138, 30.69
2139, 30.215
2140, 29.985
2141, 30.043
2142, 29.636
2143, 29.718
2144, 29.824
2145, 29.775
2146, 30.024
2147, 30.661
2148, 31.269
2149, 31.494
2150, 30.963
2151, 31.328
2152, 31.241
2153, 31.376
2154, 31.542
2155, 31.648
2156, 31.328
2157, 31.869
2158, 32.016
2159, 31.919
2160, 32.054
2161, 32.22
2162, 32.131
2163, 32.026
2164, 32.063
2165, 31.859
2166, 32.121
2167, 31.735
2168, 31.812
2169, 31.919
2170, 32.557
2171, 33.294
2172, 33.576
2173, 33.67
2174, 33.945
2175, 34.206
2176, 34.817
2177, 35.077
2178, 35.196
2179, 35.077
2180, 34.914
2181, 34.381
2182, 34.817
2183, 35.263
2184, 35.311
2185, 34.971
2186, 34.661
2187, 34.711
2188, 34.661
2189, 34.611
2190, 34.391
2191, 35.187
2192, 35.097
2193, 34.478
2194, 33.66
2195, 33.149
2196, 33.196
2197, 32.77
2198, 32.645
2199, 32.453
2200, 32.472
2201, 32.838
2202, 32.472
2203, 32.511
2204, 32.693
2205, 33.014
2206, 33.178
2207, 33.234
2208, 32.655
2209, 32.848
2210, 33.187
2211, 33.149
2212, 32.131
2213, 31.385
2214, 31.831
2215, 32.102
2216, 32.732
2217, 32.684
2218, 32.828
2219, 32.665
2220, 33.149
2221, 33.373
2222, 33.383
2223, 33.403
2224, 33.422
2225, 33.403
2226, 33.284
2227, 32.985
2228, 33.023
2229, 32.787
2230, 32.797
2231, 32.148
2232, 32.157
2233, 32.07
2234, 31.701
2235, 32.013
2236, 33.063
2237, 34.838
2238, 34.471
2239, 34.412
2240, 34.481
2241, 34.546
2242, 34.188
2243, 34.158
2244, 34.461
2245, 34.089
2246, 34.256
2247, 33.907
2248, 32.227
2249, 32.431
2250, 32.265
2251, 32.401
2252, 33.85
2253, 32.985
2254, 33.072
2255, 32.807
2256, 33.013
2257, 32.977
2258, 33.303
2259, 33.063
2260, 33.442
2261, 33.323
2262, 33.731
2263, 34.188
2264, 34.335
2265, 34.481
2266, 34.82
2267, 34.575
2268, 35.481
2269, 35.238
2270, 35.403
2271, 35.481
2272, 35.693
2273, 35.471
2274, 35.131
2275, 35.335
2276, 35.743
2277, 35.587
2278, 35.393
2279, 34.888
2280, 34.965
2281, 34.908
2282, 34.858
2283, 34.838
2284, 34.256
2285, 33.889
2286, 33.205
2287, 34.188
2288, 34.178
2289, 34.236
2290, 34.198
2291, 33.74
2292, 33.994
2293, 33.984
2294, 34.138
2295, 33.789
2296, 33.126
2297, 33.213
2298, 33.311
2299, 33.829
2300, 34.043
2301, 34.138
2302, 34.034
2303, 33.67
2304, 33.497
2305, 33.078
2306, 32.914
2307, 32.669
2308, 32.542
2309, 32.318
2310, 32.192
2311, 32.143
2312, 31.92
2313, 31.92
2314, 32.864
2315, 33.106
2316, 34.226
2317, 34.004
2318, 33.479
2319, 32.914
2320, 33.002
2321, 33.331
2322, 32.649
2323, 32.457
2324, 32.727
2325, 32.824
2326, 33.331
2327, 33.292
2328, 32.964
2329, 32.737
2330, 32.864
2331, 32.834
2332, 33.155
2333, 33.75
2334, 33.849
2335, 34.079
2336, 34.079
2337, 33.809
2338, 33.565
2339, 33.106
2340, 32.914
2341, 33.165
2342, 33.351
2343, 33.44
2344, 33.43
2345, 33.459
2346, 33.42
2347, 33.321
2348, 33.351
2349, 33.7
2350, 33.73
2351, 33.69
2352, 33.584
2353, 34.044
2354, 33.623
2355, 33.546
2356, 33.448
2357, 33.221
2358, 33.038
2359, 33.202
2360, 33.038
2361, 33.135
2362, 32.802
2363, 33.038
2364, 32.754
2365, 32.842
2366, 33.0
2367, 32.922
2368, 32.932
2369, 32.942
2370, 32.666
2371, 32.912
2372, 32.744
2373, 32.464
2374, 32.424
2375, 32.444
2376, 32.882
2377, 32.666
2378, 33.193
2379, 33.468
2380, 33.31
2381, 33.32
2382, 33.496
2383, 33.36
2384, 33.66
2385, 33.69
2386, 33.897
2387, 34.237
2388, 34.415
2389, 34.814
2390, 35.342
2391, 35.39
2392, 35.234
2393, 35.136
2394, 35.293
2395, 35.4
2396, 35.486
2397, 35.419
2398, 35.564
2399, 35.284
2400, 35.41
2401, 35.712
2402, 35.448
2403, 35.215
2404, 35.166
2405, 35.146
2406, 35.274
2407, 35.234
2408, 34.863
2409, 34.287
2410, 34.385
2411, 34.1
2412, 34.336
2413, 34.287
2414, 34.024
2415, 33.582
2416, 33.699
2417, 33.602
2418, 33.427
2419, 33.065
2420, 33.925
2421, 32.929
2422, 32.613
2423, 32.593
2424, 32.997
2425, 33.025
2426, 33.181
2427, 33.171
2428, 33.534
2429, 34.227
2430, 33.758
2431, 34.599
2432, 34.728
2433, 34.728
2434, 36.145
2435, 36.017
2436, 36.605
2437, 37.192
2438, 37.065
2439, 36.723
2440, 36.802
2441, 36.879
2442, 36.733
2443, 36.879
2444, 36.615
2445, 36.811
2446, 36.595
2447, 36.036
2448, 35.188
2449, 35.207
2450, 34.797
2451, 35.029
2452, 34.962
2453, 35.217
2454, 35.305
2455, 35.344
2456, 35.236
2457, 35.168
2458, 35.038
2459, 34.914
2460, 34.708
2461, 34.805
2462, 34.149
2463, 34.884
2464, 34.306
2465, 34.728
2466, 33.945
2467, 33.602
2468, 33.709
2469, 34.805
2470, 35.804
2471, 35.705
2472, 35.665
2473, 35.942
2474, 36.615
2475, 36.565
2476, 36.635
2477, 36.714
2478, 36.174
2479, 35.536
2480, 34.87
2481, 34.469
2482, 34.056
2483, 34.44
2484, 34.184
2485, 34.213
2486, 35.802
2487, 35.772
2488, 35.634
2489, 36.204
2490, 35.967
2491, 36.016
2492, 36.87
2493, 35.976
2494, 35.92
2495, 35.644
2496, 35.351
2497, 35.959
2498, 35.312
2499, 35.986
2500, 36.625
2501, 36.065
2502, 36.312
2503, 36.545
2504, 36.322
2505, 35.625
2506, 35.976
2507, 36.213
2508, 36.429
2509, 35.94
2510, 35.9
2511, 35.976
2512, 36.065
2513, 36.342
2514, 36.938
2515, 37.586
2516, 38.056
2517, 37.783
2518, 38.438
2519, 38.498
2520, 38.282
2521, 38.821
2522, 38.625
2523, 38.83
2524, 38.156
2525, 37.733
2526, 38.498
2527, 38.349
2528, 37.897
2529, 37.625
2530, 37.967
2531, 37.675
2532, 37.917
2533, 38.243
2534, 38.674
2535, 38.047
2536, 37.506
2537, 37.675
2538, 38.106
2539, 38.291
2540, 38.007
2541, 37.762
2542, 37.848
2543, 37.594
2544, 37.447
2545, 37.28
2546, 37.408
2547, 37.31
2548, 38.027
2549, 38.379
2550, 37.762
2551, 36.936
2552, 37.535
2553, 37.171
2554, 37.211
2555, 37.379
2556, 37.349
2557, 37.349
2558, 37.947
2559, 36.946
2560, 36.051
2561, 36.219
2562, 36.15
2563, 36.041
2564, 36.328
2565, 36.357
2566, 36.592
2567, 36.338
2568, 36.239
2569, 36.532
2570, 37.369
2571, 37.122
2572, 37.505
2573, 37.525
2574, 37.495
2575, 37.585
2576, 37.359
2577, 36.917
2578, 37.035
2579, 37.015
2580, 36.642
2581, 36.622
2582, 36.887
2583, 37.201
2584, 36.484
2585, 36.582
2586, 36.348
2587, 36.484
2588, 37.151
2589, 37.349
2590, 36.789
2591, 36.445
2592, 36.612
2593, 36.542
2594, 36.995
2595, 37.231
2596, 37.713
2597, 37.674
2598, 37.664
2599, 37.644
2600, 37.437
2601, 36.582
2602, 36.829
2603, 37.123
2604, 36.504
2605, 36.622
2606, 36.258
2607, 35.598
2608, 35.548
2609, 36.288
2610, 37.527
2611, 38.089
2612, 37.842
2613, 38.433
2614, 38.513
2615, 38.207
2616, 37.41
2617, 37.676
2618, 37.467
2619, 36.671
2620, 36.347
2621, 36.632
2622, 36.966
2623, 37.429
2624, 37.477
2625, 36.947
2626, 36.671
2627, 36.829
2628, 36.542
2629, 36.297
2630, 37.123
2631, 35.362
2632, 35.795
2633, 35.914
2634, 36.484
2635, 36.582
2636, 36.504
2637, 36.238
2638, 35.647
2639, 35.558
2640, 34.782
2641, 34.476
2642, 34.967
2643, 34.633
2644, 35.598
2645, 35.548
2646, 34.653
2647, 35.598
2648, 35.618
2649, 35.46
2650, 36.07
2651, 35.284
2652, 35.342
2653, 35.186
2654, 34.937
2655, 35.529
2656, 35.981
2657, 35.775
2658, 35.381
2659, 35.598
2660, 35.066
2661, 35.146
2662, 35.136
2663, 35.953
2664, 35.41
2665, 35.342
2666, 35.42
2667, 34.761
2668, 34.848
2669, 36.309
2670, 36.191
2671, 36.921
2672, 37.395
2673, 37.01
2674, 36.861
2675, 36.555
2676, 36.861
2677, 37.345
2678, 37.089
2679, 37.117
2680, 37.434
2681, 37.216
2682, 37.395
2683, 37.236
2684, 37.098
2685, 36.486
2686, 37.03
2687, 36.99
2688, 36.595
2689, 37.345
2690, 37.098
2691, 36.901
2692, 36.486
2693, 35.992
2694, 35.717
2695, 35.401
2696, 35.274
2697, 34.217
2698, 35.381
2699, 36.861
2700, 36.694
2701, 37.059
2702, 37.621
2703, 37.936
2704, 38.282
2705, 38.587
2706, 39.141
2707, 39.051
2708, 38.707
2709, 38.777
2710, 38.737
2711, 38.243
2712, 38.806
2713, 38.341
2714, 38.026
2715, 37.68
2716, 37.76
2717, 37.336
2718, 37.306
2719, 37.256
2720, 37.176
2721, 36.782
2722, 35.954
2723, 36.201
2724, 36.526
2725, 36.714
2726, 36.723
2727, 36.565
2728, 36.901
2729, 36.475
2730, 35.734
2731, 34.796
2732, 34.587
2733, 34.182
2734, 33.212
2735, 32.423
2736, 32.472
2737, 32.648
2738, 32.373
2739, 32.807
2740, 32.383
2741, 31.918
2742, 32.463
2743, 31.927
2744, 32.224
2745, 32.492
2746, 33.045
2747, 32.728
2748, 33.212
2749, 34.043
2750, 33.411
2751, 33.311
2752, 33.915
2753, 34.38
2754, 34.36
2755, 34.736
2756, 34.024
2757, 33.974
2758, 33.509
2759, 34.706
2760, 35.111
2761, 35.161
2762, 34.992
2763, 34.874
2764, 34.666
2765, 34.656
2766, 34.766
2767, 35.211
2768, 34.932
2769, 35.29
2770, 35.664
2771, 35.844
2772, 36.289
2773, 36.406
2774, 36.723
2775, 36.269
2776, 36.436
2777, 36.308
2778, 36.534
2779, 36.515
2780, 36.089
2781, 36.318
2782, 37.879
2783, 38.581
2784, 38.611
2785, 38.532
2786, 38.383
2787, 38.128
2788, 37.81
2789, 38.946
2790, 38.621
2791, 38.621
2792, 38.771
2793, 38.077
2794, 37.809
2795, 37.71
2796, 37.809
2797, 37.591
2798, 37.581
2799, 37.571
2800, 38.027
2801, 37.957
2802, 38.017
2803, 38.037
2804, 38.473
2805, 38.215
2806, 38.037
2807, 38.443
2808, 37.937
2809, 38.661
2810, 38.8
2811, 38.037
2812, 38.127
2813, 38.303
2814, 37.947
2815, 37.887
2816, 37.71
2817, 38.264
2818, 38.157
2819, 38.601
2820, 38.601
2821, 38.869
2822, 38.383
2823, 38.551
2824, 37.79
2825, 37.77
2826, 37.75
2827, 38.215
2828, 38.264
2829, 38.889
2830, 39.067
2831, 39.097
2832, 39.423
2833, 39.9
2834, 40.217
2835, 40.147
2836, 40.335
2837, 40.81
2838, 40.603
2839, 41.138
2840, 41.059
2841, 40.385
2842, 39.94
2843, 40.047
2844, 40.187
2845, 40.256
2846, 40.018
2847, 40.425
2848, 39.988
2849, 40.137
2850, 40.98
2851, 39.067
2852, 38.473
2853, 38.254
2854, 38.541
2855, 39.654
2856, 39.813
2857, 39.933
2858, 39.545
2859, 39.793
2860, 40.875
2861, 41.411
2862, 41.927
2863, 42.007
2864, 41.898
2865, 42.284
2866, 42.146
2867, 41.927
2868, 42.196
2869, 41.888
2870, 42.127
2871, 41.858
2872, 42.156
2873, 42.533
2874, 42.643
2875, 42.047
2876, 42.702
2877, 42.563
2878, 42.662
2879, 42.553
2880, 43.069
2881, 43.129
2882, 43.039
2883, 43.109
2884, 43.685
2885, 43.893
2886, 44.588
2887, 44.43
2888, 44.41
2889, 44.598
2890, 44.539
2891, 44.569
2892, 45.006
2893, 44.876
2894, 45.164
2895, 44.886
2896, 45.184
2897, 45.115
2898, 44.797
2899, 45.085
2900, 45.641
2901, 45.731
2902, 46.157
2903, 45.909
2904, 44.767
2905, 45.303
2906, 44.807
2907, 44.52
2908, 45.164
2909, 44.956
2910, 45.602
2911, 45.769
2912, 46.484
2913, 46.714
2914, 46.057
2915, 45.392
2916, 45.621
2917, 46.019
2918, 45.69
2919, 46.167
2920, 45.819
2921, 45.779
2922, 46.307
2923, 46.197
2924, 45.312
2925, 45.541
2926, 44.825
2927, 44.984
2928, 44.855
2929, 44.875
2930, 44.605
2931, 44.655
2932, 44.556
2933, 44.556
2934, 44.158
2935, 44.407
2936, 44.208
2937, 43.909
2938, 43.81
2939, 43.313
2940, 44.307
2941, 43.711
2942, 43.064
2943, 42.915
2944, 42.965
2945, 43.462
2946, 45.153
2947, 46.446
2948, 48.335
2949, 50.125
2950, 50.275
2951, 52.911
2952, 54.303
2953, 54.402
2954, 54.9
2955, 55.346
2956, 56.392
2957, 56.192
2958, 56.192
2959, 55.844
2960, 55.396
2961, 55.596
2962, 55.944
2963, 54.95
2964, 55.646
2965, 56.838
2966, 57.238
2967, 57.784
2968, 57.684
2969, 57.238
2970, 56.938
2971, 56.492
2972, 57.088
2973, 56.788
2974, 57.584
2975, 57.784
2976, 57.386
2977, 56.938
2978, 57.784
2979, 57.436
2980, 56.739
2981, 57.088
2982, 56.421
2983, 57.118
2984, 57.515
2985, 56.471
2986, 56.021
2987, 55.773
2988, 56.968
2989, 57.815
2990, 57.118
2991, 58.213
2992, 56.768
2993, 57.218
2994, 56.271
2995, 56.171
2996, 55.674
2997, 56.371
2998, 56.669
2999, 56.52
3000, 57.266
3001, 56.818
3002, 57.965
3003, 57.915
3004, 57.266
3005, 57.715
3006, 57.018
3007, 57.168
3008, 52.636
3009, 53.83
3010, 54.378
3011, 54.627
3012, 54.18
3013, 54.877
3014, 55.076
3015, 54.927
3016, 55.574
3017, 55.225
3018, 54.927
3019, 55.274
3020, 55.324
3021, 53.98
3022, 54.877
3023, 53.731
3024, 54.478
3025, 54.727
3026, 53.731
3027, 52.785
3028, 53.383
3029, 54.03
3030, 54.18
3031, 54.478
3032, 56.171
3033, 56.52
3034, 57.965
3035, 56.768
3036, 55.773
3037, 55.424
3038, 56.471
3039, 56.768
3040, 56.619
3041, 56.868
3042, 57.615
3043, 57.795
3044, 57.945
3045, 56.947
3046, 57.446
3047, 57.595
3048, 57.595
3049, 57.745
3050, 57.845
3051, 58.393
3052, 57.545
3053, 56.548
3054, 56.449
3055, 56.399
3056, 56.648
3057, 57.495
3058, 57.695
3059, 58.443
3060, 59.241
3061, 60.288
3062, 60.139
3063, 58.693
3064, 59.191
3065, 58.842
3066, 58.493
3067, 58.593
3068, 57.197
3069, 57.346
3070, 57.446
3071, 57.695
3072, 57.396
3073, 56.997
3074, 56.747
3075, 56.897
3076, 55.551
3077, 55.751
3078, 55.601
3079, 56.249
3080, 56.997
3081, 57.695
3082, 57.446
3083, 57.695
3084, 56.847
3085, 57.446
3086, 58.293
3087, 58.842
3088, 58.393
3089, 57.495
3090, 57.995
3091, 59.341
3092, 60.737
3093, 59.141
3094, 60.239
3095, 59.54
3096, 59.839
3097, 59.59
3098, 60.039
3099, 59.441
3100, 58.493
3101, 58.743
3102, 59.491
3103, 59.341
3104, 58.842
3105, 59.839
3106, 59.341
3107, 59.57
3108, 60.02
3109, 60.02
3110, 59.071
3111, 59.92
3112, 59.57
3113, 59.92
3114, 59.87
3115, 60.22
3116, 60.269
3117, 61.018
3118, 61.168
3119, 62.516
3120, 63.066
3121, 62.716
3122, 62.417
3123, 62.367
3124, 61.418
3125, 61.468
3126, 62.067
3127, 61.618
3128, 61.368
3129, 61.018
3130, 61.068
3131, 61.168
3132, 61.118
3133, 61.118
3134, 53.379
3135, 53.279
3136, 51.331
3137, 53.678
3138, 53.828
3139, 54.078
3140, 53.628
3141, 53.878
3142, 53.678
3143, 53.878
3144, 53.429
3145, 53.279
3146, 53.479
3147, 53.528
3148, 53.928
3149, 53.878
3150, 54.377
3151, 54.827
3152, 54.178
3153, 54.627
3154, 54.477
3155, 54.727
3156, 54.877
3157, 55.376
3158, 55.925
3159, 55.726
3160, 56.075
3161, 57.074
3162, 57.773
3163, 58.272
3164, 57.124
3165, 57.773
3166, 58.122
3167, 58.422
3168, 60.269
3169, 60.369
3170, 59.87
3171, 61.1
3172, 62.0
3173, 60.85
3174, 60.7
3175, 61.6
3176, 60.5
3177, 60.6
3178, 60.5
3179, 60.5
3180, 61.0
3181, 61.15
3182, 60.1
3183, 60.2
3184, 59.9
3185, 60.1
3186, 59.5
3187, 60.0
3188, 59.45
3189, 59.55
3190, 59.75
3191, 57.95
3192, 57.95
3193, 59.05
3194, 59.5
3195, 59.15
3196, 59.05
3197, 58.05
3198, 57.2
3199, 56.65
3200, 57.55
