15.0, 86.96682464454976
16.0, 85.1508120649652
17.0, 80.13392857142857
18.0, 81.5734989648033
19.0, 79.72665148063781
20.0, 78.28054298642533
21.0, 70.9832134292566
22.0, 72.72727272727272
23.0, 79.08653846153845
24.0, 79.43262411347517
25.0, 76.67560321715817
26.0, 70.40816326530611
27.0, 67.04545454545455
28.0, 57.00934579439254
29.0, 51.04602510460253
30.0, 55.23012552301256
31.0, 64.19213973799127
32.0, 54.31472081218276
33.0, 44.78527607361964
34.0, 46.79487179487182
35.0, 57.352941176470615
36.0, 46.98795180722894
37.0, 44.30379746835447
38.0, 39.13043478260872
39.0, 39.13043478260872
40.0, 35.795454545454575
41.0, 33.91812865497077
42.0, 34.93975903614461
43.0, 41.13475177304967
44.0, 35.036496350364985
45.0, 30.468750000000043
46.0, 31.20000000000003
47.0, 32.28346456692917
48.0, 31.538461538461576
49.0, 25.35211267605638
50.0, 45.09803921568632
51.0, 25.609756097561046
52.0, 44.565217391304394
53.0, 50.000000000000036
54.0, 62.886597938144355
55.0, 57.00934579439255
56.0, 54.46428571428574
57.0, 54.46428571428574
58.0, 57.547169811320785
59.0, 55.00000000000003
60.0, 55.00000000000003
61.0, 54.54545454545457
62.0, 56.70103092783509
63.0, 61.11111111111114
64.0, 64.28571428571432
65.0, 62.3762376237624
66.0, 53.08641975308646
67.0, 40.74074074074079
68.0, 32.394366197183174
69.0, 34.84848484848493
70.0, 34.84848484848493
71.0, 39.43661971830992
72.0, 43.421052631578995
73.0, 42.857142857142904
74.0, 38.372093023255864
75.0, 31.521739130434852
76.0, 22.22222222222227
77.0, 24.137931034482804
78.0, 18.51851851851856
79.0, 20.000000000000057
80.0, 18.18181818181823
81.0, 20.000000000000057
82.0, 20.000000000000057
83.0, 21.05263157894744
84.0, 22.222222222222285
85.0, 12.000000000000057
86.0, 7.5757575757576205
87.0, 7.462686567164226
88.0, 8.333333333333385
89.0, 47.368421052631604
90.0, 61.76470588235296
91.0, 58.011049723756926
92.0, 54.285714285714306
93.0, 55.55555555555557
94.0, 47.619047619047635
95.0, 44.44444444444446
96.0, 40.816326530612265
97.0, 47.080291970802925
98.0, 41.747572815533985
99.0, 53.33333333333334
100.0, 52.80528052805281
101.0, 52.45901639344263
102.0, 53.074433656957936
103.0, 36.05150214592277
104.0, 29.741379310344854
105.0, 31.53153153153154
106.0, 32.110091743119284
107.0, 30.37383177570095
108.0, 38.76404494382024
109.0, 41.3173652694611
110.0, 48.34437086092717
111.0, 34.64566929133862
112.0, 39.28571428571431
113.0, 13.541666666666686
114.0, 25.2747252747253
115.0, 30.769230769230802
116.0, 26.086956521739154
117.0, 21.23893805309737
118.0, 27.884615384615415
119.0, 43.60902255639101
120.0, 43.60902255639101
121.0, 45.98540145985404
122.0, 44.360902255639125
123.0, 45.736434108527156
124.0, 46.15384615384618
125.0, 55.172413793103466
126.0, 65.3846153846154
127.0, 81.81818181818183
128.0, 67.56756756756758
129.0, 58.823529411764724
130.0, 60.30150753768846
131.0, 70.49180327868854
132.0, 67.75956284153007
133.0, 55.95238095238097
134.0, 58.42696629213484
135.0, 46.47887323943664
136.0, 48.87892376681616
137.0, 45.228215767634865
138.0, 45.228215767634865
139.0, 41.07142857142859
140.0, 37.99126637554587
141.0, 18.1372549019608
142.0, 20.670391061452534
143.0, 28.484848484848513
144.0, 36.216216216216246
145.0, 31.182795698924764
146.0, 31.868131868131897
147.0, 35.11904761904765
148.0, 35.11904761904765
149.0, 40.41095890410962
150.0, 35.50724637681162
151.0, 37.69230769230773
152.0, 46.000000000000036
153.0, 44.00000000000002
154.0, 46.478873239436645
155.0, 58.19672131147543
156.0, 73.25581395348838
157.0, 74.01129943502826
158.0, 54.95049504950497
159.0, 52.35849056603776
160.0, 52.60663507109007
161.0, 53.48837209302327
162.0, 53.48837209302327
163.0, 59.40594059405943
164.0, 54.54545454545456
165.0, 55.8139534883721
166.0, 52.500000000000014
167.0, 55.55555555555557
168.0, 52.27272727272729
169.0, 47.826086956521756
170.0, 32.96089385474863
171.0, 24.04371584699456
172.0, 31.884057971014528
173.0, 46.37681159420293
174.0, 51.6339869281046
175.0, 54.60122699386505
176.0, 51.6339869281046
177.0, 44.04761904761907
178.0, 47.741935483870996
179.0, 49.33333333333336
180.0, 43.24324324324327
181.0, 39.130434782608724
182.0, 43.902439024390276
183.0, 45.37815126050423
184.0, 43.96551724137934
185.0, 50.49504950495053
186.0, 51.45631067961168
187.0, 39.75903614457837
188.0, 28.57142857142864
189.0, 9.090909090909207
190.0, 8.47457627118655
191.0, 20.930232558139664
192.0, 34.14634146341476
193.0, 50.90909090909098
194.0, 72.85714285714288
195.0, 77.10843373493978
196.0, 72.72727272727275
197.0, 57.65765765765768
198.0, 57.65765765765768
199.0, 49.612403100775225
200.0, 52.55474452554747
201.0, 58.5987261146497
202.0, 54.54545454545457
203.0, 57.14285714285715
204.0, 57.803468208092504
205.0, 59.66850828729284
206.0, 58.75706214689268
207.0, 53.89221556886229
208.0, 49.342105263157926
209.0, 41.61073825503358
210.0, 35.632183908046
211.0, 49.67741935483873
212.0, 47.20496894409941
213.0, 52.05479452054797
214.0, 50.00000000000002
215.0, 40.98360655737709
216.0, 43.47826086956526
217.0, 40.90909090909095
218.0, 41.6666666666667
219.0, 40.56603773584909
220.0, 36.521739130434824
221.0, 45.238095238095276
222.0, 45.238095238095276
223.0, 52.032520325203286
224.0, 71.00000000000003
225.0, 66.27906976744188
226.0, 69.51219512195124
227.0, 59.37500000000003
228.0, 62.13592233009712
229.0, 60.37735849056606
230.0, 52.032520325203286
231.0, 53.90625000000003
232.0, 55.639097744360924
233.0, 52.032520325203286
234.0, 61.718750000000014
235.0, 56.637168141592944
236.0, 55.454545454545475
237.0, 52.427184466019455
238.0, 50.50505050505054
239.0, 49.000000000000036
240.0, 50.000000000000036
241.0, 69.56521739130437
242.0, 69.23076923076925
243.0, 75.78947368421053
244.0, 91.13924050632913
245.0, 90.54054054054056
246.0, 89.85507246376814
247.0, 89.85507246376814
248.0, 87.03703703703707
249.0, 82.45614035087722
250.0, 79.24528301886798
251.0, 71.18644067796615
252.0, 69.64285714285718
253.0, 74.5762711864407
254.0, 77.41935483870971
255.0, 67.34693877551027
256.0, 54.76190476190483
257.0, 51.28205128205139
258.0, 48.78048780487812
259.0, 59.61538461538466
260.0, 59.61538461538466
261.0, 55.357142857142925
262.0, 54.38596491228076
263.0, 44.92753623188412
264.0, 40.25974025974032
265.0, 45.20547945205485
266.0, 48.051948051948095
267.0, 63.63636363636366
268.0, 52.380952380952415
269.0, 58.273381294964054
270.0, 59.55882352941179
271.0, 56.81818181818184
272.0, 58.13953488372096
273.0, 53.448275862068996
274.0, 46.26865671641794
275.0, 47.692307692307715
276.0, 44.60431654676262
277.0, 47.692307692307715
278.0, 51.23966942148762
279.0, 53.174603174603206
280.0, 54.961832061068726
281.0, 35.05154639175264
282.0, 46.913580246913625
283.0, 32.394366197183174
284.0, 36.00000000000006
285.0, 35.06493506493513
286.0, 35.52631578947374
287.0, 32.876712328767184
288.0, 44.642857142857196
289.0, 41.66666666666672
290.0, 50.000000000000064
291.0, 45.454545454545524
292.0, 45.454545454545524
293.0, 45.454545454545524
294.0, 50.000000000000064
295.0, 53.57142857142862
296.0, 51.851851851851904
297.0, 54.9019607843138
298.0, 50.00000000000008
299.0, 55.55555555555563
300.0, 47.16981132075478
301.0, 47.16981132075478
302.0, 56.923076923076984
303.0, 56.060606060606105
304.0, 65.06024096385545
305.0, 63.52941176470591
306.0, 62.79069767441865
307.0, 60.00000000000003
308.0, 53.62318840579715
309.0, 51.38888888888893
310.0, 47.9452054794521
311.0, 47.9452054794521
312.0, 52.56410256410262
313.0, 47.058823529411804
314.0, 54.54545454545458
315.0, 52.50000000000003
316.0, 40.845070422535265
317.0, 53.16455696202535
318.0, 39.06250000000008
319.0, 55.93220338983056
320.0, 59.016393442622984
321.0, 67.94871794871798
322.0, 70.58823529411768
323.0, 71.42857142857147
324.0, 68.96551724137935
325.0, 79.67479674796749
326.0, 81.75182481751825
327.0, 91.14583333333334
328.0, 77.5784753363229
329.0, 75.21739130434784
330.0, 77.54237288135594
331.0, 78.88446215139443
332.0, 77.64705882352943
333.0, 76.00000000000001
334.0, 73.62204724409452
335.0, 71.30801687763716
336.0, 71.78423236514524
337.0, 71.48760330578514
338.0, 69.75806451612905
339.0, 68.08510638297874
340.0, 72.22222222222224
341.0, 62.26415094339625
342.0, 71.73913043478262
343.0, 75.86206896551727
344.0, 74.85029940119762
345.0, 70.21276595744683
346.0, 71.73913043478262
347.0, 73.9130434782609
348.0, 77.86259541984734
349.0, 75.55555555555557
350.0, 67.175572519084
351.0, 67.175572519084
352.0, 75.5905511811024
353.0, 71.0280373831776
354.0, 40.384615384615444
355.0, 44.68085106382986
356.0, 44.68085106382986
357.0, 42.857142857142904
358.0, 34.61538461538473
359.0, 46.03174603174609
360.0, 46.7741935483871
361.0, 36.61971830985921
362.0, 34.666666666666714
363.0, 50.00000000000004
364.0, 54.32098765432105
365.0, 55.00000000000003
366.0, 45.56962025316458
367.0, 46.913580246913625
368.0, 46.913580246913625
369.0, 37.623762376237664
370.0, 39.58333333333337
371.0, 34.234234234234265
372.0, 43.22033898305088
373.0, 35.84905660377365
374.0, 33.333333333333385
375.0, 43.859649122807056
376.0, 40.98360655737709
377.0, 30.188679245283097
378.0, 27.5862068965518
379.0, 29.310344827586306
380.0, 26.562500000000085
381.0, 43.373493975903635
382.0, 51.54639175257734
383.0, 55.55555555555557
384.0, 57.894736842105274
385.0, 58.510638297872354
386.0, 65.33333333333333
387.0, 68.44262295081967
388.0, 68.44262295081967
389.0, 66.81034482758619
390.0, 65.12605042016807
391.0, 66.10878661087868
392.0, 66.94915254237289
393.0, 65.82278481012659
394.0, 70.90909090909093
395.0, 56.92307692307695
396.0, 49.700598802395234
397.0, 53.012048192771104
398.0, 50.00000000000002
399.0, 55.319148936170244
400.0, 30.769230769230816
401.0, 10.526315789473742
402.0, 45.28301886792457
403.0, 39.66942148760334
404.0, 42.47787610619471
405.0, 42.47787610619471
406.0, 54.1666666666667
407.0, 53.27868852459017
408.0, 55.284552845528474
409.0, 61.26126126126129
410.0, 61.26126126126129
411.0, 59.43396226415097
412.0, 61.26126126126129
413.0, 64.4628099173554
414.0, 55.319148936170244
415.0, 58.86524822695038
416.0, 47.74774774774778
417.0, 67.175572519084
418.0, 82.72251308900525
419.0, 78.2828282828283
420.0, 72.25130890052358
421.0, 76.58536585365854
422.0, 74.75728155339809
423.0, 76.23762376237624
424.0, 69.05829596412556
425.0, 67.54385964912282
426.0, 68.2403433476395
427.0, 67.68558951965068
428.0, 75.22935779816515
429.0, 69.73684210526318
430.0, 68.34862385321102
431.0, 63.29787234042555
432.0, 39.837398373983774
433.0, 43.36283185840711
434.0, 45.37037037037041
435.0, 40.40404040404045
436.0, 39.215686274509835
437.0, 47.2727272727273
438.0, 45.61403508771934
439.0, 38.80597014925377
440.0, 33.87096774193553
441.0, 27.06766917293237
442.0, 20.930232558139593
443.0, 26.890756302521055
444.0, 26.890756302521055
445.0, 35.07462686567169
446.0, 52.873563218390814
447.0, 44.019138755980876
448.0, 44.019138755980876
449.0, 39.047619047619065
450.0, 44.74885844748861
451.0, 48.94514767932491
452.0, 55.760368663594484
453.0, 63.77551020408164
454.0, 60.975609756097576
455.0, 66.49484536082475
456.0, 65.15151515151516
457.0, 66.8269230769231
458.0, 63.76146788990827
459.0, 60.10101010101012
460.0, 52.69461077844313
461.0, 64.70588235294122
462.0, 71.14093959731545
463.0, 72.60273972602744
464.0, 64.28571428571432
465.0, 56.52173913043481
466.0, 50.00000000000002
467.0, 48.27586206896555
468.0, 52.33644859813087
469.0, 54.46428571428576
470.0, 59.61538461538465
471.0, 55.31914893617025
472.0, 61.90476190476195
473.0, 58.42696629213488
474.0, 50.00000000000004
475.0, 46.913580246913625
476.0, 31.746031746031832
477.0, 46.15384615384621
478.0, 49.18032786885251
479.0, 59.74025974025977
480.0, 67.64705882352942
481.0, 74.41860465116281
482.0, 71.11111111111109
483.0, 72.91666666666664
484.0, 82.312925170068
485.0, 89.68253968253966
486.0, 90.94076655052262
487.0, 93.37539432176654
488.0, 94.21965317919073
489.0, 86.47214854111405
490.0, 82.11586901763224
491.0, 82.11586901763224
492.0, 86.17021276595744
493.0, 88.18181818181817
494.0, 89.04109589041096
495.0, 84.94077834179356
496.0, 85.51959114139694
497.0, 87.5912408759124
498.0, 88.45108695652173
499.0, 86.28389154704945
500.0, 69.60110041265474
501.0, 70.99737532808399
502.0, 65.76576576576576
503.0, 70.14531043593131
504.0, 69.23076923076923
505.0, 69.23076923076923
506.0, 66.90042075736325
507.0, 57.668711656441715
508.0, 51.12443778110944
509.0, 51.510574018126896
510.0, 56.326530612244895
511.0, 44.07027818448024
512.0, 32.89036544850498
513.0, 32.67326732673267
514.0, 41.16424116424117
515.0, 33.568075117370896
516.0, 33.9667458432304
517.0, 34.74178403755867
518.0, 35.57692307692308
519.0, 37.81902552204176
520.0, 31.65137614678899
521.0, 55.208333333333336
522.0, 59.887005649717516
523.0, 59.32835820895523
524.0, 52.91576673866091
525.0, 62.350119904076735
526.0, 61.904761904761905
527.0, 63.529411764705884
528.0, 63.529411764705884
529.0, 63.95348837209302
530.0, 69.62025316455696
531.0, 67.56756756756758
532.0, 72.97297297297297
533.0, 76.19047619047619
534.0, 87.03703703703704
535.0, 84.0909090909091
536.0, 77.89473684210526
537.0, 70.61068702290075
538.0, 65.48672566371681
539.0, 60.68376068376069
540.0, 63.39285714285714
541.0, 58.47457627118644
542.0, 57.5
543.0, 60.15625
544.0, 63.23529411764706
545.0, 56.20915032679739
546.0, 47.953216374269005
547.0, 43.67088607594937
548.0, 33.58208955223881
549.0, 24.369747899159663
550.0, 25.89285714285714
551.0, 29.53156822810591
552.0, 32.96703296703298
553.0, 38.63636363636363
554.0, 38.63636363636363
555.0, 40.963855421686745
556.0, 43.037974683544306
557.0, 32.35294117647058
558.0, 23.33333333333333
559.0, 30.434782608695656
560.0, 61.53846153846153
561.0, 50.0
562.0, 30.769230769230774
563.0, 29.629629629629633
564.0, 28.57142857142857
565.0, 28.57142857142857
566.0, 21.875
567.0, 9.090909090909093
568.0, 6.0
569.0, 30.158730158730165
570.0, 30.158730158730165
571.0, 28.787878787878796
572.0, 29.85074626865672
573.0, 46.34146341463415
574.0, 44.44444444444444
575.0, 50.60240963855422
576.0, 52.5
577.0, 47.72727272727273
578.0, 50.0
579.0, 52.11581291759467
580.0, 54.67289719626169
581.0, 55.45023696682464
582.0, 65.3631284916201
583.0, 50.825082508250816
584.0, 53.869969040247675
585.0, 65.87301587301587
586.0, 60.050251256281406
587.0, 41.62011173184358
588.0, 46.73629242819843
589.0, 42.20963172804533
590.0, 45.7765667574932
591.0, 50.0
592.0, 47.023809523809526
593.0, 40.9090909090909
594.0, 44.56521739130436
595.0, 48.46796657381616
596.0, 53.54107648725212
597.0, 52.79329608938547
598.0, 55.64304461942257
599.0, 38.70056497175141
600.0, 41.64133738601823
601.0, 44.33656957928803
602.0, 34.294871794871796
603.0, 31.56342182890856
604.0, 25.507246376811594
605.0, 34.97267759562841
606.0, 43.8423645320197
607.0, 48.031496062992126
608.0, 49.36061381074169
609.0, 46.21212121212122
610.0, 54.291845493562235
611.0, 59.86842105263158
612.0, 55.023923444976084
613.0, 65.26054590570719
614.0, 71.875
615.0, 80.0
616.0, 86.95652173913044
617.0, 92.37288135593221
618.0, 95.6140350877193
619.0, 91.81818181818181
620.0, 90.0990099009901
621.0, 83.33333333333333
622.0, 83.4862385321101
623.0, 90.13157894736842
624.0, 89.86486486486487
625.0, 89.79591836734694
626.0, 90.66666666666667
627.0, 90.25069637883009
628.0, 89.0625
629.0, 89.14728682170542
630.0, 91.54589371980677
631.0, 92.89340101522842
632.0, 95.06079027355624
633.0, 94.13092550790067
634.0, 75.27075812274367
635.0, 72.64808362369337
636.0, 70.20785219399538
637.0, 68.95306859205776
638.0, 69.41315945465323
639.0, 72.43589743589743
640.0, 76.0
641.0, 76.23215108245049
642.0, 70.94972067039106
643.0, 65.26796842542583
644.0, 64.02753872633392
645.0, 58.28729281767956
646.0, 45.56589906908378
647.0, 41.46232724030316
648.0, 51.61290322580645
649.0, 55.470737913486005
650.0, 54.77386934673367
651.0, 47.81491002570694
652.0, 48.21428571428571
653.0, 46.57894736842105
654.0, 40.7126168224299
655.0, 38.352272727272734
656.0, 39.82300884955752
657.0, 41.158536585365844
658.0, 32.80254777070064
659.0, 32.1875
660.0, 32.087227414330215
661.0, 35.51724137931035
662.0, 32.73381294964028
663.0, 28.723404255319153
664.0, 27.18120805369128
665.0, 33.28748280605227
666.0, 33.788395904436854
667.0, 36.18421052631579
668.0, 30.877192982456137
669.0, 33.21167883211679
670.0, 32.73381294964028
671.0, 48.4472049689441
672.0, 50.0
673.0, 50.160771704180064
674.0, 61.301369863013704
675.0, 61.301369863013704
676.0, 61.301369863013704
677.0, 57.408595253367544
678.0, 63.16160903316867
679.0, 61.78623718887262
680.0, 60.54421768707483
681.0, 54.5691906005222
682.0, 49.88066825775656
683.0, 49.397590361445786
684.0, 49.00398406374502
685.0, 26.126126126126138
686.0, 32.173913043478265
687.0, 38.009049773755656
688.0, 30.198019801980195
689.0, 32.10526315789474
690.0, 26.424870466321238
691.0, 32.45942571785268
692.0, 32.786885245901644
693.0, 29.07268170426066
694.0, 25.819134993446937
695.0, 23.71967654986524
696.0, 42.015706806282736
697.0, 41.73228346456694
698.0, 44.166666666666664
699.0, 57.713248638838465
700.0, 56.931608133086876
701.0, 52.5458248472505
702.0, 55.252100840336134
703.0, 59.45378151260504
704.0, 64.90825688073394
705.0, 58.77378435517971
706.0, 54.940711462450594
707.0, 50.72992700729928
708.0, 44.859813084112155
709.0, 35.036496350364956
710.0, 16.964285714285722
711.0, 15.347334410339258
712.0, 16.934046345811055
713.0, 15.966386554621849
714.0, 3.7037037037037095
715.0, 3.225806451612911
716.0, 2.3255813953488342
717.0, 13.402061855670098
718.0, 15.979381443298976
719.0, 16.43690349946978
720.0, 21.354166666666657
721.0, 22.04301075268816
722.0, 20.812182741116743
723.0, 20.603015075376888
724.0, 20.7070707070707
725.0, 25.641025641025635
726.0, 25.125628140703512
727.0, 24.777006937561936
728.0, 22.502250225022507
729.0, 29.667282809611834
730.0, 30.659025787965632
731.0, 22.18649517684888
732.0, 18.978102189781026
733.0, 29.3790546802595
734.0, 46.861924686192474
735.0, 46.92737430167598
736.0, 48.03431022158685
737.0, 56.01241272304113
738.0, 54.73843821076574
739.0, 50.000000000000014
740.0, 50.000000000000014
741.0, 49.48830409356726
742.0, 60.55456171735243
743.0, 59.4296228150874
744.0, 67.48104465037912
745.0, 62.50000000000001
746.0, 64.87603305785125
747.0, 60.1851851851852
748.0, 40.68965517241381
749.0, 53.708133971291886
750.0, 54.88997555012226
751.0, 45.44419134396357
752.0, 48.51720047449586
753.0, 48.80668257756564
754.0, 42.25206611570249
755.0, 46.00000000000001
756.0, 48.235294117647065
757.0, 45.81939799331104
758.0, 32.736572890025585
759.0, 32.12045169385196
760.0, 29.69837587006961
761.0, 26.75026123301987
762.0, 22.464558342420943
763.0, 19.47904869762175
764.0, 19.976771196283394
765.0, 31.72169811320755
766.0, 30.906921241050128
767.0, 31.857318573185736
768.0, 39.66309341500767
769.0, 38.25301204819279
770.0, 33.33333333333334
771.0, 31.725146198830416
772.0, 41.02209944751382
773.0, 45.41284403669725
774.0, 50.85616438356165
775.0, 56.78776290630976
776.0, 57.7821011673152
777.0, 43.06569343065695
778.0, 42.44604316546764
779.0, 23.738872403560848
780.0, 25.0728862973761
781.0, 38.023952095808404
782.0, 34.60490463215261
783.0, 35.47486033519556
784.0, 36.91860465116281
785.0, 41.29032258064518
786.0, 19.512195121951237
787.0, 21.23893805309737
788.0, 20.338983050847474
789.0, 39.67611336032391
790.0, 39.83739837398376
791.0, 42.794759825327546
792.0, 41.52542372881359
793.0, 49.372384937238536
794.0, 47.0588235294118
795.0, 36.04060913705587
796.0, 46.10389610389613
797.0, 42.51497005988028
798.0, 45.222929936305775
799.0, 58.25242718446606
800.0, 60.30150753768849
801.0, 63.15789473684215
802.0, 55.81395348837213
803.0, 48.36956521739133
804.0, 52.261306532663355
805.0, 48.82629107981224
806.0, 56.15763546798033
807.0, 45.19230769230772
808.0, 46.07843137254905
809.0, 43.31797235023045
810.0, 44.13145539906106
811.0, 46.30541871921185
812.0, 41.77777777777779
813.0, 33.50253807106601
814.0, 36.45833333333335
815.0, 34.313725490196106
816.0, 48.704663212435264
817.0, 46.19565217391308
818.0, 39.10614525139669
819.0, 42.42424242424246
820.0, 42.42424242424246
821.0, 52.380952380952436
822.0, 47.23926380368103
823.0, 48.125000000000036
824.0, 49.69325153374237
825.0, 55.82822085889575
826.0, 53.84615384615391
827.0, 43.670886075949404
828.0, 32.994923857868045
829.0, 23.55072463768117
830.0, 31.715210355987082
831.0, 24.78873239436622
832.0, 30.163043478260875
833.0, 27.611940298507477
834.0, 27.611940298507477
835.0, 28.148148148148152
836.0, 30.27989821882953
837.0, 29.899497487437188
838.0, 27.91262135922331
839.0, 25.059665871121737
840.0, 40.54054054054055
841.0, 49.07407407407408
842.0, 50.28462998102468
843.0, 64.2105263157895
844.0, 59.81087470449174
845.0, 66.40419947506564
846.0, 68.93203883495148
847.0, 75.71059431524552
848.0, 67.22090261282662
849.0, 66.8269230769231
850.0, 65.62500000000003
851.0, 66.4233576642336
852.0, 70.14925373134331
853.0, 73.31606217616583
854.0, 60.12461059190034
855.0, 63.53276353276356
856.0, 76.44230769230772
857.0, 76.03911980440101
858.0, 78.50877192982459
859.0, 81.49779735682822
860.0, 82.12765957446811
861.0, 83.56164383561647
862.0, 82.91262135922332
863.0, 81.15384615384619
864.0, 83.93782383419692
865.0, 85.73883161512029
866.0, 82.49158249158252
867.0, 71.07558139534886
868.0, 75.07163323782237
869.0, 71.28712871287131
870.0, 61.72161172161174
871.0, 59.41747572815537
872.0, 59.73025048169558
873.0, 56.01503759398498
874.0, 50.00000000000002
875.0, 42.00913242009133
876.0, 47.58269720101782
877.0, 52.8846153846154
878.0, 40.31007751937985
879.0, 32.79816513761469
880.0, 39.68957871396898
881.0, 54.145077720207276
882.0, 49.572649572649595
883.0, 63.655030800821365
884.0, 71.02040816326533
885.0, 70.04048582995952
886.0, 62.098501070663836
887.0, 66.44591611479031
888.0, 65.70155902004456
889.0, 67.50572082379864
890.0, 65.32438478747206
891.0, 66.1572052401747
892.0, 71.46226415094343
893.0, 76.1306532663317
894.0, 75.13089005235608
895.0, 71.58774373259057
896.0, 69.08602150537638
897.0, 53.81526104417675
898.0, 46.51162790697677
899.0, 61.888111888111936
900.0, 72.22222222222229
901.0, 47.016706443914096
902.0, 42.36559139784948
903.0, 47.89579158316635
904.0, 42.602495543672035
905.0, 38.195777351247614
906.0, 33.33333333333333
907.0, 35.70159857904086
908.0, 38.013698630137
909.0, 41.89852700490998
910.0, 60.82474226804124
911.0, 58.0865603644647
912.0, 60.59957173447538
913.0, 57.50577367205543
914.0, 55.33175355450238
915.0, 69.559585492228
916.0, 69.20103092783506
917.0, 62.500000000000014
918.0, 66.53225806451614
919.0, 67.23684210526318
920.0, 76.01115760111578
921.0, 76.3085399449036
922.0, 75.7404795486601
923.0, 73.86196769456683
924.0, 48.92703862660946
925.0, 52.67857142857144
926.0, 40.182648401826484
927.0, 37.36017897091725
928.0, 39.77777777777779
929.0, 26.781326781326797
930.0, 29.53929539295396
931.0, 33.85093167701865
932.0, 39.21568627450985
933.0, 43.465045592705195
934.0, 40.57507987220448
935.0, 34.834834834834865
936.0, 30.67092651757187
937.0, 29.44785276073621
938.0, 29.906542056074784
939.0, 35.53008595988541
940.0, 37.46223564954685
941.0, 30.69306930693071
942.0, 37.07865168539326
943.0, 40.189125295508276
944.0, 35.1966873706004
945.0, 30.965391621129328
946.0, 35.762711864406754
947.0, 34.086956521739125
948.0, 32.20035778175311
949.0, 33.644859813084096
950.0, 31.768953068592054
951.0, 30.715532286212905
952.0, 33.911368015414254
953.0, 28.57142857142857
954.0, 29.53586497890295
955.0, 35.35353535353535
956.0, 27.272727272727266
957.0, 27.272727272727266
958.0, 30.379746835443058
959.0, 47.23247232472327
960.0, 40.66390041493778
961.0, 41.393442622950836
962.0, 45.83333333333338
963.0, 41.29692832764506
964.0, 46.209386281588486
965.0, 52.032520325203286
966.0, 50.39370078740162
967.0, 50.59288537549409
968.0, 65.06410256410257
969.0, 66.33986928104576
970.0, 63.81578947368425
971.0, 64.85623003194891
972.0, 64.64968152866246
973.0, 62.62626262626266
974.0, 53.59477124183009
975.0, 48.92086330935253
976.0, 41.007194244604335
977.0, 39.041095890410986
978.0, 35.197368421052644
979.0, 37.70491803278689
980.0, 44.47852760736197
981.0, 45.82043343653252
982.0, 31.10236220472443
983.0, 29.924242424242436
984.0, 28.83211678832116
985.0, 23.636363636363654
986.0, 30.487804878048777
987.0, 24.691358024691354
988.0, 32.4444444444445
989.0, 32.14285714285717
990.0, 33.02752293577983
991.0, 39.779005524861915
992.0, 40.00000000000004
993.0, 31.372549019607888
994.0, 16.91542288557217
995.0, 14.090909090909136
996.0, 9.124087591240865
997.0, 29.05198776758411
998.0, 28.023598820059007
999.0, 26.988636363636374
1000.0, 23.35164835164835
1001.0, 29.92125984251969
1002.0, 30.829015544041454
1003.0, 29.77099236641223
1004.0, 33.67346938775512
1005.0, 32.352941176470594
1006.0, 35.012594458438286
1007.0, 37.16577540106953
1008.0, 40.05763688760809
1009.0, 52.55102040816328
1010.0, 64.30594900849862
1011.0, 56.70103092783508
1012.0, 69.30379746835446
1013.0, 75.77854671280281
1014.0, 82.97872340425536
1015.0, 81.10236220472446
1016.0, 78.00829875518676
1017.0, 68.8644688644689
1018.0, 71.47651006711413
1019.0, 80.28169014084514
1020.0, 80.62283737024228
1021.0, 82.62411347517737
1022.0, 85.63049853372439
1023.0, 82.86713286713292
1024.0, 81.71641791044783
1025.0, 82.62411347517735
1026.0, 72.46963562753045
1027.0, 75.27675276752774
1028.0, 73.54085603112844
1029.0, 74.2424242424243
1030.0, 76.57992565055767
1031.0, 90.51724137931039
1032.0, 89.42307692307698
1033.0, 90.79497907949795
1034.0, 90.90909090909095
1035.0, 92.98245614035092
1036.0, 86.91983122362876
1037.0, 60.24844720496898
1038.0, 50.52910052910053
1039.0, 48.34254143646413
1040.0, 48.88268156424583
1041.0, 45.535714285714306
1042.0, 41.80327868852462
1043.0, 33.41013824884794
1044.0, 37.44588744588745
1045.0, 36.188436830835144
1046.0, 32.83261802575109
1047.0, 24.941724941724956
1048.0, 21.749408983451545
1049.0, 10.63348416289594
1050.0, 9.771309771309774
1051.0, 12.69430051813471
1052.0, 14.714714714714717
1053.0, 12.684365781710895
1054.0, 12.320916905444108
1055.0, 15.934065934065913
1056.0, 16.292134831460658
1057.0, 32.52279635258358
1058.0, 24.489795918367335
1059.0, 23.300970873786397
1060.0, 29.74683544303798
1061.0, 30.32258064516128
1062.0, 29.936305732484087
1063.0, 33.81294964028778
1064.0, 35.33834586466166
1065.0, 39.64912280701756
1066.0, 36.92810457516341
1067.0, 43.78881987577642
1068.0, 46.843853820598035
1069.0, 43.85964912280704
1070.0, 44.16961130742052
1071.0, 34.439834024896285
1072.0, 32.921810699588505
1073.0, 35.242290748898725
1074.0, 26.363636363636388
1075.0, 29.333333333333357
1076.0, 33.93665158371043
1077.0, 37.68844221105529
1078.0, 45.73170731707321
1079.0, 35.761589403973545
1080.0, 45.7364341085272
1081.0, 33.962264150943426
1082.0, 42.10526315789476
1083.0, 48.031496062992176
1084.0, 51.26050420168076
1085.0, 60.00000000000007
1086.0, 60.00000000000007
1087.0, 69.87951807228922
1088.0, 42.64705882352943
1089.0, 36.00000000000001
1090.0, 36.42384105960266
1091.0, 36.06557377049181
1092.0, 36.184210526315795
1093.0, 40.384615384615394
1094.0, 39.805825242718456
1095.0, 43.806646525679774
1096.0, 42.76923076923079
1097.0, 38.87147335423199
1098.0, 42.58675078864355
1099.0, 35.66433566433568
1100.0, 35.29411764705884
1101.0, 27.340823970037476
1102.0, 51.97368421052634
1103.0, 66.38655462184882
1104.0, 60.714285714285786
1105.0, 59.64912280701763
1106.0, 61.06194690265495
1107.0, 53.5353535353536
1108.0, 50.49504950495057
1109.0, 36.708860759493724
1110.0, 31.08108108108111
1111.0, 35.38461538461546
1112.0, 18.75
1113.0, 16.666666666666643
1114.0, 18.461538461538453
1115.0, 33.33333333333337
1116.0, 26.15384615384626
1117.0, 25.75757575757582
1118.0, 24.637681159420367
1119.0, 25.000000000000085
1120.0, 27.14285714285718
1121.0, 32.876712328767184
1122.0, 29.62962962962969
1123.0, 26.923076923076934
1124.0, 21.875
1125.0, 21.212121212121218
1126.0, 16.93548387096773
1127.0, 15.328467153284663
1128.0, 14.583333333333329
1129.0, 23.602484472049667
1130.0, 32.40223463687151
1131.0, 31.351351351351354
1132.0, 30.36649214659687
1133.0, 29.89690721649484
1134.0, 25.943396226415103
1135.0, 22.624434389140262
1136.0, 22.522522522522507
1137.0, 28.630705394190883
1138.0, 28.16326530612247
1139.0, 24.555160142348754
1140.0, 27.490039840637465
1141.0, 31.759656652360533
1142.0, 31.092436974789933
1143.0, 22.274881516587698
1144.0, 27.111111111111143
1145.0, 27.85388127853882
1146.0, 31.279620853080587
1147.0, 30.41474654377882
1148.0, 33.165829145728665
1149.0, 34.55497382198955
1150.0, 39.130434782608724
1151.0, 31.09756097560978
1152.0, 40.00000000000004
1153.0, 58.19672131147548
1154.0, 65.92592592592598
1155.0, 57.931034482758676
1156.0, 66.43356643356648
1157.0, 63.94557823129257
1158.0, 44.11764705882358
1159.0, 43.47826086956527
1160.0, 39.85507246376816
1161.0, 47.540983606557425
1162.0, 51.96850393700793
1163.0, 57.69230769230775
1164.0, 64.5161290322581
1165.0, 65.82278481012665
1166.0, 61.68831168831174
1167.0, 68.44919786096261
1168.0, 67.9347826086957
1169.0, 68.68131868131874
1170.0, 67.9775280898877
1171.0, 64.02116402116407
1172.0, 74.28571428571435
1173.0, 77.5862068965518
1174.0, 74.58563535911608
1175.0, 64.07766990291267
1176.0, 64.59330143540674
1177.0, 62.37623762376242
1178.0, 50.53191489361706
1179.0, 53.26633165829149
1180.0, 56.21890547263685
1181.0, 45.341614906832355
1182.0, 40.136054421768755
1183.0, 40.136054421768755
1184.0, 36.61971830985918
1185.0, 43.07692307692312
1186.0, 36.15384615384619
1187.0, 32.81250000000004
1188.0, 38.84297520661162
1189.0, 47.95918367346947
1190.0, 40.90909090909097
1191.0, 29.75206611570252
1192.0, 33.02752293577987
1193.0, 17.796610169491558
1194.0, 11.111111111111143
1195.0, 8.196721311475414
1196.0, 7.031250000000014
1197.0, 13.821138211382149
1198.0, 12.878787878787918
1199.0, 9.090909090909093
1200.0, 9.154929577464799
1201.0, 9.027777777777786
1202.0, 5.26315789473685
1203.0, 9.150326797385645
1204.0, 9.150326797385645
1205.0, 12.605042016806763
1206.0, 13.913043478260903
1207.0, 21.875000000000043
1208.0, 33.333333333333385
1209.0, 33.333333333333385
1210.0, 39.08045977011502
1211.0, 29.885057471264417
1212.0, 34.21052631578954
1213.0, 43.54838709677429
1214.0, 51.78571428571442
1215.0, 56.86274509803936
1216.0, 63.04347826086974
1217.0, 51.11111111111125
1218.0, 46.00000000000013
1219.0, 46.000000000000114
1220.0, 48.076923076923215
1221.0, 40.00000000000012
1222.0, 24.444444444444514
1223.0, 27.659574468085168
1224.0, 22.72727272727279
1225.0, 22.2222222222223
1226.0, 58.8235294117648
1227.0, 59.77011494252883
1228.0, 56.818181818181905
1229.0, 62.00000000000008
1230.0, 59.6153846153847
1231.0, 67.25663716814168
1232.0, 75.59055118110246
1233.0, 76.15384615384625
1234.0, 73.84615384615392
1235.0, 70.07299270073
1236.0, 74.12587412587419
1237.0, 73.75886524822701
1238.0, 72.5352112676057
1239.0, 77.77777777777786
1240.0, 68.42105263157904
1241.0, 56.36363636363643
1242.0, 52.10084033613451
1243.0, 43.478260869565275
1244.0, 51.8181818181819
1245.0, 44.32989690721656
1246.0, 28.39506172839512
1247.0, 22.89156626506029
1248.0, 25.609756097561032
1249.0, 36.25000000000008
1250.0, 23.750000000000057
1251.0, 31.460674157303416
1252.0, 32.18390804597705
1253.0, 37.89473684210532
1254.0, 35.643564356435704
1255.0, 41.37931034482765
1256.0, 41.860465116279144
1257.0, 42.35294117647067
1258.0, 36.25000000000004
1259.0, 36.708860759493724
1260.0, 44.57831325301211
1261.0, 42.528735632183974
1262.0, 38.46153846153853
1263.0, 33.33333333333337
1264.0, 40.25974025974033
1265.0, 34.28571428571435
1266.0, 32.43243243243249
1267.0, 34.21052631578954
1268.0, 33.766233766233825
1269.0, 38.15789473684219
1270.0, 57.64705882352952
1271.0, 67.41573033707876
1272.0, 65.21739130434794
1273.0, 62.500000000000114
1274.0, 61.702127659574565
1275.0, 68.23529411764721
1276.0, 65.90909090909102
1277.0, 66.2921348314608
1278.0, 67.3913043478262
1279.0, 67.03296703296715
1280.0, 71.11111111111123
1281.0, 58.42696629213492
1282.0, 66.29213483146077
1283.0, 65.909090909091
1284.0, 57.74647887323954
1285.0, 47.61904761904772
1286.0, 51.7241379310346
1287.0, 57.89473684210539
1288.0, 58.620689655172555
1289.0, 63.49206349206362
1290.0, 78.78787878787894
1291.0, 64.10256410256422
1292.0, 68.888888888889
1293.0, 72.27722772277238
1294.0, 71.42857142857153
1295.0, 76.92307692307703
1296.0, 70.00000000000011
1297.0, 66.30434782608705
1298.0, 63.73626373626383
1299.0, 65.16853932584281
1300.0, 67.02127659574481
1301.0, 61.855670103092876
1302.0, 58.888888888888985
1303.0, 52.80898876404503
1304.0, 39.32584269662929
1305.0, 41.66666666666673
1306.0, 24.28571428571432
1307.0, 14.516129032258078
1308.0, 14.285714285714306
1309.0, 21.875000000000043
1310.0, 21.87500000000003
1311.0, 21.538461538461576
1312.0, 19.718309859154957
1313.0, 26.315789473684248
1314.0, 27.272727272727337
1315.0, 27.272727272727337
1316.0, 28.205128205128275
1317.0, 29.3333333333334
1318.0, 35.9375000000001
1319.0, 46.66666666666679
1320.0, 58.82352941176482
1321.0, 61.11111111111123
1322.0, 50.00000000000008
1323.0, 44.82758620689662
1324.0, 45.882352941176556
1325.0, 44.82758620689664
1326.0, 45.882352941176556
1327.0, 32.67326732673274
1328.0, 27.000000000000057
1329.0, 35.57692307692314
1330.0, 34.95145631067966
1331.0, 32.727272727272776
1332.0, 32.11009174311931
1333.0, 28.301886792452876
1334.0, 17.82178217821786
1335.0, 10.000000000000028
1336.0, 14.11764705882355
1337.0, 14.814814814814838
1338.0, 14.285714285714306
1339.0, 14.457831325301214
1340.0, 16.6666666666667
1341.0, 37.68115942028993
1342.0, 43.283582089552326
1343.0, 32.758620689655245
1344.0, 38.09523809523817
1345.0, 47.3684210526317
1346.0, 42.18750000000009
1347.0, 44.444444444444535
1348.0, 50.000000000000135
1349.0, 51.85185185185199
1350.0, 44.0677966101696
1351.0, 50.000000000000114
1352.0, 55.00000000000013
1353.0, 55.93220338983063
1354.0, 60.606060606060744
1355.0, 49.0909090909092
1356.0, 46.15384615384628
1357.0, 44.444444444444564
1358.0, 37.254901960784416
1359.0, 32.653061224489875
1360.0, 40.909090909091056
1361.0, 36.95652173913056
1362.0, 36.95652173913056
1363.0, 39.53488372093038
1364.0, 60.41666666666684
1365.0, 62.74509803921586
1366.0, 67.85714285714303
1367.0, 75.92592592592612
1368.0, 77.96610169491544
1369.0, 83.33333333333351
1370.0, 73.33333333333346
1371.0, 65.47619047619057
1372.0, 69.66292134831471
1373.0, 69.66292134831473
1374.0, 68.96551724137943
1375.0, 68.18181818181829
1376.0, 63.82978723404265
1377.0, 61.22448979591845
1378.0, 58.695652173913125
1379.0, 57.30337078651695
1380.0, 52.32558139534892
1381.0, 46.15384615384622
1382.0, 37.974683544303886
1383.0, 29.16666666666673
1384.0, 32.812500000000085
1385.0, 53.03030303030314
1386.0, 55.71428571428583
1387.0, 58.333333333333435
1388.0, 56.75675675675686
1389.0, 62.16216216216228
1390.0, 66.66666666666679
1391.0, 68.65671641791059
1392.0, 65.57377049180343
1393.0, 61.11111111111126
1394.0, 63.461538461538616
1395.0, 68.75000000000021
1396.0, 62.74509803921587
1397.0, 59.25925925925944
1398.0, 53.33333333333346
1399.0, 40.42553191489375
1400.0, 19.047619047619094
1401.0, 22.727272727272776
1402.0, 22.727272727272776
1403.0, 13.636363636363669
1404.0, 13.636363636363669
1405.0, 14.634146341463449
1406.0, 14.28571428571432
1407.0, 13.043478260869591
1408.0, 12.500000000000028
1409.0, 12.765957446808542
1410.0, 28.84615384615391
1411.0, 39.62264150943406
1412.0, 39.62264150943407
1413.0, 39.62264150943407
1414.0, 43.75000000000013
1415.0, 30.188679245283097
1416.0, 44.44444444444455
1417.0, 44.444444444444535
1418.0, 44.44444444444455
1419.0, 47.6923076923078
1420.0, 52.17391304347838
1421.0, 56.06060606060619
1422.0, 58.73015873015886
1423.0, 54.41176470588246
1424.0, 47.457627118644176
1425.0, 39.285714285714384
1426.0, 42.30769230769241
1427.0, 38.181818181818265
1428.0, 45.901639344262406
1429.0, 50.90909090909104
1430.0, 37.20930232558153
1431.0, 42.50000000000016
1432.0, 41.463414634146496
1433.0, 34.14634146341476
1434.0, 21.95121951219521
1435.0, 23.80952380952388
1436.0, 31.914893617021363
1437.0, 52.000000000000156
1438.0, 48.14814814814828
1439.0, 51.92307692307705
1440.0, 49.09090909090922
1441.0, 30.000000000000057
1442.0, 19.60784313725493
1443.0, 23.529411764705927
1444.0, 22.222222222222257
1445.0, 22.222222222222257
1446.0, 22.429906542056102
1447.0, 29.20353982300888
1448.0, 28.947368421052673
1449.0, 28.947368421052673
1450.0, 24.778761061946938
1451.0, 18.269230769230788
1452.0, 18.811881188118846
1453.0, 17.647058823529434
1454.0, 20.408163265306143
1455.0, 32.258064516129096
1456.0, 51.06382978723418
1457.0, 46.51162790697688
1458.0, 51.28205128205144
1459.0, 45.23809523809537
1460.0, 44.186046511628035
1461.0, 21.276595744680904
1462.0, 26.190476190476275
1463.0, 26.190476190476275
1464.0, 26.82926829268301
1465.0, 21.4285714285715
1466.0, 20.930232558139608
1467.0, 28.888888888888985
1468.0, 27.272727272727366
1469.0, 27.90697674418614
1470.0, 16.66666666666673
1471.0, 15.68627450980398
1472.0, 16.32653061224495
1473.0, 16.32653061224495
1474.0, 15.686274509803923
1475.0, 31.818181818181827
1476.0, 33.33333333333334
1477.0, 30.232558139534902
1478.0, 29.545454545454547
1479.0, 26.530612244897966
1480.0, 30.626402774943898
1481.0, 22.460220318237447
1482.0, 32.14923241699394
1483.0, 31.58540862855139
1484.0, 43.39871746510751
1485.0, 42.59533506108849
1486.0, 43.63867684478372
1487.0, 49.05695963787252
1488.0, 51.99920031987205
1489.0, 48.936622713738835
1490.0, 51.01999184006528
1491.0, 46.297667530544246
1492.0, 55.355230274901835
1493.0, 58.48736325914749
1494.0, 56.851597725936095
1495.0, 64.70588235294119
1496.0, 56.81818181818182
1497.0, 56.81818181818182
1498.0, 52.50000000000001
1499.0, 62.50000000000001
1500.0, 60.0
1501.0, 55.06883604505633
1502.0, 50.0
1503.0, 50.0
1504.0, 57.69230769230769
1505.0, 57.69230769230769
1506.0, 52.17391304347826
1507.0, 59.52380952380953
1508.0, 53.19148936170213
1509.0, 46.66666666666668
1510.0, 50.0
1511.0, 52.27272727272727
1512.0, 48.88888888888889
1513.0, 60.34482758620689
1514.0, 57.37704918032788
1515.0, 52.99015897047691
1516.0, 62.85714285714286
1517.0, 69.04761904761905
1518.0, 58.227848101265835
1519.0, 59.740259740259745
1520.0, 63.0952380952381
1521.0, 63.529411764705884
1522.0, 64.28571428571428
1523.0, 62.7906976744186
1524.0, 63.2183908045977
1525.0, 67.36842105263159
1526.0, 70.10309278350516
1527.0, 62.19512195121952
1528.0, 62.65356265356266
1529.0, 70.67669172932332
1530.0, 71.03960396039605
1531.0, 60.47904191616767
1532.0, 57.87965616045846
1533.0, 55.494505494505496
1534.0, 54.25021180457499
1535.0, 50.0
1536.0, 56.68091929449493
1537.0, 60.98297638660077
1538.0, 57.65590200445435
1539.0, 50.0
1540.0, 46.71268902038133
1541.0, 46.69733815313836
1542.0, 48.63107460643395
1543.0, 41.07780157030693
1544.0, 33.184945366248485
1545.0, 33.606557377049185
1546.0, 40.344403444034434
1547.0, 45.81005586592178
1548.0, 34.88657265481301
1549.0, 39.56884561891517
1550.0, 32.531055900621126
1551.0, 39.56884561891517
1552.0, 42.547627941725814
1553.0, 48.059006211180126
1554.0, 42.763385146804836
1555.0, 43.09084580577793
1556.0, 44.27753934191704
1557.0, 49.780439121756494
1558.0, 38.58234295415958
1559.0, 44.36263230556835
1560.0, 50.816522574447646
1561.0, 57.08215297450428
1562.0, 62.51292657704242
1563.0, 59.91080277502477
1564.0, 60.785264178381
1565.0, 47.8123018389347
1566.0, 61.63170163170166
1567.0, 50.0
1568.0, 65.58812333460222
1569.0, 71.23559793404849
1570.0, 74.21129860601614
1571.0, 66.75505469008951
1572.0, 71.21640735502123
1573.0, 58.096085409252666
1574.0, 58.15812851643471
1575.0, 54.509921828021646
1576.0, 49.84877646411878
1577.0, 54.00213447171826
1578.0, 45.35386277687738
1579.0, 47.29800629590766
1580.0, 36.422668240850065
1581.0, 38.90290037831022
1582.0, 24.73045822102425
1583.0, 22.904449810279388
1584.0, 15.770348837209283
1585.0, 20.425867507886423
1586.0, 25.42498152254248
1587.0, 31.60312356453835
1588.0, 36.039518900343644
1589.0, 40.07765314926661
1590.0, 49.0307328605201
1591.0, 36.6785079928952
1592.0, 32.354093223658424
1593.0, 23.175965665236035
1594.0, 23.5254691689008
1595.0, 24.893617021276583
1596.0, 33.600583090379004
1597.0, 30.299046993098912
1598.0, 30.94998321584424
1599.0, 28.149143432986236
1600.0, 26.26680455015513
1601.0, 31.558054912338733
1602.0, 24.63261021693492
1603.0, 20.891459680163337
1604.0, 15.942028985507264
1605.0, 18.338613164378756
1606.0, 24.890829694323173
1607.0, 28.106508875739678
1608.0, 27.941176470588275
1609.0, 24.62203023758103
1610.0, 16.58767772511851
1611.0, 18.518518518518547
1612.0, 18.65671641791046
1613.0, 25.45172947857516
1614.0, 20.040180813661493
1615.0, 10.900473933649309
1616.0, 11.317659923455466
1617.0, 11.34868421052633
1618.0, 12.937500000000014
1619.0, 17.525162818235685
1620.0, 13.571428571428584
1621.0, 15.399002493765607
1622.0, 21.698113207547195
1623.0, 40.438871473354254
1624.0, 38.9963724304716
1625.0, 35.83333333333334
1626.0, 44.57831325301207
1627.0, 38.10916179337233
1628.0, 37.90596219098401
1629.0, 39.69543147208124
1630.0, 40.183579806221324
1631.0, 54.12300683371299
1632.0, 54.59558823529414
1633.0, 52.522825564632406
1634.0, 58.838512480896604
1635.0, 54.687500000000014
1636.0, 50.000000000000014
1637.0, 37.58689175769614
1638.0, 35.506566604127585
1639.0, 37.81218781218782
1640.0, 34.816753926701566
1641.0, 37.185929648241206
1642.0, 40.98961514966402
1643.0, 36.96969696969697
1644.0, 36.76064123825318
1645.0, 18.922749822820705
1646.0, 20.304182509505708
1647.0, 24.441240086517666
1648.0, 17.056650246305423
1649.0, 20.30791788856307
1650.0, 19.050894085281996
1651.0, 44.2987457240593
1652.0, 45.92198581560285
1653.0, 46.63865546218488
1654.0, 39.851150202977
1655.0, 42.235217673814184
1656.0, 38.03066037735851
1657.0, 42.72486772486775
1658.0, 37.71161704611794
1659.0, 41.082274986195486
1660.0, 41.52915291529155
1661.0, 37.4860956618465
1662.0, 57.67060030785019
1663.0, 51.725724804417865
1664.0, 57.454185240217946
1665.0, 38.372093023255836
1666.0, 50.793650793650805
1667.0, 47.524752475247546
1668.0, 47.60257043994069
1669.0, 48.989412897016365
1670.0, 59.20036347114949
1671.0, 64.00801603206413
1672.0, 66.70843776106935
1673.0, 60.754870129870135
1674.0, 57.30813729271116
1675.0, 57.44105141090067
1676.0, 50.892060660124905
1677.0, 55.740107474352726
1678.0, 57.08195168166747
1679.0, 57.65550239234451
1680.0, 51.18587975730834
1681.0, 56.038647342995176
1682.0, 53.22209436133488
1683.0, 47.75413711583927
1684.0, 39.57621326042379
1685.0, 21.433962264150935
1686.0, 22.397476340694
1687.0, 43.78453038674036
1688.0, 42.04244031830239
1689.0, 41.27604166666667
1690.0, 37.534626038781184
1691.0, 39.508771929824576
1692.0, 43.43832020997376
1693.0, 51.18110236220473
1694.0, 45.61634805537246
1695.0, 43.714466203411256
1696.0, 38.46581434130073
1697.0, 44.53961456102784
1698.0, 41.900647948164156
1699.0, 40.522193211488265
1700.0, 37.779941577409936
1701.0, 32.55936675461743
1702.0, 36.40117994100297
1703.0, 36.923997606223836
1704.0, 39.00462962962963
1705.0, 38.254247217340364
1706.0, 31.469440832249703
1707.0, 27.717041800643102
1708.0, 25.77751196172251
1709.0, 30.67973055725659
1710.0, 35.2345453266756
1711.0, 27.941176470588246
1712.0, 25.566572237960358
1713.0, 28.856914468425288
1714.0, 40.90150250417365
1715.0, 29.692154915590876
1716.0, 33.01797540208136
1717.0, 39.23220973782774
1718.0, 45.82637729549253
1719.0, 49.217527386541484
1720.0, 50.75872534142642
1721.0, 55.733944954128475
1722.0, 62.95336787564768
1723.0, 61.627906976744214
1724.0, 67.64621696403017
1725.0, 72.76490066225168
1726.0, 76.56794425087108
1727.0, 80.71625344352618
1728.0, 73.52941176470588
1729.0, 60.483870967741964
1730.0, 56.910569105691074
1731.0, 56.557377049180346
1732.0, 49.52380952380953
1733.0, 43.564356435643596
1734.0, 44.11764705882354
1735.0, 40.20618556701033
1736.0, 47.7777777777778
1737.0, 43.95604395604397
1738.0, 38.383838383838395
1739.0, 26.506024096385516
1740.0, 28.947368421052616
1741.0, 28.947368421052616
1742.0, 34.246575342465746
1743.0, 51.851851851851904
1744.0, 56.86274509803927
1745.0, 78.6407766990292
1746.0, 64.46280991735541
1747.0, 60.00000000000004
1748.0, 53.84615384615387
1749.0, 51.470588235294116
1750.0, 52.1704471338503
1751.0, 52.94160906015591
1752.0, 61.15268383940136
1753.0, 61.973517396816476
1754.0, 64.0864910550782
1755.0, 64.82963167333426
1756.0, 67.92678324317527
1757.0, 56.45230669964513
1758.0, 51.2316484382698
1759.0, 33.554839575782
1760.0, 37.45130356607733
1761.0, 36.494378741422125
1762.0, 40.60009023913372
1763.0, 41.85920297720579
1764.0, 38.40307224577966
1765.0, 38.400000000000006
1766.0, 36.363636363636374
1767.0, 32.786885245901644
1768.0, 32.23700520618134
1769.0, 31.092436974789962
1770.0, 36.434108527131805
1771.0, 46.07843137254904
1772.0, 54.651162790697676
1773.0, 50.00000000000002
1774.0, 51.49700598802397
1775.0, 60.56338028169015
1776.0, 61.111111111111136
1777.0, 56.41025641025643
1778.0, 61.44578313253015
1779.0, 58.62068965517245
1780.0, 54.430379746835456
1781.0, 56.57894736842108
1782.0, 58.222559817698475
1783.0, 53.5714285714286
1784.0, 31.578947368421126
1785.0, 36.84210526315795
1786.0, 39.28571428571436
1787.0, 45.45454545454551
1788.0, 43.85964912280707
1789.0, 43.10344827586211
1790.0, 38.888888888888935
1791.0, 43.75000000000004
1792.0, 46.00000000000004
1793.0, 50.00000000000004
1794.0, 68.91891891891895
1795.0, 59.30232558139538
1796.0, 62.36559139784948
1797.0, 64.27304964539009
1798.0, 63.73626373626375
1799.0, 60.439560439560445
1800.0, 65.0485436893204
1801.0, 60.37735849056605
1802.0, 62.135922330097095
1803.0, 66.33663366336634
1804.0, 66.6699343201647
1805.0, 69.30693069306932
1806.0, 70.1923076923077
1807.0, 66.97247706422017
1808.0, 51.162790697674446
1809.0, 61.64383561643837
1810.0, 50.76923076923079
1811.0, 45.9866220735786
1812.0, 47.22222222222225
1813.0, 43.03797468354434
1814.0, 44.44444444444445
1815.0, 58.06451612903228
1816.0, 58.06451612903228
1817.0, 62.50000000000003
1818.0, 63.547995139732706
1819.0, 63.5514018691589
1820.0, 61.76470588235296
1821.0, 71.42857142857146
1822.0, 77.19298245614036
1823.0, 71.900826446281
1824.0, 79.86577181208055
1825.0, 77.2727272727273
1826.0, 77.98742138364783
1827.0, 81.04575163398695
1828.0, 68.98734177215192
1829.0, 67.11409395973155
1830.0, 64.51612903225808
1831.0, 61.26760563380283
1832.0, 62.068965517241395
1833.0, 67.64705882352942
1834.0, 73.55769230769232
1835.0, 76.1904761904762
1836.0, 68.57142857142858
1837.0, 69.13580246913583
1838.0, 65.75342465753425
1839.0, 70.873786407767
1840.0, 73.568281938326
1841.0, 77.86561264822136
1842.0, 86.90909090909093
1843.0, 86.81318681318683
1844.0, 89.81818181818184
1845.0, 90.10600706713782
1846.0, 89.9641577060932
1847.0, 85.82375478927206
1848.0, 81.36363636363639
1849.0, 77.59562841530058
1850.0, 69.6078431372549
1851.0, 65.4377880184332
1852.0, 63.207547169811335
1853.0, 57.14285714285715
1854.0, 44.11764705882355
1855.0, 45.267489711934154
1856.0, 32.227488151658775
1857.0, 32.54716981132077
1858.0, 31.57894736842104
1859.0, 26.76056338028168
1860.0, 33.89830508474577
1861.0, 35.24229074889868
1862.0, 33.47280334728033
1863.0, 32.21757322175732
1864.0, 33.47826086956522
1865.0, 41.991341991342
1866.0, 41.81034482758621
1867.0, 44.292237442922385
1868.0, 53.684210526315795
1869.0, 49.42528735632186
1870.0, 51.190476190476204
1871.0, 48.148148148148145
1872.0, 43.8271604938272
1873.0, 45.51282051282055
1874.0, 54.05405405405405
1875.0, 48.309178743961354
1876.0, 49.751243781094544
1877.0, 53.11004784688996
1878.0, 64.44444444444446
1879.0, 54.54545454545457
1880.0, 55.491329479768794
1881.0, 59.64912280701756
1882.0, 47.78325123152711
1883.0, 44.50261780104713
1884.0, 45.74468085106383
1885.0, 46.52406417112301
1886.0, 49.180327868852466
1887.0, 51.13636363636366
1888.0, 40.68965517241382
1889.0, 56.46258503401364
1890.0, 64.23841059602651
1891.0, 50.887573964497065
1892.0, 49.09090909090912
1893.0, 49.09090909090909
1894.0, 52.84090909090912
1895.0, 51.46198830409357
1896.0, 73.56321839080462
1897.0, 67.22222222222221
1898.0, 64.51612903225808
1899.0, 62.631578947368446
1900.0, 57.14285714285715
1901.0, 53.70370370370372
1902.0, 45.27363184079602
1903.0, 37.222222222222236
1904.0, 31.736526946107787
1905.0, 35.57046979865774
1906.0, 38.709677419354826
1907.0, 45.138888888888914
1908.0, 37.32394366197184
1909.0, 36.61971830985918
1910.0, 24.369747899159677
1911.0, 25.663716814159315
1912.0, 23.770491803278688
1913.0, 46.98795180722891
1914.0, 46.428571428571445
1915.0, 52.76073619631902
1916.0, 60.58823529411767
1917.0, 65.02732240437159
1918.0, 66.12903225806454
1919.0, 61.80904522613065
1920.0, 61.61616161616162
1921.0, 63.10679611650484
1922.0, 66.32653061224491
1923.0, 69.62616822429908
1924.0, 66.66666666666669
1925.0, 69.74358974358978
1926.0, 75.97765363128495
1927.0, 70.34482758620692
1928.0, 83.66013071895428
1929.0, 71.00591715976333
1930.0, 67.32026143790853
1931.0, 56.493506493506516
1932.0, 55.92105263157895
1933.0, 65.38461538461543
1934.0, 52.666666666666686
1935.0, 45.20547945205482
1936.0, 50.31055900621121
1937.0, 37.80487804878049
1938.0, 41.27906976744188
1939.0, 38.285714285714306
1940.0, 48.815165876777264
1941.0, 42.71844660194177
1942.0, 35.519125683060125
1943.0, 36.93181818181821
1944.0, 39.226519337016576
1945.0, 50.000000000000014
1946.0, 50.53191489361702
1947.0, 58.06451612903225
1948.0, 66.66666666666666
1949.0, 70.37037037037037
1950.0, 68.53932584269663
1951.0, 76.25
1952.0, 76.68711656441717
1953.0, 82.08092485549133
1954.0, 80.25477707006368
1955.0, 86.2745098039216
1956.0, 86.45161290322584
1957.0, 97.33333333333336
1958.0, 81.87134502923976
1959.0, 80.0
1960.0, 80.98159509202455
1961.0, 68.70748299319727
1962.0, 71.42857142857142
1963.0, 72.78106508875739
1964.0, 76.16580310880829
1965.0, 71.70731707317073
1966.0, 75.21367521367522
1967.0, 75.10729613733905
1968.0, 72.7699530516432
1969.0, 74.3362831858407
1970.0, 79.64912280701753
1971.0, 78.75457875457874
1972.0, 71.90635451505017
1973.0, 73.33333333333333
1974.0, 73.07692307692307
1975.0, 77.30263157894737
1976.0, 71.8543046357616
1977.0, 67.76315789473685
1978.0, 68.28478964401296
1979.0, 75.37537537537538
1980.0, 68.18181818181819
1981.0, 66.77966101694915
1982.0, 62.53968253968256
1983.0, 63.91437308868503
1984.0, 58.59649122807018
1985.0, 58.188153310104546
1986.0, 75.45787545787549
1987.0, 65.017667844523
1988.0, 66.55405405405406
1989.0, 69.81707317073173
1990.0, 77.74798927613944
1991.0, 82.14285714285717
1992.0, 76.8617021276596
1993.0, 77.57731958762888
1994.0, 78.3854166666667
1995.0, 76.80412371134024
1996.0, 68.50574712643679
1997.0, 59.20177383592018
1998.0, 54.932735426008975
1999.0, 48.32347140039448
2000.0, 45.97938144329897
2001.0, 45.233265720081135
2002.0, 43.63256784968685
2003.0, 36.637931034482754
2004.0, 25.17321016166281
2005.0, 18.4652278177458
2006.0, 26.590909090909108
2007.0, 15.662650602409656
2008.0, 21.759259259259267
2009.0, 20.842572062084272
2010.0, 27.860696517412947
2011.0, 32.500000000000014
2012.0, 31.707317073170742
2013.0, 41.486068111455126
2014.0, 37.50000000000002
2015.0, 47.45762711864409
2016.0, 41.37931034482761
2017.0, 39.053254437869846
2018.0, 42.443729903537005
2019.0, 46.55737704918034
2020.0, 36.823104693140806
2021.0, 37.77777777777781
2022.0, 34.375000000000014
2023.0, 35.34136546184742
2024.0, 31.196581196581192
2025.0, 25.563909774436084
2026.0, 27.642276422764226
2027.0, 26.141078838174252
2028.0, 24.41860465116278
2029.0, 15.810276679841849
2030.0, 15.037593984962356
2031.0, 15.810276679841849
2032.0, 31.372549019607845
2033.0, 27.83171521035598
2034.0, 42.3497267759563
2035.0, 49.3368700265252
2036.0, 58.478260869565226
2037.0, 67.54716981132074
2038.0, 69.00900900900902
2039.0, 75.3199268738574
2040.0, 78.60696517412934
2041.0, 75.98684210526315
2042.0, 79.8360655737705
2043.0, 79.8360655737705
2044.0, 86.84654300168634
2045.0, 85.97662771285474
2046.0, 85.73853989813242
2047.0, 88.62179487179486
2048.0, 80.66666666666666
2049.0, 79.7202797202797
2050.0, 78.23639774859286
2051.0, 79.24865831842574
2052.0, 66.61316211878008
2053.0, 59.29339477726575
2054.0, 54.91525423728814
2055.0, 61.98473282442748
2056.0, 58.34609494640122
2057.0, 55.78330893118596
2058.0, 53.32326283987915
2059.0, 58.06451612903226
2060.0, 51.23456790123458
2061.0, 40.22662889518413
2062.0, 44.80234260614935
2063.0, 43.28571428571428
2064.0, 38.63987635239566
2065.0, 25.515947467166995
2066.0, 33.114035087719316
2067.0, 32.82608695652175
2068.0, 31.19834710743804
2069.0, 16.350710900473956
2070.0, 21.985815602836908
2071.0, 23.724489795918387
2072.0, 26.633165829145753
2073.0, 20.876288659793843
2074.0, 22.946175637393793
2075.0, 42.56055363321801
2076.0, 34.00673400673401
2077.0, 46.987951807228924
2078.0, 42.97994269340975
2079.0, 46.93333333333333
2080.0, 41.70984455958549
2081.0, 54.06162464985992
2082.0, 54.6742209631728
2083.0, 61.85286103542235
2084.0, 63.91752577319588
2085.0, 68.13471502590673
2086.0, 68.46153846153845
2087.0, 73.20099255583126
2088.0, 76.01918465227817
2089.0, 75.49019607843138
2090.0, 81.95876288659795
2091.0, 79.41176470588236
2092.0, 77.36389684813754
2093.0, 61.209068010075576
2094.0, 64.80000000000001
2095.0, 61.84971098265897
2096.0, 62.7565982404692
2097.0, 65.3950953678474
2098.0, 63.40057636887608
2099.0, 64.62395543175487
2100.0, 61.60458452722065
2101.0, 55.32544378698227
2102.0, 50.769230769230745
2103.0, 47.01986754966888
2104.0, 54.02298850574712
2105.0, 57.446808510638306
2106.0, 70.09345794392524
2107.0, 86.68341708542715
2108.0, 89.64059196617336
2109.0, 72.58620689655172
2110.0, 68.67862969004892
2111.0, 60.06655574043261
2112.0, 61.53846153846153
2113.0, 64.33878157503716
2114.0, 62.75362318840579
2115.0, 58.43454790823211
2116.0, 56.67539267015708
2117.0, 55.87846763540289
2118.0, 57.234314980793854
2119.0, 53.576072821846545
2120.0, 48.853868194842406
2121.0, 47.883211678832126
2122.0, 39.77635782747604
2123.0, 52.57548845470693
2124.0, 51.56794425087109
2125.0, 57.56457564575646
2126.0, 51.764705882352956
2127.0, 57.43944636678199
2128.0, 56.27118644067796
2129.0, 64.94464944649445
2130.0, 69.26070038910504
2131.0, 61.80555555555557
2132.0, 50.27322404371585
2133.0, 55.03597122302158
2134.0, 58.67768595041321
2135.0, 56.17391304347826
2136.0, 53.74376039933445
2137.0, 44.15999999999999
2138.0, 40.46920821114369
2139.0, 39.130434782608674
2140.0, 42.22222222222221
2141.0, 24.780316344463955
2142.0, 28.073394495412842
2143.0, 26.591760299625463
2144.0, 32.17993079584777
2145.0, 34.57249070631971
2146.0, 39.227642276422785
2147.0, 35.42116630669547
2148.0, 25.43640897755614
2149.0, 25.061425061425084
2150.0, 28.25484764542938
2151.0, 35.051546391752595
2152.0, 60.439560439560445
2153.0, 66.03773584905659
2154.0, 60.732984293193724
2155.0, 81.77339901477836
2156.0, 66.66666666666666
2157.0, 52.15827338129496
2158.0, 40.928270042194086
2159.0, 29.846153846153825
2160.0, 28.97196261682238
2161.0, 27.878787878787847
2162.0, 34.97267759562838
2163.0, 32.736572890025556
2164.0, 29.836829836829807
2165.0, 27.526881720430083
2166.0, 29.3501048218029
2167.0, 22.899159663865518
2168.0, 24.324324324324294
2169.0, 14.95535714285711
2170.0, 19.575471698113176
2171.0, 26.92307692307692
2172.0, 32.19512195121949
2173.0, 38.3720930232558
2174.0, 33.33333333333333
2175.0, 34.39153439153438
2176.0, 26.256983240223462
2177.0, 32.8488372093023
2178.0, 35.42319749216301
2179.0, 38.698630136986296
2180.0, 34.90909090909089
2181.0, 39.676113360323875
2182.0, 40.87301587301588
2183.0, 52.34657039711194
2184.0, 51.291512915129154
2185.0, 46.06299212598423
2186.0, 43.38842975206611
2187.0, 48.611111111111136
2188.0, 61.76470588235298
2189.0, 59.770114942528735
2190.0, 61.90476190476193
2191.0, 54.662379421221914
2192.0, 49.418604651162795
2193.0, 58.60215053763438
2194.0, 52.736318407960184
2195.0, 59.4017094017094
2196.0, 57.20720720720721
2197.0, 51.03092783505153
2198.0, 59.57446808510637
2199.0, 54.90196078431373
2200.0, 48.262548262548265
2201.0, 47.89272030651339
2202.0, 47.709923664122115
2203.0, 55.40540540540542
2204.0, 56.74740484429068
2205.0, 60.30150753768843
2206.0, 64.51612903225806
2207.0, 61.7760617760618
2208.0, 57.55395683453237
2209.0, 54.78927203065134
2210.0, 58.00711743772241
2211.0, 53.40501792114698
2212.0, 43.72294372294374
2213.0, 47.64150943396227
2214.0, 50.24875621890547
2215.0, 50.24875621890547
2216.0, 50.0
2217.0, 35.63218390804596
2218.0, 34.065934065934044
2219.0, 27.710843373494015
2220.0, 28.04878048780492
2221.0, 35.164835164835125
2222.0, 38.095238095238116
2223.0, 28.930817610062874
2224.0, 19.858156028368782
2225.0, 21.212121212121147
2226.0, 25.71428571428575
2227.0, 21.818181818181856
2228.0, 20.93023255813958
2229.0, 23.076923076923137
2230.0, 22.36024844720501
2231.0, 23.076923076923123
2232.0, 22.08588957055217
2233.0, 20.224719101123625
2234.0, 27.173913043478265
2235.0, 14.814814814814909
2236.0, 31.34328358208957
2237.0, 30.288461538461576
2238.0, 27.02702702702703
2239.0, 29.955947136563893
2240.0, 24.67532467532466
2241.0, 24.89082969432313
2242.0, 24.255319148936152
2243.0, 25.974025974025963
2244.0, 28.38427947598251
2245.0, 38.75968992248061
2246.0, 45.525291828793776
2247.0, 53.53159851301115
2248.0, 53.007518796992485
2249.0, 60.642570281124485
2250.0, 54.418604651162795
2251.0, 56.521739130434796
2252.0, 54.929577464788736
2253.0, 62.93436293436294
2254.0, 62.45210727969348
2255.0, 43.121693121693134
2256.0, 44.17344173441735
2257.0, 40.816326530612265
2258.0, 41.26582278481014
2259.0, 36.43835616438357
2260.0, 39.26701570680628
2261.0, 35.55555555555557
2262.0, 32.68156424581005
2263.0, 29.8882681564246
2264.0, 33.421750663129984
2265.0, 33.33333333333333
2266.0, 40.36458333333333
2267.0, 32.248520710059154
2268.0, 38.90489913544668
2269.0, 64.90384615384616
2270.0, 71.09004739336493
2271.0, 81.57894736842104
2272.0, 72.41379310344827
2273.0, 72.41379310344827
2274.0, 68.53932584269663
2275.0, 57.92079207920792
2276.0, 54.16666666666668
2277.0, 51.09170305676855
2278.0, 41.45299145299145
2279.0, 38.9558232931727
2280.0, 31.531531531531556
2281.0, 25.5144032921811
2282.0, 15.062761506276146
2283.0, 13.846153846153854
2284.0, 14.50381679389315
2285.0, 14.17624521072797
2286.0, 20.703125
2287.0, 21.923076923076934
2288.0, 29.268292682926827
2289.0, 32.55813953488371
2290.0, 35.593220338983045
2291.0, 37.66816143497758
2292.0, 35.443037974683534
2293.0, 42.410714285714285
2294.0, 36.32812499999999
2295.0, 43.93305439330543
2296.0, 48.16513761467892
2297.0, 53.84615384615383
2298.0, 56.521739130434774
2299.0, 58.13953488372092
2300.0, 48.230088495575224
2301.0, 48.230088495575224
2302.0, 29.55465587044536
2303.0, 28.740157480314977
2304.0, 26.449275362318843
2305.0, 26.937269372693734
2306.0, 30.543933054393307
2307.0, 28.75536480686695
2308.0, 37.44075829383886
2309.0, 34.65346534653466
2310.0, 36.09756097560975
2311.0, 37.93103448275864
2312.0, 33.33333333333333
2313.0, 26.153846153846146
2314.0, 31.877729257641903
2315.0, 25.774647887323923
2316.0, 44.8339483394834
2317.0, 46.19771863117869
2318.0, 62.84046692607004
2319.0, 68.45018450184502
2320.0, 75.08710801393728
2321.0, 68.50000000000003
2322.0, 68.39464882943145
2323.0, 74.52830188679248
2324.0, 63.776722090261295
2325.0, 62.05673758865248
2326.0, 56.845965770171155
2327.0, 65.13647642679902
2328.0, 64.91885143570538
2329.0, 70.78947368421053
2330.0, 64.59459459459461
2331.0, 54.81651376146789
2332.0, 48.3009708737864
2333.0, 37.7155172413793
2334.0, 33.41013824884793
2335.0, 43.76321353065539
2336.0, 41.53846153846155
2337.0, 32.487309644670034
2338.0, 40.22988505747127
2339.0, 38.67403314917127
2340.0, 47.71573604060914
2341.0, 40.51282051282051
2342.0, 46.17169373549884
2343.0, 41.12554112554112
2344.0, 43.24324324324325
2345.0, 52.12765957446809
2346.0, 53.551912568306
2347.0, 63.225806451612904
2348.0, 65.45454545454544
2349.0, 54.60992907801418
2350.0, 51.916376306620194
2351.0, 40.74074074074074
2352.0, 44.827586206896534
2353.0, 46.987951807228924
2354.0, 34.6153846153846
2355.0, 42.94871794871792
2356.0, 40.26845637583892
2357.0, 46.15384615384617
2358.0, 44.36090225563908
2359.0, 48.25174825174825
2360.0, 42.331288343558285
2361.0, 41.818181818181806
2362.0, 42.514970059880234
2363.0, 42.01183431952661
2364.0, 42.514970059880234
2365.0, 47.97297297297298
2366.0, 46.15384615384617
2367.0, 48.61111111111111
2368.0, 54.54545454545455
2369.0, 43.06569343065695
2370.0, 33.85826771653542
2371.0, 37.12121212121213
2372.0, 40.6015037593985
2373.0, 28.965517241379303
2374.0, 34.42622950819671
2375.0, 34.14634146341464
2376.0, 30.769230769230802
2377.0, 35.71428571428574
2378.0, 33.057851239669446
2379.0, 26.31578947368422
2380.0, 23.28767123287672
2381.0, 20.270270270270288
2382.0, 19.17808219178086
2383.0, 17.948717948717984
2384.0, 30.6818181818182
2385.0, 25.000000000000014
2386.0, 21.287128712871294
2387.0, 24.581005586592198
2388.0, 24.30939226519338
2389.0, 27.485380116959064
2390.0, 29.545454545454533
2391.0, 28.3236994219653
2392.0, 35.632183908045974
2393.0, 45.92592592592591
2394.0, 44.69696969696969
2395.0, 47.24409448818898
2396.0, 46.15384615384615
2397.0, 55.04587155963302
2398.0, 38.202247191011246
2399.0, 53.521126760563355
2400.0, 70.96774193548387
2401.0, 73.91304347826086
2402.0, 79.74683544303795
2403.0, 83.83838383838383
2404.0, 83.83838383838382
2405.0, 75.92592592592594
2406.0, 61.607142857142875
2407.0, 58.47457627118643
2408.0, 52.41935483870968
2409.0, 60.9271523178808
2410.0, 57.50000000000001
2411.0, 60.64516129032257
2412.0, 63.08724832214765
2413.0, 57.3248407643312
2414.0, 55.629139072847664
2415.0, 51.00671140939597
2416.0, 45.39007092198582
2417.0, 37.398373983739816
2418.0, 40.31007751937984
2419.0, 52.14285714285713
2420.0, 47.096774193548384
2421.0, 55.29411764705884
2422.0, 49.21465968586388
2423.0, 37.07865168539325
2424.0, 40.119760479041915
2425.0, 38.235294117647065
2426.0, 34.75935828877006
2427.0, 39.890710382513674
2428.0, 41.79894179894181
2429.0, 47.73869346733669
2430.0, 50.0
2431.0, 46.341463414634134
2432.0, 41.48936170212767
2433.0, 32.203389830508485
2434.0, 35.625
2435.0, 25.714285714285722
2436.0, 37.068965517241374
2437.0, 39.44954128440367
2438.0, 38.181818181818166
2439.0, 43.24324324324323
2440.0, 54.0
2441.0, 54.90196078431373
2442.0, 39.0625
2443.0, 37.59999999999999
2444.0, 37.09677419354839
2445.0, 39.31623931623932
2446.0, 39.31623931623932
2447.0, 43.51851851851852
2448.0, 51.06382978723405
2449.0, 52.12765957446809
2450.0, 48.27586206896554
2451.0, 58.88888888888889
2452.0, 54.63917525773197
2453.0, 48.45360824742269
2454.0, 47.36842105263159
2455.0, 38.043478260869556
2456.0, 53.03030303030303
2457.0, 31.8840579710145
2458.0, 25.714285714285722
2459.0, 23.684210526315795
2460.0, 23.684210526315795
2461.0, 22.077922077922068
2462.0, 20.253164556962034
2463.0, 25.000000000000014
2464.0, 25.000000000000014
2465.0, 12.658227848101276
2466.0, 14.285714285714292
2467.0, 15.625000000000014
2468.0, 14.285714285714263
2469.0, 27.692307692307722
2470.0, 28.571428571428584
2471.0, 38.29787234042554
2472.0, 42.857142857142904
2473.0, 54.54545454545458
2474.0, 55.88235294117648
2475.0, 66.66666666666666
2476.0, 68.4210526315789
2477.0, 28.169014084507012
2478.0, 25.97402597402595
2479.0, 23.529411764705856
2480.0, 21.505376344085988
2481.0, 19.60784313725489
2482.0, 15.887850467289724
2483.0, 7.272727272727252
2484.0, 6.249999999999986
2485.0, 6.201550387596882
2486.0, 22.929936305732483
2487.0, 23.89937106918238
2488.0, 37.628865979381445
2489.0, 40.68627450980393
2490.0, 48.48484848484849
2491.0, 58.33333333333332
2492.0, 58.638743455497384
2493.0, 56.281407035175874
2494.0, 57.142857142857146
2495.0, 56.85279187817258
2496.0, 55.17241379310344
2497.0, 58.33333333333334
2498.0, 65.4970760233918
2499.0, 66.66666666666666
2500.0, 62.09150326797386
2501.0, 56.36363636363636
2502.0, 41.91176470588235
2503.0, 33.33333333333336
2504.0, 11.578947368421083
2505.0, 13.402061855670127
2506.0, 11.304347826086968
2507.0, 12.500000000000028
2508.0, 12.037037037037052
2509.0, 13.265306122449005
2510.0, 17.441860465116307
2511.0, 17.045454545454575
2512.0, 17.241379310344854
2513.0, 12.941176470588275
2514.0, 4.49438202247191
2515.0, 4.938271604938279
2516.0, 13.58024691358024
2517.0, 25.000000000000014
2518.0, 24.468085106382986
2519.0, 22.10526315789474
2520.0, 26.92307692307692
2521.0, 26.92307692307692
2522.0, 31.42857142857143
2523.0, 35.135135135135144
2524.0, 34.24657534246576
2525.0, 37.5
2526.0, 36.986301369863014
2527.0, 45.0
2528.0, 55.40540540540542
2529.0, 60.869565217391305
2530.0, 53.03030303030303
2531.0, 48.33333333333333
2532.0, 51.785714285714285
2533.0, 52.72727272727273
2534.0, 64.9122807017544
2535.0, 81.24999999999999
2536.0, 83.0188679245283
2537.0, 78.4313725490196
2538.0, 77.99999999999999
2539.0, 80.7017543859649
2540.0, 83.60655737704917
2541.0, 79.24528301886794
2542.0, 63.793103448275865
2543.0, 50.704225352112665
2544.0, 64.77272727272728
2545.0, 60.71428571428572
2546.0, 53.125
2547.0, 55.6701030927835
2548.0, 53.2608695652174
2549.0, 50.0
2550.0, 48.35164835164834
2551.0, 46.3157894736842
2552.0, 43.99999999999999
2553.0, 36.458333333333336
2554.0, 36.45833333333335
2555.0, 45.45454545454546
2556.0, 54.95495495495495
2557.0, 56.48148148148149
2558.0, 48.35164835164834
2559.0, 47.31182795698924
2560.0, 56.79012345679012
2561.0, 51.19047619047619
2562.0, 55.91397849462365
2563.0, 63.366336633663366
2564.0, 53.50877192982456
2565.0, 54.95495495495497
2566.0, 57.009345794392516
2567.0, 60.95238095238096
2568.0, 61.20363361090083
2569.0, 54.37828371278459
2570.0, 48.13339970134397
2571.0, 55.767012687427915
2572.0, 44.25727411944872
2573.0, 40.62792877225869
2574.0, 37.40842490842492
2575.0, 37.8415933302455
2576.0, 26.391015824400228
2577.0, 12.16367713004486
2578.0, 14.87320082248118
2579.0, 14.146023468057393
2580.0, 24.400234055002954
2581.0, 19.72318339100346
2582.0, 16.49670065986804
2583.0, 16.176470588235304
2584.0, 19.707000986054382
2585.0, 19.718309859154957
2586.0, 23.769100169779293
2587.0, 31.927710843373518
2588.0, 37.447698744769895
2589.0, 56.16197183098591
2590.0, 67.24137931034481
2591.0, 64.22155688622752
2592.0, 68.23708206686928
2593.0, 77.69461077844309
2594.0, 65.71856287425146
2595.0, 74.73262032085559
2596.0, 68.88020833333333
2597.0, 73.55072463768116
2598.0, 71.66192302932804
2599.0, 73.3100233100233
2600.0, 78.82579403272376
2601.0, 79.62962962962962
2602.0, 79.62962962962962
2603.0, 81.35593220338981
2604.0, 79.62962962962962
2605.0, 73.50427350427347
2606.0, 76.69172932330824
2607.0, 77.85714285714285
2608.0, 84.56375838926172
2609.0, 84.13793103448275
2610.0, 80.79470198675493
2611.0, 79.99999999999996
2612.0, 77.85234899328857
2613.0, 76.02739726027394
2614.0, 69.17293233082705
2615.0, 70.07299270072991
2616.0, 69.85294117647055
2617.0, 64.57271234770585
2618.0, 62.24041870673643
2619.0, 71.95978918602381
2620.0, 66.38193306810203
2621.0, 55.885430290347884
2622.0, 40.54522533879608
2623.0, 39.59333973743196
2624.0, 51.803101334295
2625.0, 59.78031898886551
2626.0, 65.75795776867321
2627.0, 71.18025124160096
2628.0, 78.36432398361174
2629.0, 60.69355331500155
2630.0, 68.02137708177979
2631.0, 65.6117329216519
2632.0, 70.51282051282057
2633.0, 68.75000000000001
2634.0, 68.35443037974686
2635.0, 72.00000000000003
2636.0, 79.01234567901238
2637.0, 69.51219512195124
2638.0, 71.26436781609198
2639.0, 72.82608695652176
2640.0, 75.00000000000003
2641.0, 62.96296296296296
2642.0, 54.918032786885256
2643.0, 64.46280991735537
2644.0, 59.43396226415095
2645.0, 59.99999999999999
2646.0, 58.41584158415841
2647.0, 60.20408163265306
2648.0, 60.20408163265306
2649.0, 69.84126984126983
2650.0, 66.66666666666664
2651.0, 72.80701754385963
2652.0, 73.04347826086955
2653.0, 74.99999999999999
2654.0, 80.62499999999997
2655.0, 75.88235294117646
2656.0, 84.04907975460122
2657.0, 74.55621301775147
2658.0, 70.62146892655367
2659.0, 73.05699481865284
2660.0, 70.85427135678393
2661.0, 67.4641148325359
2662.0, 70.68965517241381
2663.0, 68.66359447004609
2664.0, 68.34862385321104
2665.0, 64.0
2666.0, 58.77192982456141
2667.0, 50.23474178403755
2668.0, 39.42857142857141
2669.0, 46.710526315789444
2670.0, 43.44827586206894
2671.0, 41.17647058823526
2672.0, 45.637583892617414
2673.0, 42.553191489361694
2674.0, 46.04316546762588
2675.0, 50.38167938931298
2676.0, 42.22222222222222
2677.0, 29.777777777777786
2678.0, 38.888888888888886
2679.0, 39.200000000000024
2680.0, 63.372093023255815
2681.0, 67.28395061728395
2682.0, 63.322884012539184
2683.0, 64.97005988023952
2684.0, 63.08139534883722
2685.0, 75.00000000000001
2686.0, 70.38216560509557
2687.0, 63.27160493827162
2688.0, 63.93939393939394
2689.0, 62.34939759036146
2690.0, 62.68656716417911
2691.0, 69.40063091482654
2692.0, 63.00000000000005
2693.0, 64.72602739726028
2694.0, 38.333333333333314
2695.0, 36.31578947368419
2696.0, 36.50793650793648
2697.0, 29.41176470588232
2698.0, 28.089887640449405
2699.0, 18.181818181818116
2700.0, 39.16666666666665
2701.0, 44.95412844036694
2702.0, 37.5
2703.0, 42.24137931034479
2704.0, 34.126984126984084
2705.0, 44.29530201342281
2706.0, 39.28571428571426
2707.0, 42.424242424242415
2708.0, 47.09302325581397
2709.0, 52.000000000000014
2710.0, 57.29729729729731
2711.0, 59.693877551020414
2712.0, 62.90322580645161
2713.0, 66.10169491525423
2714.0, 58.66666666666668
2715.0, 59.740259740259745
2716.0, 63.888888888888886
2717.0, 62.31884057971015
2718.0, 71.65354330708665
2719.0, 69.49152542372883
2720.0, 92.59259259259261
2721.0, 83.44827586206895
2722.0, 68.78439219609804
2723.0, 49.261083743842356
2724.0, 39.111029310265494
2725.0, 35.23809523809524
2726.0, 37.899543378995425
2727.0, 43.61233480176212
2728.0, 42.30769230769231
2729.0, 40.08620689655174
2730.0, 43.95161290322582
2731.0, 42.85714285714287
2732.0, 41.03585657370518
2733.0, 35.294117647058826
2734.0, 19.806763285024147
2735.0, 20.500000000000014
2736.0, 30.716368179925027
2737.0, 42.44604316546763
2738.0, 56.194345984265574
2739.0, 50.0
2740.0, 46.72131147540988
2741.0, 45.37815126050423
2742.0, 47.368421052631604
2743.0, 52.13675213675213
2744.0, 46.66666666666666
2745.0, 41.1764705882353
2746.0, 41.525423728813564
2747.0, 50.0
2748.0, 57.14285714285713
2749.0, 57.14285714285713
2750.0, 45.454545454545475
2751.0, 48.71794871794871
2752.0, 48.275862068965516
2753.0, 61.81818181818184
2754.0, 59.821428571428555
2755.0, 50.94339622641507
2756.0, 52.94117647058822
2757.0, 47.9591836734694
2758.0, 49.50495049504952
2759.0, 56.179775280898824
2760.0, 56.17977528089888
2761.0, 46.15384615384619
2762.0, 39.74358974358975
2763.0, 45.205479452054774
2764.0, 60.25641025641025
2765.0, 59.740259740259745
2766.0, 37.27272727272727
2767.0, 33.65384615384612
2768.0, 34.97536945812804
2769.0, 36.597938144329895
2770.0, 34.80392156862746
2771.0, 35.85858585858587
2772.0, 37.128712871287114
2773.0, 39.47368421052632
2774.0, 40.76086956521738
2775.0, 46.90721649484537
2776.0, 41.74311926605501
2777.0, 51.52671755725191
2778.0, 39.05109489051091
2779.0, 37.686567164179095
2780.0, 50.49999999999999
2781.0, 45.876288659793815
2782.0, 50.704225352112694
2783.0, 49.09090909090907
2784.0, 54.05405405405404
2785.0, 59.19999999999996
2786.0, 50.3875968992248
2787.0, 51.90839694656488
2788.0, 51.127819548872154
2789.0, 48.41269841269842
2790.0, 55.45454545454544
2791.0, 43.6781609195403
2792.0, 50.0
2793.0, 58.695652173913004
2794.0, 62.43093922651929
2795.0, 59.473684210526294
2796.0, 56.49717514124292
2797.0, 64.28571428571425
2798.0, 55.2631578947368
2799.0, 41.62162162162166
2800.0, 43.75000000000002
2801.0, 41.0404624277457
2802.0, 48.958333333333364
2803.0, 47.42268041237111
2804.0, 47.179487179487204
2805.0, 44.99999999999998
2806.0, 47.87234042553191
2807.0, 36.36363636363641
2808.0, 39.13043478260867
2809.0, 39.87341772151899
2810.0, 40.25157232704402
2811.0, 33.09859154929579
2812.0, 36.718750000000014
2813.0, 46.788990825688145
2814.0, 55.43478260869572
2815.0, 49.51456310679613
2816.0, 45.833333333333336
2817.0, 44.00000000000005
2818.0, 40.366972477064216
2819.0, 50.0
2820.0, 46.7741935483871
2821.0, 54.16666666666663
2822.0, 47.142857142857146
2823.0, 53.73134328358207
2824.0, 55.714285714285694
2825.0, 55.714285714285694
2826.0, 63.6363636363636
2827.0, 73.83177570093453
2828.0, 77.04918032786878
2829.0, 85.90604026845634
2830.0, 82.75862068965513
2831.0, 85.08224617129889
2832.0, 79.99999999999997
2833.0, 79.86577181208051
2834.0, 84.24657534246573
2835.0, 86.85714285714283
2836.0, 79.58115183246076
2837.0, 76.02040816326533
2838.0, 76.26262626262627
2839.0, 76.9607843137255
2840.0, 78.13953488372094
2841.0, 75.77319587628867
2842.0, 76.14213197969545
2843.0, 71.6867469879518
2844.0, 76.50273224043715
2845.0, 70.36590269400884
2846.0, 78.32512315270938
2847.0, 78.53658536585367
2848.0, 78.74396135265702
2849.0, 76.34408602150539
2850.0, 83.52941176470587
2851.0, 76.34408602150536
2852.0, 70.7446808510638
2853.0, 73.3009708737864
2854.0, 64.67661691542287
2855.0, 63.589743589743584
2856.0, 61.41304347826086
2857.0, 65.36585365853657
2858.0, 63.02083333333332
2859.0, 70.4301075268817
2860.0, 75.82417582417581
2861.0, 78.76447876447875
2862.0, 79.4007490636704
2863.0, 81.60535117056855
2864.0, 62.08651399491094
2865.0, 70.0956937799043
2866.0, 69.92840095465395
2867.0, 70.0
2868.0, 74.65437788018434
2869.0, 68.45493562231759
2870.0, 74.39024390243902
2871.0, 70.57793345008758
2872.0, 62.40126382306477
2873.0, 61.11111111111111
2874.0, 56.979806848112375
2875.0, 57.01754385964912
2876.0, 58.474576271186436
2877.0, 53.36976320582878
2878.0, 68.71287128712872
2879.0, 66.0215053763441
2880.0, 68.53448275862068
2881.0, 66.43990929705217
2882.0, 61.02088167053363
2883.0, 52.60000000000001
2884.0, 32.8888888888889
2885.0, 26.194690265486727
2886.0, 29.306930693069305
2887.0, 35.42435424354245
2888.0, 33.684210526315795
2889.0, 28.5983066792098
2890.0, 22.692307692307708
2891.0, 23.6328125
2892.0, 15.36796536796534
2893.0, 13.50762527233114
2894.0, 11.062906724511919
2895.0, 10.472279260780283
2896.0, 10.282258064516128
2897.0, 15.880893300248133
2898.0, 18.497109826589593
2899.0, 39.16666666666665
2900.0, 41.88034188034188
2901.0, 27.551020408163254
2902.0, 38.37837837837838
2903.0, 30.669546436285074
2904.0, 28.861788617886162
2905.0, 33.71212121212122
2906.0, 33.460076045627375
2907.0, 33.97683397683397
2908.0, 35.77235772357723
2909.0, 36.82008368200836
2910.0, 44.79638009049772
2911.0, 39.631336405529936
2912.0, 38.91402714932125
2913.0, 29.31937172774866
2914.0, 25.87064676616913
2915.0, 25.99999999999997
2916.0, 18.617021276595707
2917.0, 33.12101910828024
2918.0, 42.27642276422761
2919.0, 31.067961165048473
2920.0, 34.86238532110089
2921.0, 47.727272727272705
2922.0, 46.32352941176468
2923.0, 56.30252100840334
2924.0, 45.52845528455286
2925.0, 54.68750000000001
2926.0, 60.6837606837607
2927.0, 50.35460992907804
2928.0, 51.44927536231884
2929.0, 49.30555555555554
2930.0, 48.9655172413793
2931.0, 43.51145038167939
2932.0, 43.18181818181819
2933.0, 49.324324324324344
2934.0, 50.980392156862756
2935.0, 38.68613138686131
2936.0, 39.552238805970156
2937.0, 34.50704225352112
2938.0, 37.69230769230768
2939.0, 29.166666666666657
2940.0, 27.200000000000003
2941.0, 33.66336633663364
2942.0, 36.17021276595746
2943.0, 42.35294117647058
2944.0, 39.99999999999999
2945.0, 34.736842105263136
2946.0, 44.76190476190473
2947.0, 28.846153846153797
2948.0, 15.999999999999957
2949.0, 14.28571428571425
2950.0, 23.999999999999957
2951.0, 20.408163265306072
2952.0, 18.98734177215185
2953.0, 18.181818181818144
2954.0, 17.75147928994079
2955.0, 15.228426395939039
2956.0, 19.70443349753691
2957.0, 17.92452830188678
2958.0, 18.62745098039214
2959.0, 19.09547738693466
2960.0, 15.70680628272251
2961.0, 16.94915254237287
2962.0, 17.647058823529406
2963.0, 19.108280254777057
2964.0, 22.08588957055217
2965.0, 34.04255319148936
2966.0, 46.97986577181209
2967.0, 49.64539007092199
2968.0, 47.2972972972973
2969.0, 61.53846153846152
2970.0, 63.76811594202897
2971.0, 64.70588235294116
2972.0, 66.41791044776117
2973.0, 57.7922077922078
2974.0, 52.20125786163523
2975.0, 54.320987654320994
2976.0, 57.73809523809523
2977.0, 60.62499999999999
2978.0, 56.249999999999986
2979.0, 55.31914893617022
2980.0, 47.543713572023314
2981.0, 48.72013651877132
2982.0, 59.416195856873834
2983.0, 52.9940119760479
2984.0, 33.365019011406844
2985.0, 32.74253731343285
2986.0, 33.974358974358964
2987.0, 41.13082039911306
2988.0, 46.843434343434325
2989.0, 50.58685446009391
2990.0, 53.83771929824564
2991.0, 70.60055865921788
2992.0, 62.56443298969072
2993.0, 50.57405281285878
2994.0, 45.52590266875981
2995.0, 43.5
2996.0, 40.909090909090914
2997.0, 40.909090909090914
2998.0, 48.35164835164835
2999.0, 50.57471264367816
3000.0, 46.19565217391304
3001.0, 45.69892473118281
3002.0, 43.58974358974359
3003.0, 37.18592964824119
3004.0, 39.024390243902424
3005.0, 17.17791411042944
3006.0, 25.625
3007.0, 28.975265017667837
3008.0, 30.827067669172934
3009.0, 38.970588235294116
3010.0, 38.970588235294116
3011.0, 37.19298245614035
3012.0, 31.72413793103449
3013.0, 34.24657534246576
3014.0, 36.764705882352956
3015.0, 42.446043165467614
3016.0, 45.0381679389313
3017.0, 46.82539682539683
3018.0, 34.23423423423425
3019.0, 36.538461538461554
