15.0, 74.62540716612384
16.0, 71.72550313427912
17.0, 67.18799872326844
18.0, 63.32500891901535
19.0, 73.24391104835871
20.0, 64.55382436260636
21.0, 65.25511975008692
22.0, 67.09493219129195
23.0, 54.2281879194631
24.0, 47.39629302736109
25.0, 53.97185655923736
26.0, 46.714628297362246
27.0, 45.260223048327106
28.0, 42.115384615384684
29.0, 39.16119252147536
30.0, 45.498547918683414
31.0, 40.95860566448796
32.0, 32.228571428571286
33.0, 21.42857142857129
34.0, 25.33955857385365
35.0, 17.923728813558967
36.0, 18.552631578947057
37.0, 15.04267425320026
38.0, 21.49929278642128
39.0, 24.566768603465704
40.0, 20.36619718309842
41.0, 27.311598075895134
42.0, 22.79723399509247
43.0, 21.35878209497828
44.0, 25.377317809400523
45.0, 34.17204301075262
46.0, 37.87985865724372
47.0, 42.30401529636711
48.0, 47.760225059510994
49.0, 49.451041900067224
50.0, 55.73155481450601
51.0, 62.873265929931804
52.0, 60.60384709033362
53.0, 65.3607364590024
54.0, 78.53956327776484
55.0, 77.30320337720399
56.0, 96.21036349574636
57.0, 92.93383270911359
58.0, 92.20814977973566
59.0, 91.66421207658318
60.0, 91.76367869615831
61.0, 91.6296953564034
62.0, 90.71522309711283
63.0, 92.14456391875753
64.0, 83.53541799617108
65.0, 82.06896551724132
66.0, 76.21542940320218
67.0, 69.86351899668006
68.0, 55.01373626373628
69.0, 58.792072978924146
70.0, 52.65630646910007
71.0, 59.69790593889458
72.0, 59.292649098474264
73.0, 58.16108339272984
74.0, 41.97596795727635
75.0, 45.59339008512762
76.0, 48.384798099762435
77.0, 42.33234714003942
78.0, 48.455646157647635
79.0, 46.19552414605416
80.0, 53.50999535099955
81.0, 45.46750865756771
82.0, 53.37318531169936
83.0, 52.459730082716575
84.0, 42.09822281673992
85.0, 38.644135988734675
86.0, 49.335548172757484
87.0, 49.02222965067694
88.0, 60.534923994612264
89.0, 60.2056655025223
90.0, 57.448132780083014
91.0, 60.38251366120216
92.0, 59.80810234541571
93.0, 63.50464115915788
94.0, 53.023455993113906
95.0, 59.04624970045535
96.0, 45.18518518518522
97.0, 50.79423716291095
98.0, 55.343127389816864
99.0, 54.42311498119933
100.0, 43.16386969397832
101.0, 40.17602283539482
102.0, 32.121871599564685
103.0, 36.164551780597634
104.0, 34.94949494949488
105.0, 32.5460368294635
106.0, 39.43206326383899
107.0, 39.85467756584918
108.0, 46.76510588692437
109.0, 47.31668960094355
110.0, 54.272829763246875
111.0, 44.80130647795321
112.0, 42.291880781089404
113.0, 44.60822342901472
114.0, 54.46428571428565
115.0, 57.563764291996506
116.0, 69.46810960165786
117.0, 63.717982571956696
118.0, 62.19072164948448
119.0, 66.26536885245892
120.0, 57.023514851485146
121.0, 61.340061676478896
122.0, 60.04056795131853
123.0, 62.63603385731568
124.0, 69.31930286090099
125.0, 71.1859172328598
126.0, 88.14199395770393
127.0, 81.46676300578021
128.0, 76.9748653500897
129.0, 72.16180948238348
130.0, 69.45107398568001
131.0, 67.51740139211114
132.0, 76.32194665418794
133.0, 66.34790528233151
134.0, 63.596682671322405
135.0, 57.57884028484228
136.0, 46.12299465240647
137.0, 53.13953488372089
138.0, 44.088507265521905
139.0, 42.64905149051501
140.0, 52.972222222222186
141.0, 51.905280348394115
142.0, 51.734498770827564
143.0, 52.509010257831946
144.0, 55.506493506493484
145.0, 56.133438402942005
146.0, 58.94788593903639
147.0, 64.271506713078
148.0, 65.21190716448038
149.0, 58.508211678832055
150.0, 59.554214070118334
151.0, 57.26202158979389
152.0, 69.9402628434886
153.0, 65.92857142857144
154.0, 57.790055248618785
155.0, 65.58815464765564
156.0, 63.250366032210884
157.0, 64.43914081145596
158.0, 56.94444444444451
159.0, 58.27993254637439
160.0, 53.513716647876706
161.0, 51.145339652448655
162.0, 52.40793201133145
163.0, 68.94514767932509
164.0, 74.03715450838257
165.0, 54.70483005366726
166.0, 51.89969604863226
167.0, 55.102864058087974
168.0, 58.22368421052635
169.0, 55.18306131451261
170.0, 49.35677530017149
171.0, 45.013687915525914
172.0, 51.677852348993234
173.0, 46.33982538616513
174.0, 33.922742110990185
175.0, 35.82562747688233
176.0, 38.37991718426491
177.0, 29.139072847681987
178.0, 30.360431465403835
179.0, 40.82374318594785
180.0, 36.12291598561623
181.0, 39.2778649921507
182.0, 35.53254437869822
183.0, 34.26847662141783
184.0, 42.60473069250502
185.0, 43.23308270676698
186.0, 47.074683203019696
187.0, 50.71158873075805
188.0, 67.54122938530725
189.0, 64.85521618405386
190.0, 57.84426543920206
191.0, 56.3949139865371
192.0, 62.28978007761961
193.0, 60.31313818924438
194.0, 50.0
195.0, 52.37379807692299
196.0, 57.02373316228357
197.0, 62.33839235525579
198.0, 51.51011360487673
199.0, 55.91216216216211
200.0, 49.71098265895952
201.0, 50.0
202.0, 55.872291904218926
203.0, 56.305404632542235
204.0, 59.95736906211946
205.0, 64.13680781758953
206.0, 61.797362942401115
207.0, 60.40943789035395
208.0, 74.07540394973068
209.0, 71.79687499999997
210.0, 73.64001460387001
211.0, 69.47145877378432
212.0, 76.81159420289848
213.0, 72.22486898523094
214.0, 68.31084225221024
215.0, 51.58116654954328
216.0, 41.70141784820678
217.0, 45.32655455612038
218.0, 41.79588892895772
219.0, 44.974776872332164
220.0, 32.30228471001756
221.0, 32.41622574955905
222.0, 29.272794389073297
223.0, 38.3526383526384
224.0, 36.807387862796716
225.0, 39.36708860759497
226.0, 38.04281345565745
227.0, 42.11940298507465
228.0, 39.89256432004528
229.0, 48.35503769705272
230.0, 44.864864864864856
231.0, 45.21327014218015
232.0, 42.96007205043539
233.0, 35.81977471839808
234.0, 44.14561260527025
235.0, 49.14658634538156
236.0, 47.86412763767374
237.0, 41.69784172661875
238.0, 37.22316865417384
239.0, 32.5503355704699
240.0, 38.360128617363415
241.0, 31.804091754494763
242.0, 33.12883435582823
243.0, 43.55530151471849
244.0, 43.23404255319153
245.0, 37.090505274847295
246.0, 42.54345837145464
247.0, 58.09592499098447
248.0, 57.95947901591904
249.0, 50.39714058776799
250.0, 41.92624418188327
251.0, 31.51584356266055
252.0, 29.121603798470062
253.0, 21.81086519114683
254.0, 18.240670220868225
255.0, 30.605536332179938
256.0, 34.6055979643766
257.0, 33.93316195372749
258.0, 35.81795377172553
259.0, 33.29447035309795
260.0, 34.11745352854092
261.0, 34.32272876352906
262.0, 30.508474576271183
263.0, 35.62575574365175
264.0, 40.11403914316535
265.0, 43.12458581842281
266.0, 47.433848339548916
267.0, 63.9065382250461
268.0, 70.8907056798623
269.0, 65.36098310291854
270.0, 53.9224952741021
271.0, 43.6140018921476
272.0, 42.76007497656979
273.0, 51.14142538975502
274.0, 52.83525933888738
275.0, 38.69885982562033
276.0, 41.39167862266857
277.0, 37.90220420572586
278.0, 33.24468085106378
279.0, 36.3795110593713
280.0, 39.49626349294211
281.0, 30.378177309361263
282.0, 30.399752091725986
283.0, 30.399752091725986
284.0, 38.69888475836423
285.0, 46.616871704745236
286.0, 46.39265413205074
287.0, 43.65376612567624
288.0, 38.95401262398551
289.0, 70.18683996750617
290.0, 74.86122125297388
291.0, 70.56638811513457
292.0, 70.50092764378488
293.0, 71.80851063829789
294.0, 66.20616365568551
295.0, 67.06135629709375
296.0, 50.0
297.0, 57.45697896749556
298.0, 53.35305719921096
299.0, 51.89243027888431
300.0, 59.902912621359306
301.0, 75.17421602787462
302.0, 62.500000000000064
303.0, 67.78385772913832
304.0, 70.81784386617105
305.0, 54.74667978357122
306.0, 57.06440339490768
307.0, 53.525954946131186
308.0, 37.56805807622504
309.0, 34.94260634706288
310.0, 43.18398474737844
311.0, 38.80903490759749
312.0, 46.078431372549005
313.0, 45.93769089798414
314.0, 49.02073732718887
315.0, 47.22719141323792
316.0, 53.99361022364226
317.0, 53.14995563442771
318.0, 49.400252525252576
319.0, 59.762900976290055
320.0, 54.27006123106663
321.0, 47.27681078046046
322.0, 66.05335786568557
323.0, 60.76163610719326
324.0, 51.346801346801406
325.0, 46.153846153846146
326.0, 41.5868673050616
327.0, 36.33755677743243
328.0, 29.393430831934822
329.0, 33.820224719101105
330.0, 36.22780424426147
331.0, 31.994141033688962
332.0, 28.23116691285071
333.0, 27.15517241379311
334.0, 35.182534001431605
335.0, 42.70270270270268
336.0, 39.11665676371553
337.0, 42.03916560238399
338.0, 49.03640256959311
339.0, 50.832408435072175
340.0, 45.61259971364283
341.0, 42.66309546585035
342.0, 45.251058681185675
343.0, 37.58952322488231
344.0, 27.45175265852697
345.0, 25.327034883720927
346.0, 28.12184789187006
347.0, 29.108635097493007
348.0, 17.721993255901126
349.0, 18.96678966789665
350.0, 15.263709395738772
351.0, 15.422622198694214
352.0, 11.66605234058241
353.0, 11.720051842251479
354.0, 20.63142437591779
355.0, 21.77872505328429
356.0, 25.268419104035516
357.0, 29.55280685061848
358.0, 34.41641727233862
359.0, 48.03202134756505
360.0, 52.916314454775986
361.0, 49.69544213400546
362.0, 58.636926889715
363.0, 55.14646600376243
364.0, 58.378378378378436
365.0, 61.3669273095859
366.0, 60.16475433951162
367.0, 62.63399693721286
368.0, 58.48928206873085
369.0, 75.13015618742493
370.0, 73.69758576874209
371.0, 69.22390722569136
372.0, 69.12751677852353
373.0, 60.97285067873302
374.0, 50.48143053645126
375.0, 57.49423520368951
376.0, 64.98054474708185
377.0, 64.34231378763882
378.0, 80.55555555555567
379.0, 80.70866141732293
380.0, 83.36483931947107
381.0, 90.57142857142884
382.0, 89.92878942014273
383.0, 88.47497089639143
384.0, 75.58962264150985
385.0, 83.21167883211722
386.0, 76.84848484848509
387.0, 78.77777777777817
388.0, 80.47673098751412
389.0, 72.62277951933122
390.0, 70.8888888888888
391.0, 72.98969072164941
392.0, 74.41406249999997
393.0, 68.15476190476208
394.0, 66.94129763130803
395.0, 59.225280326197826
396.0, 53.488372093023
397.0, 61.39705882352954
398.0, 68.73747494989969
399.0, 67.18913270637384
400.0, 70.50438596491185
401.0, 50.52083333333323
402.0, 34.91720662347018
403.0, 45.4789015405224
404.0, 32.08106772120624
405.0, 32.97560975609758
406.0, 30.853174603174566
407.0, 40.188172043010724
408.0, 55.27638190954768
409.0, 58.175158175158145
410.0, 57.42932281393828
411.0, 57.3451910408432
412.0, 58.373513339762155
413.0, 59.83224603914265
414.0, 53.18972659486332
415.0, 60.66050198150596
416.0, 62.05405405405403
417.0, 64.23841059602648
418.0, 76.5945646145313
419.0, 64.85878530367401
420.0, 63.91625615763539
421.0, 63.907366346390646
422.0, 49.944994499449976
423.0, 44.71904266389181
424.0, 45.34423634924821
425.0, 42.25195094760321
426.0, 45.88665447897619
427.0, 46.265560165975074
428.0, 46.48254299114129
429.0, 39.43112102621303
430.0, 42.84848484848483
431.0, 37.9196840026333
432.0, 27.30538922155685
433.0, 36.444141689373275
434.0, 34.683954619124805
435.0, 37.71251931993809
436.0, 43.89996620479883
437.0, 58.85211053750379
438.0, 60.27679623085986
439.0, 61.20218579234971
440.0, 59.59868224019168
441.0, 58.492307692307705
442.0, 68.76631853785898
443.0, 72.87423213708375
444.0, 76.01993148551858
445.0, 75.10507597801491
446.0, 91.87165775401076
447.0, 85.9630419331912
448.0, 76.67194928684617
449.0, 64.31334622823991
450.0, 61.92630898513248
451.0, 51.595959595959606
452.0, 49.36601859678781
453.0, 55.61319007039651
454.0, 46.64045746962126
455.0, 46.48745519713266
456.0, 53.63354037267083
457.0, 36.985018726591775
458.0, 26.39757437938232
459.0, 31.523272214386537
460.0, 36.19188434368323
461.0, 43.09552969993875
462.0, 47.05784018722837
463.0, 47.089327534292416
464.0, 49.010554089709785
465.0, 50.08935824532897
466.0, 55.29685681024448
467.0, 55.309863252836756
468.0, 60.542767831770405
469.0, 58.93605138229546
470.0, 56.45543381699734
471.0, 67.67838125665608
472.0, 85.64690026954172
473.0, 81.85122364913977
474.0, 79.26930528646551
475.0, 70.2652106084243
476.0, 72.40768094534702
477.0, 80.6780776826859
478.0, 80.81072245831963
479.0, 80.33500837520931
480.0, 73.79280070237043
481.0, 63.46639717028806
482.0, 52.09150326797387
483.0, 44.37639198218265
484.0, 41.096698113207516
485.0, 46.85153090699011
486.0, 59.75232198142428
487.0, 60.33943724877188
488.0, 53.17919075144513
489.0, 61.16193961573661
490.0, 53.729933899905625
491.0, 61.1493322541482
492.0, 55.58798999165974
493.0, 51.1848341232228
494.0, 54.558932542624206
495.0, 58.270106221547785
496.0, 59.644576082932126
497.0, 74.12779302234405
498.0, 68.22755417956641
499.0, 68.1412495149398
500.0, 58.07067812798468
501.0, 63.627992633517394
502.0, 69.45259042033221
503.0, 63.555114200595696
504.0, 65.6410256410255
505.0, 63.99785061794722
506.0, 65.9833795013848
507.0, 76.96307852314058
508.0, 68.99470899470867
509.0, 49.619847939175706
510.0, 49.41743672157501
511.0, 36.8217054263567
512.0, 36.60886319845878
513.0, 38.22756289898608
514.0, 40.2558314522197
515.0, 45.54183813443077
516.0, 42.04174820613178
517.0, 47.695202257761075
518.0, 56.26877902212514
519.0, 50.14116318464141
520.0, 45.4336147352264
521.0, 42.49123753033169
522.0, 47.22885176345802
523.0, 51.72814406041243
524.0, 55.70362473347545
525.0, 58.740865654862304
526.0, 59.90255087417592
527.0, 62.372243141473916
528.0, 60.35676251331199
529.0, 51.79876335019674
530.0, 58.01925722145802
531.0, 47.446916076845326
532.0, 41.43661971830991
533.0, 38.97721250662428
534.0, 44.0557367328788
535.0, 40.89578454332552
536.0, 40.03564003564003
537.0, 48.791679412664415
538.0, 41.97318666208323
539.0, 44.271211022480145
540.0, 41.65813715455482
541.0, 30.147601476014756
542.0, 29.11617961511051
543.0, 30.02572583608965
544.0, 30.077120822622135
545.0, 32.02972233085646
546.0, 25.847776940467185
547.0, 28.981833544571217
548.0, 34.99613302397513
549.0, 46.364265927977826
550.0, 47.33083985039095
551.0, 59.1292875989446
552.0, 65.75189647478805
553.0, 71.19129438717067
554.0, 77.70723743878106
555.0, 81.09524670160852
556.0, 84.00000000000001
557.0, 86.91537761601464
558.0, 86.66543026706239
559.0, 93.57212003872228
560.0, 98.12809689851355
563.0, 92.76666054709017
564.0, 92.31942062130744
565.0, 86.10153916838968
566.0, 80.62549695202753
567.0, 75.56001337345364
568.0, 75.72235137827961
569.0, 77.4869109947644
570.0, 80.65113816834298
571.0, 81.91041821331352
572.0, 81.99507389162558
573.0, 74.02476056996024
574.0, 70.5820105820106
575.0, 63.04085085810972
576.0, 62.96027131782944
577.0, 66.8123393316195
578.0, 68.50122850122847
579.0, 74.11933860531984
580.0, 76.43862682143741
581.0, 71.21491026231013
582.0, 66.4031620553359
583.0, 65.39087947882732
584.0, 52.08333333333337
585.0, 44.70435347628331
586.0, 38.55109961190175
587.0, 46.49524480450868
588.0, 55.204954290769685
589.0, 52.747252747252745
590.0, 44.63115921389916
591.0, 41.444062417349954
592.0, 45.04839910647803
593.0, 41.070002661698204
594.0, 36.55990510083037
595.0, 45.63129002744743
596.0, 39.923954372623605
597.0, 38.17957166392089
598.0, 38.810969227548654
599.0, 39.55748552522749
600.0, 40.841161400512426
601.0, 46.57798342008872
602.0, 45.40977147360125
603.0, 49.601893694856905
604.0, 50.11959121548166
605.0, 49.48475740661226
606.0, 47.11171049674087
607.0, 45.987516718680354
608.0, 47.710453283996294
609.0, 49.38437430042535
610.0, 53.07988450433108
611.0, 49.38845401174172
612.0, 51.518244450114814
613.0, 55.834495583449566
614.0, 59.83535528596185
615.0, 54.00645001240385
616.0, 49.89189189189186
617.0, 53.38427947598249
618.0, 55.42646642108249
619.0, 64.99356499356502
620.0, 65.74307304785893
621.0, 66.36999364272094
622.0, 66.83738796414852
623.0, 58.77020102483249
624.0, 71.40549273021007
625.0, 60.714285714285765
626.0, 72.6318774815656
627.0, 57.71269177126915
628.0, 52.43939858852408
629.0, 48.28687572590008
630.0, 43.00474727729688
631.0, 40.01119194180191
632.0, 37.45416448402299
633.0, 40.920336467095495
634.0, 36.59054699946888
635.0, 37.30307076101472
636.0, 47.3577235772358
637.0, 47.3577235772358
638.0, 46.16783580150686
639.0, 51.822688830562846
640.0, 26.35243706480985
641.0, 29.505247376311885
642.0, 36.55531215772181
643.0, 37.92613636363635
644.0, 40.33232628398792
645.0, 48.76847290640389
646.0, 53.27354260089688
647.0, 56.4866369710468
648.0, 57.55024443237377
649.0, 48.70129870129868
650.0, 41.27906976744179
651.0, 39.113772455089745
652.0, 39.61995249406173
653.0, 41.64848484848486
654.0, 57.166230366492194
655.0, 64.41095047677632
656.0, 50.44862518089723
657.0, 46.31942598990167
658.0, 52.97206970637377
659.0, 48.48326359832637
660.0, 51.35876340064824
661.0, 52.157920549288804
662.0, 51.17617617617619
663.0, 66.53816499614489
664.0, 71.30811852565648
665.0, 77.62790697674417
666.0, 72.68269904272695
667.0, 66.42810670136618
668.0, 66.70967741935479
669.0, 61.61932453589798
670.0, 68.260654112983
671.0, 74.11891310196381
672.0, 71.94517351997655
673.0, 68.20131541321126
674.0, 67.77745580991004
675.0, 60.75550891920249
676.0, 55.30744336569571
677.0, 40.81990189208131
678.0, 39.28828181164627
679.0, 29.159869494290362
680.0, 22.626582278481095
681.0, 25.158339197748134
682.0, 26.145833333333314
683.0, 34.76523476523482
684.0, 38.35065370432449
685.0, 38.45378151260506
686.0, 35.02484031227813
687.0, 38.13029076186962
688.0, 31.77366702937978
689.0, 32.16098622189982
690.0, 49.419516786946986
691.0, 60.46088538508187
692.0, 49.73591549295773
693.0, 50.29673590504456
694.0, 67.39562624254482
695.0, 75.26846729580234
696.0, 77.54800590841967
697.0, 71.44168962350787
698.0, 71.81268882175237
699.0, 70.15938606847703
700.0, 65.54903604358762
701.0, 62.04754186925993
702.0, 67.98618490967057
703.0, 59.88249118683902
704.0, 48.78048780487809
705.0, 42.961448598130836
706.0, 50.874960229080486
707.0, 53.864661654135304
708.0, 53.24019024970279
709.0, 51.30030959752317
710.0, 41.479745564111084
711.0, 44.794952681388025
712.0, 50.14245014245016
713.0, 45.608983587676335
714.0, 42.39828693790148
715.0, 52.31213872832372
716.0, 45.71565342269022
717.0, 51.81768855127511
718.0, 58.926174496644315
719.0, 57.06378492356354
720.0, 57.55601875977079
721.0, 55.75774035850082
722.0, 55.81837955410546
723.0, 54.01810979060553
724.0, 58.677685950413235
725.0, 55.19125683060102
726.0, 49.099937926753576
727.0, 63.45431789737165
728.0, 65.44046466602126
729.0, 52.55474452554745
730.0, 52.72793848407178
731.0, 56.1301369863014
732.0, 54.814814814814724
733.0, 49.41176470588236
734.0, 43.84517766497454
735.0, 46.444780635400924
736.0, 47.25985221674881
737.0, 40.127602417730145
738.0, 32.67667292057534
739.0, 29.296327446033132
740.0, 28.437843784378444
741.0, 31.32752705199259
742.0, 31.236842105263122
743.0, 33.70411568409337
744.0, 30.37593984962406
745.0, 26.601890756302396
746.0, 22.452361226180557
747.0, 32.44156575612499
748.0, 32.71797784720245
749.0, 27.89687137891073
750.0, 34.17517463729166
751.0, 34.08360128617353
752.0, 38.38443396226414
753.0, 49.81973123566039
754.0, 53.819223424570275
755.0, 50.171703296703264
756.0, 48.345466578424855
757.0, 48.60059269015486
758.0, 55.84562996594774
759.0, 59.00178253119434
760.0, 65.25061124694372
761.0, 65.26122823098078
762.0, 69.54377311960545
763.0, 69.11764705882348
764.0, 68.4111563773112
765.0, 73.44018317115047
766.0, 72.99942429476104
767.0, 73.16933638443936
768.0, 70.41297935103236
769.0, 70.20202020202011
770.0, 82.27715877437329
771.0, 84.17288557213926
772.0, 93.95849750459686
773.0, 93.92659096910491
774.0, 93.10758166017389
775.0, 93.42293394338012
776.0, 93.44168805246656
777.0, 89.60896910035558
778.0, 89.29878907350052
779.0, 88.00505050505062
780.0, 82.53404381290711
781.0, 82.29291716686679
782.0, 84.05709079866402
783.0, 81.09103078982619
784.0, 79.62536970095303
785.0, 77.41347905282339
786.0, 60.89277049975739
787.0, 64.04995539696708
788.0, 61.34380453752172
789.0, 56.82261208576998
790.0, 46.27479006610697
791.0, 55.60311284046698
792.0, 47.87374787374781
793.0, 54.155585106383
794.0, 61.70655567117575
795.0, 43.77960608327106
796.0, 51.17537890504175
797.0, 47.8317432784042
798.0, 50.16234232681088
799.0, 46.524274021751374
800.0, 49.113370374748754
801.0, 35.88337495927901
802.0, 38.84377261397449
803.0, 31.89669044681645
804.0, 36.35087920270341
