0, 2211432
1, 2247910
2, 2207401
3, 2175101
4, 2150731
5, 2160493
6, 2203318
7, 2194451
8, 2249488
9, 2189210
10, 2222284
11, 2302251
12, 2450598
13, 2614839
14, 2503744
15, 2364396
16, 2364396
17, 2333494
18, 2114551
19, 2057326
20, 2018151
21, 2042850
22, 2006252
23, 1969345
24, 1951641
25, 1914051
26, 1999942
27, 1926968
28, 1866285
29, 1837460
30, 1940545
31, 1875577
32, 1849314
33, 1823765
34, 1833098
35, 1845475
36, 1828370
37, 1852714
38, 1888151
39, 2000856
40, 2023656
41, 2002492
42, 2034725
43, 2015998
44, 2033594
45, 2046901
46, 2068207
47, 2026167
48, 1876261
49, 1917262
50, 1942281
51, 1918786
52, 1874613
53, 1455141
54, 1514715
55, 1579628
56, 1507328
57, 1456527
58, 1368340
59, 1252310
60, 1116779
61, 1026220
62, 1057889
63, 1014771
64, 1153202
65, 1069132
66, 993426
67, 1073879
68, 942348
69, 1085595
70, 1165276
71, 1236271
72, 1131553
73, 1067156
74, 1015327
75, 948024
76, 891826
77, 922717
78, 859749
79, 927653
80, 967783
81, 952107
82, 937334
83, 995594
84, 1035854
85, 1068229
86, 1097478
87, 1148222
88, 1173693
89, 1194058
90, 1178426
91, 1208440
92, 1192574
93, 1182044
94, 1233672
95, 1210109
96, 1200506
97, 1239513
98, 1213115
99, 1192976
100, 1183109
101, 1231453
102, 1257194
103, 1185950
104, 1206291
105, 1220861
106, 1235597
107, 1196241
108, 1228979
109, 1206334
110, 1188819
111, 1173106
112, 1138696
113, 1108615
114, 1122389
115, 1130942
116, 1127272
117, 1140500
118, 1207527
119, 1289838
120, 1336820
121, 1301443
122, 1265295
123, 68001
124, 432049
125, 356798
126, 296935
127, 384835
128, 311579
129, 275997
130, 307341
131, 351138
132, 305048
133, 343122
134, 315789
135, 375969
136, 432161
137, 550640
138, 609572
139, 682561
140, 628541
141, 575395
142, 663126
143, 609028
144, 492462
145, 561128
146, 498358
147, 419012
148, 458576
149, 418235
150, 346781
151, 387945
152, 331472
153, 243755
154, 195886
155, 229669
156, 268498
157, 268498
158, 224547
159, 285152
160, 267017
161, 145707
162, 201003
163, 336669
164, 301924
165, 231733
166, 152860
167, 258439
168, 149501
169, 174699
170, 38946
171, 90063
172, 168343
173, 325930
174, 427262
175, 228734
176, 270106
177, 338947
178, 2343819
179, 2803009
180, 2998389
181, 2900081
182, 3015322
183, 3195747
184, 3033493
185, 2917191
186, 3008904
187, 2954707
188, 2899314
189, 2935507
190, 2862157
191, 2957274
192, 2851117
193, 2927375
194, 3019441
195, 2838866
196, 2933052
197, 2992032
198, 3035161
199, 2948344
200, 2948344
201, 3008801
202, 2962775
203, 3006517
204, 2922305
205, 2973980
206, 3127455
207, 3085430
208, 3131348
209, 3180307
210, 3139494
211, 3161554
212, 3184720
213, 3157881
214, 3786395
215, 3845960
216, 3797972
217, 3830716
218, 3796064
219, 3836453
220, 3795101
221, 3848013
222, 3906113
223, 3874013
224, 3949113
225, 4118313
226, 4083713
227, 4048713
228, 3998113
229, 4037713
230, 4085913
231, 4607113
232, 4607113
233, 4773013
234, 4927213
235, 5039213
236, 4955713
237, 4906313
238, 4811513
239, 4730413
240, 4730413
241, 4769513
242, 4699113
243, 4726413
244, 4675513
245, 4705413
246, 4650713
247, 4758998
248, 4707498
249, 4769797
250, 5121097
251, 4982997
252, 4935197
253, 5004272
254, 5139724
255, 5083124
256, 5281015
257, 5353490
258, 5305425
259, 5437525
260, 5384825
261, 5323825
262, 5443625
263, 5500225
264, 5359425
265, 5306725
266, 5384025
267, 5356425
268, 5390889
269, 5437342
270, 5401942
271, 5455942
272, 5532568
273, 5494368
274, 5534368
275, 5505918
276, 5577826
277, 5533526
278, 5492526
279, 5465626
280, 5432626
281, 5467179
282, 5548179
283, 5548179
284, 5323579
285, 5395279
286, 5717206
287, 5931106
288, 5790206
289, 5877206
290, 5756906
291, 5596511
292, 5844752
293, 5603182
294, 4786182
295, 5211582
296, 5789582
297, 5612182
298, 6065682
299, 5831182
300, 5572182
301, 5347801
302, 5620501
303, 5841601
304, 4727401
305, 4574301
306, 4678430
307, 4782930
308, 4712330
309, 4824930
310, 4925630
311, 4807530
312, 4846430
313, 4960830
314, 5082730
315, 4845508
316, 5159739
317, 5262039
318, 5410739
319, 5104939
320, 5302239
321, 5451839
322, 5352739
323, 5262039
324, 5186239
325, 5285339
326, 5118039
327, 5047239
328, 4885339
329, 4801131
330, 4715131
331, 4662031
332, 4596341
333, 4539941
334, 4634841
335, 4556271
336, 4296771
337, 4076971
338, 4076971
339, 3992371
340, 3903071
341, 3795971
342, 3685571
343, 3813371
344, 3652821
345, 3772021
346, 3850521
347, 3922421
348, 4029621
349, 3959821
350, 3902521
351, 3967221
352, 3885421
353, 3930121
354, 4019821
355, 3960821
356, 4120559
357, 4174759
358, 4144659
359, 4268359
360, 4180559
361, 4270759
362, 4582859
363, 4489759
364, 4257059
365, 4409159
366, 4301686
367, 4119886
368, 3944954
369, 3834554
370, 3975554
371, 4107854
372, 3983254
373, 3790642
374, 3645642
375, 3751242
376, 3695842
377, 3805142
378, 3680041
379, 3534741
380, 3426041
381, 3555941
382, 3425741
383, 3262041
384, 3140938
385, 2894438
386, 3229038
387, 3311438
388, 3389938
389, 3530338
390, 3602638
391, 3522638
392, 3522638
393, 3659337
394, 3800137
395, 3912275
396, 3809875
397, 3724775
398, 3582239
399, 3511439
400, 3583839
401, 3521039
402, 3592639
403, 3464839
404, 3568539
405, 3678839
406, 3776139
407, 3845839
408, 3784539
409, 3744539
410, 3778039
411, 3798739
412, 3700739
413, 3766042
414, 3829310
415, 3732137
416, 3797737
417, 3731837
418, 3902848
419, 3830648
420, 3684548
421, 3583948
422, 3678360
423, 3437060
424, 3579160
425, 3406960
426, 2745960
427, 2975960
428, 3087128
429, 10908628
430, 7625843
431, 6362421
432, 5903047
433, 5693122
434, 5500326
435, 5266026
436, 4969459
437, 4576548
438, 6009003
439, 6426215
440, 5961386
441, 6162162
442, 5881111
443, 6277699
444, 5854359
445, 5235059
446, 4898334
447, 4651599
448, 4947195
449, 4695274
450, 4413673
451, 3987046
452, 3516843
453, 4106616
454, 4106616
455, 3818376
456, 3392230
457, 3098280
458, 2747381
459, 2452415
460, 2146698
461, 2468253
462, 2288868
463, 2490706
464, 2879876
465, 3165472
466, 2968837
467, 3106649
468, 2972132
469, 3320030
470, 2352291
471, 2697490
472, 3014163
473, 2743460
474, 2998415
475, 3188625
476, 3522174
477, 3111664
478, 3434585
479, 3057997
480, 2812710
481, 2573837
482, 2783440
483, 3029252
484, 2730900
485, 2551603
486, 2034555
487, 2521826
488, 3048043
489, 3328701
490, 3048297
491, 3303602
492, 2841109
493, 3124325
494, 2836730
495, 3081096
496, 3411670
497, 3633269
498, 3855637
499, 4169775
500, 4424656
501, 4209489
502, 4072412
503, 3928142
504, 4182438
505, 4359914
506, 4134755
507, 4442412
508, 4175056
509, 3922519
510, 4077768
511, 4341809
512, 4225169
513, 3977869
514, 3573553
515, 2624700
516, 2992470
517, 3178097
518, 2942205
519, 2735321
520, 2514664
521, 2294496
522, 2502643
523, 2502643
524, 2196842
525, 1979351
526, 2168349
527, 2489560
528, 2278450
529, 2532163
530, 2364664
531, 2536284
532, 2671057
533, 2817581
534, 2932749
535, 2850007
536, 2973867
537, 3093040
538, 3227368
539, 3398192
540, 3255721
541, 3398290
542, 3285222
543, 3378064
544, 3280030
545, 3017345
546, 2829067
547, 3057002
548, 3173969
549, 3327176
550, 3603497
551, 3899989
552, 3587341
553, 3326732
554, 3097218
555, 2749326
556, 2375515
557, 2770861
558, 2526064
559, 2337045
560, 2568674
561, 2446829
562, 2655147
563, 2484857
564, 2695512
565, 2563370
566, 2866521
567, 2572543
568, 2350342
569, 2529989
570, 2404346
571, 2156884
572, 1879421
573, 2382420
574, 2223914
575, 1887494
576, 1624284
577, 1808590
578, 1654622
579, 2408928
580, 2254913
581, 2111129
582, 2178374
583, 2108758
584, 1772095
585, 1564257
586, 1564257
587, 1355618
588, 1605680
589, 1749231
590, 1949202
591, 1838766
592, 1701191
593, 1836358
594, 1622603
595, 1803850
596, 1898141
597, 1536428
598, 1288789
599, 1021050
600, 1021050
601, 877917
602, 1535380
603, 1935710
604, 1689387
605, 1824250
606, 1992532
607, 2346345
608, 2137440
609, 2289121
610, 2460741
611, 2672151
612, 2929982
613, 3141987
614, 3341184
615, 3593294
616, 3052208
617, 3292481
618, 3125160
619, 3273123
620, 3056662
621, 3202559
622, 2994748
623, 2847936
624, 3016874
625, 2906385
626, 3041719
627, 2919271
628, 2768439
629, 2905454
630, 2769055
631, 2627682
632, 2525418
633, 2377467
634, 2589615
635, 2683530
636, 2599187
637, 2690254
638, 2765969
639, 2655578
640, 2726322
641, 2645373
642, 2532967
643, 2378786
644, 2549310
645, 2653412
646, 2565790
647, 2336636
648, 2640421
649, 2774173
650, 2911379
651, 3167510
652, 3374217
653, 3563108
654, 3762171
655, 3616679
656, 3497186
657, 3575941
658, 3510312
659, 3387924
660, 3278152
661, 3394259
662, 3306191
663, 3222862
664, 3106457
665, 3008749
666, 2833569
667, 2952153
668, 3112250
669, 3227455
670, 3050881
671, 3184519
672, 3068721
673, 2947884
674, 3042898
675, 2952037
676, 3327235
677, 3526043
678, 3651352
679, 3774147
680, 3677157
681, 3783508
682, 3873620
683, 3744700
684, 3635726
685, 3729313
686, 3539223
687, 3330800
688, 3640226
689, 3766442
690, 4286930
691, 3876579
692, 3617588
693, 3381068
694, 3505146
695, 3646842
696, 3497233
697, 3628462
698, 3516497
699, 3444344
700, 3364684
701, 3193678
702, 3295818
703, 3206244
704, 3272930
705, 2940970
706, 3074129
707, 3218164
708, 3323583
709, 3432411
710, 3281368
711, 3194597
712, 3274681
713, 3324756
714, 3262055
715, 3177514
716, 3264192
717, 3367825
718, 3252627
719, 3324586
720, 3265920
721, 3199069
722, 3249751
723, 3197797
724, 3381707
725, 3666701
726, 3435142
727, 3229142
728, 3361676
729, 3278083
730, 3138646
731, 3033455
732, 3137206
733, 3026908
734, 3158165
735, 3085813
736, 3179241
737, 3022001
738, 2838085
739, 2966182
740, 2788845
741, 2918721
742, 2777768
743, 2777768
744, 2854751
745, 2778730
746, 2946380
747, 2843316
748, 2983546
749, 2794807
750, 2673818
751, 2823664
752, 2746434
753, 2822478
754, 2666576
755, 2463048
756, 2410969
757, 2461686
758, 2377180
759, 2170068
760, 2069508
761, 1924103
762, 1788619
763, 1905052
764, 2012918
765, 2133798
766, 2093040
767, 1994281
768, 2129615
769, 2065007
770, 2241601
771, 2487964
772, 2247740
773, 2093412
774, 2093412
775, 2288624
776, 2100726
777, 1941522
778, 1865038
779, 1675642
780, 1476343
781, 1574710
782, 1574710
783, 1787772
784, 1679773
785, 1837752
786, 1767212
787, 1852351
788, 1776434
789, 1695127
790, 1839709
791, 1953818
792, 2143663
793, 1979309
794, 2316672
795, 2189715
796, 2451297
797, 2220632
798, 1983600
799, 1843618
800, 1714839
801, 1880608
802, 1219114
803, 872420
804, 575182
805, 312289
806, 849843
807, 684806
808, 445560
809, 615462
810, 753498
811, 598663
812, 763368
813, 607138
814, 731907
815, 907054
816, 745153
817, 645591
818, 550103
819, 647249
820, 767946
821, 707145
822, 766695
823, 897821
824, 1006682
825, 1121509
826, 1304589
827, 1170634
828, 1058511
829, 885532
830, 1013770
831, 913899
832, 781133
833, 781133
834, 680963
835, 814934
836, 506047
837, 249171
838, -193029
839, -700335
840, -370788
841, -803546
842, -1736422
843, -2491100
844, -1708430
845, -1113366
846, -448399
847, -1070318
848, -325931
849, -2132828
850, 11821857
851, 14497207
852, 17486509
853, 15534120
854, 16469228
855, 17564255
856, 19150748
857, 18168406
858, 17360182
859, 18602133
860, 17565420
861, 17046743
862, 16542313
863, 17336530
864, 18511776
865, 17544399
866, 19644020
867, 20816373
868, 20343379
869, 20954148
870, 20441941
871, 19909462
872, 19214441
873, 19583171
874, 20165015
875, 21108217
876, 21684916
877, 22352902
878, 23651101
879, 23076954
880, 22554094
881, 21700161
882, 20773409
883, 19981749
884, 19140634
885, 18378383
886, 18967584
887, 19550018
888, 20067202
889, 19667173
890, 18727206
891, 18099022
892, 19930175
893, 19272130
894, 19826832
895, 25046853
896, 26788239
897, 31189993
898, 29909365
899, 32285676
900, 30995559
901, 30075492
902, 30875907
903, 31792666
904, 32277559
