15.0, 55.6329617834395
16.0, 52.741057542768274
17.0, 53.87212073073868
18.0, 51.73124484748559
19.0, 52.6095158247747
20.0, 53.96049684381999
21.0, 49.71085409252669
22.0, 46.8248429867411
23.0, 51.413390010627
24.0, 39.89949748743717
25.0, 42.430806257521056
26.0, 42.801650886137416
27.0, 54.030033711308576
28.0, 79.63539350822577
29.0, 46.13880742913004
30.0, 52.780692549842584
31.0, 57.87382016890211
32.0, 58.13373253493012
33.0, 45.79402515723271
34.0, 35.16566265060246
35.0, 32.64049268668214
36.0, 44.12050534499516
37.0, 43.9389015274618
38.0, 42.85261489698893
39.0, 43.35532516493874
40.0, 46.20462046204623
41.0, 47.69544924154029
42.0, 46.08546028104386
43.0, 54.327248140635575
44.0, 53.49397590361445
45.0, 50.8011653313911
46.0, 56.19078732440376
47.0, 66.87402799377921
48.0, 74.78260869565226
49.0, 76.15550755939529
50.0, 64.91683991683996
51.0, 60.82414393499717
52.0, 66.87938736439051
53.0, 58.19559228650137
54.0, 48.998569384835456
55.0, 40.858725761772796
56.0, 34.50292397660816
57.0, 30.857740585773996
58.0, 47.72637406089367
59.0, 48.41982052282482
60.0, 36.508569151056236
61.0, 49.37478877999326
62.0, 47.54311747478035
63.0, 38.77495214656823
64.0, 49.26876048909135
65.0, 46.64649520927887
66.0, 48.82352941176473
67.0, 50.775289195175986
68.0, 49.47242206235014
69.0, 51.20377264829985
70.0, 52.96534017971758
71.0, 59.437751004016064
72.0, 47.49702026221691
73.0, 51.366271046094404
74.0, 54.63887257780385
75.0, 43.72093023255814
76.0, 46.4525238263325
77.0, 56.02383993188594
78.0, 29.573170731707307
79.0, 37.325581395348806
80.0, 29.227483090067636
81.0, 56.555944055944074
82.0, 55.715823466092566
83.0, 50.78492935635791
84.0, 50.93485534343633
85.0, 51.545189504373184
86.0, 57.65460030165912
87.0, 55.73512022073316
88.0, 61.67162091274698
89.0, 64.32687270822419
90.0, 67.11376858435682
91.0, 70.71207430340556
92.0, 76.70864819479428
93.0, 75.7305336832896
94.0, 81.27534095097676
95.0, 69.91030171242187
96.0, 74.37825332562176
97.0, 79.70251007127364
98.0, 79.92541951522682
99.0, 78.94393741851367
100.0, 79.59570435881238
101.0, 81.31327740815735
102.0, 63.71040723981904
103.0, 65.47072330654424
104.0, 54.38175270108045
105.0, 55.89088798607084
106.0, 62.50325266718712
107.0, 64.49864498644988
108.0, 61.03489771359809
109.0, 60.786193672099685
110.0, 56.168327796234756
111.0, 55.71177504393672
112.0, 54.56110154905338
113.0, 51.47212361662142
114.0, 48.731524376792386
115.0, 47.2896348378317
116.0, 47.678938943517004
117.0, 38.3475038151297
118.0, 48.82820460566536
119.0, 51.1953352769679
120.0, 50.188454671692114
121.0, 51.51573662869281
122.0, 53.34933013397321
123.0, 54.610363117095076
124.0, 59.836788707543
125.0, 63.151769087523306
126.0, 69.8130841121495
127.0, 68.28153564899455
128.0, 55.34235507978187
129.0, 50.08006405124102
130.0, 48.620287602020994
131.0, 56.65430572723528
132.0, 44.84295415959252
133.0, 34.992496248124084
134.0, 37.176698090403676
135.0, 32.73809523809524
136.0, 29.087146470452964
137.0, 28.940092165898605
138.0, 28.611111111111157
139.0, 46.78819444444444
140.0, 45.96262341325813
141.0, 48.849721706864585
142.0, 40.88509316770188
143.0, 39.00740740740742
144.0, 39.327856609410034
145.0, 32.06938281565151
146.0, 41.9416486176583
147.0, 43.67119901112484
148.0, 43.299738708473335
149.0, 40.9318821083527
150.0, 43.371776597123244
151.0, 46.53780278933204
152.0, 47.068798449612395
153.0, 32.00580245285508
154.0, 29.50862863917797
155.0, 32.197161682716654
156.0, 41.25000000000001
157.0, 47.890477010504554
158.0, 55.386893743058145
159.0, 64.3440860215054
160.0, 50.33800096571707
161.0, 44.12416851441243
162.0, 36.56061437191442
163.0, 39.1138497652582
164.0, 36.28198149156232
165.0, 25.810253388332328
166.0, 26.331187829139836
167.0, 32.67973856209147
168.0, 34.6954510408635
169.0, 23.875000000000014
170.0, 19.609856262833688
171.0, 10.039192041000959
172.0, 22.97367062467734
173.0, 58.58844819785853
174.0, 60.19522776572667
175.0, 63.77323705638347
176.0, 62.92254054873425
177.0, 66.86821492373227
178.0, 69.85210466439133
179.0, 71.65572574762945
180.0, 68.02044873615448
181.0, 70.13041649137564
182.0, 70.80546265328871
183.0, 70.96368715083796
184.0, 72.5028538812785
185.0, 77.57251908396942
186.0, 66.1097486204782
187.0, 36.268574573472776
188.0, 38.41445642669781
189.0, 30.91389950044079
190.0, 30.221200804366603
191.0, 11.95459382759853
192.0, 9.00092793071451
193.0, 8.834244080145737
194.0, 25.744211686879808
195.0, 22.003474232773655
196.0, 18.59447634673232
197.0, 27.814235234729964
198.0, 45.599814729041235
199.0, 51.27860026917898
200.0, 61.80555555555556
201.0, 69.32870370370371
202.0, 67.65303817483618
203.0, 67.25802829553112
204.0, 72.21479500891263
205.0, 64.35663224781574
206.0, 71.2841471284147
207.0, 63.85356454720616
208.0, 59.77701543739281
209.0, 54.74626865671642
210.0, 57.89141414141414
211.0, 56.118421052631575
212.0, 43.41801385681291
213.0, 38.23692992213577
214.0, 38.933186692328846
215.0, 24.864682002706346
216.0, 26.465426465426418
217.0, 48.495077355836855
218.0, 47.640835001429814
219.0, 59.93485342019543
220.0, 62.704669496664614
221.0, 79.163901791639
222.0, 71.39710509754563
223.0, 81.94984104556694
224.0, 83.04568527918786
225.0, 78.28229496656112
226.0, 86.46788990825695
227.0, 88.6148551763694
228.0, 81.80341186027626
229.0, 83.22097378277158
230.0, 76.65972704140647
231.0, 58.776328986960905
232.0, 60.164768597043874
233.0, 55.53150553150555
234.0, 48.10733109726883
235.0, 46.85966633954857
236.0, 57.716464782413645
237.0, 51.187335092348306
238.0, 47.779111644657846
239.0, 49.112426035502956
240.0, 37.841945288753806
241.0, 28.977059044753645
242.0, 27.926785067053245
243.0, 34.00265516096914
244.0, 38.23180044120141
245.0, 47.02045133991536
246.0, 47.51091703056768
247.0, 55.54144172753256
248.0, 55.92326139088729
249.0, 60.899163239256836
250.0, 68.97715764599977
251.0, 76.71004685059864
252.0, 78.64200126129914
253.0, 77.73958333333333
254.0, 84.85118715862221
255.0, 90.20080321285141
256.0, 96.13383658063857
257.0, 96.08834761069252
258.0, 96.03016654446422
259.0, 86.31433642279627
260.0, 79.39698492462311
261.0, 79.88521706933258
262.0, 83.94487656408522
263.0, 83.49986966721696
264.0, 80.7520778430975
265.0, 79.52339874919129
266.0, 71.47357023329067
267.0, 73.02491790612325
268.0, 70.73869058980722
269.0, 70.83333333333334
270.0, 67.28553137003843
271.0, 65.97491954278105
272.0, 66.65941713788604
273.0, 72.90675547098003
274.0, 80.7702215352911
275.0, 78.13735539610487
276.0, 70.28203342618386
277.0, 56.00268276324616
278.0, 44.6842957366433
279.0, 33.01005747126436
280.0, 34.22081549059763
281.0, 26.906927921623478
282.0, 26.01488497970226
283.0, 24.999999999999986
284.0, 18.164268164268123
285.0, 16.448665113778844
286.0, 12.118475708867564
287.0, 12.435137138621144
288.0, 9.822090437360913
289.0, 7.362487188247329
290.0, 7.513947001394669
291.0, 13.994511956095579
292.0, 20.028437944342855
293.0, 23.102155576382344
294.0, 29.183323814962804
295.0, 32.81952472703912
296.0, 42.85211267605633
297.0, 35.591435591435584
298.0, 39.09020817270618
299.0, 30.7873090481786
300.0, 31.116389548693547
301.0, 31.439999999999955
302.0, 39.68558282208586
303.0, 59.65051628276412
304.0, 60.29706945002003
305.0, 44.93180980464434
306.0, 26.850014176353838
307.0, 20.645301940265952
308.0, 21.53481353740034
309.0, 20.559785964190183
310.0, 23.609736790025735
311.0, 30.59360730593606
312.0, 27.203518863136523
313.0, 26.22736910781275
314.0, 27.562072987835393
315.0, 31.846324813462473
316.0, 29.14672388182869
317.0, 20.85741811175336
318.0, 38.68281604844814
319.0, 46.007934540044644
320.0, 45.95665634674922
321.0, 44.7863866763215
322.0, 43.39441849323271
323.0, 46.0786802030457
324.0, 42.77609183269562
325.0, 39.21487030101265
326.0, 40.35688793718774
327.0, 35.284573140289595
328.0, 34.49516249069711
329.0, 43.85498617903465
330.0, 39.62645614710697
331.0, 39.72589518386258
332.0, 27.03107019562718
333.0, 20.85934630921777
334.0, 23.24693042291952
335.0, 27.47500806191553
336.0, 26.10694040140953
337.0, 31.4037832456265
338.0, 34.725668596636325
339.0, 39.17779795097914
340.0, 39.90752972258918
341.0, 46.22093023255814
342.0, 41.651730318488895
343.0, 36.80752575780202
344.0, 38.122486854314886
345.0, 43.69915324589076
346.0, 48.76380034209296
347.0, 47.96573875803
348.0, 49.85691573926871
349.0, 44.37526531767369
350.0, 57.12867601439385
351.0, 53.651501245574934
352.0, 58.40687139663491
353.0, 55.615106568615225
354.0, 58.10652428701655
355.0, 68.49178143047533
356.0, 69.3778827764653
357.0, 63.216800804828985
358.0, 71.2655876890422
359.0, 71.26939912455235
360.0, 68.25063078216992
361.0, 67.4376731301939
362.0, 68.70575664485108
363.0, 79.0581309786608
364.0, 75.25647713441143
365.0, 76.35979581059672
366.0, 66.8573850392032
367.0, 66.95670628183362
368.0, 69.99421853921758
369.0, 57.78199566160523
370.0, 62.58443465491922
371.0, 65.46850998463904
372.0, 61.49366221308667
373.0, 62.70736562707365
374.0, 68.90169902912622
375.0, 77.45222929936308
376.0, 73.4422880490296
377.0, 55.319759105248046
378.0, 59.437646446237935
379.0, 47.76213490229042
380.0, 44.61236506378803
381.0, 49.613517886032724
382.0, 45.82528024739078
383.0, 59.7616996841803
384.0, 57.78734036646308
385.0, 57.64331210191082
386.0, 53.40017997171876
387.0, 52.05660626901203
388.0, 48.91304347826086
389.0, 50.16107382550334
390.0, 56.711449292593045
391.0, 64.15873810716074
392.0, 62.7553011577989
393.0, 66.88851913477538
394.0, 69.12165066628457
395.0, 70.70418705818379
396.0, 74.7184420459878
397.0, 71.69315644292658
398.0, 69.59959194083143
399.0, 62.88018433179724
400.0, 69.94795202534509
401.0, 69.82503976369006
402.0, 67.05214924721798
403.0, 66.77667766776678
404.0, 63.157252653409785
405.0, 62.949331370384
406.0, 64.95706660478069
407.0, 74.3607670795046
408.0, 75.74524366670059
409.0, 75.85822784810127
410.0, 73.93965894184521
411.0, 70.94100438810337
412.0, 83.1141090500281
413.0, 92.85025319508078
414.0, 87.17980757216044
415.0, 87.33489692630539
416.0, 92.66453674121404
417.0, 92.56284011401917
418.0, 90.21123132405975
419.0, 90.72831523728192
420.0, 89.69631236442514
421.0, 79.06167108753313
422.0, 78.60557112246586
423.0, 63.59591298615688
424.0, 54.95049504950497
425.0, 54.560585885486006
426.0, 30.070546737213405
427.0, 27.711941659070206
428.0, 29.92125984251969
429.0, 29.78303747534521
430.0, 30.031446540880495
431.0, 32.16463414634141
432.0, 30.37610221342446
433.0, 21.806790622473727
434.0, 20.652173913043498
435.0, 32.21908981071286
436.0, 31.758634378721695
437.0, 32.92858612883312
438.0, 33.585222502099086
439.0, 31.148216862502593
440.0, 53.49094122845778
441.0, 53.77689942907331
442.0, 55.75202386024711
443.0, 40.4949381327334
444.0, 34.26130505229047
445.0, 60.28652785193095
446.0, 61.60210947444989
447.0, 58.33479711926926
448.0, 63.669780977178725
449.0, 59.1692850026822
450.0, 58.34655784780473
451.0, 58.41718998259816
452.0, 61.40377588306943
453.0, 60.82497549204434
454.0, 56.4486865977755
455.0, 53.909496690780365
456.0, 52.439024390243915
457.0, 57.12256663046201
458.0, 56.668048072938255
459.0, 39.658356417359194
460.0, 41.28689492325858
461.0, 41.556743909685096
462.0, 26.434212486961755
463.0, 27.753441802252837
464.0, 33.78677633660239
465.0, 36.117686844775164
466.0, 30.794360385144415
467.0, 48.66280672732284
468.0, 48.77037855761257
469.0, 44.7912701433828
470.0, 47.17968351199592
471.0, 50.671600877193
472.0, 62.49658189773038
473.0, 56.08389369196284
474.0, 63.81266490765172
475.0, 62.55819968960166
476.0, 59.57630250030792
477.0, 58.68009219944193
478.0, 57.87260358688927
479.0, 58.30529595015575
480.0, 59.818460751725915
481.0, 48.62700228832953
482.0, 47.06533776301222
483.0, 60.75504828797193
484.0, 57.569930069930074
485.0, 51.99747355123955
486.0, 52.28378590488147
487.0, 53.70088333841002
488.0, 43.72454646427251
489.0, 60.11855754981066
490.0, 71.9063545150502
491.0, 78.31534053045455
492.0, 82.10514738231419
493.0, 82.27708585914256
494.0, 78.88618831237454
495.0, 79.95585874799362
496.0, 84.67966573816159
497.0, 84.14477898782835
498.0, 86.48055207026353
499.0, 93.52539062500003
500.0, 92.91288081239982
501.0, 94.08985558923162
502.0, 94.7869161817896
503.0, 94.25725422260722
504.0, 81.54689403166873
505.0, 80.8227848101266
506.0, 74.1440132807637
507.0, 68.44172014174889
508.0, 59.09203671545522
509.0, 64.57572502685285
510.0, 63.961535659648874
511.0, 75.56554381112319
512.0, 70.68556798786271
513.0, 69.77414939382089
514.0, 62.91291291291291
515.0, 61.042816718467336
516.0, 59.92747053490481
517.0, 60.07606370335157
518.0, 66.79584708865605
519.0, 65.75177850413382
520.0, 67.13222054601195
521.0, 70.9557890462413
522.0, 78.41476412183764
523.0, 73.97672038884625
524.0, 72.18547179231152
525.0, 50.553085909231875
526.0, 62.64349657714582
527.0, 57.294832826747665
528.0, 77.50294464075378
529.0, 63.12432138979364
530.0, 48.55172413793103
531.0, 49.02978955998905
532.0, 33.34806304315808
533.0, 31.576011157601187
534.0, 28.29666710578323
535.0, 25.1343742001536
536.0, 22.86113374461651
537.0, 22.834554121613806
538.0, 31.637676403019384
539.0, 31.093430813891004
540.0, 29.315098709606275
541.0, 34.60034752389227
542.0, 36.139978791092226
543.0, 35.4077922077922
544.0, 42.9135585783238
545.0, 38.64069447385134
546.0, 39.259976336452596
547.0, 34.31096070689976
548.0, 31.916754109828588
549.0, 34.92371461328155
550.0, 36.75856307435251
551.0, 46.33509987770076
552.0, 39.135802469135776
553.0, 39.42132316365443
554.0, 34.49153285952441
555.0, 30.517442381849136
556.0, 29.6723245892711
557.0, 29.38691118302765
558.0, 25.8677144728225
559.0, 27.02834799608989
560.0, 42.817610062893074
561.0, 53.40100559719191
562.0, 66.78120356612183
563.0, 61.48690912340276
564.0, 57.02328664954007
565.0, 35.22021167634004
566.0, 37.367318939995684
567.0, 42.37972568404929
568.0, 45.65479378682378
569.0, 48.99088541666666
570.0, 49.232164841573244
571.0, 52.800555941626115
572.0, 51.75044271897563
573.0, 55.00679655641144
574.0, 42.14813800657175
575.0, 42.3454768726975
576.0, 33.436510221710336
577.0, 34.06674000733406
578.0, 39.129402453502166
579.0, 56.06713540485371
580.0, 60.10298661174048
581.0, 57.63342082239722
582.0, 48.21504462388441
583.0, 39.066163727189334
584.0, 30.749695245835028
585.0, 28.621406959152807
586.0, 26.49221074741817
587.0, 17.922143579373113
588.0, 20.22439859275461
589.0, 18.02638006839277
590.0, 18.71956168831167
591.0, 29.335083935102688
592.0, 25.592545684819967
593.0, 22.706477245364795
594.0, 15.497618855436286
595.0, 11.419036564132313
596.0, 11.972313075226268
597.0, 14.446805033502173
598.0, 18.555480378890394
599.0, 19.243925971406014
600.0, 19.97450837581937
601.0, 20.93311706898197
602.0, 19.589285714285708
603.0, 18.762403030849725
604.0, 18.200910045502297
605.0, 9.968217278243287
606.0, 10.329341317365262
607.0, 12.162162162162161
608.0, 10.997768568696202
609.0, 12.037683182135396
610.0, 11.285574092247302
611.0, 8.025574959442693
612.0, 3.9811972371450395
613.0, 11.5823970037453
614.0, 10.11033919084592
615.0, 9.058289396602206
616.0, 12.618201074211342
617.0, 21.862950686599447
618.0, 22.450680744651265
619.0, 19.810758949248964
620.0, 19.80158730158729
621.0, 20.10745466756211
622.0, 20.658248809770214
623.0, 21.10977931326235
624.0, 37.675521244909106
625.0, 47.06309358175549
626.0, 45.93493534864498
627.0, 48.763428827215755
628.0, 52.53164556962026
629.0, 56.91614420062696
630.0, 56.72395696667542
631.0, 51.61716171617162
632.0, 59.01369502238611
633.0, 59.961198822584954
634.0, 68.37008843613567
635.0, 70.66695100495815
636.0, 72.65800581044785
637.0, 74.94628519733122
638.0, 60.44260027662518
639.0, 51.70014040656859
640.0, 54.93589338722921
641.0, 44.38263316068803
642.0, 50.6499385630214
643.0, 51.812648848901816
644.0, 48.957787100157326
645.0, 55.13625626548366
646.0, 52.65973615417351
647.0, 50.93196918915741
648.0, 36.938413218626245
649.0, 32.014652014652
650.0, 34.665635871666026
651.0, 33.06297006341248
652.0, 34.64420922506373
653.0, 41.56003937007874
654.0, 43.45238095238094
655.0, 50.43664230974871
656.0, 44.96935407826498
657.0, 45.76336244122446
658.0, 51.57983825465487
659.0, 35.949590979438454
660.0, 28.389568656531935
661.0, 34.1921397379913
662.0, 36.84127979924719
663.0, 32.71587743732593
664.0, 28.69431249197588
665.0, 32.13389121338912
666.0, 32.0133388912047
667.0, 24.36641653688234
668.0, 15.969357690041292
669.0, 19.63933502395038
670.0, 18.594104308390015
671.0, 19.227586206896532
672.0, 9.649871904355223
673.0, 10.393990495170897
674.0, 10.613243615231667
675.0, 9.597847211840289
676.0, 19.0660363844721
677.0, 18.25538334933475
678.0, 19.43065693430654
679.0, 17.757140847052185
680.0, 28.080469404861674
681.0, 26.847251162045183
682.0, 22.863772863772837
683.0, 15.190525231719889
684.0, 18.357487922705303
685.0, 33.02451037879676
686.0, 32.047342665301
687.0, 31.604938271604937
688.0, 34.90011750881317
689.0, 31.00502989465693
690.0, 25.406524095791852
691.0, 27.595803896381923
692.0, 38.054281345565755
693.0, 38.149070703199854
694.0, 34.955925563173366
695.0, 41.07925129430507
696.0, 37.97410103724702
697.0, 46.01808607632622
698.0, 44.76833183990443
699.0, 35.405792761187655
700.0, 39.42556652842382
701.0, 43.145489947473294
702.0, 49.82516783887468
703.0, 61.16309305596998
704.0, 57.17231486462254
705.0, 54.53223875491705
706.0, 44.88074040332933
707.0, 46.57046237611128
708.0, 43.807894684192625
709.0, 39.358087235882856
710.0, 51.59370276741169
711.0, 44.906106757356206
712.0, 46.40842980112793
713.0, 52.17927631578947
714.0, 45.22916025838203
715.0, 39.54781984568455
716.0, 23.96419590468207
717.0, 13.363765150322678
718.0, 14.04791845919651
719.0, 13.16238256178103
720.0, 13.002925275297514
721.0, 12.530027717893418
722.0, 12.446653919694057
723.0, 11.866532499161451
724.0, 13.321476721838152
725.0, 12.930530419044942
726.0, 14.486511615187936
727.0, 12.261159900115018
728.0, 14.54386899859503
729.0, 15.451129754490708
730.0, 14.630104941681012
731.0, 26.871726559898278
732.0, 38.35824192004712
733.0, 45.31475586633965
734.0, 48.28014381556025
735.0, 46.667625278596596
736.0, 58.676937891189205
737.0, 66.35200381059605
738.0, 70.8653593791009
739.0, 73.5385094255199
740.0, 69.48695923785725
741.0, 59.21596661385679
742.0, 53.33625910646888
743.0, 61.08019429343456
744.0, 64.5652691352987
745.0, 61.311998811998805
746.0, 48.69649115898082
747.0, 52.19951851336025
748.0, 51.56243858338902
749.0, 54.87605261600963
750.0, 49.1610455311973
751.0, 53.011085783310925
752.0, 38.96215716745769
753.0, 40.34516025297461
754.0, 41.84696804607414
755.0, 48.45795208058042
756.0, 52.00406699844812
757.0, 35.0851725670271
758.0, 34.016946718368516
759.0, 31.58615760319256
760.0, 35.936705858435275
761.0, 36.873560148242134
762.0, 32.810457516339866
763.0, 29.319274306093973
764.0, 30.233450591621377
765.0, 33.24153125860644
766.0, 32.97413793103448
767.0, 31.00441791743468
768.0, 30.845582884587387
769.0, 28.82560221824272
770.0, 34.21827136764972
771.0, 41.66829331771748
772.0, 49.73651720919028
773.0, 53.79249252574466
774.0, 54.45577850016814
775.0, 48.8888267687921
776.0, 58.24424684450661
777.0, 51.294911277313396
778.0, 52.683689421573725
779.0, 44.277385701135316
780.0, 54.18364407128453
781.0, 57.751359887699586
782.0, 60.981779206859606
783.0, 65.16449041885706
784.0, 62.697093571717346
785.0, 59.660388127853864
786.0, 58.440731121673934
787.0, 38.01662637816169
788.0, 39.46385947732421
789.0, 51.636923076923075
790.0, 64.27801143103633
791.0, 83.45028833460707
792.0, 89.85821944054155
793.0, 89.07218257190475
794.0, 77.23704866562008
795.0, 82.31604622800393
796.0, 84.18181818181816
797.0, 79.55974042499045
798.0, 78.84343790981538
799.0, 80.94619364718439
800.0, 79.51864322234692
801.0, 86.79656454300729
802.0, 87.40935104646599
803.0, 85.25864436136283
804.0, 84.26168139996392
805.0, 83.89412797371206
806.0, 76.7846162446196
807.0, 67.90083788526658
808.0, 75.39814718434477
809.0, 64.60520725860292
810.0, 56.48164320396828
811.0, 62.456265619421636
812.0, 44.20132396786094
813.0, 36.09535210534534
814.0, 32.84400171583813
815.0, 21.438528017842216
816.0, 16.350575494544344
817.0, 15.60171361807086
818.0, 14.421861836562783
819.0, 14.687953555878096
820.0, 19.407035955230455
821.0, 19.99946724914095
822.0, 18.660455542615736
823.0, 20.655335652769097
824.0, 22.730131503716436
825.0, 25.36930170914212
826.0, 33.441310282074625
827.0, 30.86328518642931
828.0, 38.46432977719721
829.0, 29.12361691214187
830.0, 32.38386849844893
831.0, 45.20218663978599
832.0, 46.490497463466355
833.0, 43.126989741775745
834.0, 35.917022916812684
835.0, 45.73002754820937
836.0, 41.89020357169105
837.0, 37.5441816204459
838.0, 31.12094395280235
839.0, 31.6660196494162
840.0, 32.43805445090241
841.0, 35.92992918374955
842.0, 31.714049130554784
843.0, 33.77176868248952
844.0, 33.99003954885015
845.0, 20.8661997788426
846.0, 25.697376617982968
847.0, 35.571687840290366
848.0, 38.75782548721395
849.0, 33.00784139665633
850.0, 30.062321037561063
851.0, 32.27019599334635
852.0, 37.97446808510639
853.0, 40.86335605322947
854.0, 47.51062537947784
855.0, 44.13067998710925
856.0, 46.1541651117469
857.0, 47.765292328489366
858.0, 50.181305398871885
859.0, 50.35171410090555
860.0, 46.9480323124109
861.0, 37.44890838400959
862.0, 44.08750668330065
863.0, 45.71072204000553
864.0, 52.089913666034946
865.0, 56.88987271721083
866.0, 54.235011990407685
867.0, 51.129321382842505
868.0, 61.83657961044674
869.0, 53.51493544702503
870.0, 57.06109921028231
871.0, 59.246222006433214
872.0, 57.65410688948447
873.0, 61.06398610740049
874.0, 59.63374710135042
875.0, 61.013008020489316
876.0, 53.338594564919035
877.0, 50.57751748820562
878.0, 50.42984590429846
879.0, 38.93220198903552
880.0, 38.83591195141389
881.0, 34.2053919829727
882.0, 17.82171444208801
883.0, 23.692587539790836
884.0, 18.09839906286612
885.0, 9.815334144663794
886.0, 9.263433813892576
887.0, 14.8244473342003
888.0, 14.616165393450544
889.0, 11.532806969779486
890.0, 11.700364600596615
891.0, 11.422099983821397
892.0, 11.05312597849911
893.0, 35.37570783228351
894.0, 35.18764635149675
895.0, 31.945579820156468
896.0, 33.68220156375054
897.0, 28.822041934464224
898.0, 24.612208458877348
899.0, 37.23585710224581
900.0, 32.009612251547736
901.0, 29.99370937303418
902.0, 29.447852760736197
903.0, 32.26130249739019
904.0, 34.20458899152867
905.0, 42.423332618485944
906.0, 39.01929070180283
907.0, 29.43807915278221
908.0, 29.920200426834924
909.0, 33.77031733746129
910.0, 32.38241024213748
911.0, 33.91469102215312
912.0, 31.862163395709715
913.0, 18.42887694955921
914.0, 27.032483024408123
915.0, 28.970404335139634
916.0, 30.94717099093465
917.0, 23.97005952731773
918.0, 24.89825233421115
919.0, 16.97214318798386
920.0, 22.323759791122725
921.0, 20.880820579615758
922.0, 28.15119007710358
923.0, 20.123861047836
924.0, 21.334238925364133
925.0, 23.704511152104644
926.0, 31.242812914639543
927.0, 46.314029487764095
928.0, 44.82974070602936
929.0, 51.218838478005665
930.0, 50.61788056610286
931.0, 64.50964630225081
932.0, 59.33922349427577
933.0, 49.063789273246584
934.0, 47.7332372767972
935.0, 47.72832518651916
936.0, 41.74212598425196
937.0, 45.71274589059553
938.0, 45.28563801388148
939.0, 44.651505580122134
940.0, 40.75355028035424
941.0, 26.94951165314454
942.0, 24.54531159914042
943.0, 13.270963270963279
944.0, 18.353841946951064
945.0, 17.143967143967146
946.0, 18.2188145089944
947.0, 25.14940931202223
948.0, 26.620080912100036
949.0, 25.778189329724327
950.0, 34.00030202355782
951.0, 40.658510798972955
952.0, 41.77205368919233
953.0, 45.77717521333439
954.0, 49.61838463473956
955.0, 62.623054938075576
956.0, 66.04028239202657
957.0, 72.97490308100387
958.0, 69.01823123089117
959.0, 54.7708894878706
960.0, 51.6916815059781
961.0, 44.950394301704385
962.0, 43.00839722526468
963.0, 56.680926019124286
964.0, 55.67143041071198
965.0, 39.798867182984615
966.0, 45.06411054400596
967.0, 40.64757160647571
968.0, 38.896586471847826
969.0, 40.71193144363874
970.0, 38.523581681476415
971.0, 44.55677475033903
972.0, 54.12462290648079
973.0, 63.271634848337996
974.0, 62.72456528004611
975.0, 69.37282867068933
976.0, 73.61690549610012
977.0, 74.63818657367042
978.0, 76.28983617246718
979.0, 80.9478509037447
980.0, 63.04407524371824
981.0, 61.54000804181745
982.0, 58.75615842344359
983.0, 56.51772525849334
984.0, 51.251706873008644
985.0, 48.68231911835169
986.0, 42.535614388863586
987.0, 36.42652505066032
988.0, 43.79102478231748
989.0, 40.257706271801794
990.0, 41.37617883339155
991.0, 34.69560532594474
992.0, 24.64944649446494
993.0, 26.993534482758605
994.0, 41.66175604007071
995.0, 48.93437688139674
996.0, 57.59252428378211
997.0, 65.20349194639121
998.0, 74.04356325048867
999.0, 72.70190895741555
1000.0, 73.6646332391013
1001.0, 76.99358386801097
1002.0, 69.96233521657248
1003.0, 62.44926769013584
1004.0, 52.498564043653055
1005.0, 56.44720043771656
1006.0, 61.37219908784452
1007.0, 66.12173913043478
1008.0, 58.72958909025657
1009.0, 56.66101375541736
1010.0, 41.52748782185104
1011.0, 35.63768671007274
1012.0, 38.23710704746248
1013.0, 32.703172533680984
1014.0, 27.01005025125626
1015.0, 24.26319396847154
1016.0, 23.548977216031915
1017.0, 43.91388352194314
1018.0, 43.91388352194313
1019.0, 44.609513425105625
1020.0, 43.03747534516765
1021.0, 35.37358698649021
1022.0, 48.952201554038126
1023.0, 45.385690981123275
1024.0, 57.74385269782076
1025.0, 59.38620071684586
1026.0, 62.47415950386246
1027.0, 68.32673080550838
1028.0, 70.68696330991412
1029.0, 75.79879496074493
1030.0, 68.12997456305898
1031.0, 66.16135215194282
1032.0, 64.1927303465765
1033.0, 63.081750043576776
1034.0, 60.74695761644985
1035.0, 64.51215505913271
1036.0, 58.20091069603196
1037.0, 57.25386232745221
1038.0, 53.89924085576258
1039.0, 54.69870180197635
1040.0, 55.09459329684047
1041.0, 49.040976460331294
1042.0, 56.42953321364451
1043.0, 59.64875818351863
1044.0, 59.07172995780589
1045.0, 59.092779263526005
1046.0, 65.73104315039797
1047.0, 68.08427623878268
1048.0, 77.56854327251438
1049.0, 75.46567870741998
1050.0, 75.45791315085405
1051.0, 84.55135675045778
1052.0, 87.49494677267214
1053.0, 88.0620055316138
1054.0, 89.49632144878323
1055.0, 90.31820552947312
1056.0, 84.06791545627567
1057.0, 87.40846296956022
1058.0, 91.57715754986936
1059.0, 84.69659118381819
1060.0, 85.11930415703482
1061.0, 66.57655365434769
1062.0, 68.76783166904423
1063.0, 68.05187930121758
1064.0, 70.41805094130676
1065.0, 69.90479945921587
1066.0, 67.82208034692525
1067.0, 61.70169412586598
1068.0, 60.050403837978976
1069.0, 56.352657760535614
1070.0, 58.9131142206313
1071.0, 46.83341755095164
1072.0, 46.492768163197034
1073.0, 50.981873111782456
1074.0, 49.19180290122034
1075.0, 74.88669378268446
1076.0, 74.23239730519285
1077.0, 79.352334361374
1078.0, 76.08001446044466
1079.0, 69.01165871754105
1080.0, 67.29128793175778
1081.0, 82.022655040339
1082.0, 70.94312339331618
1083.0, 67.12526603830952
1084.0, 48.52304275402551
1085.0, 44.13954911761703
1086.0, 43.36323094653503
1087.0, 44.102665545719766
1088.0, 37.93983346763361
1089.0, 29.45820215215447
1090.0, 24.43370582905459
1091.0, 20.18290089323689
1092.0, 19.189161864321065
1093.0, 20.281763631620095
1094.0, 19.64718964820051
1095.0, 19.9989935081274
1096.0, 20.08896977049841
1097.0, 19.31188648070753
1098.0, 23.192296469215023
1099.0, 23.07781649245061
1100.0, 22.840393126041704
1101.0, 21.637870651412527
1102.0, 23.72176361425734
1103.0, 24.127831293933838
1104.0, 24.13276928083306
1105.0, 19.003613118399073
1106.0, 25.005308231297292
1107.0, 34.051160764299496
1108.0, 33.325211670829006
1109.0, 37.679344112958304
1110.0, 44.38280166435505
1111.0, 50.28481634256529
1112.0, 57.936179030252774
1113.0, 64.19715291596506
1114.0, 70.80370431618981
1115.0, 74.20745069393715
1116.0, 82.48443689869833
1117.0, 90.16332590942834
1118.0, 89.34887459807071
1119.0, 89.65517241379308
1120.0, 90.42168674698793
1121.0, 89.71206729213844
1122.0, 91.2711473899019
1123.0, 90.316927121367
1124.0, 86.4769772066697
1125.0, 79.51332723820238
1126.0, 75.47357926221335
1127.0, 64.1797371767698
1128.0, 71.2529160186625
1129.0, 66.6614239278599
1130.0, 77.28685216273172
1131.0, 65.03647099687392
1132.0, 65.56277796784126
1133.0, 64.08764241893076
1134.0, 71.36227670459311
1135.0, 74.94925781918667
1136.0, 69.54459848880217
1137.0, 73.28955223880598
1138.0, 73.03085587372097
1139.0, 75.40163074190686
1140.0, 79.66329378925333
1141.0, 83.81854491489715
1142.0, 82.69931439764937
1143.0, 83.7372523168793
1144.0, 80.96664397549355
1145.0, 88.84254183152979
1146.0, 89.04926776774437
1147.0, 89.67911987164796
1148.0, 87.77322218903582
1149.0, 80.10957236341501
1150.0, 89.75583140090029
1151.0, 85.59362003172835
1152.0, 88.51345686258068
1153.0, 76.89031679617453
1154.0, 54.08298097251584
1155.0, 44.23523436366274
1156.0, 45.45615840459884
1157.0, 42.008516678495376
1158.0, 33.006548037438506
1159.0, 22.013692871299
1160.0, 18.63912665922342
1161.0, 28.777759678557857
1162.0, 32.95509724245444
1163.0, 38.70428528011346
1164.0, 43.036614201437814
1165.0, 45.826415790444564
1166.0, 44.92733239568682
1167.0, 48.008616802765395
1168.0, 55.04844328325714
1169.0, 64.008211763974
1170.0, 61.238510225501734
1171.0, 63.919449269767746
1172.0, 68.34505862646566
1173.0, 91.3164137684079
1174.0, 93.26641236699462
1175.0, 91.59777543965133
1176.0, 90.21301429822006
1177.0, 89.56635351210109
1178.0, 79.5239069640543
1179.0, 80.90330788804074
1180.0, 72.77955650420964
1181.0, 70.92915751762395
1182.0, 68.65013774104683
1183.0, 73.76133627094326
1184.0, 85.30371240294905
1185.0, 85.47149122807018
1186.0, 80.55831265508682
1187.0, 81.55597131275331
1188.0, 79.88984462652564
1189.0, 76.96879643387811
1190.0, 76.83659953129774
1191.0, 73.47178142679728
1192.0, 72.76392210454388
1193.0, 70.83485768639785
1194.0, 85.11218920557913
1195.0, 88.45543157059053
1196.0, 82.06686308208525
1197.0, 83.19368013345347
1198.0, 80.74895673182515
1199.0, 81.39460836340477
1200.0, 66.03578624692166
1201.0, 57.04846473525279
1202.0, 61.106749329940165
1203.0, 59.08716082671239
1204.0, 59.46124714671093
1205.0, 59.30740970713029
1206.0, 56.59634352586813
1207.0, 54.68561469365867
1208.0, 40.74019679835512
1209.0, 38.50022862368542
1210.0, 40.06979695431474
1211.0, 31.89834024896267
1212.0, 24.860022396416582
1213.0, 19.031294728843804
1214.0, 23.279439737160644
1215.0, 29.247702500534288
1216.0, 20.195263062737283
1217.0, 19.618289327322742
1218.0, 13.326178902847047
1219.0, 27.40426936619717
1220.0, 29.48558574557508
1221.0, 31.753732511189696
1222.0, 31.141602971421563
1223.0, 34.36329588014979
1224.0, 34.891113817998146
1225.0, 45.88508075262511
1226.0, 53.16867469879521
1227.0, 61.39569826650715
1228.0, 63.14027356492875
1229.0, 49.7975063705861
1230.0, 44.89192640590266
1231.0, 46.942308167857774
1232.0, 46.13571185534438
1233.0, 41.625622250902104
1234.0, 42.82926829268294
1235.0, 36.410889935201176
1236.0, 43.76002873907316
1237.0, 37.438839210393134
1238.0, 37.68042112412975
1239.0, 27.136383254208056
1240.0, 15.136642174658022
1241.0, 19.47253837462452
1242.0, 26.913781327168593
1243.0, 40.7276659351843
1244.0, 41.66992060393077
1245.0, 40.49968374446552
1246.0, 43.835106547969836
1247.0, 35.501488049581184
1248.0, 38.30723602385433
1249.0, 47.38835411077798
1250.0, 41.2433361237168
1251.0, 43.08662432108993
1252.0, 43.85297257158769
1253.0, 42.97148574287144
1254.0, 50.842215454891516
1255.0, 54.82728465238303
1256.0, 52.24646389941756
1257.0, 46.08600354869011
1258.0, 52.35688599475167
1259.0, 68.56394026307983
1260.0, 68.28635569967574
1261.0, 81.16861801072325
1262.0, 85.07372072853423
1263.0, 86.60102564102561
1264.0, 87.83386105420001
1265.0, 94.3755380543953
1266.0, 92.4385277995301
1267.0, 95.96761080940456
1268.0, 96.81847338037203
1269.0, 96.49984475117847
1270.0, 96.4103751736915
1271.0, 85.44051446945336
1272.0, 84.99946994593446
1273.0, 84.56125037505794
1274.0, 81.469352109601
1275.0, 64.22338568935427
1276.0, 61.293602188279145
1277.0, 65.17857142857143
1278.0, 62.579762989972636
1279.0, 57.62580645161289
1280.0, 60.16670876483962
1281.0, 63.7881679389313
1282.0, 56.653340948029715
1283.0, 58.054711246200604
1284.0, 57.55033557046981
1285.0, 69.73277074542898
1286.0, 72.6069246435845
1287.0, 72.85570131180626
1288.0, 75.2759948652118
1289.0, 98.8456375838926
1290.0, 98.80688124306323
1291.0, 98.8699080157687
1294.0, 88.8268156424581
1295.0, 81.32938187976292
1296.0, 82.92682926829269
1297.0, 82.32844109480365
1298.0, 83.82059197385146
1299.0, 83.39854667411963
1300.0, 82.35643564356435
1301.0, 71.73435784851812
1302.0, 74.75490196078432
1303.0, 70.87270705947748
1304.0, 60.067060514130596
1305.0, 58.55840927920463
1306.0, 47.51266011319631
1307.0, 41.439909297052154
1308.0, 37.69498517468094
1309.0, 37.31495661051557
1310.0, 33.80945964155774
1311.0, 38.55119689184109
1312.0, 41.776511103194395
1313.0, 38.10925359076995
1314.0, 34.67516493346753
1315.0, 37.27163461538461
1316.0, 29.502762430939228
1317.0, 28.01352296572628
1318.0, 29.067376315471165
1319.0, 23.149325871279572
1320.0, 29.18018907859461
1321.0, 30.434142752023547
1322.0, 36.12858141160027
1323.0, 43.217944189332385
1324.0, 38.94888408927286
1325.0, 29.21697768020489
1326.0, 13.119899560577508
1327.0, 15.524911032028442
1328.0, 14.115267947421628
1329.0, 12.45716733295258
1330.0, 13.716666339143572
1331.0, 14.579939006558874
1332.0, 24.142301472837715
1333.0, 28.274930853496528
1334.0, 26.85884338633737
1335.0, 32.32874221555525
1336.0, 35.45927684441199
1337.0, 26.43378049878457
1338.0, 28.848278401767644
1339.0, 27.724568116967873
1340.0, 32.92203267929787
1341.0, 31.834273576502312
1342.0, 39.68904835127284
1343.0, 49.70076744349786
1344.0, 49.23624189160914
1345.0, 44.81335703402742
1346.0, 37.7559788056709
1347.0, 29.728983255653375
1348.0, 23.312190748181877
1349.0, 14.850132102402142
1350.0, 20.831803935962967
1351.0, 24.01029104357616
1352.0, 27.124969158647886
1353.0, 32.73776288851664
1354.0, 32.755284310806786
1355.0, 29.28923199787036
1356.0, 30.73109419733258
1357.0, 25.209052102216233
1358.0, 23.507920495133163
1359.0, 25.807417163039887
1360.0, 22.56971447616931
1361.0, 33.17416031763062
1362.0, 47.04547625871788
1363.0, 62.426106493903106
1364.0, 55.533181187631456
1365.0, 52.04326417238332
1366.0, 52.48519723125679
1367.0, 54.17541796185836
1368.0, 55.89471981887281
1369.0, 56.3963449457453
1370.0, 57.014882830791784
1371.0, 57.42407775749996
1372.0, 55.61314665872307
1373.0, 59.59522811297023
1374.0, 60.823900105029765
1375.0, 52.39775150222911
1376.0, 44.07382550335571
1377.0, 27.29735889189942
1378.0, 30.592026418812736
1379.0, 39.35598815730867
1380.0, 36.5689229926007
1381.0, 32.583866837387944
1382.0, 22.81310312451096
1383.0, 23.63159885448748
1384.0, 19.835511544915278
1385.0, 21.544819796693716
1386.0, 23.992338917157397
1387.0, 15.638349810814091
1388.0, 15.982162347584733
1389.0, 19.90755555555556
1390.0, 34.21209413166517
1391.0, 35.71761778883531
1392.0, 47.18012930263461
1393.0, 39.21048484530125
1394.0, 36.46820554098616
1395.0, 42.892400139496196
1396.0, 50.0
1397.0, 55.97062410520174
1398.0, 67.79087888500104
1399.0, 73.56114041846955
1400.0, 70.7836650886899
1401.0, 74.06340871234578
1402.0, 77.97175362887407
1403.0, 77.84073291050035
1404.0, 63.24000232842423
1405.0, 67.03069566558693
1406.0, 65.52914234106377
1407.0, 74.66370480069112
1408.0, 80.05212103662952
1409.0, 80.93010380622839
1410.0, 80.8734521628075
1411.0, 79.84493856056173
1412.0, 73.59115059663795
1413.0, 74.75437135720236
1414.0, 80.38271109326912
1415.0, 82.56090597639896
1416.0, 85.48830947714362
1417.0, 86.32411657151388
1418.0, 93.28413879312086
1419.0, 92.10311535781827
1420.0, 85.97007867245605
1421.0, 70.89206486316698
1422.0, 71.53689626046227
1423.0, 60.44115538990826
1424.0, 58.17649748513946
1425.0, 55.55171724150471
1426.0, 56.808716346868955
1427.0, 55.79532263896025
1428.0, 56.08695652173913
1429.0, 49.37212222687318
1430.0, 35.597682991047904
1431.0, 31.15676892766676
1432.0, 32.314285714285745
1433.0, 44.51234417012956
1434.0, 47.95865633074936
1435.0, 67.71202617943823
1436.0, 64.4551185830081
1437.0, 83.33938294010886
1438.0, 78.79203843514071
1439.0, 84.506567867969
1440.0, 84.79215951334908
1441.0, 72.07405083150297
1442.0, 69.59344038264432
1443.0, 71.29856492824639
1444.0, 74.2281442963926
1445.0, 65.8858858858859
1446.0, 63.11809191390343
1447.0, 62.902282036278535
1448.0, 63.93629124004552
1449.0, 65.42132533406053
1450.0, 63.26473859844273
1451.0, 57.960741548527814
1452.0, 53.7819377687832
1453.0, 56.97126707489403
1454.0, 58.0513558915287
1455.0, 61.55216284987277
1456.0, 60.03086419753088
1457.0, 60.13913939706263
1458.0, 57.65124555160144
1459.0, 65.78573458368857
1460.0, 69.1776883266245
1461.0, 50.0
1462.0, 45.82618639222412
1463.0, 27.55511022044088
1464.0, 30.984996738421387
1465.0, 31.270572745227128
1466.0, 35.1461339252682
1467.0, 32.912361270570216
1468.0, 27.67052767052766
1469.0, 28.743315508021382
1470.0, 28.392208649719365
1471.0, 31.419457735247192
1472.0, 31.46318138348741
1473.0, 26.417657045840414
1474.0, 30.299131553554204
1475.0, 43.36850037678975
1476.0, 44.23520368946962
1477.0, 50.21150592216582
1478.0, 45.97402597402597
1479.0, 37.739872068230284
1480.0, 38.25648414985592
1481.0, 25.453112687155226
1482.0, 38.925583443417004
1483.0, 35.58776167471821
1484.0, 37.67937679376796
1485.0, 31.65869218500798
1486.0, 27.926300578034684
1487.0, 30.523357920618196
1488.0, 23.5249042145594
1489.0, 25.131282820705223
1490.0, 26.100506427736676
1491.0, 38.90499194847022
1492.0, 38.581922708399894
1493.0, 38.680755683637535
1494.0, 40.22644022644024
1495.0, 54.14066931366988
1496.0, 45.755750273822564
1497.0, 59.22871695367451
1498.0, 57.749520153550854
1499.0, 66.13356386427492
1500.0, 72.5916453537937
1501.0, 69.21790046005856
1502.0, 72.01693610469593
1503.0, 78.17472230561394
1504.0, 78.72277810476753
1505.0, 71.85196329171058
1506.0, 76.0819738438722
1507.0, 83.09527315564722
1508.0, 75.48154093097914
1509.0, 70.11918274687855
1510.0, 75.67039106145252
1511.0, 73.57001972386588
1512.0, 72.31916480238628
1513.0, 67.25436768712936
1514.0, 66.72638436482085
1515.0, 66.8352365415987
1516.0, 61.113890278472574
1517.0, 43.805209513023776
1518.0, 46.36835278858625
1519.0, 63.500798863838085
1520.0, 48.33244159086856
1521.0, 48.3410631466286
1522.0, 55.49887778004489
1523.0, 54.993934492519195
1524.0, 44.55032757593805
1525.0, 40.363708242735726
1526.0, 37.941285767372726
1527.0, 46.66779431664411
1528.0, 41.679110668657714
1529.0, 42.47548190733852
1530.0, 46.74789771752189
1531.0, 50.24423109314469
1532.0, 48.93690579083839
1533.0, 33.87060667114399
1534.0, 44.423987375065764
1535.0, 44.03023983315957
1536.0, 43.75814438363304
1537.0, 45.77426390403492
1538.0, 51.77304964539007
1539.0, 55.266622778143486
1540.0, 64.10843833524245
1541.0, 33.62460678084588
1542.0, 34.691669671835584
1543.0, 33.86131643787401
1544.0, 26.88172043010752
1545.0, 18.68340943683414
1546.0, 38.30831408775981
1547.0, 32.14096449390567
1548.0, 27.521231422505295
1549.0, 40.33061594202897
1550.0, 34.997052466103355
1551.0, 34.040519877675834
1552.0, 38.42575362858205
1553.0, 40.051020408163275
1554.0, 42.39306984298863
1555.0, 49.90439770554493
1556.0, 52.17681030653043
1557.0, 47.64705882352942
1558.0, 42.20265900107797
1559.0, 41.663710535650935
1560.0, 30.67032040472175
1561.0, 31.644193127446698
1562.0, 32.859078590785884
1563.0, 17.97269969666327
1564.0, 25.530677522535598
1565.0, 26.076626076626056
1566.0, 17.67857142857143
1567.0, 13.33526178767714
1568.0, 13.109048723897871
1569.0, 12.46896551724133
1570.0, 11.131908186385544
1571.0, 11.940298507462643
1572.0, 21.419498745314257
1573.0, 22.090868426097472
1574.0, 24.82658692234179
1575.0, 32.050072340693234
1576.0, 31.940569852365
1577.0, 30.81249433038009
1578.0, 25.68353781689929
1579.0, 24.937071942867178
1580.0, 22.658369235678947
1581.0, 22.62647722745983
1582.0, 17.48682330919661
1583.0, 18.582982176041057
1584.0, 18.878459943098747
1585.0, 25.368866830307795
1586.0, 33.6212273883211
1587.0, 31.861586031284105
1588.0, 27.12342402123423
1589.0, 24.703721841332026
1590.0, 32.28586581808537
1591.0, 37.72201401336159
1592.0, 40.37139583731142
1593.0, 47.88068698272976
1594.0, 53.14482941723086
1595.0, 58.98144175069728
1596.0, 68.97922107414558
1597.0, 66.79861454725385
1598.0, 77.60169043845747
1599.0, 76.55587638999815
1600.0, 65.34296028880865
1601.0, 74.06638175500257
1602.0, 81.2653743973236
1603.0, 82.1700586839805
1604.0, 68.3715387751262
1605.0, 60.15359885693872
1606.0, 60.16308553062319
1607.0, 54.985059280917646
1608.0, 61.04171422980332
1609.0, 53.08219178082191
1610.0, 55.12556108213027
1611.0, 56.64246314936582
1612.0, 59.5528809814524
1613.0, 58.83484229836083
1614.0, 56.59437613843352
1615.0, 55.808293008026425
1616.0, 41.25863051878128
1617.0, 43.77311586733765
1618.0, 50.904115283358756
1619.0, 60.78693017888057
1620.0, 48.445004803073964
1621.0, 52.677780001715604
1622.0, 34.10173752610342
1623.0, 32.12744011918858
1624.0, 21.345325150169728
1625.0, 32.51958280422902
1626.0, 25.021486746429076
1627.0, 24.040676888853568
1628.0, 24.984518845725106
1629.0, 27.903347396542813
1630.0, 29.607333800629462
1631.0, 25.72692063125035
1632.0, 24.716157205240165
1633.0, 24.31421976123376
1634.0, 31.70947228137267
1635.0, 30.301014222774185
1636.0, 40.27421393282524
1637.0, 43.225912528773435
1638.0, 59.22486109597996
1639.0, 51.15656911683143
1640.0, 69.05810604777233
1641.0, 68.3546426325718
1642.0, 55.12135758231357
1643.0, 52.53825253825254
1644.0, 48.29712968924734
1645.0, 49.818641642541024
1646.0, 52.61659578954768
1647.0, 48.68037355579343
1648.0, 35.58460115995629
1649.0, 37.68245578369589
1650.0, 38.569138276553126
1651.0, 43.18836782813728
1652.0, 43.190848360476785
1653.0, 31.261581609655963
1654.0, 25.718996153141603
1655.0, 25.483256193846984
1656.0, 27.397794906820195
1657.0, 31.28001477650534
1658.0, 36.460795902285255
1659.0, 36.16210599237962
1660.0, 30.180887090113146
1661.0, 30.151002557966834
1662.0, 29.861479998365525
1663.0, 18.813008674682635
1664.0, 36.086062331909496
1665.0, 33.77296753083313
1666.0, 30.78339673847198
1667.0, 32.08067112129933
1668.0, 34.921205276936504
1669.0, 36.49776013305078
1670.0, 41.878342245989295
1671.0, 34.09207547169811
1672.0, 39.2171056294894
1673.0, 37.198121027908265
1674.0, 48.67840790989018
1675.0, 47.58766510146361
1676.0, 49.22456399477362
1677.0, 63.024203211119094
1678.0, 58.19075636757762
1679.0, 57.1988433148162
1680.0, 64.42722132152319
1681.0, 68.26807760141092
1682.0, 58.33899142028269
1683.0, 59.29608833401298
1684.0, 54.88276670574442
1685.0, 62.00185634300427
1686.0, 39.83132863265589
1687.0, 43.67782716490585
1688.0, 37.26836453482847
1689.0, 39.22459634535435
1690.0, 38.55181260987315
1691.0, 38.81200766446669
1692.0, 28.588409319034298
1693.0, 28.586899101954586
1694.0, 25.68696446318731
1695.0, 16.573087562652347
1696.0, 18.694389520514093
1697.0, 17.71577468087598
1698.0, 18.388184884675
1699.0, 13.042502724533634
1700.0, 21.27359230407278
1701.0, 9.885221593717404
1702.0, 14.638250140213145
1703.0, 11.154841492344204
1704.0, 24.062500000000014
1705.0, 35.11210952401136
1706.0, 35.65310953303208
1707.0, 50.35945363048166
1708.0, 48.64583333333333
1709.0, 53.254212949275676
1710.0, 51.839822390330134
1711.0, 61.13158555992964
1712.0, 62.295151928985995
1713.0, 58.065157723059784
1714.0, 63.30685401780369
1715.0, 64.22467905884258
1716.0, 64.22902494331066
1717.0, 61.09934131967181
1718.0, 60.42711598746081
1719.0, 50.427711975935324
1720.0, 51.740933641975296
1721.0, 45.10094360324776
1722.0, 46.38343489054391
1723.0, 45.94277411422824
1724.0, 49.750695732838594
1725.0, 48.658254842722584
1726.0, 48.956967457384664
1727.0, 51.38245965219568
1728.0, 40.86767385809184
1729.0, 38.9489607260911
1730.0, 55.08984503791625
1731.0, 55.00370339889722
1732.0, 48.98485050424274
1733.0, 48.76603272888102
1734.0, 48.56412966878083
1735.0, 43.141572191511294
1736.0, 46.713266625173546
1737.0, 52.47899926953981
1738.0, 54.03197314962021
1739.0, 48.18412928999455
1740.0, 58.88783088935441
1741.0, 58.68665780983109
1742.0, 65.94573182808477
1743.0, 74.4022397094431
1744.0, 66.21729578589974
1745.0, 71.74853927721271
1746.0, 77.60958083832335
1747.0, 76.93513154145693
1748.0, 83.42374257352671
1749.0, 85.16624981609534
1750.0, 85.78778588293336
1751.0, 82.31438662928302
1752.0, 76.04129835230889
1753.0, 77.79908114169953
1754.0, 71.92384077368104
1755.0, 77.08031758564724
1756.0, 70.73476083577968
1757.0, 66.65518937530743
1758.0, 65.88495797896434
1759.0, 69.8818485989126
1760.0, 60.64200976971391
1761.0, 66.1602287380165
1762.0, 42.44021397105097
1763.0, 42.435685626622586
1764.0, 33.884521550555675
1765.0, 34.86750348675034
1766.0, 56.629999147267
1767.0, 59.320865293458574
1768.0, 63.164128595600666
1769.0, 61.2840120931887
1770.0, 89.03680501174627
1771.0, 92.40657373759288
1772.0, 88.37300755033556
1773.0, 87.86859395532196
1774.0, 91.42266375130716
1775.0, 91.21234994764907
1776.0, 93.93415080618871
1777.0, 94.0436324239141
1778.0, 86.42199337658212
1779.0, 88.3653212608132
1780.0, 85.65418594867481
1781.0, 85.40199497922822
1782.0, 85.97049341332708
1783.0, 87.05706238058659
1784.0, 82.34029401488887
1785.0, 72.36120046928812
1786.0, 72.83532055921684
1787.0, 70.37173352962827
1788.0, 65.16810176972005
1789.0, 58.23953709575145
1790.0, 48.78980045818255
1791.0, 39.67174330918232
1792.0, 42.29192938209333
1793.0, 28.198581560283685
1794.0, 39.03326142577636
1795.0, 40.22957294495186
1796.0, 32.38139643315071
1797.0, 25.616761553059447
1798.0, 20.07402966399917
1799.0, 19.78572529674736
1800.0, 19.059050636044148
1801.0, 17.610336153670247
1802.0, 19.878580323785798
1803.0, 20.860656694126163
1804.0, 22.986525406295
1805.0, 29.24894466951868
1806.0, 36.879565964761504
1807.0, 39.21014306519318
1808.0, 31.253633016857208
1809.0, 28.121265488395508
1810.0, 27.961225766103837
1811.0, 29.38327611574303
1812.0, 34.46637650953228
1813.0, 36.074076431094284
1814.0, 33.15590910420262
1815.0, 36.3936952264775
1816.0, 28.613985575415484
1817.0, 26.546999098129362
1818.0, 33.41850752829981
1819.0, 27.333130452424427
1820.0, 18.60424028268551
1821.0, 19.512905360688293
1822.0, 18.511966980247095
1823.0, 18.745081010665714
1824.0, 21.361415228551976
1825.0, 25.199305739416914
1826.0, 23.109256403277982
1827.0, 35.95859359258513
1828.0, 40.894248395967004
1829.0, 50.821221487138864
1830.0, 49.771106941838646
1831.0, 47.46862623467099
1832.0, 49.34198417080803
1833.0, 57.64351907570104
1834.0, 62.34347746856534
1835.0, 67.36617063771132
1836.0, 62.95367486978809
1837.0, 67.24449163790814
1838.0, 68.154642215609
1839.0, 64.8368248539262
1840.0, 65.02225624450682
1841.0, 59.27710843373495
1842.0, 66.85442192671741
1843.0, 66.85538425804955
1844.0, 72.47576482437368
1845.0, 86.86841843005683
1846.0, 81.87583064363018
1847.0, 80.93392985539668
1848.0, 83.03015985510672
1849.0, 85.83017666186184
1850.0, 92.57818577874593
1851.0, 92.9232686487449
1852.0, 93.05656642114765
1853.0, 82.82974863954391
1854.0, 82.93587432397631
1855.0, 83.97232771340799
1856.0, 82.87147140936821
1857.0, 77.14619200466879
1858.0, 68.93332985685605
1859.0, 62.55701636705126
1860.0, 61.31492439184747
1861.0, 61.787245096765815
1862.0, 55.114632096987165
1863.0, 54.016232169208074
1864.0, 47.70408846287719
1865.0, 47.867399775796734
1866.0, 40.7550478718362
1867.0, 43.396083577268605
1868.0, 37.69274163219256
1869.0, 29.60820801689887
1870.0, 25.803800991332466
1871.0, 26.321481681762876
1872.0, 30.43899693577636
1873.0, 30.98049199630843
1874.0, 41.35296690479662
1875.0, 41.81949667341626
1876.0, 43.822370415277355
1877.0, 37.30166785073921
1878.0, 46.34693506336022
1879.0, 37.264103509536426
1880.0, 43.005802707930364
1881.0, 51.07927634133085
1882.0, 62.14247646118316
1883.0, 64.26012675668227
1884.0, 65.99519335809481
1885.0, 67.55774260761626
1886.0, 73.72918815382346
1887.0, 78.63839116957736
1888.0, 74.16005440943093
1889.0, 75.97791266228289
1890.0, 87.03681827131322
1891.0, 89.39808701813143
1892.0, 88.93817204301072
1893.0, 92.42807671816725
1894.0, 97.63988886565289
1895.0, 79.04607129959238
1896.0, 86.43544185425152
1897.0, 88.72303367353173
1898.0, 88.47960792270831
1899.0, 88.99721240850884
1900.0, 89.5521331710217
1901.0, 90.35529015144584
1902.0, 80.9875733477003
1903.0, 80.65335017757967
1904.0, 76.37387711966183
1905.0, 69.1708915247752
1906.0, 57.80221400659357
1907.0, 53.81347847480946
1908.0, 50.04113279723587
1909.0, 52.76494697807561
1910.0, 36.515010663312715
1911.0, 28.993334375577362
1912.0, 29.359782823855426
1913.0, 25.67933990320134
1914.0, 25.063205550329258
1915.0, 25.68584006297192
1916.0, 37.65038819415634
1917.0, 31.54021306009598
1918.0, 32.68766153500394
1919.0, 34.246232634801046
1920.0, 48.272987136731786
1921.0, 55.03472860240343
1922.0, 60.99782538946918
1923.0, 65.91475204236266
1924.0, 69.28809462775112
1925.0, 75.19701989854175
1926.0, 76.19304297829524
1927.0, 67.69147271972673
1928.0, 61.05430183356841
1929.0, 54.02366863905327
1930.0, 51.928232625283556
1931.0, 61.86732186732186
1932.0, 62.142152023692006
1933.0, 67.12364882678621
1934.0, 64.65419501133788
1935.0, 72.36871260802128
1936.0, 65.5809655809656
1937.0, 54.28446197676967
1938.0, 54.47973713033954
1939.0, 45.82232161008336
1940.0, 37.575757575757585
1941.0, 42.860228991142776
1942.0, 44.27583128765901
1943.0, 50.489889514279746
1944.0, 38.63212435233161
1945.0, 34.84763507197606
1946.0, 37.60496531580868
1947.0, 45.15404364569961
1948.0, 43.08076602830975
1949.0, 28.719172633253777
1950.0, 30.971074380165277
1951.0, 42.966964471223775
1952.0, 40.78478002378122
1953.0, 50.484636007424214
1954.0, 57.91341376863024
1955.0, 57.94082840236688
1956.0, 55.25959367945823
1957.0, 52.447216890595016
1958.0, 58.30888236863162
1959.0, 62.88837744533947
1960.0, 62.86701208981002
1961.0, 48.079561042524006
1962.0, 49.4153023722018
1963.0, 49.84833164812942
1964.0, 45.49520766773163
1965.0, 31.227173119065014
1966.0, 49.28880643166359
1967.0, 46.03487989470218
1968.0, 45.64437194127244
1969.0, 45.46636334091647
1970.0, 47.32746955345062
1971.0, 42.143349414197104
1972.0, 38.99872448979592
1973.0, 53.50596450392784
1974.0, 54.53769559032719
1975.0, 62.48976248976251
1976.0, 61.60938809723387
1977.0, 61.47198215779204
1978.0, 60.36134683821517
1979.0, 58.5968642040925
1980.0, 50.60240963855419
1981.0, 44.11209068010077
1982.0, 45.777500779058876
1983.0, 47.725795971409994
1984.0, 58.81538887351233
1985.0, 66.5031878371751
1986.0, 74.97406639004151
1987.0, 74.22542735042737
1988.0, 74.97406639004151
1989.0, 74.80417754569193
1990.0, 64.61399139687572
1991.0, 63.62015158270174
1992.0, 69.55736224028908
1993.0, 66.2793199913923
1994.0, 66.14819615467704
1995.0, 68.40929401251115
1996.0, 61.16445352400408
1997.0, 65.2109273369262
1998.0, 54.23954372623574
1999.0, 51.34424903982211
2000.0, 57.079172610556334
2001.0, 38.16869515992075
2002.0, 35.15880083110717
2003.0, 30.740009117155452
2004.0, 39.151813153042404
2005.0, 38.17228464419477
2006.0, 37.10758914964949
2007.0, 39.420430629755536
2008.0, 37.425487352988554
2009.0, 35.24503110301927
2010.0, 35.859833281877115
2011.0, 30.178601235186093
2012.0, 32.41305127285764
2013.0, 31.329690346083794
2014.0, 20.698359276398804
2015.0, 35.13031060335592
2016.0, 33.80692167577408
2017.0, 45.823627287853554
2018.0, 38.3099658961728
2019.0, 50.0
2020.0, 52.50095456281023
2021.0, 53.02738141149248
2022.0, 58.017947717518524
2023.0, 76.46176911544228
2024.0, 92.15322829780662
2025.0, 93.15773539206779
2026.0, 96.89644882124736
2027.0, 96.40944881889762
2028.0, 85.36374133949192
2029.0, 86.18201997780245
2030.0, 82.76045830002667
2031.0, 76.92530399536771
2032.0, 72.51088534107403
2033.0, 68.14079422382672
2034.0, 67.31481481481481
2035.0, 67.50232126276696
2036.0, 62.05758848230355
2037.0, 54.982206405693944
2038.0, 30.404040404040373
2039.0, 30.368873168266788
2040.0, 37.163702690378486
2041.0, 40.62499999999998
2042.0, 54.37529246607392
2043.0, 47.35857877512858
2044.0, 58.19426615318782
2045.0, 59.8855129898723
2046.0, 51.593323216995444
2047.0, 56.48598130841121
2048.0, 49.28858080992339
2049.0, 49.83400959055699
2050.0, 55.133228840125405
2051.0, 54.61751882679351
2052.0, 61.1006407840181
2053.0, 65.18218623481782
2054.0, 68.0396407556519
2055.0, 74.00503778337531
2056.0, 68.15782860015081
2057.0, 72.793759141882
2058.0, 62.609727164887325
2059.0, 67.9553264604811
2060.0, 70.07751937984499
2061.0, 70.30116509122887
2062.0, 77.15272136474412
2063.0, 79.75762166256393
2064.0, 80.59186637618012
2065.0, 81.91507359160889
2066.0, 82.00336700336703
2067.0, 82.17144763175453
2068.0, 81.25547957215504
2069.0, 79.8681732580038
2070.0, 84.88034807831765
2071.0, 76.80780623802059
2072.0, 85.14158990105767
2073.0, 84.10003650967509
2074.0, 91.60189253126056
2075.0, 92.82414091827896
2076.0, 90.272614622057
2077.0, 88.23529411764709
2078.0, 87.80405405405408
2079.0, 85.91650241892137
2080.0, 85.79175704989157
2081.0, 85.29466791393828
2082.0, 75.20128824476654
2083.0, 74.11764705882358
2084.0, 73.50411011278918
2085.0, 77.37975447776218
2086.0, 68.77503689647904
2087.0, 61.6676546137127
2088.0, 58.2166702562998
2089.0, 37.873087534487084
2090.0, 41.305979484613445
2091.0, 43.938262384864295
2092.0, 41.0485624546992
2093.0, 33.45146682417797
2094.0, 22.486288848263243
2095.0, 21.469362555949985
2096.0, 23.102474671981383
2097.0, 23.710660734882154
2098.0, 23.936257598159983
2099.0, 23.621919584954583
2100.0, 33.04628632938643
2101.0, 36.05319323592187
2102.0, 30.503304524656826
2103.0, 44.28638424261371
2104.0, 50.458715596330286
2105.0, 53.599791693789875
2106.0, 52.707719882217376
2107.0, 61.22243044543753
2108.0, 69.61153909195211
2109.0, 69.32495036399733
2110.0, 67.95329224781055
2111.0, 67.9584887303389
2112.0, 65.06918663516706
2113.0, 65.65639366592879
2114.0, 63.078894380377044
2115.0, 61.6766467065868
2116.0, 58.092633737822574
2117.0, 49.692244562987305
2118.0, 35.49390098062668
2119.0, 21.5523553819869
2120.0, 21.695331695331802
2121.0, 25.18779342723009
2122.0, 34.02678825876322
2123.0, 28.536912751677875
2124.0, 30.130385487528386
2125.0, 18.372641509433947
2126.0, 14.818337454822142
2127.0, 14.383308714918769
2128.0, 9.416445623342184
2129.0, 9.577953362883022
2130.0, 10.146998775010204
2131.0, 8.51022771130836
2132.0, 8.701657458563517
2133.0, 9.325438781983479
2134.0, 9.016561030464104
2135.0, 5.39965986394553
2136.0, 2.89571086435879
2137.0, 2.2711748633879694
2138.0, 2.243211334120417
2139.0, 2.478568766306367
2140.0, 2.671219120305281
2141.0, 2.854077253218861
2142.0, 5.10933102403115
2143.0, 4.829138530795973
2144.0, 5.907534246575295
2145.0, 9.200805910006665
2146.0, 9.31128228364291
2147.0, 9.50728660652321
2148.0, 12.29716024340766
2149.0, 21.635704576347962
2150.0, 23.03057353269358
2151.0, 35.82089552238804
2152.0, 36.88348820586131
2153.0, 44.75756319933692
2154.0, 64.87889273356404
2155.0, 63.55932203389835
2156.0, 52.38339313172732
2157.0, 54.27509293680296
2158.0, 52.7389903329753
2159.0, 52.406706327744736
2160.0, 47.61670761670763
2161.0, 49.26283680732079
2162.0, 39.95535714285716
2163.0, 17.156286721504102
2164.0, 12.774806892453952
2165.0, 17.533936651583744
2166.0, 16.568679850347436
2167.0, 24.879692011549537
2168.0, 18.91025641025641
2169.0, 18.545440257750172
2170.0, 24.036175271739154
2171.0, 33.877704452426684
2172.0, 41.35797840431913
2173.0, 37.57276348039217
2174.0, 38.83698836196658
2175.0, 46.418790815251725
2176.0, 59.95176958087084
2177.0, 65.9004652301665
2178.0, 63.211203100229014
2179.0, 54.92367634500427
2180.0, 57.22985373449752
2181.0, 57.217957276368494
2182.0, 65.78511870663866
2183.0, 70.82332817999409
2184.0, 72.36760124610593
2185.0, 65.67635903919091
2186.0, 63.28600405679514
2187.0, 58.08253180266831
2188.0, 66.94867456288777
2189.0, 55.83630870639936
2190.0, 49.44029850746269
2191.0, 44.37222032158743
2192.0, 54.37420178799488
2193.0, 65.47287899860919
2194.0, 65.67840948726894
2195.0, 69.8529411764706
2196.0, 77.08430367955287
2197.0, 70.73277753400615
2198.0, 62.23717409587889
2199.0, 57.76736924277907
2200.0, 57.51864939144092
2201.0, 75.32642347556872
2202.0, 79.60387225993101
2203.0, 82.21098598023443
2204.0, 83.32606800348736
2205.0, 83.90659514042285
2206.0, 80.75733333333334
2207.0, 80.81463362756567
2208.0, 80.64310729067176
2209.0, 76.80742869776697
2210.0, 72.26027397260272
2211.0, 76.15614122327199
2212.0, 81.17403672097231
2213.0, 88.14034151547489
2214.0, 88.37604602510457
2215.0, 80.33366045142293
2216.0, 61.25338957517323
2217.0, 65.73067632850238
2218.0, 58.95731280615817
2219.0, 43.882886023004545
2220.0, 50.0
2221.0, 37.89049378569025
2222.0, 48.68125701459033
2223.0, 45.3120919300078
2224.0, 42.48285994123408
2225.0, 35.344827586206875
2226.0, 36.4552324250057
2227.0, 28.535924084952498
2228.0, 33.64799664359133
2229.0, 39.94880882063399
2230.0, 38.117602855532574
2231.0, 33.18077803203663
2232.0, 30.825838103025333
2233.0, 34.59217106397654
2234.0, 32.07515796474894
2235.0, 25.799117293031983
2236.0, 16.87300574345886
2237.0, 18.02809218600848
2238.0, 18.330560177482013
2239.0, 18.27986725663719
2240.0, 15.485787017395012
2241.0, 16.384857100104767
2242.0, 9.18251259548191
2243.0, 2.270147559591379
2244.0, 2.39479986315429
2245.0, 4.46117128694695
2246.0, 4.758175053847651
2247.0, 2.8171828171828253
2248.0, 2.979712595097226
2249.0, 4.709418837675344
2250.0, 6.225165562913901
2251.0, 5.94685786587938
2252.0, 14.627659574468098
2253.0, 21.192758253461108
2254.0, 20.56847545219638
2255.0, 30.70333633904417
2256.0, 26.67203867848508
2257.0, 29.409151488227437
2258.0, 31.46836526120643
2259.0, 23.309148528062693
2260.0, 25.608958996034687
2261.0, 22.71166134185303
2262.0, 27.588422007255105
2263.0, 31.662526975854078
2264.0, 39.91418096983832
2265.0, 52.7630335199593
2266.0, 53.88628620102213
2267.0, 57.57526284856006
2268.0, 54.53055418109845
2269.0, 50.25375558262284
2270.0, 55.08047170511012
2271.0, 67.90056309188634
2272.0, 69.68742972790643
2273.0, 70.51423742036144
2274.0, 52.81389553674964
2275.0, 62.388352983208264
2276.0, 57.34262687867567
2277.0, 55.27852026087884
2278.0, 56.25601338632086
2279.0, 51.540849900366084
2280.0, 48.27112658786601
2281.0, 47.42011067351316
2282.0, 54.17739411378667
2283.0, 62.2012159573582
2284.0, 55.7579603568629
2285.0, 46.77599108422226
2286.0, 46.023817135549876
2287.0, 51.27009244607313
2288.0, 64.57229768710337
2289.0, 59.073008179339595
2290.0, 64.20810009878167
2291.0, 64.59092414706856
2292.0, 59.91363799928031
2293.0, 53.426892950391654
2294.0, 53.56675392670157
2295.0, 47.99723756906075
2296.0, 42.90527892175213
2297.0, 15.113350125944535
2298.0, 23.407202216066437
2299.0, 48.88463989802422
2300.0, 55.51090700344432
2301.0, 49.029126213592235
2302.0, 51.72817809021678
2303.0, 47.08121827411173
2304.0, 61.11373289287398
2305.0, 62.83357593401259
2306.0, 57.4279379157428
2307.0, 65.10809451985918
2308.0, 64.20426375805651
2309.0, 62.169947191550676
2310.0, 64.21591437878084
2311.0, 75.31414673692746
2312.0, 64.76868327402136
2313.0, 50.18037518037518
2314.0, 41.23961218836565
2315.0, 39.02359108781126
2316.0, 41.274850110444916
2317.0, 44.7132616487455
2318.0, 38.991430454845094
2319.0, 33.42752189884149
2320.0, 34.35957014231775
2321.0, 35.026423957721676
2322.0, 45.32428355957767
2323.0, 42.38363892806769
2324.0, 45.204560697518446
2325.0, 45.89403973509934
2326.0, 52.51204404679974
2327.0, 53.79553466509988
2328.0, 55.19652761032071
2329.0, 51.96367763904654
2330.0, 48.129446867110396
2331.0, 44.957587181903875
2332.0, 41.17937330372564
2333.0, 48.661594815440985
2334.0, 52.042273636103964
2335.0, 55.55849655902594
2336.0, 45.21712723959916
2337.0, 46.98643105080469
2338.0, 44.148936170212764
2339.0, 30.42977743668456
2340.0, 27.188755020080265
2341.0, 29.58916083916081
2342.0, 36.05287146763897
2343.0, 44.38832772166106
2344.0, 53.66520787746173
2345.0, 52.827140549273
2346.0, 59.74720466699078
2347.0, 56.40655105973026
2348.0, 51.60671462829737
2349.0, 45.63577586206894
2350.0, 45.882990249187394
2351.0, 55.76800509878902
2352.0, 59.24838520258372
2353.0, 62.01598033189919
2354.0, 68.6453576864536
2355.0, 57.96915167095114
2356.0, 49.619543452142565
2357.0, 50.18226002430135
2358.0, 43.983228511530434
2359.0, 47.572402044293035
2360.0, 40.62646096306687
2361.0, 41.96040560115887
2362.0, 43.73427277302469
2363.0, 42.637249871729125
2364.0, 44.36732514682332
2365.0, 43.523035230352335
2366.0, 34.34152488972906
2367.0, 32.55869526256049
2368.0, 6.240886555847155
2369.0, 7.386442082010177
2370.0, 8.31584673972172
2371.0, 8.435824660990178
2372.0, 12.108594270486364
2373.0, 21.46152701294831
2374.0, 40.46391752577315
2375.0, 34.95951417004048
2376.0, 39.7437729199409
2377.0, 41.83790741506918
2378.0, 34.9259344539105
2379.0, 42.15983900126208
2380.0, 41.106532459636554
2381.0, 40.06980113262214
2382.0, 42.47373747949604
2383.0, 47.95726404713733
2384.0, 48.2880629020729
2385.0, 50.500855118495
2386.0, 51.31312437776784
2387.0, 45.728840125391876
2388.0, 56.676903827560736
2389.0, 70.25407135011223
2390.0, 60.84668739535995
2391.0, 62.86067856037948
2392.0, 70.81341811006357
2393.0, 65.5937295294888
2394.0, 60.837593228861124
2395.0, 59.65651128869898
2396.0, 58.39449818013632
2397.0, 55.474774179334645
2398.0, 55.901348187616044
2399.0, 53.34663341645884
2400.0, 50.56370777076536
2401.0, 50.27978549778503
2402.0, 41.059953474445486
2403.0, 23.446200573710556
2404.0, 26.840732751682182
2405.0, 18.26487303071721
2406.0, 12.864757084244033
2407.0, 13.563776025874262
2408.0, 17.6542801832003
2409.0, 18.135519231701963
2410.0, 20.094588058257614
2411.0, 19.695533080488815
2412.0, 25.7278849562003
2413.0, 27.751379103173278
2414.0, 30.636116973168498
2415.0, 29.776136896390028
2416.0, 13.642213642213619
2417.0, 29.270309816146053
2418.0, 48.27586206896552
2419.0, 51.164483260553126
2420.0, 46.37989967594442
2421.0, 42.24828143954711
2422.0, 34.2010466934004
2423.0, 37.100936371009375
2424.0, 42.85550502541369
2425.0, 54.51531858468838
2426.0, 52.94733422373027
2427.0, 57.70827205281564
2428.0, 58.72429982192003
2429.0, 66.3173145094171
2430.0, 70.93535469107552
2431.0, 62.627230947077564
2432.0, 56.4360926615908
2433.0, 48.16357100059916
2434.0, 47.19368285093641
2435.0, 51.226739739994905
2436.0, 56.37096774193548
2437.0, 59.174419776307396
2438.0, 59.70495607492127
2439.0, 52.41637120394637
2440.0, 49.4572947076877
2441.0, 41.73469387755104
2442.0, 37.97739672642246
2443.0, 35.296987437492376
2444.0, 23.128347975144635
2445.0, 32.157221206581355
2446.0, 38.70576424328622
2447.0, 41.73846362037077
2448.0, 51.15000239085735
2449.0, 51.38835511145273
2450.0, 54.67695767736658
2451.0, 55.98411516505334
2452.0, 45.29214737625603
2453.0, 42.61577519040532
2454.0, 48.97331910352188
2455.0, 44.4014397956419
2456.0, 48.23658625879673
2457.0, 44.999135546334756
2458.0, 40.90444758761593
2459.0, 34.208165971220254
2460.0, 25.276674507384485
2461.0, 22.588648816292846
2462.0, 18.1537259359239
2463.0, 17.099364335898343
2464.0, 25.603698728562108
2465.0, 19.687540516011964
2466.0, 21.502407250070846
2467.0, 30.292587336982265
2468.0, 25.42194092827006
2469.0, 28.407528191426692
2470.0, 26.99376824169758
2471.0, 26.72209026128266
2472.0, 34.668756627172556
2473.0, 34.665560318996924
2474.0, 40.09756097560974
2475.0, 64.36058700209645
2476.0, 66.11879392428018
2477.0, 68.36615096108767
2478.0, 60.13736071203307
2479.0, 65.73107049608353
2480.0, 68.48760389287492
2481.0, 55.55189727549592
2482.0, 38.462415227674256
2483.0, 54.35802522274352
2484.0, 54.8157472112505
2485.0, 44.722746133534514
2486.0, 39.930843208586964
2487.0, 38.459670424978306
2488.0, 34.75951323160133
2489.0, 22.967203891848953
2490.0, 32.22420397064414
2491.0, 27.193545203316233
2492.0, 26.67554157085803
2493.0, 25.6323572331939
2494.0, 25.465581123244945
2495.0, 25.46123662596574
2496.0, 33.311653116531176
2497.0, 20.670535138620252
2498.0, 23.384903891233023
2499.0, 26.40643749558835
2500.0, 26.664290805416982
2501.0, 34.532800236931735
2502.0, 38.58433612900612
2503.0, 47.91595197255575
2504.0, 39.023043325468144
2505.0, 61.54881621664421
2506.0, 67.82460621541081
2507.0, 66.13532586135324
2508.0, 66.40586394333715
2509.0, 73.11418685121106
2510.0, 68.00823468862582
2511.0, 53.132287897064714
2512.0, 55.88190764572294
2513.0, 51.69829820015406
2514.0, 59.233449477351904
2515.0, 45.67120622568095
2516.0, 54.60579788675155
2517.0, 44.59515859766277
2518.0, 43.054264674340466
2519.0, 39.736060706037634
2520.0, 37.035389796048044
2521.0, 35.08698007584424
2522.0, 31.950788720384935
2523.0, 28.73114463176576
2524.0, 22.827466278140733
2525.0, 37.33132061662323
2526.0, 28.139897527288923
2527.0, 55.12121024242049
2528.0, 57.06065549458698
2529.0, 58.75454295574627
2530.0, 56.29025471728647
2531.0, 60.86942624260828
2532.0, 63.479609796843775
2533.0, 64.60515529647509
2534.0, 67.44457409568261
2535.0, 69.6686858696996
2536.0, 66.66666666666666
2537.0, 69.43072218301576
2538.0, 81.38269926136539
2539.0, 81.09821148415438
2540.0, 87.21444238231818
2541.0, 79.5840293119241
2542.0, 79.69018010291593
2543.0, 82.53838614831753
2544.0, 82.1595460614152
2545.0, 80.92433975731619
2546.0, 75.48892674616695
2547.0, 74.50400161409644
2548.0, 73.4635307293854
2549.0, 76.82295216028346
2550.0, 88.49256271738327
2551.0, 89.75760769332103
2552.0, 74.63217682885102
2553.0, 72.2550707282389
2554.0, 59.23789654537644
2555.0, 52.7259276121102
2556.0, 51.123793833843244
2557.0, 55.25210084033612
2558.0, 52.327430813275356
2559.0, 52.82266526757607
2560.0, 52.28228696058574
2561.0, 51.734237706181595
2562.0, 51.25836749520004
2563.0, 48.948415900166765
2564.0, 43.434499845153304
2565.0, 32.7732548068595
2566.0, 38.60931435963777
2567.0, 39.75498286149549
2568.0, 47.407463477405216
2569.0, 52.03123701919082
2570.0, 44.53889747552807
2571.0, 32.07365275233779
2572.0, 33.66386724678742
2573.0, 26.212917948209153
2574.0, 24.108039054658263
2575.0, 24.547059370064105
2576.0, 14.470145239376023
2577.0, 15.13480804141733
2578.0, 15.235194585448411
2579.0, 26.216738331152243
2580.0, 21.621920229808865
2581.0, 11.798817247516794
2582.0, 10.715403066013124
2583.0, 19.81391312732005
2584.0, 19.2686357243319
2585.0, 18.835930339138386
2586.0, 18.341663691538713
2587.0, 17.145002502920065
2588.0, 17.949949775079702
2589.0, 18.10572687224669
2590.0, 20.795385549483896
2591.0, 19.429374152296063
2592.0, 19.7100737100737
2593.0, 11.05433028509951
2594.0, 17.618024504964822
2595.0, 29.999999999999986
2596.0, 33.92748509551039
2597.0, 27.920095566764005
2598.0, 30.069330283753843
2599.0, 34.55843667794065
2600.0, 36.43423137876388
2601.0, 39.491539981104545
2602.0, 31.332197614991486
2603.0, 32.41223741717185
2604.0, 31.3321976149915
2605.0, 36.73157162726009
2606.0, 38.568820737495436
2607.0, 38.02462025772083
2608.0, 29.92350486787207
2609.0, 36.809431240985774
2610.0, 54.912160620579506
2611.0, 62.03120196741469
2612.0, 63.19629151151303
2613.0, 62.40537944284341
2614.0, 62.64126200485979
2615.0, 67.32405566600397
2616.0, 60.808044532232
2617.0, 58.92260579064589
2618.0, 62.530467538222894
2619.0, 61.70309138262937
2620.0, 60.56687662097073
2621.0, 56.82157878271751
2622.0, 56.40981400324373
2623.0, 52.058901666097384
2624.0, 39.490323816823164
2625.0, 16.97416974169745
2626.0, 14.085914085914084
2627.0, 13.21697986876758
2628.0, 12.932389937106919
2629.0, 9.68471351166859
2630.0, 15.747634775793557
2631.0, 23.222591362126252
2632.0, 22.020371731597194
2633.0, 20.14363716857693
2634.0, 20.34176146242116
2635.0, 31.459785456522823
2636.0, 33.76664721175784
2637.0, 30.110296176025955
2638.0, 25.673751095530235
2639.0, 22.403326800822143
2640.0, 22.617381653235526
2641.0, 22.945121652714548
2642.0, 33.11545885243025
2643.0, 33.773264137437366
2644.0, 43.81949979126343
2645.0, 42.52824474900027
2646.0, 50.36694855269531
2647.0, 48.92877822814128
2648.0, 51.07887447149729
2649.0, 51.25476666061376
2650.0, 50.353218210361064
2651.0, 48.936399568810636
2652.0, 51.6360822462967
2653.0, 64.84197862199804
2654.0, 66.04920814479637
2655.0, 72.1484429225857
2656.0, 71.36264154534206
2657.0, 76.7579340385812
2658.0, 70.49734160389895
2659.0, 63.686793257947514
2660.0, 62.297170072548035
2661.0, 57.2876349562029
2662.0, 54.227802147935265
2663.0, 48.888013062327566
2664.0, 40.928588263021446
2665.0, 33.330774250508625
2666.0, 32.060802970526794
2667.0, 36.18548164504554
2668.0, 36.4687649022413
2669.0, 41.3041083819804
2670.0, 38.636625340651754
2671.0, 30.738900717609027
2672.0, 31.658841940532085
2673.0, 32.410782232546964
2674.0, 31.59985407968871
2675.0, 36.406089474175765
2676.0, 46.3119860453526
2677.0, 43.10618695893893
2678.0, 52.96422407761556
2679.0, 70.53608615457846
2680.0, 68.88436955258572
2681.0, 68.90605040065033
2682.0, 59.255005742247974
2683.0, 43.52317880794702
2684.0, 37.54607688256977
2685.0, 40.95112285336855
2686.0, 39.69793784490269
2687.0, 47.630606277927946
2688.0, 37.83247533247532
2689.0, 42.94525828835774
2690.0, 34.70588235294119
2691.0, 39.375
2692.0, 32.7683615819209
2693.0, 34.61538461538461
2694.0, 35.195530726256976
2695.0, 30.681818181818173
2696.0, 34.17721518987341
2697.0, 33.9622641509434
2698.0, 35.06493506493507
2699.0, 31.034482758620683
2700.0, 28.571428571428584
2701.0, 19.565217391304344
2702.0, 20.454545454545453
2703.0, 9.583333333333343
2704.0, 13.199999999999989
2705.0, 11.111111111111114
2706.0, 27.58620689655173
2707.0, 38.95348837209302
2708.0, 45.52631578947369
2709.0, 44.935064935064936
2710.0, 40.705882352941174
2711.0, 44.74327628361859
2712.0, 45.073891625615765
2713.0, 45.75
2714.0, 45.52238805970149
2715.0, 50.36144578313254
2716.0, 49.40898345153664
2717.0, 60.40462427745664
2718.0, 57.57575757575757
2719.0, 57.57575757575757
2720.0, 52.21843003412968
2721.0, 40.17094017094016
2722.0, 29.292929292929287
2723.0, 35.5
2724.0, 49.99999999999999
2725.0, 44.82758620689654
2726.0, 48.299319727891145
2727.0, 49.99999999999999
2728.0, 60.44776119402985
2729.0, 46.61016949152541
2730.0, 58.82352941176469
2731.0, 58.252427184466015
2732.0, 58.8235294117647
2733.0, 69.99999999999997
2734.0, 64.93506493506493
2735.0, 50.56179775280897
2736.0, 39.622641509433954
2737.0, 31.914893617021264
2738.0, 25.74257425742573
2739.0, 26.26262626262627
2740.0, 30.476190476190467
2741.0, 27.118644067796595
2742.0, 19.999999999999986
2743.0, 39.99999999999999
2744.0, 36.434108527131784
2745.0, 51.785714285714285
2746.0, 42.647058823529406
2747.0, 41.17647058823529
2748.0, 38.248847926267274
2749.0, 40.29126213592233
2750.0, 48.75621890547263
2751.0, 49.009900990099
2752.0, 49.25373134328358
2753.0, 50.49999999999999
2754.0, 47.894736842105246
2755.0, 52.29885057471263
2756.0, 51.12359550561796
2757.0, 42.76315789473683
2758.0, 46.79487179487178
2759.0, 25.984251968503912
2760.0, 37.07865168539325
2761.0, 40.44943820224717
2762.0, 55.681818181818166
2763.0, 52.688172043010745
2764.0, 43.589743589743584
2765.0, 49.999999999999986
2766.0, 59.99999999999999
2767.0, 64.21052631578948
2768.0, 62.10526315789473
2769.0, 61.45833333333332
2770.0, 68.36734693877551
2771.0, 60.0
2772.0, 54.99999999999999
2773.0, 66.0
2774.0, 80.11695906432749
2775.0, 82.29166666666667
2776.0, 70.3883495145631
2777.0, 73.60406091370558
2778.0, 74.6341463414634
2779.0, 72.30769230769229
2780.0, 71.57894736842104
2781.0, 60.78431372549019
2782.0, 61.95121951219512
2783.0, 65.86538461538461
2784.0, 66.50943396226415
2785.0, 63.80090497737556
2786.0, 61.572052401746724
2787.0, 52.63157894736841
2788.0, 38.74345549738218
2789.0, 31.976744186046517
2790.0, 41.558441558441565
2791.0, 41.29032258064515
2792.0, 38.513513513513516
2793.0, 38.25503355704699
2794.0, 36.666666666666664
2795.0, 41.66666666666666
2796.0, 39.09774436090226
2797.0, 33.07086614173228
2798.0, 25.862068965517253
2799.0, 32.653061224489804
2800.0, 42.70833333333332
2801.0, 69.04761904761901
2802.0, 57.3333333333333
2803.0, 49.35064935064932
2804.0, 47.297297297297284
2805.0, 44.30379746835443
2806.0, 48.23529411764706
2807.0, 52.60115606936415
2808.0, 57.77777777777777
2809.0, 64.70588235294116
2810.0, 67.07317073170734
2811.0, 68.75000000000001
2812.0, 72.72727272727272
2813.0, 62.62626262626262
2814.0, 60.638297872340424
2815.0, 46.51162790697673
2816.0, 41.66666666666667
2817.0, 46.15384615384615
2818.0, 43.67816091954023
2819.0, 51.19047619047618
2820.0, 49.999999999999986
2821.0, 42.19653179190748
2822.0, 33.333333333333314
2823.0, 28.421052631578945
2824.0, 24.10714285714286
2825.0, 23.68421052631578
2826.0, 16.363636363636374
2827.0, 17.47572815533981
2828.0, 13.59223300970875
2829.0, 13.461538461538467
2830.0, 22.91666666666667
2831.0, 21.052631578947384
2832.0, 19.148936170212764
2833.0, 14.13043478260873
2834.0, 8.98876404494382
2835.0, 29.411764705882348
2836.0, 31.914893617021278
2837.0, 31.914893617021264
2838.0, 42.49999999999999
2839.0, 46.83544303797467
2840.0, 49.999999999999986
2841.0, 50.6849315068493
2842.0, 49.33333333333332
2843.0, 52.85714285714283
2844.0, 44.6153846153846
2845.0, 48.52941176470586
2846.0, 47.142857142857125
2847.0, 41.772151898734165
2848.0, 47.619047619047606
2849.0, 31.25
2850.0, 30.30303030303031
2851.0, 35.59322033898306
2852.0, 28.813559322033896
2853.0, 23.33333333333333
2854.0, 22.58064516129032
2855.0, 24.56140350877193
2856.0, 33.9285714285714
2857.0, 44.827586206896534
2858.0, 41.26984126984125
2859.0, 43.07692307692306
2860.0, 46.874999999999986
2861.0, 57.69230769230767
2862.0, 53.1914893617021
2863.0, 55.99999999999998
2864.0, 68.96551724137929
2865.0, 55.7142857142857
2866.0, 59.09090909090908
2867.0, 64.0625
2868.0, 65.07936507936506
2869.0, 65.62499999999997
2870.0, 65.07936507936506
2871.0, 57.627118644067785
2872.0, 65.38461538461536
2873.0, 60.86956521739129
2874.0, 59.090909090909065
2875.0, 49.05660377358489
2876.0, 49.05660377358489
2877.0, 41.17647058823527
2878.0, 20.454545454545453
2879.0, 28.12499999999997
2880.0, 30.303030303030283
2881.0, 36.111111111111086
2882.0, 32.499999999999986
2883.0, 27.906976744186053
2884.0, 25.588094095055197
2885.0, 45.044160942100085
2886.0, 40.08733624454147
2887.0, 44.3181818181818
2888.0, 48.498498498498485
2889.0, 62.57396449704139
2890.0, 67.39690721649482
2891.0, 70.10723860589809
2892.0, 75.1436781609195
2893.0, 70.10723860589809
2894.0, 68.76675603217156
2895.0, 62.90760869565215
2896.0, 70.88772845953001
2897.0, 75.46916890080425
2898.0, 72.54530700568024
2899.0, 63.959783449342574
2900.0, 70.86546700942584
2901.0, 69.09090909090905
2902.0, 66.55518394648826
2903.0, 57.20115218434947
2904.0, 38.58447488584472
2905.0, 35.145573380867475
2906.0, 31.41263940520446
2907.0, 37.365761212886916
2908.0, 27.730895452414444
2909.0, 51.79662234998201
2910.0, 35.509717013296964
2911.0, 36.590680522963446
2912.0, 36.590680522963446
2913.0, 41.61917532685215
2914.0, 46.01021385253748
2915.0, 46.85830977065659
2916.0, 46.15629476364793
2917.0, 45.31249999999998
2918.0, 43.93939393939394
2919.0, 50.72463768115941
2920.0, 56.52173913043476
2921.0, 57.142857142857125
2922.0, 66.66666666666666
2923.0, 52.272727272727245
2924.0, 67.64705882352936
2925.0, 64.51612903225801
2926.0, 61.538461538461505
2927.0, 63.23529411764702
2928.0, 44.87179487179486
2929.0, 38.749999999999986
2930.0, 43.02325581395348
2931.0, 44.047619047619044
2932.0, 47.43589743589741
2933.0, 37.87878787878787
2934.0, 37.87878787878783
2935.0, 31.081081081081052
2936.0, 31.081081081081052
2937.0, 30.263157894736807
2938.0, 30.263157894736807
2939.0, 28.749999999999957
2940.0, 26.43678160919535
2941.0, 14.896786550329836
2942.0, 26.17913292043825
2943.0, 37.772343263672695
2944.0, 32.55002326663559
2945.0, 31.809913597089533
2946.0, 38.770926908942386
2947.0, 41.1730090231463
2948.0, 42.30473258945748
2949.0, 51.92381685263562
2950.0, 63.49634804699902
2951.0, 71.23869553302274
2952.0, 72.60893395450806
2953.0, 75.68261692349282
2954.0, 58.335069806209624
2955.0, 65.213610175019
2956.0, 65.21739130434781
2957.0, 62.06896551724137
2958.0, 63.21839080459769
2959.0, 65.9090909090909
2960.0, 56.98924731182796
2961.0, 56.52173913043478
2962.0, 51.64835164835163
2963.0, 45.65217391304346
2964.0, 39.024390243902424
2965.0, 31.506849315068465
2966.0, 47.36842105263156
2967.0, 49.49494949494948
2968.0, 64.4736842105263
2969.0, 57.692307692307686
2970.0, 48.235294117647044
2971.0, 47.12643678160919
2972.0, 42.10526315789473
2973.0, 41.79894179894178
2974.0, 48.27586206896551
2975.0, 46.59090909090908
2976.0, 49.999999999999986
2977.0, 51.807228915662634
2978.0, 45.97701149425286
2979.0, 44.70588235294116
2980.0, 22.38805970149251
2981.0, 13.333333333333343
2982.0, 13.793103448275858
2983.0, 25.423728813559322
2984.0, 30.0
2985.0, 39.62264150943395
2986.0, 41.99999999999998
2987.0, 35.92233009708738
2988.0, 29.629629629629633
2989.0, 28.57142857142857
2990.0, 33.3333333333333
2991.0, 30.821390044691
2992.0, 36.61759785881565
2993.0, 33.274928321121365
2994.0, 37.240558012929554
2995.0, 36.015136558078304
2996.0, 39.615784008307365
2997.0, 31.29184718393067
2998.0, 35.230405671524224
2999.0, 25.416844805472408
3000.0, 28.45859262805169
3001.0, 31.471678136580195
3002.0, 30.660134089736957
3003.0, 30.660134089736957
3004.0, 34.06081412457088
3005.0, 34.82075708197543
3006.0, 29.999999999999986
3007.0, 29.84332255657796
3008.0, 25.581395348837205
3009.0, 30.232558139534888
3010.0, 47.36842105263156
3011.0, 42.85714285714284
3012.0, 37.313432835820876
3013.0, 39.39393939393938
3014.0, 38.23529411764705
3015.0, 38.23529411764705
3016.0, 45.45454545454543
3017.0, 52.23880597014924
3018.0, 48.38709677419352
3019.0, 54.54545454545453
3020.0, 58.18181818181817
3021.0, 60.61754120098503
3022.0, 61.538461538461505
3023.0, 58.82352941176467
3024.0, 35.2941176470588
3025.0, 35.714285714285694
3026.0, 44.73684210526315
3027.0, 42.10526315789473
3028.0, 45.71428571428568
3029.0, 45.71428571428568
3030.0, 34.28571428571429
3031.0, 32.352941176470594
3032.0, 25.000000000000014
3033.0, 21.05263157894737
3034.0, 18.91891891891892
3035.0, 16.666666666666657
3036.0, 14.893617021276597
3037.0, 13.20754716981132
3038.0, 12.844036697247702
3039.0, 12.727272727272734
3040.0, 17.22710812209
3041.0, 16.22807017543859
3042.0, 20.170278637770878
3043.0, 28.51400055447739
3044.0, 39.89133181703309
3045.0, 34.841400227473756
3046.0, 30.65376917945295
3047.0, 31.45823824737562
3048.0, 28.889855387626383
3049.0, 31.207423067888172
3050.0, 33.76540856525607
3051.0, 39.807897545357505
3052.0, 42.21844934917939
3053.0, 46.127685886535765
3054.0, 41.162829219811144
3055.0, 44.889601139601126
3056.0, 43.37724112696668
3057.0, 32.89259560618386
3058.0, 17.689620758483017
3059.0, 18.565069389892628
3060.0, 26.87642153146321
3061.0, 30.852915578764097
3062.0, 42.20032840722488
3063.0, 39.701338825952575
3064.0, 40.85850556438785
3065.0, 52.71186440677962
3066.0, 79.8264642082429
3067.0, 81.36443441183843
3068.0, 82.75510204081628
3069.0, 82.82520325203248
3070.0, 81.01199791340632
3071.0, 85.56473829201096
3072.0, 82.36291690220457
3073.0, 84.41483198145998
3074.0, 70.7796939519067
3075.0, 69.41400666984275
3076.0, 67.3276676109537
3077.0, 61.94613379669849
3078.0, 61.28061882251824
3079.0, 52.56147540983604
3080.0, 12.553495007132668
3081.0, 1.790633608815412
3082.0, 2.662116040955624
3083.0, 0.7869249394673261
3084.0, 16.25129802699894
3085.0, 14.722483537158965
3086.0, 12.90189612530915
3087.0, 14.237925987873709
3088.0, 16.26462861237161
3089.0, 18.915691425841885
3090.0, 21.360381861575178
3091.0, 22.43670092755076
3092.0, 26.911618669314763
3093.0, 26.898263027295272
3094.0, 31.25720876585926
3095.0, 35.332464146023455
3096.0, 33.921128566848324
3097.0, 38.95434462444767
3098.0, 25.18050541516243
3099.0, 40.54820415879013
3100.0, 61.060711793440255
3101.0, 53.07443365695785
3102.0, 50.43050430504299
3103.0, 46.76781002638517
3104.0, 40.07936507936502
3105.0, 51.82539682539672
3106.0, 31.6076294277929
3107.0, 27.34236888626988
3108.0, 35.924932975871286
3109.0, 34.53608247422679
3110.0, 43.24452901998094
3111.0, 42.897593204341646
3112.0, 32.25677830940988
3113.0, 19.44975162399696
3114.0, 18.915801614763538
3115.0, 17.118997912317326
3116.0, 69.27312775330394
3117.0, 70.02552734112587
3118.0, 59.066183136899355
3119.0, 54.78362324989392
3120.0, 58.885462086568104
3121.0, 63.41202045252746
3122.0, 66.7840266839618
3123.0, 59.00458415193189
3124.0, 57.70472799536307
3125.0, 57.183884467055044
3126.0, 59.9169350737413
3127.0, 61.14999005198916
3128.0, 58.29141584893212
3129.0, 60.56025279699375
3130.0, 44.601727447216874
3131.0, 40.87338262476893
3132.0, 48.625618471687716
3133.0, 58.441033925686575
3134.0, 53.93395841826334
3135.0, 47.15511191945807
3136.0, 34.97158141089935
3137.0, 45.04737295434967
3138.0, 49.999999999999964
3139.0, 55.29228976500288
3140.0, 56.18576322801672
3141.0, 56.95653012792062
3142.0, 58.8634097706879
3143.0, 55.356130738711485
3144.0, 44.12390636084177
3145.0, 51.320843458493336
3146.0, 54.16016640665624
3147.0, 48.49547180835519
3148.0, 54.658385093167645
3149.0, 58.37479270315086
3150.0, 57.25439167208843
3151.0, 59.459459459459424
3152.0, 57.1428571428571
3153.0, 46.31053036126052
3154.0, 40.73319755600809
3155.0, 51.77935943060494
3156.0, 42.668621700879726
3157.0, 37.21227621483373
3158.0, 32.91940589237885
3159.0, 30.435204737979063
3160.0, 28.114936834282844
3161.0, 19.99470338983049
3162.0, 17.191601049868737
3163.0, 17.48998664886514
3164.0, 17.46666666666664
3165.0, 21.55904296372522
3166.0, 17.26190476190473
3167.0, 17.15053763440858
3168.0, 18.358531317494567
3169.0, 6.699898161547935
3170.0, 17.332165610032064
3171.0, 24.785538536563692
3172.0, 34.5155216411069
3173.0, 35.258016349049626
3174.0, 33.02242343794438
3175.0, 33.84471491387892
3176.0, 36.794495945910185
3177.0, 33.100883862383526
3178.0, 33.96849779338254
3179.0, 22.85529337046259
3180.0, 26.972611672644234
3181.0, 31.185731791784264
3182.0, 25.778944312738844
3183.0, 25.76741261953981
3184.0, 25.213154689403098
3185.0, 22.16274089935756
3186.0, 19.579646017699076
3187.0, 20.450606585788506
3188.0, 71.92902638762507
3189.0, 82.46891113133148
3190.0, 70.8257358687158
3191.0, 79.34419593158586
3192.0, 70.88607594936707
3193.0, 67.11179592535524
3194.0, 62.90885480074668
3195.0, 65.36829342224917
3196.0, 60.212201591511935
3197.0, 62.1786197564276
3198.0, 62.68357810413885
3199.0, 58.58132135504398
