15.0, 36.88212927756655
16.0, 39.27125506072874
17.0, 47.902097902097914
18.0, 50.16722408026756
19.0, 46.7128027681661
20.0, 43.55400696864111
21.0, 44.482758620689644
22.0, 31.83520599250936
23.0, 29.513888888888886
24.0, 25.835866261398166
25.0, 25.99388379204892
26.0, 24.13793103448276
27.0, 24.213836477987428
28.0, 27.68729641693811
29.0, 32.26837060702876
30.0, 34.827586206896555
31.0, 33.684210526315795
32.0, 43.24324324324324
33.0, 44.57831325301205
34.0, 47.305389221556894
35.0, 45.562130177514796
36.0, 47.09480122324159
37.0, 53.96825396825397
38.0, 69.28571428571428
39.0, 83.859649122807
40.0, 79.49640287769782
41.0, 76.20689655172413
42.0, 73.44827586206895
43.0, 72.88732394366195
44.0, 78.7162162162162
45.0, 80.55555555555554
46.0, 74.43609022556393
47.0, 74.33962264150944
48.0, 71.64750957854407
49.0, 71.92307692307693
50.0, 75.00000000000003
51.0, 73.5294117647059
52.0, 68.94977168949774
53.0, 58.88888888888888
54.0, 47.533632286995505
55.0, 45.2991452991453
56.0, 47.136563876651984
57.0, 40.24896265560165
58.0, 34.84162895927601
59.0, 8.695652173913032
60.0, 31.06796116504853
61.0, 24.79674796747969
62.0, 25.10288065843622
63.0, 32.69230769230771
64.0, 33.712121212121204
65.0, 32.103321033210335
66.0, 32.103321033210335
67.0, 32.58426966292136
68.0, 39.01345291479822
69.0, 52.40384615384614
70.0, 50.70422535211269
71.0, 57.8125
72.0, 56.91489361702127
73.0, 63.03317535545024
74.0, 55.42857142857142
75.0, 77.7070063694268
76.0, 67.40331491712709
77.0, 59.756097560975604
78.0, 68.42105263157896
79.0, 69.41747572815535
80.0, 69.41747572815535
81.0, 70.53140096618361
82.0, 60.330578512396706
83.0, 55.11111111111112
84.0, 63.17829457364341
85.0, 44.568245125348184
86.0, 42.359249329758704
87.0, 34.375
88.0, 34.54545454545455
89.0, 31.707317073170742
90.0, 34.97109826589595
91.0, 36.07038123167155
92.0, 23.376623376623385
93.0, 23.84105960264901
94.0, 24.080267558528433
95.0, 21.63009404388714
96.0, 27.81690140845069
97.0, 27.622377622377613
98.0, 19.140624999999986
99.0, 30.62499999999997
100.0, 39.490445859872594
101.0, 46.616541353383454
102.0, 35.338345864661605
103.0, 33.84615384615384
104.0, 34.848484848484816
105.0, 33.0827067669173
106.0, 35.19999999999999
107.0, 44.520547945205465
108.0, 42.62295081967211
109.0, 44.520547945205465
110.0, 47.05882352941177
111.0, 51.63398692810458
112.0, 48.9655172413793
113.0, 51.0791366906475
114.0, 46.45669291338584
115.0, 52.17391304347826
116.0, 64.91228070175443
117.0, 57.14285714285714
118.0, 52.991452991453
119.0, 53.91304347826087
120.0, 60.55045871559635
121.0, 48.913043478260896
122.0, 54.437869822485226
123.0, 66.66666666666671
124.0, 78.50467289719629
125.0, 49.67741935483872
126.0, 49.67741935483872
127.0, 49.67741935483872
128.0, 45.78313253012048
129.0, 40.322580645161295
130.0, 33.88888888888887
131.0, 30.96446700507613
132.0, 29.611650485436883
133.0, 26.87224669603522
134.0, 23.749999999999986
135.0, 23.55371900826445
136.0, 22.134387351778642
137.0, 19.999999999999986
138.0, 7.818930041152285
139.0, 9.895833333333343
140.0, 8.695652173913075
141.0, 11.374407582938389
142.0, 11.9402985074627
143.0, 16.1290322580645
144.0, 16.853932584269657
145.0, 19.230769230769212
146.0, 20.408163265306115
147.0, 30.147058823529406
148.0, 32.03125
149.0, 32.03125
150.0, 35.344827586206904
151.0, 56.48148148148151
152.0, 69.281045751634
153.0, 60.91954022988506
154.0, 65.4320987654321
155.0, 66.66666666666669
156.0, 68.04733727810651
157.0, 67.46987951807229
158.0, 66.66666666666669
159.0, 64.0
160.0, 53.08056872037914
161.0, 47.41784037558685
162.0, 54.42477876106195
163.0, 55.65610859728507
164.0, 55.65610859728507
165.0, 50.49019607843136
166.0, 27.210884353741477
167.0, 32.786885245901615
168.0, 38.095238095238095
169.0, 31.57894736842104
170.0, 29.46428571428568
171.0, 27.52293577981652
172.0, 29.357798165137595
173.0, 33.3333333333333
174.0, 51.61290322580649
175.0, 58.18181818181818
176.0, 19.99999999999997
177.0, 40.90909090909089
178.0, 26.999999999999986
179.0, 38.053097345132755
180.0, 51.14503816793894
181.0, 53.284671532846716
182.0, 51.14503816793891
183.0, 48.55072463768116
184.0, 52.70270270270267
185.0, 54.54545454545454
186.0, 50.0
187.0, 49.6969696969697
188.0, 51.25000000000001
189.0, 53.54838709677421
190.0, 59.285714285714285
191.0, 50.38167938931298
192.0, 66.00000000000004
193.0, 58.13953488372092
194.0, 36.61971830985909
195.0, 21.978021978021943
196.0, 30.392156862745097
197.0, 34.69387755102041
198.0, 31.182795698924735
199.0, 35.353535353535335
200.0, 35.714285714285694
201.0, 40.38461538461538
202.0, 43.51851851851849
203.0, 43.51851851851849
204.0, 42.34234234234234
205.0, 42.34234234234234
206.0, 37.59999999999998
207.0, 36.15384615384615
208.0, 37.301587301587304
209.0, 42.34234234234233
210.0, 41.81818181818182
211.0, 42.857142857142854
212.0, 38.8888888888889
213.0, 31.250000000000014
214.0, 30.6122448979592
215.0, 32.67326732673267
216.0, 27.722772277227733
217.0, 26.47058823529416
218.0, 25.47169811320758
219.0, 27.000000000000014
220.0, 33.33333333333337
221.0, 39.5061728395062
222.0, 41.558441558441565
223.0, 47.05882352941177
224.0, 38.98305084745767
225.0, 34.54545454545455
226.0, 40.35087719298245
227.0, 44.26229508196721
228.0, 58.82352941176472
229.0, 69.11764705882352
230.0, 58.74999999999999
231.0, 67.70833333333331
232.0, 77.31958762886596
233.0, 80.39215686274508
234.0, 64.79999999999998
235.0, 67.64705882352939
236.0, 72.25806451612904
237.0, 73.88535031847134
238.0, 73.37662337662337
239.0, 76.70454545454544
240.0, 78.86597938144331
241.0, 79.5
242.0, 82.70042194092827
243.0, 80.66037735849056
244.0, 87.69230769230768
245.0, 84.99999999999999
246.0, 84.57142857142856
247.0, 84.91620111731842
248.0, 98.12499999999999
249.0, 90.44585987261144
250.0, 83.56164383561642
251.0, 83.44827586206895
252.0, 81.75675675675673
253.0, 78.57142857142856
254.0, 74.28571428571426
255.0, 53.968253968253954
256.0, 40.81632653061223
257.0, 33.04347826086959
258.0, 48.322147651006716
259.0, 45.85987261146497
260.0, 44.44444444444445
261.0, 39.04109589041096
262.0, 40.26845637583893
263.0, 54.437869822485204
264.0, 58.28220858895706
265.0, 59.999999999999986
266.0, 56.666666666666664
267.0, 51.01010101010098
268.0, 53.58851674641147
269.0, 60.21505376344086
270.0, 53.475935828877006
271.0, 59.523809523809504
272.0, 48.175182481751825
273.0, 54.19847328244276
274.0, 50.0
275.0, 51.8248175182482
276.0, 51.11111111111112
277.0, 44.06779661016951
278.0, 42.60869565217392
279.0, 35.7798165137615
280.0, 44.11764705882352
281.0, 50.0
282.0, 44.44444444444446
283.0, 50.0
284.0, 50.68493150684935
285.0, 52.000000000000014
286.0, 53.42465753424656
287.0, 45.94594594594591
288.0, 41.97530864197532
289.0, 45.34883720930232
290.0, 33.33333333333333
291.0, 25.842696629213435
292.0, 24.731182795698885
293.0, 33.999999999999986
294.0, 30.526315789473685
295.0, 52.03252032520328
296.0, 56.934306569343086
297.0, 53.846153846153854
298.0, 58.778625954198446
299.0, 55.14705882352939
300.0, 58.90410958904107
301.0, 62.49999999999999
302.0, 67.16417910447757
303.0, 69.01408450704221
304.0, 80.62015503875965
305.0, 81.06060606060602
306.0, 85.10638297872336
307.0, 68.76971608832805
308.0, 57.14285714285715
309.0, 47.4025974025974
310.0, 39.71631205673759
311.0, 32.0
312.0, 38.65979381443301
313.0, 42.56410256410256
314.0, 45.09803921568627
315.0, 44.27860696517412
316.0, 41.78403755868545
317.0, 35.714285714285694
318.0, 35.09615384615384
319.0, 38.91402714932126
320.0, 34.597156398104275
321.0, 41.60000000000001
322.0, 46.7065868263473
323.0, 49.71751412429379
324.0, 53.804347826086946
325.0, 60.00000000000001
326.0, 57.961783439490446
327.0, 57.419354838709694
328.0, 48.25174825174825
329.0, 46.258503401360564
330.0, 44.73684210526315
331.0, 46.258503401360564
332.0, 33.160621761658035
333.0, 22.164948453608247
334.0, 33.632286995515685
335.0, 38.33333333333333
336.0, 40.17467248908297
337.0, 35.19313304721028
338.0, 27.84313725490196
339.0, 30.34188034188034
340.0, 30.341880341880312
341.0, 27.08333333333333
342.0, 29.83193277310923
343.0, 30.341880341880326
344.0, 33.33333333333333
345.0, 34.13461538461537
346.0, 38.586956521739125
347.0, 45.508982035928156
348.0, 29.530201342281828
349.0, 17.96874999999997
350.0, 19.84732824427475
351.0, 22.881355932203377
352.0, 28.421052631578917
353.0, 36.792452830188665
354.0, 25.688073394495433
355.0, 26.16822429906543
356.0, 20.95238095238099
357.0, 20.370370370370395
358.0, 20.00000000000003
359.0, 18.965517241379345
360.0, 23.655913978494652
361.0, 23.655913978494652
362.0, 27.16049382716055
363.0, 26.249999999999986
364.0, 28.915662650602457
365.0, 36.55913978494621
366.0, 50.5050505050505
367.0, 48.42105263157893
368.0, 54.1176470588235
369.0, 59.740259740259745
370.0, 54.76190476190477
371.0, 58.53658536585368
372.0, 61.53846153846157
373.0, 57.14285714285715
374.0, 61.627906976744185
375.0, 47.52475247524753
376.0, 48.48484848484849
377.0, 43.24324324324324
378.0, 46.15384615384615
379.0, 43.749999999999986
380.0, 35.71428571428571
381.0, 33.684210526315795
382.0, 36.55913978494625
383.0, 47.706422018348626
384.0, 44.44444444444443
385.0, 46.28099173553718
386.0, 44.09448818897638
387.0, 55.72519083969466
388.0, 53.12500000000001
389.0, 66.66666666666663
390.0, 70.37037037037035
391.0, 73.07692307692305
392.0, 71.07438016528923
393.0, 71.77419354838707
394.0, 60.000000000000014
395.0, 55.03355704697986
396.0, 59.88023952095807
397.0, 52.2292993630573
398.0, 65.21739130434784
399.0, 65.85365853658537
400.0, 71.8390804597701
401.0, 80.55555555555554
402.0, 83.50877192982455
403.0, 82.97101449275362
404.0, 73.03754266211602
405.0, 74.82517482517483
406.0, 72.5085910652921
407.0, 72.5085910652921
408.0, 75.89928057553954
409.0, 79.64912280701752
410.0, 78.1954887218045
411.0, 80.69498069498069
412.0, 80.15873015873014
413.0, 80.91603053435112
414.0, 82.01438848920861
415.0, 74.74747474747473
416.0, 70.58823529411762
417.0, 70.23809523809521
418.0, 87.23404255319147
419.0, 88.38709677419352
420.0, 85.09316770186335
421.0, 79.01234567901231
422.0, 85.18518518518518
423.0, 83.89261744966441
424.0, 81.57894736842104
425.0, 85.92964824120602
426.0, 86.60287081339712
427.0, 86.60287081339712
428.0, 82.22222222222221
429.0, 76.4367816091954
430.0, 76.8361581920904
431.0, 77.59562841530055
432.0, 78.86597938144328
433.0, 78.64583333333333
434.0, 85.16483516483514
435.0, 90.28571428571429
436.0, 91.19170984455958
437.0, 92.73504273504274
438.0, 94.94163424124514
439.0, 79.6747967479675
440.0, 78.44827586206898
441.0, 63.17829457364343
442.0, 67.61565836298934
443.0, 67.13780918727917
444.0, 58.06451612903225
445.0, 56.721311475409834
446.0, 54.13793103448277
447.0, 57.2347266881029
448.0, 48.199445983379505
449.0, 44.30051813471502
450.0, 38.440860215053746
451.0, 27.96610169491524
452.0, 23.880597014925357
453.0, 28.052805280528034
454.0, 32.29813664596273
455.0, 35.13513513513513
456.0, 33.33333333333333
457.0, 36.71328671328671
458.0, 50.0
459.0, 54.92063492063493
460.0, 56.21118012422361
461.0, 49.16943521594683
462.0, 58.73015873015874
463.0, 71.95571955719561
464.0, 46.2085308056872
465.0, 44.72477064220183
466.0, 46.68141592920354
467.0, 41.53225806451614
468.0, 36.76470588235295
469.0, 37.473233404710925
470.0, 37.73987206823029
471.0, 44.48669201520913
472.0, 39.47368421052632
473.0, 40.2
474.0, 42.16634429400387
475.0, 41.13207547169812
476.0, 46.88581314878893
477.0, 42.18455743879472
478.0, 57.731958762886606
479.0, 67.95865633074936
480.0, 67.79220779220779
481.0, 78.00586510263929
482.0, 77.55102040816325
483.0, 79.40298507462686
484.0, 78.50467289719626
485.0, 71.81467181467178
486.0, 71.81467181467183
487.0, 58.30115830115831
488.0, 53.617021276595736
489.0, 63.63636363636363
490.0, 47.9591836734694
491.0, 49.0
492.0, 51.851851851851855
493.0, 42.038216560509525
494.0, 51.851851851851855
495.0, 56.45933014354065
496.0, 60.804020100502505
497.0, 67.52136752136751
498.0, 70.99236641221373
499.0, 74.1935483870968
500.0, 65.09433962264148
501.0, 68.3168316831683
502.0, 69.6485623003195
503.0, 62.939297124600614
504.0, 59.878419452887535
505.0, 62.17765042979942
506.0, 60.11080332409973
507.0, 58.17174515235458
508.0, 52.06349206349207
509.0, 46.80134680134681
510.0, 49.196141479099694
511.0, 49.03225806451612
512.0, 38.8704318936877
513.0, 43.7308868501529
514.0, 48.972602739726014
515.0, 54.25531914893617
516.0, 52.39852398523987
517.0, 53.99239543726237
518.0, 62.49999999999999
519.0, 59.34579439252336
520.0, 65.12820512820511
521.0, 69.19191919191917
522.0, 69.49999999999997
523.0, 77.31092436974787
524.0, 71.98275862068965
525.0, 64.85148514851484
526.0, 75.40983606557373
527.0, 61.48648648648648
528.0, 73.56321839080462
529.0, 72.78106508875742
530.0, 76.76767676767678
531.0, 54.28571428571429
532.0, 51.202749140893474
533.0, 47.508305647840515
534.0, 43.46504559270514
535.0, 59.29978118161926
536.0, 54.375
537.0, 51.00671140939597
538.0, 51.467268623024836
539.0, 52.71493212669684
540.0, 53.3482142857143
541.0, 58.61344537815127
542.0, 54.627539503386004
543.0, 53.25842696629213
544.0, 57.46421267893661
545.0, 73.41176470588235
546.0, 77.5
547.0, 81.63716814159292
548.0, 88.08411214953271
549.0, 83.11258278145695
550.0, 94.39252336448598
551.0, 86.86567164179105
552.0, 89.7222222222222
553.0, 90.5128205128205
554.0, 75.89285714285714
555.0, 68.49315068493149
556.0, 67.72009029345372
557.0, 64.65517241379311
558.0, 57.76081424936386
559.0, 52.266666666666666
560.0, 54.56852791878175
561.0, 47.222222222222214
562.0, 42.01877934272299
563.0, 44.49438202247191
564.0, 38.86138613861386
565.0, 45.5665024630542
566.0, 40.58355437665782
567.0, 33.61823361823363
568.0, 43.35664335664335
569.0, 48.83720930232557
570.0, 53.23193916349809
571.0, 61.38211382113817
572.0, 65.0375939849624
573.0, 66.79536679536675
574.0, 55.55555555555555
575.0, 63.13131313131309
576.0, 78.395061728395
577.0, 73.28244274809154
578.0, 72.22222222222219
579.0, 58.33333333333331
580.0, 59.433962264150985
581.0, 72.13114754098363
582.0, 75.0
583.0, 75.18248175182484
584.0, 68.46153846153847
585.0, 68.93939393939394
586.0, 61.60714285714286
587.0, 66.96428571428575
588.0, 63.025210084033546
589.0, 73.0263157894737
590.0, 83.79446640316206
591.0, 76.81159420289853
592.0, 75.18248175182482
593.0, 72.53521126760562
594.0, 72.79151943462895
595.0, 68.8212927756654
596.0, 71.82130584192439
597.0, 67.10097719869705
598.0, 68.77076411960132
599.0, 68.02721088435375
600.0, 72.45508982035929
601.0, 72.86135693215338
602.0, 81.31578947368423
603.0, 77.33711048158642
604.0, 65.89147286821706
605.0, 75.00000000000003
606.0, 70.39711191335738
607.0, 70.6521739130435
608.0, 75.07692307692311
609.0, 79.8941798941799
610.0, 78.8888888888889
611.0, 75.13227513227514
612.0, 73.41115434500648
613.0, 64.7196261682243
614.0, 50.75593952483801
615.0, 53.56415478615073
616.0, 43.31896551724137
617.0, 45.72649572649572
618.0, 48.42767295597484
619.0, 46.05263157894735
620.0, 46.46017699115044
621.0, 46.25550660792951
622.0, 43.908045977011504
623.0, 39.45409429280397
624.0, 34.400000000000006
625.0, 40.62500000000001
626.0, 46.318607764390926
627.0, 57.42296918767507
628.0, 72.69503546099286
629.0, 71.16104868913851
630.0, 83.26693227091629
631.0, 82.8571428571428
632.0, 65.49295774647888
633.0, 62.54295532646047
634.0, 60.46511627906977
635.0, 68.58974358974356
636.0, 61.53846153846151
637.0, 49.9210110584518
638.0, 44.38202247191014
639.0, 40.11142061281338
640.0, 34.23423423423422
641.0, 26.623376623376615
642.0, 26.710097719869708
643.0, 26.710097719869708
644.0, 21.14093959731545
645.0, 34.357541899441344
646.0, 35.54913294797689
647.0, 32.975871313672926
648.0, 34.84419263456091
649.0, 27.492447129909365
650.0, 38.56749311294766
651.0, 42.74809160305344
652.0, 43.887147335423194
653.0, 38.14713896457765
654.0, 45.2088452088452
655.0, 51.131221719457
656.0, 49.561403508771946
657.0, 44.88888888888888
658.0, 44.298245614035096
659.0, 47.62886597938144
660.0, 50.10845986984815
661.0, 61.980198019801996
662.0, 60.1923076923077
663.0, 62.11538461538462
664.0, 60.36217303822938
665.0, 61.81818181818183
666.0, 66.52360515021459
667.0, 78.8372093023256
668.0, 75.25510204081635
669.0, 70.08310249307482
670.0, 75.2659574468085
671.0, 78.17679558011055
672.0, 66.04434072345393
673.0, 43.89671361502348
674.0, 44.84412470023981
675.0, 29.005524861878442
676.0, 30.43478260869564
677.0, 28.783382789317486
678.0, 18.58638743455495
679.0, 16.9270833333333
680.0, 27.990970654627546
681.0, 22.72727272727272
682.0, 29.082774049216994
683.0, 29.545454545454533
684.0, 27.40046838407494
685.0, 32.1507760532151
686.0, 36.66245259165612
687.0, 47.69736842105262
688.0, 53.312302839116704
689.0, 61.34185303514377
690.0, 55.65217391304345
691.0, 57.734806629834246
692.0, 71.08843537414961
693.0, 73.07692307692304
694.0, 65.62499999999994
695.0, 68.80341880341872
696.0, 69.95884773662543
697.0, 78.76923076923072
698.0, 81.04395604395599
699.0, 81.1475409836065
700.0, 74.62311557788944
701.0, 79.71311475409833
702.0, 69.5238095238095
703.0, 69.34865900383141
704.0, 72.69076305220881
705.0, 72.18813905930467
706.0, 71.45748987854248
707.0, 69.62524654832345
708.0, 68.8845401174168
709.0, 65.50387596899222
710.0, 63.74745417515273
711.0, 50.0
712.0, 41.10576923076926
713.0, 38.13131313131314
714.0, 47.89915966386554
715.0, 38.00000000000003
716.0, 45.78313253012054
717.0, 43.514644351464376
718.0, 37.5451263537906
719.0, 43.83116883116884
720.0, 48.91640866873064
721.0, 52.050473186119866
722.0, 53.18471337579618
723.0, 62.57309941520472
724.0, 61.09422492401219
725.0, 65.25974025974025
726.0, 67.00000000000003
727.0, 66.66666666666671
728.0, 57.98045602605865
729.0, 54.41696113074206
730.0, 56.72727272727269
731.0, 46.7948717948718
732.0, 62.41830065359478
733.0, 55.35055350553505
734.0, 53.28185328185332
735.0, 51.372549019607845
736.0, 53.20754716981135
737.0, 40.69264069264068
738.0, 40.69264069264068
739.0, 44.13145539906102
740.0, 46.078431372549005
741.0, 46.85990338164253
742.0, 54.49438202247192
743.0, 61.24401913875598
744.0, 75.15337423312886
745.0, 89.24050632911393
746.0, 87.63636363636364
747.0, 74.61300309597523
748.0, 75.37537537537538
749.0, 78.76344086021507
750.0, 78.82037533512064
751.0, 76.96335078534031
752.0, 61.538461538461576
753.0, 48.56661045531199
754.0, 51.12540192926046
755.0, 53.15870570107856
756.0, 52.83307810107199
757.0, 51.41955835962148
758.0, 44.20289855072462
759.0, 38.40445269016695
760.0, 36.31484794275488
761.0, 37.87313432835818
762.0, 34.27495291902066
763.0, 29.065040650406473
764.0, 29.208924949290065
765.0, 33.93939393939392
766.0, 48.00884955752208
767.0, 70.32640949554902
768.0, 68.45425867507889
769.0, 69.23076923076927
770.0, 72.38372093023256
771.0, 62.08791208791208
772.0, 61.34453781512608
773.0, 66.32200886262925
774.0, 75.40983606557381
775.0, 83.5195530726257
776.0, 67.80045351473925
777.0, 80.62755798090042
778.0, 76.22192866578601
779.0, 75.03392130257805
780.0, 73.0434782608696
781.0, 74.09470752089138
782.0, 77.12177121771221
783.0, 74.23469387755105
784.0, 72.65625000000003
785.0, 77.09190672153639
786.0, 66.75031367628608
787.0, 68.0530440024111
788.0, 67.36453201970446
789.0, 67.5245098039216
790.0, 72.12041884816753
791.0, 56.17283950617285
792.0, 63.31236897274633
793.0, 63.048016701461385
794.0, 66.4750957854406
795.0, 64.85943775100402
796.0, 64.85943775100402
797.0, 71.65775401069519
798.0, 72.69439421338153
799.0, 71.45421903052065
800.0, 85.04273504273506
801.0, 84.47893569844791
802.0, 49.92805755395685
803.0, 44.69273743016759
804.0, 47.91044776119405
805.0, 51.46036161335188
806.0, 51.994497936726276
807.0, 58.06845965770172
808.0, 55.41237113402062
809.0, 49.633251833740836
810.0, 41.51724137931035
811.0, 38.550724637681185
812.0, 41.597796143250704
813.0, 39.42558746736293
814.0, 36.78440925700365
815.0, 37.91866028708133
816.0, 46.82422451994092
817.0, 53.223388305847074
818.0, 50.862068965517224
819.0, 48.57142857142856
820.0, 43.13725490196079
821.0, 38.09523809523808
822.0, 38.58784893267652
823.0, 42.72727272727273
824.0, 51.751592356687915
825.0, 43.16436251920123
826.0, 39.708265802269054
827.0, 44.52054794520548
828.0, 50.75757575757578
829.0, 51.672862453531636
830.0, 65.10538641686179
831.0, 61.98979591836732
832.0, 66.94214876033053
833.0, 61.35693215339229
834.0, 71.25748502994009
835.0, 55.71428571428573
836.0, 57.53424657534246
837.0, 55.99999999999998
838.0, 44.81605351170567
839.0, 42.81150159744412
840.0, 42.94871794871794
841.0, 36.842105263157954
842.0, 36.05015673981192
843.0, 23.630136986301366
844.0, 42.81914893617023
845.0, 30.859375000000014
846.0, 35.229357798165154
847.0, 39.46902654867256
848.0, 34.9005424954792
849.0, 36.34651600753296
850.0, 30.172413793103445
851.0, 36.60130718954251
852.0, 34.883720930232556
853.0, 48.509933774834444
854.0, 53.030303030303045
855.0, 49.157303370786515
856.0, 47.26775956284155
857.0, 48.45938375350141
858.0, 42.94573643410854
859.0, 59.6830985915493
860.0, 56.06617647058823
861.0, 49.9089253187614
862.0, 54.270462633451956
863.0, 55.860805860805826
864.0, 66.85714285714282
865.0, 61.25760649087219
866.0, 64.51612903225806
867.0, 55.26881720430105
868.0, 50.35799522673028
869.0, 68.5990338164251
870.0, 66.04651162790697
871.0, 62.14442013129103
872.0, 62.795698924731184
873.0, 55.15587529976018
874.0, 56.23471882640588
875.0, 65.37530266343826
876.0, 56.635071090047425
877.0, 52.759381898454755
878.0, 61.989342806394326
879.0, 66.09294320137691
880.0, 66.77908937605395
881.0, 73.08868501529051
882.0, 74.19354838709677
883.0, 71.8849840255591
884.0, 76.66098807495736
885.0, 81.39931740614331
886.0, 80.36036036036032
887.0, 80.79710144927533
888.0, 79.2184724689165
889.0, 75.04621072088725
890.0, 79.92125984251965
891.0, 80.07889546351083
892.0, 69.25207756232687
893.0, 69.75476839237061
894.0, 65.527950310559
895.0, 51.19047619047623
896.0, 38.79310344827586
897.0, 33.03167420814475
898.0, 29.554655870445316
899.0, 25.321888412017103
900.0, 37.85714285714282
901.0, 37.99283154121862
902.0, 48.88178913738019
903.0, 46.5045592705167
904.0, 51.01449275362319
905.0, 61.18421052631584
906.0, 67.1732522796353
907.0, 61.85567010309279
908.0, 59.72696245733791
909.0, 66.45569620253166
910.0, 60.518731988472645
