0, 12.9
1, 12.4
2, 12.58
3, 12.33
4, 13.26
5, 13.22
6, 12.66
7, 10.85
8, 10.64
9, 9.58
10, 9.3
11, 9.7
12, 10.81
13, 10.0
14, 10.5
15, 10.2
16, 10.4
17, 11.19
18, 12.3
19, 11.44
20, 10.62
21, 11.42
22, 12.26
23, 12.39
24, 12.07
25, 12.48
26, 12.45
27, 12.74
28, 13.89
29, 14.64
30, 15.19
31, 14.81
32, 16.0
33, 17.83
34, 18.74
35, 19.2
36, 19.21
37, 21.89
38, 22.1
39, 21.67
40, 23.66
41, 22.22
42, 21.94
43, 21.51
44, 19.43
45, 19.13
46, 17.14
47, 18.3
48, 20.58
49, 20.69
50, 20.65
51, 20.24
52, 19.96
53, 22.49
54, 22.54
55, 21.89
56, 21.67
57, 20.8
58, 20.87
59, 20.46
60, 19.43
61, 16.97
62, 15.52
63, 14.21
64, 14.32
65, 15.5
66, 14.36
67, 14.05
68, 13.25
69, 12.61
70, 14.84
71, 14.46
72, 14.0
73, 14.65
74, 16.23
75, 15.1
76, 15.18
77, 15.71
78, 15.86
79, 16.0
80, 15.68
81, 15.45
82, 14.72
83, 13.45
84, 13.4
85, 13.03
86, 11.98
87, 12.05
88, 12.5
89, 12.72
90, 12.73
91, 12.91
92, 13.17
93, 12.69
94, 12.75
95, 13.35
96, 14.44
97, 12.9
98, 14.06
99, 14.27
100, 13.75
101, 13.66
102, 13.22
103, 12.82
104, 12.67
105, 12.49
106, 13.17
107, 12.84
108, 12.89
109, 12.87
110, 11.94
111, 12.44
112, 12.7
113, 12.8
114, 12.36
115, 12.75
116, 12.51
117, 12.62
118, 12.71
119, 12.9
120, 13.35
121, 13.6
122, 13.22
123, 13.2
124, 13.3
125, 13.58
126, 13.36
127, 13.15
128, 13.7
129, 13.65
130, 13.52
131, 13.44
132, 13.37
133, 13.39
134, 13.45
135, 13.47
136, 13.7
137, 12.82
138, 13.22
139, 12.81
140, 12.92
141, 13.06
142, 13.06
143, 12.56
144, 12.1
145, 12.11
146, 12.08
147, 12.15
148, 11.32
149, 10.115
150, 10.0
151, 9.96
152, 9.8
153, 10.18
154, 9.88
155, 10.1
156, 9.98
157, 9.88
158, 10.03
159, 10.62
160, 10.62
161, 10.8
162, 10.7
163, 10.75
164, 10.85
165, 10.0
166, 9.99
167, 10.16
168, 10.04
169, 10.17
170, 10.03
171, 10.08
172, 10.06
173, 10.05
174, 9.25
175, 9.44
176, 9.63
177, 9.5
178, 9.64
179, 9.83
180, 9.3
181, 9.71
182, 9.84
183, 10.215
184, 10.38
185, 10.02
186, 10.16
187, 10.2
188, 10.71
189, 10.61
190, 11.1
191, 10.55
192, 10.43
193, 10.69
194, 10.65
195, 10.33
196, 10.75
197, 10.55
198, 10.5
199, 10.34
200, 10.0
201, 10.42
202, 10.02
203, 10.06
204, 10.25
205, 10.17
206, 10.46
207, 10.58
208, 11.37
209, 11.24
210, 11.07
211, 10.78
212, 11.0
213, 11.13
214, 11.24
215, 11.09
216, 10.95
217, 10.89
218, 10.65
219, 11.14
220, 11.82
221, 11.23
222, 10.94
223, 11.43
224, 11.71
225, 11.64
226, 11.73
227, 11.72
228, 12.07
229, 12.82
230, 12.74
231, 12.87
232, 12.99
233, 13.75
234, 14.01
235, 15.6
236, 15.12
237, 15.48
238, 16.13
239, 17.22
240, 17.38
241, 16.66
242, 15.64
243, 15.85
244, 15.99
245, 16.36
246, 15.53
247, 15.66
248, 15.52
249, 15.49
250, 15.89
251, 15.36
252, 15.23
253, 15.08
254, 14.44
255, 13.18
256, 12.93
257, 12.78
258, 12.97
259, 12.97
260, 12.76
261, 12.89
262, 12.85
263, 12.56
264, 12.49
265, 12.0
266, 11.84
267, 11.61
268, 11.27
269, 11.62
270, 11.26
271, 10.95
272, 10.96
273, 11.28
274, 10.62
275, 11.0
276, 10.99
277, 11.21
278, 11.31
279, 11.48
280, 11.29
281, 11.51
282, 11.72
283, 11.86
284, 11.65
285, 12.03
286, 11.79
287, 11.28
288, 11.1
289, 11.14
290, 10.21
291, 11.0
292, 11.48
293, 12.28
294, 12.12
295, 12.18
296, 12.25
297, 11.67
298, 11.53
299, 11.45
300, 11.64
301, 11.95
302, 11.74
303, 11.5
304, 11.51
305, 11.6
306, 12.32
307, 11.26
308, 11.32
309, 11.12
310, 10.99
311, 10.71
312, 11.33
313, 11.0
314, 11.13
315, 11.22
316, 11.36
317, 11.13
318, 11.43
319, 11.59
320, 11.42
321, 11.45
322, 11.5
323, 11.5
324, 11.57
325, 11.63
326, 11.94
327, 11.64
328, 12.0
329, 11.33
330, 11.62
331, 11.63
332, 11.65
333, 11.81
334, 11.52
335, 11.5
336, 11.28
337, 11.4
338, 11.54
339, 11.63
340, 11.58
341, 11.57
342, 11.62
343, 11.84
344, 11.93
345, 11.74
346, 11.66
347, 11.52
348, 12.31
349, 12.5
350, 13.29
351, 14.5
352, 15.57
353, 13.28
354, 13.52
355, 13.55
356, 13.31
357, 15.09
358, 15.21
359, 15.25
360, 14.68
361, 15.0
362, 15.18
363, 18.89
364, 18.25
365, 18.61
366, 17.42
367, 17.79
368, 18.11
369, 17.17
370, 17.0
371, 17.26
372, 17.27
373, 17.02
374, 17.54
375, 16.78
376, 16.93
377, 17.14
378, 16.75
379, 16.47
380, 15.96
381, 15.68
382, 16.13
383, 15.78
384, 15.26
385, 16.14
386, 16.48
387, 16.65
388, 16.66
389, 16.56
390, 16.05
391, 15.71
392, 16.1
393, 15.51
394, 14.88
395, 14.64
396, 14.97
397, 14.7
398, 14.81
399, 14.61
400, 14.53
401, 14.62
402, 15.09
403, 14.95
404, 14.76
405, 14.67
406, 14.83
407, 14.77
408, 14.9
409, 15.0
410, 14.51
411, 14.31
412, 14.02
413, 14.09
414, 14.29
415, 14.3
416, 13.93
417, 13.68
418, 13.88
419, 13.48
420, 13.24
421, 13.54
422, 13.94
423, 13.7
424, 13.48
425, 13.6
426, 14.19
427, 13.78
428, 14.26
429, 14.39
430, 14.8
431, 14.9
432, 14.45
433, 15.41
434, 15.98
435, 15.5
436, 15.86
437, 16.15
438, 15.89
439, 16.18
440, 16.4
441, 16.68
442, 17.11
443, 16.03
444, 15.69
445, 15.33
446, 14.57
447, 13.28
448, 13.39
449, 13.58
450, 13.88
451, 13.77
452, 14.13
453, 13.83
454, 14.07
455, 13.49
456, 13.36
457, 13.23
458, 13.2
459, 13.62
460, 13.65
461, 14.78
462, 14.4
463, 13.85
464, 13.98
465, 14.64
466, 14.0
467, 13.92
468, 14.04
469, 13.53
470, 13.89
471, 14.76
472, 15.47
473, 15.4
474, 15.96
475, 15.99
476, 16.62
477, 17.13
478, 17.28
479, 17.61
480, 16.86
481, 16.77
482, 16.95
483, 17.16
484, 17.44
485, 16.23
486, 16.6
487, 16.6
488, 17.31
489, 17.52
490, 17.87
491, 17.65
492, 17.57
493, 17.51
494, 17.75
495, 17.35
496, 17.92
497, 18.05
498, 18.17
499, 19.27
500, 19.0
501, 23.09
502, 22.06
503, 21.5
504, 21.55
505, 21.75
506, 21.68
507, 21.43
508, 21.26
509, 20.5
510, 20.48
511, 20.01
512, 20.09
513, 20.16
514, 20.04
515, 20.09
516, 20.02
517, 19.42
518, 20.28
519, 20.19
520, 20.0
521, 19.92
522, 20.08
523, 20.23
524, 20.04
525, 19.7
526, 19.17
527, 19.49
528, 19.74
