0, 25.6555
1, 25.3545
2, 25.4613
3, 25.3563
4, 25.3912
5, 25.55
6, 25.5
7, 25.59
8, 25.5127
9, 25.4
10, 25.4763
11, 25.4
12, 25.42
13, 25.3082
14, 25.35
15, 25.3601
16, 25.34
17, 25.19
18, 25.17
19, 25.24
20, 25.11
21, 25.35
22, 25.2052
23, 25.3001
24, 25.24
25, 25.2371
26, 25.22
27, 25.288
28, 25.4068
29, 25.3501
30, 25.4101
31, 25.4015
32, 25.37
33, 25.4883
34, 25.51
35, 25.521
36, 25.57
37, 25.42
38, 25.55
39, 25.5499
40, 25.679
41, 25.63
42, 25.75
43, 25.3308
44, 25.34
45, 25.3299
46, 25.28
47, 25.38
48, 25.3624
49, 25.29
50, 25.4142
51, 25.48
52, 25.6957
53, 25.7927
54, 25.78
55, 25.7
56, 25.36
57, 25.3499
58, 25.31
59, 25.31
60, 25.32
61, 25.5
62, 25.3781
63, 25.4899
64, 25.311
65, 25.3
66, 25.35
67, 25.3696
68, 25.33
69, 25.33
70, 25.33
71, 25.4
72, 25.33
73, 25.4072
74, 25.7318
75, 25.53
76, 25.52
77, 25.56
78, 25.5806
79, 25.6
80, 25.7386
81, 25.7049
82, 25.784
83, 25.35
84, 25.3781
85, 25.5
86, 25.5869
87, 25.4136
88, 25.39
89, 25.39
90, 25.3
91, 25.3266
92, 25.4247
93, 25.5
94, 25.3022
95, 25.3751
96, 25.4117
97, 25.54
98, 25.4001
99, 25.435
100, 25.31
101, 25.36
102, 25.3403
103, 25.145
104, 25.01
105, 25.18
106, 24.89
107, 24.91
108, 24.85
109, 24.963
110, 24.91
111, 24.97
112, 24.8624
113, 25.06
114, 25.1999
115, 25.0385
116, 25.2178
117, 25.0
118, 25.3
119, 25.1375
120, 25.18
121, 25.16
122, 25.3
123, 25.21
124, 25.11
125, 25.2
126, 25.12
127, 25.2101
128, 25.2124
129, 25.27
130, 25.25
131, 25.3499
132, 25.4029
133, 25.229
134, 25.22
135, 25.26
136, 25.22
137, 25.23
138, 25.4
139, 25.58
140, 25.25
141, 25.472
142, 25.233
143, 24.99
144, 25.0375
145, 25.09
146, 25.25
147, 25.1377
148, 25.11
149, 25.1
150, 25.05
151, 25.08
152, 25.08
153, 25.2282
154, 25.2162
155, 25.13
156, 25.14
157, 25.15
158, 25.2378
159, 25.3
160, 25.228
161, 25.223
162, 25.23
163, 25.1609
164, 25.3472
165, 25.3066
166, 25.322
167, 25.3222
168, 25.37
169, 25.44
170, 25.31
171, 25.38
172, 25.36
173, 25.48
174, 25.3614
175, 25.47
176, 25.446
177, 25.48
178, 25.66
179, 25.5353
180, 25.51
181, 25.59
182, 25.57
183, 25.5914
184, 25.6
185, 25.51
186, 25.66
187, 25.7
188, 25.72
189, 25.7573
190, 25.745
191, 25.7592
192, 25.86
193, 25.86
194, 25.777
195, 25.7515
196, 25.78
197, 25.88
198, 25.8485
199, 25.9
200, 25.9
201, 25.9501
202, 25.906
203, 25.8055
204, 25.8505
