15.0, 45.46739706661959
16.0, 46.9611242927541
17.0, 42.20800524934384
18.0, 40.13456686291
19.0, 41.15212142117973
20.0, 36.43256905578629
21.0, 30.400723109370304
22.0, 33.955914521285536
23.0, 39.88359626282747
24.0, 31.661869413725285
25.0, 30.493066255778132
26.0, 28.652373660030676
27.0, 40.19952227061968
28.0, 42.27587142275873
29.0, 46.53266331658291
30.0, 45.50368550368552
31.0, 47.63987138263662
32.0, 51.531531531531535
33.0, 47.55570335882939
34.0, 49.39231358808717
35.0, 57.224406951668136
36.0, 64.78853644963826
37.0, 62.70811846176508
38.0, 61.044176706827294
39.0, 66.04575571946494
40.0, 63.14845804446572
41.0, 61.2882973380211
42.0, 51.66047506473036
43.0, 43.51664984863773
44.0, 39.3431406089634
45.0, 47.494736842105254
46.0, 48.28944640265393
47.0, 52.48450704225354
48.0, 56.938629633411615
49.0, 57.841741253051296
50.0, 58.75621890547267
51.0, 58.90343049771966
52.0, 62.55659682004847
53.0, 59.75099037917376
54.0, 60.002273243919106
55.0, 55.17525288167491
56.0, 65.04436676525955
57.0, 65.04436676525947
58.0, 84.0460947503201
59.0, 83.9680905815749
60.0, 81.90556969182924
61.0, 82.3245240125034
62.0, 80.1468241302265
63.0, 74.44292860391076
64.0, 81.31234759476826
65.0, 62.7792283144763
66.0, 65.51626857250324
67.0, 67.53143261908974
68.0, 70.82075212736748
69.0, 71.28384601215687
70.0, 70.88973952011943
71.0, 73.68373845187907
72.0, 63.66133621112527
73.0, 62.323263147187454
74.0, 63.62735381565906
75.0, 64.22602467170714
76.0, 62.170716765366514
77.0, 65.37931034482757
78.0, 57.41876549654179
79.0, 71.02502017756257
80.0, 69.20569565963285
81.0, 65.52055320783711
82.0, 66.44859813084113
83.0, 69.52565343659244
84.0, 70.97547482943021
85.0, 69.09483604947965
86.0, 84.32748538011695
87.0, 82.00537153088628
88.0, 81.07790068251353
89.0, 82.98412698412699
90.0, 87.688219663419
91.0, 82.59102455546142
92.0, 78.39543881083287
93.0, 93.25469959454477
94.0, 93.47826086956523
95.0, 93.47477268675344
96.0, 93.25718496683862
97.0, 91.91660570592538
98.0, 84.37444700053084
99.0, 81.87305652094386
100.0, 82.3445572777481
101.0, 83.33052985702271
102.0, 69.62476815522894
103.0, 68.64044778317864
104.0, 59.61254309637167
105.0, 65.68801419583808
106.0, 68.12785388127851
107.0, 64.78304742684159
108.0, 60.596252129471836
109.0, 62.729616500161065
110.0, 64.7838002436053
111.0, 63.39392133492253
112.0, 52.49845774213446
113.0, 45.30933872856992
114.0, 43.764370962443884
115.0, 43.77052769870811
116.0, 58.2454308093995
117.0, 55.60231457127824
118.0, 57.37704918032789
119.0, 53.4421888790821
120.0, 46.18745448871321
121.0, 42.0237705811798
122.0, 66.82933177174834
123.0, 61.71808753505968
124.0, 63.632420374271916
125.0, 63.06577412024809
126.0, 65.12970127481448
127.0, 71.51384743527447
128.0, 63.90847412531593
129.0, 65.74494949494948
130.0, 62.34559333795971
131.0, 65.79016565869051
132.0, 62.0612675182934
133.0, 59.2364604912696
134.0, 60.9426379247351
135.0, 62.66301435121776
136.0, 39.57208943716269
137.0, 46.035328753680076
138.0, 37.30244641697335
139.0, 35.59917355371901
140.0, 37.13762258864102
141.0, 38.13109885447603
142.0, 46.77286135693218
143.0, 36.320390845975844
144.0, 30.520072992700733
145.0, 16.13911684251657
146.0, 22.672474926552525
147.0, 33.949934653664414
148.0, 38.51590106007067
149.0, 38.75088001609172
150.0, 41.54348243424839
151.0, 45.755767346575226
152.0, 56.829014000595784
153.0, 60.12922543534785
154.0, 63.804347826086925
155.0, 56.07589218491192
156.0, 59.43540536782088
157.0, 63.1568158524086
158.0, 67.92827221283163
159.0, 81.81818181818181
160.0, 81.14385385109702
161.0, 71.66790766939684
162.0, 75.15710438260015
163.0, 68.80216199030282
164.0, 68.34422130817002
165.0, 69.25667737134799
166.0, 55.4555778806674
167.0, 63.356164383561655
168.0, 67.16387551698423
169.0, 71.8086263138818
170.0, 60.99624060150375
171.0, 54.80285977206766
172.0, 61.83233970069351
173.0, 64.14361389052385
174.0, 65.41191165616306
175.0, 71.33385773682437
176.0, 68.68017188459177
177.0, 72.99251391643737
178.0, 59.17270017035774
179.0, 50.79287498642339
180.0, 53.11790095411177
181.0, 33.744340622290736
182.0, 29.20131015369111
183.0, 27.815109916482683
184.0, 30.378639777754927
185.0, 30.608542400995248
186.0, 28.564567769477065
187.0, 28.146637324888616
188.0, 30.877265451541277
189.0, 29.27409129332206
190.0, 27.867880812543802
191.0, 25.18691826458472
192.0, 29.477945115780713
193.0, 33.411884593338016
194.0, 32.428756877047675
195.0, 57.72015884139218
196.0, 57.38060221379362
197.0, 66.12861901101715
198.0, 66.95826043489126
199.0, 71.11130773314457
200.0, 68.5513388557118
201.0, 70.91573133796543
202.0, 67.15622170807765
203.0, 62.30333543108875
204.0, 57.346619773348934
205.0, 64.01308615049072
206.0, 72.79470729751404
207.0, 65.99109764182214
208.0, 70.12176713293749
209.0, 62.49368367862557
210.0, 66.21604055634994
211.0, 67.90961847141621
212.0, 57.92225505796773
213.0, 59.56600772551695
214.0, 54.67396841569025
215.0, 43.742255266418816
216.0, 58.21445006902903
217.0, 60.25244105739464
218.0, 63.02154689251468
219.0, 59.99525729191373
220.0, 48.09230365805692
221.0, 48.75714475608135
222.0, 49.004676018704075
223.0, 46.15989515072088
224.0, 47.1571906354515
225.0, 36.50180640338853
226.0, 43.81769587846389
227.0, 39.31125827814573
228.0, 35.519387266634766
229.0, 38.547808995259565
230.0, 13.356598984771594
231.0, 14.910630291627399
232.0, 37.15286464848635
233.0, 45.92216162617747
234.0, 44.28110433847257
235.0, 49.05685093004976
236.0, 41.834226988382454
237.0, 55.47907987683389
238.0, 47.8985388277787
239.0, 53.94929093253119
240.0, 50.301378911733124
241.0, 54.1765102936213
242.0, 58.269421636740965
243.0, 54.422011792031455
244.0, 58.322819412902675
245.0, 63.41553455404609
246.0, 58.068883811458065
247.0, 58.199763792812554
248.0, 59.4997843898232
249.0, 53.889063482086755
250.0, 66.4695945945946
251.0, 56.43377394119236
252.0, 62.39188786161645
253.0, 57.602685624012636
254.0, 53.34186705677975
255.0, 59.70467466835123
256.0, 54.3798785776236
257.0, 56.67829831464846
258.0, 48.44162327936665
259.0, 41.536595228467455
260.0, 42.73605830164767
261.0, 34.80126467931346
262.0, 42.369477911646605
263.0, 44.10271722902361
264.0, 36.6443861578814
265.0, 35.654894212562766
266.0, 43.617504542701376
267.0, 44.342672413793096
268.0, 50.638334332962046
269.0, 38.60176282051284
270.0, 49.62121212121214
271.0, 52.306648575305296
272.0, 63.484832798426346
273.0, 61.41924959216961
274.0, 53.78341194968552
275.0, 70.012834616795
276.0, 70.3095216483616
277.0, 76.45278989054015
278.0, 74.23503325942347
279.0, 80.88864608941088
280.0, 80.56661420238866
281.0, 75.21175453759723
282.0, 65.06656523392923
283.0, 62.63181019332159
284.0, 53.922967189728936
285.0, 52.426540982399295
286.0, 52.81227173119065
287.0, 51.4297908664106
288.0, 60.63028849357054
289.0, 54.26470588235293
290.0, 46.93741121417232
291.0, 40.25305778152676
292.0, 39.89632973831616
293.0, 34.94460402133774
294.0, 32.73082145281738
295.0, 33.144281172123385
296.0, 37.25130384392508
297.0, 40.93585699263934
298.0, 59.57487189219969
299.0, 51.39972853749574
300.0, 51.849050260547976
301.0, 59.34363549466304
302.0, 57.62908849410592
303.0, 55.63928050559065
304.0, 59.33764135702743
305.0, 50.0
306.0, 46.94829679810828
307.0, 50.36424493010434
308.0, 45.696117804551555
309.0, 46.259655779916
310.0, 46.850123524567664
311.0, 45.0092788971368
312.0, 41.75500175500178
313.0, 42.31042822592121
314.0, 37.78097328388711
315.0, 47.179388332048326
316.0, 37.902408111533596
317.0, 44.37758112094396
318.0, 43.132878943241465
319.0, 53.47667638483968
320.0, 62.89755239630659
321.0, 59.20533601090151
322.0, 61.139090505110346
323.0, 70.57519238293986
324.0, 69.41184016419729
325.0, 68.77224199288257
326.0, 58.83844788232309
327.0, 56.2185739383292
328.0, 51.52692948362021
329.0, 49.46161861757554
330.0, 53.19718572940663
331.0, 42.63362961159138
332.0, 42.766034985422735
333.0, 42.63013698630134
334.0, 34.80890179003387
335.0, 36.618399700411935
336.0, 39.63465929575773
337.0, 26.170834686586574
338.0, 27.441673908683754
339.0, 36.167672197083974
340.0, 45.06275614754101
341.0, 53.51044987601842
342.0, 53.79246492415072
343.0, 42.154065620542085
344.0, 38.15672665644421
345.0, 46.94498202930606
346.0, 52.279509283819614
347.0, 49.264235444657714
348.0, 54.35933639251675
349.0, 51.07227288078353
350.0, 47.08798017348202
351.0, 56.20534035351639
352.0, 62.97297297297299
353.0, 54.45389824622329
354.0, 46.25938629832204
355.0, 46.4331916466457
356.0, 57.02604482132041
357.0, 51.17900724837144
358.0, 54.29767351309259
359.0, 58.45132743362834
360.0, 51.992071357779956
361.0, 52.75543041029767
362.0, 57.145570221251546
363.0, 59.41356501135352
364.0, 57.33066590454417
365.0, 50.6999621642073
366.0, 38.24573457002174
367.0, 39.234112533771864
368.0, 50.78790459965929
369.0, 42.74569402228981
370.0, 38.88167856370326
371.0, 50.597738287560574
372.0, 59.32897796478794
373.0, 33.75617231397921
374.0, 35.426008968609906
375.0, 34.356281283334695
376.0, 33.3444425929012
377.0, 32.547169811320785
378.0, 32.45478874381641
379.0, 34.71422432316291
380.0, 35.88413316039777
381.0, 42.16659827656956
382.0, 38.09189141702537
383.0, 40.85170529489352
384.0, 48.03410313715751
385.0, 42.254787377506084
386.0, 33.35535006605022
387.0, 42.96958094022549
388.0, 37.95228628230614
389.0, 46.953719976567065
390.0, 53.15975515130617
391.0, 56.21048882557208
392.0, 53.25179249261917
393.0, 57.10194287483554
394.0, 54.244120940649516
395.0, 47.381132075471704
396.0, 49.19108001749017
397.0, 47.067847430444175
398.0, 39.23796791443852
399.0, 42.057826807989045
400.0, 47.31121745478141
401.0, 53.51509072672565
402.0, 58.332510125456885
403.0, 55.07987220447287
404.0, 39.11304980007269
405.0, 41.193680514921006
406.0, 57.01892744479494
407.0, 51.39508217607335
408.0, 53.92327228980082
409.0, 53.65788773610007
410.0, 37.380558032870425
411.0, 43.85086254869226
412.0, 52.291291707046874
413.0, 43.79155923463158
414.0, 48.374295954941154
415.0, 46.370168483647156
416.0, 49.791231732776644
417.0, 48.24246771879484
418.0, 55.36687365352933
419.0, 57.15328467153287
420.0, 44.129158512720124
421.0, 47.8674840224338
422.0, 54.21715947649051
423.0, 57.818557766864785
424.0, 67.78787878787878
425.0, 63.061194251000174
426.0, 47.820360858685675
427.0, 48.05452620434093
428.0, 46.21814195670046
429.0, 48.17195087117967
430.0, 41.53502235469448
431.0, 49.05194805194801
432.0, 35.58288548987183
433.0, 38.39691638663767
434.0, 40.28829202530334
435.0, 45.45798995926875
436.0, 43.73106615850682
437.0, 45.1792024230187
438.0, 47.36680327868851
439.0, 47.54705337858685
440.0, 54.80735032602249
441.0, 58.85423297262892
442.0, 55.64267352185089
443.0, 48.744510753293525
444.0, 54.67802022352312
445.0, 46.12903225806454
446.0, 64.97511061946908
447.0, 50.800815375655226
448.0, 57.97263681592039
449.0, 49.18796992481199
450.0, 44.987105093488005
451.0, 51.07277471730931
452.0, 46.48120093651012
453.0, 46.686955318854594
454.0, 51.43461589316409
455.0, 45.31158998252763
456.0, 46.96054034838254
457.0, 52.692461108895074
458.0, 45.25892985224504
459.0, 49.120348746691555
460.0, 47.30732021928408
461.0, 54.77968633308435
462.0, 42.63382283278071
463.0, 45.925429783433785
464.0, 53.22233104799222
465.0, 47.13305291122426
466.0, 52.684978965602575
467.0, 54.73007712082266
468.0, 49.4836488812393
469.0, 59.482758620689765
470.0, 61.002323265847906
471.0, 54.947683109118145
472.0, 60.462171573282674
473.0, 69.16030534351152
474.0, 64.9877484345223
475.0, 57.02341137123747
476.0, 57.74019262391359
477.0, 47.89184234647116
478.0, 42.034157532500615
479.0, 41.51234567901235
480.0, 49.59477712742012
481.0, 58.68878357030016
482.0, 49.67013888888889
483.0, 59.12909309103373
484.0, 67.49829584185412
485.0, 74.11715828832568
486.0, 74.5124778399018
487.0, 80.39441938529316
488.0, 81.86319086591891
489.0, 82.48829159030744
490.0, 82.4256667007254
491.0, 82.09851414614286
492.0, 82.1003358095044
493.0, 82.16747769667475
494.0, 81.47836158786983
495.0, 81.11445136353872
496.0, 85.50248981439566
497.0, 85.38171858952414
498.0, 78.98037077426396
499.0, 83.05494505494511
500.0, 78.51362862010224
501.0, 72.49931861542656
502.0, 64.57671957671958
503.0, 66.485087838758
504.0, 49.61816305469558
505.0, 52.187126885922076
506.0, 50.61782877316862
507.0, 43.071851061766694
508.0, 37.335220737857156
509.0, 42.22675367047309
510.0, 43.12369845897543
511.0, 40.189655172413794
512.0, 43.66351670604118
513.0, 34.300895404900146
514.0, 30.94815340909092
515.0, 26.393489164379687
516.0, 36.18432849202079
517.0, 33.541095321200046
518.0, 45.71651090342679
519.0, 48.46483066617048
520.0, 53.43212399931868
521.0, 61.18734514960934
522.0, 65.80241852838701
523.0, 62.39576290286234
524.0, 58.53684321809918
525.0, 55.51990374009828
526.0, 55.67545963229417
527.0, 60.46698155244629
528.0, 71.43856143856144
529.0, 72.73247496423463
530.0, 64.92620865139952
531.0, 74.60764151964496
532.0, 72.77158774373258
533.0, 73.11790993468541
534.0, 66.53316645807257
535.0, 69.97529755221196
536.0, 76.00960488976203
537.0, 80.1445347786811
538.0, 85.72223768438629
539.0, 84.86407053637033
540.0, 79.80901661922694
541.0, 78.42213717986463
542.0, 74.84542153302588
543.0, 73.50904392764865
544.0, 78.77778971109448
545.0, 72.38671336092547
546.0, 64.9310872894334
547.0, 53.51403005820522
548.0, 54.54223481494599
549.0, 51.72089524167764
550.0, 46.77261134000395
551.0, 28.858004457847045
552.0, 31.1596041613803
553.0, 31.006186087615163
554.0, 34.64556456975656
555.0, 20.489412958032148
556.0, 29.087635054021504
557.0, 27.05521472392627
558.0, 23.279304674653446
559.0, 36.86798503474074
560.0, 39.83138930592445
561.0, 54.0618072760464
562.0, 66.90591658583904
563.0, 67.24899212900752
564.0, 63.870908925152705
565.0, 71.86568223768285
566.0, 75.05036514731808
567.0, 79.3422671068816
568.0, 79.52518447224897
569.0, 80.87438825448613
570.0, 82.0404411764706
571.0, 80.0346703329548
572.0, 76.52168943247418
573.0, 70.65307573782151
574.0, 68.85359514871499
575.0, 67.82987353853495
576.0, 57.59053855405587
577.0, 52.49595338297183
578.0, 55.52664018627584
579.0, 48.24673254701943
580.0, 39.792323382162046
581.0, 39.775572660669596
582.0, 39.601934523809454
583.0, 39.594569462525534
584.0, 26.15269939303589
585.0, 26.26737967914434
586.0, 30.589114460082186
587.0, 31.74356985911848
588.0, 40.765258837548
589.0, 44.03302476857645
590.0, 47.780643409800454
591.0, 48.97732016140257
592.0, 59.50750883392227
593.0, 54.122357062429586
594.0, 46.10258989187833
595.0, 46.818012653516845
596.0, 37.35796962939365
597.0, 45.174186179326064
598.0, 55.43633762517878
599.0, 60.884185540500496
600.0, 56.36330342428125
601.0, 58.97116582048094
602.0, 50.163191296464205
603.0, 58.90400717703355
604.0, 48.632800444417015
605.0, 50.0
606.0, 35.03964552238806
607.0, 34.96015356872782
608.0, 33.320396961800725
609.0, 28.033009611030053
610.0, 34.829498767460976
611.0, 34.22143893842009
612.0, 31.06258148631032
613.0, 34.224848390608
614.0, 32.66871165644173
615.0, 38.39293839293841
616.0, 41.469205565316486
617.0, 27.39337835923108
618.0, 26.29789163455
619.0, 40.20098611163386
620.0, 47.718237535199606
621.0, 42.959400514483846
622.0, 45.443072918720674
623.0, 51.46540141081625
624.0, 48.78544298206871
625.0, 50.545888775162055
626.0, 49.4397209505123
627.0, 47.59106933019975
628.0, 48.236371965185526
629.0, 46.34377967711301
630.0, 42.5737675422814
631.0, 46.662394005127204
632.0, 63.51758253575652
633.0, 52.312341861118895
634.0, 47.49946031517592
635.0, 58.44178840194774
636.0, 66.75872813540116
637.0, 65.68713450292397
638.0, 62.02802512597503
639.0, 58.85892578560286
640.0, 61.188590651061745
641.0, 54.00763358778627
642.0, 61.91575302942874
643.0, 62.890075906662915
644.0, 66.13451589061344
645.0, 77.70594636113427
646.0, 75.70452008928575
647.0, 66.51231590455981
648.0, 67.6212893945338
649.0, 63.37398124885103
650.0, 54.65784306595887
651.0, 58.73320537428025
652.0, 62.50260833275373
653.0, 56.71189649731776
654.0, 57.40016148065337
655.0, 60.29095179072347
656.0, 55.314212052852085
657.0, 44.32120949253362
658.0, 52.64249899141261
659.0, 39.602772593974926
660.0, 39.311545673720886
661.0, 44.08892894697311
662.0, 38.28344094436838
663.0, 45.578142362245906
664.0, 42.04401567681639
665.0, 38.936535162950264
666.0, 38.229874833216826
667.0, 43.86528214236919
668.0, 35.474991607922135
669.0, 45.766820385479484
670.0, 47.42097525116393
671.0, 55.39008061210548
672.0, 46.00195209850588
673.0, 55.4064497997611
674.0, 51.80261378999547
675.0, 54.72740315638448
676.0, 62.07485760781121
677.0, 42.37112063368395
678.0, 45.175134985463096
679.0, 46.927561482275664
680.0, 51.592909383909756
681.0, 44.99488694466539
682.0, 58.911308313916024
683.0, 59.9284436493739
684.0, 58.48353307539868
685.0, 58.55002826455625
686.0, 61.19694802098237
687.0, 58.35508470239012
688.0, 60.07423904974016
689.0, 56.34818693804964
690.0, 56.142941523922055
691.0, 66.44916982231283
692.0, 72.72535471280132
693.0, 60.89412681406449
694.0, 58.992952711673986
695.0, 69.57509881422925
696.0, 61.746399804735155
697.0, 56.50454450842988
698.0, 58.71665465032441
699.0, 51.71308355039068
700.0, 51.59022430532304
701.0, 56.696214662194514
702.0, 52.063454198473295
703.0, 57.669461914744886
704.0, 57.07780979827087
705.0, 66.6631848331331
706.0, 61.65815417508017
707.0, 72.95853829936752
708.0, 71.80866322432587
709.0, 69.48218306032138
710.0, 71.4840250821141
711.0, 68.99268429938098
712.0, 69.60824073323066
713.0, 81.90837231811585
714.0, 71.22380675203732
715.0, 56.33596722270997
716.0, 60.06501044810772
717.0, 48.39491662381549
718.0, 45.44701986754968
719.0, 32.032660077352844
720.0, 28.05630834086118
721.0, 37.556196738911595
722.0, 33.319442790808424
723.0, 29.619855482249434
724.0, 26.550626745469813
725.0, 22.708587934673858
726.0, 29.50551695954222
727.0, 21.029720804563127
728.0, 28.32985279885898
729.0, 33.10402219140077
730.0, 30.856844305120106
731.0, 33.901612995809586
732.0, 43.645291738879216
733.0, 45.38379709982639
734.0, 48.04124933325429
735.0, 45.68153655514248
736.0, 53.26954845814976
737.0, 42.392463562033385
738.0, 59.93583065961085
739.0, 73.67586545358452
740.0, 66.82910372230762
741.0, 67.63790879429398
742.0, 61.934489112857754
743.0, 62.65495867768597
744.0, 66.7113194909578
745.0, 68.03835397522973
746.0, 62.73271398670732
747.0, 66.34835372525616
748.0, 60.31832157713872
749.0, 59.66541042375219
750.0, 57.18261806428444
751.0, 63.10342590189463
752.0, 44.63842220598978
753.0, 37.80823041890614
754.0, 39.41740097527589
755.0, 45.99930873585068
756.0, 47.527006517275254
757.0, 43.295803480040945
758.0, 36.84917138661632
759.0, 36.26355013550135
760.0, 37.41371778069024
761.0, 30.41577618029919
762.0, 34.55277823759863
763.0, 36.68392676026264
764.0, 45.85501389239708
765.0, 50.246031009191356
766.0, 58.628534286642854
767.0, 56.49598450760386
768.0, 53.57277882797729
769.0, 45.40688031672998
770.0, 58.328879387136986
771.0, 54.916761018157445
772.0, 66.70479646576209
773.0, 64.96736708054763
774.0, 69.43084569677497
775.0, 64.24510889627174
776.0, 66.25299783014202
777.0, 60.37806196636966
778.0, 58.56273882866726
779.0, 53.54983017148539
780.0, 55.887167862989564
781.0, 48.15448934899461
782.0, 51.551577152600196
783.0, 54.970228625971515
784.0, 43.8792273268
785.0, 52.98638010745969
786.0, 45.3799811279669
787.0, 44.959010499065144
788.0, 45.2268498640332
789.0, 58.36944745395448
790.0, 59.5139464236399
791.0, 63.62562739887803
792.0, 64.91777603758808
793.0, 62.600398160225176
794.0, 54.931437916719034
795.0, 70.83307214943895
796.0, 71.71339958225201
797.0, 70.56552067762831
798.0, 71.49405874901984
799.0, 66.58282429033419
800.0, 64.71704078406577
801.0, 68.78871511806193
802.0, 67.36356057205157
803.0, 65.05527707203183
804.0, 62.27159195477851
805.0, 59.29402929027415
806.0, 50.5761028709657
807.0, 48.33019040087596
808.0, 58.34665027658272
809.0, 48.34229077964684
810.0, 53.540489642184575
811.0, 57.09641805691853
812.0, 54.71758664955073
813.0, 56.73499267935577
814.0, 46.69571965852785
815.0, 42.121790530139734
816.0, 54.235637779941584
817.0, 56.8609453877926
818.0, 66.75717610550814
819.0, 60.89879688605804
820.0, 66.08936612400417
821.0, 67.41334840829595
822.0, 63.57932910244785
823.0, 64.95498499499834
824.0, 65.92333741624037
825.0, 66.59721731760719
826.0, 57.97774225282833
827.0, 57.870995458450956
828.0, 61.350032530904336
829.0, 59.58798066289613
830.0, 55.15427769985975
831.0, 52.25830533781263
832.0, 43.482103402562984
833.0, 51.92612137203167
834.0, 44.27777777777776
835.0, 44.674887892376695
836.0, 46.52656158785757
837.0, 49.13552704963747
838.0, 44.117647058823536
839.0, 46.915017462165316
840.0, 67.58021390374327
841.0, 61.8348623853211
842.0, 59.053738317757016
843.0, 59.54063604240281
844.0, 41.365688487584634
845.0, 38.629651506201974
846.0, 41.06636415201365
847.0, 57.191780821917796
848.0, 61.37813696299446
849.0, 65.22687609075038
850.0, 63.77986348122868
851.0, 59.99149659863946
852.0, 54.79226655697246
853.0, 58.32385286310201
854.0, 52.563091482649824
855.0, 52.21308264786524
856.0, 56.17932148626815
857.0, 62.209988202909955
858.0, 70.97353073126963
859.0, 69.32515337423317
860.0, 64.38112199465715
861.0, 50.79171741778319
862.0, 55.28500276701717
863.0, 54.0648095508812
864.0, 57.598178713716536
865.0, 61.857476635514026
866.0, 69.40667490729294
867.0, 67.08776595744678
868.0, 72.28915662650601
869.0, 80.31496062992136
870.0, 82.04022988505757
871.0, 81.65810711665452
872.0, 84.2846553002225
873.0, 84.34718100890215
874.0, 41.84762605815237
875.0, 37.74900398406374
876.0, 29.653753856702053
877.0, 28.538283062644993
878.0, 25.873221216041387
879.0, 25.94507269789979
880.0, 23.954619124797347
881.0, 14.51689671584954
882.0, 12.761910605270401
883.0, 20.75873223051383
884.0, 21.385542168674675
885.0, 20.873236244120847
886.0, 21.40766589745033
887.0, 23.259786078288627
888.0, 44.18451544943823
889.0, 53.0759542724278
890.0, 58.666597055445365
891.0, 59.00546103759715
892.0, 64.7589373565103
893.0, 68.34119033588685
894.0, 72.53069196428572
895.0, 71.97508075680665
896.0, 87.48142477597152
897.0, 72.34449335289672
898.0, 76.87732342007436
899.0, 62.52836304700161
900.0, 58.398013039428754
901.0, 55.808936825885965
902.0, 50.60352831940575
903.0, 53.19648093841642
904.0, 54.3608807549328
905.0, 55.8460634547591
906.0, 59.356408869659276
907.0, 54.20979020979021
908.0, 52.95977011494253
909.0, 58.20379965457685
910.0, 52.58261148540265
911.0, 56.2071330589849
912.0, 41.70176916596462
913.0, 34.61538461538461
914.0, 47.57462686567163
915.0, 54.13425525785078
916.0, 51.0043431053203
917.0, 39.88709797222018
918.0, 47.91925865545499
919.0, 44.93141317028039
920.0, 43.6158820379752
921.0, 42.93504703211159
922.0, 39.99569707401033
923.0, 41.63940039567797
924.0, 37.61578250932274
925.0, 38.23873661408381
926.0, 45.91405313308512
927.0, 57.11385733110155
928.0, 55.603893231086865
929.0, 53.78947772362715
930.0, 56.137610637190114
931.0, 64.88496606106767
932.0, 50.740479548660076
933.0, 46.4893387895757
934.0, 45.953882967152495
935.0, 50.425207152202354
936.0, 51.320461606746555
937.0, 42.94935451837141
938.0, 56.401604380212625
939.0, 53.432919841573
940.0, 43.643494725453074
941.0, 49.15605807947289
942.0, 44.908151300647056
943.0, 40.13376537055501
944.0, 40.69160138151799
945.0, 46.42340765542958
946.0, 46.15122744638197
947.0, 51.5963970059627
948.0, 50.497361819911774
949.0, 41.56997118604471
950.0, 38.681860178626444
951.0, 45.64291533960448
952.0, 37.61540877211348
953.0, 41.42349379086403
954.0, 42.56086564472498
955.0, 28.814703286433726
956.0, 28.79377431906616
957.0, 29.958705568000866
958.0, 31.898286646722894
959.0, 17.485018955607202
960.0, 33.342678254368764
961.0, 31.39002932551321
962.0, 33.518981586724266
963.0, 47.07680301749366
964.0, 50.56226863169658
965.0, 44.0647907306692
966.0, 47.40868234844138
967.0, 46.95216049382714
968.0, 44.62779611294464
969.0, 52.69969084765259
970.0, 55.25632933585805
971.0, 55.44686840253342
972.0, 50.92396243562556
973.0, 56.051908290714294
974.0, 41.98332138409872
975.0, 44.96261871085068
976.0, 41.786706561231036
977.0, 39.303859524021725
978.0, 49.1960451413163
979.0, 44.828684533830824
980.0, 43.306681629027004
981.0, 44.65492057695819
982.0, 47.25402115635415
983.0, 42.362503958619264
984.0, 38.11619718309863
985.0, 40.00924000924001
986.0, 46.399189975952375
987.0, 43.40883276541725
988.0, 50.857142857142804
989.0, 50.13117283950621
990.0, 37.396562698917876
991.0, 37.9690949227373
992.0, 40.03780026825998
993.0, 36.83531523446265
994.0, 55.512977521431665
995.0, 53.11853751344198
996.0, 55.89499603522387
997.0, 51.79185076092293
998.0, 55.787117440469274
999.0, 57.249792070973136
1000.0, 58.22593753628237
1001.0, 52.246186217780114
1002.0, 52.12189063429314
1003.0, 53.63430176044927
1004.0, 60.49949238578684
1005.0, 53.62420251080469
1006.0, 50.47254824387884
1007.0, 58.61752093118237
1008.0, 32.19573400250934
1009.0, 30.157486484368803
1010.0, 30.95274980635166
1011.0, 44.74987439890906
1012.0, 36.46517739816036
1013.0, 27.023737066342065
1014.0, 25.001563770563607
1015.0, 23.542231122629303
1016.0, 24.00168137873058
1017.0, 23.38931476388325
1018.0, 36.76557280408724
1019.0, 47.35668493914338
1020.0, 50.08369306669015
1021.0, 54.02904564315353
1022.0, 55.851763299462064
1023.0, 54.57093910605827
1024.0, 52.23546944858422
1025.0, 53.047534600408625
1026.0, 50.4029304029304
1027.0, 61.26730103806231
1028.0, 62.85927584919749
1029.0, 68.1352274770725
1030.0, 68.59470468431775
1031.0, 75.06946658771015
1032.0, 68.83708609271531
1033.0, 67.47760698883121
1034.0, 65.79834864519137
1035.0, 61.4079674693437
1036.0, 55.73770491803279
1037.0, 61.76226727971662
1038.0, 63.67733913584085
1039.0, 50.965893335798185
1040.0, 57.64767381076847
1041.0, 59.68351910828028
1042.0, 51.69412856811323
1043.0, 69.8994838359142
1044.0, 72.16771939255479
1045.0, 69.93758165190896
1046.0, 61.282116509793845
1047.0, 50.0
1048.0, 47.69759450171825
1049.0, 33.60367994189566
1050.0, 36.66792027077857
1051.0, 31.953244483286113
1052.0, 37.42199488491058
1053.0, 36.76381909547741
1054.0, 45.96993935132281
1055.0, 36.67229729729736
1056.0, 35.044390637611045
1057.0, 30.631764409765964
1058.0, 26.184290953545315
1059.0, 21.432030997739787
1060.0, 25.109855618330258
1061.0, 23.48203221809166
1062.0, 24.12007372948304
1063.0, 33.85410936296624
1064.0, 37.145844223732325
1065.0, 41.09414758269712
1066.0, 33.4638661445354
1067.0, 27.676906467759338
1068.0, 19.93698392003479
1069.0, 49.68648106345622
1070.0, 37.076548755380884
1071.0, 31.517819261773454
1072.0, 38.791775144785106
1073.0, 45.069814308334536
1074.0, 44.60091632505427
1075.0, 44.919370507091536
1076.0, 43.42990788029211
1077.0, 41.28224439841838
1078.0, 38.076761254733306
1079.0, 38.080321660666705
1080.0, 38.27897358774321
1081.0, 45.664472330796144
1082.0, 47.254118821767364
1083.0, 30.614927420276615
1084.0, 39.56425406203842
1085.0, 55.982173465889595
1086.0, 57.82558712432254
1087.0, 51.21117127386721
1088.0, 54.291094969061064
1089.0, 61.544437538844
1090.0, 64.40773117330977
1091.0, 70.85910652920964
1092.0, 53.37973882528906
1093.0, 57.65477610322021
1094.0, 58.70825282914715
1095.0, 65.9458229000683
1096.0, 57.98667073223854
1097.0, 63.02355421134637
1098.0, 62.39735039245044
1099.0, 57.84052239492319
1100.0, 48.67296855117252
1101.0, 47.97549403473214
1102.0, 48.581834737081714
1103.0, 46.254877700580536
1104.0, 50.72425828970334
1105.0, 47.973097475585064
1106.0, 63.20821529745042
1107.0, 61.96925329428992
1108.0, 58.557675678791696
1109.0, 46.0042060988433
1110.0, 59.47079703130041
1111.0, 59.93620414673046
1112.0, 60.12799999999997
1113.0, 68.36994219653181
1114.0, 82.47386142122978
1115.0, 82.41777777777774
1116.0, 81.31494426601166
1117.0, 80.01616488179425
1118.0, 71.81950863536854
1119.0, 68.94161870081051
1120.0, 72.78995574765872
1121.0, 74.55000481278273
1122.0, 83.56373246594839
1123.0, 82.77588410737116
1124.0, 70.9284627092846
1125.0, 66.20958751393528
1126.0, 66.97113216057738
1127.0, 47.36026449013328
1128.0, 50.53398058252433
1129.0, 41.745186399016745
1130.0, 41.41880201038151
1131.0, 48.37351147255299
1132.0, 49.72900735021157
1133.0, 50.827136135984176
1134.0, 43.32388731455246
1135.0, 41.28820583664307
1136.0, 43.06288202294228
1137.0, 39.76654310276834
1138.0, 44.61279461279461
1139.0, 43.082425621850135
1140.0, 49.39550949913646
1141.0, 62.545796148426426
1142.0, 64.30617726051919
1143.0, 79.136690647482
1144.0, 79.92671009771982
1145.0, 76.37474541751526
1146.0, 74.73473237443987
1147.0, 75.76210744277
1148.0, 81.29187604690114
1149.0, 75.35401213755887
1150.0, 81.52329598112719
1151.0, 84.71371038347041
1152.0, 84.45789567384715
1153.0, 90.75083692013375
1154.0, 90.3096502655575
1155.0, 89.81783721175091
1156.0, 87.33970329394
1157.0, 88.00762176967949
1158.0, 87.40935233808437
1159.0, 76.60364226887829
1160.0, 76.43518518518523
1161.0, 68.30342752766735
1162.0, 63.39373163565133
1163.0, 53.747145526261185
1164.0, 17.681982447083016
1165.0, 16.684934843502504
1166.0, 15.33380514272227
1167.0, 14.014661492022341
1168.0, 10.788465416414553
1169.0, 8.986520219670496
1170.0, 10.758186645687815
1171.0, 3.504950495049428
1172.0, 1.8941612966216752
1173.0, 1.9617757103851972
1174.0, 3.168296658516738
1175.0, 3.4482758620689964
1176.0, 3.4220950704225714
1177.0, 10.741985522233705
1178.0, 20.322993284298093
1179.0, 23.19343065693431
1180.0, 20.60969677314742
1181.0, 22.724834614697002
1182.0, 32.19339622641509
1183.0, 37.37950029510121
1184.0, 49.41195168467892
1185.0, 55.31044298167579
1186.0, 63.40453717502904
1187.0, 63.02880658436215
1188.0, 33.342315638192744
1189.0, 30.642232128116248
1190.0, 36.525066972828164
1191.0, 40.8192392778135
1192.0, 40.351003380565345
1193.0, 41.52071764203334
1194.0, 45.24824855315258
1195.0, 46.336954009706474
1196.0, 47.22727272727273
1197.0, 44.40148698884763
1198.0, 37.580194110873535
1199.0, 35.44333255759837
1200.0, 32.83835041562425
1201.0, 38.27170483048794
1202.0, 66.0063720736944
1203.0, 78.74608150470216
1204.0, 73.96902407165516
1205.0, 61.81277860326895
1206.0, 52.70072992700727
1207.0, 40.457856399583804
1208.0, 48.33875045142653
1209.0, 57.12573055597186
1210.0, 55.92358650439072
1211.0, 65.57232888758605
1212.0, 69.81386565956308
1213.0, 66.1385126501405
1214.0, 67.82418649830011
1215.0, 66.47267206477726
1216.0, 69.56471804295393
1217.0, 65.08756174225417
1218.0, 66.57960605071281
1219.0, 68.5354567954374
1220.0, 68.77969762418999
1221.0, 74.53481568168513
1222.0, 67.77041942604846
1223.0, 65.26107072042291
1224.0, 67.77437155119547
1225.0, 68.31062341733987
1226.0, 70.17364657814085
1227.0, 80.94075311656594
1228.0, 75.05296610169479
1229.0, 75.00663305916682
1230.0, 75.79028527370849
1231.0, 80.72550081212758
1232.0, 74.76486951914146
1233.0, 74.69783503785351
1234.0, 78.77866814037023
1235.0, 78.0347611879018
1236.0, 65.63831011856799
1237.0, 59.43638914873704
1238.0, 49.33043792978653
1239.0, 39.15563957151859
1240.0, 31.875264568929097
1241.0, 37.1926629374269
1242.0, 57.0902394106814
1243.0, 55.37346046881209
1244.0, 51.50566648677814
1245.0, 37.22217828047143
1246.0, 41.36981992608317
1247.0, 44.37896307348
1248.0, 49.21326885089573
1249.0, 49.476135040745056
1250.0, 59.580205524378705
1251.0, 63.29490247262716
1252.0, 68.04869052010325
1253.0, 73.13551944283233
1254.0, 72.85190615835782
1255.0, 75.68933823529417
1256.0, 61.93426135121349
1257.0, 57.92774369461485
1258.0, 57.78096997058625
1259.0, 74.85820630981915
1260.0, 67.20027247956395
1261.0, 67.13590990529809
1262.0, 63.77656573255585
1263.0, 61.90215407082871
1264.0, 56.2445751760054
1265.0, 56.193878536255625
1266.0, 47.40496750645424
1267.0, 37.55884330867524
1268.0, 37.710691823899346
1269.0, 31.3747228381375
1270.0, 35.93270553380597
1271.0, 38.251858526695194
1272.0, 38.98720089037284
1273.0, 38.31346385212728
1274.0, 48.52531997774075
1275.0, 44.43777030273901
1276.0, 40.457385358953225
1277.0, 47.43916570104286
1278.0, 49.28967011798694
1279.0, 39.554565701558985
1280.0, 48.20630665134684
1281.0, 56.54387541179988
1282.0, 53.35860500379075
1283.0, 34.03973509933758
1284.0, 33.96475770925103
1285.0, 34.24637251998806
1286.0, 34.382387706855724
1287.0, 34.392550990245255
1288.0, 29.292768397578513
1289.0, 38.158261354137565
1290.0, 45.748276328241104
1291.0, 45.505160239000645
1292.0, 46.600376242945494
1293.0, 51.21086828115764
1294.0, 53.68007850834151
1295.0, 56.798471262678284
1296.0, 57.98319327731094
1297.0, 72.41379310344816
1298.0, 78.25004150755416
1299.0, 85.19230769230752
1300.0, 85.91033851784066
1301.0, 84.81107933162717
1302.0, 84.69821049438875
1303.0, 84.73293993039785
1304.0, 83.94334818586877
1305.0, 83.33608587943833
1306.0, 83.00774671606588
1307.0, 93.02920806985841
1308.0, 62.6638288338748
1309.0, 60.14931832936594
1310.0, 67.27370592984661
1311.0, 72.04166340355549
1312.0, 63.498098859315625
1313.0, 62.46187534214438
1314.0, 52.66187050359713
1315.0, 59.46649316851013
1316.0, 61.87270501835989
1317.0, 52.892561983471055
1318.0, 45.69011105235324
1319.0, 43.76460590609729
1320.0, 45.57976973684213
1321.0, 40.15179465556317
1322.0, 41.585239368961155
1323.0, 42.99796244286577
1324.0, 32.32701630674305
1325.0, 23.484336263240934
1326.0, 31.624404827815326
1327.0, 30.703624733475536
1328.0, 33.86976974498643
1329.0, 25.474330357142904
1330.0, 20.818202030682684
1331.0, 23.76681614349789
1332.0, 29.12691829116561
1333.0, 33.069734004313574
1334.0, 32.90435498816022
1335.0, 43.103107065109846
1336.0, 54.13870246085018
1337.0, 54.751686082158216
1338.0, 65.53647438720097
1339.0, 76.7445857683054
1340.0, 50.65903572667361
1341.0, 38.09834355028045
1342.0, 37.01216421692852
1343.0, 43.59468966299785
1344.0, 47.11139482923707
1345.0, 44.27114577084576
1346.0, 43.115871470301784
1347.0, 35.894915557144046
1348.0, 32.76476101218364
1349.0, 36.68137687555162
1350.0, 43.13725490196072
1351.0, 45.626404276749064
1352.0, 47.93421905379131
1353.0, 46.56488549618317
1354.0, 50.28042148198508
1355.0, 57.108387221310664
1356.0, 59.837589276978804
1357.0, 48.42919735247508
1358.0, 46.7308618199326
1359.0, 50.189879913784274
1360.0, 43.14071460079399
1361.0, 52.56957328385902
1362.0, 54.96344578525502
1363.0, 51.1325623626111
1364.0, 46.61724785967842
1365.0, 37.21194585098679
1366.0, 34.2077549066539
1367.0, 36.252029220779214
1368.0, 38.899552143314125
1369.0, 43.3578537429684
1370.0, 46.22021364009855
1371.0, 37.619127236248055
1372.0, 32.53331055688416
1373.0, 38.65330848089468
1374.0, 47.59840778416631
1375.0, 38.747685574819
1376.0, 42.525467898602244
1377.0, 40.12340600575892
1378.0, 45.1462164606572
1379.0, 54.8670668953688
1380.0, 59.63577854165139
1381.0, 67.07589960689448
1382.0, 67.29937530033637
1383.0, 66.13404891138623
1384.0, 63.56351342891132
1385.0, 83.0238934586761
1386.0, 81.82520074119824
1387.0, 80.8649000162575
1388.0, 77.1356986987796
1389.0, 87.22279972279979
1390.0, 86.0783388390751
1391.0, 82.04112431616687
1392.0, 76.83889298116395
1393.0, 67.16507177033489
1394.0, 63.058419243986236
1395.0, 40.40756379658511
1396.0, 37.64727884795216
1397.0, 33.26173165895568
1398.0, 31.127261481366958
1399.0, 25.075963537502034
1400.0, 25.840474620962524
1401.0, 17.645009580212545
1402.0, 28.3161975391875
1403.0, 22.994749230490527
1404.0, 15.29733959311406
1405.0, 12.70511779041415
1406.0, 18.69293608841899
1407.0, 18.49152273807634
1408.0, 20.795454545454533
1409.0, 25.05246166263126
1410.0, 33.122889443547166
1411.0, 39.63208003872853
1412.0, 54.22714349842881
1413.0, 60.51382295448203
1414.0, 66.8148353938046
1415.0, 68.04357051916809
1416.0, 62.791755077296216
1417.0, 59.06158357771272
1418.0, 39.25925925925929
1419.0, 49.5976281236764
1420.0, 48.778650597223695
1421.0, 53.039737348579244
1422.0, 56.33224549952629
1423.0, 49.2343477418104
1424.0, 47.2188633615478
1425.0, 45.78485405184726
1426.0, 38.2787263497923
1427.0, 33.705080545229265
1428.0, 28.390688259109368
1429.0, 32.647130055703585
1430.0, 37.64090644973858
1431.0, 52.25028484618303
1432.0, 76.94351230425049
1433.0, 75.61011684662029
1434.0, 75.64973419964552
1435.0, 76.5233485193621
1436.0, 70.69230769230758
1437.0, 87.12480252764593
1438.0, 86.46179401993332
1439.0, 75.80833090591305
1440.0, 81.5735694822887
1441.0, 74.17156040268449
1442.0, 76.41529818496107
1443.0, 71.5629053177691
1444.0, 71.17344143749308
1445.0, 63.87477687766023
1446.0, 66.09570418705806
1447.0, 62.9639775373236
1448.0, 57.98028244071407
1449.0, 59.98477543770611
1450.0, 62.53877973112725
1451.0, 52.974580854515985
1452.0, 57.19911395520547
1453.0, 57.69612711022847
1454.0, 55.60187597707144
1455.0, 63.553789384047704
1456.0, 49.83307367015357
1457.0, 56.2876830318691
1458.0, 50.31380753138077
1459.0, 39.47841726618698
1460.0, 38.94584051528622
1461.0, 38.471189174657155
1462.0, 52.96877290719835
1463.0, 53.513983480654964
1464.0, 57.43099787685777
1465.0, 60.83747148033819
1466.0, 55.93880016105227
1467.0, 55.08855405762623
1468.0, 52.87754819026488
1469.0, 54.30338891877354
1470.0, 58.8973162193699
1471.0, 60.839355197331884
1472.0, 64.21646650267687
1473.0, 74.95355514271237
1474.0, 72.6075068356948
1475.0, 72.04637013894606
1476.0, 51.23022847100179
1477.0, 44.98620055197791
1478.0, 35.02994011976038
1479.0, 38.41059602649006
1480.0, 40.43824701195216
1481.0, 48.74476987447694
1482.0, 41.8888888888888
1483.0, 36.45955451348177
1484.0, 45.24940617577195
1485.0, 36.93570451436377
1486.0, 31.812577065351377
1487.0, 37.08759954493738
1488.0, 38.03967327887977
1489.0, 40.53724053724054
1490.0, 56.893819334389875
1491.0, 48.579161028416834
1492.0, 36.22603430877898
1493.0, 28.478613968597614
1494.0, 31.98470850589348
1495.0, 28.99900232790155
1496.0, 29.476056338028144
1497.0, 34.86100676183321
1498.0, 36.02150537634407
1499.0, 32.90829879927742
1500.0, 23.66108946443579
1501.0, 26.13291934649216
1502.0, 25.260826068314927
1503.0, 31.33534663865545
1504.0, 37.21711987514255
1505.0, 38.16324018219866
1506.0, 54.23263116577262
1507.0, 59.121642200158384
1508.0, 60.25466390287241
1509.0, 62.1936792293392
1510.0, 63.09719002657321
1511.0, 64.63289081549718
1512.0, 59.405887408680684
1513.0, 56.79728827487031
1514.0, 72.12548098871713
1515.0, 71.07275803722503
1516.0, 67.32273368380561
1517.0, 60.56996182703697
1518.0, 57.03220253890845
1519.0, 65.30062393647196
1520.0, 56.66985036612537
1521.0, 55.07509490014858
1522.0, 50.96254812740638
1523.0, 46.92176548588751
1524.0, 46.13475854170647
1525.0, 34.69387755102041
1526.0, 47.436641516734426
1527.0, 55.53959786622898
1528.0, 60.93970558580358
1529.0, 58.22892333828841
1530.0, 66.89436447914122
1531.0, 77.40253290290524
1532.0, 76.63071391884935
1533.0, 77.4752475247523
1534.0, 84.41717791411037
1535.0, 78.07133421400258
1536.0, 82.05741626794254
1537.0, 82.07885304659493
1538.0, 80.06993006993011
1539.0, 89.85176738882566
1540.0, 78.26617826617831
1541.0, 78.39805825242725
1542.0, 81.2828601472135
1543.0, 82.02716823406486
1544.0, 84.65396188565704
1545.0, 87.03389830508483
1546.0, 88.7417218543047
1547.0, 76.43636363636372
1548.0, 72.88135593220345
1549.0, 77.60381211708649
1550.0, 74.06094968107732
1551.0, 72.9864575908768
1552.0, 78.4014643075046
1553.0, 78.95362663495841
1554.0, 79.61630695443654
1555.0, 80.56032018296175
1556.0, 76.76322418136027
1557.0, 78.20437093916132
1558.0, 66.43907563025216
1559.0, 62.054631828978636
1560.0, 55.97359735973603
1561.0, 62.62924667651411
1562.0, 66.49746192893411
1563.0, 62.89156626506031
1564.0, 70.87045921864299
1565.0, 69.48924731182804
1566.0, 66.01796407185637
1567.0, 61.29568106312298
1568.0, 64.39790575916237
1569.0, 69.57494407158845
1570.0, 69.36802973977706
1571.0, 68.66920152091262
1572.0, 87.95589482612398
1573.0, 87.72687986171148
1574.0, 90.55509527754771
1575.0, 91.53783563873073
1576.0, 92.27340267459144
1577.0, 85.9649122807018
1578.0, 62.35595390524968
1579.0, 58.25358851674642
1580.0, 58.27854154213986
1581.0, 57.93226381461676
1582.0, 59.96523754345307
1583.0, 53.08893414799732
1584.0, 48.12307692307693
1585.0, 48.12307692307693
1586.0, 46.74668351231839
1587.0, 41.77726485862666
1588.0, 42.011494252873554
1589.0, 44.254143646408835
1590.0, 39.3629807692308
1591.0, 45.13221153846157
1592.0, 55.87797619047623
1593.0, 58.39813374805593
1594.0, 60.60382916053017
1595.0, 62.445095168374785
1596.0, 65.43126684636115
1597.0, 64.76648351648348
1598.0, 70.68965517241372
1599.0, 71.31327953044747
1600.0, 70.7991038088125
1601.0, 82.36677115987455
1602.0, 83.81294964028771
1603.0, 72.75838466803556
1604.0, 72.08976157082742
1605.0, 71.30497476568127
1606.0, 75.78870139398379
1607.0, 79.33947772657451
1608.0, 78.4455128205128
1609.0, 69.27007299270076
1610.0, 67.86259541984734
1611.0, 61.708394698085414
1612.0, 68.1311018131102
1613.0, 62.89262235208182
1614.0, 56.32102272727271
1615.0, 52.63157894736839
1616.0, 37.14069591527984
1617.0, 37.769230769230745
1618.0, 35.89364844903987
1619.0, 35.368577810871116
1620.0, 30.37350246652565
1621.0, 29.540781357093806
1622.0, 16.721854304635727
1623.0, 24.6111111111111
1624.0, 15.004616805170798
1625.0, 29.55923978972909
1626.0, 23.426988523941432
1627.0, 24.062877871825904
1628.0, 25.679631953157696
1629.0, 38.656044336681695
1630.0, 40.100610851599
1631.0, 29.64930924548355
1632.0, 28.20318423047766
1633.0, 25.458006186057602
1634.0, 26.939864209505373
1635.0, 32.475884244373006
1636.0, 34.2455800435941
1637.0, 30.735826296743085
1638.0, 38.12856402280974
1639.0, 35.29411764705881
1640.0, 38.040101666196
1641.0, 39.44245100745238
1642.0, 38.876651982378846
1643.0, 27.417896956914717
1644.0, 28.411563568542093
1645.0, 45.33146591970119
1646.0, 50.73145245559041
1647.0, 53.263850795392216
1648.0, 51.15511551155116
1649.0, 44.2211055276382
1650.0, 54.53237410071947
1651.0, 61.58192090395479
1652.0, 56.370302474793746
1653.0, 36.77042801556415
1654.0, 31.593927893738083
1655.0, 24.999999999999957
1656.0, 40.66666666666662
1657.0, 49.56605593056893
1658.0, 53.220035778175365
1659.0, 61.17297698589462
1660.0, 61.40089418777943
1661.0, 75.85681645087593
1662.0, 73.99702823179791
1663.0, 56.44963144963143
1664.0, 60.07882882882881
1665.0, 62.743037309511294
1666.0, 65.38085937500003
1667.0, 66.48460774577953
1668.0, 71.62987317989663
1669.0, 70.66728452270618
1670.0, 64.50477626948214
1671.0, 65.99229287090557
1672.0, 63.64536899455176
1673.0, 51.92307692307691
1674.0, 54.83549351944169
1675.0, 48.81641241451868
1676.0, 50.05393743257822
1677.0, 65.78153289076644
1678.0, 63.90833863781034
1679.0, 54.73948524795987
1680.0, 47.645818692902324
1681.0, 58.731241473397
1682.0, 45.949625595643305
1683.0, 56.91244239631335
1684.0, 57.475276323443836
1685.0, 56.33213859020314
1686.0, 60.81382385730208
1687.0, 70.09345794392519
1688.0, 70.16317016317011
1689.0, 74.54233409610976
1690.0, 62.97728371193809
1691.0, 61.332660272589614
1692.0, 59.03743315508019
1693.0, 65.77181208053688
1694.0, 68.02610114192494
1695.0, 55.82854155776269
1696.0, 57.419354838709666
1697.0, 49.42528735632182
1698.0, 47.748303516347974
1699.0, 41.99881023200475
1700.0, 32.254335260115596
1701.0, 26.88622754491017
1702.0, 31.172491544532093
1703.0, 25.780806360022737
1704.0, 41.504854368932065
1705.0, 37.082066869300895
1706.0, 35.19488074461897
1707.0, 32.851115129596124
1708.0, 31.276989512646566
1709.0, 35.881104033970274
1710.0, 34.749828649760175
1711.0, 41.91580231848693
1712.0, 38.79164313946923
1713.0, 40.65088757396449
1714.0, 43.841735800893446
1715.0, 47.43833017077801
1716.0, 38.532763532763596
1717.0, 37.6216968011127
1718.0, 30.572755417956685
1719.0, 36.801836266258626
1720.0, 37.49025720966488
1721.0, 40.014958863126445
1722.0, 39.92509363295881
1723.0, 38.23529411764709
1724.0, 44.975688816855744
1725.0, 34.899328859060375
1726.0, 38.31578947368425
1727.0, 42.10526315789472
1728.0, 43.65256124721599
1729.0, 36.514983351831255
1730.0, 35.14957264957259
1731.0, 50.6085192697769
1732.0, 52.76430649854513
1733.0, 54.90740740740742
1734.0, 55.73308270676692
1735.0, 68.43163538873996
1736.0, 67.39576213260423
1737.0, 75.41638907395077
1738.0, 67.55934266585518
1739.0, 64.93812610489107
1740.0, 69.61465571699303
1741.0, 69.4214876033058
1742.0, 73.25227963525838
1743.0, 70.96584216725557
1744.0, 67.39373601789708
1745.0, 59.75750577367202
1746.0, 57.57760194765673
1747.0, 53.00653594771243
1748.0, 54.8772395487724
1749.0, 34.426229508196855
1750.0, 33.08619091751636
1751.0, 21.464903357070312
1752.0, 39.260739260739314
1753.0, 29.43820224719107
1754.0, 28.897058823529477
1755.0, 27.69571639586414
1756.0, 25.49467275494682
1757.0, 32.4960753532183
1758.0, 35.53648068669537
1759.0, 46.47058823529415
1760.0, 44.80069324090127
1761.0, 52.17729393468121
1762.0, 51.33228840125395
1763.0, 49.529042386185225
1764.0, 48.72586872586868
1765.0, 47.089552238806
1766.0, 49.75194897236004
1767.0, 64.87985212569316
1768.0, 73.32775919732438
1769.0, 66.99770817417877
1770.0, 66.76923076923076
1771.0, 61.21024049650891
1772.0, 66.88644688644689
1773.0, 66.59275683665928
1774.0, 66.49369903632316
1775.0, 60.01615508885298
1776.0, 65.39278131634819
1777.0, 67.31980405878238
1778.0, 67.65119549929685
1779.0, 74.67036780013882
1780.0, 70.32520325203257
1781.0, 70.38242473555738
1782.0, 64.66729147141524
1783.0, 76.94419030192138
1784.0, 73.7891737891739
1785.0, 69.87410071942449
1786.0, 69.32234432234432
1787.0, 65.46391752577324
1788.0, 70.27506654835852
1789.0, 78.19268110530246
1790.0, 71.68874172185437
1791.0, 70.76923076923083
1792.0, 74.72924187725634
1793.0, 60.05046257359128
1794.0, 58.58761987794243
1795.0, 65.6879194630873
1796.0, 65.03322259136215
1797.0, 62.03787195671776
1798.0, 68.0868167202572
1799.0, 73.71627502175807
1800.0, 71.80205415499536
1801.0, 74.72803347280335
1802.0, 61.69321039396481
1803.0, 56.01539942252166
1804.0, 61.38519924098672
1805.0, 62.69477543538036
1806.0, 63.886424134871355
1807.0, 72.6538849646821
1808.0, 50.0
1809.0, 43.437945791726065
1810.0, 33.94648829431436
1811.0, 32.246998284734204
1812.0, 26.5344079355239
1813.0, 28.82716049382718
1814.0, 26.906650396583316
1815.0, 25.728456292622482
1816.0, 27.501656726308838
1817.0, 24.13314840499318
1818.0, 20.447976878612764
1819.0, 28.921885087153086
1820.0, 24.729891956782737
1821.0, 22.06748794858065
1822.0, 29.055007052186212
1823.0, 33.82978723404257
1824.0, 44.49626865671641
1825.0, 67.97631862217435
1826.0, 65.88735387885225
1827.0, 67.68998490186208
1828.0, 63.17519962423672
1829.0, 71.0059171597633
1830.0, 76.56649616368286
1831.0, 77.08658955923724
1832.0, 77.44641192917054
1833.0, 76.5806451612903
1834.0, 79.90575563783236
1835.0, 87.92547474023642
1836.0, 86.28691983122361
1837.0, 85.6886657101865
1838.0, 88.187523071244
1839.0, 82.27390180878554
1840.0, 84.36344426835713
1841.0, 83.33333333333337
1842.0, 93.31288343558282
1843.0, 77.69585253456228
1844.0, 53.02593659942362
1845.0, 42.903752039151726
1846.0, 44.26751592356679
1847.0, 34.27065026362028
1848.0, 44.88188976377953
1849.0, 47.76119402985078
1850.0, 56.38766519823789
1851.0, 64.40049443757734
1852.0, 70.52200614124878
1853.0, 72.87615148413514
1854.0, 69.11045943304012
1855.0, 55.19480519480521
1856.0, 48.117469879518104
1857.0, 43.61774744027305
1858.0, 38.89227023737065
1859.0, 38.98718730933498
1860.0, 31.2565445026178
1861.0, 27.087114337568053
1862.0, 23.16126084970304
1863.0, 18.241042345276853
1864.0, 14.688759516345698
1865.0, 13.409090909090835
1866.0, 11.887141535615157
1867.0, 13.956639566395637
1868.0, 19.670710571923706
1869.0, 26.01737540009141
1870.0, 28.350266086115155
1871.0, 31.253333333333316
1872.0, 34.90172721858251
1873.0, 35.786953919808454
1874.0, 44.88759970993473
1875.0, 59.187442289935355
1876.0, 62.53658536585374
1877.0, 66.7013527575442
1878.0, 68.26411075612353
1879.0, 62.51455180442371
1880.0, 49.75550122249392
1881.0, 26.43312101910834
1882.0, 19.230769230769297
1883.0, 9.485094850948542
1884.0, 8.029197080291908
1885.0, 7.401177460050405
1886.0, 19.705197827773432
1887.0, 23.897058823529463
1888.0, 26.33451957295378
1889.0, 36.61971830985918
1890.0, 39.07839616995811
1891.0, 45.97639484978539
1892.0, 46.576086956521756
1893.0, 47.03622392974756
1894.0, 48.748577929465284
1895.0, 68.98481215027977
1896.0, 65.97774244833064
1897.0, 71.4518760195759
1898.0, 69.74522292993619
1899.0, 77.24867724867721
1900.0, 65.13761467889907
1901.0, 60.4046242774566
1902.0, 64.04199475065613
1903.0, 54.78547854785476
1904.0, 50.22675736961449
1905.0, 31.909212283044226
1906.0, 55.01653803748615
1907.0, 47.6599808978032
1908.0, 45.36363636363637
1909.0, 48.54452054794518
1910.0, 44.928684627575294
1911.0, 43.95161290322581
1912.0, 44.562551103843056
1913.0, 42.3136645962733
1914.0, 39.06810035842297
1915.0, 38.40732910500358
1916.0, 26.887131560028763
1917.0, 25.681492109038743
1918.0, 23.787375415282412
1919.0, 28.78888153540703
1920.0, 12.755102040816368
1921.0, 13.14800901577766
1922.0, 13.833992094861713
1923.0, 8.480268681780075
1924.0, 9.55534531693479
1925.0, 7.368421052631589
1926.0, 20.452640402347015
1927.0, 26.690079016681338
1928.0, 31.7327766179541
1929.0, 28.544600938967122
1930.0, 38.44621513944228
1931.0, 37.008628954937734
1932.0, 44.06047516198698
1933.0, 46.32124352331608
1934.0, 65.14486391571555
1935.0, 73.43039126478618
1936.0, 70.0520833333333
1937.0, 65.77017114914418
1938.0, 68.4684684684684
1939.0, 62.766689607708194
1940.0, 50.202156334231816
1941.0, 48.96408839779002
1942.0, 58.94236482471776
1943.0, 66.4126984126984
1944.0, 57.04142011834319
1945.0, 68.16015252621544
1946.0, 79.55936352509181
1947.0, 79.9880167765129
1948.0, 70.9378733572282
1949.0, 73.81593110871907
1950.0, 71.37652875357793
1951.0, 74.33650475713573
1952.0, 73.7583205325141
1953.0, 78.24920751036332
1954.0, 82.24155578300923
1955.0, 82.59779338014043
1956.0, 78.94598846355532
1957.0, 79.30945632568927
1958.0, 83.43724586608839
1959.0, 81.20578283605047
1960.0, 70.4259438528558
1961.0, 67.80821917808223
1962.0, 82.40368027602074
1963.0, 68.58710562414265
1964.0, 81.45048814504882
1965.0, 78.07089859851607
1966.0, 79.74105102817975
1967.0, 65.90284142988088
1968.0, 66.1510464058235
1969.0, 54.60122699386505
1970.0, 56.894977168949836
1971.0, 51.83673469387754
1972.0, 44.36681222707418
1973.0, 40.50632911392407
1974.0, 35.351270553064225
1975.0, 42.79100529100529
1976.0, 48.20359281437124
1977.0, 66.27246925260172
1978.0, 65.77052328372541
1979.0, 65.96658711217185
1980.0, 61.08160309029455
1981.0, 63.44032096288867
1982.0, 63.29305135951664
1983.0, 67.36334405144694
1984.0, 82.91614518147682
1985.0, 74.20712882402471
1986.0, 78.83582933031929
1987.0, 81.21897407611692
1988.0, 84.45655291081155
1989.0, 84.02593575007366
1990.0, 83.48064614446812
1991.0, 79.94820569737327
1992.0, 72.15686274509801
1993.0, 69.20689655172411
1994.0, 71.9593410445145
1995.0, 69.61681926076633
1996.0, 69.72972972972968
1997.0, 73.13156269302038
1998.0, 57.51953125000002
1999.0, 69.00995899238427
2000.0, 68.41791044776113
2001.0, 69.2799070847851
2002.0, 68.99942163100047
2003.0, 67.2571777642027
2004.0, 59.025974025973966
2005.0, 56.108312342569235
2006.0, 67.23891273247494
2007.0, 63.55645706558478
2008.0, 67.31352334748328
2009.0, 65.17909571344688
2010.0, 57.91424033880357
2011.0, 54.57142857142851
2012.0, 50.682382133994984
2013.0, 52.72614622056993
2014.0, 59.15417558886513
2015.0, 51.74785100286532
2016.0, 56.586666666666744
2017.0, 55.20669806384095
2018.0, 61.07416879795393
2019.0, 62.67716535433069
2020.0, 63.89029964448957
2021.0, 69.85008328706267
2022.0, 61.042765084944286
2023.0, 69.81366459627316
2024.0, 81.2169312169311
2025.0, 81.05403602401591
2026.0, 73.1087094723458
2027.0, 75.56325823223567
2028.0, 73.52941176470581
2029.0, 85.18518518518515
2030.0, 85.90163934426225
2031.0, 90.11456628477906
2032.0, 84.70511989630586
2033.0, 85.69187323501718
2034.0, 85.67839195979892
2035.0, 87.02588801926548
2036.0, 88.14024390243905
2037.0, 86.72429762272307
2038.0, 75.919169239405
2039.0, 76.95406929895246
2040.0, 78.21457821457818
2041.0, 77.24550898203589
2042.0, 66.43394199785178
2043.0, 58.45795945496844
2044.0, 53.17318035138042
2045.0, 36.21218763700131
2046.0, 35.64954682779458
2047.0, 46.84491978609626
2048.0, 43.45001804402744
2049.0, 39.31268882175228
2050.0, 44.10688140556365
2051.0, 46.27621113521331
2052.0, 57.096512570965146
2053.0, 47.282139775668654
2054.0, 49.75824175824177
2055.0, 49.200000000000045
2056.0, 65.11862695608275
2057.0, 65.89338598223092
2058.0, 55.71786310517531
2059.0, 63.66533864541834
2060.0, 72.74131274131275
2061.0, 56.643046944198424
2062.0, 60.0265604249668
2063.0, 60.752688172043044
2064.0, 52.12068211630961
2065.0, 52.32912494558117
2066.0, 53.165098374679204
2067.0, 64.76154428463289
2068.0, 69.54530585541384
2069.0, 61.86019303890027
2070.0, 59.22746781115882
2071.0, 53.78176382660688
2072.0, 59.56953642384105
2073.0, 66.05504587155964
2074.0, 63.93975191966922
2075.0, 70.44887780548626
2076.0, 69.94292961318962
2077.0, 62.43985281630336
2078.0, 59.60551202377731
2079.0, 56.23011664899255
2080.0, 52.43083534783772
2081.0, 45.87408312958436
2082.0, 31.418312387791786
2083.0, 35.883728700300765
2084.0, 40.769712140175244
2085.0, 45.42792059876345
2086.0, 50.51805337519625
2087.0, 30.335305719921195
2088.0, 36.33741888969005
2089.0, 32.996024575352465
2090.0, 43.44112263575348
2091.0, 53.66085578446911
2092.0, 57.2927241962775
2093.0, 48.15130830489194
2094.0, 44.412381951731405
2095.0, 43.37474120082816
2096.0, 50.99941211052319
2097.0, 50.16124303723247
2098.0, 47.756607252612156
2099.0, 53.728905824714225
2100.0, 51.9502543810062
2101.0, 54.459259259259234
2102.0, 48.000000000000014
2103.0, 54.66937354988399
2104.0, 53.27354260089688
2105.0, 51.04917005950517
2106.0, 51.92736540299463
2107.0, 70.12448132780091
2108.0, 85.06751389992073
2109.0, 87.46427113107404
2110.0, 87.57085020242931
2111.0, 89.64865885908584
2112.0, 86.37387387387388
2113.0, 78.35232252410165
2114.0, 74.9124343257444
2115.0, 69.29931146213042
2116.0, 70.99585062240658
2117.0, 65.12301013024609
2118.0, 55.96833130328872
2119.0, 48.05272618334329
2120.0, 48.902439024390205
2121.0, 41.80555555555554
2122.0, 56.60279647850859
2123.0, 55.56685307574989
2124.0, 56.73267326732668
2125.0, 46.91729323308268
2126.0, 40.962800875273516
2127.0, 45.86666666666667
2128.0, 49.400266548200776
2129.0, 54.75841874084921
2130.0, 51.04640582347596
2131.0, 42.906309751434
2132.0, 34.812286689419764
2133.0, 37.335894972782576
2134.0, 46.05531295487627
2135.0, 46.50692840646651
2136.0, 29.74413646055436
2137.0, 27.937249666221632
2138.0, 22.56410256410257
2139.0, 20.693709582598473
2140.0, 20.441347270615594
2141.0, 20.510588917899653
2142.0, 19.600938967136145
2143.0, 18.62439852816307
2144.0, 17.895023116671226
2145.0, 29.408543263964987
2146.0, 36.01818772328683
2147.0, 37.46031746031747
2148.0, 26.891939457937355
2149.0, 22.49840662842574
2150.0, 24.352671255326086
2151.0, 30.564784053156103
2152.0, 39.42498347653667
2153.0, 53.26719124187477
2154.0, 63.77922575699498
2155.0, 63.889950324799386
2156.0, 63.69573568958889
2157.0, 63.30660557464682
2158.0, 71.83708838821492
2159.0, 64.75495307612097
2160.0, 57.58587786259538
2161.0, 64.21095008051529
2162.0, 62.304687499999986
2163.0, 67.41335587489439
2164.0, 67.64582459085193
2165.0, 60.88247772592283
2166.0, 59.525899912203734
2167.0, 49.27968206656731
2168.0, 52.06572769953054
2169.0, 53.03587856485737
2170.0, 56.067125645438914
2171.0, 67.07040121120369
2172.0, 69.19378698224854
2173.0, 69.86557132188202
2174.0, 77.66077472734116
2175.0, 74.35233160621766
2176.0, 85.4048295454546
2177.0, 90.85923217550274
2178.0, 87.22640832436306
2179.0, 92.99624188588993
2180.0, 90.47959914101642
2181.0, 91.72714078374452
2182.0, 91.60839160839156
2183.0, 92.83919597989946
2184.0, 93.11178247734135
2185.0, 87.0999999999999
2186.0, 87.6594387755101
2187.0, 75.39769610532088
2188.0, 73.65234938022485
2189.0, 73.56089094590685
2190.0, 65.4468684025334
2191.0, 34.5094998061264
2192.0, 40.28107318853809
2193.0, 34.7416137805984
2194.0, 34.97626871120849
2195.0, 34.93163172288061
2196.0, 32.198660714285765
2197.0, 26.21457489878543
2198.0, 19.539097892456184
2199.0, 18.855730849648367
2200.0, 19.30056710775048
2201.0, 26.5389876880985
2202.0, 27.844195912070944
2203.0, 24.36090225563909
2204.0, 24.425179042593285
2205.0, 44.858216604031455
2206.0, 34.407766990291194
2207.0, 37.18002517834656
2208.0, 41.384799044966144
2209.0, 38.96590483327082
2210.0, 44.3169594836859
2211.0, 49.93552546744039
2212.0, 55.79971181556195
2213.0, 56.08254887762488
2214.0, 46.96637426900584
2215.0, 39.51646519383076
2216.0, 38.15004262574593
2217.0, 47.05615942028988
2218.0, 52.02237521514624
2219.0, 55.14883346741753
2220.0, 50.64647210934614
2221.0, 49.691917361362826
2222.0, 40.97643097643102
2223.0, 46.38849929873774
2224.0, 42.304804804804796
2225.0, 31.10712684894665
2226.0, 38.97941680960549
2227.0, 43.43048256091737
2228.0, 49.24892703862655
2229.0, 54.07766990291262
2230.0, 49.58715596330281
2231.0, 50.20389669234255
2232.0, 44.64540694907191
2233.0, 43.87065637065632
2234.0, 55.9003051881994
2235.0, 52.78578290105668
2236.0, 66.57652785289346
2237.0, 60.0
2238.0, 63.43026121241987
2239.0, 59.75609756097559
2240.0, 59.932005828071865
2241.0, 65.18237801989576
2242.0, 63.908368396446996
2243.0, 50.58315334773219
2244.0, 48.52880232076251
2245.0, 45.95300261096607
2246.0, 40.47527788424684
2247.0, 36.844245628304236
2248.0, 29.88313856427382
2249.0, 23.92248580020049
2250.0, 19.97947314403008
2251.0, 20.405310971348698
2252.0, 13.772845953002644
2253.0, 12.37536656891497
2254.0, 18.31601968288679
2255.0, 18.38295547664569
2256.0, 21.786376888417678
2257.0, 26.124319679175002
2258.0, 34.292972057578325
2259.0, 40.399385560675874
2260.0, 46.40504939626783
2261.0, 48.319661286054526
2262.0, 47.939091625098456
2263.0, 61.56439649359407
2264.0, 60.846384538487236
2265.0, 60.70478723404252
2266.0, 63.66806136680611
2267.0, 78.22380106571929
2268.0, 63.46294937637565
2269.0, 65.15045486354096
2270.0, 65.17482517482517
2271.0, 61.256906077348056
2272.0, 58.04038893044127
2273.0, 46.16951915240427
2274.0, 43.11073541842773
2275.0, 35.24492234169651
2276.0, 39.020340390203444
2277.0, 37.842190016103125
2278.0, 43.18806438947782
2279.0, 58.3003350593969
2280.0, 57.049180327868875
2281.0, 51.36940547762192
2282.0, 66.95411148752689
2283.0, 64.72715318869157
2284.0, 56.56502800248904
2285.0, 60.583488516449364
2286.0, 54.45285215366706
2287.0, 58.793363499245814
2288.0, 63.71753246753246
2289.0, 64.82246077621804
2290.0, 63.18681318681316
2291.0, 60.335781741867805
2292.0, 50.53128689492325
2293.0, 42.9621562755241
2294.0, 49.66424174594291
2295.0, 51.243509155506985
2296.0, 36.14352392065345
2297.0, 32.99406276505515
2298.0, 40.78680937228817
2299.0, 35.42476401998894
2300.0, 44.218621257896196
2301.0, 40.820676791899835
2302.0, 36.214819069500365
2303.0, 37.99337149743903
2304.0, 42.22865412445735
2305.0, 44.90612496152665
2306.0, 54.72618154538637
2307.0, 46.67440061871616
2308.0, 40.90724989874444
2309.0, 45.962962962962976
2310.0, 58.48759354076405
2311.0, 63.10228233305153
2312.0, 64.5266151970743
2313.0, 62.176977290524626
2314.0, 59.24050632911387
2315.0, 60.93750000000001
2316.0, 61.05581999134571
2317.0, 63.65979381443298
2318.0, 62.349799732977296
2319.0, 56.31028938906753
2320.0, 55.2662721893491
2321.0, 67.63122476446836
2322.0, 64.15576125119696
2323.0, 55.32125205930802
2324.0, 46.75790159661125
2325.0, 46.775244299674256
2326.0, 46.49639816633919
2327.0, 55.50070521861774
2328.0, 53.15515961395692
2329.0, 57.36230798051701
2330.0, 48.39721254355396
2331.0, 46.2618462618463
2332.0, 42.022393282015386
2333.0, 48.4955060570535
2334.0, 50.73643410852714
2335.0, 33.05004721435314
2336.0, 34.21309872922774
2337.0, 35.915854284248326
2338.0, 38.188761593016906
2339.0, 35.399590163934405
2340.0, 32.02156334231813
2341.0, 40.236966824644576
2342.0, 42.941176470588296
2343.0, 45.94942134590656
2344.0, 55.131964809384186
2345.0, 59.26794931956825
2346.0, 63.84015594541912
2347.0, 60.82375478927205
2348.0, 54.24187725631765
2349.0, 54.686078252957216
2350.0, 58.51996105160664
2351.0, 68.43033509700177
2352.0, 73.06967984934082
2353.0, 71.38914443422256
2354.0, 65.95427435387668
2355.0, 57.26762320648783
2356.0, 47.5073313782991
2357.0, 35.00000000000013
2358.0, 38.92617449664429
2359.0, 44.959677419354875
2360.0, 48.90032756200279
2361.0, 48.96907216494844
2362.0, 45.4941227688289
2363.0, 41.01255886970176
2364.0, 41.15793619535254
2365.0, 31.6340464269458
2366.0, 31.89536484625974
2367.0, 31.706204379562053
2368.0, 32.49181860682559
2369.0, 31.807780320366106
2370.0, 32.2505800464037
2371.0, 34.559920437593206
2372.0, 29.133010231556383
2373.0, 10.284035259549483
2374.0, 2.4494142705006823
2375.0, 14.900822447992368
2376.0, 16.016640665626753
2377.0, 33.602150537634486
2378.0, 33.03382663847782
2379.0, 45.26086956521741
2380.0, 46.72027084214987
2381.0, 36.861435726210416
2382.0, 40.26675134963484
2383.0, 46.610416060517885
2384.0, 44.266371925946416
2385.0, 46.70284938941658
2386.0, 46.5578231292517
2387.0, 54.408060453400516
2388.0, 50.70422535211269
2389.0, 46.5040650406504
2390.0, 57.46579417013681
2391.0, 51.237309644670034
2392.0, 50.139708165166105
2393.0, 42.04067321178119
2394.0, 45.37343027098477
2395.0, 53.88540031397175
2396.0, 48.18652849740937
2397.0, 41.123188405797094
2398.0, 55.566082425390796
2399.0, 47.88732394366197
2400.0, 44.54775993237533
2401.0, 41.44684252597919
2402.0, 47.49482401656318
2403.0, 42.671130952380935
2404.0, 29.264972776769596
2405.0, 31.63841807909604
2406.0, 38.22304488662656
2407.0, 44.81576692373614
2408.0, 34.13502109704645
2409.0, 33.89191453707582
2410.0, 34.49893390191899
2411.0, 43.73626373626377
2412.0, 33.28556073092085
2413.0, 35.4580152671756
2414.0, 37.55052546483431
2415.0, 41.46341463414636
2416.0, 36.729559748427604
2417.0, 38.95064473099153
2418.0, 42.99537231804791
2419.0, 43.3528428093646
2420.0, 40.43956043956047
2421.0, 37.38447319778191
2422.0, 34.90077653149264
2423.0, 36.16450603486815
2424.0, 40.56562085726914
2425.0, 32.75
2426.0, 40.09406231628457
2427.0, 37.55506607929522
2428.0, 48.617511520737274
2429.0, 53.229865771812065
2430.0, 60.38110361254464
2431.0, 63.61355081555833
2432.0, 64.83427647534359
2433.0, 59.75516449885228
2434.0, 53.358992302309304
2435.0, 54.78290366350067
2436.0, 62.25905936777183
2437.0, 70.51119560625264
2438.0, 72.00160449257919
2439.0, 65.60000000000002
2440.0, 63.155833985904486
2441.0, 66.6528925619834
2442.0, 70.01114827201782
2443.0, 64.9355877616747
2444.0, 65.21565495207665
2445.0, 56.05904565739789
2446.0, 45.42219346489808
2447.0, 48.599726775956334
2448.0, 52.12454212454211
2449.0, 58.48157560355779
2450.0, 61.023373341756155
2451.0, 58.98241206030147
2452.0, 58.85318210459987
2453.0, 63.991186654076124
2454.0, 60.85004489673743
2455.0, 57.15490581951081
2456.0, 51.5883100381194
2457.0, 52.18508997429305
2458.0, 42.83903675538661
2459.0, 49.03881030105186
2460.0, 61.347792408985214
2461.0, 56.234279554437606
2462.0, 61.473183978275635
2463.0, 46.5497076023392
2464.0, 42.52120277563606
2465.0, 44.57031250000003
2466.0, 44.39655172413791
2467.0, 37.173579109062985
2468.0, 34.2533616418967
2469.0, 35.36719035440265
2470.0, 36.91155492154068
2471.0, 44.88762266540043
2472.0, 52.43658210947932
2473.0, 55.39340101522843
2474.0, 51.99726869238649
2475.0, 56.98222705839683
2476.0, 56.22000738279807
2477.0, 63.837076513132864
2478.0, 62.38839285714287
2479.0, 53.86132106473874
2480.0, 49.52978056426337
2481.0, 49.66818023052738
2482.0, 57.94621026894858
2483.0, 67.12430426716135
2484.0, 68.81379795846527
2485.0, 57.30951512942032
2486.0, 55.40746382330537
2487.0, 54.43579766536966
2488.0, 55.54290053151103
2489.0, 52.8971962616822
2490.0, 51.086956521739076
2491.0, 54.47976878612711
2492.0, 58.43605546995373
2493.0, 71.12794612794607
2494.0, 65.12524084778414
2495.0, 72.71658173265386
2496.0, 71.73240525908739
2497.0, 64.92702344095531
2498.0, 54.80924234282649
2499.0, 52.631578947368425
2500.0, 55.15388373229111
2501.0, 56.160458452722025
2502.0, 54.80059084194977
2503.0, 59.93233446109234
2504.0, 54.41106342393901
2505.0, 43.089430894308975
2506.0, 45.312500000000014
2507.0, 33.98342272062408
2508.0, 67.61734997029114
2509.0, 69.30442128977751
2510.0, 69.85523701390863
2511.0, 72.76688453159046
2512.0, 73.97484964461455
2513.0, 83.0411037654499
2514.0, 80.35139092240124
2515.0, 73.95295467584634
2516.0, 70.35616438356172
2517.0, 67.33793103448284
2518.0, 71.34724857685015
2519.0, 73.50756533700145
2520.0, 73.27968923418432
2521.0, 79.02453620586479
2522.0, 57.49864645370869
2523.0, 34.44605708756646
2524.0, 41.49659863945578
2525.0, 29.248026589115113
2526.0, 30.09031198686374
2527.0, 36.33644859813088
2528.0, 36.58261196838539
2529.0, 47.191830780452236
2530.0, 55.438964672962555
2531.0, 59.80795610425236
2532.0, 53.84882108183079
2533.0, 54.557869580061435
2534.0, 54.008293020041435
2535.0, 49.07378335949768
2536.0, 53.47852389594677
2537.0, 63.5514018691589
2538.0, 69.14181375532561
2539.0, 81.13622096672944
2540.0, 79.81012658227851
2541.0, 78.29193603266421
2542.0, 81.09796186719274
2543.0, 79.75352112676063
2544.0, 69.19032597266042
2545.0, 69.45795691452406
2546.0, 74.88664108824563
2547.0, 73.14650585313944
2548.0, 73.23196605374827
2549.0, 83.50194552529183
2550.0, 73.74620060790275
2551.0, 73.24528301886792
2552.0, 56.76172953081879
2553.0, 46.70385395537528
2554.0, 45.235756385068775
2555.0, 38.68887694787741
2556.0, 33.00058719906049
2557.0, 25.028312570781566
2558.0, 33.15858453473142
2559.0, 24.99999999999993
2560.0, 15.508885298869117
2561.0, 15.60975609756099
2562.0, 24.122807017543963
2563.0, 22.537313432835788
2564.0, 22.861468584405756
2565.0, 23.338485316847013
2566.0, 42.738901429646276
2567.0, 51.780415430267006
2568.0, 60.84165477888727
2569.0, 64.10432395332887
2570.0, 63.90614216701177
2571.0, 76.58402203856761
2572.0, 75.66213314244823
2573.0, 78.38525111252397
2574.0, 80.2763819095479
2575.0, 82.68529769137317
2576.0, 74.33188315724058
2577.0, 64.046822742475
2578.0, 66.84118673647477
2579.0, 70.71428571428574
2580.0, 35.463702674539746
2581.0, 46.974885844748854
2582.0, 40.417457305502815
2583.0, 37.5599360681939
2584.0, 39.74293059125965
2585.0, 34.81822836661546
2586.0, 34.11616161616162
2587.0, 29.697125256673502
2588.0, 28.35288118306984
2589.0, 32.12560386473427
2590.0, 32.847616695480355
2591.0, 33.71356147021545
2592.0, 34.111310592459574
2593.0, 33.13378448724623
2594.0, 51.38726064869092
2595.0, 32.720389399675526
2596.0, 40.48716260697836
2597.0, 53.808653260207194
2598.0, 52.29704216488359
2599.0, 57.94979079497915
2600.0, 48.99764150943389
2601.0, 55.93525179856116
2602.0, 46.81384846964378
2603.0, 34.668129456939184
2604.0, 36.76712328767121
2605.0, 32.90828837665522
2606.0, 29.995529727313368
2607.0, 41.01694915254236
2608.0, 40.068886337543006
2609.0, 39.231664726426075
2610.0, 41.71938965388909
2611.0, 37.209302325581426
2612.0, 35.26250516742452
2613.0, 32.09179834461996
2614.0, 43.489881634211564
2615.0, 39.45966514459667
2616.0, 48.997012377294055
2617.0, 45.791783007578736
2618.0, 46.49606299212597
2619.0, 53.102517985611456
2620.0, 57.19128329297822
2621.0, 43.87301587301583
2622.0, 52.26781857451403
2623.0, 60.03616636528027
2624.0, 57.469077069457676
2625.0, 59.10338517840806
2626.0, 59.28961748633877
2627.0, 71.46879399343037
2628.0, 68.31683168316837
2629.0, 65.7802308078275
2630.0, 63.934426229508226
2631.0, 78.1602708803614
2632.0, 77.47380675203749
2633.0, 78.78965922444206
2634.0, 93.13621964097158
2635.0, 94.2084942084943
2636.0, 94.39494107502165
2637.0, 84.91115642295375
2638.0, 81.19777158774372
2639.0, 75.81843191196697
2640.0, 68.99420216788506
2641.0, 55.29670329670333
2642.0, 51.6606727311191
2643.0, 58.04195804195803
2644.0, 59.969500571864295
2645.0, 58.61253448955458
2646.0, 61.382861346083104
2647.0, 57.55793842960915
2648.0, 51.36741973840667
2649.0, 48.47785009447828
2650.0, 41.334768568353034
2651.0, 49.42093072225732
2652.0, 51.53946227233304
2653.0, 55.86701434159065
2654.0, 61.33486766398158
2655.0, 71.12356551908192
2656.0, 77.92828685258966
2657.0, 75.2604941947008
2658.0, 74.0474703310431
2659.0, 69.76127320954907
2660.0, 67.14697406340056
2661.0, 78.47533632286994
2662.0, 78.21717990275525
2663.0, 76.94682675814751
2664.0, 84.8335854765507
2665.0, 76.72158850866069
2666.0, 61.884961884961875
2667.0, 60.38890889449043
2668.0, 63.33333333333333
2669.0, 68.2076813655761
2670.0, 70.55335968379441
2671.0, 67.0849420849421
2672.0, 69.70684039087948
2673.0, 72.72165585418598
2674.0, 73.40361445783135
2675.0, 71.66238767650836
2676.0, 67.47697974217314
2677.0, 54.34782608695648
2678.0, 49.21259842519684
2679.0, 58.91838253535105
2680.0, 70.11339092872572
2681.0, 62.36345580933463
2682.0, 61.84243644601055
2683.0, 67.3416630762602
2684.0, 65.18144235186034
2685.0, 64.60277714545865
2686.0, 61.79361179361178
2687.0, 61.47641163529697
2688.0, 61.92316984778928
2689.0, 59.23926380368098
2690.0, 57.3618090452261
2691.0, 66.55976676384844
2692.0, 73.33761644715705
2693.0, 67.82945736434108
2694.0, 57.55178907721279
2695.0, 65.07666098807499
2696.0, 66.51694569211924
2697.0, 45.72815533980578
2698.0, 15.48319327731096
2699.0, 16.01825690067379
2700.0, 15.266841644794411
2701.0, 15.463003987594163
2702.0, 11.420612813370496
2703.0, 13.714153561517108
2704.0, 12.805009717123724
2705.0, 16.13917417732131
2706.0, 21.890937622597093
2707.0, 20.41467304625195
2708.0, 25.519048578915474
2709.0, 23.566641846612015
2710.0, 17.5067855758045
2711.0, 16.75946547884182
2712.0, 30.988332189430267
2713.0, 34.681892332789516
2714.0, 31.40324963072372
2715.0, 35.53441522104079
2716.0, 30.92550790067716
2717.0, 28.37803960892451
2718.0, 30.819493601960232
2719.0, 32.545792407751534
2720.0, 26.730103806228314
2721.0, 32.14477211796245
2722.0, 27.07213578500709
2723.0, 29.212454212454205
2724.0, 32.83813060971842
2725.0, 44.7881640887693
2726.0, 53.725640045854036
2727.0, 44.02826855123675
2728.0, 49.26848556741797
2729.0, 44.23158790974882
2730.0, 51.41019297377531
2731.0, 46.844003606853086
2732.0, 47.42126882701964
2733.0, 43.33497294638463
2734.0, 37.720488466757175
2735.0, 25.406871609403268
2736.0, 31.053763440860237
2737.0, 42.17745392198889
2738.0, 46.65875840253064
2739.0, 34.17293233082711
2740.0, 35.766691122523866
2741.0, 31.71763175016268
2742.0, 27.098387993329638
2743.0, 27.30327639316721
2744.0, 30.368702504925423
2745.0, 40.20902090209023
2746.0, 33.257506824385814
2747.0, 32.690984170681375
2748.0, 32.83410138248853
2749.0, 37.90834312573445
2750.0, 42.80147218012559
2751.0, 39.76288189694484
2752.0, 33.56578335657835
2753.0, 35.81349206349209
2754.0, 35.39690464303543
2755.0, 41.053850607990704
2756.0, 47.64784946236558
2757.0, 52.296387017758704
2758.0, 57.85772247768461
2759.0, 24.45001392369811
2760.0, 23.554661301140143
2761.0, 27.29012503189587
2762.0, 27.00075738449884
2763.0, 28.366158800941392
2764.0, 24.424986931521147
2765.0, 28.59612297814543
2766.0, 29.246116933956287
2767.0, 31.93580492659862
2768.0, 31.535477412088596
2769.0, 33.021728145528044
2770.0, 32.78565157406247
2771.0, 29.848445928589783
2772.0, 27.279989348954885
2773.0, 59.78809283551968
2774.0, 82.28607514998421
2775.0, 80.45296167247386
2776.0, 88.80769230769235
2777.0, 81.33773740710156
2778.0, 76.4850471118394
2779.0, 75.69856054191364
2780.0, 76.87016337059329
2781.0, 75.73297248534057
2782.0, 76.32042253521128
2783.0, 79.84263769201948
2784.0, 80.99581908019753
2785.0, 84.64216634429395
2786.0, 72.0747663551401
2787.0, 67.74873524451931
2788.0, 57.07743547044127
2789.0, 60.90254076602196
2790.0, 63.475433526011514
2791.0, 64.59558823529412
2792.0, 65.24322317118458
2793.0, 53.882725832012625
2794.0, 43.89928986442866
2795.0, 40.94117647058821
2796.0, 45.60371517027866
2797.0, 42.75008145975888
2798.0, 48.83076923076928
2799.0, 46.53284671532845
2800.0, 52.22259925347811
2801.0, 54.604833442194646
2802.0, 55.47445255474449
2803.0, 48.552932216298615
2804.0, 50.85485631138597
2805.0, 50.0
2806.0, 48.37370242214531
2807.0, 51.077822433321174
2808.0, 68.349193214729
2809.0, 73.39514978602
2810.0, 69.51369023293829
2811.0, 68.2957926051849
2812.0, 61.325966850828685
2813.0, 64.26858513189455
2814.0, 66.97695035461
2815.0, 60.095944177932864
2816.0, 66.40963855421688
2817.0, 66.3776493256262
2818.0, 64.26011264720947
2819.0, 73.3663366336634
2820.0, 79.67741935483875
2821.0, 77.38903394255864
2822.0, 74.07185628742504
2823.0, 66.46010844306733
2824.0, 62.7245508982035
2825.0, 40.213760855043496
2826.0, 31.175556706369832
2827.0, 51.049723756906054
2828.0, 39.489194499017714
2829.0, 38.080202083991196
2830.0, 39.49398333847578
2831.0, 38.27751196172246
2832.0, 42.36246858419437
2833.0, 39.47214076246336
2834.0, 39.264877479579944
2835.0, 40.81261370527597
2836.0, 39.62655601659754
2837.0, 39.82274741506648
2838.0, 41.27456819535441
2839.0, 45.4873646209386
2840.0, 53.41040462427751
2841.0, 43.398876404494374
2842.0, 49.20382165605092
2843.0, 50.18949648077959
2844.0, 43.189873417721564
2845.0, 48.49412965798884
2846.0, 35.547122074636306
2847.0, 29.64264792032806
2848.0, 33.56361542890035
2849.0, 33.943903835145974
2850.0, 36.36904761904766
2851.0, 32.98791018998271
2852.0, 31.489111241906983
2853.0, 40.573318632855596
2854.0, 44.76295479603085
2855.0, 42.644533485975934
2856.0, 57.440648523450996
2857.0, 61.12138016019718
2858.0, 57.10995970063327
2859.0, 66.63681146439764
2860.0, 58.42167255594814
2861.0, 65.41798107255518
2862.0, 66.29515757109911
2863.0, 64.06425102726934
2864.0, 62.22955628896219
2865.0, 65.37037037037041
2866.0, 65.37037037037041
2867.0, 62.33559186927062
2868.0, 59.73504616619831
2869.0, 55.87329520457551
2870.0, 51.38148327678144
2871.0, 61.64810690423162
2872.0, 75.60429722470899
2873.0, 50.390804597701134
2874.0, 43.047918303220754
2875.0, 38.349917081260315
2876.0, 40.662410215482836
2877.0, 36.61516349263382
2878.0, 32.32868020304565
2879.0, 34.87022900763358
2880.0, 33.58823529411765
2881.0, 38.360296133808596
2882.0, 36.556049124640694
2883.0, 37.503217503217485
2884.0, 26.42843848873997
2885.0, 17.694543106231848
2886.0, 13.21858288770055
2887.0, 20.249914412872315
2888.0, 25.726063331459628
2889.0, 25.355493998153293
2890.0, 21.237614507384592
2891.0, 23.787848802691485
2892.0, 27.253356062220334
2893.0, 23.760646429351354
2894.0, 24.427480916030518
2895.0, 19.06400550584999
2896.0, 20.033751205400208
2897.0, 21.435338702036958
2898.0, 31.978798586572466
2899.0, 53.392330383480825
2900.0, 51.043429216018076
2901.0, 42.74406332453824
2902.0, 35.02994011976047
2903.0, 44.46902654867255
2904.0, 52.37315875613747
2905.0, 35.897435897435955
2906.0, 47.083118224057834
2907.0, 53.16205533596838
2908.0, 54.46685878962536
2909.0, 61.20434353405726
2910.0, 62.903225806451616
2911.0, 61.68601716304895
2912.0, 60.495049504950494
2913.0, 61.16313454903892
2914.0, 71.19437939110068
2915.0, 65.14581373471309
2916.0, 57.87037037037038
2917.0, 52.232518955349626
2918.0, 53.004558640696224
2919.0, 61.638554216867426
2920.0, 52.59082787373436
2921.0, 44.355336212214695
2922.0, 38.700234192037506
2923.0, 38.700234192037435
2924.0, 31.487179487179503
2925.0, 28.670581954084383
2926.0, 44.22616195495928
2927.0, 42.322097378277164
2928.0, 33.65643511039312
2929.0, 32.82563025210084
2930.0, 48.32657200811357
2931.0, 48.997429305912604
2932.0, 55.6152125279642
2933.0, 57.81395348837212
2934.0, 62.96447529603922
2935.0, 53.3195020746888
2936.0, 58.33333333333333
2937.0, 59.80653769179456
2938.0, 61.593953967708714
2939.0, 60.267857142857125
2940.0, 57.290513104466584
2941.0, 58.765619083680406
2942.0, 53.15068493150684
2943.0, 56.79681851048445
2944.0, 49.60095770151637
2945.0, 53.11993517017829
2946.0, 50.8078231292517
2947.0, 53.892944038929436
2948.0, 51.84243964421857
2949.0, 58.25797239409802
2950.0, 53.33662876915475
2951.0, 62.01207243460763
2952.0, 63.46787479406919
2953.0, 59.24644367550941
2954.0, 57.36122284794853
2955.0, 60.58014131647454
2956.0, 68.70993589743591
2957.0, 67.92150580696838
2958.0, 57.16211661611056
2959.0, 60.5891472868217
2960.0, 54.129606099110546
2961.0, 48.9706799750468
2962.0, 47.05501618122977
2963.0, 48.54757929883139
2964.0, 52.17391304347824
2965.0, 44.20893262679787
2966.0, 55.040595399188085
2967.0, 64.10668380462728
2968.0, 68.02175780131691
2969.0, 79.68352128046564
2970.0, 72.69803656059578
2971.0, 75.046992481203
2972.0, 78.18211488250651
2973.0, 79.25201738050899
2974.0, 75.89537821370186
2975.0, 78.15793493202989
2976.0, 76.22228970543574
2977.0, 79.56204379562041
2978.0, 78.50764340850611
2979.0, 78.2808198225757
2980.0, 77.54230586746796
2981.0, 76.0268231349539
2982.0, 75.16930022573365
2983.0, 59.08077994428966
2984.0, 67.69869135014369
2985.0, 63.2401017072285
2986.0, 67.06471494607092
2987.0, 50.0
2988.0, 55.98573611818656
2989.0, 58.058252427184534
2990.0, 66.09222170470431
2991.0, 60.1314348302301
2992.0, 66.53543307086622
2993.0, 53.062136790344226
2994.0, 50.88868101028999
2995.0, 47.44875708678584
2996.0, 45.376246600181304
2997.0, 47.12018140589571
2998.0, 49.348314606741575
2999.0, 47.99261652053531
3000.0, 51.40640155189136
3001.0, 57.986870897155306
3002.0, 64.83180428134557
3003.0, 66.05667060212517
3004.0, 58.25747724317299
3005.0, 61.39506915213474
3006.0, 56.56292286874152
3007.0, 71.02803738317769
3008.0, 69.02815622161681
3009.0, 82.79569892473128
3010.0, 85.66775244299686
3011.0, 85.32110091743131
3012.0, 86.09794628751982
3013.0, 34.30851063829785
3014.0, 39.93920972644376
3015.0, 41.9545320342486
3016.0, 44.87471526195899
3017.0, 40.83405734144217
3018.0, 38.54565336249313
3019.0, 36.71171171171165
3020.0, 35.45793855871369
3021.0, 38.131743327654696
3022.0, 36.379211878926306
3023.0, 38.14547473625764
3024.0, 30.969122592479337
3025.0, 30.23185787413425
3026.0, 27.23325062034739
3027.0, 57.310704960835515
3028.0, 48.866301798279906
3029.0, 43.130724396336426
3030.0, 39.77072310405629
3031.0, 40.448430493273584
3032.0, 62.63107721639668
3033.0, 70.16742770167443
3034.0, 67.64490095377859
3035.0, 67.88055353241089
3036.0, 69.86506746626708
3037.0, 56.69710806697107
3038.0, 52.76203966005666
3039.0, 55.39251650770371
3040.0, 58.435032304379206
3041.0, 64.18250950570342
3042.0, 61.34259259259271
3043.0, 65.19174041297946
3044.0, 61.325115562403795
3045.0, 62.72655634357773
3046.0, 50.38428693424425
3047.0, 37.92735042735039
3048.0, 35.00986193293882
3049.0, 45.08333333333336
3050.0, 41.67950693374414
3051.0, 49.57264957264965
3052.0, 56.9029850746269
3053.0, 60.17241379310354
3054.0, 45.159010600706665
3055.0, 53.2530120481928
3056.0, 56.32318501170955
3057.0, 56.29759812536614
3058.0, 59.88795518207289
3059.0, 62.15437788018426
3060.0, 67.08633093525182
3061.0, 64.49668474984924
3062.0, 68.94329896907205
3063.0, 62.28482003129885
3064.0, 56.61450924608816
3065.0, 46.960297766749314
3066.0, 31.91395961369632
3067.0, 33.05999136814849
3068.0, 42.99539170506908
3069.0, 32.05065757428159
3070.0, 33.029284685549655
3071.0, 33.06142034548945
3072.0, 37.751004016064265
3073.0, 42.044038221852944
3074.0, 39.43204868154155
3075.0, 46.185185185185176
3076.0, 46.3568773234201
3077.0, 42.31571627260081
3078.0, 32.989970181621004
3079.0, 38.48066298342538
3080.0, 49.83617300131059
3081.0, 46.24122953558299
3082.0, 44.59366391184571
3083.0, 44.74775397373872
3084.0, 44.012605042016816
3085.0, 41.759027529495825
3086.0, 34.97288923315254
3087.0, 39.82078853046588
3088.0, 38.84615384615377
3089.0, 32.104454685099796
3090.0, 30.388949472918853
3091.0, 35.741301059001415
3092.0, 52.12355212355209
3093.0, 48.24090638044133
3094.0, 44.32328415651056
3095.0, 50.90118085767558
3096.0, 47.50000000000001
3097.0, 50.0
3098.0, 32.65206812652059
3099.0, 37.975263398992205
3100.0, 31.54490106544894
3101.0, 21.200175208059633
3102.0, 22.680412371134054
3103.0, 29.17933130699096
3104.0, 36.30077787381162
3105.0, 31.727430555555657
3106.0, 40.15017667844532
3107.0, 33.041825095057035
3108.0, 31.944960952026847
3109.0, 27.90076335877869
3110.0, 25.74850299401207
3111.0, 27.93493635077796
3112.0, 42.663378545006196
3113.0, 35.44099879178418
3114.0, 42.780748663101605
3115.0, 45.40816326530613
3116.0, 49.564459930313596
3117.0, 50.214961306964696
3118.0, 48.00179613830268
3119.0, 47.36375719982278
3120.0, 49.38219002982532
3121.0, 62.38576238576239
3122.0, 61.49834044570885
3123.0, 60.92062000939407
3124.0, 73.55072463768109
3125.0, 63.72149837133553
3126.0, 63.27287716405607
3127.0, 55.35521096285611
3128.0, 59.57814661134166
3129.0, 55.36150890674115
3130.0, 55.20504731861199
3131.0, 52.04502814258914
3132.0, 51.682419659735324
3133.0, 55.722543352601164
3134.0, 43.42056763730189
3135.0, 43.23224852071006
3136.0, 42.7578639356255
3137.0, 49.31787175989087
3138.0, 49.31787175989087
3139.0, 51.04129897635012
3140.0, 47.95497185741085
3141.0, 56.82525566918628
3142.0, 56.26126126126123
3143.0, 60.09259259259261
3144.0, 61.671854157403345
3145.0, 56.612432206925334
3146.0, 44.74854601436881
3147.0, 48.90857323631758
3148.0, 50.65530799475752
3149.0, 49.833444370419755
3150.0, 53.8384177003017
3151.0, 47.53218884120175
3152.0, 42.896068509147476
3153.0, 44.961240310077514
3154.0, 45.626763401854106
3155.0, 49.62531223980015
3156.0, 50.87291920422249
3157.0, 56.69291338582682
3158.0, 51.25666412795124
3159.0, 55.5286521388216
3160.0, 74.2046010768478
3161.0, 70.98017621145381
3162.0, 84.46239900559353
3163.0, 79.50310559006218
3164.0, 78.14569536423845
3165.0, 75.15923566878989
3166.0, 72.00000000000006
3167.0, 79.87804878048787
3168.0, 83.07692307692312
3169.0, 64.99999999999999
3170.0, 68.77323420074352
3171.0, 64.55696202531641
3172.0, 63.75000000000003
3173.0, 62.24066390041502
3174.0, 62.55144032921814
3175.0, 57.8947368421053
3176.0, 57.55102040816332
3177.0, 58.26446280991735
3178.0, 59.76095617529886
3179.0, 62.24066390041493
3180.0, 62.500000000000036
3181.0, 62.34309623430964
3182.0, 54.99999999999999
3183.0, 67.90123456790135
3184.0, 50.0
3185.0, 44.53781512605044
3186.0, 49.549549549549475
3187.0, 45.45454545454532
3188.0, 36.79245283018877
3189.0, 48.076923076923116
3190.0, 50.45871559633034
3191.0, 60.80000000000001
3192.0, 45.517241379310356
3193.0, 57.954545454545524
3194.0, 57.954545454545524
3195.0, 43.95604395604396
3196.0, 36.19909502262441
3197.0, 32.921810699588406
3198.0, 32.65306122448973
3199.0, 36.79999999999998
3200.0, 43.97163120567375
3201.0, 52.317880794702
