0, 5744000
1, 4912800
2, 4455600
3, 4455600
4, 4928000
5, 5709600
6, 7048800
7, 7517600
8, 7164800
9, 7431200
10, 7184800
11, 7483600
12, 7688400
13, 7300400
14, 7556800
15, 7810800
16, 7893200
17, 7786400
18, 8092800
19, 7905200
20, 8101600
21, 8256800
22, 8256800
23, 8201600
24, 8063200
25, 7960800
26, 8085200
27, 8023600
28, 7938000
29, 7642000
30, 7807600
31, 7923600
32, 7059600
33, 7234400
34, 7469600
35, 7523200
36, 7499200
37, 7561600
38, 7515200
39, 7331600
40, 7025200
41, 6988400
42, 7245600
43, 7356400
44, 7623200
45, 7623200
46, 7932400
47, 8035600
48, 8233200
49, 7996800
50, 7912000
51, 8210800
52, 8559600
53, 8559600
54, 8457200
55, 8406000
56, 8598800
57, 8470000
58, 8332400
59, 8332400
60, 8519200
61, 8741200
62, 9162800
63, 9622000
64, 9622000
65, 9870800
66, 10341600
67, 10661600
68, 10180000
69, 9776000
70, 9776000
71, 9992800
72, 9847200
73, 10047600
74, 10152400
75, 9980400
76, 9784800
77, 9784800
78, 9696400
79, 9808000
80, 9625600
81, 9625600
82, 9864000
83, 9502400
84, 9502400
85, 9653200
86, 9653200
87, 9653200
88, 9782400
89, 10004400
90, 10004400
91, 9971600
92, 10109600
93, 10109600
94, 9987200
95, 9838800
96, 9632000
97, 9761200
98, 10099200
99, 10337200
100, 10581200
101, 10581200
102, 10473600
103, 10684800
104, 10544400
105, 10746800
106, 10746800
107, 10324000
108, 10260800
109, 10198000
110, 10144000
111, 10144000
112, 10347200
113, 10418000
114, 10125600
115, 10203200
116, 10360400
117, 10190400
118, 10424400
119, 10724800
120, 10947600
121, 10667600
122, 10405600
123, 10334800
124, 10252400
125, 10372000
126, 10676800
127, 10784400
128, 10704400
129, 7474000
130, 7012000
131, 7306000
132, 6852000
133, 6439200
134, 6622800
135, 7061600
136, 7061600
137, 7390400
138, 7161200
139, 7206000
140, 7056000
141, 7232800
142, 7345600
143, 7046400
144, 6958000
145, 7052800
146, 7199600
147, 7582000
148, 7785200
149, 7785200
150, 7785200
151, 7667200
152, 7764000
153, 7946400
154, 8194800
155, 8421200
156, 9111600
157, 9287200
158, 8814400
159, 8380000
160, 7995200
161, 7856800
162, 7960400
163, 8192400
164, 8511600
165, 8324800
166, 8248800
167, 8143600
168, 8199600
169, 8361600
170, 8200400
171, 8428800
172, 8566800
173, 8908000
174, 8622000
175, 8193200
176, 8040800
177, 8354400
178, 9262000
179, 9923600
180, 9563600
181, 9738400
182, 9544000
183, 9478400
184, 10368000
185, 10685200
186, 10886400
187, 11307200
188, 11558000
189, 12248800
190, 12248800
191, 12248800
192, 12424000
193, 12540800
194, 12174400
195, 12174400
196, 12579200
197, 13167200
198, 12842000
199, 13170400
200, 12732800
201, 12450400
202, 12146800
203, 11604400
204, 12111600
205, 12918400
206, 13270400
207, 13270400
208, 13486400
209, 13022400
210, 13238800
211, 13855600
212, 14522000
213, 15169800
214, 15968000
215, 16656800
216, 16235000
217, 16017800
218, 16198200
219, 15732600
220, 15494400
221, 15633400
222, 15395600
223, 15758000
224, 15951600
225, 16220000
226, 16022200
227, 15825200
228, 16095800
229, 16424200
230, 16172600
231, 16275400
232, 16174000
233, 16079400
234, 15958600
235, 15905600
236, 15814000
237, 15594600
238, 12698200
239, 13310000
240, 14021800
241, 13635400
242, 14005000
243, 14257600
244, 14257600
245, 14479600
246, 14617800
247, 14510000
248, 14697200
249, 14624600
250, 14852200
251, 14656200
252, 14559800
253, 14324000
254, 14166400
255, 14024600
256, 14140000
257, 13949200
258, 13724800
259, 13863200
260, 13717600
261, 13836200
262, 14003600
263, 13869400
264, 13818200
265, 13695600
266, 13423200
267, 13774600
268, 13560000
269, 13560000
270, 13406800
271, 12828200
272, 13145400
273, 13494000
274, 13608000
275, 13738600
276, 13681600
277, 13795800
278, 13694000
279, 13640800
280, 13250600
281, 13110200
282, 13043800
283, 12921800
284, 13083400
285, 13246800
286, 13306200
287, 13246800
288, 13189600
289, 13219200
290, 13365600
291, 13006200
292, 12747000
293, 13188800
294, 13008800
295, 12804800
296, 12804800
297, 12295600
298, 12047800
299, 11661000
300, 9876200
301, 9206000
302, 9702400
303, 10057200
304, 10249600
305, 10141800
306, 9968200
307, 9248800
308, 9109800
309, 8715400
310, 9084200
311, 9288200
312, 9606600
313, 9728200
314, 10127800
315, 9946800
316, 10339400
317, 10109600
318, 9985400
319, 10322200
320, 9913400
321, 10179200
322, 10472000
323, 10840200
324, 10417800
325, 10132400
326, 10208200
327, 10208200
328, 10113000
329, 10330000
330, 10182600
331, 10417600
332, 10417600
333, 10690200
334, 10690200
335, 11009600
336, 10877200
337, 10812000
338, 10982000
339, 10817200
340, 10712200
341, 10626800
342, 10434400
343, 10501600
344, 10594000
345, 10752200
346, 10923200
347, 11070000
348, 11215400
349, 11305800
350, 11463800
351, 11301200
352, 11116400
353, 11267000
354, 11147800
355, 11147800
356, 10820400
357, 10736400
358, 10559200
359, 10356400
360, 10618200
361, 11022000
362, 11100000
363, 10295800
364, 10200600
365, 10417000
366, 10374200
367, 10938600
368, 11201400
369, 10709600
370, 10542600
371, 10852800
372, 10806200
373, 10970000
374, 11343600
375, 11939600
376, 11692200
377, 11590600
378, 11590600
379, 11804000
380, 11567000
381, 11842800
382, 11633200
383, 11414200
384, 11414200
385, 11414200
386, 11471800
387, 11567600
388, 11567600
389, 11483000
390, 11274200
391, 11378600
392, 11378600
393, 11533800
394, 11533800
395, 11456000
396, 11383400
397, 11455400
398, 11616600
399, 11504400
400, 11419600
401, 11200800
402, 11128200
403, 11128200
404, 11084600
405, 11361800
406, 12034000
407, 12466800
408, 12688800
409, 12909200
410, 12821800
411, 12926400
412, 12926400
413, 12807800
414, 12990200
415, 12837200
416, 12728400
417, 12699800
418, 12533000
419, 12663600
420, 12800000
421, 12985800
422, 13246800
423, 13507600
424, 13667600
425, 13667600
426, 13494200
427, 13272600
428, 13075600
429, 12811800
430, 12876600
431, 12756800
432, 12907400
433, 12724600
434, 12830600
435, 12716000
436, 12716000
437, 13066400
438, 13381000
439, 13444000
440, 13423000
441, 12785200
442, 12977400
443, 12977400
444, 12872200
445, 13015600
446, 13107200
447, 13107200
448, 12755600
449, 12905200
450, 12807800
451, 12667200
452, 12667200
453, 12570000
454, 12503400
455, 12503400
456, 12301200
457, 11962800
458, 12646400
459, 13073400
460, 13290800
461, 13290800
462, 13204400
463, 13092400
464, 12746200
465, 13030000
466, 13759200
467, 14392800
468, 13883000
469, 13775600
470, 13975800
471, 14141800
472, 14333200
473, 14281000
474, 14100400
475, 14247400
476, 14488400
477, 14698800
478, 14250200
479, 14040200
480, 14446400
481, 14919200
482, 14919200
483, 15682800
484, 15682800
485, 16111400
486, 15693600
487, 15409400
488, 15831200
489, 15980600
490, 16203000
491, 16517600
492, 16398000
493, 16448400
494, 16569800
495, 16569800
496, 16332000
497, 16553600
498, 16112400
499, 16256800
500, 16561800
501, 15878800
502, 16658800
503, 16658800
504, 16764600
505, 16996000
506, 16791800
507, 16640400
508, 16826000
509, 16459000
510, 16684000
511, 16242200
512, 16486400
513, 16811400
514, 16730600
515, 16900600
516, 17036600
517, 16918200
518, 16795400
519, 16586800
520, 16518600
521, 16220400
522, 15958400
523, 16372400
524, 16271600
525, 16271600
526, 15839200
527, 16147200
528, 15996000
529, 16382600
530, 16163400
531, 16094800
532, 15978400
533, 16312200
534, 16657200
535, 16428800
536, 16366400
537, 16436600
538, 16355200
539, 16603000
540, 17478600
541, 17924400
542, 18274800
543, 18465000
544, 18669800
545, 18513600
546, 18619600
547, 18835800
548, 18835800
549, 19136200
550, 18903400
551, 18811800
552, 18616200
553, 18863200
554, 18863200
555, 18863200
556, 18803600
557, 18603800
558, 18453000
559, 18453000
560, 18574800
561, 18496200
562, 18638600
563, 18526400
564, 18396400
565, 18514200
566, 18868600
567, 19103400
568, 19263200
569, 19394600
570, 19439600
571, 19549200
572, 19419800
573, 19258400
574, 19674200
575, 19610000
576, 19684000
577, 19409400
578, 19537600
579, 19495600
580, 19607600
581, 19712400
582, 20056800
583, 19923000
584, 20041200
585, 20076600
586, 20046200
587, 20018200
588, 20071000
589, 19972800
590, 19621200
591, 19795800
592, 19932400
593, 20019800
594, 19985600
595, 20114000
596, 20312200
597, 20620600
598, 20620600
599, 20342000
600, 20192000
601, 20419200
602, 20030400
603, 20501600
604, 20939800
605, 21109200
606, 21308600
607, 20979600
608, 20979600
609, 20303800
610, 20445400
611, 20546000
612, 20742200
613, 20615600
614, 20615600
615, 20529800
616, 20436000
617, 20659000
618, 20779000
619, 20829200
620, 20746200
621, 20542400
622, 20655600
623, 20770000
624, 20892400
625, 20660400
626, 20836800
627, 20757200
628, 20412400
629, 20719200
630, 20483200
631, 20194000
632, 19882800
633, 15269800
634, 16379200
635, 15871600
636, 15670200
637, 15137600
638, 15393400
639, 15564600
640, 15493400
641, 15634600
642, 15905200
643, 16115200
644, 16059600
645, 15752800
646, 14912800
647, 15232200
648, 15528400
649, 15368800
650, 15534000
651, 15720200
652, 15891800
653, 16160400
654, 16340000
655, 16520000
656, 16764600
657, 16577200
658, 16577200
659, 16683000
660, 16956200
661, 17163000
662, 17312800
663, 17312800
664, 17188800
665, 17039200
666, 17526200
667, 17338600
668, 17224800
669, 17027200
670, 17294800
671, 17421000
672, 17403200
673, 17529400
674, 17641800
675, 17842400
676, 17541600
677, 17735600
678, 17963200
679, 18161600
680, 18161600
681, 18051800
682, 17912400
683, 17684800
684, 17512600
685, 17142200
686, 16966400
687, 16747600
688, 17108000
689, 16955000
690, 16692600
691, 16256400
692, 16057200
693, 16221400
694, 16362000
695, 16882800
696, 17151200
697, 16987600
698, 16653600
699, 16271800
700, 16380600
701, 16618600
702, 15749000
703, 15347400
704, 15052000
705, 15137800
706, 15294000
707, 15402400
708, 15652000
709, 15493400
710, 15388000
711, 15511200
712, 15399000
713, 15493400
714, 15591200
715, 15726200
716, 15569600
717, 15745600
718, 15951600
719, 15805800
720, 15553000
721, 15380000
722, 15534400
723, 15858800
724, 15692600
725, 15827200
726, 15774600
727, 15708400
728, 15708400
729, 15657000
730, 15540400
731, 15461000
732, 15663000
733, 15558800
734, 16000400
735, 16501400
736, 16733600
737, 16634000
738, 16137400
739, 16259600
740, 16727000
741, 17160400
742, 17046400
743, 17209600
744, 17146800
745, 16834200
746, 17046800
747, 17251800
748, 17834400
749, 17440000
750, 16950400
751, 14092400
752, 13857400
753, 13999200
754, 13892400
755, 13892400
756, 13648000
757, 13410000
758, 12895000
759, 12562600
760, 11962200
761, 12441800
762, 12144400
763, 12235800
764, 12083600
765, 11978600
766, 11792600
767, 11721600
768, 11542600
769, 11746800
770, 10864600
771, 9994800
772, 10429800
773, 11124800
774, 11401900
775, 11190700
776, 11190700
777, 9889500
778, 10215900
779, 10707400
780, 10418400
781, 10264100
782, 9955300
783, 9816400
784, 9709500
785, 9356200
786, 8965900
787, 9166100
788, 8886300
789, 8624700
790, 8253400
791, 8679100
792, 8331000
793, 8331000
794, 8514100
795, 8968000
796, 8820200
797, 8946300
798, 9175800
799, 9175800
800, 9477900
801, 9125200
802, 9376600
803, 9072300
804, 9800900
805, 9592900
806, 9646200
807, 9711600
808, 9711600
809, 9862600
810, 9709300
811, 9600100
812, 9471500
813, 9187700
814, 8974900
815, 9132600
816, 8880500
817, 8680900
818, 9319000
819, 9618600
820, 9846200
821, 9626000
822, 9787900
823, 9706100
824, 10096200
825, 9238900
826, 7285300
827, 7592700
828, 7994600
829, 7651000
830, 8177100
831, 7845300
832, 8302400
833, 8485700
834, 8094000
835, 7951800
836, 7707000
837, 7918400
838, 7609800
839, 7198700
840, 7052600
841, 7442900
842, 7734800
843, 7616600
844, 7533200
845, 7387600
846, 7572300
847, 7489200
848, 7637600
849, 7637600
850, 7637600
851, 7341300
852, 6491100
853, 6686300
854, 6409500
855, 6821300
856, 7199800
857, 6915200
858, 6915200
859, 6610200
860, 6610200
861, 6914900
862, 6914900
863, 7405500
864, 6993600
865, 6375300
866, 6632400
867, 6757100
868, 6757100
869, 6585000
870, 6449600
871, 6158100
872, 5625500
873, 6819000
874, 7110000
875, 7568100
876, 8154000
877, 7995700
878, 7528900
879, 7528900
880, 7528900
881, 7362900
882, 7286900
883, 6511900
884, 5840800
885, 6219500
886, 5616000
887, 4515700
888, 3926100
889, 3926100
890, 4285400
891, 4617400
892, 5012300
893, 5462400
894, 5761500
895, 5603500
896, 5863100
897, 5863100
898, 6019200
899, 5886100
900, 5738800
901, 6149300
902, 6454400
903, 5999300
904, 6356000
905, 5739100
906, 5407400
907, 5127100
908, 5288200
909, 4969800
910, 5174500
911, 5556900
912, 6258700
913, 6467700
914, 6290400
915, 6160300
916, 6215500
917, 6660400
918, 7220800
919, 7727500
920, 7411800
921, 7232200
922, 7103800
923, 6827200
924, 6924300
925, 7196700
926, 7396200
927, 7569200
928, 7750300
929, 7639800
930, 7639800
931, 8242000
932, 8242000
933, 7633800
934, 7633800
935, 7198000
936, 7198000
937, 7566500
938, 7305100
939, 7040900
940, 7040900
941, 6862500
942, 6640600
943, 6272100
944, 6551800
945, 6607300
946, 6476200
947, 6335600
948, 6594300
949, 6326800
950, 6087800
951, 5743800
952, 5967200
953, 5967200
954, 5967200
955, 6333700
956, 6174200
957, 6353600
958, 6653600
959, 6837600
960, 7042600
961, 7297900
962, 7113100
963, 7008800
964, 7135800
965, 7065200
966, 7023200
967, 7091200
968, 7167500
969, 6947800
970, 7598200
971, 7598200
972, 7349400
973, 7210800
974, 7046000
975, 6875200
976, 6769800
977, 6879800
978, 6994800
979, 6994800
980, 7110500
981, 7110500
982, 7110500
983, 7242200
984, 7137500
985, 7314600
986, 7061400
987, 7176800
988, 7369000
989, 7163700
990, 6906300
991, 7371700
992, 7133600
993, 6757000
994, 6757000
995, 6688400
996, 6057100
997, 5886700
998, 6015300
999, 5819400
1000, 5644900
1001, 5880000
1002, 5764200
1003, 5965900
1004, 5669600
1005, 5469600
1006, 4919700
1007, 5761500
1008, 5761500
1009, 5929400
1010, 5712800
1011, 5825700
1012, 5515800
1013, 5363900
1014, 5655500
1015, 5822200
1016, 5956500
1017, 6063700
1018, 6171400
1019, 5748700
1020, 5184600
1021, 4809200
1022, 5350200
1023, 5470700
1024, 5350200
1025, 5586100
1026, 5441100
1027, 5104400
1028, 5556900
1029, 5003300
1030, 5003300
1031, 4967600
1032, 4967600
1033, 5129400
1034, 5129400
1035, 4916600
1036, 4604700
1037, 5189100
1038, 5397300
1039, 5721100
1040, 6222700
1041, 6043300
1042, 5785000
1043, 5414600
1044, 5029700
1045, 5404500
1046, 5590100
1047, 5906000
1048, 6399400
1049, 7460300
1050, 6884400
1051, 6527600
1052, 5962000
1053, 6227500
1054, 5800200
1055, 6337900
1056, 6099400
1057, 6498400
1058, 6498400
1059, 6596100
1060, 6596100
1061, 7218100
1062, 7734300
1063, 7734300
1064, 8179400
1065, 8895200
1066, 9299500
1067, 8998400
1068, 9269100
1069, 8662100
1070, 9152300
1071, 9032300
1072, 9337200
1073, 9224700
1074, 9517800
1075, 9517800
1076, 9746800
1077, 9477900
1078, 10111600
1079, 10445500
1080, 10161900
1081, 9857800
1082, 9857800
1083, 9565100
1084, 9715700
1085, 9787800
1086, 9569200
1087, 9319400
1088, 9118000
1089, 9569800
1090, 9825600
1091, 10474500
1092, 10474500
1093, 10474500
1094, 10474500
1095, 9796100
1096, 10398300
1097, 10770300
1098, 10770300
1099, 10853000
1100, 10777000
1101, 10600200
1102, 10696800
1103, 10581500
1104, 11092800
1105, 11334700
1106, 11973600
1107, 12307600
1108, 12202700
1109, 12431100
1110, 12766300
1111, 12625800
1112, 12279500
1113, 12279500
1114, 12474400
1115, 12298300
1116, 12426200
1117, 12227400
1118, 12048200
1119, 12402600
1120, 12226600
1121, 12085100
1122, 12273100
1123, 12608100
1124, 12375100
1125, 12855000
1126, 13097700
1127, 12903200
1128, 12774300
1129, 12774300
1130, 13131900
1131, 12950600
1132, 12745500
1133, 12868600
1134, 12704000
1135, 12151300
1136, 11882700
1137, 11406800
1138, 11225100
1139, 11225100
1140, 11407200
1141, 11552900
1142, 11552900
1143, 11414700
1144, 11414700
1145, 11317500
1146, 7912300
1147, 8968600
1148, 8578900
1149, 8578900
1150, 8578900
1151, 7876100
1152, 7752900
1153, 7752900
1154, 8304400
1155, 7970900
1156, 7970900
1157, 7771100
1158, 8003400
1159, 7709800
1160, 8215400
1161, 8898800
1162, 9480800
1163, 9183600
1164, 9566500
1165, 9987900
1166, 10315000
1167, 9969000
1168, 9672600
1169, 9922900
1170, 9611200
1171, 9851700
1172, 10432400
1173, 11017400
1174, 10369500
1175, 9532000
1176, 9584200
1177, 9239900
1178, 8743700
1179, 9154500
1180, 9446600
1181, 9680800
1182, 9403600
1183, 9656900
1184, 9356600
1185, 9480500
1186, 9615900
1187, 9365800
1188, 9127900
1189, 8889600
1190, 8426600
1191, 8336800
1192, 8660300
1193, 8844200
1194, 9249700
1195, 9533600
1196, 9231700
1197, 9055000
1198, 9055000
1199, 8737700
1200, 8806000
1201, 8806000
1202, 8240900
1203, 8001500
1204, 7757100
1205, 7725400
1206, 7260400
1207, 6720700
1208, 6160500
1209, 5412700
1210, 4905100
1211, 5465700
1212, 5465700
1213, 5770300
1214, 6357300
1215, 5990700
1216, 5619500
1217, 5234800
1218, 6146300
1219, 6483300
1220, 6110900
1221, 5634200
1222, 4812500
1223, 6156300
1224, 6820100
1225, 6820100
1226, 7836700
1227, 8552400
1228, 7695100
1229, 8303700
1230, 8303700
1231, 8096600
1232, 8242800
1233, 7964300
1234, 7964300
1235, 7673800
1236, 6975000
1237, 7440900
1238, 7440900
1239, 7214500
1240, 6963300
1241, 6132300
1242, 5248600
1243, 5644400
1244, 6754000
1245, 8640300
1246, 10126900
1247, 11686100
1248, 10836300
1249, 10836300
1250, 12431800
1251, 13630700
1252, 14512500
1253, 14930000
1254, 15519500
1255, 16785400
1256, 17656500
1257, 17059800
1258, 17529100
1259, 18277800
1260, 18863000
1261, 19187700
1262, 18803000
1263, 19304300
1264, 19601200
1265, 18736100
1266, 18736100
1267, 17969800
1268, 17380400
1269, 17681500
1270, 17875100
1271, 17411100
1272, 18290100
1273, 19141900
1274, 20103300
1275, 19631200
1276, 20081200
1277, 20304400
1278, 20698000
1279, 21096300
1280, 21931500
1281, 21445600
1282, 21082200
1283, 21372400
1284, 21372400
1285, 20934400
1286, 20658500
1287, 21432800
1288, 21113800
1289, 21572700
1290, 20984600
1291, 20628600
1292, 20187900
1293, 20710100
1294, 21879400
1295, 22367800
1296, 22367800
1297, 23236600
1298, 22830400
1299, 22395600
1300, 21943300
1301, 21943300
1302, 22301800
1303, 21670800
1304, 21945200
1305, 22432200
1306, 22432200
1307, 22102700
1308, 22418900
1309, 22918600
1310, 22501800
1311, 27735400
1312, 29177600
1313, 28153500
1314, 27653300
1315, 27653300
1316, 27653300
1317, 28118900
1318, 27474900
1319, 28129400
1320, 27662400
1321, 28270500
1322, 27407500
1323, 27013600
1324, 26586200
1325, 26097600
1326, 25440100
1327, 25314100
1328, 24388700
1329, 23242600
1330, 22814400
1331, 22113900
1332, 23367700
1333, 22593800
1334, 22074400
1335, 21500500
1336, 21051500
1337, 21051500
1338, 21773800
1339, 22666900
1340, 22409000
1341, 22279600
1342, 21890000
1343, 21114200
1344, 20733200
1345, 21721200
1346, 22222800
1347, 21430000
1348, 20716700
1349, 21792200
1350, 22968400
1351, 22714700
1352, 23012300
1353, 22725000
1354, 22440600
1355, 22643500
1356, 21723800
1357, 21172100
1358, 21491300
1359, 22206900
1360, 22685100
1361, 22487600
1362, 22264800
1363, 22572000
1364, 22271700
1365, 21961400
1366, 16534900
1367, 20287000
1368, 21910900
1369, 20503900
1370, 19370900
1371, 18675000
1372, 19437600
1373, 19437600
1374, 20038800
1375, 20412900
1376, 20659500
1377, 20386300
1378, 19743000
1379, 18008300
1380, 20224200
1381, 21240200
1382, 20855500
1383, 21338000
1384, 20944100
1385, 21712800
1386, 19230300
1387, 19795500
1388, 21071600
1389, 21834800
1390, 21220500
1391, 21830000
1392, 22667500
1393, 22247100
1394, 22807400
1395, 23120900
1396, 22028400
1397, 21161300
1398, 21957600
1399, 21957600
1400, 20976500
1401, 22110500
1402, 22110500
1403, 23525900
1404, 24234600
1405, 24101800
1406, 23454100
1407, 23077600
1408, 21876300
1409, 20497300
1410, 20497300
1411, 19723800
1412, 21174100
1413, 21174100
1414, 20666400
1415, 20450600
1416, 19056200
1417, 17450500
1418, 18330200
1419, 19454300
1420, 17273200
1421, 17273200
1422, 17273200
1423, 19134300
1424, 18701500
1425, 19213400
1426, 18129800
1427, 19410800
1428, 18371700
1429, 17899100
1430, 17899100
1431, 18802900
1432, 19405500
1433, 19217700
1434, 18840200
1435, 19495200
1436, 20281500
1437, 19911900
1438, 20379900
1439, 19114800
1440, 18104600
1441, 16127300
1442, 17134000
1443, 17755900
1444, 17394300
1445, 15531100
1446, 16893900
1447, 16129700
1448, 17337200
1449, 17337200
1450, 17337200
1451, 16765100
1452, 17729700
1453, 18930100
1454, 26431200
1455, 22822000
1456, 20677000
1457, 15872700
1458, 18444100
1459, 16552100
1460, 17742700
1461, 15149800
1462, 14320600
1463, 15796400
1464, 14675100
1465, 16148800
1466, 17448000
1467, 19254500
1468, 20180900
1469, 21724800
1470, 20436600
1471, 19746300
1472, 19746300
1473, 21600100
1474, 22057000
1475, 21651600
1476, 20962900
1477, 20629100
1478, 20819200
1479, 19936800
1480, 20277200
1481, 21324500
1482, 21734900
1483, 21327400
1484, 22612000
1485, 23873000
1486, 23543200
1487, 23543200
1488, 23101500
1489, 23412300
1490, 23763000
1491, 24444300
1492, 25105200
1493, 25790500
1494, 25302300
1495, 25014000
1496, 25014000
1497, 26527700
1498, 26527700
1499, 26231900
1500, 25903000
1501, 25466300
1502, 24660500
1503, 24127000
1504, 23793700
1505, 24105200
1506, 23868200
1507, 24092800
1508, 22133700
1509, 20893500
1510, 20402200
1511, 20716900
1512, 20716900
1513, 20986400
1514, 20700400
1515, 20194200
1516, 20799700
1517, 20319900
1518, 20942700
1519, 22012100
1520, 22242100
1521, 22523000
1522, 22523000
1523, 23062100
1524, 23062100
1525, 23516600
1526, 23783900
1527, 23424800
1528, 23214600
1529, 23655900
1530, 23352800
1531, 23107800
1532, 23412500
1533, 23860500
1534, 23566200
1535, 22979400
1536, 23642800
1537, 24061400
1538, 24061400
1539, 24408900
1540, 24735200
1541, 24022800
1542, 23067900
1543, 22418100
1544, 21608600
1545, 21608600
1546, 21608600
1547, 21029400
1548, 21762300
1549, 20871500
1550, 20871500
1551, 21698700
1552, 21033800
1553, 22030900
1554, 22846400
1555, 21845600
1556, 21115200
1557, 20320200
1558, 20785400
1559, 20357300
1560, 20731100
1561, 20163700
1562, 20477800
1563, 20965800
1564, 20965800
1565, 20535500
1566, 19638500
1567, 20195400
1568, 20195400
1569, 20195400
1570, 19272200
1571, 19272200
1572, 20167700
1573, 21158300
1574, 20580800
1575, 19305500
1576, 20109500
1577, 20488200
1578, 21318000
1579, 23162200
1580, 24285400
1581, 25179800
1582, 26116800
1583, 27189200
1584, 27783500
1585, 29000400
1586, 30790800
1587, 30790800
1588, 30046300
1589, 29471900
1590, 30057800
1591, 29778200
1592, 30316000
1593, 31153900
1594, 30518600
1595, 31225400
1596, 31885200
1597, 31583100
1598, 31197100
1599, 31650700
1600, 31118300
1601, 31118300
1602, 30722300
1603, 30722300
1604, 31258600
1605, 31682800
1606, 31283900
1607, 30886600
1608, 31376700
1609, 31210400
1610, 30796800
1611, 30558500
1612, 29450600
1613, 29764800
1614, 29764800
1615, 30469800
1616, 30908900
1617, 30566100
1618, 30566100
1619, 30308900
1620, 30576200
1621, 30189800
1622, 30395000
1623, 30658100
1624, 31009600
1625, 31371100
1626, 31993600
1627, 32371400
1628, 32817800
1629, 33242800
1630, 32897600
1631, 33105800
1632, 33105800
1633, 33335100
1634, 33021100
1635, 33288500
1636, 33608800
1637, 33254700
1638, 33734600
1639, 33508500
1640, 33210800
1641, 32519000
1642, 32932500
1643, 32182500
1644, 32820600
1645, 33080800
1646, 32845500
1647, 32996300
1648, 32177400
1649, 33243500
1650, 33974000
1651, 33770100
1652, 33966400
1653, 34241900
1654, 33897200
1655, 33555100
1656, 33145500
1657, 32829800
1658, 33161200
1659, 32419400
1660, 32419400
1661, 31989600
1662, 31613900
1663, 32501800
1664, 32107700
1665, 31476600
1666, 31998000
1667, 32771700
1668, 31670800
1669, 33111000
1670, 32656200
1671, 32094600
1672, 31134800
1673, 31650900
1674, 31437300
1675, 31812500
1676, 32046300
1677, 32573700
1678, 32432000
1679, 32432000
1680, 31948600
1681, 35948400
1682, 35948400
1683, 35330400
1684, 35991500
1685, 36289800
1686, 36799300
1687, 36552600
1688, 36552600
1689, 36552600
1690, 37043700
1691, 38088200
1692, 34179800
1693, 34179800
1694, 33952500
1695, 34345700
1696, 33949900
1697, 34485300
1698, 33526100
1699, 33526100
1700, 34138300
1701, 35003700
1702, 34402100
1703, 34681400
1704, 34377700
1705, 34645900
1706, 34846700
1707, 35836500
1708, 35516700
1709, 34353900
1710, 33230300
1711, 32710600
1712, 32132900
1713, 31017500
1714, 29370000
1715, 26344800
1716, 28547300
1717, 30462300
1718, 31728500
1719, 30668200
1720, 30041400
1721, 28951700
1722, 28147300
1723, 28501800
1724, 29097000
1725, 29412300
1726, 29788900
1727, 29541700
1728, 30012300
1729, 30418100
1730, 30820100
1731, 31566200
1732, 31920200
1733, 32413300
1734, 31911000
1735, 32742600
1736, 33283000
1737, 32506500
1738, 32950700
1739, 32433500
1740, 32948800
1741, 31990500
1742, 31360900
1743, 30904200
1744, 31171700
1745, 30875800
1746, 32624100
1747, 32094000
1748, 32373900
1749, 32373900
1750, 29769300
1751, 31887800
1752, 31532300
1753, 32852200
1754, 33112900
1755, 33675700
1756, 32990700
1757, 34514900
1758, 33538900
1759, 32737200
1760, 32028200
1761, 31013300
1762, 31013300
1763, 31013300
1764, 30605900
1765, 30926900
1766, 31234300
1767, 31050000
1768, 31650000
1769, 31319900
1770, 30760600
1771, 31013300
1772, 30673100
1773, 30356200
1774, 29993700
1775, 29289100
1776, 29289100
1777, 28877300
1778, 28172800
1779, 27503600
1780, 28226300
1781, 28719600
1782, 27787300
1783, 28754200
1784, 28754200
1785, 28212800
1786, 27689100
1787, 26984700
1788, 26348000
1789, 26907700
1790, 26626700
1791, 26360600
1792, 26360600
1793, 25866600
1794, 26374600
1795, 25944500
1796, 26182700
1797, 27886700
1798, 30001800
1799, 31283500
1800, 31991000
1801, 31284900
1802, 30740200
1803, 30740200
1804, 31134500
1805, 31636400
1806, 30927900
1807, 32212900
1808, 32868900
1809, 32575200
1810, 33214300
1811, 33980400
1812, 33980400
1813, 33980400
1814, 34934800
1815, 33259800
1816, 32452000
1817, 30477500
1818, 31108100
1819, 32102500
1820, 31534500
1821, 32139000
1822, 31440700
1823, 31819300
1824, 31251100
1825, 31851300
1826, 32664500
1827, 33299200
1828, 32768900
1829, 31682400
1830, 31336300
1831, 30997000
1832, 31455800
1833, 31897600
1834, 34024300
1835, 32496100
1836, 32968500
1837, 34419300
1838, 33698000
1839, 33143300
1840, 33705900
1841, 34302900
1842, 34825700
1843, 35442100
1844, 33481900
1845, 32759600
1846, 33406900
1847, 32612800
1848, 32134000
1849, 31382000
1850, 30581100
1851, 30999300
1852, 31313100
1853, 31019500
1854, 31355900
1855, 30914200
1856, 31267300
1857, 29215600
1858, 29647100
1859, 29028700
1860, 28448000
1861, 28850800
1862, 28608000
1863, 28114300
1864, 28422000
1865, 28927800
1866, 28447600
1867, 28163500
1868, 28510200
1869, 28711800
1870, 26750900
1871, 24733500
1872, 23028600
1873, 21594900
1874, 20825200
1875, 16566200
1876, 17612400
1877, 16927000
1878, 15775400
1879, 16457700
1880, 15220500
1881, 14098200
1882, 15158400
1883, 16063700
1884, 15497700
1885, 14325100
1886, 13080700
1887, 13530700
1888, 13086800
1889, 12336900
1890, 11179100
1891, 12272800
1892, 13043700
1893, 13619300
1894, 14086700
1895, 13467300
1896, 12627200
1897, 12989100
1898, 12414900
1899, 9434400
1900, 9752500
1901, 9170700
1902, 9809000
1903, 10561200
1904, 10203300
1905, 10539300
1906, 11069500
1907, 10685000
1908, 11004500
1909, 11387900
1910, 10993400
1911, 10669900
1912, 10419600
1913, 10141900
1914, 9813700
1915, 9238700
1916, 9532700
1917, 9765200
1918, 10072800
1919, 9712900
1920, 10256700
1921, 10592300
1922, 11152700
1923, 10885700
1924, 10596300
1925, 10824800
1926, 10357700
1927, 10523800
1928, 10809700
1929, 10809700
1930, 11162000
1931, 11370900
1932, 11594100
1933, 11944500
1934, 12285500
1935, 12081400
1936, 12162800
1937, 11926100
1938, 11727200
1939, 11471900
1940, 11708800
1941, 12151900
1942, 12746500
1943, 11570600
1944, 11570600
1945, 11303300
1946, 11709100
1947, 11142700
1948, 10512500
1949, 10953800
1950, 11230700
1951, 11691500
1952, 12130400
1953, 12130400
1954, 12566300
1955, 12667900
1956, 12667900
1957, 12062800
1958, 11818900
1959, 11818900
1960, 11818900
1961, 11473300
1962, 11822800
1963, 12275800
1964, 11912500
1965, 12400900
1966, 12672700
1967, 13209600
1968, 12734100
1969, 11961600
1970, 12311400
1971, 12641600
1972, 12951600
1973, 12652900
1974, 13018300
1975, 12061600
1976, 10229500
1977, 10715400
1978, 11185100
1979, 11563300
1980, 11563300
1981, 13186500
1982, 12824100
1983, 12599700
1984, 12972700
1985, 12571900
1986, 13469100
1987, 14129300
1988, 13772900
1989, 14399700
1990, 13795400
1991, 14312200
1992, 15393900
1993, 16181500
1994, 15664700
1995, 15058300
1996, 14635400
1997, 14635400
1998, 14993200
1999, 15455100
2000, 14546100
2001, 15224600
2002, 14468500
2003, 14038400
2004, 13258400
2005, 12904500
2006, 13449200
2007, 12803500
2008, 13117600
2009, 13117600
2010, 13117600
2011, 13502600
2012, 13029500
2013, 12398500
2014, 11061000
2015, 11061000
2016, 11730500
2017, 11121100
2018, 11466300
2019, 10962900
2020, 10603200
2021, 11006300
2022, 11006300
2023, 10716700
2024, 10244500
2025, 9442300
2026, 9858600
2027, 9370700
2028, 9902500
2029, 8503300
2030, 7205400
2031, 7717600
2032, 8280500
2033, 8657100
2034, 8129300
2035, 8658300
2036, 9057600
2037, 8790400
2038, 9249300
2039, 8958900
2040, 8624200
2041, 7950300
2042, 8612600
2043, 8359400
2044, 8636800
2045, 9074500
2046, 9392500
2047, 9820900
2048, 10401500
2049, 11078600
2050, 10193800
2051, 10600700
2052, 10956000
2053, 10659200
2054, 10478800
2055, 10735600
2056, 10486500
2057, 10088800
2058, 10088800
2059, 9736000
2060, 8339400
2061, 6471500
2062, 7278400
2063, 6664900
2064, 7312100
2065, 7458800
2066, 7458800
2067, 6995600
2068, 6995600
2069, 7760700
2070, 7423700
2071, 7968100
2072, 7556400
2073, 7921800
2074, 8067500
2075, 7664400
2076, 7448700
2077, 7650000
2078, 7461100
2079, 7754200
2080, 8188800
2081, 7883000
2082, 7359100
2083, 8033100
2084, 7509400
2085, 7001100
2086, 7380000
2087, 6606200
2088, 6006600
2089, 6580000
2090, 3893600
2091, 3253100
2092, 4795300
2093, 3994300
2094, 3994300
2095, 2415700
2096, 1907400
2097, 728100
2098, -549900
2099, 484100
2100, 484100
2101, -304600
2102, -1240500
2103, -1716700
2104, -2294400
2105, -2706500
2106, -3332800
2107, -4092100
2108, -2692000
2109, -3765200
2110, -3188600
2111, -2634000
2112, -2324400
2113, -1919600
2114, -1521400
2115, -1956200
2116, -2252600
2117, -2610000
2118, -2242100
2119, -2655400
2120, -1741500
2121, -1741500
2122, -1110300
2123, -2550800
2124, -2090600
2125, -2090600
2126, -2867400
2127, -2593400
2128, -3083700
2129, -2793100
2130, -2301300
2131, -1677100
2132, -2196700
2133, -1848300
2134, -1505200
2135, -1831100
2136, -1419400
2137, -1766300
2138, -1375000
2139, -955700
2140, -1455000
2141, -1908500
2142, -2119600
2143, -2469400
2144, -2207600
2145, -2518500
2146, -2749400
2147, -1730500
2148, -2293200
2149, -1993600
2150, -2244200
2151, -1977600
2152, -2276900
2153, -2011200
2154, -2301800
2155, -2593300
2156, -2866200
2157, -3200400
2158, -3447300
2159, -3895200
2160, -3269600
2161, -2945500
2162, -3199400
2163, -2807100
2164, -3166700
2165, -3771700
2166, -3223700
2167, -2724000
2168, -1966200
2169, -1587600
2170, -985600
2171, -455500
2172, -455500
2173, 198000
2174, -159100
2175, -542900
2176, -313400
2177, 204900
2178, 594700
2179, 868900
2180, 1123800
2181, 925300
2182, 803100
2183, -19100
2184, -437900
2185, -188000
2186, -60400
2187, -388900
2188, -388900
2189, -70500
2190, -399200
2191, -734600
2192, -457400
2193, 661900
2194, 1308200
2195, 762000
2196, 1359200
2197, 836600
2198, 342600
2199, 1000900
2200, 616200
2201, -75700
2202, -75700
2203, -506200
2204, -821000
2205, -507800
2206, -199400
2207, 28100
2208, -444900
2209, -168100
2210, 2900
2211, -438100
2212, -928700
2213, -1506100
2214, -1995700
2215, -1523600
2216, -1168500
2217, -1817200
2218, -2262700
2219, -2038400
2220, -2584800
2221, -2926700
2222, -2686200
2223, -3061600
2224, -3578100
2225, -3962700
2226, -3601500
2227, -4202200
2228, -4643500
2229, -5028300
2230, -4698900
2231, -4134600
2232, -4646800
2233, -4217900
2234, -3829900
2235, -3993000
2236, -4568300
2237, -5364900
2238, -4250600
2239, -5466600
2240, -5229300
2241, -5229300
2242, -6152000
2243, -5393900
2244, -6470900
2245, -5429400
2246, -4491500
2247, -5111000
2248, -4426000
2249, -4912000
2250, -4033400
2251, -4757800
2252, -3812800
2253, -4481000
2254, -5142200
2255, -6235000
2256, -5749700
2257, -5355100
2258, -5831700
2259, -6321800
2260, -5802000
2261, -5114300
2262, -4250700
2263, -5152200
2264, -4633100
2265, -4235600
2266, -4779100
2267, -5599600
2268, -4976900
2269, -4416500
2270, -3898000
2271, -3130300
2272, -2661900
2273, -1830500
2274, -1449000
2275, -2104300
2276, -1588100
2277, -1302000
2278, -395900
2279, 13400
2280, 934900
2281, 450400
2282, 87900
2283, -428800
2284, -933100
2285, -528300
2286, -964000
2287, -1486000
2288, -1486000
2289, -1164300
2290, -2037600
2291, -2577300
2292, -2842800
2293, -2351000
2294, -2851100
2295, -3417300
2296, -3079800
2297, -3426100
2298, -2906200
2299, -2214400
2300, -2479000
2301, -2024600
2302, -2287400
2303, -1370000
2304, -2164800
2305, -2541200
2306, -2210900
2307, -1631100
2308, -953100
2309, -1598800
2310, -2140400
2311, -1601200
2312, -1000300
2313, -679300
2314, -324500
2315, 224200
2316, 811000
2317, 811000
2318, 513700
2319, 1188300
2320, 946800
2321, 1286700
2322, 1606300
2323, 1976700
2324, 2305400
2325, 2596400
2326, 1106200
2327, 678900
2328, 224600
2329, -277200
2330, -659200
2331, -2075400
2332, -2809400
2333, -1955800
2334, -2742100
2335, -3379800
2336, -4368000
2337, -3764900
2338, -3235600
2339, -2505700
2340, -1949400
2341, -2335000
2342, -2335000
2343, -2738800
2344, -3088300
2345, -2721800
2346, -3370200
2347, -2648000
2348, -3151800
2349, -3151800
2350, -3592700
2351, -3909900
2352, -3585200
2353, -4120400
2354, -4390200
2355, -4801300
2356, -4448800
2357, -4448800
2358, -3885900
2359, -3885900
2360, -4328600
2361, -3885800
2362, -4416300
2363, -4884000
2364, -4373500
2365, -5357700
2366, -4594200
2367, -5047800
2368, -5519100
2369, -4744200
2370, -5455200
2371, -6305700
2372, -6305700
2373, -7170900
2374, -6719600
2375, -6719600
2376, -6719600
2377, -6294600
2378, -5869200
2379, -5369800
2380, -5121900
2381, -4737800
2382, -4388200
2383, -4642200
2384, -4251000
2385, -4659100
2386, -4337400
2387, -4792400
2388, -5308100
2389, -6056900
2390, -5516900
2391, -5917300
2392, -6234000
2393, -5907200
2394, -5449300
2395, -4947000
2396, -4519900
2397, -4088300
2398, -5392000
2399, -4770000
2400, -5372700
2401, -4942500
2402, -4473800
2403, -3868000
2404, -2959300
2405, -3505100
2406, -3827800
2407, -4212700
2408, -4679800
2409, -3980500
2410, -3421600
2411, -3932600
2412, -3493800
2413, -2873500
2414, -3451100
2415, -2919900
2416, -2496600
2417, -2801600
2418, -2458400
2419, -2097300
2420, -1554400
2421, -908600
2422, -537600
2423, -80700
2424, -407600
2425, -176800
2426, -300
2427, 235900
2428, -121300
2429, 291800
2430, 617300
2431, 920900
2432, 920900
2433, 631200
2434, 916700
2435, 597400
2436, 1078700
2437, 795800
2438, 898300
2439, 1252800
2440, 925500
2441, 538600
2442, 180000
2443, 360700
2444, 726800
2445, 996600
2446, 643600
2447, 378200
2448, 686500
2449, 282000
2450, 796400
2451, 292500
2452, 1023600
2453, 151300
2454, 1443500
2455, 335300
2456, -107200
2457, 221900
2458, 550100
2459, 550100
2460, 1368400
2461, 2127100
2462, 2824400
2463, 2423300
2464, 3081700
2465, 3724000
2466, 3169800
2467, 3700000
2468, 3305400
2469, 3731100
2470, 3543600
2471, 4092800
2472, 4925500
2473, 5650300
2474, 5208600
2475, 4622000
2476, 3153700
2477, 4499600
2478, 3849000
2479, 4101100
2480, 4101100
2481, 4421600
2482, 4196700
2483, 1902000
2484, 1384700
2485, 2060200
2486, 1480700
2487, 924200
2488, 1288500
2489, 863400
2490, 581200
2491, 1140700
2492, 1523300
2493, 2224700
2494, 2667900
2495, 2327600
2496, 2144700
2497, 1809500
2498, 1357200
2499, 1744900
2500, 2122600
2501, 1898100
2502, 1524600
2503, 2722800
2504, 3305900
2505, 2850800
2506, 3345600
2507, 3751900
2508, 5032700
2509, 4711500
2510, 3253300
2511, 4311400
2512, 3890500
2513, 4442800
2514, 4896300
2515, 5132400
2516, 5437600
2517, 5141700
2518, 4296500
2519, 4734100
2520, 4927400
2521, 5154200
2522, 4761600
2523, 5168000
2524, 7355600
2525, 7125200
2526, 6908900
2527, 7136300
2528, 7396800
2529, 7180400
2530, 7648200
2531, 8306100
2532, 8935200
2533, 8124900
2534, 7826900
2535, 8025900
2536, 8513600
2537, 7805500
2538, 7589300
2539, 8083700
2540, 7817300
2541, 8101400
2542, 8439300
2543, 8838200
2544, 9465100
2545, 9831000
2546, 9429700
2547, 9019300
2548, 8458600
2549, 8814700
2550, 9113600
2551, 8734800
2552, 9247800
2553, 9483000
2554, 9865000
2555, 9642200
2556, 10027900
2557, 10622600
2558, 10372100
2559, 11078900
2560, 10502900
2561, 10134300
2562, 10864200
2563, 10512800
2564, 11399800
2565, 10810400
2566, 11457000
2567, 12015000
2568, 11527200
2569, 11834400
2570, 11521800
2571, 11033200
2572, 10719100
2573, 10465500
2574, 11440400
2575, 12974300
2576, 15257200
2577, 16548900
2578, 17943300
2579, 17007200
2580, 17661000
2581, 18447300
2582, 17723800
2583, 17116700
2584, 17561200
2585, 18172700
2586, 18866900
2587, 17492400
2588, 18140000
2589, 18377600
2590, 18092000
2591, 17578500
2592, 18035000
2593, 18554500
2594, 20886700
2595, 22881000
2596, 21847100
2597, 22560600
2598, 24162600
2599, 26252000
2600, 27815700
2601, 26411800
2602, 25318700
2603, 24120400
2604, 25060400
2605, 25782000
2606, 25396700
2607, 24064400
2608, 22850900
2609, 22002800
2610, 21484500
2611, 22114800
2612, 21425400
2613, 22130600
2614, 21159400
2615, 22597100
2616, 21961300
2617, 22717200
2618, 23471100
2619, 23061100
2620, 24332300
2621, 23667600
2622, 22476800
2623, 21614800
2624, 20035200
2625, 21212700
2626, 22572700
2627, 21454800
2628, 20659700
2629, 20157700
2630, 19267700
2631, 20000800
2632, 20795800
2633, 19734900
2634, 18631700
2635, 17235800
2636, 16183700
2637, 14883300
2638, 16780700
2639, 19154200
2640, 16923000
2641, 19300900
2642, 20969400
2643, 23513900
2644, 25923300
2645, 28275400
2646, 30475700
2647, 32383800
2648, 34621800
2649, 36701400
2650, 34720100
2651, 36912300
2652, 38063600
2653, 40078800
2654, 41751100
2655, 43379700
2656, 42214400
2657, 43141200
2658, 44548700
2659, 42622100
2660, 43807100
2661, 45311600
2662, 43964800
2663, 42383100
2664, 41272200
2665, 40008500
2666, 38612700
2667, 36970800
2668, 35625800
2669, 37807500
2670, 38778500
2671, 39666900
2672, 40725800
2673, 42769300
2674, 43798600
2675, 45539600
2676, 44409000
2677, 45352500
2678, 46460900
2679, 44894300
2680, 43620500
2681, 41869200
2682, 42969700
2683, 43943600
2684, 43385300
2685, 43587300
2686, 44192200
2687, 43479500
2688, 42860400
2689, 43747700
2690, 44404100
2691, 43641100
2692, 44493400
2693, 53963300
2694, 49230300
2695, 47485900
2696, 45821300
2697, 44153900
2698, 42630800
2699, 43734600
2700, 42297700
2701, 42297700
2702, 43294300
2703, 44152700
2704, 42945000
2705, 41656800
2706, 41881700
2707, 38405100
2708, 39172800
2709, 38474700
2710, 37675200
2711, 36567300
2712, 33914400
2713, 36200400
2714, 35117300
2715, 34297800
2716, 32928100
2717, 34063600
2718, 33170100
2719, 32320200
2720, 33295300
2721, 32631900
2722, 31645900
2723, 32071200
2724, 32831700
2725, 31849800
2726, 29674100
2727, 31799200
2728, 34125300
2729, 33418400
2730, 34648400
2731, 35687200
2732, 34976300
2733, 34331000
2734, 33435800
2735, 32838300
2736, 33503200
2737, 34101200
2738, 34819000
2739, 34149900
2740, 34720100
2741, 35374200
2742, 34889600
2743, 34495700
2744, 35290500
2745, 36703800
2746, 38479100
2747, 36551300
2748, 35366600
2749, 32461100
2750, 31055400
2751, 29558800
2752, 30735600
2753, 28720400
2754, 30264200
2755, 31418500
2756, 30416600
2757, 31584800
2758, 33148600
2759, 34322100
2760, 35309000
2761, 36795600
2762, 37638000
2763, 38939200
2764, 39946400
2765, 38902600
2766, 38354000
2767, 37649200
2768, 36454400
2769, 36999600
2770, 37531200
2771, 36664400
2772, 35238400
2773, 35976700
2774, 36645400
2775, 37530000
2776, 38113200
2777, 37288200
2778, 37855000
2779, 38664300
2780, 38057200
2781, 38608200
2782, 39467800
2783, 40579300
2784, 42554500
2785, 41324700
2786, 42104900
2787, 42688100
2788, 43434100
2789, 45026700
2790, 43643700
2791, 42513100
2792, 43439000
2793, 44651900
2794, 45704200
2795, 45066700
2796, 45682200
2797, 46537900
2798, 47176300
2799, 46499700
2800, 45972900
2801, 46454400
2802, 45112600
2803, 43949800
2804, 43161500
2805, 42183700
2806, 43104400
2807, 41468200
2808, 45884100
2809, 48929700
2810, 50523800
2811, 49079600
2812, 48217200
2813, 49617700
2814, 48460900
2815, 47685400
2816, 46421000
2817, 47641800
2818, 48449400
2819, 49577400
2820, 48452900
2821, 47643600
2822, 46724300
2823, 45977200
2824, 45063100
2825, 45776900
2826, 44927400
2827, 45998700
2828, 45159400
2829, 44274300
2830, 45206800
2831, 44239900
2832, 46432900
2833, 44911500
2834, 43889100
2835, 43000700
2836, 40832300
2837, 39015400
2838, 39375800
2839, 38245400
2840, 37268500
2841, 36062900
2842, 33226200
2843, 31498700
2844, 29427900
2845, 27975700
2846, 26394700
2847, 27795600
2848, 26293400
2849, 24538200
2850, 23049500
2851, 25749300
2852, 27442300
2853, 28738900
2854, 30629100
2855, 32464100
2856, 31024800
2857, 29870300
2858, 28918000
2859, 27511700
2860, 28677000
2861, 29489400
2862, 27393500
2863, 28627400
2864, 27535400
2865, 28990400
2866, 30268200
2867, 32146600
2868, 31472700
2869, 32243400
2870, 31077000
2871, 32174600
2872, 31463600
2873, 30857000
2874, 31390200
2875, 30703300
2876, 30243900
2877, 30951800
2878, 31627000
2879, 30386200
2880, 29106900
2881, 29950500
2882, 30638800
2883, 31398400
2884, 32658100
2885, 31944800
2886, 31230800
2887, 31919200
2888, 32304300
2889, 31370100
2890, 30459100
2891, 31411400
2892, 32485900
2893, 31481100
2894, 29838500
2895, 33711400
2896, 35817300
2897, 34421600
2898, 32980800
2899, 34963800
2900, 36541000
2901, 35501000
2902, 36675700
2903, 35097300
2904, 33237900
2905, 31440800
2906, 33031500
2907, 34376300
2908, 35580400
2909, 37285500
2910, 36276600
2911, 37214200
2912, 38950500
2913, 40303000
2914, 39328400
2915, 40213000
2916, 38360400
2917, 39521500
2918, 38470900
2919, 39761300
2920, 38772800
2921, 40051200
2922, 41152400
2923, 40089500
2924, 40948400
2925, 39844600
2926, 38906500
2927, 38206000
2928, 37622000
2929, 38828300
2930, 39804300
2931, 40813000
2932, 39846500
2933, 39060000
2934, 38056700
2935, 36426500
2936, 37433700
2937, 38262600
2938, 36784500
2939, 34705100
2940, 35554300
2941, 34968100
2942, 33651400
2943, 32231700
2944, 33513000
2945, 32908800
2946, 33528800
2947, 32796700
2948, 33853800
2949, 32695200
2950, 26666300
2951, 20595700
2952, 23085900
2953, 25055200
2954, 23689300
2955, 22548800
2956, 21080000
2957, 19752700
2958, 19752700
2959, 20402400
2960, 19800400
2961, 20864800
2962, 20097800
2963, 21032700
2964, 19927900
2965, 17378600
2966, 14708200
2967, 12972700
2968, 14180300
2969, 13204500
2970, 11642700
2971, 9605100
2972, 7745400
2973, 10042900
2974, 11660900
2975, 10582900
2976, 8249300
2977, 10853900
2978, 9080700
2979, 7092500
2980, 8931400
2981, 10078100
2982, 14287200
2983, 16023100
2984, 18428000
2985, 16724300
2986, 18023600
2987, 16595600
2988, 17887000
2989, 16440300
2990, 17539400
2991, 16478700
2992, 15447200
2993, 16628400
2994, 17319500
2995, 16353500
2996, 17543900
2997, 18728400
2998, 17680400
2999, 19002400
3000, 17902500
3001, 19042900
3002, 19924000
3003, 20809200
3004, 19299500
3005, 21597100
3006, 20200800
3007, 21626300
3008, 20927400
3009, 19662800
3010, 20473400
3011, 22309600
3012, 24054200
3013, 25484500
3014, 24271000
3015, 23331300
3016, 22296900
3017, 23411500
3018, 22152800
3019, 23111900
3020, 21754400
3021, 20557800
3022, 19775200
3023, 18441900
3024, 19630100
3025, 20555700
3026, 22893100
3027, 24422100
3028, 25473800
3029, 23991500
3030, 22373600
3031, 23231500
3032, 23896000
3033, 24583900
3034, 25655200
3035, 24424500
3036, 25373700
3037, 26577700
3038, 28178800
3039, 27500400
3040, 26713100
3041, 27767900
3042, 28939100
3043, 30102400
3044, 31333800
3045, 32433800
3046, 33536700
3047, 35597300
3048, 33990200
3049, 35193100
3050, 36204100
3051, 37717600
3052, 36551900
3053, 35006700
3054, 37304500
3055, 35256000
3056, 34083600
3057, 35245400
3058, 36736500
3059, 37549000
3060, 36723600
3061, 38587800
3062, 35270400
3063, 33430900
3064, 35326500
3065, 33631400
3066, 31788800
3067, 33404100
3068, 34516800
3069, 33360900
3070, 31993800
3071, 32792500
3072, 33944000
3073, 34885700
3074, 33578700
3075, 31326000
3076, 32707500
3077, 30732300
3078, 32205100
3079, 30023000
3080, 31266600
3081, 29475400
3082, 28031400
3083, 26739900
3084, 28200800
3085, 26994900
3086, 25531800
3087, 26454100
3088, 27065900
3089, 28301900
3090, 29712500
3091, 28743500
3092, 26884400
3093, 28079700
3094, 29250800
3095, 30437500
3096, 29856800
3097, 30891700
3098, 31541900
3099, 30511800
3100, 31458200
3101, 32122600
3102, 31329300
3103, 31904900
3104, 33376000
3105, 34783900
3106, 34141200
3107, 33568200
3108, 32755800
3109, 32107700
3110, 31168800
3111, 31786500
3112, 32450900
3113, 33192000
3114, 32785500
3115, 33187800
3116, 34148900
3117, 35159000
3118, 35766800
3119, 36416800
3120, 37317800
3121, 38130300
3122, 39262200
3123, 38491400
3124, 39168100
3125, 38417000
3126, 39113800
3127, 38288400
3128, 39334000
3129, 37822300
3130, 35946200
3131, 34777400
3132, 33789600
3133, 34799900
3134, 33041200
3135, 34166600
3136, 33335500
3137, 34044200
3138, 33249800
3139, 33911200
3140, 34577400
3141, 35834100
3142, 36855900
3143, 38390800
3144, 42497700
3145, 44557800
3146, 43376000
3147, 42244700
3148, 43119600
3149, 41901400
3150, 42715600
3151, 41719800
3152, 42475500
3153, 43110300
3154, 43779400
3155, 43032000
3156, 43894000
3157, 43491300
3158, 43996900
3159, 44671400
3160, 44138700
3161, 44764800
3162, 44254400
3163, 44574400
3164, 45287400
3165, 44752200
3166, 45296600
3167, 44464600
3168, 45316300
3169, 46648300
3170, 47755400
3171, 49165600
3172, 44236800
3173, 46026512
3174, 47120921
3175, 46308221
3176, 45273321
3177, 43108121
3178, 41662521
3179, 45843221
3180, 47031621
3181, 45762221
3182, 44492021
3183, 43628921
3184, 44663121
3185, 44103421
3186, 44795821
3187, 45721721
3188, 47194521
3189, 48070921
3190, 47672621
3191, 47427821
3192, 48317621
3193, 47527221
3194, 46935821
3195, 45612921
3196, 44920421
3197, 45669521
3198, 43870521
3199, 30203321
3200, 34850021
3201, 37820721
3202, 35470121
3203, 33448021
3204, 34994221
3205, 36244121
3206, 37660721
3207, 38596321
3208, 39509121
3209, 39794821
3210, 40117721
3211, 40764021
3212, 41232421
3213, 41736921
3214, 40811821
3215, 39214921
3216, 40603821
3217, 39471821
3218, 38561921
3219, 37653221
3220, 38560221
3221, 39607121
3222, 39102521
3223, 40326121
3224, 39578321
3225, 38402321
3226, 39448121
3227, 40167421
3228, 39710421
3229, 39041921
3230, 39565021
3231, 38903121
3232, 39501921
3233, 38790021
3234, 39654921
3235, 40381921
3236, 41301121
3237, 42299121
3238, 43017221
3239, 44068821
3240, 43373521
3241, 43977521
3242, 43406121
3243, 42200621
3244, 43418921
3245, 44010821
3246, 43022721
3247, 44053021
3248, 44525921
3249, 43321221
3250, 43929821
3251, 44792721
3252, 44014521
3253, 43212421
3254, 41862721
3255, 36036121
3256, 38292821
3257, 39484921
3258, 40391421
3259, 41324421
3260, 40354521
3261, 39096721
3262, 40324821
3263, 39539421
3264, 40454621
3265, 41230821
3266, 42499621
3267, 41357321
3268, 42440121
3269, 43706721
3270, 43013121
3271, 43881521
3272, 43192921
3273, 42281321
3274, 43130521
3275, 44180421
3276, 45122121
3277, 42911821
3278, 44414521
3279, 43326421
3280, 42272621
3281, 41413921
3282, 40403221
3283, 38722121
3284, 37364921
3285, 38200021
3286, 38896021
3287, 38235821
3288, 41140121
3289, 39436521
3290, 40275321
3291, 39560521
3292, 38942521
3293, 39528721
3294, 41081321
3295, 39894921
3296, 39099721
3297, 39899221
3298, 38677321
3299, 39277321
3300, 38663021
3301, 37740521
3302, 39028721
3303, 39641021
3304, 40934321
3305, 39894421
3306, 38859821
3307, 37924321
3308, 38802021
3309, 37989121
3310, 36818121
3311, 35528921
3312, 36426421
3313, 34229321
3314, 36998521
3315, 38855221
3316, 39838921
3317, 40945121
3318, 40062421
3319, 41027521
3320, 40119521
3321, 40799621
3322, 41440821
3323, 42354021
3324, 41778421
3325, 42510821
3326, 41821121
3327, 41235521
3328, 40602821
3329, 41716321
3330, 41047921
3331, 40402321
3332, 41197421
3333, 41924321
3334, 42489021
3335, 41954621
3336, 41523621
3337, 36694621
3338, 34888921
3339, 33730821
3340, 34828721
3341, 33770921
3342, 32304221
3343, 33180821
3344, 32271121
3345, 31293121
3346, 30084721
3347, 28756321
3348, 26905521
3349, 25750921
3350, 26939421
3351, 25518921
3352, 23972721
3353, 25324521
3354, 24473921
3355, 25143821
3356, 23927621
3357, 24589021
3358, 25054721
3359, 25774421
3360, 24738321
3361, 23674821
3362, 21809621
3363, 23513821
3364, 24472521
3365, 25152821
3366, 25983121
3367, 24621821
3368, 25459321
3369, 26577521
3370, 27353421
3371, 26493321
3372, 27167621
3373, 27749521
3374, 26923321
3375, 26082121
3376, 24920021
3377, 25330221
3378, 24683821
3379, 24208221
3380, 23550621
3381, 23066321
3382, 23746421
3383, 24191021
3384, 23757321
3385, 24853821
3386, 24197821
3387, 24752621
3388, 25255521
3389, 26019421
3390, 25480321
3391, 26075721
3392, 25394621
3393, 24611121
3394, 25374521
3395, 22405221
3396, 21422621
3397, 22163721
3398, 21237821
3399, 21990321
3400, 21400521
3401, 22970121
3402, 20999921
3403, 19248321
3404, 19837321
3405, 19837321
3406, 18997821
3407, 19838521
3408, 19570221
3409, 20462821
3410, 19949921
3411, 18934921
3412, 20568621
3413, 21569121
3414, 20767621
3415, 21844521
3416, 22314321
3417, 21919421
3418, 22370321
3419, 22957021
3420, 23506321
3421, 22785621
3422, 23452821
3423, 23912121
3424, 23067621
3425, 24131121
3426, 25022321
3427, 26081821
3428, 25653521
3429, 25075621
3430, 25398821
3431, 25894621
3432, 26252521
3433, 26860021
3434, 26247921
3435, 28576621
3436, 27921821
3437, 27292921
3438, 27812421
3439, 27287721
3440, 26911321
3441, 27046621
3442, 26337521
3443, 25798521
3444, 26355221
3445, 26888721
3446, 25839721
3447, 24931721
3448, 24069921
3449, 25362321
3450, 26684521
3451, 27437521
3452, 26069121
3453, 27100621
3454, 26372521
3455, 27118821
3456, 28507021
3457, 27783721
3458, 28293121
3459, 28881721
3460, 28481421
3461, 28224421
3462, 28555621
3463, 28807221
3464, 29094821
3465, 29736521
3466, 28730821
3467, 28074721
3468, 28894621
3469, 28411921
3470, 28841021
3471, 29634321
3472, 29186221
3473, 29186221
3474, 29186221
3475, 29725121
3476, 30388621
3477, 29848621
3478, 28673021
3479, 28041021
3480, 27309921
3481, 27718021
3482, 28334021
3483, 27950421
3484, 27337121
3485, 28040821
3486, 29062921
3487, 30136021
3488, 31204821
3489, 32302821
3490, 32008121
3491, 31598321
3492, 31321821
3493, 31573321
3494, 31909921
3495, 32161721
3496, 32517221
3497, 32128421
3498, 33132821
3499, 32522421
3500, 31976521
3501, 32459821
3502, 33153121
3503, 33736521
3504, 34414221
3505, 35184021
3506, 37189921
3507, 37925721
3508, 39195521
3509, 39936021
3510, 39307121
3511, 38549821
3512, 39107121
3513, 39840621
3514, 30377821
3515, 27603421
3516, 30571021
3517, 31959621
3518, 30016121
3519, 28667121
3520, 27473321
3521, 28107021
3522, 28889321
3523, 27849221
3524, 26483621
3525, 27724821
3526, 28569121
3527, 27460121
3528, 27967821
3529, 28765021
3530, 28057121
3531, 28970321
3532, 28134621
3533, 28577721
3534, 29477021
3535, 28857521
3536, 27563321
3537, 26566321
3538, 27533121
3539, 28188221
3540, 27711721
3541, 28308821
3542, 27735821
3543, 28334121
3544, 27404921
3545, 28029221
3546, 27325321
3547, 27958221
3548, 28520321
3549, 28967921
3550, 29390921
3551, 28985321
3552, 28479021
3553, 28950621
3554, 28560721
3555, 27965421
3556, 27258521
3557, 26541721
3558, 27161221
3559, 27661821
3560, 28660021
3561, 30875521
3562, 30078021
3563, 29498921
3564, 28177821
3565, 26065421
3566, 27431721
3567, 28516221
3568, 27647321
3569, 28536921
3570, 29118321
3571, 28351121
3572, 27891321
3573, 28445421
3574, 27889521
3575, 28608321
3576, 28099721
3577, 28556321
3578, 29580421
3579, 28826121
3580, 29691321
3581, 28521921
3582, 29106121
3583, 28282121
3584, 27431621
3585, 26273921
3586, 25523521
3587, 26026221
3588, 26918621
3589, 27883221
3590, 26998221
3591, 27414121
3592, 28110621
3593, 29060021
3594, 29978821
3595, 30916021
3596, 31542821
3597, 32301821
3598, 32708121
3599, 33222421
3600, 33773921
3601, 34424721
3602, 35162821
3603, 35681621
3604, 34898521
3605, 35288121
3606, 34794021
3607, 34326321
3608, 34762821
3609, 35334421
3610, 34825421
3611, 35241921
3612, 35604021
3613, 37791921
3614, 36833521
3615, 36327421
3616, 35889721
3617, 36359521
3618, 35854121
3619, 35034621
3620, 34325821
3621, 34779721
3622, 34096421
3623, 34458621
3624, 34822021
3625, 33702621
3626, 32989121
3627, 33741521
3628, 34396921
3629, 35054521
3630, 34601421
3631, 34008421
3632, 33254021
3633, 34102921
3634, 32847521
3635, 32053321
3636, 32870521
3637, 33483621
3638, 32730321
3639, 33153421
3640, 33628821
3641, 32940721
3642, 32392521
3643, 31648821
3644, 30259621
3645, 29306021
3646, 27714121
3647, 23436821
3648, 25808621
3649, 24736421
3650, 26082621
3651, 25030321
3652, 24010521
3653, 24732321
3654, 21218621
3655, 19544521
3656, 20736421
3657, 19177721
3658, 20745921
3659, 21622821
3660, 21016321
3661, 22122821
3662, 20634121
3663, 21531021
3664, 22501721
3665, 23127221
3666, 22004121
3667, 23436821
3668, 21680721
3669, 20388221
3670, 21635521
3671, 20946321
3672, 22103921
3673, 21311321
3674, 23732421
3675, 25118721
3676, 23963621
3677, 27293721
3678, 29016321
3679, 28407921
3680, 29687921
3681, 28605521
3682, 27547821
3683, 28380721
3684, 29027621
3685, 28265821
3686, 27617321
3687, 27934821
3688, 28806721
3689, 29667421
3690, 30587221
3691, 29697321
3692, 30394921
3693, 30543321
3694, 29642321
3695, 29642321
3696, 30839821
3697, 31797121
3698, 31027421
3699, 30306721
3700, 33475821
3701, 35396921
3702, 33752021
3703, 34420721
3704, 33671721
3705, 32372821
3706, 33768921
3707, 32947521
3708, 32058521
3709, 31052221
3710, 31957321
3711, 31374921
3712, 31036521
3713, 31491021
3714, 31031521
3715, 31516721
3716, 32103221
3717, 31728221
3718, 32785121
3719, 32120621
3720, 32835321
3721, 32399021
3722, 33072721
3723, 33072721
3724, 33748321
3725, 36002621
3726, 35357321
3727, 34886921
3728, 35334221
3729, 35736321
3730, 34914121
3731, 34598621
3732, 35089321
3733, 34696421
3734, 34251521
3735, 35054721
3736, 35866421
3737, 36844321
3738, 36317721
3739, 35871921
3740, 36233621
3741, 35289521
3742, 35922921
3743, 36384421
3744, 36956221
3745, 36059421
3746, 36387121
3747, 37244021
3748, 36559821
3749, 36124621
3750, 35666321
3751, 35298821
3752, 35595821
3753, 35291321
3754, 35690121
3755, 35229121
3756, 34493321
3757, 37020221
3758, 35471721
3759, 34838721
3760, 34317721
3761, 34821021
3762, 34458421
3763, 33960321
3764, 34420521
3765, 34858121
3766, 35231321
3767, 35680621
3768, 36080121
3769, 35420721
3770, 35741721
3771, 35288621
3772, 36001721
3773, 37030021
3774, 37439721
3775, 37912221
3776, 37423621
3777, 38032321
3778, 38657921
3779, 39405521
3780, 38891921
3781, 39605221
3782, 40123921
3783, 39430121
3784, 38898821
3785, 38515121
3786, 37064621
3787, 36580821
3788, 36251221
3789, 35970621
3790, 36459721
3791, 35988221
3792, 36414121
3793, 35857321
3794, 35408421
3795, 34854721
3796, 34206921
3797, 34713221
3798, 34249021
3799, 33924021
3800, 33546221
3801, 32471821
3802, 31866021
3803, 32511021
3804, 33099921
3805, 32748821
3806, 32417421
3807, 32047921
3808, 31502821
3809, 30614921
3810, 30041421
3811, 29477321
3812, 30148921
3813, 30918921
3814, 30139721
3815, 29532321
3816, 31565121
3817, 30717621
3818, 31358021
3819, 32345521
3820, 33167021
3821, 33870021
3822, 34522721
3823, 34009321
3824, 33301121
3825, 34113921
3826, 35282821
3827, 34154521
3828, 33436621
3829, 34468921
3830, 35248321
3831, 36188221
3832, 34912621
3833, 34377121
3834, 35139621
3835, 35583821
3836, 35216621
3837, 34795221
3838, 34304421
3839, 33774321
3840, 33215921
3841, 30710621
3842, 29703221
3843, 30049621
3844, 29305721
3845, 28175721
3846, 27571721
3847, 26987721
3848, 26239221
3849, 25442921
3850, 26535421
3851, 25936521
3852, 26494021
3853, 26008821
3854, 26933221
3855, 26644521
3856, 26111921
3857, 26596621
3858, 27175921
3859, 26396021
3860, 25761821
3861, 26210221
3862, 26542321
3863, 26133421
3864, 26700621
3865, 27172221
3866, 27495821
3867, 27873321
3868, 27470121
3869, 27089921
3870, 27430621
3871, 27756221
3872, 27131421
3873, 27537321
3874, 28256021
3875, 29090021
3876, 29853221
3877, 29515721
3878, 29116321
3879, 29464221
3880, 28737021
3881, 29118121
3882, 29520221
3883, 29853721
3884, 30595821
3885, 31029721
3886, 31409221
3887, 32026421
3888, 31553321
3889, 30942221
3890, 31757921
3891, 33304121
3892, 34063421
3893, 34578921
3894, 33933321
3895, 33933321
3896, 32854521
3897, 36713521
3898, 38843921
3899, 37894721
3900, 38452121
3901, 39478221
3902, 40701121
3903, 41988121
3904, 40535221
3905, 39710521
3906, 40362221
3907, 41185321
3908, 41934021
3909, 42616921
3910, 42070121
3911, 42508921
3912, 43079521
3913, 42610421
3914, 43280821
3915, 42773521
3916, 43309921
3917, 44289921
3918, 44977521
3919, 45619621
3920, 45133421
3921, 46036721
3922, 45508321
3923, 44203121
3924, 44820921
3925, 44266321
3926, 44859021
3927, 45537721
3928, 44872121
3929, 44331721
3930, 43716021
3931, 44060721
3932, 43519721
3933, 44131821
3934, 43675221
3935, 44049421
3936, 43564121
3937, 44259921
3938, 43814821
3939, 44695021
3940, 45096521
3941, 44653021
3942, 45347121
3943, 46017521
3944, 45736521
3945, 45102321
3946, 44439621
3947, 43783921
3948, 44575021
3949, 44115221
3950, 44866321
3951, 47346921
3952, 48355721
3953, 47527321
3954, 48405521
3955, 48868021
3956, 48273121
3957, 47808821
3958, 48281921
3959, 47553421
3960, 47234921
3961, 47987521
3962, 47474821
3963, 46995221
3964, 46760421
3965, 47108921
3966, 47472621
3967, 47249921
3968, 46918221
3969, 48286921
3970, 49001621
3971, 48468621
3972, 48754321
3973, 49496421
3974, 49035421
3975, 49844221
3976, 49347121
3977, 48903521
3978, 48383421
3979, 48957521
3980, 49492721
3981, 48993421
3982, 49452021
3983, 49798921
3984, 49196621
3985, 49611221
3986, 49293521
3987, 48858021
3988, 49436621
3989, 49875221
3990, 50145121
3991, 49800121
3992, 50034721
3993, 49687121
3994, 49320121
3995, 49077921
3996, 49367869
3997, 49694355
3998, 50010186
3999, 49640986
4000, 49317186
4001, 49635586
4002, 50061386
4003, 50688586
4004, 51393486
4005, 53006118
4006, 51130318
4007, 52491218
4008, 51517911
4009, 50774211
4010, 50083310
4011, 50795110
4012, 51583000
4013, 52095200
4014, 52584500
4015, 52882300
4016, 52265900
4017, 51526000
4018, 52092500
4019, 51584900
4020, 52197300
4021, 52557900
4022, 53245167
4023, 53608167
4024, 53973367
4025, 53668367
4026, 53290567
4027, 52722667
4028, 53426867
4029, 53950467
4030, 54772267
4031, 55597567
4032, 56591075
4033, 56818575
4034, 57141375
4035, 57685175
4036, 57685175
4037, 58218474
4038, 57840274
4039, 58354674
4040, 57958574
4041, 57513191
4042, 57862291
4043, 58255791
4044, 58540091
4045, 58013391
4046, 58750091
4047, 58319891
4048, 57947691
4049, 57361291
4050, 57898524
4051, 57269524
4052, 57765924
4053, 57357624
4054, 57602319
4055, 57033919
4056, 57657719
4057, 56969019
4058, 57390219
4059, 56927519
4060, 55798119
4061, 56400919
4062, 56939519
4063, 57511519
4064, 56524219
4065, 55260219
4066, 52858241
4067, 51410472
4068, 52247872
4069, 53149572
4070, 54227073
4071, 55430373
4072, 56314024
4073, 57459124
4074, 58851824
4075, 57945624
4076, 56606224
4077, 57539224
4078, 58636724
4079, 57470124
4080, 58459944
4081, 57612044
4082, 58393344
4083, 59366344
4084, 58580344
4085, 58007844
4086, 57050344
4087, 57878544
4088, 57268544
4089, 56594964
4090, 57201664
4091, 56741964
4092, 56278464
4093, 56592364
4094, 56797564
4095, 57163164
4096, 56635064
4097, 56298064
4098, 55632066
4099, 56138266
4100, 55167666
4101, 55497766
4102, 55171566
4103, 55612366
4104, 54936766
4105, 55364466
4106, 54646366
4107, 54240966
4108, 53538831
4109, 52585131
4110, 51740046
4111, 52838146
4112, 53925446
4113, 53137346
4114, 52249843
4115, 52972243
4116, 51957843
4117, 52739043
4118, 51677143
4119, 50549443
4120, 48759443
4121, 47470943
4122, 48288643
4123, 47675743
4124, 46944343
4125, 45482143
4126, 46506443
4127, 47215643
4128, 47644543
4129, 48239143
4130, 47774443
4131, 48140243
4132, 47707143
4133, 46917343
4134, 47986243
4135, 47574343
4136, 48137343
4137, 47303843
4138, 45912743
4139, 46582443
4140, 45569343
4141, 44435543
4142, 45288143
4143, 44146243
4144, 45150843
4145, 45923743
4146, 45142143
4147, 46932343
4148, 47970043
4149, 47182743
4150, 46274043
4151, 46967843
4152, 46219943
4153, 46893443
4154, 47604243
4155, 48320443
4156, 49344043
4157, 50583743
4158, 51767343
4159, 51104743
4160, 51912043
4161, 51129943
4162, 50394343
4163, 51108943
4164, 51799843
4165, 52286143
4166, 51628143
4167, 50918543
4168, 52013743
4169, 52944443
4170, 51943643
4171, 52623743
4172, 51970443
4173, 53030143
4174, 53943043
4175, 54526843
4176, 54980843
4177, 55348643
4178, 56009743
4179, 55264043
4180, 54694043
4181, 53999993
4182, 54740293
4183, 54212093
4184, 53415893
4185, 52507393
4186, 53034193
4187, 53540593
4188, 52869153
4189, 52041953
4190, 50933353
4191, 49947876
4192, 48393176
4193, 47613250
4194, 47870450
4195, 47235329
4196, 48036629
4197, 48795778
4198, 49551370
4199, 51714361
4200, 50803561
4201, 54986161
4202, 53243469
4203, 54069964
4204, 54813978
4205, 55575040
4206, 54042240
4207, 52858827
4208, 51540628
4209, 50544914
4210, 49742072
4211, 50381301
4212, 51356412
4213, 50788319
4214, 50133419
4215, 50278119
4216, 49941319
4217, 49579319
4218, 49137719
4219, 49716219
4220, 48783319
4221, 48007419
4222, 47028730
4223, 47979475
4224, 47046975
4225, 45754816
4226, 46995434
4227, 45975401
4228, 46619966
4229, 45678266
4230, 46597566
4231, 45683567
4232, 46901039
4233, 48270529
4234, 49609652
4235, 48775697
4236, 48074497
4237, 49256753
4238, 48575346
4239, 47841500
4240, 48790949
4241, 49712581
4242, 48960571
4243, 48224281
4244, 47508781
4245, 48432896
4246, 47773991
4247, 48335849
4248, 47770071
4249, 48312996
4250, 47466202
4251, 48097502
4252, 47250005
4253, 48051498
4254, 47458226
4255, 48070791
4256, 49092134
4257, 50949124
4258, 49996066
4259, 49415987
4260, 48754687
4261, 49469187
4262, 48765287
4263, 49406556
4264, 48792664
4265, 48071464
4266, 47547664
4267, 48284517
4268, 47588645
4269, 48327812
4270, 47229844
4271, 46362392
4272, 47918101
4273, 47129361
4274, 48328060
4275, 48922978
4276, 49361878
4277, 48888248
4278, 48403491
4279, 47948641
4280, 48518361
4281, 49124269
4282, 48578869
4283, 48204050
4284, 47852042
4285, 47337977
4286, 47855701
4287, 47203761
4288, 47913667
4289, 48640930
4290, 49441148
4291, 50078948
4292, 50724567
4293, 51362269
4294, 51975373
4295, 51692677
4296, 51307521
4297, 50651327
4298, 51220030
4299, 51995488
4300, 51480626
4301, 52116861
4302, 51342399
4303, 51908363
4304, 51454503
4305, 50883858
4306, 51751389
4307, 51408036
4308, 50391442
4309, 49844693
4310, 50230606
4311, 50709904
4312, 51222506
4313, 51885984
4314, 51047355
4315, 51831751
4316, 50803097
4317, 49848626
4318, 50601626
4319, 50045447
4320, 48903657
4321, 48414177
4322, 49142614
4323, 48780020
4324, 49413191
4325, 49413191
4326, 48672421
4327, 49416362
4328, 48640642
4329, 48081235
4330, 47366708
4331, 46853104
4332, 47349489
4333, 47824271
4334, 48487769
4335, 47814317
4336, 47051103
4337, 47776255
4338, 47129954
4339, 46439149
4340, 45343854
4341, 43999172
4342, 45920181
4343, 49373007
4344, 51032668
4345, 52175187
4346, 51097043
4347, 51792622
4348, 50862862
4349, 52006119
4350, 51064255
4351, 50158935
4352, 49070613
4353, 48400793
4354, 47048903
4355, 48069724
4356, 49372402
4357, 50489165
4358, 49709612
4359, 50786635
4360, 52227624
4361, 51383003
4362, 50613625
4363, 49917211
4364, 50636380
4365, 51403722
4366, 50653742
4367, 51331329
4368, 50692397
4369, 51790405
4370, 50616101
4371, 49538094
4372, 50506058
4373, 51510704
4374, 50825308
4375, 49886771
4376, 50744082
4377, 51362750
4378, 50802971
4379, 50289381
4380, 51025511
4381, 50150686
4382, 50718539
4383, 50227107
4384, 50822067
4385, 51463998
4386, 52208874
4387, 51664391
4388, 52881847
4389, 53960570
4390, 53059778
4391, 52378842
4392, 53384611
4393, 52229838
4394, 52937874
4395, 53916068
4396, 54756688
4397, 53684891
4398, 51861261
4399, 50645251
4400, 52530443
4401, 53770846
4402, 52509701
4403, 51830805
4404, 51184167
4405, 52100994
4406, 52558764
4407, 51682976
4408, 50366629
4409, 49608629
4410, 48458394
4411, 49559953
4412, 50914127
4413, 48649725
4414, 47147388
4415, 45906330
4416, 47401948
4417, 48162647
4418, 49471340
4419, 48468430
4420, 49642366
4421, 50343705
4422, 51073174
4423, 51870336
4424, 50978168
4425, 49705117
4426, 48961382
4427, 49864468
4428, 51539810
4429, 53564176
4430, 54593357
4431, 55845051
4432, 54696692
4433, 55413625
4434, 53828349
4435, 52652729
4436, 53417648
4437, 52791479
4438, 52080694
4439, 50455884
4440, 51796280
4441, 50616419
4442, 49490940
4443, 51725711
4444, 48275668
4445, 45066865
4446, 48141366
4447, 50110371
4448, 51472746
4449, 52471817
4450, 53018118
4451, 51489009
4452, 53349175
4453, 54963982
4454, 53587987
4455, 55285734
4456, 53414058
4457, 56597119
4458, 58288640
4459, 56545729
4460, 58511763
4461, 56936623
4462, 58390848
4463, 59471289
4464, 60587196
4465, 58845365
4466, 57153391
4467, 58186613
4468, 58374595
4469, 58850589
4470, 59784194
4471, 61037006
4472, 62148358
4473, 63297124
4474, 61803682
4475, 63145268
4476, 61154008
4477, 62542686
4478, 61682059
4479, 60181957
4480, 61278551
4481, 59921252
4482, 61365547
4483, 62358354
4484, 61145866
4485, 62673358
4486, 64161270
4487, 63079098
4488, 62065759
4489, 63023840
4490, 63985143
4491, 63165822
4492, 62277044
4493, 63395770
4494, 64661450
4495, 63380857
4496, 64618812
4497, 66612791
4498, 65783485
4499, 64850175
4500, 63952742
4501, 65090358
4502, 64236382
4503, 62314646
4504, 64047951
4505, 66603507
4506, 69530331
4507, 67411922
4508, 68914804
4509, 67635807
4510, 66531830
4511, 68250138
4512, 66340618
4513, 73189676
4514, 75221438
4515, 73300360
4516, 75094495
4517, 73255979
4518, 75131772
4519, 76463191
4520, 77874459
4521, 76628155
4522, 75435087
4523, 76801438
4524, 78292604
4525, 76935382
4526, 75532699
4527, 73883949
4528, 72708818
4529, 73801028
4530, 74863983
4531, 74226599
4532, 73409779
4533, 72443391
4534, 73526533
4535, 70971337
4536, 72237211
4537, 73121022
4538, 72026135
4539, 73026485
4540, 73919182
4541, 73086199
4542, 74006663
4543, 74860297
4544, 75940528
4545, 76658295
4546, 75702952
4547, 74763274
4548, 73818645
4549, 74756830
4550, 73838349
4551, 74586735
4552, 75284559
4553, 74517803
4554, 75575644
4555, 74810550
4556, 75909767
4557, 74894510
4558, 76164981
4559, 75012764
4560, 73598913
4561, 74589693
4562, 73043490
4563, 71723824
4564, 72674065
4565, 73634367
4566, 74409302
4567, 75119190
4568, 73981170
4569, 72517709
4570, 73555086
4571, 75462540
4572, 71879515
4573, 69660600
4574, 71515818
4575, 72721489
4576, 73787532
4577, 74768206
4578, 73766261
4579, 74818393
4580, 74271633
4581, 74987203
4582, 73874431
4583, 72610395
4584, 73384541
4585, 72555796
4586, 71767633
4587, 72839553
4588, 73722328
4589, 72338953
4590, 71201825
4591, 70157467
4592, 68212513
4593, 69628141
4594, 68267910
4595, 69192275
4596, 68290272
4597, 69279470
4598, 68541652
4599, 69342952
4600, 68561444
4601, 69629861
4602, 68667481
4603, 68080963
4604, 68906230
4605, 69884167
4606, 68813750
4607, 67847560
4608, 66631409
4609, 65871440
4610, 64846201
4611, 66353074
4612, 65243774
4613, 65703901
4614, 64973897
4615, 64378990
4616, 63626225
4617, 64545746
4618, 63868605
4619, 62587094
4620, 61645828
4621, 60556384
4622, 61319964
4623, 62286926
4624, 61565029
4625, 61993584
4626, 61523188
4627, 60101476
4628, 59288591
4629, 60237583
4630, 61604733
4631, 62520713
4632, 63234732
4633, 63755178
4634, 63162390
4635, 62293408
4636, 62987758
4637, 62124495
4638, 61002738
4639, 59848950
4640, 58842868
4641, 59420989
4642, 60238237
4643, 59776057
4644, 60476329
4645, 59868136
4646, 60440672
4647, 59444540
4648, 60023083
4649, 60848748
4650, 61470564
4651, 60853850
4652, 62404922
4653, 63306405
4654, 62436767
4655, 58534719
4656, 60155238
4657, 61314438
4658, 60451751
4659, 61979773
4660, 62974251
4661, 61594165
4662, 62726258
4663, 61540047
4664, 62468021
4665, 63245707
4666, 62639590
4667, 61893503
4668, 61147032
4669, 60483563
4670, 59319934
4671, 60228222
4672, 59488546
4673, 58125557
4674, 56747740
4675, 55581264
4676, 56510674
4677, 55669775
4678, 55112676
4679, 54197116
4680, 53130399
4681, 54015063
4682, 53122102
4683, 53932333
4684, 54833462
4685, 55725310
4686, 56266137
4687, 56816948
4688, 57407773
4689, 57938120
4690, 59129254
4691, 58306471
4692, 57874198
4693, 56980546
4694, 56503974
4695, 57159222
4696, 56601162
4697, 57372838
4698, 57739660
4699, 57450818
4700, 58107935
4701, 57786336
4702, 57121164
4703, 57800316
4704, 57372809
4705, 58087947
4706, 58823751
4707, 59721316
4708, 61491436
4709, 60763535
4710, 60163848
4711, 60446469
4712, 61067147
4713, 60722032
4714, 61188733
4715, 61765277
4716, 62346709
4717, 62944510
4718, 62944510
4719, 63458670
4720, 63315245
4721, 62950463
4722, 62796593
4723, 62796593
4724, 62524591
4725, 62116366
4726, 60891670
4727, 59817458
4728, 60241916
4729, 59780045
4730, 60220427
4731, 59766944
4732, 59404884
4733, 59029753
4734, 59727052
4735, 60318687
4736, 59636574
4737, 60196634
4738, 59535619
4739, 60045298
4740, 60587317
4741, 59925625
4742, 59526516
4743, 59104231
4744, 59387947
4745, 59752621
4746, 59430449
4747, 58741235
4748, 59562004
4749, 60228131
4750, 60713880
4751, 60384973
4752, 60913021
4753, 61394209
4754, 62131684
4755, 62460011
4756, 61567939
4757, 62057980
4758, 61782296
4759, 62226372
4760, 62720382
4761, 63406995
4762, 62823073
4763, 63527215
4764, 61830338
4765, 60888422
4766, 61630473
4767, 62166569
4768, 61671226
4769, 61107940
4770, 61741605
4771, 62075150
4772, 62331733
4773, 62637022
4774, 63153093
4775, 63825234
4776, 64134468
4777, 64685548
4778, 65203953
4779, 65549897
4780, 65112800
4781, 65480746
4782, 65788677
4783, 65494931
4784, 65838535
4785, 65541119
4786, 65829181
4787, 65426050
4788, 65707505
4789, 66096612
4790, 65749398
4791, 65981914
4792, 66201640
4793, 66426952
4794, 66821889
4795, 67170839
4796, 66664210
4797, 66333342
4798, 66097079
4799, 66345579
4800, 66799525
4801, 67028902
4802, 67028902
4803, 66702204
4804, 66349117
4805, 66747780
4806, 66304765
4807, 66677797
4808, 66370166
4809, 65902187
4810, 65226761
4811, 64657461
4812, 65211835
4813, 65730005
4814, 66050859
4815, 65734776
4816, 65199032
4817, 65804686
4818, 65434993
4819, 65879337
4820, 64955182
4821, 65606164
4822, 66122992
4823, 68292485
4824, 67393506
4825, 68371487
4826, 67373460
4827, 68189233
4828, 69246297
4829, 69918659
4830, 69220586
4831, 68590749
4832, 69298069
4833, 68670522
4834, 67305699
4835, 68171901
4836, 68639580
4837, 69320688
4838, 69917382
4839, 69458248
4840, 70048741
4841, 69489576
4842, 68955182
4843, 69609100
4844, 68953007
4845, 69598003
4846, 70015850
4847, 69286991
4848, 68726723
4849, 69470048
4850, 69917631
4851, 69306449
4852, 69997312
4853, 70760403
4854, 71317401
4855, 71955173
4856, 72564425
4857, 71969744
4858, 71037187
4859, 70400311
4860, 70794878
4861, 71413894
4862, 70882627
4863, 71868273
4864, 72994073
4865, 73686854
4866, 73053355
4867, 73916695
4868, 73114723
4869, 73640137
4870, 74244069
4871, 73473866
4872, 72796874
4873, 73295695
4874, 73756372
4875, 73084263
4876, 72398335
4877, 72007708
4878, 72546858
4879, 73170940
4880, 72703786
4881, 73099273
4882, 73476983
4883, 73107461
4884, 73477129
4885, 73820270
4886, 73286143
4887, 73727056
4888, 74129195
4889, 74505016
4890, 74118165
4891, 73638987
4892, 74140752
4893, 74598287
4894, 74863047
4895, 75186507
4896, 75600926
4897, 75160781
4898, 75435978
4899, 74941580
4900, 75290493
4901, 75560188
4902, 75172286
4903, 75855212
4904, 75071213
4905, 73902766
4906, 74749433
4907, 75237801
4908, 75696480
4909, 76119311
4910, 76644042
4911, 77378579
4912, 76698778
4913, 76084352
4914, 76699878
4915, 77455030
4916, 76974274
4917, 76974274
4918, 76347452
4919, 76802975
4920, 77306788
4921, 76573108
4922, 77196912
4923, 76575853
4924, 76129030
4925, 75409562
4926, 75853721
4927, 75426301
4928, 75756248
4929, 76134208
4930, 76574668
4931, 76236048
4932, 76661180
4933, 76894846
4934, 76568104
4935, 76839984
4936, 77373877
4937, 77992502
4938, 78432387
4939, 78832251
4940, 79160820
4941, 79890577
4942, 80507481
4943, 80166927
4944, 80556712
4945, 80218653
4946, 80548163
4947, 80917539
4948, 81293153
4949, 81720044
4950, 81471903
4951, 81752987
4952, 81915578
4953, 81562374
4954, 81991869
4955, 82354084
4956, 82625101
4957, 82985580
4958, 82235449
4959, 80681591
4960, 81202770
4961, 81503306
4962, 81742787
4963, 81406666
4964, 81123593
4965, 80863042
4966, 81314489
4967, 81851853
4968, 82217236
4969, 81861721
4970, 81667175
4971, 81522996
4972, 81417028
4973, 81702028
4974, 81947919
4975, 82101308
4976, 81942292
4977, 81324929
4978, 80211186
4979, 79386246
4980, 78283194
4981, 79100878
4982, 79719020
4983, 79301924
4984, 78669097
4985, 79146361
4986, 79573022
4987, 79094475
4988, 78428771
4989, 79076834
4990, 78306587
4991, 77837546
4992, 77350468
4993, 77873468
4994, 78452934
4995, 78063696
4996, 78424038
4997, 78764074
4998, 78493764
4999, 78914872
5000, 79243545
5001, 78972156
5002, 79190693
5003, 79475618
5004, 79114551
5005, 79315260
5006, 79088008
5007, 78800916
5008, 79014347
5009, 78607005
5010, 78945389
5011, 78562467
5012, 78163879
5013, 78453134
5014, 78730469
5015, 79255264
5016, 80271362
5017, 79706876
5018, 80190191
5019, 79928454
5020, 79570869
5021, 79973885
5022, 80246742
5023, 79955861
5024, 79685369
5025, 79448733
5026, 79103155
5027, 78706862
5028, 78932272
5029, 79432632
5030, 79644758
5031, 79268175
5032, 79726423
5033, 80125544
5034, 80560809
5035, 80253694
5036, 80567919
5037, 80839740
5038, 80479875
5039, 80741334
5040, 80528278
5041, 80855558
5042, 80635768
5043, 80378763
5044, 80617650
5045, 80233597
5046, 80895047
5047, 81314777
5048, 80859544
5049, 81229678
5050, 80985556
5051, 80735075
5052, 81111228
5053, 81422024
5054, 81276558
5055, 80970389
5056, 80350312
5057, 80648842
5058, 80397556
5059, 80191161
5060, 80605163
5061, 80324954
5062, 80618961
5063, 80349829
5064, 80603112
5065, 80851615
5066, 80397531
5067, 80757527
5068, 80518178
5069, 80280154
5070, 80041192
5071, 80300433
5072, 79529976
5073, 79067959
5074, 79541110
5075, 80692320
5076, 81299054
5077, 80759172
5078, 81053048
5079, 80566874
5080, 80188187
5081, 79901208
5082, 79575839
5083, 79892562
5084, 79553966
5085, 80038726
5086, 80343133
5087, 79947655
5088, 79634646
5089, 79979752
5090, 79613309
5091, 80060314
5092, 80864788
5093, 81360752
5094, 81805335
5095, 82192548
5096, 81716051
5097, 81379207
5098, 81646420
5099, 82083415
5100, 81740731
5101, 82121742
5102, 82377488
5103, 82087850
5104, 82421092
5105, 82751816
5106, 82446143
5107, 82168671
5108, 82561003
5109, 82248171
5110, 82664576
5111, 82372523
5112, 82195498
5113, 82463791
5114, 82283317
5115, 81989755
5116, 82162219
5117, 81933883
5118, 82084505
5119, 81685251
5120, 81429436
5121, 81141965
5122, 80792896
5123, 80455352
5124, 80823845
5125, 80433632
5126, 81096735
5127, 80433706
5128, 81120269
5129, 80403450
5130, 81140836
5131, 81766179
5132, 81472275
5133, 81724904
5134, 81929971
5135, 82551146
5136, 83123557
5137, 83674368
5138, 84073328
5139, 84606853
5140, 84306640
5141, 84552321
5142, 84846415
5143, 85278197
5144, 84956603
5145, 85383682
5146, 85009946
5147, 85495539
5148, 85838349
5149, 85481361
5150, 85148058
5151, 85562461
5152, 86037852
5153, 86487597
5154, 86825288
5155, 88023316
5156, 88753883
5157, 87895729
5158, 87446582
5159, 86733405
5160, 87133134
5161, 87489077
5162, 86838930
5163, 86503277
5164, 85974252
5165, 86509901
5166, 86081206
5167, 86487245
5168, 86104745
5169, 86466835
5170, 86806661
5171, 87136946
5172, 86840081
5173, 87267580
5174, 86907703
5175, 87244009
5176, 86909686
5177, 86419872
5178, 85910384
5179, 86256984
5180, 86641493
5181, 87094354
5182, 86760808
5183, 86456645
5184, 86913143
5185, 86667350
5186, 86267549
5187, 86758732
5188, 86369723
5189, 86725318
5190, 87025918
5191, 87165663
5192, 87466535
5193, 87189149
5194, 87422567
5195, 87652718
5196, 87450414
5197, 87616042
5198, 87481281
5199, 87326385
5200, 87464184
5201, 87254782
5202, 86990278
5203, 86806425
5204, 86957941
5205, 86685966
5206, 86861469
5207, 87143361
5208, 87392339
5209, 87184715
5210, 87480909
5211, 86982485
5212, 86590971
5213, 86327664
5214, 86934386
5215, 87278917
5216, 87035740
5217, 86826936
5218, 87120753
5219, 86728733
5220, 86475005
5221, 87148360
5222, 87517830
5223, 87245014
5224, 87456693
5225, 87082146
5226, 86890943
5227, 86729994
5228, 86504140
5229, 85964492
5230, 86880681
5231, 87478644
5232, 87980640
5233, 88450794
5234, 88979172
5235, 89475609
5236, 89812990
5237, 90089167
5238, 90595259
5239, 91118629
5240, 91790224
5241, 92591075
5242, 92957424
5243, 92720830
5244, 92911392
5245, 92588329
5246, 92286339
5247, 92503919
5248, 92738784
5249, 92996925
5250, 92836979
5251, 92997437
5252, 92835481
5253, 92659001
5254, 92438539
5255, 92744061
5256, 93099698
5257, 93524827
5258, 93749900
5259, 93505355
5260, 93922554
5261, 94165437
5262, 93898814
5263, 93771947
5264, 93581770
5265, 93908341
5266, 94466144
5267, 95397937
5268, 95034570
5269, 95520078
5270, 95752743
5271, 96284094
5272, 96689396
5273, 96323670
5274, 95897027
5275, 96313528
5276, 96001026
5277, 95459046
5278, 95845651
5279, 95566436
5280, 95053431
5281, 94753256
5282, 95007978
5283, 94680303
5284, 94953937
5285, 95145292
5286, 95428047
5287, 95856489
5288, 95505624
5289, 95266095
5290, 94957792
5291, 95464632
5292, 96379287
5293, 96798709
5294, 97413369
5295, 96711448
5296, 96126213
5297, 96566185
5298, 96839741
5299, 97221756
5300, 96923699
5301, 96581414
5302, 96893706
5303, 97429176
5304, 97910517
5305, 98233082
5306, 97725108
5307, 98012887
5308, 98846428
5309, 99282441
5310, 99024193
5311, 98791457
5312, 98942445
5313, 98763063
5314, 98343026
5315, 98049279
5316, 97714031
5317, 97458353
5318, 97785494
5319, 98070957
5320, 97704207
5321, 97959438
5322, 98371600
5323, 96751162
5324, 97749330
5325, 97123882
5326, 95769058
5327, 96675083
5328, 96116778
5329, 96906273
5330, 97385917
5331, 96841435
5332, 97847991
5333, 97276349
5334, 97671033
5335, 97930405
5336, 98342447
5337, 97912741
5338, 98195925
5339, 97809603
5340, 98075993
5341, 97752754
5342, 98142113
5343, 97714048
5344, 98064545
5345, 98543040
5346, 98122795
5347, 97722963
5348, 98717759
5349, 98379163
5350, 98808633
5351, 96786872
5352, 96140115
5353, 96814781
5354, 96430728
5355, 96168213
5356, 96497897
5357, 96157356
5358, 96614778
5359, 96251526
5360, 96798194
5361, 97886971
5362, 97591908
5363, 97272108
5364, 97500828
5365, 97691532
5366, 97352346
5367, 97102366
5368, 96873154
5369, 96689621
5370, 96907610
5371, 96399913
5372, 96716820
5373, 96980641
5374, 96644060
5375, 96274939
5376, 95705795
5377, 96331195
5378, 95764982
5379, 96384203
5380, 95909203
5381, 95354925
5382, 94832300
5383, 94336883
5384, 94717119
5385, 95142674
5386, 95491933
5387, 95909908
5388, 96390999
5389, 96090091
5390, 96294630
5391, 96099280
5392, 96270082
5393, 96506826
5394, 96290641
5395, 95866083
5396, 95518482
5397, 95966213
5398, 95632557
5399, 96051986
5400, 96464088
5401, 96718456
5402, 96234486
5403, 96666512
5404, 97026734
5405, 96525948
5406, 95112949
5407, 95837249
5408, 96546985
5409, 98740785
5410, 100132191
5411, 102411884
5412, 101578943
5413, 100952535
5414, 101835731
5415, 101225545
5416, 100766691
5417, 100339171
5418, 100804657
5419, 101349467
5420, 101913484
5421, 102518256
5422, 102782562
5423, 102313930
5424, 101875728
5425, 101448815
5426, 101055623
5427, 101536476
5428, 101040778
5429, 100577644
5430, 101299107
5431, 100895445
5432, 100086774
5433, 100707409
5434, 100269025
5435, 100656381
5436, 100915992
5437, 101286134
5438, 101959205
5439, 102580117
5440, 102784774
5441, 103141455
5442, 102738095
5443, 102400072
5444, 102085381
5445, 101831181
5446, 101581457
5447, 101298615
5448, 101589332
5449, 102315332
5450, 102529202
5451, 102198431
5452, 102496139
5453, 102600307
5454, 102276808
5455, 101940360
5456, 102426262
5457, 101940393
5458, 102369059
5459, 101877893
5460, 100870220
5461, 99890695
5462, 100559015
5463, 99984053
5464, 99527316
5465, 100317844
5466, 101248746
5467, 101796125
5468, 101304729
5469, 101920321
5470, 101373444
5471, 100955168
5472, 100402272
5473, 101098363
5474, 100915859
5475, 100468041
5476, 100905872
5477, 100459080
5478, 100724368
5479, 101165152
5480, 100865899
5481, 101217341
5482, 100872092
5483, 99994187
5484, 100446406
5485, 99717177
5486, 99246646
5487, 98968430
5488, 99535485
5489, 99273992
5490, 99066305
5491, 99383878
5492, 99786586
5493, 100211592
5494, 100774621
5495, 101341007
5496, 101975876
5497, 101473605
5498, 101769214
5499, 102235631
5500, 102902715
5501, 102501032
5502, 102767308
5503, 103071236
5504, 104183323
5505, 104974201
5506, 104450719
5507, 103900470
5508, 103362484
5509, 102620153
5510, 103266856
5511, 103875185
5512, 104452507
5513, 104019616
5514, 104531612
5515, 103902207
5516, 102915970
5517, 103268182
5518, 103727735
5519, 103499071
5520, 103815845
5521, 104030832
5522, 103602411
5523, 104000219
5524, 104350689
5525, 104725605
5526, 105117561
5527, 105500761
5528, 105182660
5529, 105587307
5530, 105411722
5531, 105192165
5532, 105486949
5533, 105313795
5534, 105492507
5535, 105228650
5536, 105573607
5537, 105384439
5538, 105922323
5539, 105764679
5540, 106132877
5541, 105619240
5542, 105830977
5543, 105584285
5544, 105364078
5545, 104786340
5546, 105143014
5547, 105325813
5548, 105499114
5549, 105170457
5550, 104783121
5551, 104460362
5552, 104021573
5553, 103696567
5554, 104023409
5555, 104323534
5556, 104534764
5557, 104956689
5558, 105319651
5559, 105136463
5560, 105426483
5561, 105625882
5562, 105415035
5563, 105582136
5564, 105771624
5565, 105942507
5566, 106131881
5567, 106010605
5568, 106324356
5569, 105988738
5570, 106224017
5571, 106415350
5572, 106231314
5573, 105984298
5574, 105657160
5575, 106397708
5576, 106058478
5577, 106388608
5578, 106253688
5579, 106391535
5580, 106260729
5581, 106438393
5582, 106049962
5583, 106270214
5584, 106071729
5585, 105893215
5586, 106086773
5587, 106258510
5588, 106428747
5589, 106196094
5590, 106452032
5591, 106690144
5592, 106900794
5593, 107251459
5594, 107396274
5595, 107258458
5596, 106954360
5597, 106588710
5598, 106832486
5599, 107067053
5600, 106584873
5601, 106806744
5602, 107172233
5603, 107297263
5604, 107086167
5605, 106983221
5606, 107106730
5607, 107390038
5608, 107173025
5609, 107044340
5610, 107338746
5611, 107237050
5612, 107098278
5613, 106910534
5614, 106690576
5615, 106950740
5616, 107110816
5617, 107222445
5618, 107354257
5619, 107184250
5620, 107502321
5621, 107695281
5622, 107821320
5623, 108017510
5624, 108381788
5625, 108091181
5626, 108383897
5627, 108562764
5628, 108297088
5629, 107968064
5630, 107560468
5631, 107790107
5632, 107483792
5633, 107778977
5634, 107526464
5635, 107319194
5636, 107014842
5637, 107255331
5638, 107485072
5639, 107303736
5640, 107415431
5641, 107546778
5642, 107346171
5643, 107114040
5644, 107262732
5645, 107369173
5646, 107145557
5647, 106984162
5648, 107122900
5649, 106940776
5650, 106829523
5651, 106671768
5652, 106857884
5653, 107070743
5654, 106915291
5655, 106642156
5656, 106158673
5657, 106567007
5658, 106937484
5659, 107187932
5660, 106436898
5661, 106229803
5662, 105697438
5663, 106522518
5664, 106123396
5665, 106448917
5666, 106755481
5667, 107007425
5668, 106813941
5669, 106480208
5670, 106707022
5671, 106525534
5672, 106220817
5673, 105953052
5674, 106186214
5675, 106360568
5676, 106510495
5677, 106202497
5678, 106597976
5679, 106836535
5680, 107145183
5681, 107395242
5682, 107583259
5683, 107392745
5684, 107037998
5685, 107336570
5686, 107545953
5687, 107319992
5688, 107534623
5689, 107773423
5690, 107929448
5691, 108110333
5692, 108355792
5693, 108590582
5694, 108337347
5695, 108581034
5696, 108411965
5697, 108687162
5698, 108859887
5699, 109027535
5700, 109229312
5701, 109028512
5702, 109219934
5703, 109109603
5704, 109249494
5705, 109051904
5706, 108905331
5707, 108526834
5708, 108782967
5709, 108946292
5710, 108773491
5711, 108970585
5712, 108737730
5713, 108963924
5714, 108735744
5715, 108168663
5716, 109134005
5717, 108685254
5718, 108419025
5719, 108201823
5720, 107921340
5721, 107646431
5722, 107965762
5723, 108253040
5724, 108699964
5725, 108430977
5726, 108517878
5727, 108642923
5728, 108462283
5729, 108657397
5730, 108482580
5731, 108330740
5732, 108524198
5733, 108881295
5734, 109298574
5735, 109610654
5736, 109964948
5737, 109571894
5738, 109152590
5739, 109503432
5740, 109309465
5741, 109531796
5742, 110018623
5743, 109628446
5744, 110020708
5745, 109838274
5746, 109390765
5747, 109912406
5748, 109580433
5749, 109272713
5750, 109589832
5751, 109242750
5752, 108840731
5753, 109216683
5754, 109451135
5755, 110057897
5756, 110776333
5757, 110228043
5758, 110531198
5759, 110921990
5760, 110596433
5761, 110253560
5762, 110623560
5763, 110363976
5764, 110644651
5765, 111010091
5766, 111230921
5767, 110967448
5768, 110557584
5769, 110817730
5770, 110467701
5771, 110850937
5772, 110130471
5773, 110737146
5774, 110346906
5775, 110695539
5776, 110462584
5777, 110195156
5778, 110405414
5779, 110013863
5780, 110333122
5781, 110508049
5782, 110296127
5783, 110058919
5784, 109823858
5785, 110080147
5786, 109921308
5787, 109631536
5788, 109417636
5789, 109617775
5790, 109913915
5791, 110338893
5792, 110032380
5793, 109799657
5794, 109982049
5795, 109698354
5796, 109380844
5797, 109690808
5798, 109912728
5799, 109625215
5800, 109272696
5801, 109572343
5802, 109859905
5803, 110050030
5804, 109844205
5805, 109976338
5806, 110225599
5807, 110437102
5808, 110243604
5809, 110042597
5810, 110339588
5811, 110188533
5812, 110472693
5813, 110272004
5814, 110422162
5815, 110553712
5816, 110396378
5817, 110253118
5818, 110467541
5819, 110624578
5820, 110818736
5821, 110573942
5822, 110354181
5823, 110122172
5824, 110463739
5825, 110617118
5826, 110469580
5827, 110627395
5828, 110923688
5829, 110666079
5830, 110146539
5831, 110513545
5832, 110284817
5833, 110530999
5834, 110339567
5835, 110121578
5836, 110380564
5837, 110166622
5838, 110303216
5839, 110069477
5840, 109960755
5841, 109690896
5842, 109442877
5843, 109250421
5844, 109390650
5845, 109285935
5846, 109475200
5847, 109610679
5848, 109959479
5849, 110154821
5850, 109997485
5851, 110134668
5852, 110254919
5853, 110422587
5854, 110618263
5855, 110777427
5856, 110585627
5857, 110724860
5858, 110539269
5859, 110333537
5860, 110501965
5861, 110369603
5862, 110260033
5863, 110365207
5864, 110113443
5865, 109876989
5866, 109727953
5867, 109382368
5868, 109161803
5869, 108829285
5870, 108565526
5871, 108807569
5872, 108658435
5873, 108524541
5874, 108353809
5875, 108615662
5876, 108330986
5877, 108153219
5878, 108268524
5879, 108094810
5880, 108228054
5881, 108025049
5882, 108187053
5883, 108100348
5884, 107984048
5885, 107843560
5886, 108006645
5887, 107857923
5888, 107984469
5889, 108100306
5890, 108277856
5891, 108132731
5892, 107971164
5893, 108056518
5894, 107887518
5895, 108046367
5896, 108148849
5897, 108279358
5898, 108066908
5899, 108173701
5900, 108029731
5901, 108183852
5902, 108078633
5903, 107878497
5904, 107660847
5905, 107826797
5906, 107673224
5907, 107796900
5908, 108003538
5909, 107833033
5910, 107547012
5911, 107106620
5912, 106209278
5913, 106676709
5914, 107021435
5915, 106796122
5916, 107061368
5917, 106830536
5918, 107241946
5919, 106949860
5920, 107227630
5921, 107497419
5922, 107312261
5923, 107049333
5924, 107255097
5925, 106918912
5926, 107177736
5927, 106961734
5928, 107169387
5929, 106811956
5930, 106532606
5931, 106818896
5932, 107026290
5933, 107262427
5934, 107084436
5935, 107312706
5936, 107579238
5937, 107831120
5938, 108089626
5939, 108360062
5940, 108610129
5941, 108905895
5942, 107564927
5943, 107795106
5944, 108135717
5945, 108532812
5946, 108210608
5947, 108427619
5948, 108681644
5949, 108444823
5950, 108792814
5951, 108551656
5952, 108761144
5953, 108956084
5954, 108816960
5955, 108640369
5956, 108879736
5957, 109054626
5958, 108811168
5959, 108666958
5960, 108788127
5961, 108378936
5962, 108832769
5963, 109187748
5964, 108888258
5965, 108613810
5966, 108213745
5967, 108874844
5968, 108556243
5969, 108875962
5970, 109161178
5971, 109466649
5972, 109164234
5973, 109482463
5974, 109822726
5975, 110202401
5976, 109980865
5977, 110163398
5978, 110094737
5979, 110201400
5980, 110316360
5981, 110145418
5982, 109937954
5983, 109713272
5984, 109273465
5985, 108881611
5986, 108493094
5987, 107898765
5988, 108372407
5989, 108208776
5990, 107955554
5991, 107638644
5992, 107442033
5993, 107782681
5994, 107983867
5995, 108316969
5996, 108571065
5997, 108843225
5998, 109090356
5999, 108818288
6000, 109071457
6001, 109333794
6002, 108984599
6003, 108668049
6004, 108932510
6005, 108651143
6006, 109015259
6007, 108789610
6008, 109012815
6009, 109171487
6010, 109359615
6011, 109199046
6012, 109363960
6013, 109158207
6014, 109326145
6015, 109564564
6016, 109801461
6017, 110082991
6018, 110247174
6019, 110058611
6020, 110290143
6021, 109970377
6022, 110296777
6023, 110963377
6024, 111411777
6025, 111066577
6026, 110788777
6027, 111025677
6028, 110686977
6029, 111073277
6030, 111312177
6031, 111490477
6032, 111722977
6033, 111497277
6034, 111745177
6035, 111566877
6036, 111216677
6037, 111656277
6038, 111406877
6039, 111173077
6040, 111385177
6041, 111769977
6042, 112047677
6043, 111625275
6044, 112046275
6045, 111706675
6046, 112078275
6047, 111824945
6048, 112061345
6049, 111809279
6050, 111966279
6051, 111802479
6052, 111603179
6053, 111325353
6054, 111020587
6055, 110713687
6056, 110920644
6057, 111195176
6058, 111720496
6059, 112132996
6060, 111903465
6061, 111674165
6062, 111881672
6063, 111617872
6064, 111203072
6065, 111488772
6066, 111670472
6067, 111436972
6068, 111684668
6069, 111892739
6070, 112077039
6071, 111767539
6072, 111997555
6073, 112256845
6074, 112616845
6075, 112959819
6076, 113240580
6077, 113426949
6078, 113192168
6079, 113464868
6080, 113174168
6081, 112764959
6082, 112330759
6083, 111991232
6084, 111713332
6085, 111408575
6086, 111668051
6087, 111935151
6088, 111652651
6089, 111449351
6090, 111722851
6091, 111509836
6092, 111775753
6093, 111932402
6094, 111739802
6095, 111465702
6096, 111618702
6097, 111403002
6098, 111703402
6099, 111359402
6100, 111163802
6101, 111314255
6102, 111139455
6103, 111300955
6104, 111027955
6105, 110811355
6106, 111064455
6107, 111292755
6108, 111154455
6109, 111345955
6110, 111524755
6111, 111320255
6112, 111506855
6113, 111801255
6114, 111982855
6115, 111738548
6116, 111896428
6117, 111730828
6118, 111606228
6119, 111396628
6120, 111227128
6121, 111339828
6122, 111500428
6123, 111337128
6124, 111157128
6125, 111344528
6126, 111523298
6127, 111669598
6128, 111850598
6129, 111749600
6130, 111860700
6131, 112113700
6132, 111942862
6133, 112100762
6134, 112231062
6135, 112459407
6136, 112747207
6137, 113097807
6138, 113266007
6139, 113393207
6140, 113547507
6141, 113737807
6142, 113531107
6143, 113076907
6144, 112538259
6145, 112970059
6146, 113375359
6147, 114011659
6148, 114250359
6149, 114028159
6150, 113743459
6151, 114040659
6152, 113828059
6153, 113593659
6154, 113814359
6155, 113538859
6156, 113295116
6157, 113503216
6158, 113320316
6159, 113546916
6160, 113730716
6161, 113940501
6162, 113448001
6163, 113752301
6164, 112917701
6165, 113363786
6166, 113706085
6167, 114213785
6168, 113799976
6169, 113523576
6170, 113119076
6171, 113453376
6172, 113823576
6173, 114155080
6174, 113869880
6175, 113601416
6176, 113339716
6177, 113562816
6178, 113728224
6179, 113501724
6180, 113271350
6181, 113547950
6182, 113836950
6183, 114049259
6184, 114247634
6185, 114114034
6186, 114467434
6187, 114728034
6188, 114952834
6189, 114646034
6190, 114931534
6191, 115240534
6192, 115521334
6193, 115770263
6194, 116056516
6195, 115829444
6196, 116023344
6197, 116393544
6198, 116148662
6199, 116312462
6200, 116218762
6201, 115903362
6202, 115432962
6203, 115736462
6204, 115539262
6205, 115708962
6206, 115553149
6207, 115768249
6208, 115624649
6209, 115459049
6210, 115607649
6211, 115503249
6212, 115111749
6213, 114874701
6214, 114571954
6215, 114296067
6216, 114697067
6217, 114283167
6218, 114854240
6219, 114332040
6220, 114114340
6221, 113874640
6222, 114099577
6223, 114306977
6224, 114538377
6225, 114292377
6226, 113898577
6227, 114148277
6228, 114319970
6229, 114189570
6230, 114074636
6231, 114196149
6232, 114754269
6233, 114895970
6234, 114757960
6235, 114458299
6236, 114691245
6237, 114435789
6238, 114749610
6239, 114491153
6240, 114833927
6241, 115083993
6242, 114814827
6243, 115077277
6244, 114706556
6245, 115053656
6246, 114668002
6247, 114949161
6248, 115228503
6249, 115449390
6250, 115680413
6251, 115993917
6252, 116327780
6253, 116800604
6254, 117194474
6255, 116854430
6256, 116375586
6257, 115863340
6258, 115229806
6259, 114573106
6260, 115135584
6261, 114761079
6262, 115332884
6263, 115653498
6264, 116256120
6265, 115873880
6266, 115491346
6267, 115831647
6268, 116062117
6269, 115771456
6270, 116077679
6271, 116325237
6272, 116054835
6273, 115662884
6274, 116127169
6275, 115811553
6276, 116050471
6277, 115774000
6278, 115548334
6279, 115205299
6280, 115477481
6281, 115805180
6282, 116140027
6283, 115861722
6284, 115610426
6285, 115363566
6286, 115043515
6287, 114651927
6288, 114795171
6289, 114552843
6290, 114952453
6291, 114702817
6292, 114491508
6293, 114161363
6294, 114402866
6295, 114133123
6296, 114423996
6297, 114155225
6298, 113885623
6299, 114095939
6300, 113821225
6301, 113580349
6302, 113351773
6303, 113570112
6304, 113782731
6305, 113961027
6306, 114095562
6307, 114243878
6308, 114061290
6309, 113891078
6310, 113680912
6311, 113862344
6312, 113993797
6313, 114123813
6314, 114292204
6315, 114063602
6316, 113804411
6317, 114025540
6318, 114287498
6319, 114487764
6320, 114274109
6321, 114425861
6322, 114583397
6323, 114779757
6324, 114466546
6325, 114685999
6326, 114500243
6327, 114679909
6328, 114332749
6329, 113985298
6330, 113564950
6331, 113950991
6332, 113441471
6333, 114012876
6334, 114342461
6335, 114009146
6336, 113719412
6337, 113120424
6338, 112792735
6339, 113088368
6340, 112778007
6341, 112393663
6342, 112681538
6343, 112475792
6344, 112219421
6345, 111979827
6346, 111679321
6347, 111432638
6348, 111247573
6349, 111658109
6350, 111364309
6351, 111534479
6352, 111339886
6353, 111605895
6354, 111779082
6355, 112259562
6356, 111944431
6357, 112383650
6358, 112710609
6359, 113037595
6360, 113234199
6361, 113537113
6362, 113772817
6363, 113568736
6364, 113786067
6365, 113607643
6366, 113399448
6367, 113534039
6368, 113689834
6369, 113506165
6370, 113273452
6371, 113026835
6372, 113221288
6373, 113119249
6374, 113233632
6375, 113362488
6376, 113568216
6377, 113404039
6378, 113707381
6379, 113485483
6380, 113348100
6381, 113197085
6382, 113323668
6383, 113409292
6384, 113263805
6385, 113148824
6386, 112997988
6387, 113125928
6388, 112919635
6389, 112806873
6390, 112645616
6391, 112489870
6392, 112329616
6393, 112498623
6394, 112680918
6395, 112521394
6396, 112333777
6397, 111982746
6398, 111747549
6399, 111296720
6400, 110932451
6401, 110499275
6402, 110183451
6403, 110493611
6404, 110279996
6405, 109969011
6406, 109630135
6407, 109312465
6408, 108912013
6409, 109508463
6410, 110091779
6411, 109763100
6412, 109462259
6413, 109051845
6414, 109434044
6415, 109071876
6416, 109664547
6417, 108634412
6418, 107816310
6419, 108569421
6420, 109363945
6421, 108927516
6422, 108542067
6423, 108896177
6424, 108559695
6425, 108307936
6426, 108586254
6427, 108845430
6428, 108576735
6429, 108782013
6430, 108450563
6431, 108778611
6432, 108972511
6433, 108729182
6434, 108263792
6435, 108021144
6436, 107631326
6437, 107388012
6438, 107803219
6439, 107982686
6440, 107732464
6441, 107916847
6442, 107515178
6443, 107896397
6444, 108182455
6445, 107985639
6446, 108145960
6447, 108387427
6448, 108037675
6449, 108397811
6450, 108108101
6451, 108396278
6452, 108757522
6453, 108953916
6454, 108439971
6455, 108923470
6456, 109234074
6457, 109560406
6458, 109289256
6459, 109608276
6460, 110032208
6461, 110511342
6462, 110382728
6463, 110108968
6464, 109852470
6465, 109511933
6466, 109212778
6467, 109455394
6468, 109064081
6469, 109508894
6470, 110010737
6471, 109680613
6472, 109320203
6473, 109092278
6474, 109300257
6475, 109063735
6476, 109418999
6477, 108960278
6478, 109266579
6479, 109450867
6480, 109225516
6481, 108947473
6482, 108777744
6483, 108988002
6484, 108832518
6485, 109037446
6486, 108791049
6487, 109039980
6488, 109227513
6489, 108984212
6490, 109200694
6491, 109073569
6492, 109260047
6493, 109089023
6494, 108875364
6495, 108613277
6496, 108891983
6497, 108583976
6498, 108328443
6499, 108668847
6500, 107967633
6501, 107612411
6502, 107221302
6503, 106859685
6504, 107180457
6505, 106840525
6506, 108779298
6507, 108385092
6508, 108842424
6509, 108523576
6510, 108223685
6511, 108573567
6512, 109140086
6513, 109584734
6514, 109348267
6515, 109174291
6516, 108906807
6517, 109135910
6518, 108871062
6519, 109102391
6520, 108782657
6521, 108465977
6522, 108118758
6523, 108376175
6524, 108913361
6525, 108310105
6526, 108959687
6527, 108683635
6528, 108199941
6529, 107897279
6530, 107401969
6531, 107819601
6532, 107485111
6533, 107761627
6534, 108129205
6535, 108379835
6536, 107820233
6537, 108090927
6538, 108565104
6539, 108266319
6540, 107947949
6541, 108230006
6542, 108490658
6543, 108303541
6544, 107935750
6545, 108321718
6546, 108589614
6547, 108254662
6548, 108555908
6549, 107759286
6550, 107259426
6551, 107668272
6552, 107433031
6553, 107167176
6554, 107427325
6555, 107233529
6556, 106968564
6557, 106769977
6558, 106551803
6559, 106814466
6560, 107272624
6561, 107569535
6562, 107913357
6563, 108280451
6564, 107926964
6565, 108370093
6566, 107734162
6567, 107206912
6568, 106844483
6569, 107207366
6570, 107531757
6571, 107825892
6572, 108106985
6573, 108309435
6574, 108046915
6575, 107668175
6576, 107336549
6577, 107032146
6578, 107496622
6579, 107033327
6580, 106487604
6581, 106823165
6582, 106282532
6583, 105690584
6584, 102741215
6585, 104365225
6586, 105211573
6587, 105996688
6588, 105401238
6589, 104516719
6590, 105156080
6591, 104660275
6592, 104123983
6593, 103659758
6594, 104111186
6595, 103633894
6596, 104171860
6597, 104689170
6598, 105014149
6599, 104667257
6600, 105122302
6601, 104482720
6602, 104898581
6603, 104337244
6604, 103626190
6605, 104329003
6606, 103696363
6607, 103992239
6608, 103710126
6609, 103196078
6610, 102533059
6611, 102997982
6612, 103225614
6613, 101367687
6614, 100466164
6615, 99764308
6616, 100486829
6617, 99815418
6618, 99122063
6619, 99737852
6620, 99192046
6621, 98754639
6622, 98159339
6623, 97711894
6624, 98197939
6625, 98849082
6626, 98400975
6627, 98742570
6628, 99139236
6629, 99847557
6630, 99167435
6631, 99791998
6632, 100264675
6633, 99682950
6634, 99293511
6635, 99553180
6636, 99868562
6637, 99566103
6638, 99975856
6639, 99674034
6640, 100047234
6641, 99577071
6642, 98757351
6643, 99299515
6644, 98823408
6645, 97953003
6646, 98314619
6647, 98576954
6648, 98284784
6649, 97867545
6650, 98497926
6651, 98217741
6652, 97952395
6653, 98245560
6654, 97868988
6655, 98207763
6656, 98710649
6657, 99061305
6658, 99348267
6659, 99016729
6660, 98759128
6661, 99191443
6662, 99994371
6663, 99357098
6664, 100045011
6665, 99150895
6666, 97119689
6667, 97788453
6668, 98447629
6669, 99176892
6670, 99858021
6671, 100265194
6672, 100608936
6673, 100105160
6674, 100562414
6675, 100881548
6676, 101199329
6677, 100861935
6678, 101158368
6679, 101408401
6680, 101210114
6681, 100870605
6682, 101227103
6683, 101462096
6684, 101756644
6685, 101485272
6686, 101874328
6687, 101565696
6688, 100986874
6689, 100614780
6690, 100331561
6691, 99909987
6692, 100190011
6693, 101607369
6694, 101116655
6695, 101496794
6696, 101307265
6697, 100950172
6698, 101371036
6699, 101744575
6700, 102029943
6701, 101814373
6702, 101522122
6703, 101959264
6704, 101511415
