15.0, 33.69565217391303
16.0, 32.12435233160622
17.0, 28.773584905660442
18.0, 39.430894308943124
19.0, 32.25806451612908
20.0, 27.838827838827854
21.0, 44.879518072289166
22.0, 36.51960784313725
23.0, 44.81981981981982
24.0, 47.60765550239235
25.0, 45.32019704433495
26.0, 50.0
27.0, 50.0
28.0, 40.43583535108961
29.0, 45.57522123893807
30.0, 49.88662131519272
31.0, 46.90831556503199
32.0, 42.3963133640553
33.0, 45.544554455445514
34.0, 45.43209876543209
35.0, 30.578512396694208
36.0, 46.68874172185431
37.0, 38.54961832061064
38.0, 30.69908814589664
39.0, 45.91346153846153
40.0, 50.0
41.0, 41.51291512915126
42.0, 46.80412371134022
43.0, 38.20459290187889
44.0, 35.35564853556487
45.0, 46.406570841889106
46.0, 48.71794871794874
47.0, 47.77562862669249
48.0, 47.04761904761906
49.0, 47.13740458015267
50.0, 42.217898832684824
51.0, 39.50381679389316
52.0, 42.50513347022587
53.0, 24.788135593220403
54.0, 17.39130434782615
55.0, 20.100502512562883
56.0, 21.48148148148148
57.0, 22.834645669291348
58.0, 22.715404699738926
59.0, 15.669515669515675
60.0, 10.210210210210207
61.0, 10.303030303030283
62.0, 12.264150943396245
63.0, 17.275747508305642
64.0, 18.5053380782918
65.0, 20.229007633587713
66.0, 22.746781115879784
67.0, 59.615384615384635
68.0, 74.19354838709683
69.0, 75.40983606557384
70.0, 59.72972972972978
71.0, 70.13274336283192
72.0, 72.54004576659042
73.0, 74.9478079331942
74.0, 80.40201005025132
75.0, 83.22147651006716
76.0, 83.07952622673439
77.0, 84.02555910543134
78.0, 72.45179063360882
79.0, 68.71727748691104
80.0, 66.20428751576294
81.0, 64.78318002628123
82.0, 62.62203626220363
83.0, 65.82278481012659
84.0, 73.91975308641976
85.0, 68.02841918294851
86.0, 67.66784452296821
87.0, 65.20912547528516
88.0, 52.23529411764704
89.0, 44.685466377440314
90.0, 43.18658280922429
91.0, 38.826185101580144
92.0, 55.11811023622049
93.0, 65.17150395778363
94.0, 58.25471698113208
95.0, 48.626373626373606
96.0, 47.32394366197187
97.0, 39.94638069705095
98.0, 38.121546961326
99.0, 34.41396508728181
100.0, 32.62411347517734
101.0, 42.54032258064519
102.0, 49.619771863117876
103.0, 43.57262103505844
104.0, 46.153846153846146
105.0, 47.811993517017825
106.0, 42.76206322795344
107.0, 43.882544861337685
108.0, 50.0
109.0, 50.9469696969697
110.0, 40.82644628099173
111.0, 40.55829228243022
112.0, 47.15328467153284
113.0, 51.92604006163329
114.0, 54.73186119873819
115.0, 45.404411764705884
116.0, 35.43165467625899
117.0, 48.90829694323143
118.0, 49.460043196544305
119.0, 47.29729729729728
120.0, 49.52830188679243
121.0, 39.557739557739545
122.0, 38.33333333333333
123.0, 38.15165876777251
124.0, 52.90697674418604
125.0, 65.62499999999997
126.0, 53.26460481099658
127.0, 50.0
128.0, 54.51612903225802
129.0, 55.22875816993465
130.0, 70.58823529411771
131.0, 71.59090909090915
132.0, 65.2509652509653
133.0, 62.24899598393585
134.0, 54.577464788732435
135.0, 61.81102362204731
136.0, 65.14522821576767
137.0, 58.36431226765799
138.0, 51.71102661596958
139.0, 47.95081967213119
140.0, 53.138075313807505
141.0, 57.028112449799245
142.0, 52.654867256637196
143.0, 51.739130434782574
144.0, 43.373493975903635
145.0, 33.80281690140846
146.0, 36.36363636363636
147.0, 48.739495798319275
148.0, 51.78571428571425
149.0, 55.186721991701255
150.0, 46.02076124567473
151.0, 51.153846153846196
152.0, 54.065040650406495
153.0, 50.0
154.0, 49.327354260089734
155.0, 39.09465020576129
156.0, 34.042553191489375
157.0, 26.6666666666667
158.0, 40.62499999999998
159.0, 48.648648648648624
160.0, 51.282051282051256
161.0, 39.29471032745595
162.0, 39.49367088607597
163.0, 48.380129589632844
164.0, 53.717026378896854
165.0, 54.06698564593301
166.0, 56.68934240362811
167.0, 62.10317460317457
168.0, 66.19469026548668
169.0, 74.4262295081967
170.0, 80.0802139037433
171.0, 89.39828080229225
172.0, 89.14956011730203
173.0, 83.03571428571428
174.0, 76.63817663817665
175.0, 83.30871491875921
176.0, 86.37037037037035
177.0, 81.71334431630969
178.0, 84.1799709724238
179.0, 84.13391557496361
180.0, 79.8270893371758
181.0, 78.39506172839506
182.0, 77.7777777777778
183.0, 81.28342245989306
184.0, 80.97826086956522
185.0, 72.37008871989863
186.0, 70.75098814229248
187.0, 69.921875
188.0, 73.36065573770492
189.0, 74.00000000000001
190.0, 72.82608695652175
191.0, 72.23719676549867
192.0, 66.17862371888728
193.0, 67.37288135593221
194.0, 70.45790251107829
195.0, 71.42857142857143
196.0, 69.23076923076923
197.0, 50.60240963855421
198.0, 42.790697674418645
199.0, 55.9055118110236
200.0, 51.95121951219513
201.0, 55.9055118110236
202.0, 58.602150537634394
203.0, 54.838709677419324
204.0, 59.62059620596206
205.0, 64.46991404011462
206.0, 73.45844504021446
207.0, 74.01574803149603
208.0, 63.370786516853954
209.0, 59.04522613065326
210.0, 62.26851851851852
211.0, 67.92929292929298
212.0, 57.954545454545446
213.0, 72.79411764705884
214.0, 70.08849557522129
215.0, 88.37753510140408
216.0, 89.77350720658892
217.0, 90.32467532467535
218.0, 87.16302952503213
219.0, 88.2214369846879
220.0, 86.35280095351612
221.0, 87.24233983286912
222.0, 86.51933701657458
223.0, 86.16317530319738
224.0, 87.5124378109453
225.0, 88.41902931283039
226.0, 86.3849765258216
227.0, 85.87433024841695
228.0, 89.82758620689656
229.0, 86.73412029229905
230.0, 86.6137266023823
231.0, 75.83465818759936
232.0, 73.91528925619834
233.0, 64.94949494949493
234.0, 60.574658502119625
235.0, 55.740922473012745
236.0, 51.519274376417236
237.0, 58.70917573872472
238.0, 55.471698113207545
239.0, 52.56030469741853
240.0, 51.069078947368425
241.0, 45.7119067443797
242.0, 34.12384716732544
243.0, 25.89126559714795
244.0, 22.86641929499072
245.0, 27.12121212121214
246.0, 28.218602207041528
247.0, 30.773638968481393
248.0, 36.16759088108443
249.0, 54.43453777569217
250.0, 63.402322059565876
251.0, 61.063372717508045
252.0, 58.785599140247186
253.0, 61.290322580645174
254.0, 56.845841784989844
255.0, 52.952290977798775
256.0, 63.65288505224898
257.0, 70.16393442622953
258.0, 71.88879082082968
259.0, 71.51162790697677
260.0, 73.1643356643357
261.0, 74.50808919982511
262.0, 70.38297872340428
263.0, 56.419624217119
264.0, 56.758156395649934
265.0, 50.91122868900647
266.0, 56.71397379912663
267.0, 66.41253706056756
268.0, 77.99310938845824
269.0, 87.69975786924942
270.0, 85.62639821029086
271.0, 83.3236490412551
272.0, 81.2785388127854
273.0, 76.95190505933792
274.0, 77.05223880597016
275.0, 77.51371115173676
276.0, 86.32478632478632
277.0, 93.45271404588695
278.0, 93.07692307692307
279.0, 93.41216216216216
280.0, 91.84177997527809
281.0, 83.10991957104558
282.0, 73.24093816631128
283.0, 65.49094375595804
284.0, 65.8095238095238
285.0, 66.18773946360153
286.0, 52.012383900928775
287.0, 51.931993817619784
288.0, 52.0431765612953
289.0, 36.823104693140806
290.0, 19.378163412870563
291.0, 27.5032509752926
292.0, 30.22528160200251
293.0, 23.091247672253274
294.0, 31.772575250836127
295.0, 44.02877697841727
296.0, 43.94447103877453
297.0, 39.03061224489795
298.0, 42.64000000000001
299.0, 43.035930561162694
300.0, 58.49056603773585
301.0, 57.14285714285714
302.0, 52.87396121883655
303.0, 62.36385639370712
304.0, 65.89390962671905
305.0, 56.52676164805545
306.0, 57.16995447647951
307.0, 59.237421383647785
308.0, 49.0078622238862
309.0, 43.625827814569554
310.0, 43.535729037587785
311.0, 52.447216890595016
312.0, 49.33537832310837
313.0, 47.466797835710786
314.0, 25.48661800486616
315.0, 30.084470435347612
316.0, 41.51898734177215
317.0, 39.78763272954404
318.0, 34.074074074074076
319.0, 41.95634599838316
320.0, 32.76836158192087
321.0, 33.49834983498347
322.0, 41.01010101010099
323.0, 27.45614035087715
324.0, 17.855105533371315
325.0, 35.99999999999997
326.0, 41.224489795918366
327.0, 41.359541359541346
328.0, 43.44086021505375
329.0, 44.90992878089652
330.0, 40.60523938572718
331.0, 43.658859920459555
332.0, 41.356215989953945
333.0, 39.39393939393939
334.0, 41.80672268907563
335.0, 48.31460674157302
336.0, 50.846805234795994
337.0, 57.113231024471176
338.0, 72.13200628601362
339.0, 53.532781667727555
340.0, 42.231348391512654
341.0, 43.42012667135821
342.0, 48.75922199865863
343.0, 43.42657342657342
344.0, 38.476312419974406
345.0, 31.801242236024862
346.0, 38.49614395886892
347.0, 43.21641297154204
348.0, 40.8650742414461
349.0, 26.825396825396865
350.0, 27.114624505928873
351.0, 28.637770897832823
352.0, 30.10577705451587
353.0, 38.51162790697675
354.0, 49.398704902867735
355.0, 61.360239162929744
356.0, 51.4844315713251
357.0, 53.0993278566094
358.0, 64.37125748502993
359.0, 64.13124533929903
360.0, 57.64354958985831
361.0, 57.800891530460625
362.0, 60.979342004590656
363.0, 59.74512743628186
364.0, 55.1849166062364
365.0, 53.00380228136882
366.0, 51.43911439114392
367.0, 59.10503418272219
368.0, 57.575757575757585
369.0, 44.8888888888889
370.0, 51.35802469135805
371.0, 52.039151712887445
372.0, 54.205607476635514
373.0, 61.4520311149525
374.0, 61.03004291845493
375.0, 58.89792231255646
376.0, 65.26717557251908
377.0, 67.4884437596302
378.0, 73.92966360856269
379.0, 75.76403695806682
380.0, 74.70217238962859
381.0, 69.01287553648068
382.0, 64.74694589877834
383.0, 60.72013093289689
384.0, 56.34241245136186
385.0, 55.29595015576327
386.0, 47.38771769019248
387.0, 47.339449541284374
388.0, 51.70340681362727
389.0, 54.53686200378074
390.0, 57.39592559787425
391.0, 49.920382165605076
392.0, 43.121480289621864
393.0, 39.10422049956931
394.0, 42.46959775491112
395.0, 43.10823311748383
396.0, 43.755868544600936
397.0, 54.38413361169101
398.0, 58.27740492170026
399.0, 55.19067796610169
400.0, 50.548354935194446
401.0, 38.15789473684212
402.0, 35.518731988472624
403.0, 31.90546528803543
404.0, 12.906220984215409
405.0, 15.326902465166143
406.0, 18.16091954022987
407.0, 17.877739331026575
408.0, 59.83290488431877
409.0, 54.405422057917434
410.0, 54.405422057917434
411.0, 47.53157290470723
412.0, 50.055679287305104
413.0, 54.67391304347825
414.0, 57.60445682451252
415.0, 55.05857294994674
416.0, 62.74999999999999
417.0, 64.08204102051026
418.0, 65.05724240915877
419.0, 63.65412799218369
420.0, 63.385826771653555
421.0, 61.9141588554514
422.0, 33.31015299026424
423.0, 32.474576271186436
424.0, 32.0830542531815
425.0, 39.52483801295897
426.0, 39.437635183850034
427.0, 39.21852387843706
428.0, 36.07017543859649
429.0, 51.65745856353591
430.0, 44.62025316455694
431.0, 40.51020408163265
432.0, 44.049904030710195
433.0, 57.53532182103609
434.0, 39.26084627745044
435.0, 38.2967607105538
436.0, 41.81403308613805
437.0, 44.72239170225746
438.0, 46.62120272783634
439.0, 38.88255416191563
440.0, 40.24526198439242
441.0, 34.3680709534368
442.0, 32.07449560269012
443.0, 32.493573264781475
444.0, 32.976008167432354
445.0, 35.90398365679263
446.0, 36.42350557244174
447.0, 32.99519487453284
448.0, 54.501718213058425
449.0, 53.544902093180305
450.0, 49.07178217821783
451.0, 55.649717514124305
452.0, 57.81837721655024
453.0, 64.74127557160048
454.0, 52.44034707158351
455.0, 60.66838046272493
456.0, 67.89772727272728
457.0, 66.9590643274854
458.0, 65.01547987616101
459.0, 60.77111383108936
460.0, 59.223918575063614
461.0, 63.92796848621273
462.0, 60.93845216331506
463.0, 60.532687651331706
464.0, 64.9350649350649
465.0, 60.2063375092115
466.0, 58.99772209567198
467.0, 53.88349514563105
468.0, 65.7917019475021
469.0, 58.02469135802469
470.0, 59.28143712574849
471.0, 59.52380952380949
472.0, 60.07827788649706
473.0, 62.3983739837398
474.0, 61.29707112970708
475.0, 36.09671848013822
476.0, 32.604735883424425
477.0, 39.34065934065938
478.0, 40.13452914798213
479.0, 48.65384615384615
480.0, 48.25581395348837
481.0, 73.02904564315355
482.0, 79.25311203319502
483.0, 87.45098039215685
484.0, 82.32189973614773
485.0, 84.70319634703195
486.0, 71.59763313609467
487.0, 84.63429625076829
488.0, 77.57541263517359
489.0, 72.60127931769722
490.0, 69.95863495346433
491.0, 76.30471380471381
492.0, 74.7012772970746
493.0, 74.3846474760117
494.0, 74.74290415466888
495.0, 75.53784860557771
496.0, 76.91729323308272
497.0, 72.8062913907285
498.0, 73.96972245584529
499.0, 68.43434343434345
500.0, 61.5675880348353
501.0, 51.80436847103515
502.0, 59.14634146341466
503.0, 59.90498812351545
504.0, 49.12349045578497
505.0, 47.486932046642536
506.0, 54.18552036199095
507.0, 49.69479353680431
508.0, 50.66901408450703
509.0, 47.76286353467561
510.0, 40.036363636363646
511.0, 41.129032258064505
512.0, 41.53622133236256
513.0, 40.48970901348473
514.0, 46.21304171729444
515.0, 49.409523809523805
516.0, 46.451612903225794
517.0, 55.59151384394103
518.0, 68.84377758164166
519.0, 62.97850026219195
520.0, 54.75086906141368
521.0, 58.80522713130057
522.0, 53.74149659863944
523.0, 53.99188092016241
524.0, 73.83403997577221
525.0, 74.7957992998833
526.0, 74.58823529411762
527.0, 81.02236421725235
528.0, 86.0736196319018
529.0, 81.191672648959
530.0, 77.88732394366193
531.0, 70.84493964716802
532.0, 73.6797988264878
533.0, 72.04030226700247
534.0, 72.95918367346928
535.0, 69.36135812449467
536.0, 71.3036565977742
537.0, 71.9937936384794
538.0, 57.94285714285711
539.0, 49.70622796709755
540.0, 46.75615212527967
541.0, 57.52855659397714
542.0, 54.60599334073249
543.0, 43.23374340949039
544.0, 44.00715563506262
545.0, 55.508173418621155
546.0, 51.84615384615385
547.0, 55.69343065693429
548.0, 63.702720637027205
549.0, 65.97938144329893
550.0, 56.43382352941178
551.0, 41.50943396226415
552.0, 49.64390448261416
553.0, 43.743078626799566
554.0, 42.503586800573906
555.0, 42.97403059409462
556.0, 46.62004662004662
557.0, 55.170090939710335
558.0, 55.60081466395115
559.0, 51.7521209885651
560.0, 49.819494584837535
561.0, 43.33669016448472
562.0, 40.58430130235829
563.0, 41.594516594516584
564.0, 45.976126299576414
565.0, 55.79439252336451
566.0, 49.08503767491929
567.0, 68.52678571428578
568.0, 68.75699888017918
569.0, 64.3200962695548
570.0, 54.58248472505092
571.0, 49.00914634146344
572.0, 45.40960451977397
573.0, 37.0268410185822
574.0, 49.176327028676035
575.0, 62.92446292446289
576.0, 64.0215198386012
577.0, 65.44502617801044
578.0, 64.77651767845228
579.0, 53.8845726970033
580.0, 52.99773755656104
581.0, 39.03205531112513
582.0, 37.4547647768396
583.0, 35.34433693796247
584.0, 46.5725806451613
585.0, 41.765285996055226
586.0, 44.02286902286904
587.0, 50.502911593435705
588.0, 45.22554188635034
589.0, 41.589075108628215
590.0, 36.72279792746117
591.0, 36.681788723266386
592.0, 30.356164383561648
593.0, 48.41402337228717
594.0, 56.702475478748255
595.0, 60.21825396825393
596.0, 71.38863000931967
597.0, 77.32640529050545
598.0, 74.60317460317462
599.0, 81.80435884439937
600.0, 73.79972565157749
601.0, 75.91424968474148
602.0, 65.15151515151516
603.0, 62.61376046596285
604.0, 58.70307167235494
605.0, 52.06971677559913
606.0, 57.77702473737714
607.0, 52.553916004540284
608.0, 48.09602649006622
609.0, 49.91922455573508
610.0, 32.809149392423166
611.0, 27.291037260825803
612.0, 27.31543624161074
613.0, 30.51010587102988
614.0, 34.994981599197075
615.0, 27.262773722627728
616.0, 32.5686194182712
617.0, 31.585220500595952
618.0, 32.14718964820058
619.0, 34.670737025730475
620.0, 39.74255832662914
621.0, 39.0513833992095
622.0, 34.482758620689665
623.0, 34.77045908183631
624.0, 42.82202556538839
625.0, 59.473197781885396
626.0, 52.3356401384083
627.0, 40.157116451016606
628.0, 44.01210549070471
629.0, 46.0571923743501
630.0, 49.93968636911942
631.0, 56.109725685785534
632.0, 64.40404040404042
633.0, 70.74829931972792
634.0, 64.75031472933279
635.0, 67.95445302968687
636.0, 73.7556561085973
637.0, 73.39449541284407
638.0, 76.89227072486986
639.0, 69.3407100046104
640.0, 77.1677783478707
641.0, 87.6288659793814
642.0, 87.44394618834077
643.0, 87.25985844287155
644.0, 83.00110741971204
645.0, 82.6847151720248
646.0, 76.47058823529412
647.0, 75.24687294272546
648.0, 85.69131832797426
649.0, 82.91995490417135
650.0, 78.54304635761592
651.0, 78.35671342685372
652.0, 61.86708860759495
653.0, 68.43936381709746
654.0, 78.22329761493263
655.0, 69.81331454737587
656.0, 65.6273199703044
657.0, 61.62504396763983
658.0, 64.02777777777779
659.0, 61.487660757733764
660.0, 64.01108417041914
661.0, 65.57322730284957
662.0, 56.07511045655378
663.0, 64.05716060888477
664.0, 58.947970268725
665.0, 56.1218836565097
666.0, 69.03137789904501
667.0, 67.37568266743318
668.0, 56.29572583750484
669.0, 63.04436304436304
670.0, 64.703425229741
671.0, 63.32788225674574
672.0, 70.63829787234044
673.0, 61.85153339065635
674.0, 63.90018985625171
675.0, 58.500411974732216
676.0, 62.740252608456885
677.0, 56.76967187002229
678.0, 63.260340632603395
679.0, 60.205094277208076
680.0, 45.23891371605363
681.0, 45.51983584131326
682.0, 51.358778625954194
683.0, 45.338260375213196
684.0, 45.23539421440727
685.0, 42.64705882352942
686.0, 34.42372363191687
687.0, 41.27552848441422
688.0, 34.54401894986182
689.0, 33.0562901397809
690.0, 27.00675168792199
691.0, 41.962421711899786
692.0, 46.18362831858406
693.0, 51.822688830562846
694.0, 54.22642660970398
695.0, 51.49099498080898
696.0, 50.06079027355622
697.0, 61.70895304753573
698.0, 45.107652952462175
699.0, 39.8118532455315
700.0, 36.991949734930294
701.0, 37.20156555772995
702.0, 35.028560899207676
703.0, 35.44657840760769
704.0, 31.646412518728155
705.0, 26.376187914649435
706.0, 20.34428794992175
707.0, 23.662722879520075
708.0, 25.76068376068376
709.0, 26.35997900997026
710.0, 22.879648287232087
711.0, 15.240328253223922
712.0, 21.507305819020758
713.0, 34.518760195758574
714.0, 32.77571251548946
715.0, 30.73894609327678
716.0, 27.42502026479329
717.0, 31.587743732590525
718.0, 36.068702290076324
719.0, 31.305536568694464
720.0, 33.51628247347237
721.0, 24.605809128630696
722.0, 22.4498506188647
723.0, 19.767004885381425
724.0, 18.799142244460327
725.0, 16.913183279742753
726.0, 17.470456723091644
727.0, 10.379746835443015
728.0, 23.12807169702225
729.0, 22.975301550832853
730.0, 29.989212513484347
731.0, 26.68906308324
732.0, 30.62098501070662
733.0, 27.717626678215666
734.0, 31.265266243282838
735.0, 35.42909591555757
736.0, 37.79840848806366
737.0, 35.06972928630023
738.0, 31.71364985163204
739.0, 34.063745019920304
740.0, 40.2958152958153
741.0, 47.7922077922078
742.0, 37.21552878179384
743.0, 39.582344565733266
744.0, 38.31417624521074
745.0, 38.65830115830115
746.0, 37.499999999999986
747.0, 38.2887189292543
748.0, 38.43570057581574
749.0, 31.48239960337135
750.0, 27.52198654940507
751.0, 54.513184584178504
752.0, 59.32671081677706
753.0, 69.83135540287321
754.0, 52.432432432432435
755.0, 38.36398224476854
756.0, 33.87189844200806
757.0, 34.33179723502306
758.0, 32.568306010928964
759.0, 31.381856540084385
760.0, 31.548250265111363
761.0, 34.984833164812954
762.0, 33.82209188660802
763.0, 46.97929869032531
764.0, 48.02354920100925
765.0, 26.94556905083222
766.0, 35.84295612009237
767.0, 32.33348037053375
768.0, 36.10705596107056
769.0, 44.087747458533975
770.0, 56.12090680100755
771.0, 56.55860349127181
772.0, 56.75675675675677
773.0, 56.92771084337351
774.0, 60.62912227295791
775.0, 60.82786471479052
776.0, 65.0777722027095
777.0, 56.11601513240858
778.0, 53.34987593052109
779.0, 62.454611474219334
780.0, 49.890430971512046
781.0, 47.23374827109265
782.0, 49.57038995373429
783.0, 44.444444444444436
784.0, 35.37151702786376
785.0, 40.569395017793596
786.0, 47.41750358680058
787.0, 49.92548435171384
788.0, 48.14814814814813
789.0, 41.19521912350596
790.0, 32.56704980842913
791.0, 31.49847094801224
792.0, 38.28067597354886
793.0, 45.432883240667174
794.0, 62.3546511627907
795.0, 75.63786008230456
796.0, 75.39484621778888
797.0, 70.2012383900929
798.0, 68.26051112943118
799.0, 54.14364640883981
800.0, 48.971193415637856
801.0, 44.69870327993897
802.0, 44.10177332305319
803.0, 62.7683615819209
804.0, 74.79278400780109
805.0, 77.03941338221816
806.0, 78.28348504551366
807.0, 76.20495006513242
808.0, 69.98570747975225
809.0, 68.1510164569216
810.0, 68.77076411960134
811.0, 72.34148776834749
812.0, 67.45810055865921
813.0, 70.61403508771927
814.0, 73.74301675977651
815.0, 78.15326035221322
816.0, 79.49977668602054
817.0, 72.15116279069768
818.0, 59.926739926739934
819.0, 55.49227013832384
820.0, 58.30792682926829
821.0, 71.87851518560183
822.0, 68.52546916890081
823.0, 65.706940874036
824.0, 60.651499482936906
825.0, 59.242424242424235
826.0, 67.65999022960429
827.0, 71.25319693094629
828.0, 72.17821782178217
829.0, 74.00555041628121
830.0, 66.53005464480874
831.0, 68.81814217182729
832.0, 64.72518457752255
833.0, 67.31280881793992
834.0, 56.509910610182665
835.0, 40.70069204152247
836.0, 41.399032116146046
837.0, 44.28766499772415
838.0, 46.44549763033175
839.0, 47.2972972972973
840.0, 34.735413839891436
841.0, 33.31871985971064
842.0, 24.19006479481638
843.0, 16.989145823501616
844.0, 19.24643584521381
845.0, 13.74407582938386
846.0, 14.475873544093147
847.0, 3.372781065088759
848.0, 3.6121673003802215
849.0, 7.709090909090918
850.0, 7.6313894888409095
851.0, 13.369345037137094
852.0, 23.357228195937893
853.0, 22.04058624577226
854.0, 23.8997555012225
855.0, 24.684343434343447
856.0, 39.149746192893424
857.0, 36.74806432400241
858.0, 34.72463768115945
859.0, 37.883169462116854
860.0, 40.4570722668314
861.0, 42.83845650752126
862.0, 45.32871972318342
863.0, 45.404284727021434
864.0, 54.73020322354589
865.0, 59.77584059775838
866.0, 43.35424985738732
867.0, 52.52293577981652
868.0, 57.46549560853198
869.0, 63.57541899441341
870.0, 58.68187579214194
871.0, 56.94956949569495
872.0, 55.54889022195562
873.0, 58.135593220338976
874.0, 59.08584169453735
875.0, 59.835616438356176
876.0, 63.12603192074848
877.0, 56.5531475748194
878.0, 55.70752235665439
879.0, 51.664753157290484
880.0, 65.04237288135596
881.0, 49.38670109748226
882.0, 44.29646786334685
883.0, 34.65220165922142
884.0, 32.91848164281271
885.0, 33.0625
886.0, 38.23529411764706
887.0, 25.508425334108097
888.0, 32.06147323794383
889.0, 28.67867867867868
890.0, 27.332993370729227
891.0, 25.070159027128184
892.0, 19.08202294942629
893.0, 13.090128755364816
894.0, 35.81616481774961
895.0, 42.24883566200932
896.0, 43.28561690524881
897.0, 41.68034131933049
898.0, 41.88654353562005
899.0, 43.79310344827586
900.0, 41.744873131734444
901.0, 45.099511828764555
902.0, 41.54338264694123
903.0, 43.27363598500626
904.0, 36.83261183261183
905.0, 40.371688414393034
906.0, 40.93825180433039
907.0, 40.13364779874214
908.0, 21.73689619732785
909.0, 14.731910463300366
910.0, 16.770538243626063
911.0, 33.94589076059215
912.0, 31.772575250836127
913.0, 26.912181303116157
914.0, 36.46209386281589
915.0, 38.93186003683242
916.0, 41.86535764375876
917.0, 40.54329371816638
918.0, 39.36696340257171
919.0, 38.45410628019324
920.0, 40.974605353466025
921.0, 38.33065810593901
922.0, 37.508132726089784
923.0, 45.602409638554214
924.0, 46.39358860195904
925.0, 40.0398406374502
926.0, 45.05383580080754
927.0, 54.43177638837808
928.0, 43.50325795323879
929.0, 37.14578354387162
930.0, 34.34379457917261
931.0, 35.339449541284395
932.0, 39.69497114591921
933.0, 35.587583148558764
934.0, 39.337700145560405
935.0, 42.71039114974318
936.0, 34.682539682539684
937.0, 29.325890940317734
938.0, 26.59528907922912
939.0, 24.052132701421797
940.0, 24.8828125
941.0, 23.172193367958442
942.0, 30.305532617671346
943.0, 43.64334470989762
944.0, 43.353344768439115
945.0, 41.03084415584416
946.0, 43.82314694408323
947.0, 54.678204434829645
948.0, 46.31742738589213
949.0, 46.29341627786418
950.0, 50.62358276643992
951.0, 42.680047225501774
952.0, 47.65217391304348
953.0, 54.28194993412386
954.0, 53.36021505376345
955.0, 45.865633074935396
956.0, 44.281914893617035
957.0, 31.311475409836092
958.0, 27.19435736677117
959.0, 35.2580927384077
960.0, 33.61134278565473
961.0, 35.126324368378164
962.0, 40.62205466540999
963.0, 53.710937500000014
964.0, 51.59474671669794
965.0, 57.76649746192894
966.0, 53.6748329621381
967.0, 65.18828451882845
968.0, 65.12992455993295
969.0, 76.79180887372014
970.0, 62.54948535233571
971.0, 59.11144578313253
972.0, 61.137071651090345
973.0, 50.275862068965516
974.0, 50.94339622641509
975.0, 50.42372881355932
976.0, 54.13533834586467
977.0, 48.52198990627254
978.0, 46.34986225895318
979.0, 46.8984321745058
980.0, 44.47368421052632
981.0, 29.920634920634924
982.0, 22.679509632224168
983.0, 13.68523949169112
984.0, 21.064814814814824
985.0, 21.411764705882362
986.0, 21.43698468786809
987.0, 27.083333333333357
988.0, 26.962962962962976
989.0, 23.27823691460057
990.0, 13.150289017341052
991.0, 13.66366366366367
992.0, 16.04938271604938
993.0, 9.53177257525084
994.0, 19.18505942275044
995.0, 19.283276450511963
996.0, 29.508196721311492
997.0, 25.227568270481143
998.0, 20.652173913043484
999.0, 20.402684563758385
1000.0, 20.936639118457308
1001.0, 19.537275064267348
1002.0, 29.63885429638853
1003.0, 34.25196850393702
1004.0, 39.94743758212878
1005.0, 40.69611780455154
1006.0, 40.26490066225166
1007.0, 40.26490066225166
1008.0, 35.75498575498575
1009.0, 36.69590643274854
1010.0, 24.799999999999997
1011.0, 27.629233511586463
1012.0, 33.722871452420705
1013.0, 45.75163398692812
1014.0, 50.80645161290324
1015.0, 64.01384083044985
1016.0, 58.81188118811884
1017.0, 62.2504537205082
1018.0, 63.44463971880496
1019.0, 71.2482468443198
1020.0, 64.79591836734696
1021.0, 72.73901808785531
1022.0, 67.9611650485437
1023.0, 69.77886977886979
1024.0, 76.14155251141554
1025.0, 65.32810969637612
1026.0, 65.01976284584981
1027.0, 63.354037267080756
1028.0, 63.048016701461385
1029.0, 67.16141001855289
1030.0, 64.22764227642277
1031.0, 55.10729613733907
1032.0, 53.96126760563381
1033.0, 46.36815920398012
1034.0, 59.32367149758455
1035.0, 60.28301886792453
1036.0, 61.85866408518879
1037.0, 62.795089707271025
1038.0, 59.548254620123224
1039.0, 68.23529411764707
1040.0, 57.72097976570821
1041.0, 64.64826357969724
1042.0, 64.36265709156196
1043.0, 52.51937984496125
1044.0, 59.346642468239565
1045.0, 64.62450592885378
1046.0, 63.72847011144885
1047.0, 64.64542651593011
1048.0, 54.97142857142858
1049.0, 46.955503512880576
1050.0, 52.076318742985414
1051.0, 47.8309232480534
1052.0, 49.35205183585314
1053.0, 50.665188470066525
1054.0, 61.07711138310895
1055.0, 41.86390532544378
1056.0, 45.56786703601108
1057.0, 49.10447761194032
1058.0, 39.43161634103021
1059.0, 38.47487001733102
1060.0, 48.250728862973766
1061.0, 45.529573590096305
1062.0, 48.18049490538575
1063.0, 49.2559523809524
1064.0, 41.67962674961121
1065.0, 49.08256880733947
1066.0, 37.94037940379405
1067.0, 34.2717258261934
1068.0, 47.55859375000001
1069.0, 59.89583333333335
1070.0, 58.11423390752494
1071.0, 66.95447409733124
1072.0, 74.20343137254903
1073.0, 77.7510523150932
1074.0, 68.95137668424135
1075.0, 71.16637063351095
1076.0, 64.6236559139785
1077.0, 69.43753111000498
1078.0, 71.02897102897103
1079.0, 68.86317907444669
1080.0, 74.54920144255539
1081.0, 74.66460268317854
1082.0, 65.46448087431695
1083.0, 63.17016317016317
1084.0, 55.9100418410042
1085.0, 54.506206152185655
1086.0, 45.47218628719276
1087.0, 49.18625678119349
1088.0, 55.96389426176661
1089.0, 54.07312379730599
1090.0, 64.96398166339227
1091.0, 61.538461538461554
1092.0, 58.339197748064755
1093.0, 52.80254777070065
1094.0, 49.538258575197894
1095.0, 52.999294283697964
1096.0, 56.2968515742129
1097.0, 54.094488188976385
1098.0, 69.55810147299509
1099.0, 60.39861351819759
1100.0, 59.73568281938327
1101.0, 56.30975143403443
1102.0, 52.854330708661415
1103.0, 55.220883534136554
1104.0, 42.887700534759354
1105.0, 40.994475138121565
1106.0, 47.524752475247546
1107.0, 58.53658536585365
1108.0, 56.250000000000014
1109.0, 54.13533834586464
1110.0, 58.98801597869509
1111.0, 56.87074829931974
1112.0, 42.92929292929296
1113.0, 48.022598870056505
1114.0, 57.9268292682927
1115.0, 45.819397993311064
1116.0, 41.57814871016696
1117.0, 38.43888070692198
1118.0, 46.07843137254906
1119.0, 40.41204437400953
1120.0, 32.066115702479365
1121.0, 29.17293233082711
1122.0, 26.39455782312929
1123.0, 26.358695652173964
1124.0, 25.44704264099039
1125.0, 24.50331125827816
1126.0, 26.145552560646905
1127.0, 31.95342820181115
1128.0, 13.62179487179489
1129.0, 23.16118935837251
1130.0, 30.136986301369888
1131.0, 28.947368421052644
1132.0, 26.182432432432435
1133.0, 24.294670846394993
1134.0, 22.23816355810618
1135.0, 26.19047619047619
1136.0, 32.101167315175104
1137.0, 47.6027397260274
1138.0, 59.20000000000002
1139.0, 62.272089761570854
1140.0, 62.21910112359552
1141.0, 59.970238095238116
1142.0, 70.80957810718363
1143.0, 70.80957810718361
1144.0, 73.52637021716653
1145.0, 79.65235173824136
1146.0, 81.47086914995228
1147.0, 89.748743718593
1148.0, 99.1323210412148
1149.0, 93.29205366357073
1150.0, 86.59003831417624
1151.0, 81.79937952430197
1152.0, 80.2247191011236
1153.0, 73.30595482546201
1154.0, 68.08100289296047
1155.0, 61.81980374665478
1156.0, 48.076923076923094
1157.0, 43.55179704016915
1158.0, 46.546546546546566
1159.0, 40.18218623481783
1160.0, 35.76086956521739
1161.0, 33.59550561797755
1162.0, 32.764505119453915
1163.0, 34.244946492271126
1164.0, 44.705882352941195
1165.0, 50.000000000000014
1166.0, 46.01990049751244
1167.0, 56.57568238213402
1168.0, 54.873646209386315
1169.0, 63.70757180156661
1170.0, 74.73821989528797
1171.0, 76.8506056527591
1172.0, 70.69846678023853
1173.0, 76.56826568265686
1174.0, 61.31934032983512
1175.0, 60.271903323262855
1176.0, 57.800891530460646
1177.0, 61.02941176470589
1178.0, 62.19686162624823
1179.0, 60.62407132243686
1180.0, 67.60391198044012
1181.0, 66.83354192740926
1182.0, 81.30530973451327
1183.0, 81.24306326304108
1184.0, 75.99531615925055
1185.0, 77.01793721973091
1186.0, 76.53758542141229
1187.0, 77.97956867196366
1188.0, 92.83276450511941
1189.0, 78.38616714697403
1190.0, 69.80325064157398
1191.0, 68.99563318777291
1192.0, 72.00315457413248
1193.0, 70.28526148969891
1194.0, 56.65610142630746
1195.0, 51.75718849840257
1196.0, 51.01378751013788
1197.0, 49.059689288634495
1198.0, 48.42615012106539
1199.0, 45.14056224899598
1200.0, 49.44403261675316
1201.0, 50.89992800575955
1202.0, 45.54767533490937
1203.0, 55.81787521079259
1204.0, 62.45283018867928
1205.0, 54.846727423363724
1206.0, 50.67873303167421
1207.0, 50.08944543828264
1208.0, 61.438561438561464
1209.0, 65.40483701366982
1210.0, 65.47743966421828
1211.0, 74.5693191140279
1212.0, 79.09238249594814
1213.0, 83.22884012539186
1214.0, 83.72623574144487
1215.0, 84.63747307968414
1216.0, 83.67636621717533
1217.0, 83.24836125273127
1218.0, 84.6780162842339
1219.0, 95.21846661170653
1220.0, 86.16033755274262
1221.0, 86.8197278911565
1222.0, 86.83092608326255
1223.0, 84.30232558139541
1224.0, 77.01575532900836
1225.0, 63.34106728538285
1226.0, 61.927710843373504
1227.0, 57.52688172043011
1228.0, 42.38805970149252
1229.0, 37.84219001610309
1230.0, 37.60000000000004
1231.0, 28.24773413897279
1232.0, 23.999999999999986
1233.0, 26.74129353233829
1234.0, 28.704939919893206
1235.0, 33.07086614173224
1236.0, 24.716267339218177
1237.0, 23.416965352449225
1238.0, 35.69060773480666
1239.0, 36.04910714285717
1240.0, 34.81228668941981
1241.0, 27.567567567567593
1242.0, 40.51863857374394
1243.0, 41.138732959101844
1244.0, 49.78632478632478
1245.0, 52.75471698113207
1246.0, 62.2974963181149
1247.0, 67.11624919717408
1248.0, 69.90861618798957
1249.0, 71.50803461063042
1250.0, 75.17868745938922
1251.0, 77.96495956873318
1252.0, 77.80040733197558
1253.0, 75.74355584930603
1254.0, 71.52821813570071
1255.0, 76.78692988427504
1256.0, 68.7776141384389
1257.0, 72.55663430420714
1258.0, 72.6451612903226
1259.0, 69.76456009913261
1260.0, 68.65767501605653
1261.0, 66.50652024708306
1262.0, 66.78012253233493
1263.0, 63.461538461538474
1264.0, 62.76517922457939
1265.0, 64.42166910688141
1266.0, 58.45447589900536
1267.0, 60.49089469517026
1268.0, 66.2074554294976
1269.0, 74.18788410886745
1270.0, 76.05760576057608
1271.0, 48.2373172828891
1272.0, 36.963036963036956
1273.0, 51.04712041884818
1274.0, 45.16423357664236
1275.0, 36.25254582484726
1276.0, 30.665380906460925
1277.0, 37.89198606271775
1278.0, 42.738589211618255
1279.0, 42.01680672268908
1280.0, 43.365134431916736
1281.0, 37.509377344336066
1282.0, 43.06220095693783
1283.0, 42.23300970873786
1284.0, 46.2707182320442
1285.0, 60.98852603706971
1286.0, 63.708260105448154
1287.0, 53.40314136125654
1288.0, 59.49999999999999
1289.0, 63.178294573643406
1290.0, 61.68401135288552
1291.0, 54.425228891149565
1292.0, 60.071301247771835
1293.0, 59.28888888888888
1294.0, 62.33877901977644
1295.0, 77.95698924731187
1296.0, 76.07934655775965
1297.0, 65.61546286876907
1298.0, 68.4407096171802
1299.0, 67.42424242424241
1300.0, 55.665024630541886
1301.0, 58.496732026143796
1302.0, 49.88142292490119
1303.0, 41.32469402447802
1304.0, 41.8978102189781
1305.0, 45.94400574300071
1306.0, 53.48980852378013
1307.0, 56.113408151210876
1308.0, 54.63980463980466
1309.0, 52.86473715298288
1310.0, 46.61520190023753
1311.0, 52.39279055313862
1312.0, 44.57289659601799
1313.0, 40.943952802359895
1314.0, 35.49872122762147
1315.0, 35.85961342828078
1316.0, 39.20728441349758
1317.0, 41.16985376827896
1318.0, 47.3010573177518
1319.0, 50.95805282237182
1320.0, 33.1081081081081
1321.0, 27.65957446808511
1322.0, 39.83822042467138
1323.0, 42.311608961303456
1324.0, 38.72320596458527
1325.0, 36.08776844070962
1326.0, 38.25242718446601
1327.0, 40.9776391055642
1328.0, 59.964622641509436
1329.0, 61.96078431372549
1330.0, 63.277447268793956
1331.0, 69.9282786885246
1332.0, 68.18428184281845
1333.0, 65.7326328079393
1334.0, 73.25721153846153
1335.0, 75.85563161169884
1336.0, 67.30182926829272
1337.0, 62.26834692364717
1338.0, 68.79606879606882
1339.0, 69.8254364089776
1340.0, 68.35128417564209
1341.0, 57.976106816584696
1342.0, 54.10590943975442
1343.0, 55.997056659308335
1344.0, 55.30642750373691
1345.0, 39.350180505415175
1346.0, 49.76076555023924
1347.0, 51.16279069767444
1348.0, 49.336550060313634
1349.0, 47.585805700988956
1350.0, 51.98213288665549
1351.0, 53.78393991912191
1352.0, 54.50819672131149
1353.0, 52.50987027636775
1354.0, 51.2947658402204
1355.0, 58.406524466750334
1356.0, 46.519524617996616
1357.0, 48.10543657331136
1358.0, 51.23839009287927
1359.0, 62.325830653804935
1360.0, 55.73047858942067
1361.0, 50.92715231788078
1362.0, 50.46791443850268
1363.0, 55.02121640735504
1364.0, 53.50877192982457
1365.0, 53.00506879073135
1366.0, 59.06571654790182
1367.0, 55.713218820014916
1368.0, 60.5341246290801
1369.0, 67.32429099876694
1370.0, 76.04456824512533
1371.0, 55.05544683626878
1372.0, 44.512195121951216
1373.0, 35.49562682215746
1374.0, 37.05547652916075
1375.0, 46.15384615384615
1376.0, 45.159235668789826
1377.0, 38.474481211441365
1378.0, 35.67723342939482
1379.0, 34.33166943982252
1380.0, 31.21775025799792
1381.0, 36.553238199780466
1382.0, 34.87323943661973
1383.0, 33.639494833524694
1384.0, 31.86514410005438
1385.0, 43.707377557346554
1386.0, 50.06418485237485
1387.0, 52.24380442062962
1388.0, 50.48611111111112
1389.0, 37.312365975696935
1390.0, 42.847682119205295
1391.0, 47.7843426883309
1392.0, 44.133697135061404
1393.0, 54.956085319949814
1394.0, 59.83606557377051
1395.0, 59.19500346981264
1396.0, 58.409570724841686
1397.0, 50.0
1398.0, 63.250230840258574
1399.0, 59.09558067831454
1400.0, 56.40744797371307
1401.0, 55.73593073593073
1402.0, 66.47540983606561
1403.0, 67.63969974979153
1404.0, 67.5313807531381
1405.0, 76.75471698113209
1406.0, 87.28448275862073
1407.0, 86.63141993957707
1408.0, 85.02594514455151
1409.0, 85.61253561253561
1410.0, 85.87650816181686
1411.0, 80.61497326203204
1412.0, 80.9210526315789
1413.0, 81.82957393483704
1414.0, 80.68749999999997
1415.0, 82.87197231833909
1416.0, 80.98591549295773
1417.0, 90.30837004405285
1418.0, 90.1091843288375
1419.0, 73.1004901960784
1420.0, 71.62249515190686
1421.0, 59.18749999999999
1422.0, 58.71047737135772
1423.0, 57.687420584498106
1424.0, 57.82140595313489
1425.0, 62.34446627373938
1426.0, 58.7323943661972
1427.0, 48.16720257234727
1428.0, 52.27410551849606
1429.0, 51.68815224063842
1430.0, 50.031746031746025
1431.0, 51.26934984520124
1432.0, 47.31113956466069
1433.0, 61.57142857142861
1434.0, 53.04532577903687
1435.0, 68.15602836879432
1436.0, 67.53338018271256
1437.0, 51.069819819819834
1438.0, 52.2002200220022
1439.0, 50.27624309392266
1440.0, 51.867893881970765
1441.0, 63.16079295154188
1442.0, 62.83333333333336
1443.0, 63.562091503268
1444.0, 55.88985211626721
1445.0, 61.03603603603602
1446.0, 62.2151321786691
1447.0, 67.81832298136646
1448.0, 71.27702978376173
1449.0, 71.25357288689261
1450.0, 79.14473684210527
1451.0, 89.44237918215615
1452.0, 87.85500747384158
1453.0, 89.91077556623199
1454.0, 89.33657519972215
1455.0, 86.09104046242777
1456.0, 87.95369211514395
1457.0, 87.71929824561406
1458.0, 94.0789473684211
1459.0, 91.48014440433218
1460.0, 91.77986764193665
1461.0, 85.37074148296601
1462.0, 85.33653846153851
1463.0, 86.03586417397945
1464.0, 80.46441191317525
1465.0, 78.59960552268248
1466.0, 80.53491827637447
1467.0, 72.605671482076
1468.0, 73.70916754478401
1469.0, 75.29601722282023
1470.0, 74.02376910016977
1471.0, 58.93554687500003
1472.0, 54.78494623655914
1473.0, 58.4945112388918
1474.0, 50.02481389578166
1475.0, 46.70991658943466
1476.0, 44.42485676509475
1477.0, 40.68673565380999
1478.0, 46.22723330442326
1479.0, 43.4039087947883
1480.0, 40.59678052610914
1481.0, 41.3269384492406
1482.0, 37.2792183389703
1483.0, 35.264841805901185
1484.0, 33.29670329670327
1485.0, 48.97163120567374
1486.0, 46.849412602349595
1487.0, 48.81727802536853
1488.0, 53.85724585436193
1489.0, 50.69562266711909
1490.0, 57.67045454545455
1491.0, 57.98872180451127
1492.0, 54.50941526263625
1493.0, 60.318021201413444
1494.0, 62.16314639475603
1495.0, 70.73984232868405
1496.0, 75.66878980891723
1497.0, 77.14285714285715
1498.0, 74.93770024919903
1499.0, 71.50951031970864
1500.0, 74.8354626403407
1501.0, 70.26476578411406
1502.0, 71.43974960876369
1503.0, 87.08654281830542
1504.0, 82.41701244813278
1505.0, 75.02732240437162
1506.0, 64.06906206252917
1507.0, 65.28403967538323
1508.0, 57.71223595057793
1509.0, 34.52330953380935
1510.0, 40.8349146110057
1511.0, 46.217538577342864
1512.0, 44.13687043444829
1513.0, 38.091660405709995
1514.0, 36.02484472049689
1515.0, 36.27834245504301
1516.0, 25.116124751161266
1517.0, 27.450980392156865
1518.0, 26.2688403568133
1519.0, 25.645645645645644
1520.0, 27.908496732026165
1521.0, 28.838709677419345
1522.0, 36.94117647058822
1523.0, 47.94106535700793
1524.0, 39.03614457831324
1525.0, 42.975206611570265
1526.0, 46.04550379198267
1527.0, 46.48195406489244
1528.0, 43.18756776292014
1529.0, 48.46416382252559
1530.0, 63.55757325629384
1531.0, 58.060344827586185
1532.0, 64.84657039711189
1533.0, 70.75332348596744
1534.0, 73.57910906297997
1535.0, 59.44548872180449
1536.0, 54.611025244719215
1537.0, 49.334811529933496
1538.0, 54.44379046497941
1539.0, 34.61981566820276
1540.0, 28.194361127774442
1541.0, 43.04709141274241
1542.0, 47.38041002277904
1543.0, 30.456598093326647
1544.0, 25.40427751695357
1545.0, 45.70502431118314
1546.0, 46.52833200319232
1547.0, 43.62139917695474
1548.0, 38.801996672212994
1549.0, 46.84716779479873
1550.0, 44.743109901326974
1551.0, 46.48503195425496
1552.0, 42.57269279393173
1553.0, 41.522811344019736
1554.0, 40.184964200477324
1555.0, 38.47806075483276
1556.0, 50.08712969878019
1557.0, 54.15881561238224
1558.0, 56.365071015255126
1559.0, 39.023122889062115
1560.0, 41.645947289905514
1561.0, 40.07177033492823
1562.0, 40.08135917683656
1563.0, 38.17283950617284
1564.0, 43.791786055396365
1565.0, 44.336722629463225
1566.0, 47.983378147152294
1567.0, 49.001497753369954
1568.0, 49.45830183925423
1569.0, 50.07466401194625
1570.0, 39.00881726968683
1571.0, 39.881877525645
1572.0, 44.08788667244868
1573.0, 52.27973945834761
1574.0, 43.761172685019666
1575.0, 51.92532088681447
1576.0, 61.13499570077387
1577.0, 64.6183953033268
1578.0, 59.38997821350762
1579.0, 55.827402135231324
1580.0, 60.781990521327
1581.0, 72.14691735898555
1582.0, 78.5531914893617
1583.0, 66.09603340292273
1584.0, 67.8415841584158
1585.0, 60.68012752391073
1586.0, 57.58502101643102
1587.0, 62.225705329153584
1588.0, 66.41572563780842
1589.0, 66.4437944003343
1590.0, 64.17591801878734
1591.0, 60.312204351939435
1592.0, 66.5980230642504
1593.0, 67.5438596491228
1594.0, 62.48189280540801
1595.0, 62.7159309021113
1596.0, 65.6346749226006
1597.0, 76.03474706182935
1598.0, 73.05045871559633
1599.0, 94.44811632518174
1600.0, 77.56607252612167
1601.0, 69.06432748538009
1602.0, 74.09669211195927
1603.0, 61.12881201638599
1604.0, 62.95289855072464
1605.0, 58.45431255337317
1606.0, 56.19090499774877
1607.0, 53.60824742268039
1608.0, 55.792058943921404
1609.0, 59.82142857142856
1610.0, 53.32469775474957
1611.0, 47.84298484259619
1612.0, 44.13768375761923
1613.0, 38.332739579622384
1614.0, 45.6725365305358
1615.0, 48.105761641673254
1616.0, 36.68869024485039
1617.0, 36.196319018404914
1618.0, 25.93235039028623
1619.0, 23.414252153484767
1620.0, 14.068678459937573
1621.0, 18.535889070146823
1622.0, 14.51110245422673
1623.0, 21.07534616076245
1624.0, 21.03374012921752
1625.0, 26.48312611012433
1626.0, 26.199261992619924
1627.0, 27.8056651129437
1628.0, 23.1350640814985
1629.0, 22.01031733625136
1630.0, 22.345659419139807
1631.0, 30.88820826952525
1632.0, 37.27225403435709
1633.0, 37.97736916548797
1634.0, 50.30081650193382
1635.0, 46.93832108661768
1636.0, 55.51330798479088
1637.0, 49.169435215946855
1638.0, 45.831348261076705
1639.0, 36.19756427604873
1640.0, 37.97917652626598
1641.0, 43.00934985866494
1642.0, 46.8609334280976
1643.0, 47.974775648799415
1644.0, 52.67681728880157
1645.0, 46.233258928571445
1646.0, 43.68737474949901
1647.0, 50.41666666666668
1648.0, 44.47309055752497
1649.0, 45.64288063137128
1650.0, 36.2790697674419
1651.0, 26.611796982167377
1652.0, 29.950589129608545
1653.0, 35.98173515981736
1654.0, 39.23357664233578
1655.0, 33.166081284495775
1656.0, 30.545286506469537
1657.0, 37.41935483870972
1658.0, 28.248315688161753
1659.0, 19.948630136986353
1660.0, 39.80263157894737
1661.0, 44.24131627056674
1662.0, 49.86359502879663
1663.0, 48.60451306413301
1664.0, 55.148293228875204
1665.0, 59.98174071819841
1666.0, 59.99391542439914
1667.0, 62.244577176988365
1668.0, 63.114250614250615
1669.0, 56.412639405204445
1670.0, 68.46758349705304
1671.0, 63.671128107074566
1672.0, 69.5142378559464
1673.0, 81.26984126984128
1674.0, 77.80100334448161
1675.0, 57.22606479796141
1676.0, 60.504201680672274
1677.0, 69.89306279133535
1678.0, 70.64955894145952
1679.0, 64.62102689486551
1680.0, 65.29976019184653
1681.0, 64.51996197718631
1682.0, 66.16047144152311
1683.0, 70.06280530355896
1684.0, 63.39884393063584
1685.0, 67.34030197444831
1686.0, 61.64263870685889
1687.0, 61.51654613193074
1688.0, 60.25350837483024
1689.0, 72.90448343079922
1690.0, 66.953125
1691.0, 60.081786725385335
1692.0, 50.9979353062629
1693.0, 60.903426791277276
1694.0, 55.57234605213447
1695.0, 55.59334845049133
1696.0, 41.6976917349218
1697.0, 35.87146349982537
1698.0, 59.979209979209976
1699.0, 54.83048687229162
1700.0, 65.16413522782952
1701.0, 57.40436517249472
1702.0, 54.968795007201145
1703.0, 52.069494123658664
1704.0, 53.575184016824394
1705.0, 54.5898688608897
1706.0, 55.88312713872071
1707.0, 46.281179138321995
1708.0, 47.30011587485516
1709.0, 44.926260180497465
1710.0, 45.95811754109435
1711.0, 46.68344007319303
1712.0, 23.52212937171157
1713.0, 25.041186161449758
1714.0, 16.051660516605182
1715.0, 20.62420919443278
1716.0, 21.113989637305735
1717.0, 22.453310696095087
1718.0, 25.210084033613484
1719.0, 20.39355992844365
1720.0, 29.885527391659863
1721.0, 40.18691588785045
1722.0, 46.507936507936535
1723.0, 49.27130044843048
1724.0, 62.16216216216213
1725.0, 72.01618341200268
1726.0, 76.77929547088425
1727.0, 82.81437125748502
1728.0, 72.66666666666666
1729.0, 75.70043103448273
1730.0, 76.13941018766755
1731.0, 77.80548628428927
1732.0, 79.4646977388094
1733.0, 79.30232558139535
1734.0, 72.11296016137167
1735.0, 74.88396080453842
1736.0, 75.56447566482689
1737.0, 81.6260162601626
1738.0, 64.91725768321513
1739.0, 64.66666666666666
1740.0, 67.67582673497905
1741.0, 65.62654779593859
1742.0, 73.0142566191446
1743.0, 72.48182762201453
1744.0, 81.73043778007585
1745.0, 83.94425931535898
1746.0, 85.25319977740679
1747.0, 76.18572141787318
1748.0, 78.48423194303152
1749.0, 75.89794401783502
1750.0, 69.13043478260869
1751.0, 64.45945945945945
1752.0, 70.0955180014695
1753.0, 73.29980319265252
1754.0, 75.69181763886124
1755.0, 75.03067484662576
1756.0, 75.51634249047524
1757.0, 74.73618870266915
1758.0, 65.61561561561561
1759.0, 56.42056880206836
1760.0, 47.9973297730307
1761.0, 52.23392662549946
1762.0, 55.544286680189316
1763.0, 51.81330810469885
1764.0, 55.50675675675674
1765.0, 59.72373682297344
1766.0, 61.93548387096773
1767.0, 57.12555510698426
1768.0, 45.37037037037038
1769.0, 39.73128598848369
1770.0, 33.790195044807646
1771.0, 39.46987951807229
1772.0, 41.40546006066734
1773.0, 48.00409416581371
1774.0, 45.20481927710845
1775.0, 47.34982332155478
1776.0, 34.1642228739003
1777.0, 34.862842892768086
1778.0, 46.442775077330985
1779.0, 56.113102349661474
1780.0, 53.47334410339256
1781.0, 46.39261744966443
1782.0, 41.89965530448104
1783.0, 44.18416801292408
1784.0, 47.41248097412481
1785.0, 41.15226337448561
1786.0, 38.0517503805175
1787.0, 36.82576639503301
1788.0, 42.95719844357976
1789.0, 37.69204506657564
1790.0, 45.62030747229176
1791.0, 53.2695984703633
1792.0, 40.83954491957631
1793.0, 30.261408949933568
1794.0, 36.046999580360925
1795.0, 36.491079014443514
1796.0, 41.55421126105168
1797.0, 52.81828931809225
1798.0, 43.15245478036175
1799.0, 43.799175721243905
1800.0, 53.74907201187826
1801.0, 52.74933636708381
1802.0, 63.428235984737306
1803.0, 72.54112118160452
1804.0, 67.42372881355931
1805.0, 66.18578465869103
1806.0, 68.92634664712352
1807.0, 53.98966704936854
1808.0, 51.06319257262652
1809.0, 61.709018435475826
1810.0, 56.472491909385106
1811.0, 50.90538128028563
1812.0, 53.184119371169736
1813.0, 48.48190429924703
1814.0, 45.67110655737704
1815.0, 42.070275403608726
1816.0, 23.371964679911656
1817.0, 23.072732225551604
1818.0, 33.42438539855971
1819.0, 30.963408985641493
1820.0, 34.45378151260503
1821.0, 39.54983922829582
1822.0, 40.10767160161508
1823.0, 29.83286029643645
1824.0, 29.692404268675446
1825.0, 28.154761904761912
1826.0, 25.066242713301534
1827.0, 25.727495240685343
1828.0, 31.58817635270539
1829.0, 34.70492690850027
1830.0, 36.194240542066616
1831.0, 36.33786848072562
1832.0, 26.79269882659713
1833.0, 39.60273122284295
1834.0, 33.392070484581495
1835.0, 38.567916410571605
1836.0, 44.73320431296654
1837.0, 36.743325403119215
1838.0, 40.512969979597784
1839.0, 42.52064851636585
1840.0, 43.90397978521794
1841.0, 49.23909367602299
1842.0, 38.420300214438896
1843.0, 39.09508660303993
1844.0, 43.2262827611665
1845.0, 45.23020257826887
1846.0, 55.65165523411869
1847.0, 46.09859614756774
1848.0, 51.655147326300494
1849.0, 46.750448833034106
1850.0, 35.60431100846806
1851.0, 48.21862348178139
1852.0, 45.388719512195124
1853.0, 50.60888252148995
1854.0, 63.46153846153843
1855.0, 62.94605809128628
1856.0, 71.4710884353741
1857.0, 75.02791216970596
1858.0, 75.69721115537844
1859.0, 76.63649025069634
1860.0, 67.46347941567062
1861.0, 69.55727978092193
1862.0, 62.207632334837875
1863.0, 67.3199829569663
1864.0, 73.2746641963872
1865.0, 75.49893842887471
1866.0, 74.23799582463465
1867.0, 63.30349877949554
1868.0, 64.03508771929825
1869.0, 52.60695187165776
1870.0, 54.998413202158055
1871.0, 53.37060177573167
1872.0, 54.92689129052765
1873.0, 46.97380307136405
1874.0, 50.08823529411765
1875.0, 51.31063573365472
1876.0, 56.29011553273428
1877.0, 51.6188149053146
1878.0, 52.63157894736841
1879.0, 48.38709677419356
1880.0, 49.71543354536324
1881.0, 53.745928338762205
1882.0, 43.80276933468422
1883.0, 56.613756613756614
1884.0, 45.66653711620675
1885.0, 40.25641025641024
1886.0, 31.857599269739822
1887.0, 36.91168693812795
1888.0, 27.680798004987523
1889.0, 24.225229157573096
1890.0, 38.02213495180294
1891.0, 45.909253304751715
1892.0, 62.2820129546587
1893.0, 62.0646454522676
1894.0, 65.51980198019803
1895.0, 66.39077000250816
1896.0, 73.6682307479989
1897.0, 75.31694695989651
1898.0, 79.66611932129177
1899.0, 80.3491139910077
1900.0, 78.33935018050545
1901.0, 79.45876288659797
1902.0, 85.69157392686809
1903.0, 90.48684946838279
1904.0, 89.20977467470647
1905.0, 88.7788778877888
1906.0, 76.79255610290096
1907.0, 68.52876106194691
1908.0, 75.848896434635
1909.0, 76.33909742724589
1910.0, 81.9381841596909
1911.0, 72.6330338631652
1912.0, 64.59741856177013
1913.0, 65.95744680851064
1914.0, 60.950300382304754
1915.0, 61.46591215305849
1916.0, 59.93275427290557
1917.0, 63.205980066445186
1918.0, 69.8844323589395
1919.0, 71.5539383561644
1920.0, 74.55548743102392
1921.0, 75.82623155269177
1922.0, 71.8401937046005
1923.0, 70.85439229843567
1924.0, 53.893543617545575
1925.0, 55.29709228824275
1926.0, 60.81757508342604
1927.0, 50.30674846625767
1928.0, 59.797979797979814
1929.0, 60.94757499299131
1930.0, 58.735756918068375
1931.0, 60.369984366857736
1932.0, 41.9482496194825
1933.0, 51.90416141235813
1934.0, 48.928762720942714
1935.0, 41.990347046655934
1936.0, 39.357959542656104
1937.0, 39.619300575475876
1938.0, 50.07242877836794
1939.0, 48.34498834498832
1940.0, 50.228728270814265
1941.0, 58.38569357177383
1942.0, 65.51862234681619
1943.0, 67.59503199096727
1944.0, 65.42805100182152
1945.0, 61.8850920015021
1946.0, 66.92152917505032
1947.0, 59.00249376558605
1948.0, 61.74965100046534
1949.0, 73.58180323376274
1950.0, 78.95040369088821
1951.0, 80.34235229155166
1952.0, 79.954954954955
1953.0, 82.41439349970986
1954.0, 81.88882247459658
1955.0, 81.46788990825692
1956.0, 74.97935590421145
1957.0, 69.88071570576545
1958.0, 84.49691991786455
1959.0, 62.160120845921455
1960.0, 65.06276150627619
1961.0, 68.04846938775512
1962.0, 66.53306613226457
1963.0, 74.767061193654
1964.0, 74.74798387096776
1965.0, 75.97122302158276
1966.0, 74.72250252270437
1967.0, 70.32288698955367
1968.0, 70.57438794726929
1969.0, 69.00386847195358
1970.0, 70.58283616337769
1971.0, 72.0940356987375
1972.0, 71.8117854001759
1973.0, 87.51339764201501
1974.0, 86.91011235955057
1975.0, 86.75383740761798
1976.0, 85.87022437841117
1977.0, 81.1336032388664
1978.0, 81.56645569620255
1979.0, 68.72964169381105
1980.0, 56.68016194331981
1981.0, 72.66414141414141
1982.0, 64.59412780656308
1983.0, 66.94260485651215
1984.0, 64.32400238237047
1985.0, 58.87305699481864
1986.0, 55.616438356164394
1987.0, 58.81595881595881
1988.0, 59.899749373433586
1989.0, 49.08424908424909
1990.0, 47.99999999999999
1991.0, 42.780107849011394
1992.0, 40.86687306501547
1993.0, 50.88576664630423
1994.0, 63.13301823092507
1995.0, 54.001684919966316
1996.0, 66.26506024096383
1997.0, 86.13861386138613
1998.0, 83.40961098398166
1999.0, 78.07925740806854
2000.0, 74.5652915103989
2001.0, 71.3796644984594
2002.0, 70.87108013937281
2003.0, 70.87108013937276
2004.0, 76.98732718894006
2005.0, 71.99030433611632
2006.0, 61.846367422489585
2007.0, 61.48096239196449
2008.0, 55.616619037151025
2009.0, 53.93861343635973
2010.0, 56.32885632885634
2011.0, 31.848928974069906
2012.0, 41.163198796690914
2013.0, 46.06627877561346
2014.0, 49.5941146626078
2015.0, 54.156597390043515
2016.0, 52.630326112830275
2017.0, 57.30924649393867
2018.0, 51.53804641122505
2019.0, 54.000565450947136
2020.0, 62.93245469522239
2021.0, 61.66950596252127
2022.0, 66.88839615668883
2023.0, 70.55895865237363
2024.0, 63.50671140939596
2025.0, 69.51331496786042
2026.0, 65.73787409700724
2027.0, 64.83050847457625
2028.0, 50.67410506741053
2029.0, 48.2943469785575
2030.0, 44.28060768543342
2031.0, 46.61815068493151
2032.0, 32.952182952182966
2033.0, 31.636726546906203
2034.0, 26.401998889505833
2035.0, 26.340650180605763
2036.0, 27.093455272935145
2037.0, 30.205198358413156
2038.0, 32.32044198895032
2039.0, 34.37930085328931
2040.0, 31.197691197691213
2041.0, 28.049499116087247
2042.0, 26.704067321178144
2043.0, 22.381509654768905
2044.0, 21.285475792988336
2045.0, 14.151515151515184
2046.0, 16.642908054169652
2047.0, 19.35105551211889
2048.0, 32.50620347394546
2049.0, 36.74418604651165
2050.0, 35.71428571428575
2051.0, 29.812438302073105
2052.0, 26.739562624254475
2053.0, 23.94220846233239
2054.0, 15.761821366024591
2055.0, 22.087682672233868
2056.0, 55.05540166204986
2057.0, 43.28886468826575
2058.0, 53.81560283687943
2059.0, 52.635960044395105
2060.0, 54.637096774193566
2061.0, 54.23679628554845
2062.0, 52.03771289537713
2063.0, 52.855007473841546
2064.0, 54.28308259134171
2065.0, 54.1909732883021
2066.0, 55.2517091361094
2067.0, 57.23195723195722
2068.0, 64.8166834846956
2069.0, 56.67311411992263
2070.0, 33.5741811175337
2071.0, 63.23822163238219
2072.0, 60.625444207533775
2073.0, 53.91908975979775
2074.0, 56.967741935483836
2075.0, 54.105392156862756
2076.0, 51.280558789289856
2077.0, 35.94771241830067
2078.0, 31.33903133903135
2079.0, 30.316949931097867
2080.0, 36.817992503123705
2081.0, 23.840627041149602
2082.0, 26.957637997432613
2083.0, 28.22580645161291
2084.0, 27.9906697767411
2085.0, 20.83481983589013
2086.0, 17.845242502776742
2087.0, 26.222723852520687
2088.0, 23.53563867325336
2089.0, 21.02774274905424
2090.0, 22.032258064516114
2091.0, 22.578512396694208
2092.0, 27.95096322241683
2093.0, 28.338068181818187
2094.0, 26.16172703988292
2095.0, 39.60843373493976
2096.0, 35.07231404958681
2097.0, 49.65643609711409
2098.0, 50.11558021266758
2099.0, 55.704989154013006
2100.0, 55.810430642718025
2101.0, 52.2003745318352
2102.0, 55.74999999999999
2103.0, 72.50593824228025
2104.0, 74.17735638594532
2105.0, 87.09468223086895
2106.0, 86.2188365650969
2107.0, 88.79781420765028
2108.0, 84.07923697725604
2109.0, 80.90566037735849
2110.0, 83.4890965732087
2111.0, 81.37082601054479
2112.0, 68.69436201780417
2113.0, 65.09511993382964
2114.0, 53.07963907414671
2115.0, 44.662921348314626
2116.0, 46.120377084844115
2117.0, 43.754731264193765
2118.0, 49.49014276002717
2119.0, 41.257934218118855
2120.0, 38.33058758923668
2121.0, 34.057203389830505
2122.0, 35.775862068965495
2123.0, 29.882988298829858
2124.0, 31.14973262032086
2125.0, 22.36180904522611
2126.0, 31.69831223628691
2127.0, 32.446531038080295
2128.0, 33.27982878544674
2129.0, 36.44246543238806
2130.0, 36.22597553873031
2131.0, 37.28522336769759
2132.0, 25.712347354138387
2133.0, 36.13707165109031
2134.0, 38.666666666666636
2135.0, 41.83949504057708
2136.0, 31.962481962481945
2137.0, 57.9968944099379
2138.0, 59.29270127915726
2139.0, 53.52016404647984
2140.0, 48.48484848484846
2141.0, 52.314165497896205
2142.0, 56.64388762338649
2143.0, 58.09288690016972
2144.0, 68.26983135540286
2145.0, 68.34890965732087
2146.0, 69.24939467312349
2147.0, 69.34218467109235
2148.0, 70.92537313432835
2149.0, 72.98578199052133
2150.0, 89.66644865925443
2151.0, 80.77214231642691
2152.0, 81.12927191679046
2153.0, 76.31027253668763
2154.0, 76.97010869565217
2155.0, 71.42857142857143
2156.0, 77.81211372064276
2157.0, 80.32876712328765
2158.0, 77.5625
2159.0, 76.99455302787567
2160.0, 70.38508557457213
2161.0, 74.00751072961373
2162.0, 67.22668004012036
2163.0, 68.10639336261592
2164.0, 57.5584058634906
2165.0, 57.7435661764706
2166.0, 50.679824561403514
2167.0, 62.51040799333887
2168.0, 68.67826086956521
2169.0, 68.6305179005909
2170.0, 62.005227781926834
2171.0, 62.24489795918368
2172.0, 60.83525789068515
2173.0, 60.50844168445568
2174.0, 65.55984555984557
2175.0, 57.86163522012579
2176.0, 58.47457627118644
2177.0, 54.00505902192242
2178.0, 62.8012733060482
2179.0, 62.54528985507249
2180.0, 79.26666666666671
2181.0, 77.65804597701153
2182.0, 68.55345911949689
2183.0, 64.77812995245645
2184.0, 72.10810810810811
2185.0, 67.7382319173364
2186.0, 68.30827067669173
2187.0, 64.0870185449358
2188.0, 63.63308053448899
2189.0, 66.92563817980025
2190.0, 70.91896083753396
2191.0, 75.98647125140927
2192.0, 75.65714285714289
2193.0, 81.30615065653075
2194.0, 64.66380543633761
2195.0, 47.77864380358535
2196.0, 48.191823899371066
2197.0, 55.92563903950427
2198.0, 36.917808219178085
2199.0, 30.469191633691338
2200.0, 36.76092544987147
2201.0, 36.34977122521608
2202.0, 35.3138723843968
2203.0, 38.35548990645004
2204.0, 39.04576436222006
2205.0, 38.17283950617284
2206.0, 36.70133729569095
2207.0, 33.0890052356021
2208.0, 32.69529229177445
2209.0, 37.11098062243101
2210.0, 36.76556137289123
2211.0, 33.63858363858361
2212.0, 43.3307632999229
2213.0, 63.632141198327936
2214.0, 57.73963730569951
2215.0, 67.38513896766877
2216.0, 69.70495258166494
2217.0, 59.77961432506888
2218.0, 58.309537407195904
2219.0, 57.084068195179306
2220.0, 58.599879299939644
2221.0, 54.509283819628656
2222.0, 70.6666666666667
2223.0, 69.08237747653806
2224.0, 70.9979906229069
2225.0, 60.40914560770159
2226.0, 48.662041625371636
2227.0, 45.06892895015907
2228.0, 36.16811365430148
2229.0, 31.218274111675157
2230.0, 29.316640584246187
2231.0, 28.924343798250106
2232.0, 33.82846190704359
2233.0, 33.92344497607654
2234.0, 31.12379280070236
2235.0, 30.679359584595403
2236.0, 28.35420393559923
2237.0, 31.403053874963945
2238.0, 27.92485055508108
2239.0, 28.963684676705014
2240.0, 32.29629629629625
2241.0, 30.687563195146566
2242.0, 33.89168062534894
2243.0, 36.87464867903312
2244.0, 29.67706013363025
2245.0, 24.999999999999957
2246.0, 34.76132190942472
2247.0, 26.218256691832536
2248.0, 24.877889938130906
2249.0, 27.556546670914315
2250.0, 25.418169891767818
2251.0, 26.668816510802984
2252.0, 29.909584086799285
2253.0, 32.77216610549944
2254.0, 34.11214953271029
2255.0, 38.20306793279768
2256.0, 37.93978962640551
2257.0, 36.74898636196095
2258.0, 37.187616560984736
2259.0, 48.950131233595826
2260.0, 34.676564156945915
2261.0, 51.25268432355049
2262.0, 71.98975234842015
2263.0, 73.46278317152102
2264.0, 58.802816901408455
2265.0, 59.261838440111426
2266.0, 60.15514809590972
2267.0, 62.58278145695368
2268.0, 64.43089430894307
2269.0, 50.782361308677096
2270.0, 49.895178197064986
2271.0, 46.4541314248536
2272.0, 45.30456852791876
2273.0, 40.35446489434218
2274.0, 41.42757172848143
2275.0, 43.75
2276.0, 40.17155110793423
2277.0, 40.29957203994293
2278.0, 24.988942945599263
2279.0, 33.7758688012495
2280.0, 34.64354527938342
2281.0, 28.690386071158187
2282.0, 27.882832777159805
2283.0, 33.40823970037454
2284.0, 35.241433021806856
2285.0, 33.308796466691206
2286.0, 39.69576240492575
2287.0, 38.920454545454525
2288.0, 35.98161523309258
2289.0, 31.769305962854332
2290.0, 36.6606170598911
2291.0, 35.06976744186048
2292.0, 47.341984093763074
2293.0, 35.721153846153854
2294.0, 40.49844236760126
2295.0, 44.73304473304474
2296.0, 50.45537340619308
2297.0, 50.36496350364963
2298.0, 49.59090909090908
2299.0, 52.47715247715246
2300.0, 44.55445544554455
2301.0, 44.12197274242574
2302.0, 47.796070100902824
2303.0, 46.777546777546775
2304.0, 34.74152306837132
2305.0, 31.704479348458435
2306.0, 36.57718120805371
2307.0, 41.80107526881723
2308.0, 31.622641509434004
2309.0, 28.398576512455534
2310.0, 16.629044394281436
2311.0, 4.203758654797255
2312.0, 13.964975303098356
2313.0, 13.797692990239597
2314.0, 18.49684968496851
2315.0, 18.860132158590318
2316.0, 19.74063400576371
2317.0, 23.44152498712009
2318.0, 28.594334580438286
2319.0, 27.136972193614838
2320.0, 27.29155877783532
2321.0, 29.447236180904525
2322.0, 32.74161735700197
2323.0, 37.825873093949824
2324.0, 38.22067594433399
2325.0, 66.80032076984762
2326.0, 53.433098591549296
2327.0, 66.16961789375581
2328.0, 64.99517839922854
2329.0, 58.15358067299397
2330.0, 62.49027237354086
2331.0, 67.73761713520749
2332.0, 68.86304909560724
2333.0, 70.2239789196311
2334.0, 68.68556701030926
2335.0, 66.66666666666666
2336.0, 65.55634301913535
2337.0, 66.27342123525327
2338.0, 70.4163623082542
2339.0, 70.04437869822485
2340.0, 68.82267441860463
2341.0, 60.71942446043164
2342.0, 57.39514348785871
2343.0, 53.793103448275865
2344.0, 53.92022008253095
2345.0, 45.96774193548387
2346.0, 40.76038903625109
2347.0, 48.720066061106515
2348.0, 49.04405652535329
2349.0, 42.480620155038764
2350.0, 44.62686567164177
2351.0, 31.734064427690186
2352.0, 31.28876636802204
2353.0, 25.58139534883719
2354.0, 22.035733622089865
2355.0, 23.45821325648413
2356.0, 23.243860651056522
2357.0, 25.485284909204736
2358.0, 18.639455782312908
2359.0, 15.30944625407163
2360.0, 14.586070959264092
2361.0, 7.932011331444755
2362.0, 11.541218637992785
2363.0, 12.178517397881947
2364.0, 9.790209790209786
2365.0, 14.675446848541824
2366.0, 13.965980304386719
2367.0, 15.234374999999957
2368.0, 20.8277703604806
2369.0, 18.571428571428527
2370.0, 18.35294117647055
2371.0, 20.827770360480585
2372.0, 19.672131147540938
2373.0, 20.499342969776563
2374.0, 29.569266589057037
2375.0, 26.980482204362758
2376.0, 33.61169102296449
2377.0, 30.93179634966377
2378.0, 29.301868239921347
2379.0, 25.25918944392086
2380.0, 29.038461538461533
2381.0, 41.929666366095596
2382.0, 49.615384615384585
2383.0, 50.58823529411763
2384.0, 57.252641690682026
2385.0, 53.16681534344336
2386.0, 57.20720720720721
2387.0, 66.61143330571664
2388.0, 59.570815450643764
2389.0, 56.23987034035655
2390.0, 52.5065963060686
2391.0, 56.003752345215766
2392.0, 56.533827618164956
2393.0, 54.75763016157991
2394.0, 52.411282984531404
2395.0, 43.29140461215932
2396.0, 42.75132275132276
2397.0, 48.84488448844885
2398.0, 56.25587958607717
2399.0, 53.20284697508897
2400.0, 52.35507246376812
2401.0, 43.55697550585734
2402.0, 49.00662251655629
2403.0, 48.313384113166514
2404.0, 41.28440366972477
2405.0, 39.3586005830904
2406.0, 36.74280039721946
2407.0, 46.012269938650306
2408.0, 43.902439024390254
2409.0, 43.227665706051894
2410.0, 38.454288407163055
2411.0, 29.77346278317154
2412.0, 10.182370820668723
2413.0, 17.55361397934874
2414.0, 15.337889141989393
2415.0, 13.883161512027499
2416.0, 10.8653220559532
2417.0, 11.501377410468365
2418.0, 11.446196024674478
2419.0, 11.752287121745297
2420.0, 13.156053184044836
2421.0, 9.941944847605242
2422.0, 21.352074966532825
2423.0, 29.042288557213936
2424.0, 25.067096081588858
2425.0, 33.427282976324705
2426.0, 40.203389830508485
2427.0, 35.26132404181183
2428.0, 42.119565217391305
2429.0, 44.22253922967189
2430.0, 45.588235294117645
2431.0, 53.31147540983607
2432.0, 56.34095634095634
2433.0, 60.87880935506733
2434.0, 61.235955056179776
2435.0, 61.77285318559557
2436.0, 54.406130268199234
2437.0, 52.6650755767701
2438.0, 71.51639344262294
2439.0, 70.01078748651562
2440.0, 70.6971677559913
2441.0, 67.53381893860566
2442.0, 65.75192096597146
2443.0, 61.31013306038897
2444.0, 72.65342960288814
2445.0, 61.56941649899396
2446.0, 66.22390891840607
2447.0, 52.36947791164659
2448.0, 56.268436578171105
2449.0, 44.5692883895131
2450.0, 41.876832844574764
2451.0, 37.99504950495048
2452.0, 37.76397515527949
2453.0, 30.800464037122964
2454.0, 30.39496279336005
2455.0, 35.50973654066438
2456.0, 35.063437139561714
2457.0, 33.33333333333333
2458.0, 27.833827893175084
2459.0, 27.21996517701686
2460.0, 33.22683706070289
2461.0, 36.533957845433264
2462.0, 28.699820251647694
2463.0, 33.756166314305844
2464.0, 35.772964899178504
2465.0, 37.52759381898455
2466.0, 42.04778156996588
2467.0, 51.61764705882353
2468.0, 60.785536159601
2469.0, 58.88888888888889
2470.0, 48.70912220309811
2471.0, 53.87055837563452
2472.0, 52.7922077922078
2473.0, 59.22459893048129
2474.0, 52.41809672386896
2475.0, 50.22421524663677
2476.0, 54.83870967741936
2477.0, 49.81684981684981
2478.0, 47.55244755244755
2479.0, 48.060941828254855
2480.0, 50.29821073558648
2481.0, 46.76858929812369
2482.0, 30.257186081694385
2483.0, 29.188779378316895
2484.0, 37.300843486410486
2485.0, 36.71586715867157
2486.0, 39.559471365638764
2487.0, 37.46581586144029
2488.0, 42.64214046822742
2489.0, 47.00460829493088
2490.0, 47.91666666666668
2491.0, 60.56475170399222
2492.0, 63.34012219959268
2493.0, 50.17391304347826
2494.0, 38.564102564102555
2495.0, 40.32753326509723
2496.0, 62.934027777777786
2497.0, 66.85303514376997
2498.0, 59.66690803765387
2499.0, 49.63855421686747
2500.0, 42.0873511060692
2501.0, 37.48674443266171
2502.0, 31.696672122204035
2503.0, 31.980252331321992
2504.0, 30.667402095973515
2505.0, 27.08816705336426
2506.0, 30.58684054534676
2507.0, 34.33133732534931
2508.0, 34.172185430463585
2509.0, 31.861804222648743
2510.0, 13.328012769353563
2511.0, 9.5
2512.0, 12.104283054003744
2513.0, 17.88170563961485
2514.0, 23.465703971119126
2515.0, 40.888888888888935
2516.0, 40.528634361233465
2517.0, 37.916666666666686
2518.0, 39.139784946236595
2519.0, 32.12996389891701
2520.0, 24.385633270321378
2521.0, 27.961165048543677
2522.0, 27.745664739884404
2523.0, 38.21138211382113
2524.0, 37.227722772277204
2525.0, 22.91296625222023
2526.0, 20.21466905187833
2527.0, 24.173913043478237
2528.0, 23.883161512027485
2529.0, 31.74114021571647
2530.0, 41.626794258373224
2531.0, 46.603475513428116
2532.0, 42.263610315186234
2533.0, 47.049441786283886
2534.0, 48.28150572831423
2535.0, 45.307443365695796
2536.0, 48.28178694158076
2537.0, 39.17355371900828
2538.0, 43.865546218487395
2539.0, 66.92073170731705
2540.0, 75.3605769230769
2541.0, 63.66525423728813
2542.0, 63.868225292242286
2543.0, 60.18735362997656
2544.0, 56.59679408138101
2545.0, 59.54022988505747
2546.0, 74.16137805983682
2547.0, 73.36322869955158
2548.0, 67.43610882110471
2549.0, 68.10990840965863
2550.0, 64.53396524486573
2551.0, 69.58598726114651
2552.0, 70.90632140137092
2553.0, 63.651732882502124
2554.0, 58.29291949563532
2555.0, 68.36403033586133
2556.0, 69.18859649122808
2557.0, 67.22972972972975
2558.0, 64.96191512513602
2559.0, 58.19861431870669
2560.0, 38.01369863013697
2561.0, 38.078902229845625
2562.0, 35.63402889245586
2563.0, 33.38345864661653
2564.0, 36.03896103896102
2565.0, 40.573152337858225
2566.0, 37.36089030206678
2567.0, 38.14935064935065
2568.0, 31.487341772151908
2569.0, 27.479674796747986
2570.0, 26.86804451510335
2571.0, 31.297709923664115
2572.0, 44.09340659340658
2573.0, 44.707520891364915
2574.0, 42.978723404255334
2575.0, 47.9548660084626
2576.0, 59.54465849387041
2577.0, 67.57246376811594
2578.0, 65.20979020979024
2579.0, 67.5895765472313
2580.0, 67.69480519480523
2581.0, 64.15384615384617
2582.0, 74.50704225352116
2583.0, 77.60000000000004
2584.0, 76.67984189723323
2585.0, 76.55629139072852
2586.0, 66.76300578034684
2587.0, 69.96996996996997
2588.0, 68.63033873343149
2589.0, 67.12962962962962
2590.0, 68.93939393939391
2591.0, 67.71653543307085
2592.0, 67.18749999999997
2593.0, 56.57370517928282
2594.0, 59.70425138632161
2595.0, 77.8273809523809
2596.0, 61.06983655274885
2597.0, 54.65648854961831
2598.0, 52.03488372093023
2599.0, 49.17043740573153
2600.0, 49.17043740573153
2601.0, 41.123882503192846
2602.0, 35.22975929978119
2603.0, 34.611171960569536
2604.0, 28.962818003913895
2605.0, 26.765799256505588
2606.0, 28.68068833652009
2607.0, 28.462998102466813
2608.0, 25.19841269841271
2609.0, 6.345475910693324
2610.0, 6.994818652849773
2611.0, 6.931964056482698
2612.0, 7.190412782956088
2613.0, 12.436548223350243
2614.0, 15.852047556142693
2615.0, 20.34161490683232
2616.0, 23.14487632508836
2617.0, 20.565149136577745
2618.0, 35.8843537414966
2619.0, 46.96969696969697
2620.0, 47.933884297520656
2621.0, 47.15447154471546
2622.0, 39.68
2623.0, 42.90598290598288
2624.0, 42.97945205479451
2625.0, 53.290529695024084
2626.0, 50.68702290076337
2627.0, 51.93452380952383
2628.0, 47.807017543859644
2629.0, 49.28977272727272
2630.0, 44.14758269720101
2631.0, 48.19444444444444
2632.0, 43.65558912386706
2633.0, 35.023771790808226
2634.0, 32.2475570032573
2635.0, 30.697674418604606
2636.0, 37.101910828025446
2637.0, 32.67045454545453
2638.0, 32.76353276353275
2639.0, 23.763955342902705
2640.0, 43.03448275862067
2641.0, 45.514511873350926
2642.0, 54.00485436893204
2643.0, 47.20638540478907
2644.0, 58.77659574468084
2645.0, 62.54681647940074
2646.0, 52.349726775956285
2647.0, 55.46875
2648.0, 50.10080645161289
2649.0, 53.155080213903744
2650.0, 52.026286966046
2651.0, 56.080283353010614
2652.0, 58.31295843520783
2653.0, 64.55026455026456
2654.0, 54.3134872417983
2655.0, 45.37275064267352
2656.0, 39.458689458689456
2657.0, 39.0691114245416
2658.0, 31.760204081632665
2659.0, 32.95739348370928
2660.0, 37.04225352112677
2661.0, 31.859557867360223
2662.0, 37.29569093610701
2663.0, 37.185185185185205
2664.0, 32.73727647867952
2665.0, 43.130227001194754
2666.0, 46.51685393258426
2667.0, 43.5349940688019
2668.0, 43.22732626619553
2669.0, 49.709639953542386
2670.0, 43.72294372294372
2671.0, 49.350649350649356
2672.0, 57.88113695090439
2673.0, 53.19148936170213
2674.0, 62.99212598425198
2675.0, 67.79661016949153
2676.0, 66.20111731843575
2677.0, 69.96245306633291
2678.0, 67.75757575757575
2679.0, 64.58055925432755
2680.0, 66.07142857142858
2681.0, 54.89199491740788
2682.0, 50.23255813953487
2683.0, 49.94152046783626
2684.0, 54.884318766066826
2685.0, 50.92478421701601
2686.0, 56.26373626373625
2687.0, 62.61859582542693
2688.0, 58.74345549738221
2689.0, 56.89655172413792
2690.0, 60.632183908045974
2691.0, 52.440191387559814
2692.0, 54.63609172482551
2693.0, 47.25378787878789
2694.0, 39.48126801152738
2695.0, 44.22680412371134
2696.0, 50.35211267605634
2697.0, 42.33825198637913
2698.0, 44.66666666666667
2699.0, 31.803797468354446
2700.0, 28.166666666666686
2701.0, 22.5516621743037
2702.0, 28.760330578512395
2703.0, 29.64224872231688
2704.0, 24.424778761061944
2705.0, 27.410207939508496
2706.0, 28.34799608993157
2707.0, 30.430220356768103
2708.0, 32.7313769751693
2709.0, 27.811860940695297
2710.0, 26.053639846743295
2711.0, 28.157349896480326
2712.0, 29.255861365953123
2713.0, 51.62393162393161
2714.0, 43.01270417422867
2715.0, 34.108527131782964
2716.0, 26.565874730021605
2717.0, 30.90128755364806
2718.0, 34.66666666666667
2719.0, 30.802603036876363
2720.0, 44.44444444444444
2721.0, 54.876033057851245
2722.0, 62.8133704735376
2723.0, 71.5873015873016
2724.0, 78.16291161178509
2725.0, 78.43478260869567
2726.0, 79.33333333333334
2727.0, 75.5737704918033
2728.0, 80.16806722689076
2729.0, 82.95652173913042
2730.0, 73.87543252595157
2731.0, 54.86486486486487
2732.0, 52.324037184594964
2733.0, 50.255102040816325
2734.0, 41.41843971631205
2735.0, 27.830832196452945
2736.0, 13.428120063191159
2737.0, 13.731825525040378
2738.0, 12.177650429799428
2739.0, 18.169582772543734
2740.0, 16.939890710382514
2741.0, 24.67700258397933
2742.0, 21.44607843137254
2743.0, 21.135265700483103
2744.0, 26.470588235294116
2745.0, 36.432926829268276
2746.0, 44.71086036671368
2747.0, 43.30601092896174
2748.0, 40.27954256670902
2749.0, 47.86450662739323
2750.0, 54.046639231824415
2751.0, 55.7510148849797
2752.0, 60.588235294117645
2753.0, 56.037151702786375
2754.0, 47.57433489827856
2755.0, 43.79194630872483
2756.0, 55.68
2757.0, 50.581395348837205
2758.0, 52.112676056338024
2759.0, 46.39037433155081
2760.0, 38.373751783166895
2761.0, 49.06204906204907
2762.0, 52.46913580246914
2763.0, 55.55555555555556
2764.0, 50.23847376788553
2765.0, 52.93233082706768
2766.0, 59.651669085631355
2767.0, 68.28087167070218
2768.0, 76.18510158013545
2769.0, 75.99544937428897
2770.0, 70.42424242424244
2771.0, 79.39317319848291
2772.0, 60.170394036208734
2773.0, 64.91031390134529
2774.0, 63.347921225382926
2775.0, 63.900862068965516
2776.0, 64.8796498905908
2777.0, 57.72314270443613
2778.0, 58.50159404888417
2779.0, 59.15271966527196
2780.0, 54.40386680988185
2781.0, 48.23170731707318
2782.0, 39.95786516853933
2783.0, 33.817951959544885
2784.0, 36.215864759427824
2785.0, 35.375494071146264
2786.0, 52.86677908937605
2787.0, 55.775316455696206
2788.0, 55.687203791469194
2789.0, 47.597864768683266
2790.0, 52.98634812286691
2791.0, 58.09167446211412
2792.0, 63.157894736842096
2793.0, 54.4041450777202
2794.0, 60.20761245674739
2795.0, 56.666666666666664
2796.0, 63.33333333333332
2797.0, 75.76301615798921
2798.0, 71.85314685314684
2799.0, 71.45390070921985
2800.0, 69.56521739130434
2801.0, 69.79362101313319
2802.0, 75.60975609756096
2803.0, 79.25636007827788
2804.0, 79.6934865900383
2805.0, 83.66141732283464
2806.0, 73.9696312364425
2807.0, 84.15841584158414
2808.0, 75.52986512524086
2809.0, 78.38312829525482
2810.0, 75.7396449704142
2811.0, 60.67226890756302
2812.0, 60.46901172529312
2813.0, 54.24836601307189
2814.0, 60.9483960948396
2815.0, 54.91329479768786
2816.0, 62.85714285714285
2817.0, 63.17733990147782
2818.0, 62.05583756345177
2819.0, 54.85714285714286
2820.0, 61.04461371055496
2821.0, 59.27189988623437
2822.0, 55.961331901181524
2823.0, 49.8931623931624
2824.0, 52.721774193548384
2825.0, 58.50111856823265
2826.0, 61.33032694475761
2827.0, 67.3224043715847
2828.0, 59.08018867924529
2829.0, 61.39705882352941
2830.0, 52.81690140845069
2831.0, 51.72910662824209
2832.0, 50.73529411764707
2833.0, 59.1452991452991
2834.0, 62.06349206349203
2835.0, 61.57556270096459
2836.0, 72.26415094339617
2837.0, 74.65886939571146
2838.0, 61.79540709812105
2839.0, 64.43514644351464
2840.0, 64.43514644351464
2841.0, 48.659793814432966
2842.0, 47.580645161290306
2843.0, 49.317738791423
2844.0, 55.963302752293586
2845.0, 48.6159169550173
2846.0, 44.463087248322154
2847.0, 48.602484472049696
2848.0, 31.06312292358804
2849.0, 22.304283604135904
2850.0, 25.96291012838803
2851.0, 27.043090638930167
2852.0, 35.493372606774685
2853.0, 43.33764553686934
2854.0, 35.72241183162684
2855.0, 39.6273291925466
2856.0, 41.05534105534107
2857.0, 45.018007202881144
2858.0, 41.87817258883248
2859.0, 51.628468033775626
2860.0, 49.825378346915016
2861.0, 44.6933962264151
2862.0, 49.15693904020753
2863.0, 58.18452380952382
2864.0, 51.79856115107915
2865.0, 54.46808510638298
2866.0, 48.57997010463377
2867.0, 39.115044247787594
2868.0, 43.33333333333333
2869.0, 47.358834244080136
2870.0, 51.22873345935728
2871.0, 42.580645161290334
2872.0, 48.05447470817121
2873.0, 29.979879275653914
2874.0, 33.03769401330378
2875.0, 40.80717488789238
2876.0, 42.761692650334076
2877.0, 54.27046263345196
2878.0, 58.65384615384614
2879.0, 57.843137254901954
2880.0, 62.20472440944883
2881.0, 62.35294117647059
2882.0, 72.78911564625847
2883.0, 74.35897435897432
2884.0, 60.502692998204644
2885.0, 58.91608391608392
2886.0, 56.07476635514018
2887.0, 66.81034482758622
2888.0, 71.66666666666667
2889.0, 73.28094302554028
2890.0, 69.94219653179192
2891.0, 61.29032258064517
2892.0, 68.14159292035401
2893.0, 68.14159292035401
2894.0, 56.05468749999997
2895.0, 51.926605504587165
2896.0, 49.295774647887335
2897.0, 50.0
2898.0, 62.54980079681277
2899.0, 59.69581749049429
2900.0, 62.610229276895936
2901.0, 51.03550295857989
2902.0, 52.51076040172167
2903.0, 42.39888423988843
2904.0, 43.18181818181817
2905.0, 45.57823129251699
2906.0, 40.17595307917888
2907.0, 36.87943262411346
2908.0, 40.880503144654085
2909.0, 50.036845983787764
2910.0, 57.18194254445965
2911.0, 49.56140350877194
2912.0, 51.06382978723403
2913.0, 55.135951661631424
2914.0, 53.953488372093034
2915.0, 67.92792792792791
2916.0, 65.09803921568626
2917.0, 73.45132743362828
2918.0, 75.32751091703054
2919.0, 77.35470941883764
2920.0, 71.88081936685283
2921.0, 71.34935304990753
2922.0, 73.80952380952378
2923.0, 62.39151398264223
2924.0, 55.18018018018019
2925.0, 46.13935969868173
2926.0, 38.67187500000002
2927.0, 37.69531250000001
2928.0, 32.84210526315795
2929.0, 31.691648822269883
2930.0, 29.67741935483876
2931.0, 31.756756756756843
2932.0, 40.11857707509883
2933.0, 28.240740740740804
2934.0, 31.524547803617622
2935.0, 42.71099744245526
2936.0, 38.363171355498736
2937.0, 42.4929178470255
2938.0, 41.208791208791226
2939.0, 59.99999999999997
2940.0, 70.73170731707313
2941.0, 73.09236947791163
2942.0, 79.12772585669777
2943.0, 78.2467532467532
2944.0, 86.7713004484305
2945.0, 89.11439114391143
2946.0, 87.5
2947.0, 86.58280922431865
2948.0, 84.28571428571429
2949.0, 78.6324786324787
2950.0, 57.054263565891475
2951.0, 67.76960784313725
2952.0, 66.7068757539204
2953.0, 67.89099526066352
2954.0, 65.82733812949641
2955.0, 66.07142857142858
2956.0, 59.03465346534654
2957.0, 54.98241500586168
2958.0, 51.8796992481203
2959.0, 43.091655266757876
2960.0, 40.46997389033942
2961.0, 50.88495575221238
2962.0, 52.43362831858408
2963.0, 53.61990950226243
2964.0, 68.39826839826841
2965.0, 56.33528265107215
2966.0, 59.34291581108829
2967.0, 57.872340425531895
2968.0, 57.263157894736864
2969.0, 59.40000000000001
2970.0, 67.62886597938147
2971.0, 66.66666666666664
2972.0, 63.55555555555554
2973.0, 70.20316027088035
2974.0, 73.00469483568077
2975.0, 51.768488745980704
2976.0, 50.81967213114756
2977.0, 30.815109343936385
2978.0, 39.79057591623036
2979.0, 36.89320388349514
2980.0, 48.40425531914893
2981.0, 55.55555555555557
2982.0, 61.07594936708858
2983.0, 56.544502617801044
2984.0, 51.46612740141558
2985.0, 50.69721115537849
2986.0, 49.438202247191015
2987.0, 45.31095755182626
2988.0, 45.900000000000006
2989.0, 47.417355371900825
2990.0, 46.16171954964176
2991.0, 54.79951397326854
2992.0, 51.372549019607845
2993.0, 53.32428765264587
2994.0, 51.480959097320174
2995.0, 49.26253687315633
2996.0, 41.39693356047702
2997.0, 46.59498207885302
2998.0, 49.52380952380952
2999.0, 62.7450980392157
3000.0, 58.84691848906562
3001.0, 62.57928118393233
3002.0, 64.91596638655464
3003.0, 63.44969199178647
3004.0, 53.2758620689655
3005.0, 49.91922455573504
3006.0, 39.622641509433976
3007.0, 48.92086330935252
3008.0, 39.630118890356684
3009.0, 26.744186046511658
3010.0, 27.30769230769232
3011.0, 25.160462130937148
3012.0, 25.19280205655531
3013.0, 19.50207468879671
3014.0, 17.62500000000003
3015.0, 17.938931297709956
3016.0, 16.389244558258653
3017.0, 16.389244558258653
3018.0, 16.368286445012814
3019.0, 19.887165021156576
3020.0, 21.92846034214618
3021.0, 4.720279720279706
3022.0, 4.745166959578199
3023.0, 5.304518664047137
3024.0, 3.345724907063186
3025.0, 3.2906764168189966
3026.0, 11.858407079646028
3027.0, 12.937062937062905
3028.0, 17.213114754098342
3029.0, 28.492647058823522
3030.0, 29.704797047970473
3031.0, 31.144465290806735
3032.0, 39.24349881796688
3033.0, 33.04535637149027
3034.0, 33.55263157894737
3035.0, 43.844492440604746
3036.0, 48.672566371681405
3037.0, 54.95049504950494
3038.0, 65.63245823389022
3039.0, 72.26107226107226
3040.0, 69.25064599483204
3041.0, 69.64285714285715
3042.0, 55.13626834381551
3043.0, 47.54901960784314
3044.0, 39.83050847457627
3045.0, 49.19499105545617
3046.0, 47.332185886402755
3047.0, 51.40186915887851
3048.0, 59.543568464730285
3049.0, 51.409978308026034
3050.0, 48.45814977973568
3051.0, 53.937007874015755
3052.0, 46.42857142857143
3053.0, 42.56756756756757
3054.0, 39.39393939393941
3055.0, 39.784946236559136
3056.0, 56.67447306791569
3057.0, 63.073852295409175
3058.0, 74.66960352422909
3059.0, 63.824289405684766
3060.0, 66.93766937669378
3061.0, 65.51724137931035
3062.0, 51.53508771929826
3063.0, 54.778554778554785
3064.0, 48.4536082474227
3065.0, 51.83044315992292
3066.0, 62.884927066450565
3067.0, 58.245083207261736
3068.0, 60.8424336973479
3069.0, 54.01459854014599
3070.0, 48.302469135802475
3071.0, 39.765100671140935
3072.0, 36.08768971332208
3073.0, 36.64383561643833
3074.0, 37.71331058020477
3075.0, 41.077441077441065
3076.0, 47.84313725490195
3077.0, 53.35689045936395
3078.0, 58.41392649903288
3079.0, 48.07256235827664
3080.0, 27.596439169139444
3081.0, 32.30240549828174
3082.0, 27.300613496932527
3083.0, 48.51190476190477
3084.0, 52.03761755485892
3085.0, 54.60526315789472
3086.0, 59.72696245733788
3087.0, 53.68098159509202
3088.0, 54.654654654654664
3089.0, 56.85714285714286
3090.0, 51.156812339331616
3091.0, 49.868073878627975
3092.0, 46.55172413793104
3093.0, 45.32374100719426
3094.0, 50.58004640371228
3095.0, 51.59090909090908
3096.0, 50.66964285714287
3097.0, 35.25345622119815
3098.0, 36.13636363636363
3099.0, 35.022026431718075
3100.0, 31.18503118503118
3101.0, 34.72222222222223
3102.0, 32.5358851674641
3103.0, 23.52941176470587
3104.0, 29.999999999999986
3105.0, 18.435754189944106
3106.0, 18.911174785100258
3107.0, 24.117647058823508
3108.0, 19.62616822429905
3109.0, 24.781341107871725
3110.0, 28.428093645484935
3111.0, 35.41666666666667
3112.0, 40.83969465648857
3113.0, 43.14516129032258
3114.0, 46.521739130434774
3115.0, 48.750000000000036
3116.0, 55.109489051094904
3117.0, 56.766917293233064
3118.0, 54.18326693227088
3119.0, 52.91828793774319
3120.0, 66.66666666666666
3121.0, 72.61146496815286
3122.0, 68.76971608832805
3123.0, 71.55172413793102
3124.0, 73.08781869688384
3125.0, 66.66666666666663
3126.0, 58.05626598465471
3127.0, 62.91866028708132
3128.0, 69.62305986696231
3129.0, 67.70601336302894
3130.0, 60.402684563758385
3131.0, 64.53089244851257
3132.0, 63.265306122449
3133.0, 61.86252771618622
3134.0, 60.90909090909089
3135.0, 57.320099255583116
3136.0, 53.10344827586206
3137.0, 52.44755244755244
3138.0, 48.53932584269662
3139.0, 48.10690423162584
3140.0, 55.80357142857144
3141.0, 54.06032482598607
3142.0, 49.100257069408734
3143.0, 50.39164490861617
3144.0, 53.02197802197802
3145.0, 52.23463687150838
3146.0, 48.952879581151834
3147.0, 54.36046511627908
3148.0, 47.230320699708464
3149.0, 45.15151515151515
3150.0, 51.027397260273986
3151.0, 43.027888446215144
3152.0, 43.027888446215144
3153.0, 47.787610619469035
3154.0, 45.62211981566817
3155.0, 54.44015444015445
3156.0, 63.8036809815951
3157.0, 67.8474114441417
3158.0, 72.07446808510636
3159.0, 72.22222222222223
3160.0, 80.52631578947364
3161.0, 77.27272727272727
3162.0, 75.36945812807882
3163.0, 76.35933806146572
3164.0, 75.82159624413144
3165.0, 77.75377969762418
3166.0, 82.23234624145783
3167.0, 85.21939953810623
3168.0, 85.42141230068336
3169.0, 77.33990147783254
3170.0, 64.67391304347825
3171.0, 61.07784431137723
3172.0, 49.456521739130444
3173.0, 47.802197802197796
3174.0, 39.94334277620396
3175.0, 43.026706231454035
3176.0, 51.38461538461538
3177.0, 53.25443786982246
3178.0, 54.21686746987953
3179.0, 43.197278911564595
3180.0, 42.42424242424244
3181.0, 33.90804597701148
3182.0, 26.605504587156005
3183.0, 19.90846681922197
3184.0, 30.973451327433636
3185.0, 29.537767756482523
3186.0, 41.16972477064221
3187.0, 41.16972477064221
3188.0, 36.336032388663995
3189.0, 33.30170777988613
3190.0, 29.462571976967368
3191.0, 22.139830508474603
3192.0, 32.68518518518519
3193.0, 33.17669172932332
3194.0, 31.687612208258543
3195.0, 34.88142292490119
3196.0, 34.40545808966861
3197.0, 44.125
