0, 40439
1, 24564
2, 5490
3, 17114
4, 12015
5, 12606
6, 14280
7, 17124
8, 17949
9, 21267
10, 23753
11, 18407
12, 12484
13, 13550
14, 3238
15, 4422
16, 8333
17, 4184
18, 3359
19, 2885
20, -77
21, 1818
22, 10821
23, 10821
24, 10821
25, 10699
26, 10199
27, 15239
28, 12157
29, 6292
30, 6766
31, 5108
32, 2382
33, 1231
34, 1368
35, 1368
36, -1004
37, -1004
38, -17001
39, -16706
40, -16584
41, -17768
42, -14571
43, -14571
44, -14806
45, -15041
46, -15041
47, -15041
48, -55505
49, -55505
50, -52076
51, -60166
52, -64905
53, -67749
54, -68223
55, -68223
56, -67749
57, -68699
58, -68343
59, -68578
60, -68578
61, -77759
62, -72901
63, -73615
64, -73966
65, -69227
66, -69818
67, -69818
68, -80721
69, -80486
70, -79597
71, -86470
72, -88365
73, -88600
74, -96007
75, -105130
76, -93033
77, -97182
78, -101449
79, -101449
80, -101449
81, -101449
82, -101449
83, -109979
84, -111045
85, -103758
86, -102335
87, -105179
88, -103450
89, -104275
90, -102971
91, -103685
92, -104159
93, -104873
94, -98950
95, -98950
96, -99848
97, -99848
98, -99848
99, -101982
100, -101747
101, -99375
102, -98425
103, -93392
104, -96236
105, -96236
106, -94341
107, -94219
108, -86973
109, -87798
110, -86140
111, -86140
112, -86018
113, -82465
114, -81991
115, -82996
116, -82874
117, -85595
118, -85473
119, -85708
120, -85943
121, -85118
122, -85592
123, -87487
124, -87252
125, -86427
126, -87850
127, -86670
128, -86670
129, -84298
130, -86078
131, -87973
132, -89753
133, -90467
134, -87858
135, -93305
136, -97038
137, -96213
138, -94836
139, -88321
140, -90216
141, -89960
142, -94109
143, -96626
144, -97576
145, -96985
146, -97935
147, -97935
148, -96040
149, -97106
150, -95666
151, -94716
152, -95072
153, -94247
154, -94125
155, -95191
156, -94600
157, -95676
158, -95676
159, -95676
160, -95676
161, -93067
162, -95317
163, -95317
164, -95317
165, -89015
166, -90199
167, -91503
168, -91503
169, -89488
170, -89488
171, -89366
172, -89366
173, -85087
174, -85561
175, -86152
176, -84729
177, -84494
178, -84494
179, -84172
180, -83521
181, -82696
182, -83585
183, -84176
184, -84176
185, -87258
186, -87136
187, -86422
188, -86778
189, -86543
190, -86778
191, -86156
192, -86156
193, -85921
194, -85799
195, -87457
196, -83072
197, -84852
198, -80258
199, -78243
200, -80493
201, -89288
202, -85970
203, -83983
204, -83983
205, -84836
206, -82844
207, -86012
208, -87196
209, -88854
210, -87431
211, -82573
212, -82808
213, -82808
214, -81983
215, -83998
216, -84823
217, -86957
218, -84823
219, -82683
220, -83987
221, -85053
222, -86003
223, -85768
224, -84345
225, -88966
226, -91452
227, -91330
228, -93345
229, -90998
230, -93132
231, -96274
232, -94851
233, -91890
234, -92012
235, -91777
236, -92491
237, -93557
238, -93557
239, -93557
240, -93557
241, -93557
242, -93557
243, -97468
244, -95334
245, -103273
246, -95477
247, -101400
248, -104597
249, -107323
250, -113797
251, -126620
252, -144276
253, -152036
254, -151801
255, -153340
256, -143026
257, -142552
258, -146050
259, -138105
260, -138105
261, -135855
262, -133721
263, -133902
264, -133902
265, -134376
266, -133461
267, -134286
268, -136168
269, -134990
270, -137476
271, -137354
272, -136763
273, -138067
274, -149093
275, -146843
276, -146252
277, -146608
278, -148444
279, -147494
280, -147494
281, -145574
282, -149723
283, -146997
284, -147471
285, -149605
286, -149840
287, -155052
288, -154338
289, -150262
290, -145641
291, -146625
292, -144523
293, -138929
294, -135552
295, -134602
296, -131164
297, -131164
298, -131042
299, -123459
300, -123815
301, -123815
302, -123164
303, -122339
304, -122339
305, -121035
306, -119496
307, -119140
308, -122703
309, -116896
310, -94702
311, -95768
312, -95177
313, -95177
314, -95055
315, -86927
316, -86805
317, -84838
318, -88451
319, -85589
320, -75733
321, -77539
322, -79911
323, -86902
324, -88690
325, -83758
326, -86720
327, -86485
328, -87310
329, -87310
330, -88135
331, -89085
332, -88695
333, -88514
334, -88870
335, -89105
336, -86619
337, -85794
338, -86385
339, -96932
340, -96576
341, -94326
342, -94204
343, -86825
344, -86703
345, -89785
346, -87299
347, -87890
348, -86940
349, -88244
350, -89069
351, -88947
352, -87643
353, -87643
354, -87643
355, -87408
356, -87173
357, -88123
358, -87532
359, -87532
360, -88123
361, -88245
362, -88123
363, -90849
364, -91322
365, -91557
366, -90843
367, -90843
368, -89420
369, -92376
370, -91785
371, -91785
372, -91785
373, -91785
374, -91785
375, -91785
376, -92868
377, -92868
378, -90853
379, -91088
380, -91088
381, -92038
382, -92512
383, -89668
384, -90618
385, -90496
386, -94052
387, -89418
388, -90603
389, -86219
390, -91167
391, -91402
392, -92706
393, -93063
394, -99914
395, -102286
396, -105685
397, -99242
398, -96280
399, -95033
400, -94677
401, -92778
402, -91797
403, -93830
404, -94286
405, -94286
406, -95448
407, -103720
408, -101884
409, -103542
410, -103542
411, -105081
412, -104959
413, -112120
414, -110340
415, -109866
416, -111576
417, -111195
418, -110604
419, -111195
420, -109598
421, -109242
422, -109598
423, -107389
424, -108040
425, -107090
426, -107090
427, -106527
428, -109013
429, -104011
430, -103889
431, -102939
432, -100095
433, -100095
434, -98911
435, -98437
436, -100687
437, -98078
438, -90819
439, -92953
440, -94848
441, -94592
442, -93053
443, -94153
444, -97706
445, -97706
446, -91191
447, -88819
448, -94980
449, -93676
450, -94501
451, -94501
452, -90948
453, -88339
454, -88339
455, -85992
456, -87058
457, -89487
458, -87707
459, -87707
460, -85399
461, -89073
462, -89308
463, -88969
464, -86198
465, -89575
466, -89219
467, -89939
468, -89225
469, -137867
470, -137867
471, -137276
472, -138013
473, -137188
474, -141478
475, -149417
476, -149539
477, -147289
478, -140157
479, -140157
480, -143239
481, -144778
482, -128232
483, -121779
484, -123261
485, -122077
486, -121577
487, -129398
488, -128656
489, -129012
490, -128890
491, -129792
492, -129318
493, -128252
494, -133437
495, -133911
496, -134765
497, -131683
498, -128486
499, -162459
500, -157957
501, -159720
502, -159485
503, -158450
504, -160608
505, -163841
506, -163841
507, -164076
508, -159337
509, -169682
510, -169119
511, -169741
512, -163277
513, -174792
514, -168154
515, -170399
516, -170399
517, -171803
518, -172038
519, -173222
520, -178641
521, -178406
522, -182030
523, -180813
524, -177375
525, -179388
526, -177373
527, -178056
528, -179006
529, -173677
530, -174743
531, -170004
532, -175574
533, -174983
534, -177117
535, -176167
536, -175576
537, -175811
538, -175933
539, -179392
540, -182998
541, -187027
542, -185012
543, -185012
544, -185012
545, -185012
546, -188209
547, -193681
548, -190955
549, -192403
550, -192403
551, -192403
552, -191644
553, -190245
554, -190922
555, -190800
556, -191156
557, -191156
558, -188804
559, -191874
560, -197209
561, -198678
562, -196642
563, -195338
564, -195460
565, -195816
566, -195694
567, -195694
568, -199956
569, -201851
570, -213673
571, -203246
572, -199998
573, -199385
574, -190739
575, -196662
576, -196662
577, -197487
578, -198910
579, -197606
580, -199740
581, -199740
582, -197398
583, -197163
584, -196338
585, -211625
586, -208973
587, -210631
588, -207183
589, -207305
590, -207957
591, -200814
592, -195841
593, -195367
594, -197262
595, -195367
596, -195602
597, -189801
598, -189801
599, -188378
600, -186664
601, -172801
602, -176684
603, -176184
604, -176775
605, -182461
606, -183411
607, -182937
608, -180718
609, -181192
610, -181061
611, -186868
612, -183019
613, -182545
614, -181122
615, -181947
616, -183131
617, -182775
618, -181268
619, -181624
620, -180532
621, -180888
622, -189642
623, -189168
624, -187290
625, -187927
626, -187805
627, -187927
628, -182357
629, -179275
630, -181034
631, -181508
632, -181508
633, -180324
634, -177867
635, -182244
636, -182122
637, -177548
638, -174852
639, -174496
640, -173466
641, -174710
642, -176725
643, -176866
644, -175086
645, -176036
646, -185946
647, -184252
648, -185436
649, -179101
650, -180069
651, -180783
652, -180548
653, -176868
654, -174142
655, -174377
656, -171958
657, -171958
658, -180134
659, -173973
660, -173851
661, -170889
662, -166863
663, -164153
664, -162849
665, -164629
666, -169050
667, -173514
668, -171380
669, -173064
670, -170415
671, -162996
672, -165822
673, -165822
674, -160425
675, -161218
676, -162984
677, -168125
678, -173966
679, -173613
680, -172199
681, -173793
682, -173793
683, -178393
684, -178514
685, -174861
686, -178365
687, -179904
688, -189914
689, -186941
690, -188922
691, -186800
692, -189626
693, -185051
694, -193002
695, -192292
696, -196058
697, -200886
698, -196940
699, -196227
700, -194933
701, -194933
702, -197398
703, -190166
704, -186612
705, -186612
706, -187326
707, -180509
708, -181329
709, -183149
710, -182915
711, -182445
712, -181533
713, -187099
714, -196608
715, -205247
716, -200101
717, -198613
718, -198847
719, -197434
720, -203326
721, -211450
722, -211450
723, -210510
724, -209806
725, -208070
726, -206512
727, -208275
728, -208803
729, -209154
730, -207983
731, -209855
732, -209855
733, -209978
734, -205174
735, -199018
736, -197847
737, -194319
738, -194319
739, -194903
740, -194436
741, -194436
742, -195957
743, -195838
744, -197536
745, -194582
746, -196459
747, -196691
748, -195315
749, -195315
750, -194964
751, -194024
752, -194024
753, -198854
754, -207300
755, -207767
756, -205544
757, -206011
758, -205892
759, -205892
760, -205660
761, -205660
762, -205541
763, -206946
764, -207561
765, -207443
766, -206744
767, -200103
768, -202544
769, -203708
770, -202430
771, -202661
772, -206382
773, -206731
774, -205763
775, -207328
776, -203653
777, -206440
778, -207012
779, -205440
780, -198351
781, -192130
782, -184573
783, -195549
784, -196713
785, -195549
786, -196130
787, -194595
788, -194364
789, -194015
790, -193316
791, -193198
792, -193897
793, -228489
794, -228140
795, -230001
796, -229883
797, -229166
798, -228935
799, -229516
800, -229516
801, -232227
802, -237064
803, -238080
804, -237643
805, -231798
806, -234821
807, -238311
808, -239242
809, -238078
810, -238196
811, -235755
812, -225096
813, -228009
814, -235578
815, -234067
816, -236959
817, -236841
818, -235439
819, -232998
820, -238609
821, -231446
822, -231204
823, -235699
824, -235020
825, -235020
826, -231388
827, -229237
828, -232113
829, -219610
830, -210354
831, -206504
832, -212105
833, -203843
834, -194605
835, -172859
836, -194873
837, -200602
838, -206216
839, -212076
840, -212076
841, -212076
842, -211510
843, -211623
844, -211330
845, -207791
846, -208631
847, -208179
848, -212480
849, -212140
850, -212718
851, -213935
852, -213935
853, -217069
854, -215964
855, -216530
856, -213605
857, -208752
858, -209431
859, -200387
860, -202764
861, -203781
862, -200499
863, -200725
864, -200838
865, -200361
866, -196966
867, -200816
868, -200590
869, -200816
870, -200476
871, -202720
872, -202266
873, -202379
874, -202379
875, -205165
876, -206661
877, -209094
878, -205852
879, -205966
880, -206505
881, -203688
882, -203944
883, -205864
884, -205864
885, -202289
886, -202176
887, -202176
888, -198667
889, -199061
890, -192922
891, -189116
892, -189680
893, -188637
894, -185841
895, -186609
896, -185942
897, -185484
898, -185597
899, -184862
900, -184749
901, -185088
902, -183540
903, -178833
904, -178384
905, -183565
906, -175881
907, -183666
908, -186235
909, -184659
910, -184659
911, -181938
912, -175309
913, -175873
914, -176936
915, -174401
916, -175414
917, -175075
918, -172708
919, -170912
920, -169602
921, -171766
922, -169588
923, -170716
924, -166342
925, -169188
926, -157143
927, -150802
928, -150802
929, -142074
930, -142556
931, -145172
932, -150781
933, -151708
934, -151708
935, -148602
936, -150451
937, -146525
938, -146412
939, -146525
940, -137222
941, -132750
942, -122229
943, -124291
944, -119841
945, -118866
946, -120142
947, -120142
948, -123687
949, -132566
950, -133371
951, -133824
952, -134379
953, -134379
954, -133042
955, -136450
956, -138524
957, -140542
958, -134787
959, -134674
960, -139132
961, -137114
962, -136353
963, -134524
964, -145273
965, -142692
966, -144011
967, -145273
968, -148639
969, -146090
970, -149717
971, -145011
972, -145911
973, -146920
974, -144371
975, -145235
976, -144117
977, -145948
978, -151894
979, -149472
980, -150834
981, -154144
982, -153359
983, -154395
984, -155212
985, -160528
986, -157164
987, -156598
988, -156598
989, -160137
990, -158374
991, -153950
992, -156877
993, -154922
994, -157907
995, -169070
996, -164915
997, -162150
998, -161973
999, -154574
1000, -156354
1001, -161574
1002, -160793
1003, -157527
1004, -167943
1005, -166824
1006, -167828
1007, -167605
1008, -167605
1009, -167605
1010, -167605
1011, -167605
1012, -167605
1013, -168664
1014, -169000
1015, -168105
1016, -165585
1017, -181436
1018, -193221
1019, -195567
1020, -197354
1021, -207563
1022, -188955
1023, -191972
1024, -176935
1025, -189000
1026, -226526
1027, -198495
1028, -198382
1029, -195477
1030, -196863
1031, -197558
1032, -199234
1033, -193170
1034, -192725
1035, -198087
1036, -178879
1037, -182899
1038, -182899
1039, -182340
1040, -171290
1041, -171626
1042, -172407
1043, -169537
1044, -170760
1045, -166149
1046, -166862
1047, -163422
1048, -165588
1049, -164699
1050, -158120
1051, -153848
1052, -158321
1053, -156053
1054, -156053
1055, -149477
1056, -142607
1057, -143230
1058, -146480
1059, -74495
1060, -88304
1061, -80971
1062, -78799
1063, -68262
1064, -58027
1065, -56396
1066, -58458
1067, -56234
1068, -63290
1069, -62511
1070, -67513
1071, -66891
1072, -65756
1073, -68957
1074, -62454
1075, -56674
1076, -56843
1077, -54365
1078, -54478
1079, -57600
1080, -57014
1081, -59294
1082, -52401
1083, -57296
1084, -57750
1085, -60251
1086, -58740
1087, -61869
1088, -106641
1089, -104763
1090, -103874
1091, -104156
1092, -96916
1093, -95553
1094, -98330
1095, -102556
1096, -102415
1097, -103008
1098, -98596
1099, -94923
1100, -91902
1101, -102666
1102, -102225
1103, -101780
1104, -87575
1105, -89944
1106, -89944
1107, -90154
1108, -88952
1109, -89342
1110, -89693
1111, -86105
1112, -90127
1113, -89345
1114, -89345
1115, -89485
1116, -103430
1117, -102854
1118, -100927
1119, -99527
1120, -97616
1121, -93282
1122, -98926
1123, -92976
1124, -91596
1125, -93826
1126, -94933
1127, -95616
1128, -95295
1129, -95528
1130, -102170
1131, -102471
1132, -100752
1133, -95845
1134, -95404
1135, -97949
1136, -97064
1137, -97064
1138, -93611
1139, -101847
1140, -97182
1141, -89553
1142, -93980
1143, -101952
1144, -94755
1145, -94755
1146, -94755
1147, -94755
1148, -94923
1149, -97855
1150, -101226
1151, -101226
1152, -103268
1153, -101283
1154, -101169
1155, -102833
1156, -99058
1157, -100299
1158, -99748
1159, -99748
1160, -99748
1161, -100113
1162, -103887
1163, -103887
1164, -93619
1165, -109042
1166, -101425
1167, -101227
1168, -101340
1169, -102509
1170, -109823
1171, -108432
1172, -108432
1173, -108878
1174, -104801
1175, -106108
1176, -106108
1177, -107154
1178, -119387
1179, -119387
1180, -112991
1181, -112219
1182, -112219
1183, -112219
1184, -115193
1185, -115193
1186, -116624
1187, -116624
1188, -114752
1189, -116396
1190, -116124
1191, -115795
1192, -116762
1193, -107276
1194, -108708
1195, -108489
1196, -107110
1197, -104189
1198, -104335
1199, -103563
1200, -104461
1201, -107776
1202, -102935
1203, -103186
1204, -102634
1205, -102904
1206, -88827
1207, -82077
1208, -75024
1209, -69505
1210, -69505
1211, -69640
1212, -65018
1213, -73686
1214, -88968
1215, -78774
1216, -85614
1217, -80820
1218, -86081
1219, -84032
1220, -80845
1221, -73942
1222, -16700
1223, -10287
1224, -12043
1225, -14663
1226, -9768
1227, -13720
1228, -4116
1229, -7484
1230, -9844
1231, -5131
1232, -7473
1233, -12308
1234, -13630
1235, -18202
1236, -20661
1237, -20956
1238, -20012
1239, -16153
1240, -16595
1241, -17582
1242, -16294
1243, -15197
1244, -13662
1245, -14364
1246, -14364
1247, -20942
1248, -20286
1249, -23555
1250, -27995
1251, -24853
1252, -22703
1253, -19141
1254, -28125
1255, -50897
1256, -41639
1257, -38241
1258, -38600
1259, -40135
1260, -32304
1261, -31701
1262, -32159
1263, -31062
1264, -34837
1265, -98809
1266, -82644
1267, -86353
1268, -102635
1269, -128066
1270, -111407
1271, -112934
1272, -125562
1273, -116506
1274, -140594
1275, -125978
1276, -110636
1277, -121432
1278, -103259
1279, -101839
1280, -86532
1281, -85385
1282, -90626
1283, -62079
1284, -63061
1285, -57939
1286, -54235
1287, -55970
1288, -55970
1289, -52044
1290, -64187
1291, -64187
1292, -70338
1293, -101037
1294, -114342
1295, -117194
1296, -118435
1297, -111725
1298, -85938
1299, -89788
1300, -74100
1301, -29044
1302, -49766
1303, -66546
1304, -63926
1305, -76508
1306, -81790
1307, -71718
1308, -70699
1309, -71463
1310, -74166
1311, -109196
1312, -88167
1313, -84447
1314, -91490
1315, -86931
1316, -80959
1317, -78221
1318, -78109
1319, -76400
1320, -73243
1321, -73385
1322, -67387
1323, -65534
1324, -54846
1325, -53365
1326, -65297
1327, -64864
1328, -60524
1329, -62043
1330, -61827
1331, -46531
1332, -52824
1333, -48702
1334, -55644
1335, -57597
1336, -59658
1337, -57379
1338, -57051
1339, -88294
1340, -40345
1341, -1292
1342, -8669
1343, 52
1344, -8193
1345, -8521
1346, -21513
1347, -16630
1348, -19066
1349, 4583
1350, 12394
1351, 39949
1352, 19824
1353, 39899
1354, 31329
1355, 31329
1356, 28370
1357, 84989
1358, 71428
1359, 26626
1360, 65790
1361, 128873
1362, 125727
1363, 121387
1364, 117157
1365, 84938
1366, 45669
1367, 75888
1368, 195616
1369, 229029
1370, 227726
1371, 230112
1372, 230112
1373, 228311
1374, 228311
1375, 226355
1376, 226355
1377, 221148
1378, 207607
1379, 213030
1380, 211513
1381, 213779
1382, 215046
1383, 218608
1384, 225515
1385, 224653
1386, 217098
1387, 220105
1388, 220105
1389, 220105
1390, 220105
1391, 221723
1392, 223989
1393, 222477
1394, 218700
1395, 227010
1396, 227992
1397, 227451
1398, 221515
1399, 220869
1400, 227129
1401, 235940
1402, 233781
1403, 218564
1404, 218564
1405, 218564
1406, 214463
1407, 217916
1408, 227412
1409, 227197
1410, 230879
1411, 232176
1412, 236168
1413, 237355
1414, 229045
1415, 226563
1416, 228181
1417, 224619
1418, 229368
1419, 230230
1420, 237461
1421, 236260
1422, 233130
1423, 236045
1424, 236776
1425, 235479
1426, 235479
1427, 235479
1428, 239149
1429, 241849
1430, 240122
1431, 240122
1432, 239796
1433, 247027
1434, 245409
1435, 245194
1436, 246056
1437, 235589
1438, 235374
1439, 225445
1440, 225555
1441, 223289
1442, 225016
1443, 226411
1444, 206983
1445, 217181
1446, 224074
1447, 230407
1448, 226114
1449, 245865
1450, 239209
1451, 220968
1452, 181361
1453, 188874
1454, 185761
1455, 183397
1456, 188068
1457, 193758
1458, 192592
1459, 192592
1460, 206439
1461, 205366
1462, 205580
1463, 202527
1464, 207786
1465, 206408
1466, 206517
1467, 206731
1468, 206731
1469, 205658
1470, 211348
1471, 214139
1472, 212529
1473, 211092
1474, 211092
1475, 210449
1476, 206263
1477, 195100
1478, 201541
1479, 201541
1480, 201541
1481, 202703
1482, 202703
1483, 202703
1484, 201199
1485, 198549
1486, 197476
1487, 200695
1488, 194899
1489, 197368
1490, 193826
1491, 193288
1492, 185131
1493, 186311
1494, 191034
1495, 182661
1496, 182661
1497, 182661
1498, 179870
1499, 185237
1500, 186526
1501, 190230
1502, 189885
1503, 198150
1504, 198150
1505, 198150
1506, 197722
1507, 198150
1508, 198041
1509, 195955
1510, 196169
1511, 194345
1512, 189837
1513, 191341
1514, 189088
1515, 182789
1516, 183750
1517, 185919
1518, 176411
1519, 176531
1520, 175887
1521, 165470
1522, 162758
1523, 161821
1524, 156354
1525, 151593
1526, 150685
1527, 154893
1528, 149832
1529, 151114
1530, 164836
1531, 159799
1532, 160973
1533, 158109
1534, 158109
1535, 159338
1536, 157545
1537, 154373
1538, 150148
1539, 151783
1540, 173813
1541, 155310
1542, 155577
1543, 155469
1544, 166582
1545, 175281
1546, 171296
1547, 171187
1548, 168790
1549, 168790
1550, 169670
1551, 169837
1552, 169198
1553, 171190
1554, 170558
1555, 178649
1556, 188665
1557, 181432
1558, 175295
1559, 176753
1560, 172835
1561, 165311
1562, 171104
1563, 181069
1564, 202256
1565, 201772
1566, 225488
1567, 217777
1568, 215866
1569, 227003
1570, 236833
1571, 253170
1572, 236033
1573, 237837
1574, 236766
1575, 246966
1576, 256030
1577, 269828
1578, 277947
1579, 310542
1580, 334016
1581, 350898
1582, 324040
1583, 316608
1584, 242853
1585, 154179
1586, 160361
1587, 150063
1588, 164986
1589, 155600
1590, 210282
1591, 203613
1592, 204869
1593, 172044
1594, 175701
1595, 175701
1596, 181818
1597, 207882
1598, 273319
1599, 277605
1600, 278040
1601, 275691
1602, 275584
1603, 273780
1604, 271497
1605, 266328
1606, 298360
1607, 300963
1608, 306407
1609, 302858
1610, 304207
1611, 307978
1612, 309350
1613, 314572
1614, 316628
1615, 324805
1616, 323528
1617, 328615
1618, 327817
1619, 326678
1620, 327324
1621, 314239
1622, 282959
1623, 286511
1624, 278228
1625, 276837
1626, 278645
1627, 265240
1628, 263900
1629, 264368
1630, 267868
1631, 275593
1632, 274643
1633, 266966
1634, 269625
1635, 266109
1636, 264527
1637, 263967
1638, 275304
1639, 284739
1640, 279226
1641, 279779
1642, 279298
1643, 271772
1644, 279785
1645, 297394
1646, 283466
1647, 287591
1648, 291458
1649, 291352
1650, 288746
1651, 288746
1652, 288746
1653, 288088
1654, 289249
1655, 280770
1656, 284377
1657, 277090
1658, 282103
1659, 284901
1660, 270890
1661, 260650
1662, 263541
1663, 263425
1664, 271655
1665, 269723
1666, 274041
1667, 271568
1668, 273802
1669, 308530
1670, 296031
1671, 289961
1672, 286547
1673, 281097
1674, 289235
1675, 320214
1676, 310630
1677, 305222
1678, 310289
1679, 311926
1680, 314104
1681, 310605
1682, 312789
1683, 308167
1684, 300194
1685, 302244
1686, 310607
1687, 304624
1688, 302234
1689, 304702
1690, 303924
1691, 304358
1692, 307660
1693, 290783
1694, 295421
1695, 291128
1696, 294766
1697, 294337
1698, 296201
1699, 316152
1700, 313919
1701, 311272
1702, 311830
1703, 325405
1704, 325788
1705, 329569
1706, 337763
1707, 337763
1708, 340331
1709, 338966
1710, 337391
1711, 337532
1712, 335467
1713, 336153
1714, 342453
1715, 316627
1716, 315576
1717, 316498
1718, 316498
1719, 320237
1720, 323975
1721, 321847
1722, 324678
1723, 308126
1724, 233932
1725, 219695
1726, 229852
1727, 229537
1728, 237450
1729, 235585
1730, 231414
1731, 227077
1732, 236992
1733, 236698
1734, 236325
1735, 240224
1736, 234119
1737, 268369
1738, 278844
1739, 276399
1740, 290622
1741, 300274
1742, 305268
1743, 305268
1744, 314104
1745, 320942
1746, 334025
1747, 327448
1748, 327448
1749, 336365
1750, 336365
1751, 295147
1752, 295147
1753, 302383
1754, 300490
1755, 300595
1756, 298210
1757, 304083
1758, 278943
1759, 317924
1760, 299146
1761, 310770
1762, 293964
1763, 314729
1764, 354568
1765, 337439
1766, 343070
1767, 331559
1768, 314189
1769, 324584
1770, 330523
1771, 326277
1772, 301497
1773, 324493
1774, 324493
1775, 332547
1776, 327385
1777, 330546
1778, 330546
1779, 324277
1780, 326299
1781, 321206
1782, 329316
1783, 337253
1784, 326200
1785, 341068
1786, 341068
1787, 348667
1788, 349733
1789, 354901
1790, 346999
1791, 341533
1792, 330127
1793, 321865
1794, 329923
1795, 323872
1796, 323872
1797, 343957
1798, 356555
1799, 354429
1800, 361901
1801, 384577
1802, 380034
1803, 392025
1804, 402467
1805, 402467
1806, 392295
1807, 403307
1808, 397886
1809, 397886
1810, 392785
1811, 404000
1812, 404000
1813, 404000
1814, 393500
1815, 407863
1816, 407863
1817, 405874
1818, 422589
1819, 423559
1820, 443081
1821, 437698
1822, 442570
1823, 442570
1824, 210833
1825, 213167
1826, 209348
1827, 219187
1828, 210092
1829, 213603
1830, 222857
1831, 239061
1832, 244171
1833, 242776
1834, 240234
1835, 240650
1836, 239442
1837, 239895
1838, 239095
1839, 241739
1840, 241739
1841, 250495
1842, 245576
1843, 247630
1844, 246366
1845, 240011
1846, 240011
1847, 241586
1848, 241423
1849, 249051
1850, 244517
1851, 272797
1852, 272038
1853, 274210
1854, 274210
1855, 275216
1856, 266005
1857, 266005
1858, 267085
1859, 268070
1860, 276423
1861, 275398
1862, 277701
1863, 276710
1864, 276921
1865, 279974
1866, 284463
1867, 284463
1868, 278023
1869, 279165
1870, 275077
1871, 275077
1872, 276638
1873, 281947
1874, 278638
1875, 286267
1876, 300221
1877, 272533
1878, 272533
1879, 272533
1880, 284191
1881, 284191
1882, 280320
1883, 284730
1884, 280521
1885, 286180
1886, 283757
1887, 284757
1888, 285950
1889, 288916
1890, 285650
1891, 285650
1892, 283144
1893, 286434
1894, 281116
1895, 281116
1896, 281116
1897, 281116
1898, 290659
1899, 290659
1900, 290474
1901, 289262
1902, 293490
1903, 292049
1904, 293018
1905, 292506
1906, 292506
1907, 292506
1908, 307724
1909, 314536
1910, 302514
1911, 300278
1912, 302024
1913, 323103
1914, 319674
1915, 318346
1916, 314099
1917, 306845
1918, 306845
1919, 311521
1920, 314169
1921, 310196
1922, 312838
1923, 312838
1924, 312838
1925, 316644
1926, 311322
1927, 311448
1928, 314568
1929, 313494
1930, 311925
1931, 311724
1932, 312159
1933, 311720
1934, 313854
1935, 315124
1936, 315713
1937, 315821
1938, 314790
1939, 318643
1940, 320103
1941, 322092
1942, 321451
1943, 321451
1944, 321451
1945, 320828
1946, 318708
1947, 315791
1948, 319170
1949, 321715
1950, 319211
1951, 321758
1952, 318933
1953, 318933
