15.0, 66.13924050632912
16.0, 67.63754045307442
17.0, 64.66431095406358
18.0, 62.67123287671238
19.0, 57.25490196078435
20.0, 48.192771084337345
21.0, 42.857142857142854
22.0, 45.95744680851061
23.0, 52.422907488986766
24.0, 54.86725663716812
25.0, 47.28682170542634
26.0, 44.93927125506073
27.0, 54.22222222222225
28.0, 52.53456221198164
29.0, 48.24120603015075
30.0, 44.23963133640553
31.0, 37.2950819672131
32.0, 52.24913494809687
33.0, 46.86468646864685
34.0, 39.33518005540168
35.0, 26.792452830188694
36.0, 33.97212543554008
37.0, 40.78125000000001
38.0, 37.53665689149561
39.0, 25.937183383991908
40.0, 22.85714285714289
41.0, 24.127906976744185
42.0, 23.032629558541274
43.0, 20.84130019120461
44.0, 20.76190476190476
45.0, 20.72243346007606
46.0, 18.074656188605104
47.0, 20.177165354330697
48.0, 25.204081632653057
49.0, 30.759651307596513
50.0, 25.359477124182987
51.0, 18.311874105865513
52.0, 19.306184012066353
53.0, 33.246753246753215
54.0, 51.42180094786729
55.0, 48.232323232323225
56.0, 60.0
57.0, 62.41610738255034
58.0, 69.43820224719101
59.0, 73.57142857142857
60.0, 68.85644768856447
61.0, 71.04072398190047
62.0, 67.16049382716051
63.0, 63.55140186915888
64.0, 68.59688195991089
65.0, 68.38565022421523
66.0, 66.16052060737526
67.0, 80.04201680672269
68.0, 73.73737373737373
69.0, 70.38834951456309
70.0, 63.1419939577039
71.0, 63.914373088685004
72.0, 61.56351791530944
73.0, 65.28662420382165
74.0, 67.43421052631578
75.0, 61.32812499999996
76.0, 65.05576208178437
77.0, 76.11940298507463
78.0, 60.43165467625898
79.0, 57.76173285198554
80.0, 64.03162055335964
81.0, 56.24999999999994
82.0, 50.86956521739128
83.0, 60.4166666666667
84.0, 51.68539325842699
85.0, 49.28571428571427
86.0, 47.4074074074074
87.0, 44.09448818897637
88.0, 42.585551330798474
89.0, 42.145593869731854
90.0, 52.81249999999999
91.0, 54.38066465256795
92.0, 59.60264900662248
93.0, 65.77380952380949
94.0, 66.47230320699705
95.0, 69.73684210526314
96.0, 77.29729729729725
97.0, 77.54010695187159
98.0, 85.50724637681152
99.0, 74.68354430379742
100.0, 77.47747747747744
101.0, 77.30337078651678
102.0, 74.29805615550751
103.0, 76.93798449612397
104.0, 65.57377049180329
105.0, 65.85365853658533
106.0, 69.49494949494948
107.0, 69.18367346938776
108.0, 70.62256809338521
109.0, 60.824742268041234
110.0, 61.69354838709676
111.0, 58.42217484008527
112.0, 54.23387096774191
113.0, 54.12474849094567
114.0, 49.66887417218542
115.0, 45.54655870445347
116.0, 47.46835443037976
117.0, 46.56652360515021
118.0, 44.74226804123709
119.0, 46.400000000000006
120.0, 41.08527131782947
121.0, 36.92946058091284
122.0, 30.720338983050837
123.0, 33.48729792147806
124.0, 33.17865429234338
125.0, 32.72311212814647
126.0, 38.641686182669794
127.0, 49.47916666666668
128.0, 43.023255813953504
129.0, 53.44036697247704
130.0, 51.89309576837415
131.0, 47.1882640586797
132.0, 63.54679802955668
133.0, 59.34065934065936
134.0, 66.16314199395774
135.0, 66.36636636636639
136.0, 60.21798365122617
137.0, 64.98800959232616
138.0, 64.0394088669951
139.0, 64.0394088669951
140.0, 55.477855477855464
141.0, 45.70815450643778
142.0, 50.95693779904304
143.0, 36.91275167785237
144.0, 44.92440604751622
145.0, 38.14041745730551
146.0, 29.184549356223158
147.0, 30.232558139534873
148.0, 31.677018633540385
149.0, 29.101562500000014
150.0, 29.919678714859444
151.0, 31.027667984189762
152.0, 28.27868852459018
153.0, 28.630705394190883
154.0, 29.741379310344854
155.0, 31.011235955056193
156.0, 28.930817610062917
157.0, 39.77011494252874
158.0, 33.16326530612247
159.0, 41.23076923076924
160.0, 40.729483282674785
161.0, 43.96551724137934
162.0, 41.05571847507333
163.0, 43.34365325077399
164.0, 46.35761589403975
165.0, 40.221402214022106
166.0, 35.38961038961037
167.0, 35.161290322580626
168.0, 45.45454545454547
169.0, 47.07792207792208
170.0, 45.17133956386292
171.0, 32.06997084548104
172.0, 39.005235602094245
173.0, 35.452322738386314
174.0, 39.479905437352244
175.0, 42.081447963800905
176.0, 40.52287581699346
177.0, 42.9203539823009
178.0, 47.20357941834452
179.0, 55.55555555555556
180.0, 63.19702602230483
181.0, 67.95302013422821
182.0, 63.84083044982696
183.0, 68.2226211849192
184.0, 65.29209621993127
185.0, 73.2965009208103
186.0, 74.29078014184394
187.0, 74.68805704099822
188.0, 76.68308702791461
189.0, 74.46043165467626
190.0, 69.23076923076923
191.0, 70.46548956661316
192.0, 64.72392638036808
193.0, 56.13718411552347
194.0, 62.90076335877863
195.0, 59.36454849498327
196.0, 57.91190864600329
197.0, 56.57894736842104
198.0, 66.0746003552398
199.0, 61.56521739130435
200.0, 58.84543761638737
201.0, 61.71874999999999
202.0, 55.15695067264575
203.0, 53.986332574031906
204.0, 62.04188481675389
205.0, 52.57731958762885
206.0, 51.90839694656491
207.0, 55.77889447236181
208.0, 44.47949526813878
209.0, 34.27835051546394
210.0, 44.080604534005005
211.0, 46.40198511166254
212.0, 41.84210526315788
213.0, 43.92265193370168
214.0, 45.283018867924504
215.0, 41.48148148148146
216.0, 50.21367521367521
217.0, 51.16279069767442
218.0, 60.10733452593918
219.0, 65.54307116104872
220.0, 74.76280834914613
221.0, 73.72549019607843
222.0, 70.48458149779735
223.0, 70.02188183807438
224.0, 64.20323325635104
225.0, 56.2367864693446
226.0, 64.37389770723105
227.0, 63.69982547993018
228.0, 64.26116838487971
229.0, 62.4373956594324
230.0, 59.45945945945946
231.0, 55.403087478559165
232.0, 56.73876871880201
233.0, 56.52173913043479
234.0, 50.60240963855422
235.0, 55.65891472868218
236.0, 49.85754985754986
237.0, 49.365303244005645
238.0, 50.07153075822604
239.0, 56.89404934687954
240.0, 49.74619289340101
241.0, 51.478260869565204
242.0, 25.677031093279837
243.0, 30.182926829268283
244.0, 26.8627450980392
245.0, 31.104651162790688
246.0, 21.816283924843404
247.0, 22.783505154639144
248.0, 23.044838373305495
249.0, 17.142857142857125
250.0, 19.05882352941174
251.0, 20.30075187969922
252.0, 20.428751576292527
253.0, 15.789473684210506
254.0, 14.619164619164579
255.0, 28.053830227743262
256.0, 43.42948717948717
257.0, 38.59060402684561
258.0, 43.462246777163884
259.0, 35.72778827977315
260.0, 42.803030303030305
261.0, 41.811175337186896
262.0, 44.14062499999998
263.0, 45.89178356713427
264.0, 46.85039370078742
265.0, 45.94594594594595
266.0, 45.24714828897339
267.0, 50.44404973357017
268.0, 53.68620037807184
269.0, 32.09876543209877
270.0, 52.59938837920489
271.0, 57.22891566265061
272.0, 58.35777126099707
273.0, 60.67073170731709
274.0, 49.693251533742306
275.0, 54.18994413407822
276.0, 55.06849315068494
277.0, 53.36927223719677
278.0, 52.86103542234331
279.0, 59.69230769230768
280.0, 58.96656534954408
281.0, 52.464788732394375
282.0, 48.37662337662336
283.0, 53.02491103202847
284.0, 44.583333333333336
285.0, 45.267489711934154
286.0, 38.46153846153845
287.0, 40.77253218884117
288.0, 60.38461538461541
289.0, 50.91743119266054
290.0, 45.02369668246443
291.0, 44.392523364485974
292.0, 41.95121951219512
293.0, 49.107142857142875
294.0, 50.2283105022831
295.0, 45.41666666666665
296.0, 48.87892376681617
297.0, 46.38297872340426
298.0, 56.896551724137936
299.0, 57.77027027027028
300.0, 63.69863013698631
301.0, 72.14484679665739
302.0, 66.44295302013424
303.0, 63.6655948553055
304.0, 51.968503937007874
305.0, 45.727482678983826
306.0, 37.6923076923077
307.0, 34.808853118712264
308.0, 36.43724696356276
309.0, 36.14457831325303
310.0, 43.13725490196077
311.0, 47.01348747591522
312.0, 61.26760563380281
313.0, 60.2601156069364
314.0, 58.51528384279476
315.0, 51.892744479495285
316.0, 55.278592375366564
317.0, 51.2228260869565
318.0, 60.057061340941516
319.0, 71.12299465240643
320.0, 75.78347578347581
321.0, 66.96090794451453
322.0, 67.20901126408012
323.0, 69.11196911196913
324.0, 67.65498652291107
325.0, 65.6593406593407
326.0, 42.153284671532845
327.0, 43.1899641577061
328.0, 45.56737588652482
329.0, 51.35593220338984
330.0, 43.050847457627114
331.0, 48.84615384615385
332.0, 46.69338677354711
333.0, 35.436893203883486
334.0, 37.532133676092535
335.0, 50.32894736842104
336.0, 58.85558583106267
337.0, 54.68354430379744
338.0, 55.911330049261096
339.0, 64.04255319148936
340.0, 76.8707482993197
341.0, 67.79661016949152
342.0, 64.1350210970464
343.0, 61.96868008948545
344.0, 66.26794258373204
345.0, 66.50717703349281
346.0, 61.89320388349509
347.0, 50.88105726872245
348.0, 49.25373134328358
349.0, 46.666666666666664
350.0, 34.90566037735853
351.0, 43.51851851851854
352.0, 42.18009478672987
353.0, 25.18159806295401
354.0, 15.207373271889438
355.0, 33.33333333333334
356.0, 32.9192546583851
357.0, 29.166666666666657
358.0, 28.571428571428584
359.0, 36.70886075949365
360.0, 36.642599277978334
361.0, 34.465195246179974
362.0, 43.83999999999998
363.0, 41.07946026986505
364.0, 39.71014492753622
365.0, 35.67073170731706
366.0, 33.578792341678934
367.0, 36.24801271860094
368.0, 39.86013986013985
369.0, 27.10843373493975
370.0, 32.33532934131735
371.0, 35.528942115768444
372.0, 38.315789473684184
373.0, 25.32188841201716
374.0, 27.312775330396434
375.0, 31.63265306122446
376.0, 15.451895043731739
377.0, 16.932907348242765
378.0, 17.491749174917445
379.0, 16.82539682539678
380.0, 29.819277108433724
381.0, 37.89173789173788
382.0, 40.331491712707155
383.0, 48.5639686684073
384.0, 43.324250681198905
385.0, 42.69972451790631
386.0, 39.119170984455955
387.0, 44.80712166172105
388.0, 42.899408284023686
389.0, 48.17275747508304
390.0, 57.728706624605685
391.0, 60.59602649006624
392.0, 66.06498194945851
393.0, 73.33333333333334
394.0, 64.9402390438247
395.0, 61.572052401746724
396.0, 57.65765765765771
397.0, 48.08743169398907
398.0, 55.319148936170194
399.0, 59.61538461538463
400.0, 71.2121212121212
401.0, 74.6268656716418
402.0, 79.5348837209302
403.0, 67.58893280632411
404.0, 57.57575757575757
405.0, 65.27196652719665
406.0, 71.04247104247105
407.0, 71.91011235955057
408.0, 76.2264150943396
409.0, 71.69811320754718
410.0, 73.66412213740455
411.0, 69.42446043165468
412.0, 72.40259740259742
413.0, 63.24503311258279
414.0, 64.87341772151899
415.0, 54.59610027855153
416.0, 55.21978021978021
417.0, 62.727272727272734
418.0, 64.08668730650156
419.0, 60.52631578947371
420.0, 58.762886597938156
421.0, 57.894736842105296
422.0, 57.44680851063834
423.0, 55.47945205479453
424.0, 57.51633986928106
425.0, 54.65838509316771
426.0, 38.922155688622745
427.0, 44.37499999999998
428.0, 45.061728395061756
429.0, 60.99071207430342
430.0, 51.35135135135135
431.0, 57.70234986945169
432.0, 52.369668246445485
433.0, 56.79824561403507
434.0, 59.381443298969074
435.0, 61.37254901960784
436.0, 61.0671936758893
437.0, 64.13934426229508
438.0, 58.49802371541501
439.0, 62.97071129707112
440.0, 68.40909090909088
441.0, 67.05336426914151
442.0, 65.36585365853657
443.0, 52.54237288135592
444.0, 58.224543080939945
445.0, 50.301204819277096
446.0, 56.22895622895623
447.0, 47.9553903345725
448.0, 52.702702702702695
449.0, 41.19999999999999
450.0, 43.023255813953554
451.0, 37.94326241134752
452.0, 46.153846153846175
453.0, 48.339483394833955
454.0, 52.56916996047432
455.0, 49.07749077490773
456.0, 57.66871165644171
457.0, 72.81553398058252
458.0, 72.36842105263155
459.0, 58.355437665782475
460.0, 65.38461538461536
461.0, 64.60807600950113
462.0, 51.93798449612401
463.0, 58.75576036866358
464.0, 61.17136659436005
465.0, 61.43790849673198
466.0, 60.31390134529143
467.0, 77.90262172284639
468.0, 69.49720670391058
469.0, 65.4736842105263
470.0, 63.1874298540965
471.0, 62.428407789232516
472.0, 63.916391639163905
473.0, 71.65532879818592
474.0, 68.075117370892
475.0, 67.52037252619326
476.0, 65.83427922814985
477.0, 62.843488649940255
478.0, 60.32138442521633
479.0, 59.2233009708738
480.0, 59.85663082437278
481.0, 33.20079522862824
482.0, 39.38679245283019
483.0, 51.34408602150535
484.0, 46.529562982005146
485.0, 47.738693467336695
486.0, 44.086021505376316
487.0, 38.461538461538495
488.0, 40.62499999999998
489.0, 43.81270903010033
490.0, 63.17567567567562
491.0, 69.15887850467288
492.0, 74.71590909090902
493.0, 85.45454545454537
494.0, 82.51533742331281
495.0, 84.12256267409464
496.0, 82.96703296703288
497.0, 82.0289855072463
498.0, 89.97134670487095
499.0, 92.06349206349196
500.0, 87.97327394209344
501.0, 84.18708240534514
502.0, 85.01118568232661
503.0, 85.01118568232658
504.0, 69.67741935483872
505.0, 60.4602510460251
506.0, 56.84931506849316
507.0, 53.613053613053594
508.0, 48.83227176220804
509.0, 44.724770642201825
510.0, 52.90322580645164
511.0, 57.88461538461538
512.0, 55.48780487804876
513.0, 48.591549295774634
514.0, 38.836772983114464
515.0, 43.92014519056259
516.0, 48.92561983471072
517.0, 48.51973684210526
518.0, 62.063492063492056
519.0, 63.57723577235774
520.0, 59.001512859304064
521.0, 61.16071428571429
522.0, 67.69230769230771
523.0, 67.3913043478261
524.0, 58.74233128834355
525.0, 49.69230769230769
526.0, 50.303951367781146
527.0, 50.303951367781146
528.0, 57.66550522648084
529.0, 58.461538461538495
530.0, 43.932411674347165
531.0, 44.46153846153847
532.0, 33.80035026269701
533.0, 38.93805309734514
534.0, 41.1985018726592
535.0, 38.416988416988424
536.0, 42.52252252252255
537.0, 45.37671232876713
538.0, 50.47619047619049
539.0, 45.37671232876713
540.0, 47.532894736842096
541.0, 43.53982300884955
542.0, 52.81090289608175
543.0, 46.80851063829785
544.0, 59.593679458239286
545.0, 68.65148861646234
546.0, 60.9642301710731
547.0, 47.46423927178152
548.0, 49.014454664914574
549.0, 54.888103651354534
550.0, 50.125313283208015
551.0, 46.50537634408602
552.0, 43.964421855146114
553.0, 54.49438202247192
554.0, 56.15696887686063
555.0, 50.12406947890821
556.0, 49.11392405063291
557.0, 46.02609727164887
558.0, 45.808736717827614
559.0, 37.03703703703701
560.0, 39.41605839416057
561.0, 52.45009074410164
562.0, 58.67507886435334
563.0, 50.452079566003626
564.0, 50.0
565.0, 44.9346405228758
566.0, 57.93991416309014
567.0, 53.937592867756294
568.0, 43.87755102040816
569.0, 49.67213114754096
570.0, 49.33993399339935
571.0, 56.66041275797373
572.0, 57.43879472693031
573.0, 59.714795008912645
574.0, 59.292035398230084
575.0, 62.233169129720835
576.0, 51.79856115107913
577.0, 51.52057245080503
578.0, 56.27177700348432
579.0, 60.600375234521614
580.0, 54.34782608695655
581.0, 56.053811659192824
582.0, 66.84491978609631
583.0, 61.23456790123459
584.0, 60.552763819095496
585.0, 53.36322869955155
586.0, 51.64835164835167
587.0, 44.3418013856813
588.0, 55.34883720930234
589.0, 46.7914438502674
590.0, 51.319648093841636
591.0, 64.21800947867297
592.0, 51.528384279475986
593.0, 55.913978494623606
594.0, 45.31249999999998
595.0, 49.056603773584904
596.0, 48.749999999999986
597.0, 48.64864864864865
598.0, 46.767241379310335
599.0, 49.43052391799548
600.0, 46.36752136752137
601.0, 45.78059071729959
602.0, 36.77419354838708
603.0, 36.77419354838708
604.0, 36.61670235546036
605.0, 18.42751842751838
606.0, 17.81472684085506
607.0, 18.969555035128792
608.0, 19.2399049881235
609.0, 11.848341232227497
610.0, 11.600928074245928
611.0, 11.655011655011663
612.0, 8.454106280193258
613.0, 6.769825918762109
614.0, 5.663430420712004
615.0, 6.239460370994962
616.0, 5.882352941176492
617.0, 5.580693815987942
618.0, 4.9399198931909325
619.0, 12.321660181582374
620.0, 25.846925972396505
621.0, 21.863354037267086
622.0, 22.391857506361333
623.0, 23.746701846965706
624.0, 24.161073825503365
625.0, 25.069637883008355
626.0, 41.39433551198257
627.0, 47.44069912609238
628.0, 56.63189269746648
629.0, 55.18248175182483
630.0, 59.34065934065936
631.0, 61.56351791530947
632.0, 73.37057728119183
633.0, 69.27835051546391
634.0, 61.29870129870127
635.0, 71.96969696969697
636.0, 69.34306569343066
637.0, 69.41747572815535
638.0, 68.09523809523807
639.0, 65.59633027522932
640.0, 46.42857142857145
641.0, 47.445255474452615
642.0, 57.41935483870962
643.0, 64.52599388379201
644.0, 65.93749999999996
645.0, 71.11111111111104
646.0, 69.56521739130429
647.0, 73.84615384615383
648.0, 60.74270557029179
649.0, 54.8780487804878
650.0, 48.78048780487806
651.0, 48.219178082191796
652.0, 50.82417582417585
653.0, 48.81266490765172
654.0, 56.8888888888889
655.0, 59.7430406852248
656.0, 48.83720930232559
657.0, 48.94514767932488
658.0, 54.83870967741936
659.0, 48.592870544090076
660.0, 47.962962962962976
661.0, 45.3307392996109
662.0, 48.1404958677686
663.0, 48.041237113402055
664.0, 49.574468085106396
665.0, 49.78813559322031
666.0, 47.78012684989428
667.0, 49.344978165938876
668.0, 26.237623762376174
669.0, 37.787056367432164
670.0, 41.51376146788992
671.0, 35.42168674698797
672.0, 26.884422110552734
673.0, 39.90024937655855
674.0, 37.82505910165481
675.0, 36.93045563549158
676.0, 45.368171021377655
677.0, 36.1742424242424
678.0, 38.821138211382085
679.0, 34.24408014571948
680.0, 33.451957295373646
681.0, 28.57142857142857
682.0, 36.47798742138365
683.0, 22.59696458684654
684.0, 26.315789473684205
685.0, 38.81856540084387
686.0, 36.5079365079365
687.0, 29.932885906040283
688.0, 29.852744310575645
689.0, 29.57559681697613
690.0, 24.80000000000001
691.0, 28.837209302325604
692.0, 31.83229813664596
693.0, 32.13166144200629
694.0, 33.65695792880258
695.0, 45.74074074074075
696.0, 41.63346613545815
697.0, 49.789029535864984
698.0, 40.618955512572526
699.0, 20.750551876379674
700.0, 26.70025188916877
701.0, 44.911504424778755
702.0, 45.211581291759465
703.0, 45.413870246085004
704.0, 44.91150442477877
705.0, 55.43478260869565
706.0, 57.659208261617906
707.0, 57.461406518010286
708.0, 58.735440931780374
709.0, 53.49233390119251
710.0, 52.027027027027025
711.0, 54.92063492063491
712.0, 64.57990115321253
713.0, 74.04458598726114
714.0, 65.27377521613832
715.0, 59.96677740863788
716.0, 64.08094435075886
717.0, 64.18918918918918
718.0, 63.22795341098169
719.0, 54.10156249999999
720.0, 46.63951120162933
721.0, 52.52293577981652
722.0, 42.19066937119674
723.0, 49.21875
724.0, 59.24713584288053
725.0, 50.51020408163265
726.0, 50.84459459459459
727.0, 43.263757115749534
728.0, 49.7816593886463
729.0, 43.217054263565885
730.0, 42.20907297830374
731.0, 40.53030303030303
732.0, 51.27737226277372
733.0, 53.49264705882353
734.0, 57.19696969696969
735.0, 58.17843866171002
736.0, 66.31355932203391
737.0, 65.359477124183
738.0, 53.22128851540617
739.0, 36.75048355899419
740.0, 39.55637707948243
741.0, 35.785953177257525
742.0, 32.27752639517345
743.0, 32.22891566265061
744.0, 31.05022831050229
745.0, 33.54037267080747
746.0, 28.067226890756302
747.0, 31.189710610932465
748.0, 28.06748466257669
749.0, 26.947040498442377
750.0, 31.68908819133034
751.0, 28.01857585139318
752.0, 28.816199376947026
753.0, 40.74889867841409
754.0, 29.21052631578945
755.0, 45.600000000000016
756.0, 58.990536277602516
757.0, 60.91205211726386
758.0, 62.61980830670927
759.0, 54.92537313432836
760.0, 47.838616714697395
761.0, 39.69230769230768
762.0, 41.88311688311688
763.0, 44.23676012461056
764.0, 32.59493670886073
765.0, 36.33540372670805
766.0, 38.62275449101796
767.0, 48.23848238482386
768.0, 43.309002433090036
769.0, 30.569948186528478
770.0, 27.762803234501362
771.0, 32.0872274143302
772.0, 30.031948881789134
773.0, 43.07692307692309
774.0, 49.34640522875819
775.0, 49.671052631578924
776.0, 47.33542319749216
777.0, 40.41297935103247
778.0, 52.27272727272727
779.0, 57.25190839694657
780.0, 47.28506787330316
781.0, 36.117381489841975
782.0, 40.346534653465326
783.0, 45.78947368421052
784.0, 45.05208333333332
785.0, 42.29828850855747
786.0, 43.2367149758454
787.0, 30.715935334872952
788.0, 28.372093023255815
789.0, 28.372093023255815
790.0, 32.749999999999986
791.0, 35.309973045822076
792.0, 29.618768328445768
793.0, 18.644067796610187
794.0, 21.153846153846175
795.0, 22.448979591836746
796.0, 40.06309148264986
797.0, 39.29712460063898
798.0, 42.00626959247649
799.0, 47.65100671140939
800.0, 51.552795031055915
801.0, 68.72852233676973
802.0, 65.57377049180324
803.0, 71.51702786377707
804.0, 70.70063694267515
805.0, 68.3076923076923
806.0, 63.4674922600619
807.0, 63.124999999999986
808.0, 71.33550488599349
809.0, 63.6627906976744
810.0, 56.59722222222219
811.0, 53.242320819112614
812.0, 50.87719298245616
813.0, 47.07903780068729
814.0, 36.76975945017181
815.0, 25.0
816.0, 30.388692579505317
817.0, 20.599250936329597
818.0, 27.645051194539263
819.0, 30.98591549295776
820.0, 35.58718861209964
821.0, 38.01369863013697
822.0, 32.413793103448256
823.0, 60.509554140127385
824.0, 63.848396501457735
825.0, 73.45971563981041
826.0, 66.23931623931622
827.0, 66.38115631691647
828.0, 69.19642857142857
829.0, 71.26436781609193
830.0, 70.04716981132074
831.0, 73.45971563981041
832.0, 75.91397849462365
833.0, 70.90163934426228
834.0, 70.29288702928869
835.0, 69.3304535637149
836.0, 67.43697478991595
837.0, 57.544757033248075
838.0, 46.3350785340314
839.0, 37.689969604863236
840.0, 41.61073825503357
841.0, 49.68750000000001
842.0, 42.4
843.0, 46.26038781163437
844.0, 43.947368421052644
845.0, 45.10309278350515
846.0, 31.736526946107773
847.0, 37.73584905660379
848.0, 34.6041055718475
849.0, 32.31197771587743
850.0, 37.681159420289845
851.0, 37.9008746355685
852.0, 41.40127388535033
853.0, 42.67912772585668
854.0, 47.13375796178344
855.0, 50.741839762611285
856.0, 60.000000000000014
857.0, 65.2439024390244
858.0, 64.26426426426426
859.0, 59.75232198142417
860.0, 64.06250000000001
861.0, 57.18562874251499
862.0, 63.00940438871475
863.0, 69.27899686520377
864.0, 63.888888888888914
865.0, 60.0
866.0, 56.868131868131876
867.0, 55.649717514124305
868.0, 51.81058495821726
869.0, 37.31778425655974
870.0, 47.38219895287959
871.0, 50.8557457212714
872.0, 58.233890214797135
873.0, 61.77156177156178
874.0, 58.56481481481482
875.0, 61.707317073170714
876.0, 61.13861386138613
877.0, 56.18811881188118
878.0, 61.08374384236453
879.0, 66.49214659685865
880.0, 72.19101123595503
881.0, 63.61031518624642
882.0, 68.64406779661016
883.0, 77.95527156549518
884.0, 73.96226415094337
885.0, 63.684210526315766
886.0, 63.10160427807485
887.0, 48.499999999999986
888.0, 41.45299145299145
889.0, 38.64541832669322
890.0, 41.22137404580151
891.0, 37.241379310344826
892.0, 35.915492957746466
893.0, 34.767025089605696
894.0, 31.333333333333314
895.0, 29.283489096573206
896.0, 23.47266881028939
897.0, 19.88950276243095
898.0, 27.1356783919598
899.0, 39.203354297693934
900.0, 34.07079646017701
901.0, 37.882352941176485
902.0, 36.6742596810934
903.0, 40.972222222222236
904.0, 36.90205011389522
905.0, 33.40206185567011
906.0, 29.696969696969703
907.0, 26.30630630630631
908.0, 16.609783845278727
909.0, 24.252491694352173
910.0, 24.888392857142847
911.0, 27.622377622377627
912.0, 24.36053593179051
913.0, 14.768460575719644
914.0, 18.22600243013366
915.0, 21.47024504084014
916.0, 22.9426433915212
917.0, 18.461538461538453
918.0, 25.773195876288668
919.0, 27.292576419213972
920.0, 31.296891747052527
921.0, 31.77366702937975
922.0, 47.4025974025974
923.0, 36.378737541528245
924.0, 32.282282282282296
925.0, 28.270042194092824
926.0, 29.65517241379311
927.0, 32.53373313343327
928.0, 29.04238618524333
929.0, 24.414715719063523
930.0, 24.7457627118644
931.0, 30.672268907563023
932.0, 15.686274509803908
933.0, 16.753926701570663
934.0, 10.674157303370762
935.0, 11.445783132530096
936.0, 11.912225705329135
937.0, 10.354223433242481
938.0, 21.385542168674675
939.0, 23.278688524590137
940.0, 19.863013698630112
941.0, 28.875379939209708
942.0, 26.31578947368419
943.0, 24.538258575197872
944.0, 27.95969773299747
945.0, 33.493975903614455
946.0, 37.17026378896881
947.0, 50.10060362173038
948.0, 49.8989898989899
949.0, 43.48591549295774
950.0, 48.30053667262969
951.0, 60.52060737527114
952.0, 58.256880733944946
953.0, 64.45497630331752
954.0, 66.96035242290748
955.0, 61.200923787528865
956.0, 66.74937965260546
957.0, 69.50904392764858
958.0, 71.14914425427872
959.0, 70.35175879396985
960.0, 71.77033492822966
961.0, 66.7605633802817
962.0, 57.326478149100254
963.0, 78.125
964.0, 76.97368421052632
965.0, 69.23076923076923
966.0, 67.39130434782606
967.0, 66.12903225806451
968.0, 61.81818181818181
969.0, 61.81818181818181
970.0, 61.81818181818181
971.0, 66.22073578595317
972.0, 52.31788079470197
973.0, 60.43956043956043
974.0, 54.117647058823515
975.0, 50.94339622641509
976.0, 55.290102389078484
977.0, 48.38709677419355
978.0, 44.91228070175438
979.0, 49.999999999999986
980.0, 49.999999999999986
981.0, 56.462585034013586
982.0, 40.196078431372555
983.0, 49.777777777777786
984.0, 43.737574552683895
985.0, 42.479674796747965
986.0, 46.136865342163354
987.0, 35.789473684210535
988.0, 39.2670157068063
989.0, 34.55882352941177
990.0, 35.969387755102034
991.0, 35.69620253164557
992.0, 40.34653465346534
993.0, 37.906976744186046
994.0, 37.47126436781609
995.0, 39.55555555555555
996.0, 46.35416666666667
997.0, 37.951807228915655
998.0, 46.59498207885304
999.0, 53.58255451713395
1000.0, 57.97101449275361
1001.0, 49.616368286445
1002.0, 45.68527918781726
1003.0, 49.046321525885546
1004.0, 47.74535809018567
1005.0, 51.73333333333333
1006.0, 56.49038461538461
1007.0, 52.80898876404493
1008.0, 58.67768595041322
1009.0, 47.2689075630252
1010.0, 51.605504587155956
1011.0, 52.04545454545453
1012.0, 53.31858407079645
1013.0, 44.93827160493827
1014.0, 45.47677261613692
1015.0, 47.814910025706936
1016.0, 50.6631299734748
1017.0, 50.131233595800516
1018.0, 56.3131313131313
1019.0, 54.285714285714285
1020.0, 46.82779456193353
1021.0, 58.76288659793814
1022.0, 59.45945945945946
1023.0, 73.86363636363635
1024.0, 73.58490566037736
1025.0, 73.48484848484847
1026.0, 65.92592592592592
1027.0, 71.11913357400722
1028.0, 67.34693877551021
1029.0, 63.46153846153845
1030.0, 59.47955390334571
1031.0, 63.533834586466156
1032.0, 65.23297491039426
1033.0, 70.34700315457413
1034.0, 75.77319587628867
1035.0, 66.34844868735084
1036.0, 58.48563968668406
1037.0, 63.61556064073227
1038.0, 69.67213114754097
1039.0, 70.92337917485264
1040.0, 66.97588126159553
1041.0, 69.62457337883959
1042.0, 70.03367003367002
1043.0, 71.60068846815834
1044.0, 67.09677419354838
1045.0, 69.82248520710058
1046.0, 68.66359447004606
1047.0, 64.85623003194887
1048.0, 58.738738738738725
1049.0, 64.04715127701374
1050.0, 66.93386773547094
1051.0, 64.43965517241378
1052.0, 44.1340782122905
1053.0, 48.54202401372211
1054.0, 60.57233704292528
1055.0, 52.32558139534884
1056.0, 53.63489499192245
1057.0, 52.531645569620245
1058.0, 63.29866270430906
1059.0, 54.204204204204196
1060.0, 47.75910364145658
1061.0, 46.14343707713126
1062.0, 46.584699453551906
1063.0, 46.93877551020408
1064.0, 49.93581514762516
1065.0, 45.703125
1066.0, 53.02114803625377
1067.0, 47.10884353741497
1068.0, 40.874524714828894
1069.0, 47.692307692307686
1070.0, 44.07114624505928
1071.0, 51.440329218107
1072.0, 32.635983263598334
1073.0, 49.61832061068702
1074.0, 60.24340770791074
1075.0, 63.057324840764316
1076.0, 59.87903225806452
1077.0, 56.13026819923371
1078.0, 48.39357429718875
1079.0, 51.374207188160675
1080.0, 45.5056179775281
1081.0, 48.035714285714285
1082.0, 42.518248175182485
1083.0, 38.46153846153846
1084.0, 36.563071297989026
1085.0, 33.20537428023033
1086.0, 37.93859649122807
1087.0, 18.157894736842096
1088.0, 8.226221079691513
1089.0, 20.657276995305153
1090.0, 20.417633410672835
1091.0, 30.752212389380517
1092.0, 29.386892177589843
1093.0, 29.53586497890295
1094.0, 34.3980343980344
1095.0, 35.50724637681158
1096.0, 33.949191685912254
1097.0, 32.522123893805315
1098.0, 34.916864608076
1099.0, 33.2579185520362
1100.0, 35.68075117370891
1101.0, 37.81094527363183
1102.0, 44.26229508196722
1103.0, 32.3170731707317
1104.0, 47.513812154696126
1105.0, 41.53846153846155
1106.0, 45.45454545454547
1107.0, 49.056603773584904
1108.0, 48.75
1109.0, 44.78114478114479
1110.0, 56.47482014388489
1111.0, 63.940520446096656
1112.0, 66.54275092936803
1113.0, 63.250883392226136
1114.0, 58.19397993311036
1115.0, 65.02890173410404
1116.0, 56.72823218997361
1117.0, 62.94416243654823
1118.0, 57.43440233236153
1119.0, 48.8
1120.0, 53.783783783783775
1121.0, 58.29268292682928
1122.0, 67.04288939051919
1123.0, 65.661252900232
1124.0, 66.13272311212813
1125.0, 65.33957845433255
1126.0, 59.78021978021978
1127.0, 62.5287356321839
1128.0, 65.947242206235
1129.0, 64.23173803526447
1130.0, 73.94736842105262
1131.0, 73.67021276595743
1132.0, 71.78082191780821
1133.0, 83.08605341246289
1134.0, 79.75830815709969
1135.0, 76.07142857142856
1136.0, 61.752988047808756
1137.0, 54.385964912280706
1138.0, 53.405017921146964
1139.0, 48.648648648648646
1140.0, 62.85714285714287
1141.0, 66.0
1142.0, 63.311688311688314
1143.0, 62.207357859531776
1144.0, 60.2112676056338
1145.0, 52.39852398523985
1146.0, 52.788104089219324
1147.0, 47.692307692307686
1148.0, 49.01185770750987
1149.0, 51.136363636363626
1150.0, 54.8780487804878
1151.0, 69.00826446280992
1152.0, 64.12556053811659
1153.0, 71.42857142857143
1154.0, 57.59493670886073
1155.0, 57.594936708860764
1156.0, 65.21739130434781
1157.0, 62.16216216216216
1158.0, 37.85046728971962
1159.0, 36.00000000000001
1160.0, 35.84070796460179
1161.0, 42.61603375527427
1162.0, 51.282051282051285
1163.0, 52.50000000000001
1164.0, 52.499999999999986
1165.0, 51.282051282051285
1166.0, 49.46996466431095
1167.0, 46.46464646464646
1168.0, 56.3953488372093
1169.0, 52.86103542234333
1170.0, 43.68932038834953
1171.0, 41.4043583535109
1172.0, 47.50000000000001
1173.0, 48.71794871794872
1174.0, 52.41935483870967
1175.0, 40.7925407925408
1176.0, 32.380952380952394
1177.0, 24.764150943396217
1178.0, 23.972602739726014
1179.0, 23.27188940092165
1180.0, 22.4944320712695
1181.0, 23.678160919540232
1182.0, 13.089005235602073
1183.0, 40.42553191489361
1184.0, 54.22794117647059
1185.0, 53.15315315315314
1186.0, 58.523725834797894
1187.0, 58.1151832460733
1188.0, 58.33333333333333
1189.0, 66.79920477137176
1190.0, 74.24812030075188
1191.0, 79.8019801980198
1192.0, 85.68773234200744
1193.0, 80.43875685557586
1194.0, 81.78438661710038
1195.0, 82.74647887323944
1196.0, 83.55704697986577
1197.0, 75.33333333333336
1198.0, 65.03856041131107
1199.0, 60.381861575179
1200.0, 60.381861575179
1201.0, 67.42081447963801
1202.0, 66.35514018691589
1203.0, 64.54545454545455
1204.0, 61.09725685785535
1205.0, 61.194029850746276
1206.0, 54.492753623188385
1207.0, 63.81766381766382
1208.0, 68.35820895522386
1209.0, 62.539682539682545
1210.0, 61.81229773462783
1211.0, 63.24503311258275
1212.0, 73.12499999999996
1213.0, 77.48344370860924
1214.0, 69.50354609929076
1215.0, 67.66917293233084
1216.0, 66.40624999999999
1217.0, 71.07438016528923
1218.0, 67.85714285714286
1219.0, 61.90476190476188
1220.0, 56.07843137254903
1221.0, 48.85844748858445
1222.0, 44.5414847161572
1223.0, 58.781362007168454
1224.0, 55.59845559845558
1225.0, 46.905537459283394
1226.0, 46.557377049180346
1227.0, 54.70383275261326
1228.0, 53.76712328767124
1229.0, 42.10526315789473
1230.0, 41.91419141914191
1231.0, 41.3907284768212
1232.0, 39.062500000000014
1233.0, 52.266666666666666
1234.0, 51.85185185185187
1235.0, 54.72636815920399
1236.0, 51.2820512820513
1237.0, 42.70270270270268
1238.0, 37.68472906403941
1239.0, 46.93333333333333
1240.0, 36.88524590163934
1241.0, 31.57894736842104
1242.0, 37.13527851458884
1243.0, 43.51585014409223
1244.0, 52.65700483091788
1245.0, 48.12362030905077
1246.0, 48.12362030905077
1247.0, 44.047619047619044
1248.0, 47.858942065491185
1249.0, 43.00518134715025
1250.0, 54.24164524421594
1251.0, 53.14861460957179
1252.0, 62.82051282051282
1253.0, 61.94225721784777
1254.0, 67.23646723646723
1255.0, 71.2990936555891
1256.0, 69.74522292993629
1257.0, 69.05537459283386
1258.0, 70.85889570552146
1259.0, 83.63095238095237
1260.0, 80.28571428571426
1261.0, 78.57142857142856
1262.0, 78.36990595611282
1263.0, 76.68711656441718
1264.0, 72.69503546099291
1265.0, 77.70270270270274
1266.0, 74.80916030534355
1267.0, 76.51245551601427
1268.0, 77.14285714285717
1269.0, 80.21582733812951
1270.0, 80.07246376811597
1271.0, 79.19708029197083
1272.0, 73.85321100917436
1273.0, 64.91228070175438
1274.0, 83.85093167701865
1275.0, 55.803571428571416
1276.0, 58.57740585774059
1277.0, 67.88617886178861
1278.0, 57.98611111111108
1279.0, 54.339622641509436
1280.0, 52.363636363636374
1281.0, 45.1219512195122
1282.0, 51.61290322580645
1283.0, 44.77124183006537
1284.0, 43.5897435897436
1285.0, 53.099730458221025
1286.0, 47.96511627906976
1287.0, 46.87500000000002
1288.0, 41.34897360703814
1289.0, 54.480286738351246
1290.0, 48.913043478260896
1291.0, 41.221374045801525
1292.0, 55.24193548387099
1293.0, 55.06072874493927
1294.0, 51.90839694656488
1295.0, 52.71317829457365
1296.0, 50.20408163265306
1297.0, 59.8173515981735
1298.0, 65.96638655462183
1299.0, 53.333333333333314
1300.0, 54.54545454545455
1301.0, 48.97959183673467
1302.0, 47.99999999999999
1303.0, 50.47619047619051
1304.0, 39.84962406015036
1305.0, 24.090909090909108
1306.0, 17.99065420560747
1307.0, 16.964285714285708
1308.0, 16.414686825053977
1309.0, 13.333333333333329
1310.0, 19.412724306688418
1311.0, 17.731629392971243
1312.0, 15.435139573070629
1313.0, 15.185783521809398
1314.0, 14.733542319749233
1315.0, 14.920634920634939
1316.0, 14.551083591331277
1317.0, 14.94607087827427
1318.0, 16.2751677852349
1319.0, 25.536992840095465
1320.0, 31.0747663551402
1321.0, 30.50458715596332
1322.0, 32.51833740831296
1323.0, 48.94259818731118
1324.0, 32.775919732441494
1325.0, 34.75177304964541
1326.0, 36.33217993079585
1327.0, 46.5625
1328.0, 43.31395348837209
1329.0, 38.50129198966408
1330.0, 42.41573033707865
1331.0, 43.835616438356155
1332.0, 51.670951156812336
1333.0, 53.694581280788185
1334.0, 53.465346534653456
1335.0, 62.588235294117645
1336.0, 62.441314553990615
1337.0, 54.48275862068966
1338.0, 60.0
1339.0, 55.45657015590201
1340.0, 52.954545454545446
1341.0, 50.35971223021583
1342.0, 55.40897097625329
1343.0, 68.11145510835912
1344.0, 64.30678466076697
1345.0, 55.55555555555556
1346.0, 45.71428571428573
1347.0, 44.11764705882352
1348.0, 47.22222222222223
1349.0, 34.91525423728814
1350.0, 41.830065359477125
1351.0, 51.04895104895105
1352.0, 49.09090909090908
1353.0, 51.33079847908744
1354.0, 59.66666666666667
1355.0, 52.666666666666664
1356.0, 52.14521452145217
1357.0, 44.31137724550898
1358.0, 51.020408163265294
1359.0, 53.51681957186546
1360.0, 56.634304207119726
1361.0, 56.351791530944624
1362.0, 56.20915032679738
1363.0, 62.82894736842105
1364.0, 60.2112676056338
1365.0, 55.43478260869565
1366.0, 54.67625899280577
1367.0, 62.546816479400746
1368.0, 55.15695067264573
1369.0, 58.29383886255924
1370.0, 51.037344398340245
1371.0, 50.0
1372.0, 40.33613445378151
1373.0, 48.015873015873005
1374.0, 42.160278745644604
1375.0, 28.688524590163937
1376.0, 18.604651162790688
1377.0, 13.1964809384164
1378.0, 10.582010582010582
1379.0, 12.7659574468085
1380.0, 17.929292929292927
1381.0, 13.827160493827165
1382.0, 13.69193154034231
1383.0, 13.301662707838489
1384.0, 14.21319796954316
1385.0, 15.46961325966852
1386.0, 15.90909090909092
1387.0, 12.426035502958584
1388.0, 13.725490196078425
1389.0, 19.09090909090908
1390.0, 32.911392405063296
1391.0, 34.66666666666667
1392.0, 51.16279069767444
1393.0, 48.57142857142858
1394.0, 40.93264248704662
1395.0, 51.8716577540107
1396.0, 55.897435897435905
1397.0, 69.04761904761904
1398.0, 74.27184466019418
1399.0, 79.89690721649484
1400.0, 84.1269841269841
1401.0, 85.7142857142857
1402.0, 90.71729957805906
1403.0, 86.69354838709674
1404.0, 84.72222222222219
1405.0, 78.54077253218883
1406.0, 79.42386831275718
1407.0, 73.94636015325669
1408.0, 76.06177606177606
1409.0, 75.78124999999999
1410.0, 75.68627450980391
1411.0, 73.5042735042735
1412.0, 70.38626609442059
1413.0, 73.76425855513307
1414.0, 75.87412587412587
1415.0, 71.70542635658914
1416.0, 68.6695278969957
1417.0, 70.79646017699113
1418.0, 70.92511013215858
1419.0, 78.46889952153107
1420.0, 74.71910112359548
1421.0, 85.62874251497001
1422.0, 80.81395348837205
1423.0, 73.80952380952381
1424.0, 68.48484848484847
1425.0, 58.68263473053892
1426.0, 60.86956521739129
1427.0, 46.80851063829785
1428.0, 32.500000000000014
1429.0, 24.84076433121021
1430.0, 17.575757575757564
1431.0, 17.26190476190476
1432.0, 12.307692307692278
1433.0, 27.542372881355945
1434.0, 23.07692307692308
1435.0, 20.35398230088495
1436.0, 19.246861924686186
1437.0, 19.327731092436963
1438.0, 17.164179104477597
1439.0, 29.794520547945197
1440.0, 29.491525423728817
1441.0, 28.15533980582525
1442.0, 30.097087378640765
1443.0, 30.79470198675496
1444.0, 31.84931506849314
1445.0, 38.38383838383837
1446.0, 41.45454545454545
1447.0, 29.661016949152526
1448.0, 28.455284552845512
1449.0, 31.517509727626447
1450.0, 34.46808510638297
1451.0, 38.19742489270384
1452.0, 44.5
1453.0, 26.229508196721298
1454.0, 26.81564245810054
1455.0, 30.57324840764329
1456.0, 35.11904761904762
1457.0, 46.428571428571445
1458.0, 47.10144927536232
1459.0, 41.60000000000001
1460.0, 69.26829268292681
1461.0, 60.42553191489362
1462.0, 58.92116182572615
1463.0, 57.69230769230769
1464.0, 63.059701492537314
1465.0, 64.25992779783394
1466.0, 66.06498194945848
1467.0, 73.78277153558054
1468.0, 69.8581560283688
1469.0, 71.47887323943661
1470.0, 68.88888888888889
1471.0, 65.45454545454544
1472.0, 67.15867158671587
1473.0, 64.92537313432837
1474.0, 40.97560975609757
1475.0, 53.76344086021504
1476.0, 57.80346820809246
1477.0, 52.80898876404493
1478.0, 37.500000000000036
1479.0, 28.104575163398735
1480.0, 25.000000000000057
1481.0, 21.917808219178127
1482.0, 36.538461538461554
1483.0, 29.651162790697683
1484.0, 34.44444444444447
1485.0, 42.473118279569924
1486.0, 44.845360824742265
1487.0, 43.93939393939394
1488.0, 42.64705882352942
1489.0, 44.01913875598086
1490.0, 51.612903225806456
1491.0, 53.58851674641149
1492.0, 59.296482412060286
1493.0, 56.19047619047619
1494.0, 60.538116591928265
1495.0, 58.79629629629629
1496.0, 50.0
1497.0, 62.616822429906534
1498.0, 55.65610859728506
1499.0, 54.629629629629605
1500.0, 54.20560747663551
1501.0, 53.95348837209301
1502.0, 72.38493723849372
1503.0, 70.9251101321586
1504.0, 55.51181102362204
1505.0, 52.808988764044955
1506.0, 50.94339622641511
1507.0, 52.32558139534884
1508.0, 44.36090225563909
1509.0, 42.29390681003584
1510.0, 46.18181818181818
1511.0, 43.29501915708811
1512.0, 38.04713804713803
1513.0, 37.201365187713314
1514.0, 36.111111111111114
1515.0, 41.80602006688964
1516.0, 27.755102040816297
1517.0, 23.046875
1518.0, 30.555555555555543
1519.0, 30.697674418604635
1520.0, 30.414746543778776
1521.0, 31.884057971014485
1522.0, 42.000000000000014
1523.0, 41.99999999999999
1524.0, 36.231884057971
1525.0, 35.29411764705884
1526.0, 53.57142857142858
1527.0, 52.4390243902439
1528.0, 54.651162790697676
1529.0, 50.0
1530.0, 55.089820359281454
1531.0, 63.08724832214763
1532.0, 63.57615894039735
1533.0, 71.01449275362314
1534.0, 76.38888888888887
1535.0, 78.72340425531912
1536.0, 76.56249999999997
1537.0, 86.08695652173913
1538.0, 90.82568807339453
1539.0, 87.49999999999999
1540.0, 61.6822429906542
1541.0, 50.0
1542.0, 43.965517241379324
1543.0, 36.50793650793651
1544.0, 28.57142857142854
1545.0, 29.824561403508767
1546.0, 27.927927927927897
1547.0, 25.217391304347785
1548.0, 15.596330275229306
1549.0, 20.689655172413694
1550.0, 16.101694915254157
1551.0, 23.846153846153797
1552.0, 29.92125984251966
1553.0, 28.148148148148124
1554.0, 41.37931034482761
1555.0, 51.04166666666669
1556.0, 42.60869565217391
1557.0, 47.57281553398058
1558.0, 45.79439252336449
1559.0, 46.78899082568806
1560.0, 45.28301886792454
1561.0, 44.03669724770642
1562.0, 62.58503401360542
1563.0, 49.70414201183433
1564.0, 55.42857142857141
1565.0, 50.909090909090914
1566.0, 40.31413612565444
1567.0, 40.5263157894737
1568.0, 38.25136612021855
1569.0, 34.848484848484816
1570.0, 41.84782608695649
1571.0, 41.6216216216216
1572.0, 41.847826086956516
1573.0, 40.88397790055247
1574.0, 43.38624338624337
1575.0, 46.448087431693985
1576.0, 71.34502923976609
1577.0, 79.39393939393942
1578.0, 83.69304556354919
1579.0, 78.78103837471784
1580.0, 79.31818181818183
1581.0, 82.77310924369749
1582.0, 82.48945147679326
1583.0, 80.61855670103095
1584.0, 76.44710578842317
1585.0, 77.82101167315176
1586.0, 79.09604519774011
1587.0, 79.01701323251419
1588.0, 79.21348314606742
1589.0, 76.50273224043717
1590.0, 65.69148936170214
1591.0, 67.34177215189874
1592.0, 51.39318885448917
1593.0, 57.19063545150503
1594.0, 63.70370370370372
1595.0, 58.82352941176471
1596.0, 59.41422594142259
1597.0, 67.28971962616825
1598.0, 76.1658031088083
1599.0, 73.44632768361585
1600.0, 70.25316455696205
1601.0, 70.44025157232707
1602.0, 68.66666666666669
1603.0, 79.13669064748204
1604.0, 78.03030303030307
1605.0, 70.1030927835052
1606.0, 99.24812030075189
1607.0, 99.35897435897438
1608.0, 86.51685393258425
1609.0, 82.94117647058827
1610.0, 85.99033816425124
1611.0, 86.19047619047622
1612.0, 81.27853881278544
1613.0, 78.41409691629954
1614.0, 77.97356828193833
1615.0, 77.87610619469027
1616.0, 64.50381679389312
1617.0, 65.68265682656826
1618.0, 65.55555555555556
1619.0, 67.59581881533101
1620.0, 44.217687074829925
1621.0, 47.266881028938904
1622.0, 41.88034188034187
1623.0, 38.3812010443864
1624.0, 27.341772151898752
1625.0, 21.50313152400834
1626.0, 20.477137176938356
1627.0, 30.42704626334519
1628.0, 31.45869947275922
1629.0, 40.092165898617516
1630.0, 41.03773584905661
1631.0, 40.38155802861685
1632.0, 35.91331269349844
1633.0, 33.9171974522293
1634.0, 40.48442906574394
1635.0, 40.68965517241379
1636.0, 47.08097928436913
1637.0, 50.806451612903224
1638.0, 59.282700421940916
1639.0, 76.7857142857143
1640.0, 80.75117370892018
1641.0, 70.95115681233935
1642.0, 64.26858513189448
1643.0, 47.19387755102039
1644.0, 52.01072386058979
1645.0, 56.867469879518076
1646.0, 62.10526315789473
1647.0, 56.05700712589073
1648.0, 55.952380952380935
1649.0, 54.7677261613692
1650.0, 53.749999999999986
1651.0, 56.26477541371157
1652.0, 53.400503778337544
1653.0, 43.188405797101446
1654.0, 39.94638069705095
1655.0, 40.270270270270274
1656.0, 36.97270471464021
1657.0, 44.4759206798867
1658.0, 45.40389972144848
1659.0, 35.6687898089172
1660.0, 30.939226519337026
1661.0, 36.0
1662.0, 29.754601226993884
1663.0, 17.579250720461104
1664.0, 35.000000000000014
1665.0, 35.585585585585605
1666.0, 36.44444444444444
1667.0, 34.96801705756931
1668.0, 45.09394572025053
1669.0, 46.65226781857451
1670.0, 60.96491228070175
1671.0, 59.34065934065934
1672.0, 60.72186836518046
1673.0, 57.89473684210525
1674.0, 65.78947368421052
1675.0, 60.699588477366255
1676.0, 61.076604554865405
1677.0, 71.82795698924728
1678.0, 66.32390745501283
1679.0, 56.68316831683167
1680.0, 61.36865342163353
1681.0, 66.12149532710276
1682.0, 56.34146341463413
1683.0, 55.662650602409634
1684.0, 42.35588972431078
1685.0, 49.88764044943821
1686.0, 49.88764044943819
1687.0, 50.112866817155755
1688.0, 45.41484716157206
1689.0, 47.27272727272727
1690.0, 47.926267281106
1691.0, 45.673076923076934
1692.0, 48.2837528604119
1693.0, 53.5532994923858
1694.0, 49.30747922437675
1695.0, 44.702842377260986
1696.0, 50.27624309392265
1697.0, 49.72677595628416
1698.0, 49.322493224932266
1699.0, 36.23595505617976
1700.0, 27.450980392156865
1701.0, 30.538922155688624
1702.0, 42.16524216524216
1703.0, 39.153439153439145
1704.0, 51.23042505592843
1705.0, 46.636771300448416
1706.0, 43.46793349168646
1707.0, 46.25850340136055
1708.0, 41.82242990654205
1709.0, 48.34123222748814
1710.0, 42.857142857142854
1711.0, 47.5877192982456
1712.0, 51.058823529411754
1713.0, 53.58024691358024
1714.0, 57.86666666666665
1715.0, 55.61357702349869
1716.0, 46.13259668508289
1717.0, 47.175141242937855
1718.0, 44.51038575667655
1719.0, 46.15384615384615
1720.0, 47.28915662650603
1721.0, 42.5
1722.0, 45.91194968553461
1723.0, 38.90675241157558
1724.0, 50.168350168350166
1725.0, 44.71830985915493
1726.0, 49.81949458483755
1727.0, 52.67175572519083
1728.0, 53.25670498084291
1729.0, 51.29151291512915
1730.0, 56.27530364372469
1731.0, 69.87447698744771
1732.0, 60.655737704918046
1733.0, 71.55555555555557
1734.0, 57.38396624472573
1735.0, 51.71102661596958
1736.0, 56.50684931506849
1737.0, 58.303886925795055
1738.0, 55.13307984790877
1739.0, 57.2549019607843
1740.0, 56.4
1741.0, 57.31707317073168
1742.0, 58.66141732283466
1743.0, 62.08333333333333
1744.0, 58.89328063241105
1745.0, 51.48936170212766
1746.0, 55.64202334630347
1747.0, 48.64864864864864
1748.0, 61.5
1749.0, 74.5454545454545
1750.0, 62.68656716417907
1751.0, 67.19999999999993
1752.0, 31.40495867768597
1753.0, 28.089887640449476
1754.0, 30.93525179856117
1755.0, 30.824372759856658
1756.0, 27.208480565371005
1757.0, 39.99999999999998
1758.0, 42.67912772585668
1759.0, 49.710982658959516
1760.0, 44.09937888198759
1761.0, 46.10778443113772
1762.0, 42.12121212121212
1763.0, 44.797687861271676
1764.0, 43.66197183098592
1765.0, 41.77897574123989
1766.0, 62.248995983935735
1767.0, 70.04405286343612
1768.0, 69.91150442477877
1769.0, 61.24031007751938
1770.0, 63.2
1771.0, 55.769230769230774
1772.0, 60.000000000000014
1773.0, 53.53535353535354
1774.0, 71.2374581939799
1775.0, 63.0508474576271
1776.0, 65.9722222222222
1777.0, 61.26760563380277
1778.0, 68.79194630872479
1779.0, 69.72789115646256
1780.0, 68.56187290969899
1781.0, 69.28104575163397
1782.0, 68.66666666666664
1783.0, 76.2962962962963
1784.0, 75.18248175182482
1785.0, 71.21771217712175
1786.0, 68.54838709677418
1787.0, 63.984674329501914
1788.0, 44.04761904761907
1789.0, 48.05194805194804
1790.0, 38.043478260869556
1791.0, 44.26229508196725
1792.0, 29.761904761904816
1793.0, 29.23976608187138
1794.0, 37.569060773480665
1795.0, 41.45077720207256
1796.0, 33.01886792452834
1797.0, 32.1100917431193
1798.0, 40.34334763948499
1799.0, 39.66244725738399
1800.0, 42.10526315789475
1801.0, 44.44444444444446
1802.0, 37.037037037037045
1803.0, 44.40154440154442
1804.0, 51.9650655021834
1805.0, 51.75438596491228
1806.0, 59.48275862068963
1807.0, 55.199999999999996
1808.0, 52.34042553191488
1809.0, 45.66210045662101
1810.0, 49.26108374384238
1811.0, 48.30917874396135
1812.0, 48.5576923076923
1813.0, 52.5510204081633
1814.0, 46.84210526315792
1815.0, 48.95833333333331
1816.0, 56.64739884393065
1817.0, 47.09677419354839
1818.0, 48.75000000000002
1819.0, 42.767295597484264
1820.0, 33.33333333333333
1821.0, 28.40236686390533
1822.0, 25.423728813559364
1823.0, 20.00000000000003
1824.0, 23.744292237442963
1825.0, 23.96313364055304
1826.0, 13.170731707317131
1827.0, 11.467889908256879
1828.0, 13.95348837209302
1829.0, 19.213973799126677
1830.0, 17.54385964912281
1831.0, 20.614035087719316
1832.0, 20.26431718061677
1833.0, 34.84848484848486
1834.0, 31.506849315068507
1835.0, 35.24904214559389
1836.0, 37.795275590551185
1837.0, 52.09302325581394
1838.0, 46.46017699115044
1839.0, 51.12107623318384
1840.0, 63.076923076923066
1841.0, 62.3574144486692
1842.0, 61.153846153846146
1843.0, 60.23622047244094
1844.0, 58.174904942965775
1845.0, 64.28571428571428
1846.0, 56.54761904761904
1847.0, 51.97368421052632
1848.0, 59.49820788530466
1849.0, 66.27450980392157
1850.0, 72.16828478964402
1851.0, 67.20779220779221
1852.0, 73.31189710610933
1853.0, 68.86792452830188
1854.0, 58.27586206896551
1855.0, 62.815884476534286
1856.0, 60.627177700348405
1857.0, 60.62717770034842
1858.0, 65.29209621993127
1859.0, 57.91666666666667
1860.0, 71.3656387665198
1861.0, 65.77777777777771
1862.0, 65.92920353982295
1863.0, 59.34959349593496
1864.0, 39.46188340807177
1865.0, 52.56916996047431
1866.0, 41.32841328413285
1867.0, 48.000000000000014
1868.0, 48.35164835164836
1869.0, 56.07476635514016
1870.0, 55.21472392638036
1871.0, 54.37499999999998
1872.0, 47.73413897280967
1873.0, 48.35820895522389
1874.0, 45.079365079365076
1875.0, 47.039473684210535
1876.0, 45.27027027027029
1877.0, 50.70921985815601
1878.0, 53.15985130111523
1879.0, 43.36283185840706
1880.0, 50.256410256410255
1881.0, 45.5056179775281
1882.0, 57.458563535911594
1883.0, 37.22627737226278
1884.0, 48.88888888888891
1885.0, 46.92307692307692
1886.0, 56.48148148148152
1887.0, 48.69565217391299
1888.0, 50.83333333333331
1889.0, 52.419354838709694
1890.0, 50.387596899224796
1891.0, 52.23880597014927
1892.0, 58.82352941176473
1893.0, 48.951048951048975
1894.0, 50.72463768115941
1895.0, 50.72463768115941
1896.0, 39.166666666666714
1897.0, 57.04697986577181
1898.0, 47.297297297297305
1899.0, 48.684210526315816
1900.0, 54.37499999999994
1901.0, 54.71698113207547
1902.0, 54.43037974683545
1903.0, 53.24675324675323
1904.0, 55.033557046979865
1905.0, 50.73529411764704
1906.0, 54.19847328244271
1907.0, 66.35514018691583
1908.0, 66.35514018691595
1909.0, 66.97247706422019
1910.0, 64.60176991150446
1911.0, 44.87179487179484
1912.0, 60.27397260273982
1913.0, 52.054794520547915
1914.0, 42.62295081967209
1915.0, 57.14285714285719
1916.0, 43.10344827586203
1917.0, 53.52112676056345
1918.0, 42.22222222222218
1919.0, 44.08602150537637
1920.0, 49.01960784313727
1921.0, 50.98039215686273
1922.0, 50.0
1923.0, 45.192307692307715
1924.0, 52.475247524752504
1925.0, 51.45631067961161
1926.0, 49.49494949494951
1927.0, 36.296296296296354
1928.0, 30.573248407643376
1929.0, 28.289473684210563
1930.0, 26.70807453416154
1931.0, 23.870967741935516
1932.0, 38.36477987421387
1933.0, 35.185185185185176
1934.0, 34.375000000000014
1935.0, 31.927710843373532
1936.0, 32.12121212121215
1937.0, 33.540372670807486
1938.0, 34.75609756097562
1939.0, 32.75862068965519
1940.0, 28.88888888888887
1941.0, 39.436619718309835
1942.0, 45.16129032258064
1943.0, 43.650793650793645
1944.0, 41.984732824427475
1945.0, 40.62499999999998
1946.0, 25.225225225225188
1947.0, 39.682539682539684
1948.0, 34.45378151260503
1949.0, 35.96491228070175
1950.0, 43.44262295081964
1951.0, 54.60526315789469
1952.0, 53.06122448979591
1953.0, 56.934306569343036
1954.0, 60.46511627906977
1955.0, 59.2
1956.0, 62.601626016260134
1957.0, 64.75409836065575
1958.0, 80.19801980198014
1959.0, 77.55102040816325
1960.0, 79.99999999999991
1961.0, 76.54320987654312
1962.0, 82.65306122448973
1963.0, 63.77952755905509
1964.0, 63.77952755905511
1965.0, 53.06122448979593
1966.0, 56.19047619047614
1967.0, 63.39285714285716
1968.0, 64.54545454545453
1969.0, 65.17857142857142
1970.0, 61.40350877192979
1971.0, 57.14285714285714
1972.0, 56.41025641025642
1973.0, 50.769230769230745
1974.0, 47.4820143884892
1975.0, 53.79746835443036
1976.0, 53.50318471337583
1977.0, 65.11627906976744
1978.0, 63.99999999999997
1979.0, 62.4
1980.0, 54.91803278688528
1981.0, 52.991452991453
1982.0, 58.13953488372089
1983.0, 53.67647058823528
1984.0, 59.889349930843736
1985.0, 59.64187327823687
1986.0, 50.58411214953269
1987.0, 57.35294117647058
1988.0, 59.923175416133155
1989.0, 55.349500713266764
1990.0, 44.411326378539485
1991.0, 42.81609195402301
1992.0, 37.609329446064145
1993.0, 47.815230961298376
1994.0, 48.41972187104928
1995.0, 44.845360824742265
1996.0, 44.12532637075719
1997.0, 56.77200902934538
1998.0, 55.87557603686633
1999.0, 59.883720930232556
2000.0, 74.09638554216866
2001.0, 72.5
2002.0, 79.89417989417991
2003.0, 73.29842931937178
2004.0, 79.68750000000003
2005.0, 86.04651162790701
2006.0, 74.89878542510127
2007.0, 74.05857740585779
2008.0, 76.7634854771785
2009.0, 74.00000000000001
2010.0, 67.96875000000003
2011.0, 66.11570247933885
2012.0, 61.2244897959184
2013.0, 55.81395348837212
2014.0, 53.46938775510205
2015.0, 50.38461538461541
2016.0, 44.396551724137915
2017.0, 48.2142857142857
2018.0, 54.15019762845852
2019.0, 44.49152542372881
2020.0, 53.96039603960398
2021.0, 48.93617021276593
2022.0, 43.97905759162302
2023.0, 44.44444444444445
2024.0, 48.2758620689655
2025.0, 46.10778443113775
2026.0, 53.04878048780486
2027.0, 62.33766233766231
2028.0, 54.26829268292685
2029.0, 61.18421052631576
2030.0, 55.12820512820511
2031.0, 58.33333333333329
2032.0, 45.73643410852718
2033.0, 51.304347826087
2034.0, 57.57575757575753
2035.0, 61.87050359712229
2036.0, 67.18749999999994
2037.0, 73.7288135593219
2038.0, 77.34374999999999
2039.0, 76.42276422764225
2040.0, 80.9210526315789
2041.0, 81.76100628930814
2042.0, 76.9230769230769
2043.0, 81.60377358490564
2044.0, 79.72350230414749
2045.0, 72.89719626168224
2046.0, 61.44578313253013
2047.0, 63.87832699619771
2048.0, 61.22448979591838
2049.0, 62.598425196850414
2050.0, 63.60153256704982
2051.0, 66.7832167832168
2052.0, 71.89349112426036
2053.0, 71.81008902077151
2054.0, 68.5430463576159
2055.0, 63.66666666666667
2056.0, 69.20289855072465
2057.0, 65.86345381526104
2058.0, 51.57232704402515
2059.0, 57.703927492447136
2060.0, 66.99029126213591
2061.0, 63.36633663366338
2062.0, 64.76190476190476
2063.0, 62.50000000000001
2064.0, 65.63467492260062
2065.0, 63.486842105263165
2066.0, 52.65306122448977
2067.0, 52.84552845528456
2068.0, 50.0
2069.0, 54.471544715447166
2070.0, 54.918032786885256
2071.0, 51.965065502183414
2072.0, 76.77419354838712
2073.0, 52.873563218390785
2074.0, 52.32558139534884
2075.0, 53.8922155688623
2076.0, 62.25490196078432
2077.0, 52.26337448559669
2078.0, 50.42735042735041
2079.0, 44.578313253012055
2080.0, 63.360881542699744
2081.0, 58.224543080939966
2082.0, 58.83905013192613
2083.0, 60.50632911392406
2084.0, 61.72839506172839
2085.0, 58.61244019138758
2086.0, 62.8440366972477
2087.0, 77.12031558185406
2088.0, 74.50592885375497
2089.0, 72.08413001912047
2090.0, 69.32773109243698
2091.0, 75.34246575342468
2092.0, 68.38565022421527
2093.0, 63.941299790356375
2094.0, 50.95890410958905
2095.0, 53.44827586206894
2096.0, 49.33687002652519
2097.0, 43.31550802139037
2098.0, 40.266666666666666
2099.0, 35.781990521327
2100.0, 31.738035264483642
2101.0, 3.0927835051546992
2102.0, 7.560137457044689
2103.0, 11.42857142857143
2104.0, 15.93220338983052
2105.0, 16.55405405405405
2106.0, 19.245283018867923
2107.0, 22.767857142857153
2108.0, 24.200913242009108
2109.0, 26.415094339622627
2110.0, 40.39408866995077
2111.0, 45.3551912568306
2112.0, 46.892655367231654
2113.0, 76.61290322580649
2114.0, 77.34375000000003
2115.0, 66.44295302013427
2116.0, 64.02877697841731
2117.0, 59.39849624060152
2118.0, 51.75438596491225
2119.0, 51.75438596491232
2120.0, 47.899159663865596
2121.0, 50.892857142857125
2122.0, 54.16666666666664
2123.0, 54.91803278688528
2124.0, 40.99999999999994
2125.0, 30.075187969924798
2126.0, 33.58778625954203
2127.0, 48.82352941176473
2128.0, 37.128712871287156
2129.0, 41.66666666666667
2130.0, 40.223463687150876
2131.0, 42.13483146067419
2132.0, 39.2670157068063
2133.0, 39.58333333333334
2134.0, 40.860215053763454
2135.0, 45.02617801047122
2136.0, 40.000000000000036
2137.0, 41.83673469387755
2138.0, 42.70833333333335
2139.0, 47.674418604651166
2140.0, 42.16216216216214
2141.0, 29.1390728476821
2142.0, 42.24137931034485
2143.0, 44.54545454545451
2144.0, 48.695652173913
2145.0, 52.800000000000004
2146.0, 61.20689655172411
2147.0, 63.41463414634144
2148.0, 71.79487179487175
2149.0, 73.96449704142009
2150.0, 77.1604938271604
2151.0, 67.05882352941173
2152.0, 66.66666666666663
2153.0, 67.4556213017751
2154.0, 76.9696969696969
2155.0, 78.88888888888881
2156.0, 78.40909090909082
2157.0, 78.40909090909082
2158.0, 77.51479289940819
2159.0, 78.7709497206703
2160.0, 74.72527472527466
2161.0, 67.02127659574461
2162.0, 55.08982035928142
2163.0, 41.31736526946107
2164.0, 41.31736526946111
2165.0, 45.09803921568627
2166.0, 42.5925925925926
2167.0, 46.000000000000036
2168.0, 39.43661971830985
2169.0, 20.338983050847446
2170.0, 18.400000000000006
2171.0, 30.00000000000007
2172.0, 34.666666666666714
2173.0, 22.137404580152705
2174.0, 23.38709677419358
2175.0, 28.828828828828932
2176.0, 38.888888888888914
2177.0, 61.60714285714282
2178.0, 63.06306306306299
2179.0, 63.63636363636365
2180.0, 57.851239669421446
2181.0, 62.499999999999964
2182.0, 62.04379562043793
2183.0, 60.28368794326243
2184.0, 65.21739130434786
2185.0, 55.46874999999994
2186.0, 46.92307692307692
2187.0, 46.21212121212123
2188.0, 47.36842105263164
2189.0, 51.724137931034434
2190.0, 45.774647887323916
2191.0, 39.37007874015753
2192.0, 42.10526315789479
2193.0, 38.09523809523814
2194.0, 43.750000000000014
2195.0, 33.88429752066118
2196.0, 32.5396825396826
2197.0, 35.65217391304353
2198.0, 31.858407079646057
2199.0, 31.30434782608701
2200.0, 35.57692307692308
2201.0, 46.49122807017544
2202.0, 43.58974358974358
2203.0, 40.54054054054059
2204.0, 47.321428571428626
2205.0, 66.09195402298852
2206.0, 74.00881057268722
2207.0, 59.154929577464785
2208.0, 62.86644951140068
2209.0, 60.88328075709782
2210.0, 63.782051282051285
2211.0, 66.76557863501486
2212.0, 63.73937677053822
2213.0, 67.04225352112678
2214.0, 68.11989100817439
2215.0, 67.13483146067416
2216.0, 69.64769647696475
2217.0, 70.21276595744679
2218.0, 68.81720430107526
2219.0, 64.19753086419753
2220.0, 55.63909774436088
2221.0, 81.46551724137926
2222.0, 80.18433179723499
2223.0, 87.98076923076917
2224.0, 87.62376237623756
2225.0, 82.06521739130429
2226.0, 90.41916167664661
2227.0, 89.9371069182389
2228.0, 71.03825136612022
2229.0, 75.79908675799085
2230.0, 81.5972222222222
2231.0, 82.73615635179151
2232.0, 83.88157894736837
2233.0, 73.63344051446941
2234.0, 67.95252225519289
2235.0, 62.876254180602025
2236.0, 63.245033112582774
2237.0, 63.12292358803986
2238.0, 62.91390728476821
2239.0, 58.64197530864196
2240.0, 57.22891566265062
2241.0, 55.55555555555555
2242.0, 64.53674121405751
2243.0, 52.442996742670985
2244.0, 26.714801444043317
2245.0, 18.80000000000001
2246.0, 17.692307692307722
2247.0, 30.651340996168585
2248.0, 25.97402597402599
2249.0, 23.952095808383234
2250.0, 25.29411764705884
2251.0, 21.91011235955058
2252.0, 24.316939890710387
2253.0, 33.602150537634444
2254.0, 35.59782608695653
2255.0, 37.903225806451644
2256.0, 33.69565217391303
2257.0, 38.52941176470589
2258.0, 45.804195804195835
2259.0, 44.08602150537634
2260.0, 45.38745387453875
2261.0, 44.569288389513126
2262.0, 68.12227074235807
2263.0, 78.10945273631836
2264.0, 71.87499999999997
2265.0, 85.57692307692305
2266.0, 86.23853211009173
2267.0, 84.1269841269841
2268.0, 75.00000000000003
2269.0, 77.63157894736842
2270.0, 74.05857740585776
2271.0, 73.9495798319328
2272.0, 77.56653992395437
2273.0, 79.86111111111114
2274.0, 74.43365695792882
2275.0, 75.84097859327218
2276.0, 55.820105820105816
2277.0, 59.068627450980394
2278.0, 62.25961538461538
2279.0, 60.552763819095475
2280.0, 51.88679245283019
2281.0, 50.59382422802851
2282.0, 48.081264108352144
2283.0, 40.77448747152619
2284.0, 43.26923076923076
2285.0, 39.99999999999999
2286.0, 35.01199040767388
2287.0, 28.571428571428584
2288.0, 33.49397590361447
2289.0, 26.790450928381972
2290.0, 34.70790378006875
2291.0, 23.25581395348837
2292.0, 15.902140672782863
2293.0, 9.118541033434624
2294.0, 13.993174061433407
2295.0, 22.499999999999986
2296.0, 22.929936305732454
2297.0, 23.999999999999986
2298.0, 22.977346278317142
2299.0, 24.91228070175437
2300.0, 29.411764705882348
2301.0, 40.87837837837836
2302.0, 34.81228668941979
2303.0, 32.167832167832174
2304.0, 29.87012987012986
2305.0, 33.82352941176471
2306.0, 37.551020408163254
2307.0, 46.250000000000014
2308.0, 55.97269624573378
2309.0, 45.392491467576775
2310.0, 46.66666666666667
2311.0, 48.014440433213004
2312.0, 50.915750915750934
2313.0, 49.642857142857146
2314.0, 46.81647940074906
2315.0, 43.2
2316.0, 53.33333333333333
2317.0, 60.95238095238095
2318.0, 62.33766233766234
2319.0, 55.491329479768794
2320.0, 59.10447761194032
2321.0, 59.58702064896754
2322.0, 56.2300319488818
2323.0, 57.7049180327869
2324.0, 66.66666666666666
2325.0, 73.71428571428572
2326.0, 76.1038961038961
2327.0, 80.93076049943247
2328.0, 76.50214592274676
2329.0, 75.66666666666666
2330.0, 71.31147540983605
2331.0, 68.9873417721519
2332.0, 67.78606965174127
2333.0, 76.17079889807161
2334.0, 77.41514360313313
2335.0, 73.32439678284179
2336.0, 69.46902654867255
2337.0, 73.59374999999996
2338.0, 69.80198019801976
2339.0, 61.155378486055774
2340.0, 51.60550458715598
2341.0, 28.90855457227144
2342.0, 28.994082840236743
2343.0, 30.232558139534916
2344.0, 32.500000000000014
2345.0, 23.22580645161294
2346.0, 26.277372262773767
2347.0, 30.344827586206932
2348.0, 26.81159420289856
2349.0, 27.611940298507506
2350.0, 30.075187969924798
2351.0, 33.58208955223884
2352.0, 33.33333333333337
2353.0, 39.130434782608695
2354.0, 51.89873417721515
2355.0, 45.81005586592178
2356.0, 53.896103896103874
2357.0, 51.67785234899325
2358.0, 44.50867052023123
2359.0, 47.23926380368099
2360.0, 49.36708860759495
2361.0, 40.74074074074071
2362.0, 29.93630573248406
2363.0, 29.012345679012313
2364.0, 35.393258426966284
2365.0, 29.4416243654822
2366.0, 32.47422680412369
2367.0, 27.835051546391753
2368.0, 20.454545454545453
2369.0, 24.32432432432431
2370.0, 22.43589743589743
2371.0, 25.925925925925924
2372.0, 40.62500000000003
2373.0, 34.21052631578948
2374.0, 35.56701030927833
2375.0, 39.10614525139669
2376.0, 42.16867469879515
2377.0, 50.60240963855419
2378.0, 28.88888888888893
2379.0, 29.41176470588239
2380.0, 28.767123287671296
2381.0, 29.85781990521332
2382.0, 30.516431924882667
2383.0, 30.952380952380977
2384.0, 39.823008849557525
2385.0, 42.37288135593219
2386.0, 35.81395348837208
2387.0, 36.66666666666668
2388.0, 31.578947368421098
2389.0, 31.004366812227076
2390.0, 32.61802575107299
2391.0, 32.03463203463204
2392.0, 48.05194805194804
2393.0, 53.237410071942435
2394.0, 53.237410071942435
2395.0, 55.86206896551723
2396.0, 50.0
2397.0, 47.58620689655177
2398.0, 40.15748031496063
2399.0, 29.565217391304373
2400.0, 30.08849557522126
2401.0, 41.11111111111109
2402.0, 57.74647887323953
2403.0, 59.420289855072525
2404.0, 37.49999999999998
2405.0, 23.07692307692308
2406.0, 31.896551724137964
2407.0, 38.33333333333337
2408.0, 32.57575757575755
2409.0, 25.352112676056294
2410.0, 25.531914893617
2411.0, 31.617647058823522
2412.0, 29.0076335877863
2413.0, 29.921259842519717
2414.0, 29.921259842519717
2415.0, 25.000000000000057
2416.0, 21.088435374149654
2417.0, 24.18300653594774
2418.0, 25.87412587412591
2419.0, 30.645161290322633
2420.0, 18.656716417910445
2421.0, 27.814569536423832
2422.0, 25.454545454545467
2423.0, 24.852071005917168
2424.0, 26.78571428571425
2425.0, 21.111111111111057
2426.0, 26.424870466321224
2427.0, 20.35928143712573
2428.0, 27.18978102189783
2429.0, 32.78388278388276
2430.0, 38.82978723404258
2431.0, 34.04605263157896
2432.0, 39.69594594594592
2433.0, 40.10067114093961
2434.0, 44.661921708185034
2435.0, 46.19377162629757
2436.0, 48.722627737226276
2437.0, 54.56273764258556
2438.0, 55.07518796992483
2439.0, 61.04651162790699
2440.0, 55.664062499999986
2441.0, 73.10513447432766
2442.0, 69.61325966850829
2443.0, 67.06586826347308
2444.0, 67.26190476190479
2445.0, 83.73493975903615
2446.0, 84.30232558139537
2447.0, 83.5294117647059
2448.0, 83.03030303030306
2449.0, 74.10071942446045
2450.0, 83.20610687022896
2451.0, 66.00000000000001
2452.0, 67.09677419354838
2453.0, 65.06849315068493
2454.0, 72.66187050359717
2455.0, 74.49664429530205
2456.0, 76.82926829268297
2457.0, 77.38095238095241
2458.0, 57.67195767195767
2459.0, 56.521739130434796
2460.0, 57.21925133689844
2461.0, 51.69082125603865
2462.0, 55.15695067264575
2463.0, 47.30769230769233
2464.0, 45.882352941176485
2465.0, 46.8
2466.0, 43.801652892561975
2467.0, 45.16129032258065
2468.0, 45.16129032258065
2469.0, 38.93442622950819
2470.0, 40.400000000000006
2471.0, 40.87301587301591
2472.0, 52.23214285714288
2473.0, 54.46808510638295
2474.0, 55.41666666666666
2475.0, 62.28070175438596
2476.0, 59.999999999999986
2477.0, 67.89473684210523
2478.0, 67.89473684210523
2479.0, 79.09604519774007
2480.0, 72.53886010362697
2481.0, 68.75000000000001
2482.0, 58.878504672897215
2483.0, 63.76811594202902
2484.0, 61.73469387755106
2485.0, 60.31746031746035
2486.0, 52.91005291005289
2487.0, 46.38554216867472
2488.0, 31.012658227848064
2489.0, 18.348623853210952
2490.0, 20.179372197309405
2491.0, 20.179372197309405
2492.0, 18.367346938775484
2493.0, 15.966386554621877
2494.0, 16.964285714285737
2495.0, 19.730941704035914
2496.0, 20.370370370370395
2497.0, 17.924528301886866
2498.0, 13.7931034482759
2499.0, 11.715481171548149
2500.0, 12.444444444444471
2501.0, 23.046875
2502.0, 20.20547945205479
2503.0, 33.061224489795904
2504.0, 38.11320754716982
2505.0, 37.827715355805246
2506.0, 37.132352941176485
2507.0, 35.92592592592591
2508.0, 36.84210526315789
2509.0, 33.333333333333314
2510.0, 35.38461538461537
2511.0, 35.24904214559386
2512.0, 34.716981132075446
2513.0, 39.14893617021272
2514.0, 35.384615384615344
2515.0, 27.272727272727295
2516.0, 42.26804123711339
2517.0, 33.33333333333337
2518.0, 23.076923076923123
2519.0, 24.827586206896584
2520.0, 27.906976744186082
2521.0, 22.641509433962298
2522.0, 21.875000000000043
2523.0, 27.333333333333385
2524.0, 32.026143790849744
2525.0, 27.52808988764049
2526.0, 27.68361581920911
2527.0, 37.435897435897495
2528.0, 44.25287356321842
2529.0, 45.81005586592178
2530.0, 36.41618497109827
2531.0, 44.56521739130437
2532.0, 43.33333333333333
2533.0, 54.040404040404034
2534.0, 56.91489361702127
2535.0, 70.3030303030303
2536.0, 67.05202312138726
2537.0, 60.43956043956041
2538.0, 62.30366492146594
2539.0, 68.00000000000004
2540.0, 70.11494252873564
2541.0, 66.66666666666666
2542.0, 61.34969325153371
2543.0, 59.87261146496816
2544.0, 66.21621621621622
2545.0, 63.235294117647044
2546.0, 65.75342465753423
2547.0, 57.26495726495726
2548.0, 57.75862068965515
2549.0, 48.33333333333337
2550.0, 58.73015873015876
2551.0, 60.655737704918025
2552.0, 47.499999999999986
2553.0, 60.15624999999997
2554.0, 56.060606060606055
2555.0, 51.908396946564835
2556.0, 59.05511811023621
2557.0, 58.39999999999994
2558.0, 56.09756097560975
2559.0, 61.15107913669065
2560.0, 46.8354430379747
2561.0, 33.9449541284404
2562.0, 29.600000000000037
2563.0, 33.19672131147544
2564.0, 25.490196078431424
2565.0, 25.291828793774357
2566.0, 44.33962264150945
2567.0, 41.196013289036536
2568.0, 47.692307692307686
2569.0, 47.987616099071225
2570.0, 44.44444444444445
2571.0, 48.611111111111114
2572.0, 50.54054054054052
2573.0, 47.86324786324786
2574.0, 46.7966573816156
2575.0, 54.54545454545453
2576.0, 57.33788395904437
2577.0, 53.311258278145694
2578.0, 57.70609318996416
2579.0, 65.34653465346535
2580.0, 53.50877192982457
2581.0, 41.1764705882353
2582.0, 35.361216730038024
2583.0, 36.74242424242421
2584.0, 39.99999999999999
2585.0, 29.95391705069126
2586.0, 26.570048309178773
2587.0, 26.92307692307689
2588.0, 31.63841807909604
2589.0, 39.13043478260865
2590.0, 41.1428571428571
2591.0, 48.52071005917163
2592.0, 48.52071005917157
2593.0, 36.02941176470591
2594.0, 32.450331125827844
2595.0, 63.80952380952387
2596.0, 76.96969696969701
2597.0, 72.35294117647064
2598.0, 66.66666666666666
2599.0, 55.55555555555552
2600.0, 55.76036866359447
2601.0, 48.94514767932492
2602.0, 49.152542372881335
2603.0, 47.59825327510919
2604.0, 50.2242152466368
2605.0, 47.22222222222221
2606.0, 48.11320754716981
2607.0, 45.581395348837184
2608.0, 51.207729468599005
2609.0, 45.59585492227981
2610.0, 27.586206896551786
2611.0, 38.46153846153846
2612.0, 47.79874213836477
2613.0, 55.47445255474452
2614.0, 54.81481481481478
2615.0, 67.5675675675675
2616.0, 68.8073394495413
2617.0, 54.54545454545452
2618.0, 47.727272727272705
2619.0, 49.61832061068703
2620.0, 46.42857142857143
2621.0, 31.400966183574866
2622.0, 30.73170731707316
2623.0, 28.899082568807316
2624.0, 21.296296296296262
2625.0, 27.659574468085125
2626.0, 20.164609053497955
2627.0, 23.275862068965495
2628.0, 54.5918367346939
2629.0, 55.276381909547766
2630.0, 53.268765133171904
2631.0, 56.122448979591844
2632.0, 55.696202531645554
2633.0, 55.05050505050505
2634.0, 53.694581280788185
2635.0, 65.66265060240964
2636.0, 66.56891495601172
2637.0, 69.84615384615384
2638.0, 71.15987460815046
2639.0, 68.1660899653979
2640.0, 75.36231884057972
2641.0, 65.6957928802589
2642.0, 35.365853658536565
2643.0, 37.647058823529356
2644.0, 50.84745762711867
2645.0, 60.09174311926608
2646.0, 66.18357487922707
2647.0, 59.565217391304344
2648.0, 61.43497757847534
2649.0, 54.79999999999997
2650.0, 49.79591836734694
2651.0, 50.80645161290324
2652.0, 48.27586206896552
2653.0, 49.626865671641795
2654.0, 59.09090909090908
2655.0, 69.96904024767801
2656.0, 72.36467236467236
2657.0, 75.0
2658.0, 75.06426735218508
2659.0, 73.99463806970508
2660.0, 69.58762886597935
2661.0, 69.58762886597935
2662.0, 70.49608355091382
2663.0, 76.56675749318802
2664.0, 77.1978021978022
2665.0, 73.67021276595744
2666.0, 74.06417112299468
2667.0, 72.5
2668.0, 62.66666666666667
2669.0, 57.29927007299271
2670.0, 55.0
2671.0, 42.081447963800905
2672.0, 46.44351464435147
2673.0, 40.740740740740726
2674.0, 41.904761904761905
2675.0, 46.31578947368424
2676.0, 49.468085106382944
2677.0, 43.850267379679124
2678.0, 46.44808743169396
2679.0, 51.76470588235296
2680.0, 52.380952380952394
2681.0, 53.293413173652745
2682.0, 50.85714285714284
2683.0, 61.24401913875601
2684.0, 56.21621621621623
2685.0, 55.319148936170194
2686.0, 34.30232558139534
2687.0, 45.93301435406699
2688.0, 49.48453608247423
2689.0, 49.48453608247419
2690.0, 50.0
2691.0, 52.40641711229946
2692.0, 67.870036101083
2693.0, 59.29487179487179
2694.0, 62.49999999999999
2695.0, 59.93485342019542
2696.0, 64.33566433566432
2697.0, 54.10447761194031
2698.0, 44.40894568690094
2699.0, 41.36904761904762
2700.0, 47.66355140186918
2701.0, 38.25503355704699
2702.0, 37.01298701298703
2703.0, 40.694006309148264
2704.0, 43.712574850299404
2705.0, 41.595441595441585
2706.0, 23.791821561338267
2707.0, 31.83673469387753
2708.0, 31.075697211155358
2709.0, 35.08064516129032
2710.0, 38.54961832061069
2711.0, 44.88188976377949
2712.0, 50.22026431718064
2713.0, 61.80904522613069
2714.0, 50.697674418604635
2715.0, 50.697674418604635
2716.0, 49.321266968325766
2717.0, 45.41062801932368
2718.0, 37.63440860215054
2719.0, 40.93567251461986
2720.0, 47.66839378238342
2721.0, 35.944700460829495
2722.0, 31.075697211155386
2723.0, 33.71647509578543
2724.0, 28.461538461538424
2725.0, 29.545454545454533
2726.0, 35.2
2727.0, 32.37704918032787
2728.0, 35.11111111111113
2729.0, 40.6392694063927
2730.0, 39.38053097345133
2731.0, 37.394957983193294
2732.0, 34.23076923076924
2733.0, 34.88372093023257
2734.0, 21.83908045977013
2735.0, 23.456790123456784
2736.0, 23.651452282157678
2737.0, 16.964285714285737
2738.0, 31.88976377952757
2739.0, 25.600000000000023
2740.0, 32.363636363636346
2741.0, 31.785714285714278
2742.0, 35.25179856115106
2743.0, 36.39575971731448
2744.0, 41.198501872659186
2745.0, 50.6849315068493
2746.0, 46.17784711388454
2747.0, 48.04216867469878
2748.0, 48.333333333333314
2749.0, 50.63492063492065
2750.0, 66.22807017543863
2751.0, 59.13838120104441
2752.0, 47.66233766233766
2753.0, 58.752735229759296
2754.0, 55.54245283018869
2755.0, 54.387990762124716
2756.0, 55.31674208144797
2757.0, 57.25108225108225
2758.0, 55.85683297180042
2759.0, 47.61388286334058
2760.0, 59.526372443487645
2761.0, 59.39524838012961
2762.0, 64.92027334851937
2763.0, 63.33333333333332
2764.0, 57.47422680412371
2765.0, 65.82633053221288
2766.0, 71.86544342507645
2767.0, 64.0625
2768.0, 61.59695817490494
2769.0, 64.28571428571426
2770.0, 61.70212765957445
2771.0, 59.45945945945946
2772.0, 63.94849785407726
2773.0, 78.89908256880732
2774.0, 74.72527472527469
2775.0, 77.99043062200954
2776.0, 58.17490494296577
2777.0, 63.137254901960766
2778.0, 59.31558935361217
2779.0, 58.687258687258705
2780.0, 58.687258687258705
2781.0, 51.11111111111112
2782.0, 51.492537313432834
2783.0, 52.85171102661597
2784.0, 52.67175572519085
2785.0, 44.787644787644794
2786.0, 40.573770491803295
2787.0, 31.14754098360656
2788.0, 25.333333333333343
2789.0, 10.052910052910036
2790.0, 29.333333333333343
2791.0, 26.388888888888857
2792.0, 24.99999999999997
2793.0, 24.503311258278032
2794.0, 24.025974025973937
2795.0, 30.30303030303027
2796.0, 36.09022556390976
2797.0, 28.834355828220836
2798.0, 34.09090909090905
2799.0, 41.91616766467066
2800.0, 45.08670520231214
2801.0, 56.36363636363635
2802.0, 56.363636363636395
2803.0, 61.32596685082874
2804.0, 61.32596685082874
2805.0, 57.6719576719577
2806.0, 62.28571428571428
2807.0, 61.17647058823531
2808.0, 72.41379310344828
2809.0, 72.88135593220336
2810.0, 75.25773195876286
2811.0, 89.57055214723925
2812.0, 63.63636363636364
2813.0, 63.28502415458936
2814.0, 69.10569105691056
2815.0, 67.93248945147681
2816.0, 63.09523809523806
2817.0, 58.74999999999999
2818.0, 53.45622119815668
2819.0, 53.45622119815665
2820.0, 56.48148148148146
2821.0, 52.86343612334798
2822.0, 46.88995215311003
2823.0, 38.655462184873976
2824.0, 30.18018018018023
2825.0, 26.587301587301624
2826.0, 44.97816593886462
2827.0, 39.41908713692948
2828.0, 43.19066147859924
2829.0, 40.384615384615394
2830.0, 54.901960784313744
2831.0, 60.24096385542168
2832.0, 61.76470588235292
2833.0, 62.130177514792905
2834.0, 62.01780415430268
2835.0, 61.65191740412981
2836.0, 58.21727019498608
2837.0, 62.762762762762755
2838.0, 66.27565982404691
2839.0, 67.46268656716418
2840.0, 67.36526946107784
2841.0, 72.69938650306747
2842.0, 63.738598483460926
2843.0, 57.04918032786885
2844.0, 43.70078740157481
2845.0, 34.19913419913421
2846.0, 30.13100436681225
2847.0, 29.8701298701299
2848.0, 27.4678111587983
2849.0, 31.858407079646028
2850.0, 33.33333333333333
2851.0, 43.983402489626584
2852.0, 30.375426621160443
2853.0, 32.129963898917
2854.0, 24.19354838709684
2855.0, 19.75308641975313
2856.0, 29.388191290408813
2857.0, 32.08333333333336
2858.0, 34.06113537117908
2859.0, 38.26086956521745
2860.0, 49.0494296577947
2861.0, 50.19455252918288
2862.0, 56.63082437275985
2863.0, 54.15162454873646
2864.0, 58.608058608058585
2865.0, 51.63934426229503
2866.0, 74.74226804123703
2867.0, 73.23232323232313
2868.0, 65.566037735849
2869.0, 70.13574660633478
2870.0, 61.46341463414627
2871.0, 69.38775510204076
2872.0, 65.21739130434781
2873.0, 63.45177664974615
2874.0, 66.66666666666661
2875.0, 68.66359447004606
2876.0, 59.113300492610804
2877.0, 59.113300492610804
2878.0, 46.610169491525426
2879.0, 42.968750000000014
2880.0, 36.400000000000006
2881.0, 44.943820224719104
2882.0, 45.283018867924525
2883.0, 42.23107569721114
2884.0, 44.99999999999999
2885.0, 41.17647058823528
2886.0, 43.17180616740087
2887.0, 43.17180616740087
2888.0, 29.508196721311464
2889.0, 23.004694835680695
2890.0, 24.623115577889408
2891.0, 27.63819095477386
2892.0, 33.536585365853654
2893.0, 39.2857142857143
2894.0, 46.26865671641785
2895.0, 34.54545454545452
2896.0, 48.5714285714286
2897.0, 51.35135135135141
2898.0, 50.0
2899.0, 64.66165413533835
2900.0, 70.5128205128205
2901.0, 75.40106951871657
2902.0, 65.78947368421049
2903.0, 79.61783439490438
2904.0, 76.21951219512187
2905.0, 58.91089108910888
2906.0, 63.05418719211819
2907.0, 61.83574879227048
2908.0, 57.075471698113205
2909.0, 58.44748858447486
2910.0, 48.117154811715444
2911.0, 46.120689655172384
2912.0, 47.899159663865554
2913.0, 48.11715481171548
2914.0, 53.38345864661653
2915.0, 48.11715481171548
2916.0, 41.516245487364635
2917.0, 41.36690647482014
2918.0, 46.55172413793105
2919.0, 52.529182879377444
2920.0, 53.43511450381679
2921.0, 55.6818181818182
2922.0, 53.454545454545446
2923.0, 50.37313432835823
2924.0, 59.67741935483872
2925.0, 55.43071161048691
2926.0, 54.58015267175573
2927.0, 45.86776859504133
2928.0, 31.77083333333333
2929.0, 27.536231884057912
2930.0, 35.18518518518515
2931.0, 33.529411764705884
2932.0, 22.023809523809447
2933.0, 22.6993865030674
2934.0, 18.181818181818073
2935.0, 12.727272727272606
2936.0, 27.108433734939695
2937.0, 26.470588235294045
2938.0, 16.410256410256366
2939.0, 18.285714285714235
2940.0, 16.304347826086925
2941.0, 19.774011299435003
2942.0, 17.989417989417987
2943.0, 17.801047120418858
2944.0, 17.258883248730967
2945.0, 20.83333333333327
2946.0, 37.08920187793425
2947.0, 41.55251141552508
2948.0, 55.55555555555556
2949.0, 57.97101449275365
2950.0, 55.89353612167302
2951.0, 62.32394366197184
2952.0, 59.797297297297284
2953.0, 65.30612244897958
2954.0, 67.06586826347308
2955.0, 62.57142857142858
2956.0, 65.29411764705884
2957.0, 71.5542521994135
2958.0, 71.76470588235294
2959.0, 71.76470588235296
2960.0, 68.62745098039218
2961.0, 62.264150943396245
2962.0, 45.756457564575676
2963.0, 43.508771929824555
2964.0, 40.35714285714285
2965.0, 35.52123552123554
2966.0, 38.174273858921204
2967.0, 31.336405529953907
2968.0, 38.749999999999986
2969.0, 46.610169491525426
2970.0, 51.53846153846154
2971.0, 47.93388429752067
2972.0, 46.774193548387096
2973.0, 49.80988593155894
2974.0, 42.71186440677964
2975.0, 49.826989619377166
2976.0, 57.85714285714284
2977.0, 63.01886792452829
2978.0, 63.01886792452834
2979.0, 55.05226480836239
2980.0, 60.76923076923074
2981.0, 59.842519685039356
2982.0, 56.962025316455694
2983.0, 49.789029535864984
2984.0, 53.1496062992126
2985.0, 50.191570881226056
2986.0, 53.688524590163965
2987.0, 49.8891352549889
2988.0, 59.52380952380957
2989.0, 54.941860465116285
2990.0, 55.71428571428571
2991.0, 47.435897435897445
2992.0, 48.17708333333332
2993.0, 46.48241206030149
2994.0, 50.245098039215684
2995.0, 46.010638297872376
2996.0, 40.25641025641028
2997.0, 42.20430107526884
2998.0, 25.087108013937268
2999.0, 36.5131578947368
3000.0, 35.80645161290316
3001.0, 34.30420711974111
3002.0, 28.80434782608691
3003.0, 26.90355329949236
3004.0, 17.486338797814227
3005.0, 17.87709497206704
3006.0, 17.297297297297305
3007.0, 17.29729729729732
3008.0, 12.087912087912116
3009.0, 11.351351351351312
3010.0, 13.872832369942216
3011.0, 13.559322033898312
3012.0, 36.116910229645086
3013.0, 33.18777292576422
3014.0, 40.86242299794662
3015.0, 34.790209790209815
3016.0, 44.89436619718311
3017.0, 49.46808510638296
3018.0, 42.14501510574018
3019.0, 45.00000000000002
3020.0, 48.56687898089173
3021.0, 56.04982206405694
3022.0, 53.20945945945945
3023.0, 54.56081081081083
3024.0, 51.797385620915016
3025.0, 52.833333333333336
3026.0, 39.21161825726141
3027.0, 36.853448275862064
3028.0, 29.453681710213786
3029.0, 37.72455089820358
3030.0, 23.489932885906
3031.0, 28.301886792452862
3032.0, 42.45283018867925
3033.0, 46.49122807017544
3034.0, 46.95652173913042
3035.0, 62.5766871165644
3036.0, 56.666666666666664
3037.0, 51.57894736842102
3038.0, 56.830601092896174
3039.0, 64.2156862745098
3040.0, 61.502347417840376
3041.0, 62.21198156682026
3042.0, 60.81081081081077
3043.0, 62.49999999999999
3044.0, 65.31531531531535
3045.0, 60.89108910891087
3046.0, 54.66666666666664
3047.0, 54.26008968609864
3048.0, 49.76744186046512
3049.0, 37.57225433526016
3050.0, 48.14814814814813
3051.0, 55.905511811023615
3052.0, 55.55555555555556
3053.0, 38.05309734513283
3054.0, 39.81481481481486
3055.0, 36.448598130841255
3056.0, 38.61386138613876
3057.0, 31.111111111111242
3058.0, 47.457627118644055
3059.0, 47.86324786324791
3060.0, 64.99999999999999
3061.0, 70.33898305084742
3062.0, 76.98412698412693
3063.0, 76.22950819672124
3064.0, 74.40000000000009
3065.0, 71.90082644628109
3066.0, 64.56692913385827
3067.0, 77.0370370370371
3068.0, 81.88976377952764
3069.0, 84.49612403100778
3070.0, 80.74074074074083
3071.0, 73.15436241610742
3072.0, 68.99224806201555
3073.0, 67.9389312977099
3074.0, 64.0
3075.0, 44.09448818897636
3076.0, 36.842105263157926
3077.0, 29.661016949152554
3078.0, 30.701754385964904
3079.0, 34.18803418803412
3080.0, 47.61904761904766
3081.0, 39.99999999999993
3082.0, 32.8358208955223
3083.0, 29.770992366412187
3084.0, 30.952380952380906
3085.0, 34.21052631578945
3086.0, 50.33112582781457
3087.0, 55.555555555555614
3088.0, 47.36842105263158
3089.0, 58.659217877094996
3090.0, 58.659217877094996
3091.0, 58.65921787709494
3092.0, 61.45833333333332
3093.0, 59.78835978835981
3094.0, 55.29411764705882
3095.0, 53.65853658536588
3096.0, 61.111111111111114
3097.0, 61.53846153846153
3098.0, 53.98773006134966
3099.0, 60.10928961748629
3100.0, 51.33333333333329
3101.0, 50.34013605442176
3102.0, 66.66666666666661
3103.0, 56.557377049180324
3104.0, 53.07692307692308
3105.0, 57.02479338842973
3106.0, 55.93220338983045
3107.0, 53.658536585365844
3108.0, 58.394160583941556
3109.0, 58.394160583941556
3110.0, 58.823529411764724
3111.0, 62.585034013605444
3112.0, 75.37313432835828
3113.0, 73.38709677419361
3114.0, 70.53571428571436
3115.0, 71.79487179487185
3116.0, 72.50000000000004
3117.0, 80.35714285714292
3118.0, 84.11214953271026
3119.0, 83.33333333333347
3120.0, 83.92857142857157
3121.0, 69.11764705882352
3122.0, 59.8484848484849
3123.0, 56.83453237410077
3124.0, 62.91390728476822
3125.0, 57.63888888888889
3126.0, 45.679012345679055
3127.0, 38.75000000000003
3128.0, 39.13043478260871
3129.0, 40.96385542168673
3130.0, 30.726256983240248
3131.0, 37.37373737373737
3132.0, 43.92523364485981
3133.0, 41.048034934497814
3134.0, 36.52968036529679
3135.0, 38.834951456310655
3136.0, 45.754716981132034
3137.0, 48.81516587677723
3138.0, 50.6849315068493
3139.0, 51.38888888888891
3140.0, 55.499999999999964
3141.0, 55.22388059701491
3142.0, 56.521739130434774
3143.0, 46.15384615384615
3144.0, 58.65384615384614
3145.0, 45.87155963302752
3146.0, 42.71844660194178
3147.0, 50.24875621890547
3148.0, 48.79227053140095
3149.0, 56.43564356435643
3150.0, 54.639175257732
3151.0, 50.76142131979694
3152.0, 49.74093264248705
3153.0, 50.520833333333314
3154.0, 54.09836065573771
3155.0, 58.04597701149423
3156.0, 57.30994152046784
3157.0, 67.30769230769234
3158.0, 60.30534351145043
3159.0, 76.69902912621346
3160.0, 74.99999999999986
3161.0, 70.23809523809514
3162.0, 81.92771084337332
3163.0, 74.32432432432428
3164.0, 65.71428571428558
3165.0, 64.78873239436624
3166.0, 60.31746031746025
3167.0, 78.07017543859651
3168.0, 84.93975903614458
3169.0, 86.41304347826087
3170.0, 86.77248677248677
3171.0, 85.32608695652168
3172.0, 86.80203045685273
3173.0, 88.60103626943003
3174.0, 84.99999999999997
3175.0, 88.11475409836063
3176.0, 88.71595330739297
3177.0, 85.39325842696623
3178.0, 87.68115942028982
3179.0, 91.04477611940293
3180.0, 90.9774436090225
3181.0, 88.78504672897189
3182.0, 82.42424242424232
3183.0, 67.44186046511622
3184.0, 64.45783132530113
3185.0, 58.152173913043484
3186.0, 53.757225433526024
3187.0, 52.24719101123595
3188.0, 55.23255813953487
3189.0, 36.496350364963476
3190.0, 21.53846153846159
3191.0, 26.050420168067348
3192.0, 15.178571428571544
3193.0, 35.374149659863974
3194.0, 37.29372937293724
3195.0, 34.876543209876544
3196.0, 29.427083333333343
3197.0, 36.54970760233914
3198.0, 31.8877551020408
3199.0, 31.725888324873054
3200.0, 39.40092165898615
3201.0, 42.49999999999999
