0, 16.996
1, 16.996
2, 17.168
3, 16.543
4, 16.213
5, 16.355
6, 16.257
7, 15.799
8, 15.994
9, 15.694
10, 15.424
11, 15.522
12, 15.175
13, 15.161
14, 15.129
15, 15.062
16, 15.002
17, 14.904
18, 14.341
19, 14.762
20, 14.694
21, 14.589
22, 14.702
23, 14.581
24, 14.099
25, 13.965
26, 13.814
27, 13.731
28, 14.092
29, 13.875
30, 13.709
31, 13.852
32, 13.438
33, 13.108
34, 12.83
35, 12.881
36, 12.866
37, 12.724
38, 13.483
39, 13.363
40, 12.971
41, 12.664
42, 12.52
43, 12.347
44, 12.43
45, 12.408
46, 12.708
47, 13.046
48, 12.971
49, 13.01
50, 13.22
51, 12.858
52, 12.956
53, 12.732
54, 13.581
55, 13.446
56, 13.687
57, 14.182
58, 14.055
59, 13.738
60, 13.896
61, 13.687
62, 13.596
63, 13.717
64, 13.626
65, 13.491
66, 13.792
67, 13.702
68, 13.761
69, 13.761
70, 13.836
71, 13.785
72, 13.95
73, 13.649
74, 13.612
75, 13.612
76, 13.626
77, 13.723
78, 13.679
79, 13.544
80, 13.633
81, 13.746
82, 13.723
83, 13.273
84, 12.92
85, 13.198
86, 14.341
87, 13.446
88, 13.558
89, 13.536
90, 13.408
91, 13.521
92, 13.589
93, 13.536
94, 13.754
95, 13.912
96, 14.702
97, 14.596
98, 14.168
99, 14.364
100, 14.92
101, 14.604
102, 14.98
103, 15.031
104, 15.303
105, 15.468
106, 16.206
107, 16.543
108, 16.327
109, 16.468
110, 16.551
111, 16.175
112, 16.077
113, 15.868
114, 15.912
115, 16.154
116, 16.468
117, 16.108
118, 16.28
119, 16.123
120, 16.626
121, 16.513
122, 16.213
123, 16.077
124, 15.979
125, 16.131
126, 16.063
127, 15.716
128, 16.056
129, 16.025
130, 16.68
131, 16.784
132, 16.68
133, 16.755
134, 16.657
135, 16.701
136, 16.927
137, 17.018
138, 17.191
139, 17.16
140, 17.123
141, 16.927
142, 16.567
143, 16.34
144, 16.265
145, 16.633
146, 17.333
147, 16.687
148, 16.476
149, 16.347
150, 16.257
151, 16.814
152, 17.168
153, 17.325
154, 16.664
155, 16.582
156, 16.867
157, 16.461
158, 15.86
159, 15.979
160, 16.423
161, 17.228
162, 17.13
163, 17.1
164, 17.401
165, 17.288
166, 17.282
167, 17.048
168, 16.633
169, 16.084
170, 15.604
171, 16.167
172, 16.521
173, 16.347
174, 16.378
175, 16.641
176, 16.777
177, 16.769
178, 16.567
179, 16.559
180, 16.574
181, 16.68
182, 16.845
183, 17.145
184, 17.393
185, 17.74
186, 18.077
187, 18.469
188, 18.5
189, 18.604
190, 18.582
191, 18.513
192, 18.709
193, 18.921
194, 19.191
195, 19.176
196, 18.859
197, 18.83
198, 18.807
199, 18.897
200, 19.385
201, 19.424
202, 19.251
203, 18.777
204, 18.236
205, 17.867
206, 17.582
207, 17.74
208, 18.513
209, 17.928
210, 18.319
211, 18.145
212, 18.529
213, 18.626
214, 18.16
215, 18.807
216, 18.672
217, 18.611
218, 19.183
219, 19.13
220, 18.597
221, 19.334
222, 18.799
223, 18.416
224, 18.356
225, 18.799
226, 19.462
227, 18.792
228, 18.799
229, 18.454
230, 18.626
231, 18.567
232, 18.348
233, 18.582
234, 19.154
235, 19.491
236, 19.597
237, 19.809
238, 20.033
239, 19.883
240, 19.942
241, 19.642
242, 19.566
243, 19.244
244, 19.746
245, 19.793
246, 19.538
247, 19.476
248, 18.973
249, 18.981
250, 18.823
251, 19.093
252, 19.063
253, 18.77
254, 19.432
255, 19.311
256, 18.995
257, 18.995
258, 18.701
259, 18.394
260, 18.131
261, 18.116
262, 17.717
263, 18.379
264, 18.799
265, 18.25
266, 18.59
267, 18.438
268, 18.183
269, 18.333
270, 16.574
271, 16.461
272, 15.904
273, 16.056
274, 16.363
275, 16.237
276, 16.641
277, 16.304
278, 16.244
279, 16.327
280, 16.402
281, 16.092
282, 15.754
283, 15.341
284, 15.378
285, 15.807
286, 15.183
287, 15.966
288, 15.904
289, 15.979
290, 15.484
291, 15.558
292, 15.288
293, 15.574
294, 15.31
295, 15.062
296, 14.851
297, 14.92
298, 15.235
299, 15.386
300, 15.235
301, 15.243
302, 15.265
303, 15.243
304, 15.656
305, 15.055
306, 15.288
307, 15.108
308, 14.949
309, 14.994
310, 14.988
311, 15.031
312, 14.844
313, 15.039
314, 15.122
315, 14.98
316, 14.664
317, 14.957
318, 15.078
319, 14.851
320, 14.378
321, 14.476
322, 14.236
323, 13.987
324, 13.904
325, 13.8
326, 13.544
327, 13.754
328, 13.89
329, 13.717
330, 13.475
331, 13.378
332, 13.385
333, 13.31
334, 13.34
335, 13.663
336, 13.288
337, 13.288
338, 13.687
339, 13.528
340, 13.565
341, 13.536
342, 13.604
343, 13.536
344, 13.828
345, 14.574
346, 13.8
347, 14.176
348, 13.709
349, 13.738
350, 13.821
351, 14.107
352, 13.723
353, 13.085
354, 13.235
355, 13.332
356, 13.37
357, 13.191
358, 13.475
359, 13.22
360, 13.032
361, 13.144
362, 13.491
363, 13.356
364, 13.13
365, 13.069
366, 13.062
367, 13.204
368, 13.167
369, 13.431
370, 13.731
371, 14.138
372, 14.273
373, 14.055
374, 13.934
375, 13.919
376, 13.709
377, 13.792
378, 13.709
379, 14.016
380, 14.776
381, 15.341
382, 14.972
383, 14.746
384, 14.83
385, 14.423
386, 14.627
387, 14.746
388, 14.912
389, 15.514
390, 15.416
391, 15.702
392, 15.784
393, 15.942
394, 15.641
395, 15.845
396, 15.536
397, 15.356
398, 15.582
399, 15.731
400, 16.017
401, 16.799
402, 15.491
403, 15.198
404, 15.288
405, 15.626
406, 15.814
407, 15.762
408, 15.912
409, 15.702
410, 16.033
411, 16.371
412, 16.551
413, 16.701
414, 16.535
415, 15.446
416, 15.484
417, 15.22
418, 15.115
419, 14.92
420, 15.243
421, 15.528
422, 15.31
423, 15.191
424, 15.002
425, 14.867
426, 14.904
427, 15.062
428, 15.303
429, 15.281
430, 15.018
431, 14.988
432, 15.115
433, 15.191
434, 15.454
435, 15.446
436, 15.528
437, 15.01
438, 15.198
439, 15.22
440, 15.1
441, 15.183
442, 14.415
443, 14.483
444, 14.641
445, 14.928
446, 14.634
447, 14.836
448, 14.822
449, 14.867
450, 14.898
451, 15.047
452, 14.972
453, 14.822
454, 14.724
455, 14.768
456, 14.882
457, 14.656
458, 14.589
459, 14.686
460, 14.589
461, 14.506
462, 14.574
463, 14.807
464, 15.01
465, 15.145
466, 14.994
467, 15.408
468, 14.409
469, 14.055
470, 14.295
471, 14.537
472, 14.641
473, 14.634
474, 14.836
475, 15.085
476, 14.784
477, 14.784
478, 14.604
479, 15.468
480, 16.041
481, 15.77
482, 15.739
483, 15.979
484, 15.566
485, 15.784
486, 15.739
487, 15.723
488, 15.889
489, 15.942
490, 16.198
491, 16.1
492, 16.1
493, 16.146
494, 16.167
495, 16.182
496, 16.244
497, 16.327
498, 16.461
499, 16.453
500, 16.409
501, 16.394
502, 17.198
503, 16.386
504, 16.182
505, 15.792
506, 15.454
507, 15.205
508, 15.558
509, 15.386
510, 15.363
511, 15.431
512, 15.528
513, 15.115
514, 15.145
515, 15.018
516, 14.634
517, 14.032
518, 14.213
519, 14.499
520, 14.476
521, 14.341
522, 14.423
523, 14.122
524, 13.994
525, 14.303
526, 14.468
527, 14.415
528, 14.566
529, 14.521
530, 14.619
531, 14.619
532, 15.108
533, 15.604
534, 15.86
535, 15.814
536, 15.604
537, 15.604
538, 15.528
539, 15.468
540, 15.641
541, 15.551
542, 15.596
543, 15.612
544, 15.973
545, 15.799
546, 15.491
547, 15.439
548, 15.484
549, 15.814
550, 15.77
551, 15.731
552, 15.702
553, 15.716
554, 15.318
555, 15.528
556, 15.46
557, 15.078
558, 15.024
559, 14.964
560, 15.031
561, 15.265
562, 15.566
563, 15.401
564, 15.333
565, 15.491
566, 15.574
567, 15.574
568, 15.528
569, 15.582
570, 15.686
571, 15.558
572, 15.325
573, 15.129
574, 15.68
575, 15.958
576, 15.709
577, 15.77
578, 15.821
579, 16.063
580, 16.048
581, 15.979
582, 15.821
583, 15.868
584, 15.829
585, 15.973
586, 15.868
587, 15.919
588, 16.167
589, 15.641
590, 15.966
591, 16.311
592, 15.883
593, 15.829
594, 16.025
595, 15.762
596, 16.431
597, 17.588
598, 16.958
599, 17.537
600, 17.74
601, 17.604
602, 17.686
603, 17.401
604, 17.619
605, 16.988
606, 17.168
607, 17.04
608, 16.777
609, 16.641
610, 16.506
611, 16.355
612, 16.327
613, 15.754
614, 15.484
615, 15.912
616, 16.167
617, 16.964
618, 18.055
619, 17.447
620, 17.145
621, 16.755
622, 16.942
623, 17.559
624, 17.521
625, 17.325
626, 17.349
627, 17.153
628, 17.462
629, 17.138
630, 16.964
631, 17.491
632, 17.491
633, 17.814
634, 17.8
635, 17.657
636, 17.65
637, 17.16
638, 17.055
639, 17.003
640, 16.95
641, 16.597
642, 16.897
643, 16.664
644, 17.619
645, 18.085
646, 18.687
647, 18.642
648, 18.65
649, 18.25
650, 18.289
651, 18.326
652, 18.018
653, 18.792
654, 18.664
655, 18.574
656, 18.725
657, 18.611
658, 18.462
659, 18.431
660, 18.469
661, 17.936
662, 17.936
663, 17.627
664, 17.588
665, 17.582
666, 17.65
667, 17.221
668, 17.282
669, 17.288
670, 16.582
671, 16.567
672, 17.251
673, 17.108
674, 16.513
675, 16.409
676, 15.31
677, 15.468
678, 15.122
679, 15.295
680, 14.859
681, 14.898
682, 14.678
683, 14.912
684, 15.055
685, 15.153
686, 15.078
687, 15.153
688, 14.92
689, 15.085
690, 14.648
691, 14.874
692, 14.138
693, 14.98
694, 15.596
695, 15.273
696, 15.227
697, 14.814
698, 14.648
699, 14.776
700, 15.46
701, 15.424
702, 15.566
703, 15.01
704, 15.318
705, 15.356
706, 14.431
707, 14.326
708, 14.768
709, 14.702
710, 15.258
711, 15.845
712, 15.979
713, 15.935
714, 15.039
715, 15.039
716, 14.928
717, 15.01
718, 14.686
719, 14.153
720, 14.22
721, 13.326
722, 14.099
723, 14.04
724, 13.612
725, 13.912
726, 13.423
727, 13.844
728, 13.326
729, 13.4
730, 13.258
731, 13.077
732, 12.551
733, 12.092
734, 12.032
735, 12.077
736, 12.175
737, 12.363
738, 13.032
739, 12.701
740, 12.1
741, 12.032
742, 12.19
743, 12.332
744, 12.219
745, 12.379
746, 12.498
747, 12.281
748, 12.032
749, 12.039
750, 12.167
751, 12.01
752, 12.032
753, 12.205
754, 12.685
755, 12.52
756, 12.551
757, 12.175
758, 12.242
759, 12.446
760, 12.137
761, 11.792
762, 11.754
763, 11.619
764, 12.536
765, 12.092
766, 12.52
767, 11.949
768, 11.994
769, 12.498
770, 12.159
771, 12.032
772, 12.603
773, 12.408
774, 12.483
775, 12.227
776, 12.167
777, 12.393
778, 12.838
779, 12.928
780, 12.928
781, 12.912
782, 13.212
783, 12.995
784, 12.708
785, 13.024
786, 12.31
787, 12.265
788, 12.242
789, 12.775
790, 12.61
791, 12.747
792, 12.814
793, 12.129
794, 12.422
795, 12.559
796, 12.498
797, 12.575
798, 12.498
799, 12.34
800, 12.671
801, 12.483
802, 12.317
803, 12.317
804, 11.979
805, 12.205
806, 12.032
807, 12.446
808, 12.453
809, 12.393
810, 12.469
811, 12.288
812, 12.032
813, 11.896
814, 11.866
815, 11.784
816, 11.573
817, 11.671
818, 11.513
819, 11.769
820, 11.882
821, 11.627
822, 11.467
823, 11.671
824, 11.957
825, 11.581
826, 11.513
827, 11.627
828, 11.498
829, 11.542
830, 11.701
831, 11.828
832, 11.844
833, 11.746
834, 12.092
835, 11.64
836, 11.475
837, 11.318
838, 11.475
839, 11.205
840, 10.798
841, 10.656
842, 10.934
843, 10.739
844, 10.715
845, 10.566
846, 10.813
847, 10.437
848, 10.437
849, 10.874
850, 10.558
851, 10.88
852, 11.445
853, 11.611
854, 11.627
855, 11.536
856, 12.092
857, 12.115
858, 11.904
859, 11.498
860, 11.611
861, 11.754
862, 12.017
863, 11.762
864, 11.369
865, 11.279
866, 11.279
867, 11.332
868, 11.272
869, 11.295
870, 11.814
871, 11.926
872, 12.137
873, 12.085
874, 11.792
875, 11.679
876, 11.536
877, 11.272
878, 11.024
879, 11.062
880, 10.941
881, 10.904
882, 10.784
883, 11.054
884, 10.746
885, 10.784
886, 10.821
887, 10.543
888, 10.543
889, 10.686
890, 10.739
891, 10.715
892, 10.754
893, 10.972
894, 10.715
895, 11.491
896, 11.25
897, 11.656
898, 11.746
899, 11.769
900, 11.581
901, 11.355
902, 11.076
903, 11.092
904, 10.332
905, 10.693
906, 10.596
907, 10.303
908, 9.972
909, 9.3688
910, 9.0464
911, 8.3771
912, 7.956
913, 7.8808
914, 8.7307
915, 8.1216
916, 7.5726
917, 7.3994
918, 7.2643
919, 7.2192
920, 6.971
921, 6.7227
922, 6.595
923, 6.2641
924, 5.9783
925, 6.1438
926, 6.0534
927, 6.1514
928, 6.2942
929, 6.2264
930, 6.1964
931, 6.016
932, 5.7828
933, 5.9183
934, 5.7451
935, 5.5121
936, 4.9857
937, 5.6325
938, 4.9556
939, 5.0232
940, 4.933
941, 4.497
942, 4.1811
943, 4.2939
944, 4.7376
945, 4.7751
946, 5.091
947, 5.1211
948, 4.3241
949, 4.5495
950, 4.7601
951, 4.5871
952, 4.6999
953, 4.9179
954, 4.7828
955, 5.1211
956, 4.8881
957, 5.2639
958, 4.933
959, 5.3842
960, 5.4518
961, 5.4068
962, 5.6173
963, 5.2639
964, 5.0006
965, 4.9933
966, 5.0308
967, 4.7225
968, 5.0986
969, 5.1059
970, 5.3166
971, 5.3242
972, 5.8278
973, 5.437
974, 5.2565
975, 4.9256
976, 4.7976
977, 4.8653
978, 4.6548
979, 4.903
980, 4.9407
981, 4.4517
982, 4.7751
983, 4.715
984, 4.685
985, 4.9857
986, 4.9556
987, 5.1435
988, 4.7751
989, 4.7525
990, 4.963
991, 5.0006
992, 4.8126
993, 4.7074
994, 4.8355
995, 4.7074
996, 4.3992
997, 4.4668
998, 4.4668
999, 4.5195
1000, 4.3465
1001, 4.3992
1002, 4.3241
1003, 4.2788
1004, 4.0381
1005, 4.1886
1006, 4.0834
1007, 3.9704
1008, 3.9856
1009, 3.775
1010, 3.8352
1011, 4.1434
1012, 3.8051
1013, 3.8427
1014, 3.6773
1015, 3.9629
1016, 3.6999
1017, 4.1662
1018, 4.4066
1019, 4.1135
1020, 4.3465
1021, 4.6171
1022, 4.5721
1023, 4.3315
1024, 5.204
1025, 4.8954
1026, 4.9556
1027, 5.1286
1028, 4.7225
1029, 4.5421
1030, 4.4517
1031, 4.5269
1032, 5.0459
1033, 5.4744
1034, 5.3919
1035, 5.2263
1036, 5.4821
1037, 5.9183
1038, 5.768
1039, 5.6624
1040, 5.7002
1041, 5.9708
1042, 6.1814
1043, 5.7451
1044, 6.1212
1045, 6.2567
1046, 6.1514
1047, 6.2039
1048, 6.2415
1049, 6.3092
1050, 6.5421
1051, 6.4672
1052, 6.6024
1053, 6.7679
1054, 6.595
1055, 6.6024
1056, 6.3394
1057, 6.7454
1058, 6.6402
1059, 6.422
1060, 6.1286
1061, 6.2115
1062, 6.2491
1063, 6.5724
1064, 6.5421
1065, 6.422
1066, 6.3693
1067, 6.2716
1068, 6.6851
1069, 6.2415
1070, 6.3092
1071, 6.7378
1072, 7.3319
1073, 7.3394
1074, 7.1065
1075, 7.4222
1076, 7.4898
1077, 7.4598
1078, 7.7154
1079, 7.9259
1080, 7.8883
1081, 8.0613
1082, 8.0988
1083, 8.1817
1084, 8.4222
1085, 8.4222
1086, 9.0691
1087, 8.836
1088, 8.8284
1089, 8.9261
1090, 8.9261
1091, 9.084
1092, 8.7082
1093, 8.4372
1094, 8.9487
1095, 8.46
1096, 8.1365
1097, 8.0312
1098, 8.0012
1099, 7.9335
1100, 8.0387
1101, 8.4749
1102, 8.4675
1103, 9.099
1104, 9.0012
1105, 8.9261
1106, 8.9787
1107, 8.8735
1108, 8.9037
1109, 9.0164
1110, 9.588
1111, 9.55
1112, 9.596
1113, 9.4069
1114, 9.67
1115, 9.851
1116, 9.603
1117, 9.505
1118, 8.9562
1119, 8.7608
1120, 8.7608
1121, 8.8133
1122, 8.6855
1123, 9.084
1124, 9.1515
1125, 8.3547
1126, 8.6102
1127, 9.1217
1128, 9.1819
1129, 9.2425
1130, 9.4672
1131, 9.4821
1132, 9.2793
1133, 9.4455
1134, 9.694
1135, 9.4672
1136, 9.2348
1137, 9.0691
1138, 9.0691
1139, 9.2115
1140, 9.257
1141, 9.3845
1142, 9.694
1143, 9.678
1144, 9.588
1145, 9.701
1146, 9.694
1147, 9.709
1148, 9.596
1149, 9.701
1150, 9.58
1151, 9.655
1152, 9.805
1153, 9.919
1154, 9.829
1155, 10.527
1156, 10.129
1157, 10.069
1158, 9.521
1159, 9.859
1160, 9.986
1161, 10.047
1162, 10.055
1163, 10.032
1164, 10.543
1165, 10.798
1166, 10.574
1167, 10.519
1168, 10.513
1169, 10.242
1170, 10.46
1171, 10.221
1172, 10.039
1173, 10.076
1174, 9.753
1175, 9.4979
1176, 9.3023
1177, 8.7908
1178, 8.7608
1179, 8.2268
1180, 8.0312
1181, 7.911
1182, 7.6853
1183, 7.9259
1184, 7.8132
1185, 7.9484
1186, 7.5726
1187, 7.6253
1188, 7.5274
1189, 7.8358
1190, 8.0613
1191, 7.9935
1192, 7.8959
1193, 7.6253
1194, 7.6929
1195, 8.0463
1196, 7.9185
1197, 7.708
1198, 7.3921
1199, 7.3168
1200, 7.5576
1201, 7.8659
1202, 7.7154
1203, 8.2344
1204, 8.317
1205, 8.0312
1206, 8.0765
1207, 7.9411
1208, 7.9411
1209, 8.287
1210, 8.1064
1211, 8.1516
1212, 8.2268
1213, 7.8959
1214, 8.1441
1215, 8.1516
1216, 8.2419
1217, 8.2493
1218, 8.2644
1219, 8.1216
1220, 8.114
1221, 8.1365
1222, 8.4299
1223, 8.1216
1224, 7.9861
1225, 7.8959
1226, 7.9035
1227, 7.9711
1228, 7.8207
1229, 8.0463
1230, 8.1291
1231, 8.0012
1232, 8.332
1233, 8.1516
1234, 7.9484
1235, 7.8959
1236, 7.8583
1237, 7.6629
1238, 7.783
1239, 8.6779
1240, 8.4299
1241, 8.3019
1242, 8.2419
1243, 8.2644
1244, 8.1591
1245, 8.1365
1246, 8.1441
1247, 8.1966
1248, 8.317
1249, 8.4299
1250, 8.9338
1251, 8.911
1252, 9.1066
1253, 9.257
1254, 9.536
1255, 9.572
1256, 9.588
1257, 9.4227
1258, 9.565
1259, 9.4069
1260, 9.784
1261, 9.964
1262, 10.122
1263, 10.189
1264, 10.452
1265, 10.37
1266, 10.076
1267, 10.107
1268, 10.159
1269, 10.055
1270, 9.529
1271, 9.55
1272, 10.061
1273, 10.009
1274, 9.768
1275, 10.009
1276, 9.957
1277, 9.792
1278, 9.731
1279, 9.949
1280, 9.784
1281, 9.895
1282, 9.632
1283, 9.836
1284, 9.934
1285, 9.964
1286, 9.874
1287, 9.805
1288, 9.784
1289, 9.805
1290, 10.009
1291, 10.739
1292, 10.874
1293, 10.61
1294, 10.55
1295, 10.746
1296, 10.888
1297, 10.859
1298, 10.829
1299, 10.844
1300, 10.429
1301, 10.746
1302, 11.024
1303, 10.355
1304, 10.867
1305, 10.213
1306, 10.221
1307, 9.813
1308, 9.768
1309, 9.867
1310, 10.386
1311, 11.062
1312, 11.009
1313, 11.032
1314, 11.182
1315, 10.934
1316, 10.88
1317, 10.422
1318, 10.272
1319, 9.768
1320, 9.572
1321, 9.2947
1322, 9.867
1323, 9.663
1324, 9.3845
1325, 9.4
1326, 9.67
1327, 9.0089
1328, 8.9936
1329, 9.0164
1330, 9.0691
1331, 9.4979
1332, 9.663
1333, 9.874
1334, 10.264
1335, 10.288
1336, 10.234
1337, 10.303
1338, 10.339
1339, 10.107
1340, 10.115
1341, 9.565
1342, 10.205
1343, 10.213
1344, 9.746
1345, 10.047
1346, 9.903
1347, 9.686
1348, 9.701
1349, 9.851
1350, 10.092
1351, 9.972
1352, 9.611
1353, 9.776
1354, 9.761
1355, 9.513
1356, 9.1066
1357, 9.3023
1358, 9.4524
1359, 9.2048
1360, 9.625
1361, 9.895
1362, 9.949
1363, 9.761
1364, 9.625
1365, 8.6328
1366, 8.6328
1367, 8.6704
1368, 8.6328
1369, 8.8433
1370, 8.7531
1371, 8.6478
1372, 8.7834
1373, 8.5274
1374, 8.1666
1375, 7.9861
1376, 7.9035
1377, 8.1516
1378, 8.5202
1379, 8.9487
1380, 8.6478
1381, 8.8509
1382, 8.4447
1383, 8.415
1384, 8.6931
1385, 8.6704
1386, 8.7757
1387, 8.3097
1388, 8.1591
1389, 8.6102
1390, 8.3997
1391, 8.4749
1392, 8.2718
1393, 8.3245
1394, 8.3097
1395, 8.1966
1396, 8.317
1397, 8.287
1398, 8.3396
1399, 8.2493
1400, 8.3847
1401, 8.5274
1402, 8.3472
1403, 8.2419
1404, 7.8659
1405, 8.3922
1406, 8.2644
1407, 8.0688
1408, 8.3097
1409, 8.3547
1410, 8.1817
1411, 8.0387
1412, 8.46
1413, 8.3019
1414, 8.1591
1415, 8.1216
1416, 8.1291
1417, 8.1516
1418, 8.4299
1419, 8.9261
1420, 8.7231
1421, 9.0464
1422, 8.8284
1423, 8.9714
1424, 9.1217
1425, 9.0389
1426, 9.0765
1427, 9.084
1428, 9.227
1429, 9.287
1430, 8.7381
1431, 8.7231
1432, 9.257
1433, 9.3102
1434, 9.792
1435, 9.859
1436, 9.874
1437, 9.882
1438, 10.115
1439, 9.844
1440, 9.805
1441, 9.964
1442, 9.821
1443, 9.784
1444, 10.311
1445, 10.295
1446, 10.476
1447, 10.648
1448, 11.04
1449, 10.994
1450, 11.228
1451, 11.235
1452, 11.34
1453, 11.475
1454, 11.453
1455, 11.423
1456, 11.491
1457, 11.453
1458, 11.483
1459, 11.573
1460, 11.453
1461, 11.565
1462, 11.619
1463, 12.047
1464, 12.219
1465, 12.551
1466, 12.483
1467, 12.386
1468, 12.219
1469, 12.61
1470, 12.115
1471, 12.19
1472, 12.242
1473, 12.054
1474, 12.559
1475, 11.866
1476, 12.024
1477, 11.852
1478, 11.64
1479, 11.648
1480, 11.709
1481, 11.784
1482, 11.828
1483, 12.039
1484, 12.032
1485, 11.648
1486, 11.513
1487, 11.279
1488, 11.581
1489, 11.701
1490, 11.957
1491, 11.866
1492, 12.167
1493, 12.536
1494, 12.528
1495, 12.393
1496, 12.265
1497, 12.198
1498, 12.49
1499, 12.408
1500, 12.371
1501, 12.414
1502, 12.386
1503, 12.205
1504, 11.686
1505, 11.814
1506, 11.762
1507, 11.558
1508, 11.228
1509, 11.295
1510, 11.4
1511, 11.46
1512, 11.73
1513, 11.792
1514, 12.317
1515, 12.43
1516, 12.363
1517, 12.677
1518, 12.671
1519, 12.332
1520, 12.219
1521, 12.152
1522, 11.866
1523, 12.024
1524, 12.024
1525, 12.213
1526, 12.664
1527, 12.575
1528, 12.603
1529, 12.844
1530, 12.949
1531, 12.822
1532, 12.941
1533, 13.114
1534, 13.054
1535, 12.814
1536, 12.807
1537, 12.677
1538, 12.928
1539, 12.671
1540, 12.205
1541, 12.047
1542, 11.663
1543, 11.467
1544, 11.611
1545, 11.671
1546, 11.491
1547, 11.423
1548, 11.762
1549, 11.919
1550, 11.964
1551, 12.477
1552, 12.408
1553, 12.408
1554, 12.371
1555, 11.957
1556, 12.25
1557, 12.851
1558, 12.92
1559, 13.183
1560, 13.032
1561, 13.8
1562, 13.883
1563, 14.153
1564, 13.687
1565, 13.288
1566, 12.979
1567, 13.348
1568, 13.31
1569, 13.273
1570, 13.108
1571, 13.069
1572, 13.204
1573, 13.326
1574, 13.266
1575, 13.536
1576, 13.069
1577, 12.791
1578, 12.324
1579, 12.137
1580, 12.618
1581, 12.74
1582, 12.799
1583, 12.25
1584, 11.505
1585, 12.355
1586, 12.34
1587, 12.355
1588, 12.265
1589, 12.347
1590, 12.934
1591, 12.838
1592, 13.34
1593, 13.37
1594, 13.589
1595, 14.084
1596, 14.37
1597, 14.51
1598, 14.468
1599, 14.333
1600, 14.287
1601, 14.558
1602, 14.558
1603, 14.318
1604, 14.287
1605, 14.537
1606, 14.341
1607, 14.273
1608, 14.153
1609, 14.671
1610, 14.717
1611, 14.949
1612, 14.89
1613, 14.589
1614, 14.529
1615, 14.537
1616, 14.439
1617, 14.446
1618, 14.468
1619, 14.348
1620, 14.189
1621, 13.438
1622, 12.904
1623, 11.619
1624, 12.039
1625, 11.25
1626, 11.882
1627, 11.889
1628, 11.957
1629, 11.912
1630, 11.679
1631, 10.588
1632, 10.7
1633, 10.79
1634, 11.565
1635, 11.619
1636, 11.024
1637, 11.513
1638, 11.573
1639, 11.377
1640, 11.369
1641, 11.174
1642, 10.543
1643, 10.491
1644, 10.641
1645, 10.566
1646, 10.798
1647, 10.761
1648, 10.986
1649, 11.205
1650, 11.295
1651, 11.092
1652, 10.633
1653, 9.934
1654, 9.596
1655, 9.1593
1656, 9.2115
1657, 9.3248
1658, 9.611
1659, 8.8811
1660, 9.0012
1661, 8.9405
1662, 8.3472
1663, 9.49
1664, 9.64
1665, 9.572
1666, 8.9338
1667, 9.632
1668, 9.588
1669, 10.047
1670, 10.189
1671, 10.468
1672, 9.979
1673, 10.355
1674, 9.941
1675, 9.513
1676, 9.565
1677, 9.738
1678, 9.3023
1679, 9.4069
1680, 9.941
1681, 9.895
1682, 9.2425
1683, 9.3924
1684, 9.648
1685, 9.964
1686, 9.678
1687, 9.678
1688, 9.663
1689, 9.3845
1690, 9.4148
1691, 9.558
1692, 9.4306
1693, 9.678
1694, 9.4
1695, 9.4069
1696, 9.257
1697, 9.0314
1698, 9.024
1699, 8.8661
1700, 8.6779
1701, 9.257
1702, 9.1515
1703, 9.901
1704, 9.4455
1705, 9.4979
1706, 9.648
1707, 9.795
1708, 9.49
1709, 9.024
1710, 9.4821
1711, 9.4
1712, 9.529
1713, 9.596
1714, 9.521
1715, 9.611
1716, 9.678
1717, 10.535
1718, 10.617
1719, 10.784
1720, 10.896
1721, 10.919
1722, 10.874
1723, 11.04
1724, 10.888
1725, 10.934
1726, 10.79
1727, 10.79
1728, 10.671
1729, 11.228
1730, 11.671
1731, 11.449
1732, 11.728
1733, 11.373
1734, 11.344
1735, 12.046
1736, 11.728
1737, 12.084
1738, 12.032
1739, 12.122
1740, 12.478
1741, 12.583
1742, 11.707
1743, 11.435
1744, 11.472
1745, 11.518
1746, 11.728
1747, 12.236
1748, 11.925
1749, 11.76
1750, 11.767
1751, 11.533
1752, 11.26
1753, 11.373
1754, 11.411
1755, 11.344
1756, 11.518
1757, 11.373
1758, 11.397
1759, 11.162
1760, 11.306
1761, 11.094
1762, 10.7
1763, 10.716
1764, 10.457
1765, 10.777
1766, 10.61
1767, 10.596
1768, 10.671
1769, 10.807
1770, 10.716
1771, 10.77
1772, 10.739
1773, 10.966
1774, 10.882
1775, 11.026
1776, 10.951
1777, 10.988
1778, 10.875
1779, 10.921
1780, 10.943
1781, 11.2
1782, 11.456
1783, 11.381
1784, 11.405
1785, 11.405
1786, 11.344
1787, 11.487
1788, 11.381
1789, 11.329
1790, 11.359
1791, 11.238
1792, 10.996
1793, 11.238
1794, 11.306
1795, 11.298
1796, 11.223
1797, 11.325
1798, 11.147
1799, 10.929
1800, 10.935
1801, 10.566
1802, 10.574
1803, 10.747
1804, 10.77
1805, 10.988
1806, 10.777
1807, 10.693
1808, 11.162
1809, 10.807
1810, 10.504
1811, 10.603
1812, 10.566
1813, 10.489
1814, 10.503
1815, 10.1
1816, 9.931
1817, 9.983
1818, 9.87
1819, 9.756
1820, 9.606
1821, 9.749
1822, 9.4919
1823, 9.2851
1824, 9.133
1825, 9.0265
1826, 8.8438
1827, 8.6078
1828, 8.3948
1829, 8.3414
1830, 8.2882
1831, 8.3111
1832, 8.5623
1833, 8.5623
1834, 8.6383
1835, 8.5926
1836, 8.6917
1837, 8.6535
1838, 8.6458
1839, 8.6991
1840, 8.6003
1841, 8.8134
1842, 9.1101
1843, 8.9049
1844, 9.0342
1845, 8.7755
1846, 8.5317
1847, 8.7145
1848, 8.6991
1849, 8.9961
1850, 8.7905
1851, 8.9503
1852, 8.8134
1853, 8.6078
1854, 8.5623
1855, 8.6078
1856, 8.7068
1857, 8.6458
1858, 8.6611
1859, 8.5165
1860, 8.4176
1861, 8.5623
1862, 8.5472
1863, 8.4024
1864, 7.9837
1865, 7.9914
1866, 8.2044
1867, 9.841
1868, 9.621
1869, 9.4672
1870, 9.4376
1871, 9.0265
1872, 9.0722
1873, 9.2773
1874, 9.3688
1875, 9.2629
1876, 9.1559
1877, 9.0417
1878, 9.1027
1879, 9.0875
1880, 8.9503
1881, 9.0265
1882, 9.0113
1883, 9.133
1884, 9.2396
1885, 9.506
1886, 9.575
1887, 9.606
1888, 9.628
1889, 9.836
1890, 9.904
1891, 9.973
1892, 9.537
1893, 9.3914
1894, 9.4524
1895, 9.2231
1896, 9.567
1897, 9.82
1898, 9.942
1899, 9.966
1900, 9.828
1901, 9.904
1902, 10.05
1903, 10.08
1904, 10.034
1905, 9.759
1906, 9.666
1907, 9.628
1908, 9.728
1909, 9.636
1910, 9.4979
1911, 9.606
1912, 9.361
1913, 9.4376
1914, 9.4524
1915, 9.3836
1916, 9.4751
1917, 9.514
1918, 9.49
1919, 9.2841
1920, 9.506
1921, 9.75
1922, 9.72
1923, 9.49
1924, 9.644
1925, 9.836
1926, 9.614
1927, 9.2376
1928, 9.4217
1929, 9.518
1930, 9.4603
1931, 9.53
1932, 8.3034
1933, 8.1809
1934, 8.4873
1935, 8.4182
1936, 8.2727
1937, 8.1196
1938, 7.9818
1939, 7.8515
1940, 7.9051
1941, 7.8668
1942, 7.8132
1943, 7.6523
1944, 7.6523
1945, 7.6983
1946, 7.9839
1947, 7.8141
1948, 7.8604
1949, 7.9222
1950, 8.0071
1951, 8.0612
1952, 8.1693
1953, 8.4086
1954, 8.3699
1955, 8.1307
1956, 8.6558
1957, 8.7098
1958, 8.7946
1959, 9.0495
1960, 9.0341
1961, 9.574
1962, 8.8757
1963, 8.941
1964, 8.8106
1965, 9.0061
1966, 9.314
1967, 9.313
1968, 9.2851
1969, 9.0434
1970, 8.9969
1971, 8.9596
1972, 9.1179
1973, 8.9596
1974, 9.2667
1975, 9.509
1976, 9.3874
1977, 9.3228
1978, 9.313
1979, 9.0713
1980, 9.2202
1981, 9.36
1982, 9.3786
1983, 9.3786
1984, 9.4445
1985, 9.397
1986, 9.639
1987, 9.49
1988, 9.751
1989, 9.696
1990, 9.806
1991, 9.928
1992, 9.966
1993, 10.076
1994, 10.096
1995, 10.059
1996, 9.947
1997, 10.04
1998, 10.031
1999, 10.218
2000, 10.143
2001, 10.086
2002, 9.947
2003, 10.179
2004, 10.366
2005, 10.337
2006, 10.151
2007, 10.356
2008, 10.395
2009, 10.469
2010, 10.645
2011, 10.533
2012, 10.75
2013, 10.674
2014, 10.327
2015, 10.599
2016, 9.934
2017, 10.056
2018, 9.858
2019, 9.971
2020, 10.018
2021, 9.811
2022, 9.971
2023, 10.149
2024, 10.261
2025, 10.429
2026, 10.271
2027, 10.271
2028, 10.768
2029, 10.786
2030, 10.909
2031, 10.599
2032, 10.674
2033, 10.721
2034, 10.365
2035, 10.384
2036, 10.403
2037, 10.13
2038, 10.234
2039, 10.215
2040, 10.083
2041, 9.886
2042, 10.327
2043, 10.196
2044, 10.261
2045, 9.801
2046, 9.755
2047, 9.3522
2048, 9.4643
2049, 9.68
2050, 9.717
2051, 9.858
2052, 9.971
2053, 10.102
2054, 9.905
2055, 9.942
2056, 10.112
2057, 9.605
2058, 9.793
2059, 10.018
2060, 10.092
2061, 10.167
2062, 10.458
2063, 10.384
2064, 10.3
2065, 10.327
2066, 10.318
2067, 10.325
2068, 10.478
2069, 10.608
2070, 10.824
2071, 10.909
2072, 10.581
2073, 10.646
2074, 10.552
2075, 10.909
2076, 10.721
2077, 10.815
2078, 10.65
2079, 10.854
2080, 10.787
2081, 10.675
2082, 10.666
2083, 10.702
2084, 10.759
2085, 10.598
2086, 10.419
2087, 10.627
2088, 10.353
2089, 10.268
2090, 10.428
2091, 10.362
2092, 10.069
2093, 10.183
2094, 9.882
2095, 9.957
2096, 10.051
2097, 10.163
2098, 10.163
2099, 10.467
2100, 10.637
2101, 10.759
2102, 10.949
2103, 11.005
2104, 11.232
2105, 11.241
2106, 11.364
2107, 11.543
2108, 11.487
2109, 11.582
2110, 11.6
2111, 11.6
2112, 11.666
2113, 11.666
2114, 11.458
2115, 11.43
2116, 11.346
2117, 11.156
2118, 11.033
2119, 10.995
2120, 10.721
2121, 10.646
2122, 10.627
2123, 11.241
2124, 11.147
2125, 10.607
2126, 10.467
2127, 10.392
2128, 10.248
2129, 10.287
2130, 10.163
2131, 10.098
2132, 10.126
2133, 10.193
2134, 10.231
2135, 10.163
2136, 10.335
2137, 10.308
2138, 10.308
2139, 10.278
2140, 10.288
2141, 10.555
2142, 10.459
2143, 10.688
2144, 10.63
2145, 10.764
2146, 10.859
2147, 11.345
2148, 11.611
2149, 11.421
2150, 11.258
2151, 11.316
2152, 11.325
2153, 11.382
2154, 11.297
2155, 11.325
2156, 11.43
2157, 11.583
2158, 11.536
2159, 11.392
2160, 11.25
2161, 11.116
2162, 11.126
2163, 11.059
2164, 11.002
2165, 11.021
2166, 10.811
2167, 10.62
2168, 10.535
2169, 10.535
2170, 10.63
2171, 10.916
2172, 11.04
2173, 10.945
2174, 10.935
2175, 10.982
2176, 11.012
2177, 10.992
2178, 11.078
2179, 11.458
2180, 11.553
2181, 11.601
2182, 11.478
2183, 11.468
2184, 11.43
2185, 11.402
2186, 9.518
2187, 9.518
2188, 9.2222
2189, 9.2125
2190, 9.1269
2191, 9.2696
2192, 9.3562
2193, 9.3562
2194, 9.4504
2195, 9.4217
2196, 9.2589
2197, 9.2974
2198, 9.3062
2199, 9.3738
2200, 9.642
2201, 9.556
2202, 9.585
2203, 9.873
2204, 9.96
2205, 9.873
2206, 9.4791
2207, 9.633
2208, 9.489
2209, 9.575
2210, 9.711
2211, 9.749
2212, 9.585
2213, 9.489
2214, 9.4989
2215, 9.4415
2216, 9.4989
2217, 9.4989
2218, 9.595
2219, 9.575
2220, 9.595
2221, 9.595
2222, 9.595
2223, 9.556
2224, 9.844
2225, 9.797
2226, 10.036
2227, 9.883
2228, 9.854
2229, 9.749
2230, 9.777
2231, 9.805
2232, 9.911
2233, 9.997
2234, 9.777
2235, 9.844
2236, 10.478
2237, 10.67
2238, 10.458
2239, 10.975
2240, 10.717
2241, 10.67
2242, 10.497
2243, 10.41
2244, 10.372
2245, 10.103
2246, 10.17
2247, 10.401
2248, 10.046
2249, 9.97
2250, 9.115
2251, 8.9807
2252, 8.7887
2253, 8.6736
2254, 8.875
2255, 8.8079
2256, 8.9711
2257, 9.0477
2258, 9.115
2259, 8.8272
2260, 8.9039
2261, 8.8654
2262, 8.9135
2263, 8.9909
2264, 9.0489
2265, 9.2038
2266, 9.1263
2267, 9.0586
2268, 9.4741
2269, 9.4366
2270, 9.4168
2271, 9.4069
2272, 9.4267
2273, 9.4267
2274, 9.397
2275, 9.1941
2276, 9.2038
2277, 9.2716
2278, 9.708
2279, 9.688
2280, 9.698
2281, 9.969
2282, 9.823
2283, 9.813
2284, 9.649
2285, 9.591
2286, 9.571
2287, 9.533
2288, 9.581
2289, 9.688
2290, 9.4741
2291, 9.2909
2292, 9.0586
2293, 9.1166
2294, 9.1845
2295, 8.9522
2296, 8.9425
2297, 8.9522
2298, 9.078
2299, 9.136
2300, 9.1748
2301, 9.4168
2302, 9.3874
2303, 9.2909
2304, 8.6908
2305, 8.5651
2306, 8.4392
2307, 8.2844
2308, 8.207
2309, 8.0908
2310, 8.1876
2311, 8.1973
2312, 7.878
2313, 7.8973
2314, 7.7521
2315, 7.7909
2316, 7.9553
2317, 7.8101
2318, 6.9101
2319, 6.4939
2320, 6.465
2321, 6.7262
2322, 6.8423
2323, 6.9681
2324, 6.8508
2325, 7.0171
2326, 7.3695
2327, 7.2911
2328, 7.2324
2329, 7.1346
2330, 6.8312
2331, 6.7626
2332, 6.6647
2333, 6.8801
2334, 6.9388
2335, 6.929
2336, 6.929
2337, 7.0171
2338, 6.8703
2339, 6.929
2340, 6.7724
2341, 6.9975
2342, 7.0269
2343, 7.0465
2344, 6.9779
2345, 6.9094
2346, 6.7039
2347, 6.6061
2348, 6.7039
2349, 6.6257
2350, 6.6647
2351, 6.6647
2352, 6.7724
2353, 6.8801
2354, 6.6745
2355, 6.4788
2356, 6.4494
2357, 6.3614
2358, 6.2733
2359, 6.1852
2360, 6.1656
2361, 6.1265
2362, 6.0678
2363, 6.1558
2364, 6.1461
2365, 6.2635
2366, 6.0776
2367, 6.0091
2368, 5.9307
2369, 5.9112
2370, 5.9209
2371, 5.9699
2372, 5.8525
2373, 6.6257
2374, 6.6647
2375, 6.7137
2376, 6.8703
2377, 6.7431
2378, 6.841
2379, 6.9388
2380, 6.7039
2381, 6.6843
2382, 6.7333
2383, 6.5571
2384, 6.6941
2385, 6.8018
2386, 6.6355
2387, 6.8508
2388, 6.929
2389, 7.2324
2390, 7.4966
2391, 7.5358
2392, 7.3281
2393, 7.338
2394, 7.5358
2395, 7.2886
2396, 7.2886
2397, 7.3182
2398, 7.338
2399, 7.2193
2400, 7.2391
2401, 7.3281
2402, 7.2688
2403, 7.1798
2404, 7.338
2405, 7.4369
2406, 7.3973
2407, 7.3083
2408, 7.0908
2409, 6.9128
2410, 6.9325
2411, 6.7644
2412, 6.7842
2413, 6.7249
2414, 6.715
2415, 6.7348
2416, 6.6754
2417, 6.6853
2418, 6.5469
2419, 6.4282
2420, 6.4974
2421, 6.1513
2422, 6.0623
2423, 6.1414
2424, 6.3985
2425, 6.7941
2426, 6.7743
2427, 6.7842
2428, 6.8336
2429, 6.7545
2430, 6.4578
2431, 6.715
2432, 6.537
2433, 6.3985
2434, 7.0018
2435, 7.0611
2436, 7.0512
2437, 7.0215
2438, 7.0809
2439, 7.2292
2440, 7.2985
2441, 7.2589
2442, 7.1106
2443, 7.2589
2444, 7.2292
2445, 7.2094
2446, 7.1106
2447, 7.1501
2448, 6.8831
2449, 6.9227
2450, 6.6853
2451, 6.715
2452, 7.0018
2453, 7.1402
2454, 7.16
2455, 7.19
2456, 7.17
2457, 7.16
2458, 7.31
2459, 7.29
2460, 7.4
2461, 7.45
2462, 7.39
2463, 7.72
2464, 7.54
2465, 7.54
2466, 7.5
2467, 7.4
2468, 7.43
2469, 7.57
2470, 7.55
2471, 7.74
2472, 7.77
2473, 7.63
2474, 7.76
2475, 7.77
2476, 7.77
2477, 7.7
2478, 7.76
2479, 7.88
2480, 7.8
2481, 7.48
2482, 7.32
2483, 7.54
2484, 7.44
2485, 7.43
2486, 7.2
2487, 7.04
2488, 6.95
2489, 6.96
2490, 7.01
2491, 7.11
2492, 7.34
2493, 7.5
2494, 7.55
2495, 7.47
2496, 7.44
2497, 6.73
2498, 6.27
2499, 6.23
2500, 6.36
2501, 6.32
2502, 6.59
2503, 6.7
2504, 6.55
2505, 6.57
2506, 6.52
2507, 6.48
2508, 6.5
2509, 6.41
2510, 6.51
2511, 6.4
2512, 6.55
2513, 6.32
2514, 6.45
2515, 6.5
2516, 6.89
2517, 6.91
2518, 6.82
2519, 6.8
2520, 6.65
2521, 6.65
2522, 6.49
2523, 6.48
2524, 6.38
2525, 6.41
2526, 6.49
2527, 6.49
2528, 6.44
2529, 6.41
2530, 6.66
2531, 6.64
2532, 6.65
2533, 6.59
2534, 6.55
2535, 6.41
2536, 6.29
2537, 6.16
2538, 6.19
2539, 6.18
2540, 6.1
2541, 6.1
2542, 6.2
2543, 6.16
2544, 6.13
2545, 6.08
2546, 6.03
2547, 6.03
2548, 6.04
2549, 6.08
2550, 6.08
2551, 5.97
2552, 6.05
2553, 5.98
2554, 5.9
2555, 5.9
2556, 5.91
2557, 5.78
2558, 5.8
2559, 5.81
2560, 5.7
2561, 5.7
2562, 5.74
2563, 5.63
2564, 5.61
2565, 5.61
2566, 5.59
2567, 5.67
2568, 5.6
2569, 5.55
2570, 5.63
2571, 5.53
2572, 5.59
2573, 5.58
2574, 5.52
2575, 5.49
2576, 5.52
2577, 5.48
2578, 5.52
2579, 5.51
2580, 5.47
2581, 5.42
2582, 5.51
2583, 5.49
2584, 5.41
2585, 5.46
2586, 5.51
2587, 5.48
2588, 5.58
2589, 5.58
2590, 5.55
2591, 5.49
2592, 5.47
2593, 5.4
2594, 5.51
2595, 5.51
2596, 5.48
2597, 5.68
2598, 5.54
2599, 5.53
2600, 5.52
2601, 5.28
2602, 5.27
2603, 5.17
2604, 5.21
2605, 5.16
2606, 5.06
2607, 4.93
2608, 4.95
2609, 4.96
2610, 5.16
2611, 5.04
2612, 4.96
2613, 4.84
2614, 4.79
2615, 4.63
2616, 4.49
2617, 4.53
2618, 4.56
2619, 4.52
2620, 4.45
2621, 4.27
2622, 4.67
2623, 4.73
2624, 4.6
2625, 4.52
2626, 4.7
2627, 4.78
2628, 4.64
2629, 4.68
2630, 4.92
2631, 4.79
2632, 4.83
2633, 4.67
2634, 4.72
2635, 4.67
2636, 4.59
2637, 4.63
2638, 4.6
2639, 4.58
2640, 4.38
2641, 4.35
2642, 4.21
2643, 4.4
2644, 4.43
2645, 4.64
2646, 4.48
2647, 4.5
2648, 4.5
2649, 4.48
2650, 4.65
2651, 4.58
2652, 4.48
2653, 4.47
2654, 4.47
2655, 4.45
2656, 4.68
2657, 4.65
2658, 4.5
2659, 4.5
2660, 4.33
2661, 4.46
2662, 4.49
2663, 4.59
2664, 4.53
2665, 4.53
2666, 4.64
2667, 4.78
2668, 4.83
2669, 4.89
2670, 4.87
2671, 4.9
2672, 4.96
2673, 4.94
2674, 4.92
2675, 4.88
2676, 4.84
2677, 4.82
2678, 4.78
2679, 4.72
2680, 4.78
2681, 4.64
2682, 4.82
2683, 4.73
2684, 4.71
2685, 4.72
2686, 4.89
2687, 4.95
2688, 4.67
2689, 4.96
2690, 5.02
2691, 5.02
2692, 5.02
2693, 5.11
2694, 5.17
2695, 5.17
2696, 5.04
2697, 5.0
2698, 4.89
2699, 4.84
2700, 4.82
2701, 4.89
2702, 5.0
2703, 5.03
2704, 4.9
2705, 4.97
2706, 5.02
2707, 5.0
2708, 5.06
2709, 5.04
2710, 5.05
2711, 5.14
2712, 5.18
2713, 5.17
2714, 5.18
2715, 5.12
2716, 5.27
2717, 5.16
2718, 5.13
2719, 5.16
2720, 5.07
2721, 5.13
2722, 5.13
2723, 5.17
2724, 5.21
2725, 5.32
2726, 5.4
2727, 5.31
2728, 5.27
2729, 5.19
2730, 5.19
2731, 5.6
2732, 5.53
2733, 5.53
2734, 5.48
2735, 5.42
2736, 5.53
2737, 5.45
2738, 5.38
2739, 5.33
2740, 5.3
2741, 5.05
2742, 5.15
2743, 5.34
2744, 5.42
2745, 5.48
2746, 5.71
2747, 5.7
2748, 5.75
2749, 6.01
2750, 6.04
2751, 5.96
2752, 6.54
2753, 6.7
2754, 6.62
2755, 6.7
2756, 6.69
2757, 6.91
2758, 6.87
2759, 6.86
2760, 6.94
2761, 6.92
2762, 6.93
2763, 7.06
2764, 7.06
2765, 7.2
2766, 7.32
2767, 7.14
2768, 7.05
2769, 7.13
2770, 7.24
2771, 7.36
2772, 7.2
2773, 7.08
2774, 6.88
2775, 7.0
2776, 6.98
2777, 6.89
2778, 6.9
2779, 7.05
2780, 6.96
2781, 6.97
2782, 6.94
2783, 6.89
2784, 6.91
2785, 6.88
2786, 6.88
2787, 7.0
2788, 7.07
2789, 7.23
2790, 7.26
2791, 7.15
2792, 7.23
2793, 7.25
2794, 7.21
2795, 7.26
2796, 7.16
2797, 7.17
2798, 7.18
2799, 7.18
2800, 7.2
2801, 7.33
2802, 7.44
2803, 7.44
2804, 7.4
2805, 7.24
2806, 7.16
2807, 7.18
2808, 7.18
2809, 7.25
2810, 7.24
2811, 7.1
2812, 7.05
2813, 7.02
2814, 7.01
2815, 7.01
2816, 7.05
2817, 7.02
2818, 7.12
2819, 6.93
2820, 7.19
2821, 7.11
2822, 7.01
2823, 6.77
2824, 6.57
2825, 6.54
2826, 6.57
2827, 6.96
2828, 6.86
2829, 7.02
2830, 6.99
2831, 7.02
2832, 6.99
2833, 6.97
2834, 7.02
2835, 7.04
2836, 6.94
2837, 6.92
2838, 6.93
2839, 6.97
2840, 6.87
2841, 6.63
2842, 6.23
2843, 6.46
2844, 6.3
2845, 6.12
2846, 5.99
2847, 6.27
2848, 6.06
2849, 6.05
2850, 6.16
2851, 5.94
2852, 5.75
2853, 5.97
2854, 5.97
2855, 5.84
2856, 6.04
2857, 5.95
2858, 5.98
2859, 5.82
2860, 6.03
2861, 6.11
2862, 6.15
2863, 6.22
2864, 6.12
2865, 6.46
2866, 6.59
2867, 6.59
2868, 6.62
2869, 6.58
2870, 6.63
2871, 6.62
2872, 6.66
2873, 6.74
2874, 6.77
2875, 6.77
2876, 6.98
2877, 6.85
2878, 5.15
2879, 5.1
2880, 4.93
2881, 4.93
2882, 5.09
2883, 5.11
2884, 5.13
2885, 5.16
2886, 5.25
2887, 5.25
2888, 5.24
2889, 5.23
2890, 5.57
2891, 5.6
2892, 5.66
2893, 5.7
2894, 5.81
2895, 5.78
2896, 5.75
2897, 5.7
2898, 5.57
2899, 5.62
2900, 5.75
2901, 5.69
2902, 5.88
2903, 5.81
2904, 5.58
2905, 5.83
2906, 5.65
2907, 5.67
2908, 5.71
2909, 5.79
2910, 5.78
2911, 5.82
2912, 6.0
2913, 5.965
2914, 5.79
2915, 5.68
2916, 5.65
2917, 5.71
2918, 5.54
2919, 5.64
2920, 5.6
2921, 5.44
2922, 5.52
2923, 5.53
2924, 5.54
2925, 5.69
2926, 5.56
2927, 5.51
2928, 5.42
2929, 5.32
2930, 5.28
2931, 5.21
2932, 5.16
2933, 5.22
2934, 5.21
2935, 5.44
2936, 5.2
2937, 5.2
2938, 5.23
2939, 5.18
2940, 5.18
2941, 5.07
2942, 4.71
2943, 4.62
2944, 4.64
2945, 4.76
2946, 4.98
2947, 5.15
2948, 5.18
2949, 5.3
2950, 5.19
2951, 5.09
2952, 5.21
2953, 5.26
2954, 5.24
2955, 5.33
2956, 5.45
2957, 5.47
2958, 5.63
2959, 5.42
2960, 5.45
2961, 5.2
2962, 5.11
2963, 5.21
2964, 5.3
2965, 5.46
2966, 5.55
2967, 5.79
2968, 5.98
2969, 6.0
2970, 6.12
2971, 6.12
2972, 6.09
2973, 6.49
2974, 6.36
2975, 6.16
2976, 6.07
2977, 5.9
2978, 5.95
2979, 6.09
2980, 6.06
2981, 6.1
2982, 5.92
2983, 5.96
2984, 6.22
2985, 6.1
2986, 6.1
2987, 6.03
2988, 6.41
2989, 6.51
2990, 6.41
2991, 6.46
2992, 6.41
2993, 6.4
2994, 6.27
2995, 6.29
2996, 6.14
2997, 6.22
2998, 6.25
2999, 6.2
3000, 6.27
3001, 6.4
3002, 6.57
3003, 6.57
3004, 6.91
3005, 6.89
3006, 6.8
3007, 6.51
3008, 6.63
3009, 6.68
3010, 7.11
3011, 6.96
3012, 6.76
3013, 6.81
3014, 6.71
3015, 6.78
3016, 6.68
3017, 6.63
3018, 6.55
3019, 6.69
3020, 7.0
3021, 6.7
3022, 6.89
3023, 6.69
3024, 6.73
3025, 6.75
3026, 6.84
3027, 6.7
3028, 6.7
3029, 6.57
3030, 6.63
3031, 6.53
3032, 6.81
3033, 6.7
3034, 6.54
3035, 6.63
3036, 6.57
3037, 6.52
3038, 6.57
3039, 6.52
3040, 6.7
3041, 6.63
3042, 6.68
3043, 6.78
3044, 6.97
3045, 6.71
3046, 6.61
3047, 6.48
3048, 6.41
3049, 6.32
3050, 6.37
3051, 6.36
3052, 6.3
3053, 6.25
3054, 6.3
3055, 6.33
3056, 6.36
3057, 6.55
3058, 6.43
3059, 6.72
3060, 6.92
3061, 7.28
3062, 7.14
3063, 6.98
3064, 6.92
3065, 6.85
3066, 6.83
3067, 7.02
3068, 7.11
3069, 7.15
3070, 7.45
3071, 8.5
3072, 8.39
3073, 8.31
3074, 8.32
3075, 8.24
3076, 7.91
3077, 7.95
3078, 7.88
3079, 8.06
3080, 8.24
3081, 8.15
3082, 8.23
3083, 8.34
3084, 8.49
3085, 8.36
3086, 8.56
3087, 8.89
3088, 8.83
3089, 8.77
3090, 8.75
3091, 8.77
3092, 8.73
3093, 8.65
3094, 8.7
3095, 8.43
3096, 8.24
3097, 8.24
3098, 8.35
3099, 8.31
3100, 8.23
3101, 8.31
3102, 8.44
3103, 8.42
3104, 8.15
3105, 8.28
3106, 8.28
3107, 8.24
3108, 8.32
3109, 8.35
3110, 8.34
3111, 8.48
3112, 8.42
3113, 8.59
3114, 8.59
3115, 8.5
3116, 8.58
3117, 8.58
3118, 8.49
3119, 8.65
3120, 8.91
3121, 8.85
3122, 8.75
3123, 8.73
3124, 8.72
3125, 8.71
3126, 8.67
3127, 8.65
3128, 8.73
3129, 8.48
3130, 9.54
3131, 10.43
3132, 10.64
3133, 10.46
3134, 10.86
3135, 10.8
3136, 10.55
3137, 10.93
3138, 10.97
3139, 10.95
3140, 10.75
3141, 10.88
3142, 10.76
3143, 11.04
3144, 11.3
3145, 11.57
3146, 12.035
3147, 12.38
3148, 12.5
3149, 12.4
3150, 12.32
3151, 12.07
3152, 12.08
3153, 12.12
3154, 12.16
3155, 12.13
3156, 12.32
3157, 12.37
3158, 12.4
3159, 12.35
3160, 12.78
3161, 13.79
3162, 13.94
3163, 13.63
3164, 13.36
3165, 13.46
3166, 13.25
3167, 13.27
3168, 13.67
3169, 13.91
3170, 13.92
3171, 14.07
3172, 14.59
3173, 14.8
3174, 14.85
3175, 14.92
3176, 14.83
3177, 14.73
3178, 14.8
3179, 14.6
3180, 14.49
3181, 14.94
3182, 15.07
3183, 15.4
3184, 14.97
3185, 15.63
3186, 16.18
3187, 16.57
3188, 16.97
3189, 17.01
3190, 17.25
3191, 17.36
3192, 17.89
3193, 16.31
3194, 21.06
3195, 22.03
3196, 23.04
3197, 23.76
3198, 23.85
3199, 23.73
3200, 22.76
