15.0, 39.2857142857143
16.0, 42.857142857142854
17.0, 39.99999999999999
18.0, 36.363636363636374
19.0, 35.294117647058826
20.0, 9.999999999999986
21.0, 9.118541033434639
22.0, 40.0
23.0, 43.58974358974359
24.0, 37.209302325581405
25.0, 46.0
26.0, 46.93877551020408
27.0, 49.01960784313726
28.0, 37.89026977872082
29.0, 42.78933407790032
30.0, 39.90578734858681
31.0, 42.39280774550485
32.0, 42.98737727910238
33.0, 42.39280774550485
34.0, 44.22799422799422
35.0, 42.98737727910238
36.0, 29.270315091210605
37.0, 27.161500815660688
38.0, 30.802792321116925
39.0, 21.172962226640166
40.0, 30.10849909584087
41.0, 30.10849909584087
42.0, 38.43490304709142
43.0, 28.44582363589346
44.0, 40.0
45.0, 37.40648379052369
46.0, 40.59139784946236
47.0, 43.76811594202899
48.0, 44.152046783625735
49.0, 70.19704433497537
50.0, 78.60169491525426
51.0, 85.05535055350555
52.0, 76.18243243243245
53.0, 76.9607843137255
54.0, 69.42567567567568
55.0, 69.16524701873935
56.0, 75.52674230145867
57.0, 71.47239263803681
58.0, 66.88102893890675
59.0, 68.08510638297872
60.0, 66.72025723472669
61.0, 66.0828025477707
62.0, 65.45741324921136
63.0, 57.13446858485027
64.0, 48.831775700934585
65.0, 33.24022346368716
66.0, 41.88311688311689
67.0, 58.177570093457945
68.0, 78.21316614420063
69.0, 83.51126927639383
70.0, 62.34269119070668
71.0, 66.20825147347742
72.0, 69.37618147448015
73.0, 68.72659176029963
74.0, 66.97080291970804
75.0, 67.52529898804048
76.0, 62.521294718909715
77.0, 62.49254113033842
78.0, 65.07936507936509
79.0, 68.65671641791046
80.0, 65.46762589928056
81.0, 60.31746031746031
82.0, 51.45631067961164
83.0, 45.65217391304348
84.0, 58.33333333333332
85.0, 51.999999999999986
86.0, 59.99999999999999
87.0, 66.98113207547169
88.0, 75.19999999999999
89.0, 69.62962962962962
90.0, 64.82758620689654
91.0, 60.784313725490186
92.0, 59.73154362416106
93.0, 56.02836879432623
94.0, 63.1578947368421
95.0, 65.60509554140127
96.0, 61.58536585365853
97.0, 62.72189349112425
98.0, 62.35294117647057
99.0, 71.56862745098039
100.0, 78.1132075471698
101.0, 64.62585034013605
102.0, 60.507246376811594
103.0, 59.430604982206404
104.0, 59.21985815602837
105.0, 62.80701754385965
106.0, 65.47231270358306
107.0, 64.83870967741935
108.0, 60.52631578947369
109.0, 56.91318327974275
110.0, 56.730769230769226
111.0, 54.849498327759186
112.0, 54.12541254125412
113.0, 46.096654275092924
114.0, 21.874999999999986
115.0, 32.02614379084967
116.0, 32.4503311258278
117.0, 37.726285300506866
118.0, 40.95911949685533
119.0, 35.92150170648462
120.0, 16.029723991507424
121.0, 16.740576496674038
122.0, 18.36982968369827
123.0, 14.774951076320932
124.0, 23.05389221556885
125.0, 20.468431771894075
126.0, 20.262096774193523
127.0, 21.566523605150195
128.0, 34.64491362763913
129.0, 29.938271604938222
130.0, 28.754940711462424
131.0, 24.738344433872484
132.0, 26.530612244897938
133.0, 26.153846153846132
134.0, 31.999999999999957
135.0, 34.31372549019606
136.0, 34.65346534653463
137.0, 48.61111111111109
138.0, 35.99999999999996
139.0, 45.97701149425286
140.0, 67.56756756756755
141.0, 61.475409836065566
142.0, 54.12844036697246
143.0, 50.42735042735041
144.0, 48.3606557377049
145.0, 52.94117647058822
146.0, 55.17241379310343
147.0, 54.58515283842792
148.0, 48.69565217391303
149.0, 53.90624999999999
150.0, 50.36496350364961
151.0, 54.34782608695651
152.0, 59.2156862745098
153.0, 52.52100840336133
154.0, 32.73809523809521
155.0, 39.73509933774831
156.0, 37.03703703703701
157.0, 38.461538461538424
158.0, 45.454545454545425
159.0, 43.749999999999964
160.0, 41.538461538461505
161.0, 48.648648648648624
162.0, 67.70833333333331
163.0, 62.650602409638545
164.0, 64.19753086419752
165.0, 63.29113924050631
166.0, 68.30601092896171
167.0, 74.99999999999999
168.0, 69.33962264150942
169.0, 64.84018264840182
170.0, 69.60784313725489
171.0, 71.71717171717171
172.0, 68.26923076923076
173.0, 66.34615384615384
174.0, 64.4859813084112
175.0, 68.06722689075627
176.0, 56.52173913043476
177.0, 51.04166666666664
178.0, 53.26086956521738
179.0, 52.74725274725273
180.0, 50.574712643678154
181.0, 44.15584415584414
182.0, 63.91752577319586
183.0, 59.04761904761903
184.0, 61.1111111111111
185.0, 56.896551724137915
186.0, 61.20689655172412
187.0, 60.68376068376069
188.0, 62.83185840707964
189.0, 52.63157894736841
190.0, 54.736842105263136
191.0, 53.6082474226804
192.0, 54.166666666666664
193.0, 46.66666666666664
194.0, 43.434343434343404
195.0, 39.999999999999964
196.0, 23.170731707317017
197.0, 26.027397260273915
198.0, 21.428571428571388
199.0, 24.999999999999943
200.0, 26.229508196721255
201.0, 26.22950819672124
202.0, 30.15873015873011
203.0, 46.75324675324673
204.0, 43.03797468354429
205.0, 47.2222222222222
206.0, 52.11267605633798
207.0, 60.16260162601624
208.0, 52.71317829457363
209.0, 60.16949152542371
210.0, 58.03571428571426
211.0, 62.50000000000001
212.0, 69.67213114754101
213.0, 73.5714285714286
214.0, 65.00000000000003
215.0, 72.43589743589747
216.0, 72.78481012658233
217.0, 67.91044776119406
218.0, 70.0
219.0, 61.486486486486484
220.0, 62.500000000000014
221.0, 62.913907284768236
222.0, 70.46979865771814
223.0, 68.0
224.0, 67.12328767123287
225.0, 66.66666666666666
226.0, 61.71874999999998
227.0, 52.58620689655171
228.0, 54.46428571428568
229.0, 47.95918367346936
230.0, 38.99999999999994
231.0, 27.10280373831769
232.0, 39.344262295081954
233.0, 45.2830188679245
234.0, 39.5833333333333
235.0, 41.30434782608691
236.0, 48.07692307692302
237.0, 45.66210045662099
238.0, 46.39639639639637
239.0, 48.63636363636362
240.0, 44.871794871794826
241.0, 44.1176470588235
242.0, 51.652892561983435
243.0, 49.999999999999964
244.0, 58.547008547008524
245.0, 70.83333333333331
246.0, 73.52941176470586
247.0, 67.8294573643411
248.0, 59.5238095238095
249.0, 54.34782608695651
250.0, 51.96078431372547
251.0, 52.50297186633202
252.0, 59.099181073703356
253.0, 64.36781609195401
254.0, 64.36781609195403
255.0, 69.24557351809084
256.0, 69.38404061691733
257.0, 68.47170911919113
258.0, 57.465308273318094
259.0, 57.088428141059715
260.0, 47.139042532901
261.0, 51.032417922775124
262.0, 32.76547792655441
263.0, 45.68618428620728
264.0, 46.60748614723509
265.0, 42.731985484707096
266.0, 40.58836183715175
267.0, 34.938047061498224
268.0, 36.489594112912485
269.0, 34.99470401318111
270.0, 33.0363096320543
271.0, 33.73493975903614
272.0, 34.78260869565217
273.0, 41.66666666666666
274.0, 50.25380710659897
275.0, 51.243781094527364
276.0, 72.53521126760562
277.0, 70.45454545454544
278.0, 64.34108527131781
279.0, 76.36363636363635
280.0, 67.24137931034483
281.0, 60.465116279069754
282.0, 59.842519685039356
283.0, 58.39999999999999
284.0, 58.893280632411056
285.0, 57.03124999999999
286.0, 62.39316239316237
287.0, 40.79999999999999
288.0, 29.523809523809533
289.0, 25.961538461538453
290.0, 27.0
291.0, 8.641975308641975
292.0, 9.459459459459453
293.0, 7.999999999999972
294.0, 8.823529411764682
295.0, 16.666666666666643
296.0, 24.999999999999986
297.0, 37.1428571428571
298.0, 42.857142857142826
299.0, 51.76470588235292
300.0, 49.99999999999998
301.0, 74.57627118644066
302.0, 65.57377049180323
303.0, 70.49180327868851
304.0, 68.25396825396824
305.0, 68.25396825396824
306.0, 66.15384615384615
307.0, 62.31884057971012
308.0, 67.18749999999997
309.0, 69.99999999999999
310.0, 65.1515151515151
311.0, 54.23728813559318
312.0, 45.09803921568624
313.0, 31.7073170731707
314.0, 30.95238095238095
315.0, 30.95238095238092
316.0, 39.47368421052627
317.0, 36.98630136986299
318.0, 52.272727272727224
319.0, 54.5454545454545
320.0, 59.99999999999994
321.0, 65.85365853658533
322.0, 66.66666666666663
323.0, 51.35135135135128
324.0, 55.55555555555553
325.0, 58.82352941176467
326.0, 60.60606060606059
327.0, 61.194029850746226
328.0, 80.8510638297872
329.0, 83.33333333333331
330.0, 71.69811320754715
331.0, 66.97247706422014
332.0, 55.1020408163265
333.0, 56.86274509803922
334.0, 54.16666666666666
335.0, 56.52173913043476
336.0, 52.08333333333329
337.0, 57.77777777777774
338.0, 59.57446808510634
339.0, 63.829787234042506
340.0, 66.66666666666666
341.0, 66.99029126213591
342.0, 54.05405405405402
343.0, 63.043478260869534
344.0, 64.44444444444443
345.0, 55.76923076923076
346.0, 53.70370370370366
347.0, 59.01639344262291
348.0, 53.3333333333333
349.0, 52.941176470588196
350.0, 52.17391304347824
351.0, 52.85714285714285
352.0, 59.756097560975604
353.0, 58.74999999999999
354.0, 57.69230769230767
355.0, 56.578947368421034
356.0, 52.63157894736839
357.0, 43.28358208955221
358.0, 44.615384615384585
359.0, 55.172413793103416
360.0, 62.96296296296297
361.0, 56.521739130434774
362.0, 72.16494845360823
363.0, 78.68852459016395
364.0, 87.5
365.0, 70.93023255813952
366.0, 56.09756097560974
367.0, 63.26530612244896
368.0, 61.22448979591835
369.0, 58.252427184466
370.0, 64.60176991150442
371.0, 61.344537815126046
372.0, 64.40677966101694
373.0, 66.66666666666666
374.0, 66.39999999999999
375.0, 67.69230769230768
376.0, 70.4225352112676
377.0, 70.2127659574468
378.0, 63.63636363636363
379.0, 54.54545454545455
380.0, 60.13513513513513
381.0, 63.35403726708074
382.0, 60.714285714285715
383.0, 63.47305389221557
384.0, 60.64516129032257
385.0, 62.251655629139066
386.0, 56.87499999999999
387.0, 51.61290322580645
388.0, 52.531645569620245
389.0, 48.71794871794871
390.0, 38.73239436619717
391.0, 34.831460674157285
392.0, 38.16793893129768
393.0, 57.42574257425741
394.0, 56.12244897959182
395.0, 35.61643835616435
396.0, 37.681159420289816
397.0, 31.428571428571388
398.0, 29.577464788732343
399.0, 27.631578947368382
400.0, 30.434782608695613
401.0, 28.767123287671183
402.0, 22.368421052631533
403.0, 30.76923076923073
404.0, 34.7222222222222
405.0, 30.4964539007092
406.0, 25.71428571428568
407.0, 13.888888888888843
408.0, 15.068493150684873
409.0, 24.67532467532463
410.0, 24.358974358974308
411.0, 24.999999999999957
412.0, 25.675675675675635
413.0, 24.05063291139237
414.0, 35.2941176470588
415.0, 39.99999999999997
416.0, 41.37931034482756
417.0, 41.37931034482756
418.0, 48.17073170731705
419.0, 51.78571428571427
420.0, 53.04878048780486
421.0, 60.41666666666665
422.0, 52.597402597402585
423.0, 45.138888888888864
424.0, 52.816901408450676
425.0, 51.369863013698605
426.0, 42.61363636363634
427.0, 48.70129870129868
428.0, 37.32394366197179
429.0, 33.54430379746832
430.0, 38.06451612903222
431.0, 31.034482758620655
432.0, 18.749999999999943
433.0, 13.333333333333286
434.0, 13.333333333333286
435.0, 12.499999999999957
436.0, 13.11475409836062
437.0, 29.57746478873237
438.0, 22.857142857142833
439.0, 25.757575757575736
440.0, 39.28571428571426
441.0, 52.307692307692285
442.0, 64.86486486486484
443.0, 67.60563380281688
444.0, 68.05555555555554
445.0, 66.21621621621618
446.0, 68.05555555555551
447.0, 68.05555555555551
448.0, 61.24999999999998
449.0, 56.97674418604648
450.0, 65.21739130434781
451.0, 61.445783132530096
452.0, 65.43209876543207
453.0, 62.65060240963852
454.0, 54.65116279069766
455.0, 51.24999999999997
456.0, 53.01204819277106
457.0, 58.53658536585365
458.0, 64.58333333333333
459.0, 67.74193548387098
460.0, 59.433962264150935
461.0, 54.78260869565218
462.0, 62.280701754385966
463.0, 67.61904761904762
464.0, 66.33663366336631
465.0, 66.0
466.0, 66.99029126213591
467.0, 69.3069306930693
468.0, 76.04166666666666
469.0, 66.33663366336631
470.0, 63.043478260869556
471.0, 55.102040816326515
472.0, 31.578947368421026
473.0, 30.973451327433622
474.0, 34.65346534653466
475.0, 40.62499999999998
476.0, 35.955056179775255
477.0, 37.078651685393226
478.0, 29.545454545454533
479.0, 26.136363636363612
480.0, 25.28735632183904
481.0, 34.99999999999997
482.0, 32.98969072164945
483.0, 49.05660377358489
484.0, 43.99999999999998
485.0, 50.53763440860212
486.0, 82.60869565217395
487.0, 72.15189873417722
488.0, 67.85714285714286
489.0, 58.88888888888889
490.0, 54.736842105263136
491.0, 56.99999999999999
492.0, 60.63829787234041
493.0, 61.29032258064516
494.0, 62.10526315789473
495.0, 59.090909090909065
496.0, 56.52173913043476
497.0, 45.9459459459459
498.0, 46.5753424657534
499.0, 47.99999999999999
500.0, 39.99999999999998
501.0, 48.21428571428569
502.0, 49.999999999999964
503.0, 55.10204081632651
504.0, 65.95744680851064
505.0, 55.555555555555536
506.0, 59.59595959595959
507.0, 52.67857142857138
508.0, 56.55737704918032
509.0, 59.23076923076924
510.0, 54.99999999999997
511.0, 54.99999999999997
512.0, 60.389610389610354
513.0, 61.87499999999997
514.0, 70.38834951456309
515.0, 77.23880597014924
516.0, 72.88732394366195
517.0, 76.24113475177303
518.0, 77.51677852348992
519.0, 79.79452054794518
520.0, 81.84615384615384
521.0, 88.13559322033898
522.0, 90.32258064516128
523.0, 77.40585774058577
524.0, 82.07171314741036
525.0, 81.9277108433735
526.0, 82.21343873517787
527.0, 84.69387755102042
528.0, 78.74564459930313
529.0, 77.89855072463769
530.0, 81.43939393939394
531.0, 77.85977859778598
532.0, 72.89377289377289
533.0, 65.13157894736842
534.0, 65.13157894736841
535.0, 62.41134751773049
536.0, 52.966101694915245
537.0, 56.81818181818182
538.0, 52.97029702970297
539.0, 51.44230769230769
540.0, 51.44230769230769
541.0, 35.80246913580244
542.0, 40.1360544217687
543.0, 29.230769230769212
544.0, 32.84671532846714
545.0, 45.27027027027026
546.0, 64.17112299465242
547.0, 79.28994082840237
548.0, 78.125
549.0, 78.125
550.0, 81.92771084337349
551.0, 92.1212121212121
552.0, 94.79999999999998
553.0, 89.77272727272727
554.0, 90.45936395759716
555.0, 93.4959349593496
556.0, 86.86868686868685
557.0, 83.69829683698296
558.0, 85.89473684210526
559.0, 77.04590818363273
560.0, 65.29411764705881
561.0, 60.416666666666664
562.0, 59.88483685220729
563.0, 55.43672014260249
564.0, 48.85993485342019
565.0, 51.31782945736433
566.0, 41.75257731958762
567.0, 44.521739130434774
568.0, 40.32258064516128
569.0, 23.693379790940753
570.0, 25.18248175182481
571.0, 25.650557620817835
572.0, 16.492693110647167
573.0, 29.175050301810856
574.0, 39.708939708939695
575.0, 40.72494669509594
576.0, 33.87978142076501
577.0, 36.8627450980392
578.0, 36.935166994106076
579.0, 31.410256410256395
580.0, 31.818181818181813
581.0, 34.375
582.0, 35.40772532188841
583.0, 47.169811320754704
584.0, 48.010610079575585
585.0, 48.010610079575585
586.0, 44.4736842105263
587.0, 34.876543209876544
588.0, 23.26388888888887
589.0, 28.214285714285708
590.0, 38.72549019607842
591.0, 31.557377049180317
592.0, 40.314136125654436
593.0, 43.283582089552226
594.0, 43.718592964824104
595.0, 31.460674157303345
596.0, 27.860696517412904
597.0, 28.57142857142854
598.0, 28.57142857142857
599.0, 24.78632478632477
600.0, 34.28571428571428
601.0, 30.327868852459005
602.0, 30.70539419087136
603.0, 24.701195219123505
604.0, 24.505928853754938
605.0, 26.839826839826827
606.0, 27.78898301286361
607.0, 20.720720720720706
608.0, 31.759656652360505
609.0, 34.934497816593876
610.0, 36.8663594470046
611.0, 32.075471698113205
612.0, 28.037383177570078
613.0, 34.09090909090908
614.0, 25.161290322580626
615.0, 27.70270270270268
616.0, 25.949367088607573
617.0, 28.082191780821887
618.0, 26.797385620914994
619.0, 27.891156462585002
620.0, 33.78163044171073
621.0, 35.81081081081079
622.0, 23.99999999999997
623.0, 33.09859154929575
624.0, 44.73684210526312
625.0, 46.5753424657534
626.0, 50.3649635036496
627.0, 54.48275862068962
628.0, 55.70469798657716
629.0, 53.99999999999998
630.0, 60.447761194029816
631.0, 65.32258064516125
632.0, 80.15873015873012
633.0, 77.6923076923077
634.0, 77.69230769230768
635.0, 67.78523489932886
636.0, 66.66666666666666
637.0, 61.90476190476189
638.0, 53.77358490566034
639.0, 50.89285714285712
640.0, 47.05882352941174
641.0, 40.35087719298242
642.0, 35.2380952380952
643.0, 33.94495412844033
644.0, 33.6363636363636
645.0, 38.13559322033896
646.0, 34.82142857142853
647.0, 48.59813084112146
648.0, 44.999999999999964
649.0, 53.57142857142852
650.0, 48.3870967741935
651.0, 42.10526315789469
652.0, 40.8163265306122
653.0, 47.42268041237109
654.0, 58.65384615384612
655.0, 61.99999999999998
656.0, 70.0787401574803
657.0, 81.21212121212119
658.0, 83.42857142857142
659.0, 75.82417582417581
660.0, 65.6084656084656
661.0, 62.01117318435753
662.0, 64.76683937823833
663.0, 67.93478260869564
664.0, 70.62146892655366
665.0, 72.2543352601156
666.0, 75.82417582417582
667.0, 70.96774193548387
668.0, 68.9655172413793
669.0, 68.39080459770113
670.0, 61.33333333333331
671.0, 46.788990825688046
672.0, 49.999999999999964
673.0, 51.32743362831856
674.0, 63.04347826086955
675.0, 57.99999999999996
676.0, 41.05263157894733
677.0, 43.43434343434339
678.0, 39.81481481481478
679.0, 43.119266055045834
680.0, 35.05154639175251
681.0, 34.69387755102035
682.0, 31.31313131313125
683.0, 28.44036697247701
684.0, 36.974789915966355
685.0, 39.02439024390239
686.0, 34.21052631578942
687.0, 46.15384615384611
688.0, 42.51968503937003
689.0, 46.551724137931
690.0, 51.923076923076884
691.0, 51.923076923076906
692.0, 58.064516129032235
693.0, 49.504950495049464
694.0, 48.07692307692305
695.0, 54.73684210526311
696.0, 58.51063829787231
697.0, 69.2307692307692
698.0, 70.83333333333331
699.0, 67.41573033707863
700.0, 60.24096385542167
701.0, 36.842105263157855
702.0, 36.08247422680409
703.0, 34.31372549019605
704.0, 32.11009174311924
705.0, 26.956521739130395
706.0, 24.80000000000001
707.0, 27.192982456140356
708.0, 25.40983606557377
709.0, 23.200000000000003
710.0, 20.472440944881896
711.0, 29.370629370629374
712.0, 27.33812949640287
713.0, 25.850340136054413
714.0, 26.027397260273972
715.0, 30.400000000000006
716.0, 33.04347826086958
717.0, 33.04347826086958
718.0, 44.26229508196721
719.0, 47.368421052631575
720.0, 47.78761061946903
721.0, 47.36842105263159
722.0, 54.285714285714285
723.0, 55.88235294117647
724.0, 55.33980582524273
725.0, 43.20987654320989
726.0, 30.882352941176435
727.0, 33.87096774193546
728.0, 35.593220338983
729.0, 34.4262295081967
730.0, 46.478873239436616
731.0, 47.142857142857125
732.0, 27.868852459016367
733.0, 29.999999999999986
734.0, 33.96226415094338
735.0, 32.142857142857125
736.0, 25.0
737.0, 31.746031746031747
738.0, 39.34426229508197
739.0, 31.42857142857143
740.0, 27.160493827160508
741.0, 31.707317073170742
742.0, 28.888888888888914
743.0, 28.26086956521739
744.0, 15.053763440860237
745.0, 22.68041237113404
746.0, 30.612244897959187
747.0, 41.379310344827594
748.0, 39.6694214876033
749.0, 40.33613445378151
750.0, 47.107438016528924
751.0, 42.62295081967215
752.0, 42.1487603305785
753.0, 46.846846846846844
754.0, 56.88073394495414
755.0, 57.65765765765768
756.0, 64.86486486486487
757.0, 73.14814814814815
758.0, 71.17117117117117
759.0, 60.68376068376069
760.0, 60.68376068376069
761.0, 49.52380952380952
762.0, 58.18181818181818
763.0, 55.17241379310345
764.0, 50.458715596330286
765.0, 52.38095238095238
766.0, 51.45631067961166
767.0, 49.056603773584904
768.0, 43.29896907216494
769.0, 37.11340206185565
770.0, 33.69565217391302
771.0, 27.272727272727224
772.0, 37.66233766233764
773.0, 59.52380952380953
774.0, 44.68085106382978
775.0, 45.16129032258064
776.0, 37.037037037037024
777.0, 38.961038961038945
778.0, 37.49999999999998
779.0, 37.974683544303765
780.0, 35.802469135802454
781.0, 36.70886075949365
782.0, 38.749999999999986
783.0, 40.25974025974024
784.0, 40.25974025974024
785.0, 39.74358974358972
786.0, 38.96103896103892
787.0, 16.0714285714285
788.0, 20.454545454545396
789.0, 18.74999999999993
790.0, 32.758620689655146
791.0, 35.18518518518515
792.0, 35.18518518518515
793.0, 34.54545454545452
794.0, 33.928571428571416
795.0, 33.928571428571416
796.0, 36.206896551724135
797.0, 39.28571428571426
798.0, 34.54545454545455
799.0, 36.53846153846153
800.0, 37.73584905660379
801.0, 35.08771929824562
802.0, 37.03703703703703
803.0, 43.478260869565204
804.0, 36.58536585365852
805.0, 52.83018867924528
806.0, 68.25396825396827
807.0, 73.13432835820896
808.0, 77.77777777777779
809.0, 68.05555555555554
810.0, 66.66666666666666
811.0, 60.8108108108108
812.0, 54.21686746987952
813.0, 57.47126436781608
814.0, 55.95238095238095
815.0, 61.62790697674418
816.0, 63.095238095238095
817.0, 60.22727272727273
818.0, 56.470588235294116
819.0, 48.611111111111114
820.0, 40.322580645161295
821.0, 35.08771929824559
822.0, 31.746031746031733
823.0, 44.82758620689654
824.0, 42.37288135593217
825.0, 48.14814814814815
826.0, 56.521739130434796
827.0, 47.72727272727273
828.0, 45.2380952380952
829.0, 45.238095238095255
830.0, 52.17391304347826
831.0, 62.79069767441863
832.0, 72.54901960784315
833.0, 69.81132075471696
834.0, 69.81132075471696
835.0, 59.016393442622956
836.0, 67.7966101694915
837.0, 62.962962962962976
838.0, 61.81818181818182
839.0, 61.81818181818182
840.0, 67.85714285714286
841.0, 76.1904761904762
842.0, 77.94117647058823
843.0, 63.513513513513516
844.0, 52.499999999999986
845.0, 48.148148148148145
846.0, 40.27777777777776
847.0, 29.591836734693885
848.0, 25.263157894736835
849.0, 27.272727272727266
850.0, 22.98850574712644
851.0, 26.66666666666667
852.0, 33.684210526315795
853.0, 31.958762886597924
854.0, 29.787234042553195
855.0, 22.352941176470594
856.0, 16.09195402298853
857.0, 17.94871794871797
858.0, 20.00000000000003
859.0, 27.777777777777786
860.0, 27.39726027397262
861.0, 42.553191489361694
862.0, 44.44444444444445
863.0, 50.0
864.0, 53.488372093023266
865.0, 48.71794871794872
866.0, 35.48387096774195
867.0, 36.666666666666686
868.0, 34.482758620689694
869.0, 45.7142857142857
870.0, 57.14285714285715
871.0, 59.25925925925926
872.0, 59.25925925925926
873.0, 43.47826086956524
874.0, 51.111111111111086
875.0, 56.097560975609774
876.0, 62.500000000000036
877.0, 60.86956521739131
878.0, 50.0
879.0, 45.16129032258063
880.0, 45.16129032258063
881.0, 45.16129032258063
882.0, 48.48484848484846
883.0, 39.285714285714285
884.0, 33.33333333333333
885.0, 39.39393939393938
886.0, 46.875000000000014
887.0, 44.11764705882352
888.0, 40.298507462686594
889.0, 42.0289855072464
890.0, 35.48387096774192
891.0, 35.48387096774192
892.0, 40.74074074074074
893.0, 39.285714285714285
894.0, 37.93103448275862
895.0, 40.74074074074074
896.0, 42.85714285714289
897.0, 44.82758620689654
898.0, 63.33333333333332
899.0, 75.55555555555557
900.0, 76.59574468085107
901.0, 73.46938775510203
902.0, 76.92307692307692
903.0, 79.99999999999999
904.0, 82.6086956521739
905.0, 85.88235294117646
906.0, 89.99999999999999
907.0, 93.45794392523364
908.0, 81.30081300813008
909.0, 82.44274809160305
910.0, 75.0
911.0, 67.54966887417217
912.0, 68.38709677419354
913.0, 58.940397350993386
914.0, 58.108108108108105
915.0, 57.71812080536914
916.0, 55.4054054054054
917.0, 54.166666666666664
918.0, 55.102040816326536
919.0, 46.3235294117647
920.0, 32.45614035087718
921.0, 30.0
922.0, 31.858407079646014
923.0, 29.357798165137595
924.0, 35.0
925.0, 38.46153846153846
926.0, 31.7073170731707
927.0, 36.111111111111086
928.0, 29.761904761904745
929.0, 32.46753246753245
930.0, 41.66666666666667
931.0, 43.02325581395348
932.0, 44.943820224719104
933.0, 44.943820224719104
934.0, 50.0
935.0, 51.72413793103447
936.0, 54.21686746987952
937.0, 52.499999999999986
938.0, 48.14814814814814
939.0, 49.36708860759493
940.0, 45.238095238095255
941.0, 41.758241758241745
942.0, 54.54545454545455
943.0, 58.76288659793814
944.0, 51.64835164835165
945.0, 46.511627906976734
946.0, 34.72222222222223
947.0, 38.46153846153845
948.0, 36.507936507936506
949.0, 37.09677419354839
950.0, 33.823529411764696
951.0, 32.35294117647061
952.0, 33.846153846153854
953.0, 33.846153846153854
954.0, 39.34426229508197
955.0, 42.10526315789474
956.0, 35.29411764705881
957.0, 20.930232558139565
958.0, 20.930232558139565
959.0, 19.565217391304373
960.0, 19.148936170212778
961.0, 39.682539682539684
962.0, 46.47887323943662
963.0, 41.25000000000001
964.0, 48.52941176470589
965.0, 50.0
966.0, 55.99999999999999
967.0, 58.33333333333334
968.0, 59.459459459459445
969.0, 64.70588235294117
970.0, 57.14285714285714
971.0, 59.72222222222223
972.0, 64.28571428571429
973.0, 73.33333333333334
974.0, 74.32432432432431
975.0, 69.35483870967741
976.0, 66.07142857142854
977.0, 82.22222222222224
978.0, 82.97872340425533
979.0, 73.07692307692307
980.0, 75.86206896551724
981.0, 69.84126984126985
982.0, 64.51612903225806
983.0, 64.51612903225806
984.0, 56.33802816901409
985.0, 49.333333333333336
986.0, 38.04347826086956
987.0, 43.56435643564357
988.0, 46.666666666666664
989.0, 45.63106796116505
990.0, 49.09090909090909
991.0, 47.78761061946903
992.0, 48.245614035087726
993.0, 49.54954954954956
994.0, 42.85714285714284
995.0, 45.16129032258063
996.0, 45.16129032258065
997.0, 42.857142857142854
998.0, 55.91397849462367
999.0, 59.770114942528735
1000.0, 73.23943661971832
1001.0, 62.26415094339625
1002.0, 51.85185185185185
1003.0, 47.27272727272726
1004.0, 39.58333333333332
1005.0, 44.444444444444436
1006.0, 36.17021276595744
1007.0, 49.05660377358489
1008.0, 49.056603773584925
1009.0, 44.82758620689657
1010.0, 53.22580645161289
1011.0, 59.322033898305065
1012.0, 51.020408163265294
1013.0, 47.16981132075472
1014.0, 50.980392156862756
1015.0, 50.98039215686273
1016.0, 40.625000000000014
1017.0, 38.23529411764706
1018.0, 35.3846153846154
1019.0, 36.36363636363635
1020.0, 37.499999999999986
1021.0, 28.571428571428598
1022.0, 32.20338983050847
1023.0, 32.758620689655174
1024.0, 23.07692307692308
1025.0, 23.076923076923123
1026.0, 23.076923076923123
1027.0, 28.571428571428584
1028.0, 26.0
1029.0, 28.000000000000014
1030.0, 45.16129032258064
1031.0, 51.85185185185185
1032.0, 44.44444444444443
1033.0, 46.428571428571445
1034.0, 58.62068965517242
1035.0, 58.62068965517242
1036.0, 46.428571428571445
1037.0, 63.33333333333331
1038.0, 52.777777777777786
1039.0, 50.0
1040.0, 47.22222222222221
1041.0, 51.28205128205128
1042.0, 48.78048780487806
1043.0, 50.0
1044.0, 59.61538461538462
1045.0, 65.3846153846154
1046.0, 60.71428571428571
1047.0, 54.385964912280706
1048.0, 49.09090909090909
1049.0, 48.148148148148145
1050.0, 48.14814814814815
1051.0, 40.816326530612244
1052.0, 44.444444444444436
1053.0, 39.21568627450981
1054.0, 34.482758620689665
1055.0, 16.8482533977311
1056.0, 15.151515151515156
1057.0, 14.590747330960852
1058.0, 5.829596412556057
1059.0, 2.3837902264600643
1060.0, 2.519757187034685
1061.0, 2.5174505092115567
1062.0, 4.795147631036826
1063.0, 6.925486686059514
1064.0, 9.53294223826714
1065.0, 14.564677958787357
1066.0, 14.92042440318302
1067.0, 15.410958904109577
1068.0, 16.401409306281124
1069.0, 27.23421424248535
1070.0, 34.6153846153846
1071.0, 30.643127364438826
1072.0, 27.078840162952318
1073.0, 35.4547865287722
1074.0, 39.522821576763484
1075.0, 40.63999999999999
1076.0, 39.46151754147402
1077.0, 40.8450704225352
1078.0, 46.23188405797101
1079.0, 42.56965944272444
1080.0, 46.869586735956446
1081.0, 53.30788804071245
1082.0, 64.89208633093526
1083.0, 70.58823529411762
1084.0, 71.91129883843715
1085.0, 76.87366167023552
1086.0, 81.59090909090907
1087.0, 79.41001191895113
1088.0, 77.17222049205854
1089.0, 83.85786802030458
1090.0, 83.1389183457052
1091.0, 75.3189938024061
1092.0, 80.26239067055393
1093.0, 79.47862988784479
1094.0, 79.91097922848662
1095.0, 79.19483712354025
1096.0, 69.17663617171004
1097.0, 64.48195961602116
1098.0, 57.39540365350618
1099.0, 51.54639175257732
1100.0, 54.262248654772
1101.0, 45.12482336316532
1102.0, 48.363800496501916
1103.0, 49.98884675440551
1104.0, 55.016051364365964
1105.0, 62.05871423262727
1106.0, 60.68540623796687
1107.0, 66.43655489809335
1108.0, 55.8854400959664
1109.0, 55.31591737545564
1110.0, 65.64809016906699
1111.0, 72.88027268853855
1112.0, 76.48110887547506
1113.0, 81.41999999999999
1114.0, 85.11694969561037
1115.0, 84.15967052114684
1116.0, 74.81833225411899
1117.0, 71.52975487813345
1118.0, 71.12676056338027
1119.0, 71.53173170393
1120.0, 68.14814814814814
1121.0, 66.14173228346456
1122.0, 70.58823529411764
1123.0, 70.0
1124.0, 62.96296296296296
1125.0, 54.73684210526315
1126.0, 50.48543689320388
1127.0, 44.565217391304344
1128.0, 26.086956521739125
1129.0, 29.032258064516114
1130.0, 37.49999999999999
1131.0, 42.85714285714284
1132.0, 44.18604651162789
1133.0, 27.5
1134.0, 26.82926829268291
1135.0, 21.42857142857143
1136.0, 17.647058823529406
1137.0, 18.0
1138.0, 24.489795918367363
1139.0, 35.849056603773576
1140.0, 51.020408163265316
1141.0, 39.655172413793096
1142.0, 33.33333333333333
1143.0, 41.53846153846155
1144.0, 43.93939393939393
1145.0, 43.93939393939393
1146.0, 53.16455696202531
1147.0, 53.16455696202531
1148.0, 59.999999999999986
1149.0, 68.04123711340205
1150.0, 77.65957446808508
1151.0, 76.04166666666666
1152.0, 73.68421052631578
1153.0, 72.52747252747253
1154.0, 73.11827956989247
1155.0, 88.03418803418803
1156.0, 86.55462184873949
1157.0, 86.08695652173911
1158.0, 85.08771929824562
1159.0, 78.86178861788616
1160.0, 76.14678899082567
1161.0, 74.77477477477477
1162.0, 75.0
1163.0, 72.27722772277227
1164.0, 67.34693877551021
1165.0, 69.0721649484536
1166.0, 72.27722772277227
1167.0, 73.33333333333331
1168.0, 72.54901960784312
1169.0, 56.52173913043476
1170.0, 64.34108527131784
1171.0, 52.027027027027025
1172.0, 47.239263803680956
1173.0, 49.358974358974365
1174.0, 48.7012987012987
1175.0, 15.7556405193059
1176.0, 16.32516796728288
1177.0, 20.04226980898831
1178.0, 21.715401163253915
1179.0, 20.8088664203772
1180.0, 18.374845297029694
1181.0, 15.733260835793061
1182.0, 14.062809393687374
1183.0, 14.012311577618178
1184.0, 13.071714251772065
1185.0, 13.746148080286503
1186.0, 14.226608628194626
1187.0, 14.557883131201763
1188.0, 13.666211273192019
1189.0, 59.7779059705798
1190.0, 50.32900286823019
1191.0, 31.844786473011112
1192.0, 25.356125356125403
1193.0, 29.559922502075892
1194.0, 41.5803108808291
1195.0, 52.84046692607016
1196.0, 48.13895781637726
1197.0, 54.608830364059
1198.0, 54.33526011560705
1199.0, 59.320859320859434
1200.0, 58.59000684462707
1201.0, 62.32159847764044
1202.0, 67.52422318743747
1203.0, 44.67306812985837
1204.0, 41.75213675213687
1205.0, 40.640599001664
1206.0, 44.039215686274616
1207.0, 44.97396876251512
1208.0, 39.28107405803389
1209.0, 35.43173117822212
1210.0, 40.1515151515153
1211.0, 45.7510729613735
1212.0, 50.834460983310905
1213.0, 46.85519258898111
1214.0, 42.95932051855174
1215.0, 34.587200781631765
1216.0, 33.71287128712882
1217.0, 40.26044492674999
1218.0, 44.087938205585424
1219.0, 49.765258215962646
1220.0, 40.509915014164484
1221.0, 45.60055865921808
1222.0, 45.536959553696136
1223.0, 51.63636363636385
1224.0, 47.635366689513546
1225.0, 31.481481481481623
1226.0, 23.25878594249211
1227.0, 15.811373092926559
1228.0, 16.402877697841816
1229.0, 18.713017751479384
1230.0, 15.4376292212268
1231.0, 13.101983002832938
1232.0, 42.17577706323699
1233.0, 38.12984496124041
1234.0, 44.44964871194392
1235.0, 40.42850489054505
1236.0, 37.92048929663618
1237.0, 37.53846153846164
1238.0, 38.7829246139874
1239.0, 38.41655420602799
1240.0, 48.70952604411087
1241.0, 46.071904127829676
1242.0, 47.96672828096131
1243.0, 49.026708918062596
1244.0, 50.255220417633545
1245.0, 47.79279279279292
1246.0, 26.76384839650153
1247.0, 28.813559322033996
1248.0, 19.27319922128494
1249.0, 20.83906464924354
1250.0, 25.77710386656568
1251.0, 22.881355932203505
1252.0, 21.71052631578958
1253.0, 27.30989370400667
1254.0, 36.45461043602588
1255.0, 33.46456692913398
1256.0, 35.515320334261986
1257.0, 35.6944444444446
1258.0, 33.81578947368435
1259.0, 34.49664429530215
1260.0, 33.311730395333896
1261.0, 31.945307644499806
1262.0, 27.42796157950916
1263.0, 26.978226234731892
1264.0, 23.692152917505098
1265.0, 28.741658722593016
1266.0, 29.68980797636641
1267.0, 26.92673644148438
1268.0, 19.66527196652727
1269.0, 24.137931034482847
1270.0, 30.502793296089493
1271.0, 23.069403714565084
1272.0, 27.439959121103826
1273.0, 27.189873417721614
1274.0, 28.1151832460734
1275.0, 35.82502768549293
1276.0, 51.03060587133061
1277.0, 46.2627406568518
1278.0, 48.51543942992891
1279.0, 46.048537647791086
1280.0, 44.63208685162862
1281.0, 44.04761904761921
1282.0, 36.893203883495296
1283.0, 32.33532934131749
1284.0, 28.253968253968367
1285.0, 33.96946564885512
1286.0, 31.07569721115553
1287.0, 31.57894736842121
1288.0, 33.76623376623394
1289.0, 24.561403508772074
1290.0, 9.734513274336365
1291.0, 12.04188481675402
1292.0, 12.04188481675402
1293.0, 9.677419354838818
1294.0, 13.636363636363768
1295.0, 15.789473684210705
1296.0, 20.394736842105445
1297.0, 24.218750000000256
1298.0, 16.66666666666687
1299.0, 20.491803278688778
1300.0, 18.54838709677442
1301.0, 42.67515923566911
1302.0, 35.449735449735684
1303.0, 37.016574585635595
1304.0, 46.40522875817029
1305.0, 49.068322981366805
1306.0, 52.66666666666707
1307.0, 51.03448275862108
1308.0, 47.55244755244793
1309.0, 49.65517241379349
1310.0, 45.45454545454583
1311.0, 44.21768707483029
1312.0, 48.50746268656758
1313.0, 43.97163120567413
1314.0, 44.604316546762966
1315.0, 18.181818181818443
1316.0, 25.00000000000044
1317.0, 37.68115942029052
1318.0, 34.8484848484855
1319.0, 31.746031746032386
1320.0, 28.985507246377352
1321.0, 26.760563380282207
1322.0, 26.760563380282207
1323.0, 20.83333333333374
1324.0, 14.423076923077147
1325.0, 13.761467889908474
1326.0, 19.658119658119887
1327.0, 34.37500000000033
1328.0, 34.645669291338905
1329.0, 24.493431307058742
1330.0, 25.16010978957017
1331.0, 20.611473720371166
1332.0, 21.811210104883443
1333.0, 19.43524490151664
1334.0, 20.01316261816457
1335.0, 20.162748643761475
1336.0, 20.660901791229335
1337.0, 20.865822468966556
1338.0, 25.75255985834194
1339.0, 29.109738055870125
1340.0, 27.08557107053379
1341.0, 11.858904998918206
1342.0, 15.233881163084945
1343.0, 35.493372606775736
1344.0, 35.88089330024921
1345.0, 40.80135440180724
1346.0, 31.818181818182993
1347.0, 27.95308573024394
1348.0, 27.238095238096193
1349.0, 27.18631178707318
1350.0, 27.77478448275957
1351.0, 29.60941987363691
1352.0, 33.5393623942759
1353.0, 41.02096627165142
1354.0, 39.38163647720322
1355.0, 37.08265802269189
1356.0, 29.77568740955273
1357.0, 28.586314692602855
1358.0, 27.50668449197977
1359.0, 35.365013774106146
1360.0, 37.27767695099979
1361.0, 48.625792811841286
1362.0, 56.50056200824518
1363.0, 62.23938223938491
1364.0, 60.54343666284225
1365.0, 56.43952907599228
1366.0, 57.67407947502968
1367.0, 58.74200426439466
1368.0, 46.190476190478144
1369.0, 46.65940450254373
1370.0, 42.66304347826257
1371.0, 49.079048349963806
1372.0, 51.448109412713535
1373.0, 44.111612638492076
1374.0, 46.54320987654545
1375.0, 40.303308823531616
1376.0, 32.678883071555006
1377.0, 32.08626760563557
1378.0, 36.94456199746276
1379.0, 42.78152069297642
1380.0, 48.425400103255335
1381.0, 45.37998906506576
1382.0, 59.40070505288286
1383.0, 54.587960257163175
1384.0, 51.40341221794488
1385.0, 57.301740812382214
1386.0, 50.00000000000242
1387.0, 49.8108448928145
1388.0, 46.846473029047864
1389.0, 51.18140243902663
1390.0, 58.05016181230036
1391.0, 55.09787928222112
1392.0, 56.95856137607754
1393.0, 56.46551724138179
1394.0, 51.384274640090766
1395.0, 43.52941176470788
1396.0, 38.136288998359866
1397.0, 37.04146730462699
1398.0, 45.28795811518556
1399.0, 36.59003831417837
1400.0, 44.187391555815594
1401.0, 50.55555555555913
1402.0, 60.44321329640262
1403.0, 46.7829224293478
1404.0, 39.3348623853238
1405.0, 39.76811594203174
1406.0, 32.79430789133511
1407.0, 41.166380789025084
1408.0, 49.291435613065694
1409.0, 57.575757575761486
1410.0, 54.47247706422369
1411.0, 51.7147523135579
1412.0, 45.93118514473256
1413.0, 48.314606741576156
1414.0, 47.83092324805648
1415.0, 48.51811196487684
1416.0, 41.33833646029071
1417.0, 43.688037012561196
1418.0, 47.69119769120163
1419.0, 52.18002812939938
1420.0, 48.587979724841105
1421.0, 41.0788381742779
1422.0, 54.891994917411836
1423.0, 40.730176839706125
1424.0, 49.394812680118534
1425.0, 60.76345431790163
1426.0, 58.2483503299379
1427.0, 58.69436201780803
1428.0, 58.55535820012225
1429.0, 59.11214953271409
1430.0, 54.77815699659055
1431.0, 52.33695652174233
1432.0, 50.1823866597216
1433.0, 51.52129817444516
1434.0, 49.53681131155813
1435.0, 52.17190388170329
1436.0, 44.80000000000276
1437.0, 52.303860523042296
1438.0, 42.998149290564506
1439.0, 40.57877813505127
1440.0, 46.015793251977975
1441.0, 49.698996655522194
1442.0, 50.78605604921794
1443.0, 45.81844174410674
1444.0, 46.148308135353
1445.0, 50.39308176101081
1446.0, 55.884917175245235
1447.0, 56.114483954905744
1448.0, 59.63133640553606
1449.0, 46.53558052434962
1450.0, 33.97177419355259
1451.0, 34.95850622407083
1452.0, 47.59776536313457
1453.0, 43.750000000005954
1454.0, 15.753424657535263
1455.0, 9.20788098110242
1456.0, 8.47520355292437
1457.0, 7.981875217846493
1458.0, 17.313915857606005
1459.0, 16.8769716088336
1460.0, 17.138364779875005
1461.0, 12.735849056604422
1462.0, 12.373968835930953
1463.0, 12.711864406780322
1464.0, 19.516562220233567
1465.0, 19.106047326907003
1466.0, 16.870707673933268
1467.0, 18.063369854901566
1468.0, 30.699547055865054
1469.0, 38.58757062147154
1470.0, 43.92282958199688
1471.0, 56.967741935488
1472.0, 50.33507073715991
1473.0, 51.642475171891434
1474.0, 48.19102749638606
1475.0, 55.76036866359927
1476.0, 65.57632398754455
1477.0, 60.401721664280274
1478.0, 55.698234349924775
1479.0, 53.59073359073827
1480.0, 51.79104477612379
1481.0, 55.045233124569364
1482.0, 57.948717948722695
1483.0, 53.0280649926189
1484.0, 54.676258992810176
1485.0, 46.28099173554162
1486.0, 42.982456140355296
1487.0, 54.02489626556523
1488.0, 51.34069400631376
1489.0, 52.68404907975919
1490.0, 50.08090614887196
1491.0, 49.44089456869464
1492.0, 54.62365591398292
1493.0, 62.84829721362768
1494.0, 63.338533541347125
1495.0, 62.904498816106525
1496.0, 68.72828353023456
1497.0, 75.41191381496081
1498.0, 69.11499096930015
1499.0, 67.29191090270069
1500.0, 61.28148959474634
1501.0, 52.75330396476101
1502.0, 60.66298342541809
1503.0, 56.13445378151614
1504.0, 55.63739376770892
1505.0, 61.71679197995416
1506.0, 53.08022922636534
1507.0, 48.83392226148805
1508.0, 46.00532623169462
1509.0, 37.4750830564814
1510.0, 27.906976744188725
1511.0, 13.083397092580071
1512.0, 19.12000000000218
1513.0, 17.219020172912508
1514.0, 17.983446200152443
1515.0, 16.73669467787289
1516.0, 17.3157162726026
1517.0, 22.73669661368561
1518.0, 19.55815464587576
1519.0, 19.401041666668448
1520.0, 19.973190348527353
1521.0, 19.695968274952264
