15.0, 59.92844364937387
16.0, 56.33528265107212
17.0, 73.22170618430701
18.0, 75.36500866122246
19.0, 68.87529289247591
20.0, 80.60413354531
21.0, 86.33174642946628
22.0, 72.52252252252251
23.0, 75.38401457953657
24.0, 68.8752928924759
25.0, 63.41428974865856
26.0, 66.7102586457425
27.0, 64.82632024851736
28.0, 54.68520251303302
29.0, 58.855810124845654
30.0, 56.52363003769207
31.0, 57.74866159481544
32.0, 53.334222459322476
33.0, 57.53631131816935
34.0, 50.0
35.0, 47.45676500508647
36.0, 51.85253797702853
37.0, 40.90495679854479
38.0, 48.779892630551494
39.0, 47.61791329204382
40.0, 50.0
41.0, 52.38208670795617
42.0, 68.56244641326091
43.0, 75.0
44.0, 77.08333333333331
45.0, 74.99999999999999
46.0, 85.0
47.0, 88.67924528301886
48.0, 90.0
49.0, 91.04477611940298
50.0, 88.40579710144927
51.0, 89.187728071361
52.0, 60.379316852236265
53.0, 40.50000000000001
54.0, 51.794687724335965
55.0, 50.75369309617124
56.0, 55.04540867810292
57.0, 51.65861055824092
58.0, 50.96144601480627
59.0, 54.25970764953815
60.0, 53.571109722346215
61.0, 49.99999999999999
62.0, 44.03724428951472
63.0, 44.29275865217788
64.0, 48.9083922801502
65.0, 44.59161147902869
66.0, 50.24385485758875
67.0, 68.2161303138657
68.0, 56.756756756756744
69.0, 56.756756756756744
70.0, 45.161290322580626
71.0, 45.65217391304348
72.0, 49.49494949494948
73.0, 34.065934065934044
74.0, 31.958762886597924
75.0, 30.693069306930667
76.0, 47.52475247524752
77.0, 43.617021276595715
78.0, 32.499999999999986
79.0, 37.68115942028984
80.0, 47.76119402985073
81.0, 47.05882352941175
82.0, 39.02439024390242
83.0, 36.36363636363634
84.0, 36.78160919540227
85.0, 34.04255319148935
86.0, 31.111111111111086
87.0, 38.823529411764675
88.0, 49.425287356321824
89.0, 49.999999999999986
90.0, 35.61643835616434
91.0, 33.8203463203463
92.0, 33.3333333333333
93.0, 32.467532467532436
94.0, 31.578947368421026
95.0, 35.06493506493504
96.0, 41.53846153846152
97.0, 44.99999999999999
98.0, 47.45762711864406
99.0, 50.90909090909089
100.0, 43.636363636363605
101.0, 37.99999999999998
102.0, 31.111111111111086
103.0, 39.999999999999986
104.0, 46.511627906976706
105.0, 45.372050816696884
106.0, 42.553191489361666
107.0, 39.999999999999964
108.0, 29.99999999999997
109.0, 24.242424242424207
110.0, 27.536231884057926
111.0, 38.99999999999997
112.0, 31.3559322033898
113.0, 52.73972602739725
114.0, 54.99999999999999
115.0, 48.73417721518985
116.0, 51.20481927710842
117.0, 41.84782608695651
118.0, 41.847826086956516
119.0, 42.30769230769229
120.0, 49.999999999999986
121.0, 49.999999999999986
122.0, 55.263157894736835
123.0, 56.756756756756744
124.0, 56.04878584770903
125.0, 51.72413793103447
126.0, 58.44155844155842
127.0, 39.06249999999998
128.0, 45.7142857142857
129.0, 61.84210526315787
130.0, 54.51154784105578
131.0, 66.66666666666663
132.0, 66.07748616318511
133.0, 67.26644856415845
134.0, 62.49479383590167
135.0, 78.32389203598798
136.0, 79.67822555451419
137.0, 81.68121655871583
138.0, 78.37071061875167
139.0, 83.52152434721239
140.0, 74.73163544516942
141.0, 81.90810465858326
142.0, 65.41767893851616
143.0, 63.72279945108801
144.0, 61.73202924698508
145.0, 59.631260319207485
146.0, 58.71021007247041
147.0, 59.25925925925925
148.0, 58.49056603773585
149.0, 41.28440366972475
150.0, 39.62264150943396
151.0, 45.29914529914529
152.0, 46.08695652173912
153.0, 39.80582524271843
154.0, 38.67924528301885
155.0, 37.499999999999986
156.0, 47.674418604651144
157.0, 37.80487804878047
158.0, 37.349397590361434
159.0, 41.463414634146325
160.0, 47.191011235955045
161.0, 44.68085106382978
162.0, 44.21052631578946
163.0, 51.85185185185183
164.0, 46.15384615384614
165.0, 27.692307692307693
166.0, 31.343283582089526
167.0, 30.303030303030283
168.0, 37.73584905660375
169.0, 32.66680269332788
170.0, 43.10344827586205
171.0, 49.05660377358488
172.0, 62.962962962962955
173.0, 55.35714285714285
174.0, 46.93877551020405
175.0, 57.99999999999999
176.0, 55.76923076923076
177.0, 51.78571428571427
178.0, 46.03174603174603
179.0, 58.571428571428555
180.0, 51.35135135135133
181.0, 51.35135135135133
182.0, 48.10126582278481
183.0, 46.907025558710934
184.0, 49.999999999999986
185.0, 53.26086956521738
186.0, 51.685393258426956
187.0, 61.22448979591836
188.0, 58.823529411764696
189.0, 53.46534653465344
190.0, 56.862745098039206
191.0, 65.65656565656565
192.0, 73.6263736263736
193.0, 74.94780793319414
194.0, 85.71428571428571
195.0, 89.94082840236686
196.0, 92.12121212121212
197.0, 93.98907103825137
198.0, 93.95604395604396
199.0, 95.02262443438914
200.0, 95.08928571428572
201.0, 94.81132075471699
202.0, 97.2093023255814
203.0, 93.30357142857143
204.0, 89.1304347826087
205.0, 82.15767634854772
206.0, 82.66129032258064
207.0, 76.44191714053615
208.0, 67.81115879828326
209.0, 62.50000000000001
210.0, 69.0376569037657
211.0, 68.24034334763948
212.0, 60.0
213.0, 62.645914396887164
214.0, 73.33333333333333
215.0, 69.68085106382979
216.0, 68.46361185983828
217.0, 62.10268948655258
218.0, 67.2686230248307
219.0, 71.65178571428572
220.0, 74.75149105367794
221.0, 71.3472485768501
222.0, 66.54867256637169
223.0, 61.89655172413793
224.0, 61.89655172413793
225.0, 59.79202772963605
226.0, 58.57385398981325
227.0, 53.00751879699247
228.0, 23.651452282157692
229.0, 26.243093922651937
230.0, 32.2704081632653
231.0, 35.44474393530997
232.0, 31.669044222539227
233.0, 29.178885630498527
234.0, 21.29337539432177
235.0, 22.575250836120404
236.0, 24.500907441016338
237.0, 24.907749077490777
238.0, 20.66276803118909
239.0, 24.571428571428584
240.0, 25.343811394891944
241.0, 24.571428571428584
242.0, 57.33333333333335
243.0, 61.44578313253013
244.0, 45.918367346938794
245.0, 34.632034632034646
246.0, 31.950207468879682
247.0, 33.33333333333333
248.0, 36.56387665198238
249.0, 39.22413793103449
250.0, 40.88626161162719
251.0, 50.89285714285716
252.0, 48.59813084112151
253.0, 40.099009900990104
254.0, 39.1304347826087
255.0, 49.14176732358552
256.0, 51.658767772511865
257.0, 37.500000000000014
258.0, 43.18181818181819
259.0, 63.087248322147694
260.0, 74.39024390243907
261.0, 60.71428571428574
262.0, 61.88118811881191
263.0, 57.635467980295594
264.0, 53.45836597391827
265.0, 49.39626233779249
266.0, 50.00000000000002
267.0, 49.26829268292685
268.0, 56.83683256954068
269.0, 55.127139770649855
270.0, 52.002971598377066
271.0, 53.185271770894225
272.0, 48.38709677419357
273.0, 45.2471482889734
274.0, 33.944954128440386
275.0, 42.36641221374049
276.0, 32.83858998144713
277.0, 33.77862595419849
278.0, 34.10404624277459
279.0, 42.136875052872035
280.0, 35.80246913580248
281.0, 44.62671041049853
282.0, 44.96580244949898
283.0, 37.972508591065306
284.0, 37.10855511711864
285.0, 35.559131134352384
286.0, 43.6641221374046
287.0, 40.179946502391196
288.0, 37.321346242508085
289.0, 41.06707812246225
290.0, 43.5422765627691
291.0, 47.809707376905585
292.0, 50.000000000000036
293.0, 47.59938544267335
294.0, 53.68204461771715
295.0, 45.183769810048375
296.0, 33.58862144420131
297.0, 37.19716367933821
298.0, 36.942488262910814
299.0, 49.076979878161374
300.0, 36.07867792347765
301.0, 43.770245713834264
302.0, 37.99725651577506
303.0, 40.837696335078554
304.0, 44.473342002600795
305.0, 42.9906542056075
306.0, 45.09803921568629
307.0, 39.1273969412313
308.0, 43.10396861324887
309.0, 43.52430291025448
310.0, 52.53678335870119
311.0, 46.411177644710605
312.0, 50.16414970453056
313.0, 45.99306234990663
314.0, 55.564387917329135
315.0, 51.09361329833774
316.0, 71.36092866961974
317.0, 57.64058679706606
318.0, 56.30517023959653
319.0, 57.70521818736654
320.0, 60.69682151589249
321.0, 60.59496567505726
322.0, 44.7625508819539
323.0, 66.86613883262754
324.0, 69.75121869221721
325.0, 79.77673515612364
326.0, 80.31496062992129
327.0, 74.42058755135264
328.0, 69.82050501977491
329.0, 70.02115442731947
330.0, 72.18023465054347
331.0, 71.12056737588657
332.0, 65.69323144104807
333.0, 58.584224931575044
334.0, 60.02161642848567
335.0, 53.517507227754606
336.0, 56.500113045444294
337.0, 46.65927363459941
338.0, 42.10051158591636
339.0, 34.068254772765684
340.0, 30.99027409372239
341.0, 31.266726137377347
342.0, 33.24480698093522
343.0, 26.901906821309225
344.0, 27.894124490983145
345.0, 29.629248197734313
346.0, 29.495591552183754
347.0, 34.52538101524064
348.0, 27.547021943573696
349.0, 42.621343356757706
350.0, 36.14190687361423
351.0, 31.387730792138214
352.0, 25.05868544600942
353.0, 30.63688081032332
354.0, 35.89381892793028
355.0, 40.266777824093424
356.0, 37.17767799871717
357.0, 34.714901772879784
358.0, 31.012658227848135
359.0, 30.92263031679923
360.0, 30.24691358024694
361.0, 41.43795070498334
362.0, 41.85414628844693
363.0, 39.21145324394956
364.0, 45.51569506726462
365.0, 43.97997835497839
366.0, 48.58796950014124
367.0, 45.5103262496259
368.0, 37.868003882238796
369.0, 36.85075608152533
370.0, 39.935874599216284
371.0, 48.41185248347907
372.0, 33.848157796799455
373.0, 50.18892722194849
374.0, 69.13477537437612
375.0, 57.27650727650736
376.0, 58.68516284680346
377.0, 45.92833876221505
378.0, 45.04792332268375
379.0, 58.42424242424248
380.0, 57.09001233045629
381.0, 54.895782840523566
382.0, 57.790028763183166
383.0, 52.16920913123448
384.0, 48.05660753438314
385.0, 51.85219399538108
386.0, 56.582661290322626
387.0, 48.883180701362555
388.0, 44.88198458574185
389.0, 43.57535367707241
390.0, 41.47164978460825
391.0, 50.64935064935069
392.0, 56.633873969688956
393.0, 32.1937321937322
394.0, 36.947791164658646
395.0, 38.184836745987845
396.0, 33.64231188658668
397.0, 38.34679925419515
398.0, 48.47870182555781
399.0, 40.18838304552591
400.0, 42.08795725441842
401.0, 43.86378239451701
402.0, 48.72848200312988
403.0, 64.75742333279247
404.0, 54.76876629614381
405.0, 49.33850060136309
406.0, 50.013185654008446
407.0, 62.32336510023003
408.0, 56.62940670679277
409.0, 52.386255170219535
410.0, 53.233107015842215
411.0, 53.233107015842215
412.0, 42.556634304207115
413.0, 40.258836626774276
414.0, 39.98065229408513
415.0, 44.710604687297675
416.0, 34.40860215053763
417.0, 36.12565445026178
418.0, 39.34426229508197
419.0, 52.64483627204029
420.0, 42.009132420091326
421.0, 47.412008281573506
422.0, 51.152955392206216
423.0, 47.21189591078067
424.0, 52.007136485281
425.0, 52.220248667850804
426.0, 57.37704918032788
427.0, 62.7689429373246
428.0, 61.72953081876725
429.0, 56.37030247479378
430.0, 59.42028985507247
431.0, 50.0
432.0, 54.819277108433745
433.0, 44.20903954802261
434.0, 57.305194805194816
435.0, 45.65972222222222
436.0, 36.97916666666667
437.0, 60.91259855728904
438.0, 51.96608946608947
439.0, 45.209198339188745
440.0, 45.209198339188745
441.0, 37.97903109182935
442.0, 43.86180287618381
443.0, 52.32771260997066
444.0, 46.35492774801105
445.0, 47.50415973377704
446.0, 46.615905245346866
447.0, 47.4182444061962
448.0, 48.64683140023533
449.0, 46.02417302798981
450.0, 50.849184782608695
451.0, 36.90865489426642
452.0, 39.79783732957217
453.0, 48.56569133677567
454.0, 56.11845325501714
455.0, 46.79897567221511
456.0, 41.833877741483896
457.0, 34.82575024201357
458.0, 38.07885684043398
459.0, 40.7358390682901
460.0, 39.68540484785972
461.0, 34.36802143814204
462.0, 23.0467849734962
463.0, 25.64102564102565
464.0, 22.500000000000014
465.0, 15.555555555555571
466.0, 22.46480310140788
467.0, 18.654693324296858
468.0, 9.449264428517537
469.0, 18.01279488204716
470.0, 25.4770125386153
471.0, 48.68455669560642
472.0, 40.245759025663325
473.0, 42.7007299270073
474.0, 44.32404540763674
475.0, 49.45634621595436
476.0, 45.092265410286615
477.0, 46.83453970843103
478.0, 46.79160725198614
479.0, 50.43821209465381
480.0, 46.560319042871384
481.0, 52.485707183693755
482.0, 52.54468718967229
483.0, 50.0
484.0, 46.57839721254356
485.0, 16.35821831869511
486.0, 23.80191693290736
487.0, 20.081378650071798
488.0, 15.106382978723389
489.0, 14.152522113315783
490.0, 16.06948968512485
491.0, 16.161616161616138
492.0, 17.73498131647021
493.0, 17.372638809387496
494.0, 38.316642823080585
495.0, 32.56052523594582
496.0, 30.538342370255606
497.0, 31.264411990776324
498.0, 30.258233532934128
499.0, 39.975278121137194
500.0, 49.89682212133719
501.0, 42.08860759493671
502.0, 44.29641965029142
503.0, 35.719725818735725
504.0, 40.32674118658641
505.0, 42.84537780522956
506.0, 45.52590266875981
507.0, 50.0
508.0, 42.71137026239067
509.0, 45.55752998667259
510.0, 51.630312570272096
511.0, 47.36398144242935
512.0, 45.91169255928046
513.0, 46.5395772896809
514.0, 35.76732673267327
515.0, 37.80743066457352
516.0, 35.33007334963325
517.0, 42.62536873156343
518.0, 53.95778364116095
519.0, 55.73313039066464
520.0, 56.602835115642876
521.0, 51.39275766016713
522.0, 46.960486322188444
523.0, 47.8180129990715
524.0, 46.04800000000001
525.0, 48.33725226738328
526.0, 55.40345821325648
527.0, 47.4544893551373
528.0, 52.12705615428247
529.0, 50.466776496430526
530.0, 58.169934640522875
531.0, 56.62778366914103
532.0, 42.989084802686826
533.0, 36.660447761194035
534.0, 29.123173277661806
535.0, 32.70564915758176
536.0, 32.67326732673267
537.0, 36.816660468575684
538.0, 32.730769230769226
539.0, 35.73498964803312
540.0, 33.53319057815847
541.0, 45.07772020725389
542.0, 32.946793997271484
543.0, 53.864353312302825
544.0, 39.690721649484516
545.0, 32.93413173652692
546.0, 77.17520858164482
547.0, 50.447993767043236
548.0, 58.21287779237846
549.0, 56.001383604289174
550.0, 57.53012048192771
551.0, 53.90404515522107
552.0, 48.600508905852415
553.0, 49.83443708609272
554.0, 52.22076215505913
555.0, 52.248225085458856
556.0, 48.77270495827197
557.0, 47.48364368394565
558.0, 46.99875466998755
559.0, 55.72500605180343
560.0, 38.720445062586926
561.0, 47.9008947006194
562.0, 40.11075949367089
563.0, 44.501466275659816
564.0, 40.83577712609971
565.0, 39.40573045631412
566.0, 48.003163305654404
567.0, 29.112271540469976
568.0, 27.211796246648802
569.0, 35.64825788101446
570.0, 38.54961832061068
571.0, 30.561555075593944
572.0, 35.07874821026796
573.0, 29.056772463120254
574.0, 30.95238095238095
575.0, 37.2093023255814
576.0, 37.13620488940629
577.0, 31.776765375854225
578.0, 32.51748251748252
579.0, 34.9624060150376
580.0, 34.48624084827064
581.0, 53.86100386100387
582.0, 50.000000000000014
583.0, 38.36268443598287
584.0, 41.5349887133183
585.0, 65.625
586.0, 50.11655011655014
587.0, 70.33271719038818
588.0, 79.80625931445604
589.0, 68.62891207153501
590.0, 70.85496711664936
591.0, 78.91287586738628
592.0, 75.2850312614932
593.0, 76.37130801687763
594.0, 68.36967133094696
595.0, 72.57336343115124
596.0, 72.57336343115124
597.0, 75.3549695740365
598.0, 67.4804456032235
599.0, 68.77560309512971
600.0, 64.73864610111397
601.0, 56.82056663168941
602.0, 37.78103616813294
603.0, 43.737474949899806
604.0, 48.86156648451731
605.0, 46.43011683254004
606.0, 51.29480008286722
607.0, 48.958767180341525
608.0, 54.27295918367348
609.0, 40.60522151898735
610.0, 44.23741836342682
611.0, 38.01438274071115
612.0, 40.78439777111017
613.0, 40.69542820347715
614.0, 48.013318534961165
615.0, 44.7742474916388
616.0, 59.33706816059759
617.0, 61.15075825156112
618.0, 57.345739471106775
619.0, 60.76803321224703
620.0, 65.03237742830714
621.0, 62.171125359274825
622.0, 60.388708931050445
623.0, 69.23076923076923
624.0, 65.19337016574588
625.0, 72.25130890052357
626.0, 74.74109623642335
627.0, 67.62836185819071
628.0, 68.08100289296047
629.0, 69.76284584980237
630.0, 67.34258271077908
631.0, 64.50116009280742
632.0, 63.44086021505377
633.0, 65.50169109357384
634.0, 55.45851528384281
635.0, 66.35140050927612
636.0, 67.5561797752809
637.0, 78.78993881713122
638.0, 73.91581632653062
639.0, 73.003300330033
640.0, 73.06552518933158
641.0, 68.38212634822806
642.0, 63.38688085676038
643.0, 57.60340632603408
644.0, 66.71442215854825
645.0, 58.718395815170005
646.0, 54.359197907585
647.0, 54.359197907585
648.0, 54.359197907585
649.0, 60.40090771558245
650.0, 57.423904974016345
651.0, 62.35641614702988
652.0, 66.10169491525426
653.0, 64.32393863717448
654.0, 56.732854997497085
655.0, 62.89160965070221
656.0, 59.34420659191303
657.0, 59.34420659191303
658.0, 54.729474082482035
659.0, 63.49787890474355
660.0, 58.95094880057288
661.0, 46.96325539022169
662.0, 51.98625429553266
663.0, 44.43207126948776
664.0, 45.15033947623666
665.0, 37.003341997772
666.0, 32.78489781780394
667.0, 34.90439449849043
668.0, 36.70841418239548
669.0, 35.652797704447636
670.0, 39.780884019644894
671.0, 42.01915403032721
672.0, 34.731270358306205
673.0, 32.90079531184597
674.0, 34.595070422535215
675.0, 52.67094017094016
676.0, 38.51696187331132
