0, 1646075
1, 2905391
2, 1780251
3, 1780251
4, 1443909
5, 3540353
6, 3580285
7, 3580285
8, 3543091
9, 3543091
10, 4301129
11, 4307461
12, 4306946
13, 4454895
14, 4453627
15, 5251692
16, 5258396
17, 5258396
18, 5258396
19, 5258396
20, 8614606
21, 4499709
22, 3913265
23, 4047134
24, 4349446
25, 4481833
26, 4409474
27, 4331534
28, 4420089
29, 4263429
30, 4513465
31, 3138863
32, 3472634
33, 3297067
34, 3068961
35, 5548157
36, 5596274
37, 5828677
38, 5721520
39, 5615852
40, 5519568
41, 5671869
42, 6033388
43, 5925559
44, 6094315
45, 5994296
46, 5994296
47, 5811440
48, 6322421
49, 6501870
50, 6583302
51, 6935272
52, 7178598
53, 6611892
54, 6362110
55, 7061753
56, 6753075
57, 7573047
58, 7382688
59, 7511561
60, 8930323
61, 10086539
62, 11067413
63, 12662519
64, 12388668
65, 12608193
66, 16989226
67, 17519507
68, 16832513
69, 18346505
70, 18965432
71, 18323844
72, 18036693
73, 18465494
74, 18196323
75, 18463714
76, 18231579
77, 18055150
78, 17448014
79, 18789196
80, 19059836
81, 18384093
82, 18598864
83, 18766676
84, 19202756
85, 20740591
86, 20376957
87, 20661404
88, 20494674
89, 20237239
90, 19871065
91, 19628449
92, 19904561
93, 19346378
94, 20474064
95, 20161792
96, 19749503
97, 20026526
98, 19726101
99, 19937508
100, 20636518
101, 25867625
102, 27557183
103, 29094952
104, 28252894
105, 28789793
106, 29523415
107, 29912364
108, 29286730
109, 28672917
110, 29076589
111, 28326035
112, 28695801
113, 29140742
114, 30202365
115, 31131082
116, 31777138
117, 32692254
118, 33651626
119, 35170574
120, 36361523
121, 35569937
122, 34506797
123, 33706191
124, 34117211
125, 34610345
126, 34048221
127, 35132233
128, 37133727
129, 35672986
130, 37127087
131, 38940537
132, 37923721
133, 36050905
134, 36518286
135, 37459190
136, 39343684
137, 38381508
138, 37191443
139, 39344686
140, 38069317
141, 37128012
142, 38166903
143, 37489623
144, 37489623
145, 38281908
146, 39730083
147, 41079306
148, 42077354
149, 46362557
150, 48737016
151, 50193151
152, 48470496
153, 47378269
154, 49126320
155, 50020178
156, 50978849
157, 52236183
158, 53699968
159, 57966700
160, 55895639
161, 54344301
162, 54344301
163, 52957893
164, 46607734
165, 44618971
166, 46237582
167, 44799217
168, 41364671
169, 44425834
170, 42542150
171, 44315474
172, 42260956
173, 40190357
174, 41241045
175, 39121890
176, 40532145
177, 39410173
178, 37789897
179, 39560330
180, 37584225
181, 40204180
182, 38022301
183, 39695896
184, 38216445
185, 37298355
186, 36234865
187, 37952032
188, 39913407
189, 38866311
190, 40000129
191, 41475397
192, 39788772
193, 40384476
194, 39370760
195, 38686196
196, 39229596
197, 40213707
198, 40655880
199, 41448963
200, 40572298
201, 40124936
202, 39177922
203, 38548982
204, 39039473
205, 38573759
206, 37887373
207, 37500946
208, 36247623
209, 37493746
210, 38655540
211, 38123339
212, 37479111
213, 38044839
214, 39098010
215, 38504414
216, 38128727
217, 37529081
218, 38237294
219, 38793683
220, 39668994
221, 40735127
222, 41212215
223, 40689488
224, 40030060
225, 39281653
226, 37081672
227, 37613300
228, 37034863
229, 36718197
230, 37344167
231, 36905904
232, 36218708
233, 35583758
234, 35994660
235, 35543610
236, 35003865
237, 35492417
238, 34258583
239, 33493448
240, 34281750
241, 33146727
242, 34181054
243, 33605208
244, 34184155
245, 33234640
246, 34907542
247, 33358751
248, 32712524
249, 30674010
250, 29577448
251, 27964448
252, 26658606
253, 24109319
254, 25782948
255, 24636223
256, 25024735
257, 24041074
258, 24696108
259, 25288092
260, 25896510
261, 26650606
262, 27900807
263, 26829688
264, 27519860
265, 28265082
266, 27579658
267, 28587429
268, 27811820
269, 27148230
270, 26645904
271, 26360945
272, 27412559
273, 28430473
274, 26601267
275, 27390554
276, 28801649
277, 29092064
278, 28547069
279, 27925860
280, 27489847
281, 27066222
282, 26301437
283, 25946512
284, 25238889
285, 24313832
286, 23710932
287, 24726036
288, 25491582
289, 26206941
290, 27250160
291, 26434214
292, 27311759
293, 24878542
294, 23731874
295, 24775649
296, 25947408
297, 27843103
298, 26845460
299, 28313017
300, 29669776
301, 31342435
302, 32781411
303, 34087022
304, 35211214
305, 34287712
306, 35329063
307, 36243882
308, 35477894
309, 34618078
310, 33386293
311, 34100742
312, 33265413
313, 34027949
314, 34662683
315, 35314183
316, 38250842
317, 36600251
318, 37740087
319, 39062550
320, 40388983
321, 38569998
322, 37281616
323, 37281616
324, 35171517
325, 33507892
326, 30290305
327, 28980727
328, 28339966
329, 29491125
330, 30081721
331, 31161930
332, 30158475
333, 28783762
334, 30639170
335, 29345328
336, 31074807
337, 32213381
338, 30944371
339, 32171714
340, 31429720
341, 30858827
342, 31860964
343, 32751013
344, 33589350
345, 32988343
346, 33545984
347, 34193989
348, 35063111
349, 33620797
350, 35101429
351, 34412539
352, 35108755
353, 35978744
354, 36656820
355, 35764880
356, 36284648
357, 37222557
358, 36655405
359, 35992992
360, 34594642
361, 34112837
362, 34689156
363, 34335223
364, 33880488
365, 34531262
366, 33565923
367, 34955002
368, 31022528
369, 29837067
370, 28489498
371, 27350216
372, 28631063
373, 29570653
374, 30511483
375, 31208475
376, 30424807
377, 29616615
378, 29006053
379, 28352051
380, 28678767
381, 28086466
382, 29291603
383, 28803872
384, 29269634
385, 29848368
386, 28846742
387, 29521959
388, 30243959
389, 30829327
390, 30463036
391, 29701507
392, 30165025
393, 29716242
394, 30090269
395, 30540702
396, 30891907
397, 30489474
398, 30057589
399, 30358016
400, 29509943
401, 29102950
402, 28501251
403, 27986716
404, 27421123
405, 30236086
406, 29440606
407, 30104329
408, 29787560
409, 29273704
410, 28777371
411, 29431579
412, 28594765
413, 27945653
414, 28585360
415, 27912346
416, 28584142
417, 29192784
418, 29748050
419, 30215878
420, 30514993
421, 31414529
422, 31894285
423, 31102154
424, 30811009
425, 30165451
426, 30920782
427, 32503310
428, 34009885
429, 33093424
430, 31231993
431, 31575901
432, 30687825
433, 31319456
434, 30703523
435, 31160974
436, 30445994
437, 30445994
438, 29934476
439, 30650696
440, 31673644
441, 30783875
442, 31405930
443, 31051410
444, 31382153
445, 30838931
446, 30838931
447, 31092060
448, 31498271
449, 31966545
450, 31649122
451, 31190262
452, 30712464
453, 30276513
454, 30941431
455, 30348204
456, 31069569
457, 30477159
458, 29775980
459, 29184326
460, 30199017
461, 28523309
462, 26204675
463, 29136860
464, 28466212
465, 28973452
466, 28507598
467, 28932349
468, 29887594
469, 29640286
470, 30363898
471, 29887175
472, 29593393
473, 28905195
474, 28364337
475, 27684308
476, 27109886
477, 26440535
478, 27471115
479, 28237920
480, 28715477
481, 27844749
482, 28552813
483, 27861787
484, 28183996
485, 28549435
486, 28107711
487, 28775740
488, 29121479
489, 28588463
490, 30042465
491, 29384512
492, 29759408
493, 30062899
494, 29738831
495, 30090760
496, 29676480
497, 29286007
498, 29835852
499, 29405467
500, 29032428
501, 28554443
502, 29285203
503, 28491554
504, 28166350
505, 29201501
506, 28280173
507, 27616968
508, 28425171
509, 29269536
510, 30040567
511, 30461704
512, 30246245
513, 29784097
514, 30522079
515, 31081946
516, 29972586
517, 30913878
518, 31917888
519, 30891636
520, 31549304
521, 30654621
522, 31640168
523, 30824266
524, 31465553
525, 31021885
526, 31726614
527, 30709723
528, 30239426
529, 30725448
530, 31045016
531, 31224287
532, 31905370
533, 32431699
534, 32688057
535, 32339706
536, 32774352
537, 32516689
538, 32173953
539, 32513341
540, 32213338
541, 31737149
542, 32207225
543, 31647534
544, 32294705
545, 32796218
546, 32253545
547, 32838355
548, 32471792
549, 32047964
550, 32324230
551, 31750083
552, 31396246
553, 31020926
554, 30474021
555, 32607504
556, 32873323
557, 32469113
558, 32880689
559, 33124246
560, 32663681
561, 32315494
562, 32591841
563, 32957206
564, 32399243
565, 31960123
566, 32557690
567, 33794137
568, 32818110
569, 32279155
570, 33947016
571, 33168928
572, 35334572
573, 36089647
574, 35177960
575, 34013923
576, 34013923
577, 33124930
578, 33916918
579, 33295342
580, 33863585
581, 33863585
582, 34251038
583, 34651237
584, 35192804
585, 35454613
586, 35843957
587, 35506992
588, 34902816
589, 35375680
590, 35000884
591, 35326034
592, 35792047
593, 35151258
594, 34579765
595, 35067576
596, 34521006
597, 34845792
598, 35711547
599, 36148575
600, 35745448
601, 36073944
602, 36538021
603, 37207456
604, 36313200
605, 36766382
606, 36321551
607, 35937057
608, 35187812
609, 35742384
610, 35178565
611, 34564770
612, 33941582
613, 34587780
614, 34931647
615, 35364481
616, 34391588
617, 35047874
618, 35690498
619, 36354136
620, 35796205
621, 35345212
622, 36491808
623, 35655428
624, 36768635
625, 35960534
626, 36614602
627, 36133879
628, 36946417
629, 36541082
630, 36067024
631, 35529836
632, 35108245
633, 35593263
634, 35063624
635, 36304109
636, 37124350
637, 37942624
638, 38914910
639, 39415186
640, 39918106
641, 40381201
642, 39929697
643, 40188992
644, 39773248
645, 40161770
646, 39418316
647, 38914387
648, 38544454
649, 39076375
650, 39513997
651, 40732852
652, 41404927
653, 41960128
654, 42719226
655, 43717001
656, 47081151
657, 47729274
658, 46914591
659, 47389606
660, 46668890
661, 47502987
662, 47003827
663, 46387013
664, 46839316
665, 46839316
666, 47175748
667, 46909931
668, 47500083
669, 48062658
670, 48734934
671, 49058114
672, 48593808
673, 48151109
674, 48585483
675, 48116963
676, 48684668
677, 49214138
678, 48735669
679, 48114589
680, 47730864
681, 48138649
682, 48596994
683, 48299998
684, 47129062
685, 47699446
686, 48868813
687, 49732457
688, 49046355
689, 49340352
690, 49763428
691, 49357981
692, 48969442
693, 49229709
694, 48933139
695, 49586339
696, 49104779
697, 49592604
698, 49865255
699, 50096089
700, 49868298
701, 49592308
702, 48648251
703, 47109860
704, 47480055
705, 47188275
706, 46634559
707, 46273577
708, 45604439
709, 44712493
710, 45260816
711, 45885392
712, 45112688
713, 44423658
714, 43314745
715, 43900612
716, 42552538
717, 41652898
718, 40927575
719, 40031769
720, 40571722
721, 41195461
722, 40630217
723, 40126795
724, 40487322
725, 40108499
726, 40739590
727, 41113257
728, 40783099
729, 40977258
730, 40746785
731, 41156775
732, 41561471
733, 41186520
734, 41570808
735, 42660676
736, 42108668
737, 41604636
738, 41979735
739, 41579829
740, 41195053
741, 41749335
742, 41426417
743, 41695678
744, 41223139
745, 41857165
746, 42231417
747, 41761684
748, 41996752
749, 42317813
750, 42736915
751, 42275682
752, 42088614
753, 41805901
754, 42088265
755, 42357832
756, 42592898
757, 42056200
758, 41695307
759, 42018487
760, 42469355
761, 42469355
762, 42210891
763, 41945306
764, 42496221
765, 42912706
766, 43378731
767, 43130151
768, 43405895
769, 43200467
770, 42937546
771, 43441097
772, 43039287
773, 43342125
774, 43607641
775, 43028919
776, 42692057
777, 42049110
778, 42833380
779, 43047193
780, 42768505
781, 43009832
782, 43082520
783, 43082520
784, 42966051
785, 42771655
786, 42578850
787, 42906900
788, 42446725
789, 42178254
790, 42866970
791, 43183731
792, 42921814
793, 42624593
794, 42858868
795, 43105287
796, 42664038
797, 42307639
798, 42063149
799, 41698982
800, 41370216
801, 41745435
802, 41294309
803, 41757643
804, 41202453
805, 40674534
806, 41165972
807, 41564035
808, 41840616
809, 41568862
810, 41895348
811, 41663654
812, 41352209
813, 40757950
814, 41332743
815, 41593394
816, 41081467
817, 42110625
818, 42788018
819, 43900504
820, 45738924
821, 46512078
822, 47171356
823, 47582950
824, 46836222
825, 47543816
826, 48136873
827, 47754411
828, 47400191
829, 46850706
830, 47063882
831, 46777410
832, 47291282
833, 47010228
834, 46792347
835, 46792347
836, 47016578
837, 47312399
838, 47598108
839, 47159436
840, 47391294
841, 47607671
842, 48118650
843, 47782927
844, 47941506
845, 47784510
846, 47570005
847, 47157585
848, 47379993
849, 47057420
850, 47303889
851, 47487494
852, 47368614
853, 47057498
854, 46026264
855, 46311561
856, 46611292
857, 46415934
858, 46916205
859, 46576589
860, 46841273
861, 47155871
862, 47018057
863, 47162175
864, 46894678
865, 46480088
866, 46668877
867, 47039830
868, 46748142
869, 47174058
870, 46727739
871, 46388005
872, 45758138
873, 44940095
874, 45352097
875, 45734047
876, 46054983
877, 45869676
878, 45667942
879, 46416699
880, 46011571
881, 45339135
882, 44128783
883, 45065776
884, 44674660
885, 44349414
886, 44738864
887, 45196721
888, 44891396
889, 44423981
890, 45344181
891, 45629329
892, 45228801
893, 45570593
894, 45856128
895, 45568794
896, 45894108
897, 46193442
898, 45859717
899, 46235673
900, 46641884
901, 46856940
902, 46343847
903, 46736581
904, 46506525
905, 46159934
906, 45805137
907, 46949151
908, 47249654
909, 46888951
910, 46268812
911, 46784045
912, 46389390
913, 45944620
914, 46278801
915, 46626242
916, 47195675
917, 46623237
918, 47088058
919, 46537038
920, 47145305
921, 46518368
922, 45912925
923, 46385468
924, 45714188
925, 46274778
926, 46641412
927, 46921021
928, 47218477
929, 46915156
930, 47189011
931, 47662347
932, 48142421
933, 48937954
934, 49836201
935, 49188481
936, 48678433
937, 49027912
938, 48562614
939, 47827493
940, 47197391
941, 46751846
942, 46477702
943, 46804958
944, 47300985
945, 47004764
946, 46614619
947, 46406671
948, 46782721
949, 47291832
950, 47064214
951, 47221820
952, 46718457
953, 47687775
954, 48157932
955, 47781596
956, 48220829
957, 48010346
958, 47751474
959, 47957953
960, 48095416
961, 48401256
962, 48125930
963, 48391612
964, 48150226
965, 48397032
966, 48622700
967, 47907165
968, 48175510
969, 47867516
970, 48144142
971, 47889436
972, 47527484
973, 47881345
974, 48246670
975, 48685770
976, 48409442
977, 48898235
978, 48898235
979, 48649014
980, 48854225
981, 48679926
982, 48784837
983, 49001582
984, 49132480
985, 48731098
986, 48951525
987, 48664486
988, 48833355
989, 48632746
990, 48503924
991, 48007319
992, 47687175
993, 47439378
994, 47295782
995, 47055319
996, 47350409
997, 47593237
998, 47250015
999, 47847006
1000, 48570533
1001, 48284003
1002, 47890333
1003, 48340384
1004, 48051837
1005, 47621176
1006, 47391655
1007, 46886184
1008, 46468170
1009, 46770242
1010, 46512530
1011, 46163901
1012, 45780029
1013, 46081921
1014, 46185992
1015, 46631226
1016, 47627397
1017, 48291164
1018, 48625123
1019, 48932562
1020, 49240624
1021, 49739049
1022, 50138221
1023, 49786032
1024, 50044854
1025, 49728995
1026, 50123420
1027, 50464093
1028, 50139409
1029, 49568093
1030, 49568093
1031, 49777629
1032, 49982147
1033, 50339556
1034, 50102725
1035, 49959440
1036, 50122661
1037, 50015369
1038, 49873548
1039, 50280341
1040, 49600960
1041, 49096646
1042, 48831274
1043, 48831274
1044, 48505201
1045, 48505201
1046, 48761794
1047, 49072426
1048, 48667594
1049, 48914330
1050, 48435099
1051, 48728605
1052, 49254056
1053, 49254056
1054, 49543996
1055, 49978216
1056, 50884053
1057, 50303480
1058, 50726920
1059, 51103486
1060, 52202798
1061, 52506509
1062, 51114716
1063, 51424151
1064, 51628469
1065, 51459538
1066, 51199023
1067, 51498110
1068, 51150487
1069, 51514878
1070, 51803446
1071, 52041246
1072, 51701870
1073, 51448800
1074, 51094898
1075, 51297097
1076, 51579262
1077, 50719902
1078, 50220662
1079, 50622827
1080, 50364881
1081, 50021634
1082, 50217602
1083, 49849898
1084, 49482223
1085, 49154244
1086, 49368561
1087, 49046909
1088, 48721188
1089, 48894236
1090, 49186866
1091, 49418025
1092, 49126861
1093, 49402169
1094, 49547290
1095, 49314499
1096, 49105679
1097, 49222413
1098, 49407825
1099, 49912089
1100, 49600195
1101, 49892906
1102, 50207506
1103, 50374447
1104, 50119265
1105, 49727825
1106, 49368038
1107, 48958539
1108, 49353179
1109, 49932088
1110, 49638786
1111, 49153474
1112, 48905714
1113, 49264555
1114, 49482389
1115, 49243744
1116, 49499176
1117, 49804778
1118, 50119088
1119, 50595252
1120, 50239237
1121, 50815762
1122, 51219716
1123, 50896873
1124, 51084184
1125, 51315619
1126, 51624276
1127, 52183731
1128, 52683776
1129, 53133216
1130, 53737802
1131, 53737802
1132, 54454310
1133, 54989169
1134, 54446888
1135, 55133446
1136, 55812798
1137, 56710498
1138, 57429539
1139, 57973729
1140, 59236252
1141, 57891456
1142, 56837677
1143, 57549650
1144, 57174780
1145, 57586979
1146, 57044206
1147, 56679083
1148, 55978392
1149, 56519883
1150, 56855763
1151, 56433305
1152, 56878975
1153, 57756048
1154, 58304200
1155, 58663575
1156, 58208567
1157, 57839326
1158, 56795605
1159, 57234619
1160, 57718021
1161, 58290508
1162, 58791745
1163, 59376907
1164, 58957363
1165, 59328911
1166, 59983785
1167, 59669144
1168, 59250769
1169, 59693349
1170, 60228286
1171, 59123041
1172, 59443187
1173, 59781448
1174, 60213392
1175, 60622252
1176, 60989535
1177, 61170423
1178, 60880052
1179, 61235836
1180, 60658008
1181, 61333520
1182, 60387038
1183, 61059955
1184, 61698664
1185, 62190406
1186, 61609570
1187, 60459019
1188, 59135967
1189, 61252413
1190, 60475477
1191, 61007394
1192, 60583255
1193, 60956473
1194, 60359770
1195, 60575839
1196, 59265931
1197, 60142458
1198, 61031593
1199, 62102825
1200, 62837591
1201, 62097662
1202, 62742601
1203, 63077535
1204, 64166712
1205, 64801542
1206, 64184795
1207, 63777988
1208, 64338716
1209, 64893999
1210, 64590683
1211, 63972001
1212, 64675561
1213, 65295986
1214, 64730169
1215, 64089711
1216, 63456756
1217, 62972736
1218, 62459462
1219, 61898599
1220, 61229156
1221, 61852840
1222, 62278903
1223, 63019682
1224, 62201116
1225, 62538798
1226, 61949981
1227, 61416407
1228, 62173148
1229, 61479350
1230, 61929606
1231, 61587984
1232, 62125466
1233, 61542578
1234, 61937247
1235, 61638233
1236, 61954660
1237, 61436434
1238, 61878440
1239, 61588444
1240, 62025366
1241, 62496944
1242, 63475292
1243, 62754138
1244, 61997619
1245, 62727926
1246, 62173977
1247, 61522886
1248, 60753300
1249, 61661003
1250, 62457274
1251, 63268926
1252, 63998579
1253, 64789948
1254, 64211946
1255, 63768707
1256, 64239204
1257, 63803933
1258, 64071315
1259, 63835923
1260, 63311328
1261, 62868244
1262, 62562495
1263, 62213795
1264, 61684492
1265, 61486822
1266, 61844692
1267, 61415402
1268, 62223603
1269, 61891723
1270, 61519124
1271, 62055836
1272, 62588367
1273, 62147363
1274, 61815942
1275, 62155078
1276, 61766417
1277, 61259179
1278, 60816428
1279, 60302403
1280, 54050110
1281, 55455538
1282, 56208411
1283, 56897339
1284, 56566510
1285, 56785659
1286, 56456943
1287, 55989335
1288, 56386992
1289, 56049663
1290, 54010630
1291, 55671682
1292, 54669863
1293, 55268390
1294, 56302027
1295, 57158814
1296, 56749195
1297, 56156925
1298, 58041532
1299, 58858677
1300, 59599569
1301, 60762154
1302, 61712075
1303, 63336220
1304, 62819921
1305, 63231064
1306, 63730703
1307, 63079129
1308, 63653646
1309, 64275340
1310, 65103014
1311, 64507016
1312, 64834516
1313, 64489333
1314, 65101129
1315, 65438684
1316, 66013080
1317, 65251811
1318, 65823807
1319, 66246656
1320, 67050911
1321, 67634540
1322, 68241955
1323, 67622515
1324, 67139149
1325, 67564910
1326, 67853898
1327, 67367134
1328, 66739703
1329, 66219587
1330, 64812646
1331, 64017689
1332, 64727701
1333, 63764143
1334, 64186494
1335, 63652502
1336, 64136462
1337, 64482681
1338, 64851333
1339, 64400289
1340, 64843013
1341, 64270850
1342, 64688696
1343, 65185896
1344, 64850111
1345, 65196196
1346, 65568679
1347, 66011137
1348, 66459463
1349, 67001834
1350, 66190856
1351, 65452998
1352, 65452998
1353, 66157378
1354, 65458703
1355, 65081525
1356, 64272642
1357, 63416057
1358, 63860173
1359, 64131147
1360, 63704940
1361, 62508069
1362, 63051343
1363, 62747215
1364, 63137636
1365, 63592315
1366, 63100105
1367, 63363932
1368, 63615642
1369, 63961569
1370, 64774592
1371, 64213748
1372, 66339721
1373, 66964409
1374, 65264543
1375, 64884976
1376, 63552686
1377, 64031195
1378, 63679100
1379, 64088687
1380, 64664409
1381, 63876573
1382, 64267180
1383, 64997241
1384, 64279832
1385, 63666195
1386, 64331792
1387, 63535377
1388, 64218518
1389, 65875767
1390, 65534073
1391, 65168012
1392, 64570469
1393, 62551405
1394, 62028374
1395, 63223958
1396, 64143834
1397, 64633700
1398, 63921161
1399, 63400714
1400, 62872850
1401, 62313839
1402, 61917901
1403, 62699887
1404, 63342644
1405, 64015996
1406, 64614858
1407, 64348777
1408, 63908669
1409, 62798310
1410, 62419483
1411, 62697800
1412, 62921374
1413, 63477430
1414, 63876433
1415, 64341045
1416, 64580744
1417, 64096938
1418, 64096938
1419, 64650578
1420, 64418744
1421, 65016859
1422, 65367311
1423, 65609274
1424, 65269381
1425, 66177597
1426, 66508902
1427, 66170494
1428, 65934557
1429, 65726283
1430, 66183274
1431, 66484704
1432, 66831905
1433, 67289348
1434, 66991765
1435, 66650459
1436, 66162372
1437, 66699739
1438, 67053824
1439, 67792023
1440, 67342998
1441, 67141179
1442, 66621163
1443, 66799814
1444, 66499259
1445, 66086750
1446, 66544414
1447, 66888881
1448, 66685695
1449, 66685695
1450, 66328997
1451, 65955870
1452, 65650177
1453, 64656109
1454, 65046383
1455, 64699286
1456, 65150981
1457, 64710315
1458, 65331622
1459, 65957130
1460, 66625881
1461, 67114902
1462, 67701718
1463, 67076069
1464, 67076069
1465, 66758421
1466, 67802305
1467, 68237900
1468, 67932965
1469, 67641344
1470, 67199396
1471, 66742906
1472, 65563123
1473, 66227685
1474, 65539051
1475, 65180725
1476, 65611745
1477, 65988047
1478, 65366651
1479, 64964338
1480, 65468071
1481, 66088571
1482, 66678008
1483, 66264938
1484, 65053305
1485, 64451332
1486, 63970538
1487, 63970538
1488, 63611159
1489, 64389942
1490, 64875029
1491, 64487588
1492, 64012673
1493, 63745835
1494, 63353414
1495, 63015726
1496, 63246005
1497, 62915775
1498, 62392924
1499, 61938793
1500, 61554204
1501, 62119187
1502, 64834509
1503, 64207461
1504, 63693557
1505, 63950028
1506, 64418029
1507, 64162569
1508, 63525265
1509, 63178664
1510, 63781853
1511, 64125276
1512, 64471429
1513, 64698155
1514, 64627506
1515, 65729702
1516, 65456287
1517, 65777753
1518, 66031881
1519, 66649393
1520, 66194929
1521, 65727744
1522, 66049883
1523, 65723597
1524, 65298335
1525, 64780047
1526, 65088248
1527, 65574004
1528, 65930794
1529, 65485254
1530, 65997659
1531, 65314245
1532, 64883507
1533, 65569002
1534, 64630231
1535, 64757109
1536, 64456322
1537, 63929189
1538, 63596203
1539, 64048481
1540, 64431218
1541, 64079023
1542, 64590513
1543, 64253070
1544, 64765977
1545, 65500456
1546, 65983986
1547, 66387333
1548, 67519938
1549, 68052731
1550, 67724203
1551, 68007608
1552, 68342257
1553, 68907666
1554, 69821041
1555, 69001079
1556, 69460330
1557, 68950919
1558, 69451559
1559, 69103421
1560, 69555409
1561, 70074350
1562, 69696267
1563, 70283259
1564, 70812849
1565, 70267693
1566, 70267693
1567, 69917468
1568, 69699128
1569, 70220610
1570, 69083543
1571, 67803606
1572, 69407286
1573, 68713090
1574, 68460281
1575, 68660873
1576, 68334037
1577, 68675953
1578, 69119279
1579, 68745222
1580, 69306837
1581, 69857550
1582, 70416813
1583, 70846213
1584, 71321441
1585, 71775026
1586, 71087388
1587, 70516284
1588, 70881752
1589, 72204977
1590, 71354115
1591, 71019519
1592, 71408232
1593, 71053091
1594, 70462182
1595, 70789846
1596, 70298203
1597, 69921683
1598, 69373801
1599, 69656389
1600, 68975651
1601, 69601693
1602, 69176480
1603, 69317958
1604, 68968233
1605, 69332334
1606, 68876298
1607, 69300704
1608, 68613355
1609, 69012420
1610, 68259526
1611, 68746176
1612, 68186529
1613, 67762683
1614, 68202601
1615, 60969115
1616, 63507064
1617, 65476953
1618, 63590209
1619, 66431861
1620, 65193743
1621, 66157574
1622, 68527301
1623, 70245682
1624, 70955774
1625, 71591660
1626, 71158530
1627, 70529796
1628, 69593483
1629, 70414885
1630, 69672633
1631, 68383381
1632, 69613996
1633, 71163402
1634, 70250624
1635, 69236136
1636, 69833469
1637, 68860874
1638, 69539059
1639, 70203118
1640, 70713325
1641, 71379797
1642, 72026033
1643, 71467229
1644, 70652216
1645, 69917596
1646, 70931750
1647, 71667009
1648, 72118655
1649, 72539926
1650, 74054848
1651, 74833317
1652, 75442646
1653, 76493133
1654, 77287636
1655, 78696285
1656, 77326462
1657, 76469249
1658, 77610515
1659, 76052367
1660, 77771964
1661, 78294982
1662, 78998208
1663, 81276753
1664, 82259557
1665, 80880984
1666, 81354257
1667, 82207034
1668, 81290671
1669, 82087625
1670, 81339451
1671, 82032171
1672, 82865904
1673, 83264388
1674, 82054757
1675, 81717893
1676, 82548367
1677, 83058435
1678, 83731497
1679, 82927417
1680, 82315899
1681, 82779294
1682, 82272041
1683, 82008205
1684, 82598633
1685, 83430933
1686, 84133768
1687, 83506842
1688, 84087273
1689, 85246182
1690, 84111902
1691, 84718480
1692, 85238737
1693, 85826755
1694, 86555134
1695, 87814392
1696, 86338006
1697, 85135091
1698, 84466827
1699, 83106825
1700, 81880712
1701, 81289920
1702, 80375908
1703, 79677183
1704, 78674906
1705, 78050369
1706, 78555570
1707, 77807501
1708, 78659461
1709, 77486201
1710, 75979524
1711, 74936317
1712, 73956887
1713, 72873105
1714, 73649254
1715, 75266147
1716, 76337415
1717, 78001681
1718, 79292113
1719, 80425937
1720, 81750603
1721, 80272908
1722, 79538998
1723, 80625267
1724, 82107180
1725, 83371055
1726, 82321876
1727, 81570644
1728, 80835099
1729, 79871093
1730, 79291097
1731, 79750898
1732, 78803463
1733, 77345701
1734, 74985446
1735, 77590076
1736, 76093799
1737, 77566210
1738, 78405161
1739, 79736165
1740, 80979336
1741, 82078570
1742, 83081492
1743, 82247401
1744, 81233458
1745, 81720214
1746, 81271847
1747, 82515360
1748, 83226824
1749, 82584957
1750, 81526503
1751, 80089440
1752, 78861044
1753, 81314483
1754, 80495198
1755, 80012199
1756, 81065694
1757, 80464139
1758, 81055184
1759, 81990471
1760, 83032476
1761, 81946059
1762, 82825000
1763, 82181336
1764, 81671159
1765, 82503481
1766, 83057718
1767, 83473990
1768, 84071220
1769, 83233375
1770, 83549565
1771, 82546005
1772, 81817090
1773, 82884286
1774, 82061462
1775, 82636597
1776, 81887028
1777, 81131818
1778, 78662911
1779, 58017592
1780, 54047908
1781, 59533377
1782, 53450160
1783, 39054218
1784, 46349575
1785, 52560501
1786, 50157219
1787, 51640031
1788, 53713709
1789, 55802135
1790, 57491516
1791, 55633394
1792, 58314555
1793, 60451021
1794, 63768180
1795, 66352301
1796, 64125239
1797, 65982477
1798, 64614953
1799, 59770775
1800, 64629696
1801, 62976399
1802, 61983371
1803, 64013752
1804, 65306251
1805, 64135850
1806, 65686849
1807, 63859090
1808, 62022307
1809, 63629408
1810, 62039467
1811, 63373768
1812, 61945530
1813, 60704225
1814, 61519800
1815, 60669606
1816, 61857887
1817, 63060273
1818, 59222815
1819, 56099029
1820, 58750511
1821, 66856428
1822, 64160240
1823, 65935183
1824, 68592612
1825, 69992639
1826, 71689646
1827, 73146904
1828, 74732565
1829, 77514123
1830, 78906119
1831, 81572481
1832, 80402511
1833, 82462995
1834, 81127900
1835, 80299380
1836, 78722074
1837, 77647093
1838, 79128636
1839, 80131013
1840, 79514299
1841, 80464348
1842, 81800706
1843, 82932180
1844, 81929055
1845, 82834722
1846, 84765768
1847, 83514735
1848, 84594573
1849, 83409871
1850, 82711731
1851, 82047969
1852, 82967567
1853, 82110195
1854, 83141724
1855, 83971044
1856, 83092363
1857, 82268124
1858, 82887483
1859, 83563204
1860, 82576659
1861, 81761584
1862, 81084018
1863, 81993585
1864, 81108724
1865, 81951541
1866, 82554903
1867, 83294254
1868, 82679096
1869, 83068088
1870, 82095015
1871, 82770831
1872, 83525763
1873, 85398890
1874, 89335399
1875, 91651267
1876, 94267710
1877, 93155324
1878, 94615153
1879, 96638408
1880, 95237168
1881, 97552385
1882, 95951153
1883, 95046980
1884, 94330004
1885, 95437163
1886, 96902456
1887, 97902081
1888, 100346326
1889, 103638153
1890, 101427811
1891, 98627561
1892, 96429360
1893, 95103497
1894, 91202218
1895, 84645954
1896, 82578726
1897, 83840618
1898, 82630161
1899, 83449494
1900, 84302857
1901, 83669130
1902, 84372023
1903, 83906218
1904, 83289278
1905, 83791711
1906, 82983651
1907, 82072714
1908, 81302605
1909, 82473826
1910, 83271182
1911, 84304006
1912, 83407109
1913, 82717547
1914, 83798610
1915, 84669956
1916, 86469547
1917, 84844918
1918, 85362085
1919, 83423396
1920, 82600068
1921, 82061911
1922, 80985246
1923, 81762036
1924, 82556539
1925, 81677210
1926, 82264563
1927, 81321671
1928, 82184149
1929, 81564674
1930, 80521760
1931, 80874698
1932, 81770506
1933, 81003082
1934, 81748371
1935, 83082478
1936, 84072947
1937, 83412044
1938, 82002160
1939, 82988516
1940, 82140071
1941, 83304898
1942, 80406189
1943, 81458564
1944, 82261921
1945, 81480983
1946, 82207828
1947, 83026776
1948, 83746036
1949, 82186336
1950, 79979326
1951, 81056640
1952, 79910964
1953, 81289142
1954, 82415959
1955, 83789782
1956, 82169681
1957, 81062903
1958, 80075681
1959, 81498864
1960, 79610906
1961, 77982835
1962, 76994485
1963, 75815899
1964, 74720111
1965, 73724390
1966, 75037653
1967, 74426557
1968, 73097773
1969, 70067903
1970, 68359731
1971, 69364007
1972, 66739767
1973, 63361591
1974, 60838326
1975, 62305052
1976, 60651419
1977, 61639587
1978, 63569287
1979, 65176285
1980, 67443358
1981, 65745386
1982, 66837047
1983, 67958657
1984, 69367365
1985, 70271452
1986, 69469368
1987, 70631973
1988, 72061102
1989, 73619565
1990, 71766008
1991, 73687577
1992, 76109401
1993, 78336907
1994, 81025886
1995, 84977260
1996, 87355343
1997, 85928359
1998, 88520507
1999, 91199768
2000, 84128005
2001, 80889529
2002, 85987048
2003, 89312307
2004, 93734576
2005, 96662726
2006, 94454114
2007, 91804744
2008, 93895776
2009, 95738635
2010, 97589203
2011, 99517221
2012, 101334598
2013, 103563203
2014, 105467348
2015, 103015910
2016, 104672623
2017, 101497221
2018, 103867665
2019, 102089242
2020, 100447499
2021, 98689470
2022, 100533505
2023, 98603304
2024, 100899574
2025, 98760611
2026, 104162678
2027, 106095787
2028, 108548572
2029, 110191127
2030, 108291151
2031, 106866528
2032, 108003490
2033, 106608138
2034, 107797331
2035, 106173589
2036, 104177270
2037, 101683322
2038, 103025885
2039, 102523062
2040, 103081159
2041, 104324539
2042, 103037255
2043, 104344654
2044, 102929967
2045, 101443864
2046, 99856128
2047, 101301858
2048, 93585668
2049, 91292372
2050, 88906610
2051, 90543222
2052, 88986678
2053, 87324481
2054, 88950802
2055, 87115950
2056, 85776225
2057, 87406693
2058, 88705244
2059, 89991920
2060, 89038986
2061, 87371434
2062, 88471752
2063, 87332086
2064, 88662831
2065, 87468628
2066, 88765580
2067, 89953914
2068, 91435420
2069, 93958293
2070, 91995610
2071, 95306258
2072, 97502174
2073, 96205725
2074, 94783106
2075, 93489173
2076, 94428731
2077, 95510221
2078, 94495835
2079, 93406560
2080, 92421848
2081, 93456653
2082, 92680075
2083, 91544264
2084, 92758154
2085, 91616086
2086, 92808409
2087, 91781734
2088, 92775409
2089, 94156027
2090, 95384154
2091, 97299030
2092, 96245177
2093, 95094479
2094, 94206706
2095, 95306714
2096, 96313332
2097, 95097283
2098, 96630824
2099, 95902447
2100, 94800713
2101, 93651311
2102, 92547420
2103, 93500507
2104, 92642262
2105, 93938453
2106, 94895190
2107, 95761750
2108, 94786934
2109, 95369006
2110, 96428124
2111, 95711001
2112, 96419320
2113, 95714219
2114, 96442167
2115, 96980668
2116, 96329456
2117, 97338521
2118, 96412253
2119, 96990870
2120, 96582279
2121, 97227940
2122, 96656389
2123, 97524032
2124, 96497297
2125, 95279473
2126, 96123060
2127, 94908031
2128, 93109425
2129, 92052063
2130, 90733311
2131, 88858482
2132, 89968522
2133, 89345061
2134, 89820155
2135, 90548661
2136, 89864171
2137, 90400280
2138, 91118812
2139, 91927377
2140, 91423244
2141, 90819486
2142, 91612299
2143, 92158516
2144, 91706789
2145, 91191920
2146, 91920994
2147, 91286980
2148, 91776298
2149, 92444467
2150, 91965453
2151, 91283757
2152, 90193759
2153, 90968729
2154, 91537307
2155, 90961247
2156, 90328505
2157, 90917877
2158, 91586046
2159, 92289428
2160, 93094797
2161, 93914336
2162, 95060879
2163, 94003872
2164, 93026738
2165, 100537001
2166, 99592966
2167, 101398027
2168, 100418703
2169, 101315687
2170, 103065813
2171, 104494483
2172, 103507887
2173, 104722044
2174, 105563848
2175, 106785488
2176, 105849014
2177, 106538572
2178, 105790871
2179, 105790871
2180, 106674596
2181, 105658057
2182, 106244926
2183, 106820032
2184, 106207286
2185, 106734482
2186, 105683722
2187, 106258614
2188, 107008880
2189, 108047876
2190, 109261022
2191, 111214966
2192, 108740670
2193, 107575741
2194, 108298206
2195, 107176442
2196, 108371403
2197, 106178774
2198, 104481265
2199, 105410759
2200, 102906306
2201, 104456245
2202, 105791884
2203, 104274454
2204, 100900179
2205, 98396677
2206, 99888015
2207, 98125057
2208, 99115931
2209, 98396890
2210, 97422270
2211, 95984188
2212, 96847808
2213, 97807884
2214, 96797974
2215, 97967861
2216, 97024252
2217, 97796273
2218, 98663958
2219, 99486727
2220, 98576269
2221, 99494213
2222, 100421288
2223, 98868783
2224, 99568574
2225, 98795850
2226, 99170408
2227, 99945660
2228, 100737848
2229, 100065155
2230, 101089185
2231, 102764619
2232, 101639506
2233, 102319214
2234, 103015264
2235, 103720508
2236, 104380170
2237, 106609114
2238, 107644848
2239, 108227578
2240, 107110766
2241, 108462519
2242, 109612529
2243, 110248610
2244, 111094276
2245, 111808457
2246, 112462201
2247, 111834419
2248, 112462201
2249, 111813989
2250, 112530297
2251, 110788469
2252, 109924258
2253, 109309882
2254, 108308497
2255, 106311485
2256, 105139793
2257, 106372585
2258, 107267226
2259, 106154465
2260, 105212153
2261, 95656247
2262, 90504605
2263, 93867813
2264, 95876715
2265, 94218944
2266, 91830179
2267, 93436024
2268, 95075705
2269, 96617282
2270, 95315963
2271, 95980562
2272, 96284877
2273, 95096772
2274, 96155837
2275, 95475309
2276, 94559016
2277, 95751377
2278, 95049114
2279, 96532986
2280, 95779008
2281, 94883941
2282, 94214236
2283, 95428253
2284, 94176521
2285, 95921116
2286, 94953906
2287, 92620049
2288, 93456171
2289, 94311862
2290, 93669397
2291, 94087148
2292, 95461841
2293, 94620552
2294, 94353155
2295, 93933722
2296, 92834222
2297, 93637747
2298, 92700292
2299, 91910452
2300, 90829884
2301, 89097530
2302, 89781261
2303, 88970582
2304, 89792314
2305, 88560101
2306, 87772019
2307, 86632315
2308, 86160125
2309, 86892416
2310, 86418508
2311, 87031635
2312, 87895418
2313, 87142762
2314, 88408472
2315, 89086591
2316, 88567429
2317, 87912669
2318, 87447455
2319, 88040059
2320, 87151729
2321, 86153992
2322, 84779227
2323, 83228745
2324, 84168148
2325, 85200505
2326, 86286163
2327, 85791539
2328, 84980455
2329, 85757752
2330, 85129881
2331, 86136987
2332, 85479322
2333, 84857476
2334, 83782795
2335, 85293747
2336, 86282384
2337, 85801252
2338, 86326976
2339, 85638787
2340, 85035425
2341, 85612442
2342, 86011325
2343, 86666884
2344, 85902628
2345, 86801749
2346, 86266437
2347, 86804385
2348, 87980405
2349, 89008235
2350, 89998452
2351, 89282870
2352, 88289324
2353, 88639184
2354, 89100220
2355, 89614180
2356, 88779124
2357, 89397717
2358, 85914563
2359, 83550275
2360, 82403596
2361, 80695442
2362, 81578371
2363, 82528253
2364, 83196761
2365, 84027269
2366, 84593540
2367, 84025221
2368, 84780982
2369, 85210001
2370, 84239998
2371, 85277339
2372, 85937790
2373, 84066027
2374, 84946239
2375, 85559212
2376, 84156759
2377, 82992462
2378, 84369835
2379, 85312607
2380, 84271081
2381, 84916545
2382, 85358274
2383, 85783982
2384, 86260871
2385, 85881080
2386, 86458977
2387, 87427052
2388, 86506451
2389, 85955112
2390, 87374704
2391, 86673851
2392, 87453219
2393, 86887149
2394, 87646033
2395, 88048957
2396, 88519316
2397, 88920610
2398, 89344076
2399, 90019077
2400, 90492238
2401, 90189577
2402, 90854686
2403, 90250664
2404, 90572588
2405, 90219403
2406, 89847282
2407, 89326035
2408, 88661114
2409, 88151678
2410, 88572323
2411, 89857382
2412, 90307205
2413, 90307205
2414, 89846130
2415, 90390959
2416, 89067734
2417, 88134220
2418, 88876085
2419, 89707384
2420, 90936329
2421, 90241487
2422, 88763857
2423, 87956871
2424, 88415115
2425, 89223569
2426, 89980417
2427, 90656621
2428, 89009160
2429, 90172911
2430, 89534746
2431, 88774113
2432, 88138339
2433, 88762967
2434, 87709464
2435, 88518096
2436, 87257096
2437, 86090851
2438, 86090851
2439, 85426388
2440, 84319265
2441, 85737665
2442, 87078862
2443, 88058900
2444, 88665215
2445, 89133290
2446, 89727496
2447, 90233461
2448, 89713382
2449, 90166935
2450, 89886637
2451, 90320385
2452, 89847996
2453, 89462538
2454, 89054265
2455, 89356699
2456, 88926975
2457, 89678201
2458, 90181111
2459, 90676272
2460, 90194010
2461, 90773492
2462, 91310363
2463, 91771258
2464, 91081313
2465, 91581562
2466, 92187137
2467, 92808638
2468, 92401020
2469, 91972167
2470, 92453985
2471, 91952437
2472, 91629468
2473, 92069409
2474, 90967139
2475, 91391202
2476, 90975652
2477, 91605498
2478, 92561886
2479, 91992882
2480, 91272914
2481, 90772268
2482, 91381091
2483, 92378989
2484, 93188501
2485, 92527331
2486, 93003000
2487, 93354415
2488, 93785493
2489, 94464917
2490, 94834544
2491, 95647531
2492, 96396010
2493, 95750092
2494, 96116774
2495, 96738775
2496, 96202390
2497, 95766679
2498, 95198588
2499, 94835965
2500, 94294480
2501, 94294480
2502, 93795803
2503, 94096191
2504, 94412984
2505, 95115102
2506, 94587804
2507, 95380602
2508, 94818368
2509, 93903725
2510, 94887058
2511, 95454367
2512, 96244056
2513, 96947092
2514, 95003394
2515, 96183495
2516, 94794329
2517, 95797456
2518, 96717717
2519, 96163715
2520, 96699854
2521, 95821825
2522, 96264614
2523, 96512177
2524, 95751801
2525, 96558454
2526, 95718943
2527, 96833957
2528, 96098559
2529, 96717654
2530, 97273135
2531, 98099369
2532, 99072912
2533, 99875410
2534, 100660480
2535, 99944096
2536, 99069370
2537, 98087228
2538, 100228941
2539, 99429115
2540, 98806370
2541, 99321422
2542, 98783892
2543, 99132579
2544, 99528135
2545, 99169714
2546, 98896020
2547, 99245038
2548, 98645984
2549, 99267797
2550, 98752048
2551, 99240284
2552, 98675642
2553, 99115101
2554, 99464917
2555, 98999232
2556, 99298990
2557, 98916392
2558, 98397534
2559, 97873554
2560, 97180930
2561, 97796400
2562, 98449316
2563, 99372665
2564, 99372665
2565, 98564198
2566, 97689595
2567, 98014450
2568, 98661805
2569, 99142234
2570, 99892947
2571, 99215139
2572, 98566570
2573, 99479245
2574, 99900955
2575, 100290068
2576, 100868312
2577, 101466895
2578, 100539639
2579, 101102784
2580, 100475896
2581, 101214513
2582, 101988001
2583, 102493001
2584, 102014078
2585, 92909914
2586, 98077647
2587, 100137556
2588, 98396508
2589, 99643074
2590, 98417177
2591, 97076584
2592, 96162546
2593, 94578854
2594, 93149022
2595, 94643160
2596, 95634653
2597, 97370425
2598, 95737424
2599, 82331291
2600, 77838008
2601, 73785935
2602, 76914360
2603, 81315601
2604, 84993150
2605, 88102655
2606, 89877795
2607, 88462678
2608, 89684996
2609, 87914803
2610, 85957798
2611, 102814023
2612, 93330136
2613, 89199372
2614, 86163993
2615, 83300119
2616, 59398932
2617, 68597576
2618, 65196279
2619, 68213264
2620, 69968796
2621, 71711039
2622, 72942286
2623, 74467748
2624, 72133741
2625, 73448319
2626, 75212789
2627, 77427526
2628, 76091693
2629, 78378732
2630, 75188739
2631, 73597843
2632, 75114887
2633, 76616062
2634, 73721030
2635, 64010354
2636, 68496006
2637, 70264078
2638, 68456425
2639, 65965572
2640, 62542192
2641, 60277936
2642, 61762155
2643, 63668332
2644, 61696558
2645, 62970459
2646, 64351016
2647, 65798808
2648, 74530094
2649, 70215257
2650, 75887268
2651, 80184291
2652, 76728659
2653, 74349022
2654, 76600629
2655, 79717972
2656, 82565407
2657, 78882515
2658, 81191375
2659, 83872601
2660, 86524150
2661, 86524150
2662, 91505967
2663, 89859647
2664, 87658355
2665, 85367059
2666, 87287396
2667, 98479763
2668, 100990629
2669, 102892084
2670, 106167003
2671, 108449618
2672, 106343749
2673, 106343749
2674, 104069331
2675, 101473986
2676, 105626932
2677, 104059788
2678, 105616823
2679, 104092038
2680, 102120047
2681, 103104417
2682, 102189453
2683, 103615651
2684, 104856482
2685, 105600385
2686, 104115067
2687, 105116580
2688, 106766898
2689, 105815103
2690, 104673460
2691, 105522505
2692, 106996179
2693, 107972366
2694, 106904276
2695, 106248623
2696, 106982888
2697, 108135494
2698, 106616608
2699, 103348507
2700, 101835219
2701, 103051417
2702, 101974756
2703, 100553562
2704, 99090703
2705, 97950311
2706, 99242730
2707, 98317920
2708, 97098158
2709, 98312476
2710, 99189922
2711, 100104832
2712, 99040988
2713, 96625015
2714, 98259984
2715, 95466184
2716, 96781412
2717, 94351977
2718, 96275095
2719, 94781581
2720, 95923411
2721, 97492670
2722, 98559209
2723, 100311314
2724, 102298952
2725, 104409348
2726, 103188627
2727, 101979527
2728, 102910194
2729, 103763770
2730, 104811078
2731, 103602470
2732, 104484062
2733, 105613155
2734, 106413011
2735, 105525146
2736, 106816779
2737, 108506679
2738, 107494440
2739, 108335457
2740, 107600354
2741, 106913222
2742, 107662174
2743, 107004178
2744, 105802061
2745, 105086036
2746, 104378924
2747, 105052539
2748, 105655697
2749, 106170523
2750, 105788571
2751, 104742892
2752, 102551528
2753, 101501671
2754, 101501671
2755, 102083410
2756, 101694477
2757, 101032121
2758, 100159086
2759, 99175439
2760, 100050456
2761, 98734325
2762, 95669443
2763, 97615587
2764, 94130314
2765, 91780168
