0, 11.95
1, 12.45
2, 12.99
3, 14.0
4, 13.75
5, 13.49
6, 13.02
7, 12.99
8, 12.85
9, 12.78
10, 12.23
11, 12.05
12, 12.3
13, 12.93
14, 13.12
15, 12.87
16, 12.73
17, 12.38
18, 12.2
19, 11.97
20, 11.69
21, 9.9
22, 9.32
23, 9.36
24, 9.07
25, 9.07
26, 9.25
27, 9.04
28, 8.85
29, 8.72
30, 8.76
31, 9.25
32, 8.9
33, 8.9
34, 8.6
35, 8.44
36, 8.42
37, 9.13
38, 9.4
39, 9.61
40, 10.13
41, 10.56
42, 10.35
43, 10.1
44, 9.97
45, 10.0
46, 9.95
47, 9.73
48, 9.73
49, 10.23
50, 10.22
51, 10.15
52, 9.88
53, 9.15
54, 8.91
55, 8.94
56, 8.99
57, 8.99
58, 8.89
59, 9.74
60, 9.7
61, 9.59
62, 9.67
63, 9.46
64, 9.38
65, 9.41
66, 9.67
67, 9.63
68, 9.72
69, 10.19
70, 10.51
71, 10.9
72, 10.73
73, 9.11
74, 9.04
75, 9.08
76, 9.26
77, 9.2
78, 9.17
79, 9.43
80, 9.03
81, 9.1
82, 9.1
83, 9.19
84, 9.1
85, 9.1
86, 8.8901
87, 8.89
88, 8.89
89, 8.47
90, 8.45
91, 8.15
92, 8.3
93, 8.11
94, 8.07
95, 8.01
96, 8.0
97, 8.0
98, 7.85
99, 7.9
100, 7.76
101, 7.74
102, 7.3699
103, 7.739
104, 7.74
105, 7.73
106, 7.5
107, 7.4
108, 7.56
109, 7.36
110, 7.32
111, 7.33
112, 6.87
113, 6.7
114, 6.58
115, 6.55
116, 6.54
117, 6.42
118, 6.29
119, 6.48
120, 7.07
121, 7.64
122, 8.21
123, 8.25
124, 8.14
125, 8.01
126, 7.75
127, 7.5
128, 7.43
129, 7.39
130, 7.16
131, 7.13
132, 7.2
133, 7.26
134, 7.3
135, 7.21
136, 7.12
137, 6.71
138, 6.62
139, 6.64
140, 6.65
141, 6.7
142, 6.66
143, 6.66
144, 6.6
145, 6.51
146, 6.51
147, 6.53
148, 6.55
149, 6.36
150, 6.21
151, 5.61
152, 5.73
153, 6.2
154, 5.99
155, 7.33
156, 7.23
157, 7.17
158, 7.42
159, 7.24
160, 6.94
161, 6.82
162, 6.87
163, 7.11
164, 7.1
165, 7.11
166, 6.63
167, 6.729
168, 6.76
169, 6.75
170, 7.01
171, 7.115
172, 7.17
173, 7.28
174, 7.01
175, 7.12
176, 7.22
177, 7.33
178, 7.89
179, 8.27
180, 8.2
181, 8.06
182, 8.05
183, 7.51
184, 7.505
185, 7.31
186, 7.35
187, 7.63
188, 7.75
189, 7.75
190, 7.71
191, 7.67
192, 7.7
193, 7.68
194, 7.5
195, 7.4
196, 8.17
197, 7.7
198, 7.53
199, 7.3999
200, 6.64
201, 6.64
202, 6.59
203, 6.47
204, 6.78
205, 6.81
206, 7.25
207, 7.5
208, 7.63
209, 7.88
210, 8.13
211, 7.93
212, 8.66
213, 9.2
214, 9.51
215, 9.94
216, 9.7
217, 9.97
218, 9.95
219, 10.29
220, 10.36
221, 10.5
222, 10.06
223, 10.26
224, 10.82
225, 11.43
226, 10.75
227, 10.61
228, 11.29
229, 11.02
230, 10.76
231, 10.46
232, 10.99
233, 10.87
234, 10.85
235, 10.52
236, 10.83
237, 10.29
238, 10.48
239, 10.65
240, 10.47
241, 10.45
242, 10.49
243, 10.13
244, 10.28
245, 9.78
246, 9.75
247, 10.22
248, 10.09
249, 10.2
250, 10.06
251, 10.49
252, 11.19
253, 11.26
254, 11.76
255, 12.03
256, 12.08
257, 11.5
258, 11.14
259, 11.04
260, 11.27
261, 10.82
262, 9.02
263, 9.2
264, 8.9
265, 8.69
266, 8.1
267, 8.5
268, 8.22
269, 8.28
270, 7.96
271, 7.79
272, 8.125
273, 8.2
274, 8.25
275, 8.47
276, 8.17
277, 8.35
278, 8.02
279, 7.99
280, 7.58
281, 7.92
282, 8.32
283, 7.91
284, 7.8
285, 7.77
286, 7.47
287, 7.51
288, 7.13
289, 6.76
290, 6.94
291, 6.72
292, 7.1
293, 6.76
294, 6.94
295, 7.06
296, 7.45
297, 7.78
298, 7.4
299, 7.51
300, 7.34
301, 7.44
302, 7.39
303, 7.44
304, 7.25
305, 7.15
306, 7.5144
307, 7.3
308, 7.274
309, 7.9
310, 8.14
311, 8.04
312, 8.53
313, 8.32
314, 8.07
315, 7.84
316, 7.8
317, 7.6
318, 7.44
319, 7.49
320, 7.46
321, 7.15
322, 7.11
323, 7.5
324, 7.54
325, 8.04
326, 7.98
327, 7.88
328, 7.27
329, 7.21
330, 6.82
331, 6.94
332, 6.92
333, 7.01
334, 7.0
335, 7.03
336, 6.55
337, 2.13
338, 1.94
339, 1.95
340, 1.89
341, 1.83
342, 1.83
343, 1.8
344, 1.75
345, 1.74
346, 1.73
347, 1.7
348, 1.51
349, 1.46
350, 1.77
351, 1.71
352, 1.64
353, 1.84
354, 1.72
355, 1.78
356, 1.76
357, 1.79
358, 10.42
359, 18.88
360, 21.01
361, 17.61
362, 20.29
363, 22.13
364, 20.7
365, 18.12
366, 17.23
367, 17.33
368, 18.35
369, 17.7
370, 18.79
371, 18.3
372, 17.44
373, 17.24
374, 17.11
375, 16.7
376, 16.95
377, 16.16
378, 16.25
379, 15.7
380, 16.76
381, 16.46
382, 17.26
383, 17.58
384, 18.14
385, 18.04
386, 17.92
387, 18.79
388, 18.04
389, 18.0
390, 18.43
391, 18.32
392, 17.25
393, 15.97
394, 13.98
395, 14.07
396, 13.26
397, 12.9
398, 13.53
399, 13.32
400, 13.26
401, 12.79
402, 12.9
403, 14.78
404, 14.23
405, 15.22
406, 15.77
407, 15.85
408, 15.55
409, 14.95
410, 14.26
411, 14.13
412, 14.47
413, 14.31
414, 14.06
415, 14.9
416, 14.56
417, 15.29
418, 16.36
419, 15.42
420, 15.05
421, 14.34
422, 14.0
423, 13.66
424, 13.56
425, 12.87
426, 12.71
427, 12.85
428, 12.53
429, 12.49
430, 12.43
431, 12.11
432, 12.17
433, 12.62
434, 12.1
435, 12.2
436, 12.28
437, 11.99
438, 11.99
439, 11.52
440, 11.05
441, 11.3
442, 11.15
443, 11.91
444, 11.62
445, 11.53
446, 11.53
447, 11.22
448, 11.59
449, 12.13
450, 12.32
451, 12.63
452, 13.15
453, 12.83
454, 12.81
455, 12.66
456, 12.54
457, 12.07
458, 12.04
459, 12.48
460, 12.33
461, 11.94
462, 11.32
463, 10.62
464, 10.09
465, 9.34
466, 9.53
467, 8.02
468, 8.2
469, 9.21
470, 9.23
471, 10.0
472, 10.73
473, 11.07
474, 11.3
475, 11.03
476, 11.11
477, 10.42
478, 10.49
479, 12.57
480, 11.45
481, 11.46
482, 11.78
483, 11.13
484, 9.76
485, 10.16
486, 9.66
487, 9.48
488, 9.81
489, 10.07
490, 10.77
491, 10.08
492, 9.98
493, 10.26
494, 9.88
495, 9.95
496, 10.01
497, 9.38
498, 8.89
499, 8.9
500, 9.29
501, 9.42
502, 8.95
503, 9.05
504, 8.77
505, 8.42
506, 8.08
507, 8.11
508, 8.43
509, 8.28
510, 8.5
511, 8.31
512, 8.32
513, 8.81
514, 8.98
515, 8.57
516, 8.54
517, 8.31
518, 8.79
519, 8.68
520, 8.82
521, 9.6
522, 10.04
523, 10.25
524, 11.0
525, 10.38
526, 9.84
527, 9.62
528, 9.67
529, 9.76
530, 9.81
531, 9.68
532, 9.44
533, 8.98
534, 8.68
535, 9.09
536, 9.11
537, 8.88
538, 8.6
539, 8.32
540, 8.16
541, 8.14
542, 8.48
543, 8.86
544, 8.26
545, 8.18
546, 7.7
547, 7.73
548, 7.11
549, 7.01
550, 6.57
551, 6.56
552, 6.52
553, 6.77
554, 6.83
555, 6.71
556, 6.65
557, 6.85
558, 7.21
559, 7.66
560, 7.52
561, 7.64
562, 8.23
563, 8.3
564, 8.5
565, 8.05
566, 8.13
567, 7.98
568, 7.97
569, 7.39
570, 7.35
571, 7.28
572, 6.95
573, 6.94
574, 6.94
575, 6.49
576, 6.69
577, 6.47
578, 6.37
579, 6.72
580, 6.51
581, 6.16
582, 6.37
583, 6.44
584, 6.62
585, 7.39
586, 7.36
587, 7.1
588, 6.97
589, 7.05
590, 7.25
591, 7.36
592, 7.33
593, 7.3
594, 7.46
595, 7.47
596, 7.5
597, 7.57
598, 7.62
599, 7.78
600, 7.7
601, 7.7
602, 8.23
603, 8.32
604, 8.35
605, 8.65
606, 8.76
607, 8.97
608, 9.61
609, 8.97
610, 9.14
611, 9.41
612, 9.14
613, 9.27
614, 9.31
615, 9.69
616, 9.32
617, 9.0
618, 9.19
619, 9.44
620, 9.7
621, 9.65
622, 9.03
623, 9.33
624, 9.55
625, 10.34
626, 10.67
627, 10.62
628, 12.24
629, 12.14
630, 11.86
631, 12.18
632, 12.43
633, 12.2
634, 12.35
635, 12.58
636, 12.86
637, 13.58
638, 13.39
639, 12.68
640, 13.43
641, 13.63
642, 15.0
643, 14.7801
644, 14.38
645, 14.39
646, 14.35
647, 13.62
648, 13.36
649, 14.52
650, 14.22
651, 14.01
652, 13.56
653, 13.56
654, 13.23
655, 12.41
656, 11.52
657, 11.08
658, 10.72
659, 10.38
660, 10.5
661, 10.39
662, 10.81
663, 10.72
664, 10.65
665, 10.65
666, 10.6
667, 10.72
668, 10.61
669, 10.47
670, 10.69
671, 10.39
672, 9.9
673, 10.34
674, 11.04
675, 11.77
676, 12.62
677, 12.95
678, 13.52
679, 14.21
680, 14.79
681, 14.9
682, 14.655
683, 14.63
684, 14.33
685, 14.05
686, 14.46
687, 14.65
688, 14.72
689, 14.67
690, 13.93
691, 13.46
692, 13.95
693, 14.31
694, 14.33
695, 13.91
696, 14.65
697, 14.73
698, 14.6
699, 14.85
700, 15.48
701, 17.77
702, 16.59
703, 16.18
704, 15.86
705, 15.2
706, 15.11
707, 16.61
708, 16.02
709, 17.32
710, 16.91
711, 16.51
712, 16.2
713, 17.09
714, 17.12
715, 17.72
716, 17.8
717, 18.02
718, 17.4
719, 17.78
720, 17.89
721, 17.5
722, 18.27
723, 17.97
724, 17.47
725, 18.1
726, 18.16
727, 18.06
728, 17.95
729, 18.27
730, 17.63
731, 18.05
732, 18.25
733, 18.66
734, 18.84
735, 19.22
736, 18.81
737, 19.28
738, 19.76
739, 19.49
740, 19.36
741, 19.36
742, 19.35
743, 18.36
744, 18.29
745, 17.76
746, 16.77
747, 16.83
748, 16.96
749, 17.89
750, 17.28
751, 17.86
752, 17.9
753, 18.35
754, 17.62
755, 17.1
756, 17.35
757, 17.43
758, 16.93
759, 16.68
760, 16.34
761, 16.41
762, 16.59
763, 16.69
764, 16.63
765, 15.48
766, 15.09
767, 15.27
768, 15.39
769, 15.89
770, 16.36
771, 17.04
772, 16.96
773, 16.69
774, 16.59
775, 16.2
776, 15.64
777, 15.25
778, 15.25
779, 15.17
780, 14.13
781, 14.36
782, 14.25
783, 14.12
784, 14.02
785, 14.14
786, 14.12
787, 14.1
788, 14.11
789, 15.26
790, 14.8
791, 14.72
792, 14.68
793, 14.75
794, 14.67
795, 14.63
796, 14.53
797, 14.01
798, 13.74
799, 14.9
800, 14.58
801, 14.63
802, 14.61
803, 14.42
804, 14.69
805, 14.56
806, 15.55
807, 14.92
808, 14.48
809, 14.05
810, 14.13
811, 14.04
812, 13.7
813, 13.22
814, 12.76
815, 13.31
816, 13.76
817, 13.2
818, 13.14
819, 13.05
820, 12.98
821, 13.19
822, 13.29
823, 13.42
824, 13.82
825, 13.48
826, 13.37
827, 13.97
828, 14.49
829, 14.68
830, 14.67
831, 15.05
832, 15.06
833, 14.14
834, 14.48
835, 14.37
836, 14.07
837, 14.55
838, 14.11
839, 14.48
840, 14.54
841, 14.51
842, 14.44
843, 14.58
844, 15.0
845, 15.11
846, 15.09
847, 14.9
848, 14.94
849, 14.9
850, 14.89
851, 14.9
852, 14.58
853, 14.78
854, 14.55
855, 13.97
856, 14.14
857, 14.25
858, 14.5
859, 14.56
860, 14.92
861, 14.87
862, 14.26
863, 13.55
864, 13.1
865, 13.17
866, 13.35
867, 14.02
868, 14.21
869, 14.52
870, 14.53
871, 14.46
872, 14.7
873, 14.65
874, 14.75
875, 14.62
876, 14.69
877, 14.66
878, 14.63
879, 14.61
880, 14.67
881, 14.29
882, 14.13
883, 14.17
884, 14.34
885, 14.77
886, 14.49
887, 14.38
888, 14.15
889, 12.85
890, 13.83
891, 13.81
892, 14.04
893, 13.63
894, 13.75
895, 14.03
896, 13.99
897, 14.12
898, 14.16
899, 14.19
900, 14.15
901, 14.32
902, 14.31
903, 14.21
904, 14.16
905, 14.055
906, 14.05
907, 14.01
908, 14.0
909, 13.98
910, 13.77
911, 13.89
912, 13.23
913, 12.94
914, 12.74
915, 12.47
916, 12.06
917, 11.87
918, 11.5
919, 11.93
920, 11.2
921, 11.27
922, 11.41
923, 11.42
924, 11.42
925, 11.4
926, 10.91
927, 11.07
928, 10.85
929, 10.88
