0, 4869691
1, 5266755
2, 4939711
3, 4697874
4, 4232516
5, 3903425
6, 3826728
7, 4010071
8, 3796779
9, 3432033
10, 3168870
11, 2860354
12, 2658054
13, 2789259
14, 2873604
15, 2911629
16, 3097020
17, 2924340
18, 2680778
19, 2493233
20, 2533952
21, 2598044
22, 2671188
23, 2470394
24, 2470394
25, 2401560
26, 2354914
27, 2431611
28, 2490858
29, 2458757
30, 2561954
31, 2666660
32, 2733016
33, 2593731
34, 2554844
35, 2494626
36, 2376778
37, 2311176
38, 2151099
39, 2410817
40, 2697034
41, 2525861
42, 2482663
43, 2347904
44, 2459074
45, 3020521
46, 3503333
47, 3860325
48, 3663517
49, 3561073
50, 3455612
51, 3178444
52, 3239850
53, 3425025
54, 3877458
55, 4219692
56, 5060142
57, 5296272
58, 4990021
59, 5106037
60, 5026538
61, 5110239
62, 5060903
63, 5115197
64, 5060475
65, 5125755
66, 5359188
67, 5689032
68, 5805158
69, 6228506
70, 6372532
71, 5666199
72, 5921610
73, 5898129
74, 6251458
75, 6416163
76, 6308976
77, 6079635
78, 6079635
79, 6260500
80, 6684063
81, 6403553
82, 6699897
83, 6862774
84, 6862774
85, 6583667
86, 6812362
87, 6572139
88, 6285598
89, 6366606
90, 6413356
91, 6667796
92, 6871391
93, 8126895
94, 7874502
95, 7372731
96, 9867686
97, 8322195
98, 6732969
99, 5486409
100, 4079772
101, 3233612
102, 1394790
103, 2295454
104, 617143
105, 1615511
106, 2456714
107, 1189147
108, 2333157
109, 1675621
110, 979735
111, 55263
112, 1412238
113, 1002354
114, 2045537
115, 2661711
116, 3902347
117, 5907055
118, 7997405
119, 7261013
120, 6521393
121, 5728881
122, 4995832
123, 4065435
124, 4451080
125, 4451080
126, 4112831
127, 4734604
128, 5204165
129, 6096532
130, 5423807
131, 5024048
132, 4601778
133, 3962338
134, 3390765
135, 4078573
136, 3268608
137, 2739263
138, 1227166
139, 2080866
140, 1455648
141, 316378
142, 1035314
143, 1713318
144, 475699
145, -734666
146, 516419
147, 13575
148, -403526
149, 805764
150, 1557450
151, 1069148
152, 447054
153, 869435
154, 554885
155, 985663
156, 576426
157, 50312
158, 372938
159, 8729
160, 8729
161, -353000
162, -710529
163, -424418
164, -675304
165, -957969
166, -1403402
167, -1155317
168, -938258
169, 17347
170, -415376
171, -827305
172, -1292558
173, -1683156
174, -1156502
175, -1672491
176, -2594593
177, -2104564
178, -1138190
179, -1467927
180, -793261
181, -1197866
182, -784429
183, -1143681
184, -743171
185, -1007090
186, -1697052
187, -1697052
188, -1132373
189, -634374
190, -1072373
191, -725397
192, -85525
193, -477202
194, -834625
195, -1153376
196, -1153376
197, -1607857
198, -1345878
199, -1005369
200, -1293097
201, -1293097
202, -1138193
203, -1467070
204, -1467070
205, -1636732
206, -1155752
207, -813628
208, -352039
209, -704934
210, -113644
211, 487445
212, -106748
213, 533124
214, 102558
215, -477201
216, -1295242
217, -488832
218, 62813
219, 1058060
220, -767402
221, 750296
222, 1503707
223, 2239341
224, 1899909
225, 2257438
226, 2534072
227, 2885032
228, 2401685
229, 2209936
230, 1765799
231, 1442524
232, 1109983
233, 816978
234, 1465894
235, 498335
236, -1065
237, -427644
238, -149505
239, -394899
240, -568008
241, -893868
242, -421615
243, 564042
244, 378867
245, 661636
246, 948177
247, 776146
248, 1236766
249, 1758897
250, 668318
251, 943547
252, 608316
253, 362389
254, 725412
255, 927606
256, 763436
257, 296030
258, -456623
259, 873
260, 289459
261, -24875
262, 303570
263, -44266
264, 129272
265, -137770
266, 167084
267, -244308
268, -504131
269, 4210
270, 448347
271, 448347
272, 1552607
273, 2215099
274, 1930170
275, 2219837
276, 2613239
277, 2326592
278, 2887609
279, 2509505
280, 2229966
281, 2000735
282, 2334243
283, 2046193
284, 939886
285, 519985
286, 833133
287, 1194862
288, 1574799
289, 1986406
290, 1540759
291, 1255186
292, 1008074
293, 666489
294, 928038
295, 1185495
296, 936549
297, 1132819
298, 1400296
299, 1866949
300, 1866949
301, 1653657
302, 1330490
303, 1557784
304, 1230846
305, -721511
306, -496587
307, -834618
308, -1289746
309, -1769650
310, -2302120
311, -3091401
312, -2371817
313, -1689719
314, -1009023
315, 1469987
316, 2277042
317, 3170922
318, 5027729
319, 6734909
320, 7955724
321, 6935919
322, 7364657
323, 7161062
324, 8031027
325, 6313829
326, 5297039
327, 6687407
328, 7526455
329, 8244317
330, 7786928
331, 8462241
332, 7624702
333, 8781960
334, 8290532
335, 7486064
336, 6594125
337, 6594125
338, 6069841
339, 5474032
340, 4736245
341, 3710624
342, 4190095
343, 3492487
344, 3858957
345, 4249774
346, 4717937
347, 4560770
348, 4079251
349, 3398231
350, 3937059
351, 3515759
352, 3041350
353, 4058463
354, 3423978
355, 2907989
356, 3203903
357, 2832047
358, 3801333
359, 3174388
360, 3961944
361, 4678618
362, 5494289
363, 4817038
364, 3876405
365, 3876405
366, 3454350
367, 2953228
368, 3625523
369, 3625523
370, 2891181
371, 3912926
372, 4499042
373, 5368252
374, 4666336
375, 5062431
376, 4497752
377, 4880707
378, 5395510
379, 6326015
380, 7004771
381, 6389246
382, 5782124
383, 6456790
384, 5924429
385, 5609667
386, 6408319
387, 7773374
388, 9010240
389, 10311525
390, 9647742
391, 10284379
392, 9701279
393, 9170531
394, 9830652
395, 9389530
396, 8972107
397, 8365415
398, 8946683
399, 9692012
400, 9153184
401, 8553386
402, 8116358
403, 8643120
404, 9190133
405, 8590552
406, 8921260
407, 8409365
408, 7936895
409, 7390527
410, 8156860
411, 7773693
412, 6782542
413, 7751503
414, 8218586
415, 8570622
416, 8962841
417, 8569010
418, 8857383
419, 8510195
420, 7970829
421, 8601863
422, 9174943
423, 9857041
424, 9235484
425, 8922874
426, 9403424
427, 10079380
428, 11304289
429, 10768155
430, 10124191
431, 9456204
432, 8846604
433, 9899589
434, 10529439
435, 10036609
436, 10680033
437, 10331013
438, 10735940
439, 11361050
440, 11065353
441, 11454875
442, 11252464
443, 10962046
444, 10665596
445, 10175461
446, 10739816
447, 11705978
448, 10884811
449, 10541178
450, 11250744
451, 11688850
452, 11688850
453, 12253419
454, 12716091
455, 14415841
456, 13552445
457, 14281402
458, 15456546
459, 907154
460, 2404492
461, 3766101
462, 3081526
463, 4241479
464, 4746697
465, 5396803
466, 4867458
467, 4569175
468, 4282634
469, 3857346
470, 3857346
471, 4638655
472, 5742269
473, 7112064
474, 6837482
475, 7448911
476, 8155352
477, 8774432
478, 8241746
479, 8750519
480, 8178081
481, 7510094
482, 7510094
483, 7038378
484, 6341956
485, 6848680
486, 6422639
487, 6131787
488, 5556550
489, 6138036
490, 6924085
491, 2902167
492, 6380303
493, 5465092
494, 4810141
495, 3848829
496, 4708667
497, 5550730
498, 6217853
499, 7212451
500, 6449349
501, 6103993
502, 6494269
503, 6714238
504, 5117795
505, 3621857
506, 6184138
507, 7326208
508, 6638615
509, 5752492
510, 5297582
511, 6097847
512, 5622899
513, 6341299
514, 6755920
515, 5870120
516, 6693117
517, 6378355
518, 5254814
519, 6204387
520, 7574075
521, 8585481
522, 7904461
523, 8413341
524, 7881193
525, 8555750
526, 9707730
527, 10742187
528, 10182140
529, 9595916
530, 10479237
531, 10898385
532, 11632835
533, 6610072
534, 4806264
535, 6626123
536, 5873255
537, 5352202
538, 5006846
539, 5454432
540, 6152363
541, 5656840
542, 4993273
543, 3805204
544, 4481806
545, 3899998
546, 4333473
547, 4729677
548, 4341340
549, 3520496
550, 4109736
551, 4835462
552, 5349838
553, 6495033
554, 6495033
555, 7465610
556, 7880450
557, 8484667
558, 9182921
559, 9904229
560, 10604745
561, 10283090
562, 10836782
563, 10417634
564, 9952922
565, 9442317
566, 9790260
567, 9377790
568, 9701602
569, 9701602
570, 9939665
571, 9570823
572, 9218031
573, 8809657
574, 8255101
575, 8455464
576, 8126373
577, 8462361
578, 7834341
579, 7034932
580, 7840265
581, 7216768
582, 8080807
583, 9201441
584, 8535395
585, 9052246
586, 9434660
587, 9050735
588, 8533670
589, 8981363
590, 8440920
591, 9024669
592, 8660352
593, 7873119
594, 6610182
595, 7108289
596, 6856112
597, 7179387
598, 7557601
599, 7068434
600, 6461419
601, 7048614
602, 7631930
603, 7178420
604, 6772523
605, 6031396
606, 6521207
607, 7637423
608, 8530335
609, 7994201
610, 7610388
611, 8124976
612, 8939250
613, 9749105
614, 11831052
615, 11831052
616, 10683594
617, 10009792
618, 10582982
619, 11125255
620, 10582873
621, 11170715
622, 10694258
623, 10253136
624, 9746843
625, 9078965
626, 8713248
627, 8190687
628, 7584320
629, 6115745
630, 7910288
631, 8436727
632, 9456748
633, 9014550
634, 8589481
635, 9104393
636, 8646682
637, 8881299
638, 8522370
639, 9123459
640, 8432638
641, 7578616
642, 6996053
643, 4472661
644, 5800012
645, 6795365
646, 4864553
647, 4060730
648, 5021398
649, 4349318
650, 5075687
651, 4073007
652, 4859272
653, 4205292
654, 3513823
655, 2583103
656, 3435186
657, 4338221
658, 4917553
659, 4154014
660, 4566913
661, 5239318
662, 4593957
663, 3779577
664, 4429895
665, 5314080
666, 7200296
667, 8241541
668, 9013694
669, 8056798
670, 8697207
671, 8245097
672, 7580558
673, 8388583
674, 7568820
675, 6764352
676, 5370212
677, 6459498
678, 5767920
679, 6291881
680, 6916887
681, 6398742
682, 5653841
683, 6478347
684, 7776832
685, 8810536
686, 9614682
687, 10441343
688, 10987389
689, 11386714
690, 11073673
691, 10531183
692, 10105249
693, 10696751
694, 11336513
695, 11659894
696, 12251612
697, 12768247
698, 12356425
699, 12004820
700, 11702768
701, 11342330
702, 10909929
703, 11395862
704, 11803915
705, 12459838
706, 10364750
707, 11205520
708, 10731221
709, 10005607
710, 9048496
711, 9729410
712, 8988283
713, 8139105
714, 7333991
715, 6936711
716, 7724484
717, 6792684
718, 5889433
719, 4524702
720, 1696132
721, -3834217
722, -5829556
723, -4002370
724, -1041513
725, -1980960
726, -2317805
727, -2920512
728, -3468493
729, -4854876
730, -5575862
731, -7164659
732, -4951830
733, -3729508
734, -2150085
735, -790415
736, -1894890
737, -1035481
738, -352629
739, -1054221
740, -2405595
741, 156900
742, 1132002
743, -860644
744, -2868157
745, -1591435
746, -682367
747, -1369204
748, -608471
749, 129533
750, -547718
751, -1261700
752, -1902645
753, -3464402
754, -2812361
755, -3733277
756, -4497886
757, -3779596
758, -4367438
759, -4781092
760, -3825272
761, -3178830
762, -2525279
763, -1796322
764, -2595619
765, -2980403
766, -3253804
767, -3688355
768, -3213301
769, -2721767
770, -3140806
771, -3912526
772, -5340815
773, -4490669
774, -6139141
775, -7162178
776, -5821575
777, -6525540
778, -5367203
779, -4394256
780, -3869325
781, -3155234
782, -3997192
783, -3031030
784, -3615853
785, -4024874
786, -3339115
787, -2780468
788, -3403531
789, -3857363
790, -4234714
791, -3450172
792, -2334278
793, -3337817
794, -4179880
795, -4932321
796, -5446697
797, -5961609
798, -5428817
799, -6174685
800, -5213696
801, -3858551
802, -2170441
803, -2967156
804, -3707855
805, -4739834
806, -4323704
807, -3909405
808, -3600242
809, -2406464
810, -2960265
811, -2498567
812, -1764656
813, -1503214
814, -1219367
815, -639608
816, -1251575
817, -254175
818, 550188
819, 1691936
820, 461209
821, 38939
822, 145802
823, 588863
824, 977092
825, 501068
826, 38076
827, 1173576
828, 2343544
829, 3325757
830, 4713438
831, 3686631
832, 4293106
833, 3950010
834, 3274054
835, 2568692
836, 3173120
837, 2461723
838, 3164825
839, 1989361
840, 2505674
841, 1823576
842, 2783057
843, 2655621
844, 2324159
845, 2773470
846, 3504797
847, 3031897
848, 2366175
849, 2922127
850, 3432945
851, 2426282
852, 1874205
853, 1214729
854, 795905
855, 124582
856, -209033
857, -1004671
858, -2072737
859, -3259189
860, -7214531
861, -5929083
862, -4730673
863, -3311432
864, -7058119
865, -7747434
866, -8454848
867, -7747112
868, -6764899
869, -5777625
870, -6734630
871, -7599316
872, -6785260
873, -7503874
874, -8109705
875, -7584560
876, -7029468
877, -6476421
878, -5820069
879, -6885012
880, -7336477
881, -8066080
882, -9454942
883, -7816271
884, -7341539
885, -6611182
886, -7366313
887, -6751649
888, -6051563
889, -4948057
890, -6093142
891, -5108668
892, -3826017
893, -2690194
894, -3322631
895, -4476874
896, -6240610
897, -5112328
898, -6219713
899, -5506269
900, -4587288
901, -5151216
902, -4503159
903, -3597432
904, -4316156
905, -3560806
906, -4113742
907, -6856568
908, -9728656
909, -11183229
910, -12153917
911, -11327579
912, -10213409
913, -11111704
914, -10439196
915, -11238605
916, -10693423
917, -9978685
918, -10526454
919, -9677065
920, -10110754
921, -9528515
922, -8715105
923, -9329985
924, -9957253
925, -12657635
926, -10292916
927, -11079719
928, -9913301
929, -8838451
930, -9692256
931, -10634395
932, -11894744
933, -12468580
934, -14045526
935, -11722928
936, -12536016
937, -13179870
938, -12697813
939, -12301396
940, -11491002
941, -11957869
942, -11666265
943, -12174069
944, -12686073
945, -13324437
946, -12643201
947, -13203248
948, -13693816
949, -14060396
950, -14643065
951, -13687678
952, -14209269
953, -13061811
954, -13935438
955, -15671488
956, -16817115
957, -17437916
958, -16508598
959, -17861050
960, -18631908
961, -17382439
962, -18148667
963, -19074323
964, -20146913
965, -21294908
966, -30623004
967, -35293409
968, -37329251
969, -33425937
970, -35159835
971, -34063870
972, -35086045
973, -36671500
974, -38465073
975, -37729763
976, -38770469
977, -40104607
978, -42141633
979, -44825532
980, -47443613
981, -45871087
982, -44259238
983, -42738632
984, -43530388
985, -44428249
986, -41703629
987, -38688161
988, -44586920
989, -44586920
990, -46484660
991, -45033106
992, -46961870
993, -45728774
994, -46904455
995, -47744579
996, -49211325
997, -47699550
998, -49241271
999, -48188178
1000, -47197027
1001, -46522904
1002, -47211682
1003, -46476801
1004, -45445575
1005, -44597263
1006, -43452393
1007, -42170607
1008, -43018164
1009, -42361488
1010, -43278312
1011, -44297475
1012, -43316018
1013, -44055098
1014, -44907609
1015, -44096138
1016, -45039137
1017, -44247917
1018, -43129545
1019, -42343280
1020, -41862409
1021, -42711474
1022, -41949986
1023, -42744223
1024, -43549446
1025, -45312966
1026, -47348378
1027, -48385743
1028, -49377004
1029, -50805401
1030, -49989942
1031, -50735919
1032, -51733640
1033, -52983109
1034, -54091785
1035, -55516517
1036, -57503561
1037, -58564194
1038, -57118990
1039, -58066840
1040, -56772020
1041, -55134966
1042, -53730702
1043, -51739781
1044, -52865585
1045, -51944023
1046, -53039343
1047, -52283456
1048, -53166562
1049, -56443471
1050, -58001454
1051, -57100248
1052, -57653618
1053, -58503543
1054, -57667834
1055, -58806349
1056, -58123717
1057, -57247073
1058, -58077288
1059, -57281650
1060, -57862812
1061, -58456900
1062, -58953177
1063, -58299626
1064, -57586830
1065, -56384863
1066, -56941355
1067, -57834267
1068, -55932001
1069, -57956963
1070, -55842699
1071, -57101435
1072, -58239844
1073, -59619982
1074, -58907291
1075, -58537048
1076, -57380220
1077, -58300811
1078, -57588982
1079, -58607711
1080, -57608588
1081, -58493847
1082, -58068451
1083, -58941755
1084, -60135853
1085, -61109122
1086, -62406743
1087, -63652874
1088, -64517560
1089, -65843079
1090, -64351449
1091, -65077063
1092, -64666211
1093, -64087203
1094, -64597052
1095, -63950826
1096, -63049943
1097, -62235779
1098, -62864554
1099, -61609481
1100, -62735069
1101, -63975275
1102, -63387544
1103, -62582105
1104, -61217374
1105, -61842810
1106, -62322281
1107, -62757155
1108, -63060069
1109, -64307275
1110, -69638017
1111, -66456763
1112, -67317140
1113, -68461150
1114, -67367121
1115, -69173837
1116, -67835926
1117, -67263599
1118, -68111587
1119, -67193901
1120, -68609047
1121, -67825691
1122, -68506387
1123, -69148518
1124, -69755210
1125, -70273029
1126, -71550185
1127, -70595548
1128, -70014924
1129, -70428361
1130, -71032141
1131, -70434392
1132, -70834472
1133, -70191263
1134, -69609887
1135, -68633171
1136, -67545501
1137, -68322609
1138, -69417391
1139, -68268749
1140, -69173831
1141, -68419237
1142, -69298037
1143, -68092843
1144, -67375413
1145, -66196716
1146, -65257702
1147, -64257070
1148, -65089871
1149, -64192220
1150, -62918836
1151, -61965926
1152, -62629603
1153, -61916697
1154, -62495597
1155, -61905390
1156, -62572729
1157, -61618417
1158, -62644148
1159, -61442828
1160, -62143344
1161, -62868855
1162, -62066106
1163, -62688523
1164, -63355430
1165, -62807232
1166, -63316542
1167, -62707587
1168, -63310078
1169, -64300261
1170, -63842550
1171, -62997576
1172, -62015363
1173, -58549938
1174, -59948711
1175, -59078101
1176, -58137579
1177, -57388157
1178, -55514653
1179, -54646411
1180, -55635191
1181, -53574788
1182, -54709103
1183, -53892138
1184, -54786554
1185, -53943198
1186, -53022173
1187, -53765565
1188, -52461478
1189, -54113724
1190, -57368766
1191, -58352052
1192, -57341618
1193, -56718335
1194, -55868512
1195, -55034313
1196, -54382595
1197, -53481174
1198, -52632862
1199, -51646342
1200, -52645465
1201, -53555715
1202, -56657898
1203, -54277882
1204, -55710802
1205, -56873123
1206, -55990556
1207, -54908917
1208, -53924120
1209, -54800118
1210, -53994572
1211, -53103601
1212, -52137871
1213, -54024517
1214, -50682543
1215, -51985659
1216, -50917807
1217, -52619278
1218, -51295481
1219, -52744237
1220, -50981791
1221, -49701080
1222, -51053641
1223, -50392441
1224, -48571181
1225, -47634966
1226, -48322126
1227, -50114195
1228, -49326855
1229, -48442131
1230, -49408076
1231, -50050855
1232, -51371206
1233, -50730583
1234, -51275875
1235, -50263934
1236, -48975577
1237, -49897464
1238, -48227017
1239, -49185639
1240, -47591353
1241, -46348669
1242, -44632547
1243, -43643548
1244, -42800621
1245, -44150380
1246, -44749209
1247, -43990845
1248, -43415931
1249, -42224201
1250, -41734172
1251, -42279568
1252, -41714567
1253, -42044089
1254, -41532624
1255, -40612356
1256, -40089258
1257, -39365149
1258, -39884262
1259, -40280574
1260, -39807350
1261, -39405544
1262, -38717951
1263, -37955061
1264, -39596098
1265, -37977896
1266, -36558870
1267, -37766114
1268, -38557227
1269, -37956782
1270, -38666781
1271, -38100163
1272, -38856480
1273, -38081203
1274, -37582879
1275, -36825377
1276, -36082849
1277, -34740522
1278, -35495007
1279, -34982789
1280, -35648618
1281, -36347305
1282, -37093389
1283, -36254341
1284, -36962616
1285, -36246590
1286, -35620081
1287, -34825953
1288, -34365978
1289, -33346605
1290, -31813072
1291, -30673260
1292, -31360853
1293, -34613093
1294, -37184530
1295, -40334004
1296, -43694073
1297, -44952699
1298, -43772172
1299, -42872801
1300, -50106455
1301, -46781718
1302, -48504735
1303, -46523509
1304, -45169335
1305, -46164472
1306, -46895906
1307, -45575878
1308, -44203336
1309, -45688243
1310, -47042417
1311, -46175360
1312, -46740473
1313, -47348564
1314, -48100250
1315, -47299334
1316, -47816726
1317, -48431818
1318, -49558161
1319, -50150850
1320, -51508901
1321, -52468704
1322, -53294825
1323, -52092858
1324, -51385122
1325, -51897775
1326, -51703334
1327, -50972439
1328, -52263490
1329, -53221248
1330, -52168263
1331, -52492938
1332, -53070006
1333, -53622838
1334, -52938586
1335, -52147905
1336, -51580531
1337, -52407622
1338, -48490733
1339, -49647128
1340, -48594251
1341, -49456891
1342, -48856017
1343, -47355555
1344, -46494854
1345, -46768255
1346, -47515094
1347, -46901725
1348, -46394569
1349, -45620586
1350, -44794034
1351, -45981024
1352, -45168582
1353, -44152331
1354, -42526262
1355, -41458089
1356, -42882608
1357, -43982236
1358, -44833027
1359, -45514154
1360, -44670688
1361, -46182999
1362, -48033990
1363, -49199436
1364, -48432670
1365, -49558044
1366, -50211810
1367, -49541022
1368, -50267178
1369, -49469819
1370, -53085406
1371, -51519450
1372, -50624494
1373, -49994858
1374, -50549736
1375, -49918915
1376, -48792785
1377, -47688310
1378, -48339817
1379, -49664478
1380, -50921918
1381, -49924409
1382, -50836279
1383, -51473455
1384, -52195087
1385, -51418301
1386, -52165999
1387, -50447292
1388, -49512048
1389, -48342724
1390, -48860976
1391, -48295651
1392, -47854853
1393, -48220676
1394, -48947372
1395, -49444725
1396, -49961255
1397, -49425552
1398, -49873998
1399, -49873998
1400, -49400557
1401, -49874642
1402, -50511494
1403, -51460313
1404, -50875057
1405, -51578375
1406, -50784785
1407, -51299588
1408, -50940442
1409, -50639466
1410, -51619631
1411, -50802233
1412, -49819051
1413, -48331514
1414, -49362630
1415, -50281823
1416, -48107451
1417, -49077596
1418, -49609531
1419, -50090081
1420, -50702268
1421, -51368960
1422, -50866004
1423, -51457294
1424, -50124986
1425, -50795232
1426, -51476468
1427, -52094040
1428, -52781414
1429, -53445414
1430, -54237280
1431, -55115109
1432, -55943277
1433, -54919918
1434, -55554511
1435, -54666667
1436, -55292965
1437, -54453917
1438, -53993942
1439, -54591909
1440, -54591909
1441, -53962704
1442, -54658912
1443, -54201632
1444, -53643310
1445, -54429251
1446, -54017105
1447, -54543219
1448, -53981986
1449, -53473859
1450, -54092182
1451, -54496787
1452, -54919814
1453, -54292224
1454, -55238670
1455, -54830080
1456, -54173404
1457, -53658171
1458, -54248490
1459, -53806617
1460, -54475355
1461, -53708911
1462, -54023673
1463, -53318845
1464, -53763523
1465, -54205396
1466, -53792497
1467, -54286293
1468, -54936721
1469, -55495584
1470, -55007282
1471, -55403594
1472, -54296209
1473, -55091736
1474, -55401004
1475, -56017821
1476, -56472193
1477, -57887339
1478, -57493184
1479, -57493184
1480, -57784680
1481, -58534320
1482, -57885185
1483, -58479705
1484, -57643887
1485, -56811409
1486, -57741052
1487, -59031565
1488, -59815246
1489, -59174623
1490, -58500930
1491, -59356354
1492, -58800935
1493, -59338038
1494, -58550482
1495, -59275236
1496, -60292565
1497, -61176966
1498, -62065567
1499, -61549578
1500, -60822995
1501, -61323038
1502, -61964095
1503, -62335308
1504, -61897419
1505, -61476656
1506, -61004293
1507, -61495184
1508, -60702563
1509, -59978995
1510, -60648594
1511, -59696868
1512, -60250023
1513, -59882583
1514, -60272321
1515, -59918128
1516, -60457171
1517, -60007970
1518, -60428733
1519, -60001291
1520, -60509847
1521, -60914558
1522, -61539886
1523, -61539886
1524, -61877488
1525, -62437427
1526, -62108225
1527, -62784181
1528, -63269791
1529, -62780084
1530, -63255356
1531, -62561194
1532, -63072227
1533, -63431050
1534, -62885758
1535, -63705956
1536, -62577136
1537, -61881897
1538, -61434422
1539, -62118890
1540, -61590297
1541, -61922403
1542, -61475681
1543, -61201422
1544, -61763194
1545, -61276395
1546, -60696313
1547, -60021868
1548, -59635466
1549, -60492827
1550, -62128265
1551, -61444662
1552, -60411393
1553, -61272738
1554, -62367951
1555, -60985229
1556, -60346330
1557, -61343945
1558, -60586551
1559, -59847576
1560, -58693870
1561, -57492983
1562, -58287326
1563, -57584437
1564, -58035146
1565, -58327504
1566, -58001431
1567, -57506232
1568, -57925165
1569, -57182637
1570, -55855392
1571, -54832461
1572, -55599120
1573, -54982732
1574, -55547301
1575, -55096160
1576, -55224349
1577, -55911723
1578, -56517338
1579, -55848493
1580, -56645096
1581, -57381162
1582, -57898661
1583, -58394723
1584, -57744617
1585, -58199959
1586, -58723600
1587, -57652088
1588, -58427041
1589, -58971901
1590, -59589901
1591, -58438998
1592, -57548460
1593, -58355731
1594, -57697871
1595, -57697871
1596, -58124666
1597, -57707461
1598, -57707461
1599, -57955546
1600, -57575501
1601, -56822090
1602, -57573559
1603, -56882413
1604, -56328612
1605, -55596748
1606, -56341108
1607, -56804100
1608, -56203011
1609, -56828769
1610, -56482763
1611, -55783215
1612, -54558306
1613, -55285971
1614, -55727635
1615, -57241779
1616, -58098384
1617, -57414672
1618, -58202553
1619, -58888312
1620, -58289160
1621, -58817324
1622, -59197907
1623, -58562774
1624, -58108726
1625, -58325247
1626, -58696243
1627, -59195104
1628, -59553064
1629, -59274170
1630, -58839942
1631, -57157645
1632, -56552785
1633, -55736251
1634, -55167800
1635, -55579083
1636, -54882229
1637, -54380136
1638, -53581807
1639, -52880643
1640, -52042780
1641, -51117988
1642, -52173557
1643, -51424135
1644, -50657691
1645, -51251884
1646, -51908664
1647, -51400971
1648, -51988271
1649, -51432319
1650, -51910928
1651, -52801359
1652, -52303899
1653, -53098566
1654, -52677157
1655, -53412145
1656, -53918654
1657, -54242358
1658, -53788954
1659, -54360098
1660, -53583312
1661, -54278447
1662, -54719354
1663, -55047585
1664, -55768249
1665, -55768249
1666, -55290608
1667, -55649970
1668, -55140983
1669, -54501006
1670, -55042093
1671, -55382926
1672, -55908935
1673, -55257646
1674, -54658170
1675, -55029383
1676, -54524489
1677, -55097357
1678, -54118593
1679, -54839901
1680, -56660839
1681, -57830486
1682, -56865725
1683, -56160363
1684, -57123936
1685, -57915910
1686, -58424897
1687, -59007566
1688, -58016523
1689, -57099699
1690, -57624630
1691, -58143422
1692, -58647455
1693, -58326872
1694, -57816590
1695, -57238446
1696, -56768131
1697, -57286168
1698, -56422772
1699, -56068579
1700, -56464243
1701, -56077303
1702, -55626917
1703, -54755122
1704, -55235779
1705, -55875109
1706, -56469949
1707, -55988430
1708, -55446803
1709, -55825985
1710, -56229513
1711, -56557526
1712, -56211952
1713, -56603522
1714, -56275400
1715, -56592750
1716, -55660523
1717, -56225417
1718, -56630989
1719, -60001508
1720, -60433909
1721, -60433909
1722, -59717017
1723, -59147707
1724, -57646707
1725, -56499144
1726, -55431401
1727, -55431401
1728, -55431401
1729, -54853361
1730, -54215216
1731, -54826540
1732, -54826540
1733, -54349116
1734, -54717417
1735, -54406640
1736, -54724745
1737, -54210695
1738, -52151909
1739, -53221914
1740, -52353996
1741, -53121516
1742, -52370800
1743, -52942697
1744, -53498439
1745, -53122059
1746, -53688893
1747, -53134232
1748, -53800494
1749, -54301404
1750, -54751790
1751, -55280811
1752, -55616258
1753, -56036268
1754, -55648575
1755, -55982190
1756, -55982190
1757, -56409955
1758, -56782568
1759, -57092379
1760, -56840309
1761, -56423315
1762, -56674742
1763, -57022469
1764, -56785587
1765, -57110154
1766, -56721601
1767, -57194395
1768, -56774062
1769, -57550740
1770, -57078917
1771, -56516821
1772, -56215631
1773, -56596322
1774, -56234050
1775, -55807902
1776, -56238145
1777, -55524054
1778, -55911961
1779, -55314857
1780, -55637915
1781, -56075374
1782, -56334662
1783, -56799160
1784, -56438077
1785, -56790005
1786, -57033567
1787, -56850868
1788, -56488490
1789, -55925427
1790, -56412869
1791, -56883830
1792, -57347789
1793, -57870997
1794, -57264198
1795, -57746039
1796, -58516361
1797, -57815628
1798, -57372674
1799, -56782143
1800, -57505175
1801, -57842131
1802, -57138275
1803, -53654970
1804, -52050340
1805, -50928844
1806, -49580592
1807, -50828446
1808, -51945527
1809, -51302425
1810, -49882217
1811, -50975165
1812, -50111769
1813, -50668477
1814, -50668477
1815, -49814672
1816, -50509158
1817, -49698870
1818, -50463267
1819, -49977868
1820, -50530158
1821, -51033436
1822, -50670197
1823, -50087958
1824, -50864744
1825, -50376870
1826, -50873147
1827, -50587359
1828, -50391304
1829, -50957707
1830, -50573678
1831, -49706942
1832, -48956226
1833, -47185594
1834, -48169528
1835, -47013024
1836, -46088337
1837, -44699581
1838, -43897697
1839, -43112727
1840, -44038601
1841, -43355749
1842, -44129626
1843, -45067024
1844, -45734147
1845, -46166548
1846, -45781764
1847, -47374329
1848, -48269391
1849, -47288904
1850, -47827190
1851, -47273498
1852, -47934589
1853, -46859844
1854, -46064961
1855, -46862966
1856, -47633613
1857, -47003007
1858, -45867074
1859, -46413011
1860, -47259708
1861, -47623917
1862, -48303749
1863, -49215830
1864, -48470607
1865, -49222832
1866, -49907943
1867, -45116029
1868, -42874973
1869, -44108822
1870, -44895409
1871, -45630181
1872, -44822588
1873, -45460195
1874, -46380463
1875, -47079687
1876, -46546570
1877, -47115126
1878, -46801764
1879, -47173513
1880, -47653847
1881, -46799179
1882, -46799179
1883, -47311183
1884, -46921983
1885, -47316246
1886, -47769542
1887, -47242135
1888, -47737441
1889, -47338007
1890, -45827740
1891, -46556158
1892, -46103292
1893, -46461361
1894, -45485291
1895, -46126236
1896, -46720970
1897, -46217692
1898, -45717430
1899, -45148226
1900, -45492400
1901, -45067653
1902, -44714434
1903, -45063023
1904, -44173773
1905, -44756336
1906, -45384678
1907, -44875368
1908, -44190686
1909, -43725755
1910, -44785527
1911, -43224309
1912, -42658768
1913, -43062834
1914, -42357359
1915, -43393970
1916, -42422313
1917, -41796449
1918, -42261595
1919, -42617620
1920, -43273865
1921, -43826477
1922, -43354870
1923, -43713046
1924, -43938292
1925, -42834246
1926, -42030316
1927, -41421470
1928, -42230356
1929, -43048830
1930, -40308487
1931, -41394649
1932, -40523609
1933, -41274218
1934, -42141164
1935, -41395941
1936, -40572083
1937, -40001370
1938, -38903141
1939, -39716551
1940, -40534271
1941, -41231125
1942, -40493444
1943, -41249440
1944, -40755425
1945, -41377198
1946, -42131253
1947, -41362332
1948, -40528346
1949, -41449478
1950, -40562063
1951, -41604814
1952, -41117372
1953, -41818213
1954, -44033304
1955, -41973656
1956, -40628098
1957, -41866582
1958, -43222485
1959, -42207637
1960, -43059720
1961, -41903751
1962, -42554503
1963, -42554503
1964, -43777258
1965, -44323195
1966, -43209992
1967, -44250479
1968, -44914372
1969, -44231520
1970, -44959830
1971, -44173458
1972, -43461844
1973, -42931528
1974, -43565148
1975, -44191982
1976, -43141477
1977, -44449870
1978, -44043005
1979, -45070028
1980, -44348396
1981, -45055810
1982, -45710652
1983, -46274901
1984, -46872759
1985, -47806602
1986, -48699618
1987, -49430407
1988, -48523925
1989, -46999873
1990, -47645776
1991, -47645776
1992, -46464496
1993, -45494457
1994, -46513620
1995, -45337509
1996, -44306715
1997, -43255022
1998, -44210409
1999, -44210409
2000, -43249526
2001, -43932273
2002, -44422084
2003, -43478868
2004, -44340860
2005, -43893815
2006, -44510415
2007, -45568246
2008, -44862017
2009, -43712082
2010, -42740425
2011, -42000266
2012, -42502900
2013, -41928849
2014, -42842764
2015, -42211080
2016, -42955118
2017, -42054778
2018, -41149156
2019, -39546893
2020, -37882585
2021, -36375875
2022, -37683729
2023, -39014528
2024, -39826970
2025, -39137008
2026, -39879430
2027, -38663354
2028, -37786924
2029, -38434872
2030, -39070109
2031, -38396953
2032, -39120094
2033, -38677140
2034, -39323473
2035, -39707609
2036, -39707609
2037, -38916928
2038, -39372056
2039, -38772475
2040, -39229971
2041, -39838603
2042, -39080992
2043, -38545073
2044, -39408895
2045, -40443352
2046, -41278737
2047, -40282951
2048, -37329639
2049, -38806937
2050, -37738335
2051, -36565239
2052, -37538402
2053, -38067857
2054, -37438652
2055, -38098128
2056, -37546375
2057, -38413432
2058, -37435206
2059, -36450519
2060, -37284505
2061, -36139849
2062, -36989774
2063, -37767098
2064, -37767098
2065, -36830883
2066, -35303383
2067, -36413029
2068, -35432864
2069, -33487723
2070, -32411687
2071, -31417409
2072, -30602383
2073, -29823982
2074, -29022854
2075, -27425334
2076, -28703889
2077, -30106434
2078, -28565148
2079, -27975801
2080, -29642909
2081, -28371571
2082, -27587567
2083, -26431708
2084, -27502574
2085, -26341223
2086, -26341223
2087, -25711800
2088, -26201829
2089, -25581134
2090, -25896220
2091, -26834589
2092, -26288762
2093, -25262169
2094, -25951051
2095, -26851178
2096, -26175112
2097, -26682376
2098, -26147752
2099, -26791176
2100, -26376555
2101, -25852705
2102, -26436129
2103, -26949639
2104, -24950207
2105, -23670573
2106, -24700827
2107, -25584257
2108, -24482151
2109, -23699657
2110, -22824952
2111, -21980194
2112, -20665443
2113, -19683447
2114, -17792492
2115, -16108149
2116, -17528681
2117, -16060212
2118, -13740846
2119, -15599488
2120, -17260888
2121, -15361313
2122, -14037837
2123, -12658021
2124, -10646955
2125, -9868987
2126, -10794428
2127, -9656128
2128, -11112534
2129, -9614011
2130, -10230506
2131, -10966846
2132, -10278091
2133, -9413772
2134, -8675874
2135, -7948533
2136, -7200725
2137, -8212236
2138, -8869987
2139, -8373497
2140, -9408015
2141, -10430515
2142, -9574446
2143, -10682369
2144, -11579048
2145, -10483727
2146, -9412320
2147, -10214957
2148, -9572287
2149, -10309645
2150, -9010190
2151, -10351116
2152, -12216326
2153, -11083304
2154, -12534968
2155, -11277528
2156, -9974087
2157, -8849683
2158, -9454005
2159, -8783006
2160, -9761556
2161, -10844487
2162, -11615993
2163, -12405562
2164, -11532903
2165, -9748700
2166, -8831338
2167, -8279048
2168, -8736112
2169, -8270651
2170, -7831145
2171, -8466164
2172, -8042384
2173, -7412316
2174, -7031088
2175, -6268298
2176, -5634567
2177, -6178994
2178, -5175021
2179, -4652353
2180, -5128269
2181, -4128609
2182, -6315908
2183, -7947580
2184, -6804862
2185, -7615690
2186, -6855281
2187, -5694788
2188, -4871791
2189, -6035405
2190, -7638199
2191, -5965272
2192, -7041093
2193, -7936911
2194, -8977184
2195, -9978784
2196, -9100631
2197, -9962406
2198, -9163621
2199, -8200262
2200, -7669729
2201, -6968999
2202, -8079832
2203, -7460642
2204, -6609315
2205, -7652604
2206, -9030694
2207, -8327592
2208, -9055579
2209, -8272653
2210, -9231810
2211, -10108240
2212, -9181184
2213, -8649036
2214, -9735416
2215, -8494456
2216, -9490887
2217, -11592440
2218, -10773106
2219, -11466514
2220, -12131808
2221, -11394773
2222, -12788057
2223, -13663301
2224, -12473080
2225, -11550289
2226, -10699391
2227, -11800552
2228, -10955828
2229, -10507166
2230, -12140280
2231, -10587681
2232, -11630539
2233, -9732474
2234, -8430543
2235, -7228566
2236, -8081942
2237, -9104012
2238, -8230708
2239, -9270119
2240, -8486978
2241, -9554263
2242, -8578193
2243, -9671360
2244, -15849501
2245, -20827345
2246, -16908194
2247, -19936468
2248, -16081535
2249, -18446143
2250, -20477469
2251, -22682220
2252, -26209263
2253, -30085268
2254, -35360623
2255, -42103263
2256, -36853105
2257, -33802518
2258, -30922994
2259, -33063645
2260, -36269888
2261, -33687788
2262, -35427396
2263, -34150351
2264, -32908419
2265, -34096055
2266, -33253021
2267, -34190095
2268, -36179401
2269, -37581946
2270, -40540644
2271, -35954263
2272, -39020360
2273, -41376028
2274, -40010973
2275, -41873276
2276, -44427906
2277, -41871657
2278, -40162321
2279, -38168814
2280, -39377134
2281, -40843019
2282, -38730371
2283, -37193934
2284, -35902667
2285, -33623807
2286, -34733023
2287, -32492937
2288, -30624279
2289, -29541671
2290, -31019513
2291, -28888659
2292, -30473249
2293, -29217962
2294, -30833903
2295, -29772946
2296, -30853723
2297, -30092235
2298, -28791384
2299, -29821638
2300, -28482116
2301, -29709717
2302, -31282354
2303, -30003471
2304, -28888439
2305, -30471525
2306, -28492342
2307, -29994746
2308, -31282996
2309, -32504350
2310, -29695385
2311, -32691356
2312, -34416850
2313, -32422803
2314, -35153990
2315, -33247846
2316, -35038351
2317, -37282203
2318, -39045399
2319, -36698101
2320, -38148149
2321, -38148149
2322, -36993151
2323, -39208782
2324, -41760264
2325, -43852121
2326, -45035775
2327, -46461587
2328, -47329505
2329, -47007850
2330, -48357168
2331, -47091944
2332, -46031101
2333, -47460316
2334, -48754663
2335, -47787104
2336, -48964401
2337, -50392472
2338, -48353160
2339, -46529923
2340, -44422985
2341, -46948639
2342, -48779982
2343, -47211763
2344, -48483314
2345, -49378632
2346, -50736683
2347, -51435551
2348, -50581116
2349, -49065895
2350, -48713977
2351, -49365870
2352, -50253769
2353, -50965276
2354, -51809862
2355, -52748675
2356, -54036925
2357, -55158530
2358, -56491063
2359, -57958729
2360, -56329829
2361, -54703436
2362, -55928129
2363, -57243956
2364, -58610087
2365, -57221407
2366, -58372096
2367, -59942363
2368, -60995476
2369, -59641730
2370, -62038984
2371, -64517397
2372, -63118730
2373, -60708682
2374, -62399920
2375, -60797657
2376, -59424755
2377, -60452028
2378, -61439517
2379, -62843812
2380, -61743943
2381, -62744441
2382, -62074558
2383, -61420578
2384, -60685040
2385, -61499096
2386, -62236239
2387, -62985168
2388, -62298222
2389, -64821573
2390, -64113391
2391, -63483004
2392, -62902167
2393, -62054406
2394, -63172950
2395, -64126778
2396, -65070220
2397, -64202096
2398, -65008398
2399, -65807063
2400, -65003726
2401, -65622694
2402, -64723214
2403, -65760687
2404, -64707365
2405, -63056092
2406, -64195257
2407, -62943958
2408, -64243349
2409, -62654677
2410, -61466069
2411, -62762615
2412, -63538539
2413, -64957962
2414, -64004959
2415, -65235649
2416, -63482418
2417, -62479715
2418, -63252406
2419, -62498032
2420, -63313058
2421, -63313058
2422, -64007452
2423, -63184302
2424, -63823418
2425, -63341945
2426, -62429544
2427, -61635127
2428, -60998459
2429, -59624906
2430, -60425132
2431, -61041393
2432, -60221427
2433, -59257725
2434, -58824695
2435, -58334025
2436, -59547652
2437, -58346402
2438, -56994623
2439, -57947958
2440, -58464148
2441, -57798939
2442, -58502474
2443, -57809589
2444, -58842606
2445, -58119057
2446, -57526190
2447, -56988021
2448, -56358344
2449, -55701636
2450, -55169673
2451, -55719095
2452, -56358078
2453, -55936491
2454, -56411705
2455, -55949957
2456, -56439102
2457, -55652301
2458, -53848346
2459, -55502756
2460, -56737736
2461, -55964279
2462, -57335376
2463, -59562456
2464, -61656003
2465, -60730558
2466, -62372446
2467, -61449678
2468, -60624661
2469, -59985331
2470, -60911757
2471, -61390280
2472, -60810310
2473, -62131761
2474, -62680603
2475, -63585860
2476, -62262347
2477, -63274931
2478, -64340198
2479, -65175814
2480, -66487477
2481, -67320853
2482, -66768828
2483, -64746409
2484, -62900768
2485, -63944226
2486, -62953485
2487, -63939788
2488, -65138315
2489, -67396347
2490, -69242421
2491, -71609759
2492, -71609759
2493, -70796405
2494, -68329608
2495, -73741870
2496, -77176528
2497, -79606142
2498, -76887160
2499, -75094410
2500, -72796695
2501, -71168042
2502, -69530680
2503, -70865245
2504, -69232584
2505, -67313925
2506, -64782846
2507, -63011509
2508, -61754867
2509, -62961722
2510, -61564394
2511, -59765705
2512, -58416656
2513, -59807479
2514, -60503484
2515, -59347765
2516, -58091201
2517, -57247596
2518, -58919170
2519, -57732588
2520, -56752618
2521, -56021703
2522, -56925279
2523, -53393523
2524, -50722433
2525, -53679177
2526, -52292934
2527, -50220541
2528, -47738392
2529, -45575761
2530, -43627239
2531, -45494427
2532, -48089916
2533, -46513171
2534, -48630562
2535, -45205958
2536, -43409115
2537, -45299808
2538, -46519100
2539, -45688792
2540, -44496002
2541, -43755742
2542, -45269498
2543, -44058976
2544, -44954127
2545, -45934969
2546, -44446075
2547, -45908979
2548, -46818461
2549, -49203457
2550, -50944463
2551, -53740044
2552, -52248336
2553, -53757959
2554, -55008116
2555, -53687838
2556, -54885438
2557, -54056854
2558, -55308730
2559, -57227328
2560, -59279560
2561, -61022229
2562, -62666161
2563, -69151099
2564, -72108904
2565, -69493286
2566, -67154472
2567, -68435929
2568, -67064828
2569, -67846604
2570, -69551615
2571, -68476790
2572, -70145728
2573, -71322302
2574, -72428165
2575, -71390724
2576, -72327497
2577, -73778319
2578, -75304535
2579, -76086168
2580, -77575533
2581, -76286150
2582, -75060998
2583, -73857408
2584, -72248209
2585, -70314082
2586, -72473863
2587, -70571311
2588, -69309083
2589, -69309083
2590, -68143612
2591, -66620608
2592, -67689869
2593, -66728286
2594, -67614129
2595, -66519174
2596, -67698609
2597, -66592022
2598, -65285410
2599, -66171669
2600, -64935150
2601, -65823016
2602, -66560211
2603, -66288218
2604, -65963007
2605, -66882043
2606, -65997774
2607, -65095998
2608, -64391529
2609, -63393181
2610, -61588795
2611, -62699459
2612, -61857569
2613, -63028360
2614, -64009568
2615, -65394540
2616, -66755128
2617, -65111039
2618, -64094821
2619, -65939574
2620, -64272628
2621, -66266294
2622, -67797379
2623, -65484397
2624, -60155299
2625, -62242353
2626, -63434072
2627, -65087853
2628, -63825515
2629, -64816504
2630, -64036460
2631, -62420688
2632, -61190562
2633, -62128266
2634, -63086993
2635, -62379701
2636, -61450089
2637, -62080922
2638, -63147683
2639, -64059656
2640, -65078050
2641, -65914277
2642, -66685888
2643, -65667211
2644, -67171258
2645, -67868451
2646, -66852252
2647, -68103409
2648, -69039122
2649, -67810555
2650, -68925705
2651, -69618419
2652, -70382106
2653, -69377952
2654, -70319455
2655, -69634165
2656, -68703614
2657, -69968854
2658, -69116597
2659, -68331460
2660, -68331460
2661, -69322985
2662, -68394518
2663, -68987170
2664, -67653061
2665, -66691014
2666, -67179095
2667, -67897409
2668, -66854521
2669, -65819565
2670, -64784562
2671, -64316569
2672, -63426296
2673, -64599363
2674, -64599363
2675, -63460218
2676, -64258951
2677, -65035161
2678, -64325571
2679, -63696477
2680, -62934261
2681, -63905011
2682, -63123862
2683, -62259183
2684, -62969133
2685, -62404518
2686, -62919991
2687, -64070442
2688, -62676447
2689, -63624862
2690, -63029581
2691, -62229410
2692, -63235798
2693, -65025786
2694, -66262834
2695, -65435622
2696, -66126435
2697, -64783728
2698, -65947598
2699, -64924416
2700, -65633818
2701, -64412250
2702, -65582675
2703, -66996504
2704, -65573696
2705, -64561464
2706, -63688001
2707, -64677942
2708, -66506596
2709, -64916790
2710, -66458605
2711, -63531947
2712, -64821920
2713, -63172159
2714, -62038696
2715, -62611397
2716, -63216025
2717, -63862732
2718, -64807812
2719, -65406356
2720, -66309376
2721, -67486471
2722, -66790179
2723, -67291393
2724, -68317938
2725, -69269990
2726, -70151614
2727, -69212478
2728, -68335880
2729, -65907891
2730, -66770246
2731, -66048041
2732, -67022389
2733, -67591961
2734, -68636717
2735, -69532361
2736, -70561187
2737, -69805461
2738, -70324745
2739, -71040459
2740, -70384242
2741, -69686302
2742, -68931393
2743, -67616720
2744, -66235674
2745, -64549956
2746, -63347124
2747, -62276132
2748, -61715463
2749, -60656481
2750, -61765578
2751, -60799901
2752, -62052531
2753, -60747272
2754, -62417977
2755, -60964121
2756, -63129356
2757, -61236274
2758, -60288353
2759, -59244679
2760, -60266608
2761, -59491978
2762, -60207652
2763, -60804806
2764, -60804806
2765, -59987595
2766, -59394057
2767, -60180767
2768, -59025476
2769, -58279752
2770, -57607947
2771, -56987991
2772, -57571428
2773, -56782653
2774, -57350192
2775, -58180739
2776, -58180739
2777, -57341915
2778, -58086133
2779, -56924536
2780, -55967726
2781, -56846207
2782, -57933059
2783, -58536860
2784, -57450872
2785, -56505876
2786, -57430783
2787, -56529742
2788, -57378787
2789, -56689306
2790, -55368916
2791, -56853700
2792, -60262779
2793, -58116142
2794, -58116142
2795, -61848168
2796, -65404644
2797, -62126838
2798, -59231236
2799, -57773946
2800, -60411357
2801, -59040785
2802, -57991023
2803, -56382477
2804, -54773202
2805, -53312180
2806, -54527418
2807, -55997713
2808, -54944179
2809, -57452414
2810, -58821444
2811, -57157667
2812, -58403977
2813, -59725217
2814, -57427514
2815, -59546544
2816, -57730628
2817, -59391708
2818, -60889498
2819, -59345377
2820, -60475948
2821, -59215596
2822, -57987864
2823, -56898390
2824, -55654675
2825, -56877113
2826, -58160519
2827, -57013808
2828, -55769392
2829, -54839221
2830, -55919082
2831, -57052259
2832, -56155918
2833, -55358170
2834, -56156877
2835, -56827013
2836, -57367113
2837, -56294223
2838, -55321279
2839, -57128522
2840, -57990954
2841, -57224486
2842, -57915800
2843, -58828473
2844, -57814471
2845, -59058380
2846, -59856481
2847, -61942497
2848, -64050060
2849, -62020741
2850, -64759137
2851, -43251546
2852, -47142051
2853, -45467418
2854, -43754414
2855, -43461251
2856, -44561885
2857, -45997113
2858, -47092399
2859, -47974091
2860, -46754945
2861, -47747359
2862, -46697365
2863, -51329367
2864, -50636225
2865, -48720635
2866, -49900360
2867, -49209290
2868, -48538278
2869, -48538278
2870, -50136180
2871, -48742826
2872, -49964138
2873, -50939859
2874, -52246226
2875, -51054322
2876, -52949646
2877, -54483936
2878, -56007315
2879, -54448752
2880, -53283224
2881, -52064279
2882, -53346422
2883, -53346422
2884, -54234069
2885, -53105184
2886, -54171793
2887, -50294155
2888, -46974776
2889, -45181707
2890, -47325769
2891, -46072791
2892, -44639908
2893, -45678286
2894, -46621867
2895, -45375612
2896, -46697036
2897, -47448681
2898, -46483207
2899, -47432590
2900, -46397519
2901, -48998150
2902, -47060409
2903, -48112830
2904, -49400396
2905, -48053675
2906, -48966968
2907, -48364289
2908, -47677833
2909, -48518852
2910, -47293683
2911, -48087107
2912, -49512139
2913, -48743697
2914, -47197771
2915, -48812514
2916, -50140216
2917, -50893939
2918, -50037426
2919, -50726484
2920, -52045887
2921, -50936830
2922, -50208459
2923, -49422614
2924, -50123154
2925, -49045124
2926, -48400520
2927, -47904043
2928, -49172296
2929, -48409215
2930, -47436831
2931, -49072914
2932, -48145847
2933, -46585692
2934, -45867775
2935, -44894480
2936, -43710666
2937, -43710666
2938, -51574795
2939, -53809912
2940, -52742370
2941, -54891973
2942, -53983126
2943, -55778991
2944, -57334785
2945, -59300330
2946, -61273649
2947, -60488398
2948, -61246278
2949, -60166681
2950, -60933277
2951, -61947569
2952, -60808225
2953, -61641531
2954, -63463312
2955, -65305853
2956, -64039060
2957, -64778692
2958, -66334995
2959, -67796407
2960, -67069837
2961, -68315257
2962, -69348976
2963, -68252119
2964, -67368530
2965, -68005302
2966, -69070414
2967, -69901527
2968, -70747732
2969, -69674216
2970, -68939233
2971, -67821737
2972, -66618145
2973, -65728606
2974, -65085997
2975, -65895253
2976, -66638450
2977, -65252919
2978, -66238014
2979, -66935939
2980, -65872415
2981, -65214288
2982, -66109877
2983, -66814460
2984, -67850242
2985, -68441848
2986, -69198244
2987, -68597229
2988, -67512167
2989, -68052576
2990, -66751789
2991, -66107272
2992, -65337726
2993, -64779226
2994, -65282548
2995, -64710907
2996, -64075526
2997, -64514435
2998, -64026369
2999, -63474644
3000, -62873343
3001, -62117453
3002, -60958225
3003, -60175564
3004, -59342278
3005, -60076082
3006, -62914176
3007, -60123661
3008, -60591732
3009, -61215132
3010, -61820558
3011, -62816149
3012, -63781471
3013, -62805384
3014, -63729876
3015, -61978200
3016, -61183246
3017, -60089337
3018, -61099284
3019, -61810924
3020, -61010916
3021, -61851972
3022, -60934594
3023, -61767794
3024, -60994549
3025, -61658516
3026, -62309138
3027, -61623060
3028, -61118821
3029, -60443610
3030, -60829849
3031, -61537329
3032, -60726686
3033, -61675522
3034, -60749956
3035, -60042406
3036, -59381354
3037, -59837228
3038, -60484166
3039, -59581601
3040, -60282121
3041, -59726726
3042, -60225737
3043, -59888742
3044, -60285168
3045, -59863143
3046, -60969869
3047, -59892391
3048, -59005995
3049, -59573216
3050, -59112440
3051, -59112440
3052, -58826215
3053, -58275458
3054, -57488524
3055, -56752259
3056, -56230366
3057, -56825549
3058, -56203005
3059, -55013237
3060, -55773509
3061, -55230956
3062, -54732342
3063, -55921062
3064, -55302798
3065, -55994834
3066, -56553398
3067, -56005558
3068, -55655900
3069, -55655900
3070, -55344799
3071, -55694171
3072, -55015816
3073, -54602462
3074, -54944164
3075, -53305009
3076, -52582299
3077, -51971836
3078, -52467281
3079, -52009774
3080, -52451736
3081, -51935472
3082, -52424733
3083, -51976634
3084, -52552275
3085, -52136525
3086, -52324910
3087, -51620547
3088, -52557529
3089, -52193860
3090, -51752063
3091, -51172834
3092, -51456284
3093, -50997299
3094, -50496641
3095, -51133390
3096, -51664007
3097, -51145657
3098, -51831672
3099, -51248743
3100, -52053587
3101, -51201814
3102, -53185882
3103, -52743616
3104, -52234796
3105, -52587788
3106, -53037229
3107, -53510773
3108, -53859487
3109, -53251359
3110, -53853646
3111, -52867951
3112, -51662525
3113, -50967812
3114, -50170903
3115, -50833421
3116, -49838449
3117, -50351031
3118, -49995409
3119, -50956145
3120, -50359261
3121, -48353958
3122, -49058257
3123, -49827203
3124, -50384199
3125, -49676185
3126, -49022091
3127, -48436006
3128, -48750020
3129, -49105503
3130, -48434062
3131, -49456041
3132, -50335852
3133, -51174380
3134, -50495001
3135, -50108352
3136, -49637431
3137, -48434629
3138, -49236983
3139, -48796865
3140, -48489298
3141, -48986228
3142, -48348797
3143, -47071168
3144, -46252773
3145, -46855283
3146, -47872433
3147, -46041108
3148, -45598235
3149, -45598235
3150, -47156181
3151, -47571496
3152, -47211046
3153, -49600372
3154, -49980873
3155, -49342575
3156, -48787269
3157, -49519406
3158, -48996328
3159, -49475218
3160, -49907571
3161, -50713500
3162, -49962247
3163, -49268307
3164, -49078074
3165, -47926321
3166, -50328655
3167, -51031585
3168, -51761759
3169, -52762100
3170, -52292469
3171, -51895177
3172, -51334507
3173, -50780579
3174, -51230352
3175, -51230352
3176, -50835471
3177, -51378251
3178, -51613628
3179, -51894977
3180, -52258271
3181, -51929881
3182, -51484661
3183, -51750927
3184, -52296905
3185, -51969928
3186, -51627647
3187, -51329094
3188, -51734483
3189, -51333660
3190, -50804636
3191, -50440527
3192, -49116371
3193, -49708615
3194, -50362631
3195, -51293335
3196, -51974023
3197, -52532683
3198, -52897198
3199, -52508481
3200, -52946903
3201, -52620858
3202, -52932608
3203, -53285121
3204, -53729929
3205, -53476095
3206, -53714050
3207, -53910926
3208, -54462206
3209, -54153212
3210, -54550898
3211, -54295081
3212, -54617915
3213, -55541286
3214, -56440267
3215, -57240051
3216, -58227323
3217, -59170668
3218, -58567505
3219, -57886419
3220, -57436073
3221, -56779860
3222, -57183102
3223, -56713646
3224, -57680186
3225, -57049820
3226, -55931328
3227, -54607390
3228, -52940918
3229, -51538581
3230, -53326377
3231, -62457317
3232, -63990815
3233, -62653442
3234, -61788861
3235, -60675371
3236, -59601529
3237, -60328968
3238, -59606758
3239, -58470803
3240, -59017212
3241, -59526418
3242, -59910917
3243, -60402156
3244, -61218319
3245, -60783524
3246, -61552692
3247, -61157993
3248, -61554985
3249, -61007954
3250, -61578160
3251, -61578160
3252, -61899658
3253, -62695337
3254, -63182754
3255, -63822784
3256, -64662074
3257, -61653141
3258, -63981209
3259, -65404659
3260, -67623171
3261, -69955603
3262, -72854836
3263, -74909212
3264, -72387431
3265, -70534856
3266, -68982949
3267, -70638479
3268, -71995781
3269, -73784949
3270, -74940306
3271, -72613581
3272, -71133814
3273, -70062754
3274, -71252460
3275, -69893293
3276, -68431183
3277, -66613007
3278, -64684790
3279, -65705239
3280, -66614811
3281, -67450870
3282, -66430707
3283, -67072948
3284, -68702320
3285, -67671628
3286, -66647468
3287, -65538652
3288, -64037921
3289, -62047723
3290, -62863141
3291, -63780353
3292, -64816368
3293, -66403552
3294, -65434618
3295, -64513383
3296, -63299695
3297, -64254343
3298, -63471595
3299, -64781541
3300, -66660367
3301, -63484898
3302, -66631045
3303, -63915029
3304, -65806883
3305, -63797903
3306, -62630935
3307, -61360797
3308, -60530880
3309, -59798076
3310, -61298636
3311, -60326789
3312, -61244341
3313, -61244341
3314, -60369584
3315, -59587929
3316, -60300397
3317, -59487822
3318, -57869895
3319, -56908971
3320, -57775893
3321, -59200085
3322, -56490166
3323, -54436400
3324, -55426667
3325, -54533941
3326, -53521463
3327, -54803581
3328, -53622375
3329, -52539219
3330, -53825463
3331, -52428964
3332, -53648863
3333, -55260883
3334, -54091312
3335, -55301034
3336, -56286960
3337, -57553127
3338, -57935169
3339, -56693442
3340, -55877508
3341, -54299881
3342, -55157641
3343, -54140320
3344, -53218467
3345, -54434609
3346, -53318289
3347, -54122390
3348, -53458166
3349, -54352086
3350, -55493275
3351, -56633357
3352, -57541927
3353, -55784519
3354, -56578503
3355, -54875368
3356, -55590112
3357, -54889416
3358, -54543868
3359, -54934252
3360, -55395921
3361, -55028600
3362, -55460388
3363, -56615094
3364, -57484595
3365, -56975497
3366, -57643330
3367, -58303457
3368, -57625958
3369, -57266431
3370, -56415880
3371, -56975326
3372, -55972020
3373, -55206443
3374, -55627758
3375, -54891109
3376, -54430192
3377, -54015093
3378, -53518771
3379, -54012078
3380, -54523642
3381, -54934575
3382, -54370685
3383, -53051503
3384, -52384151
3385, -50852650
3386, -51535234
3387, -52809526
3388, -53914347
3389, -54768175
3390, -55646137
3391, -55107488
3392, -55569377
3393, -56053995
3394, -55282208
3395, -55791148
3396, -56181974
3397, -56495100
3398, -55963351
3399, -56319992
3400, -55757889
3401, -56095341
3402, -56926023
3403, -57557553
3404, -58524315
3405, -59356252
3406, -59999033
3407, -60405074
3408, -59912272
3409, -59409326
3410, -59865673
3411, -59414099
3412, -59680133
3413, -58856796
3414, -60227431
3415, -60614540
3416, -61006622
3417, -61407365
3418, -57322388
3419, -59673518
3420, -58056534
3421, -59055133
3422, -59682034
3423, -59040528
3424, -59819382
3425, -58944568
3426, -59780172
3427, -60553405
3428, -60938170
3429, -61477758
3430, -62628007
3431, -62038338
3432, -61467194
3433, -62266520
3434, -61746527
3435, -60849697
3436, -61353379
3437, -61846382
3438, -61317769
3439, -61823247
3440, -61120123
3441, -60005589
3442, -59577845
3443, -58949807
3444, -59560291
3445, -58944073
3446, -59419004
3447, -59949001
3448, -60844101
3449, -60116924
3450, -59285986
3451, -60330670
3452, -61467523
3453, -60691578
3454, -59187933
3455, -60385241
3456, -61374935
3457, -62255634
3458, -63891628
3459, -62537465
3460, -63744526
3461, -62592861
3462, -61548577
3463, -60279351
3464, -59263893
3465, -60243953
3466, -61930455
3467, -63596112
3468, -62251527
3469, -61349389
3470, -60252614
3471, -61747485
3472, -60617121
3473, -62030906
3474, -60766101
3475, -62044379
3476, -61121081
3477, -61121081
3478, -59707675
3479, -58061648
3480, -57196216
3481, -58195007
3482, -55049749
3483, -56131296
3484, -55155268
3485, -54402160
3486, -55448363
3487, -54254570
3488, -53306268
3489, -52750173
3490, -52007922
3491, -52649862
3492, -52226271
3493, -52853704
3494, -53412982
3495, -54150255
3496, -53341683
3497, -52379521
3498, -51906991
3499, -51239986
3500, -51702866
3501, -52276858
3502, -52815496
3503, -53290253
3504, -52650058
3505, -52293502
3506, -51669644
3507, -52022042
3508, -52772616
3509, -51208448
3510, -52413420
3511, -51238930
3512, -50266880
3513, -49522203
3514, -50317666
3515, -49707736
3516, -50614810
3517, -49167713
3518, -48664150
3519, -49232965
3520, -50226127
3521, -49327919
3522, -49327919
3523, -49981810
3524, -50637134
3525, -50181415
3526, -50571797
3527, -51022739
3528, -50498746
3529, -50051435
3530, -50448909
3531, -50011755
3532, -49230076
3533, -49230076
3534, -49230076
3535, -48611458
3536, -48611458
3537, -48077307
3538, -47572738
3539, -46672818
3540, -47675260
3541, -48326649
3542, -47646916
3543, -47007531
3544, -46534598
3545, -44959288
3546, -44461298
3547, -45221099
3548, -46320301
3549, -45424121
3550, -44699623
3551, -45885171
3552, -46781812
3553, -48177877
3554, -46944575
3555, -46388135
3556, -47004104
3557, -47585178
3558, -47209835
3559, -46770632
3560, -47155505
3561, -46596473
3562, -46220049
3563, -45796316
3564, -46164041
3565, -46756078
3566, -46375795
3567, -46375795
3568, -46944223
3569, -46412807
3570, -46903495
3571, -46064432
3572, -44841063
3573, -45538080
3574, -44855803
3575, -44498013
3576, -44966201
3577, -45521390
3578, -45224056
3579, -45740337
3580, -46092348
3581, -46712713
3582, -48142206
3583, -47062858
3584, -47767650
3585, -48225225
3586, -47699640
3587, -47470050
3588, -47928371
3589, -48396539
3590, -47862116
3591, -47311000
3592, -46290862
3593, -45665985
3594, -44772667
3595, -44001665
3596, -44614187
3597, -44194104
3598, -43580477
3599, -42942788
3600, -43862366
3601, -44474253
3602, -43744854
3603, -43188020
3604, -42560378
3605, -43238768
3606, -42679192
3607, -45270565
3608, -45469624
3609, -45952198
3610, -46333560
3611, -46756896
3612, -46281362
3613, -45062322
3614, -44540408
3615, -43118417
3616, -44141251
3617, -44921290
3618, -45329610
3619, -45764379
3620, -45260147
3621, -45578941
3622, -45064698
3623, -45574304
3624, -45067397
3625, -45600226
3626, -45108936
3627, -45314648
3628, -45799321
3629, -45135396
3630, -44661051
3631, -45191040
3632, -45674255
3633, -45185597
3634, -44743830
3635, -45151413
3636, -44864391
3637, -44522864
3638, -45267536
3639, -45923413
3640, -45266250
3641, -44747594
3642, -44115309
3643, -43434162
3644, -42789418
3645, -42149708
3646, -42792201
3647, -43215479
3648, -42800658
3649, -43360774
3650, -42908786
3651, -42473045
3652, -43166113
3653, -42365460
3654, -42851314
3655, -42267066
3656, -42777324
3657, -42456527
3658, -41969667
3659, -41543453
3660, -41916471
3661, -41366360
3662, -40995151
3663, -39600902
3664, -39956150
3665, -39245391
3666, -38709130
3667, -38158592
3668, -38597267
3669, -39358747
3670, -38844412
3671, -38432573
3672, -39090241
3673, -39634924
3674, -40037522
3675, -40540019
3676, -40187528
3677, -40602957
3678, -40255945
3679, -40646591
3680, -40044672
3681, -39695235
3682, -40017330
3683, -40719378
3684, -40289811
3685, -40982979
3686, -41383132
3687, -41790003
3688, -41350838
3689, -40880974
3690, -41398042
3691, -40871359
3692, -40431290
3693, -40080134
3694, -39478967
3695, -40775327
3696, -40140509
3697, -39562469
3698, -39936550
3699, -39384251
3700, -38765774
3701, -38427976
3702, -38080457
3703, -38311364
3704, -37866486
3705, -37619192
3706, -37985535
3707, -37595391
3708, -37293037
3709, -37524853
3710, -37746872
3711, -37483245
3712, -37124630
3713, -36712692
3714, -37025120
3715, -36773403
3716, -37180391
3717, -36336992
3718, -37112692
3719, -37640033
3720, -37249564
3721, -36912450
3722, -37289102
3723, -37530551
3724, -37999635
3725, -37488168
3726, -37821375
3727, -37409318
3728, -36903808
3729, -37281919
3730, -37808979
3731, -36369490
3732, -37014047
3733, -36400363
3734, -36914830
3735, -36398457
3736, -37767104
3737, -37234465
3738, -38025792
3739, -37749134
3740, -37415578
3741, -37172880
3742, -36568585
3743, -36895091
3744, -36502199
3745, -36139423
3746, -35724487
3747, -35724487
3748, -35939228
3749, -35626074
3750, -35626074
3751, -35358393
3752, -35680682
3753, -36084375
3754, -35648757
3755, -36063358
3756, -36360558
3757, -36106330
3758, -35691434
3759, -34924206
3760, -35276916
3761, -34910954
3762, -35235554
3763, -35556714
3764, -35160688
3765, -34891088
3766, -35218237
3767, -35484437
3768, -36217176
3769, -36823685
3770, -36510791
3771, -36882044
3772, -36417218
3773, -36660867
3774, -36462672
3775, -36745515
3776, -37040550
3777, -37426932
3778, -37652324
3779, -37451713
3780, -37958928
3781, -38985544
3782, -38551043
3783, -38170612
3784, -37794304
3785, -37446633
3786, -36911302
3787, -36631272
3788, -37166019
3789, -36795130
3790, -36380650
3791, -35992328
3792, -35652012
3793, -35963083
3794, -35052583
3795, -35621147
3796, -35621147
3797, -36042899
3798, -35790885
3799, -35419772
3800, -36110736
3801, -35295687
3802, -35607274
3803, -36142607
3804, -35851392
3805, -36283438
3806, -36752417
3807, -37331423
3808, -36964239
3809, -36476100
3810, -36476100
3811, -36847534
3812, -36367295
3813, -36023183
3814, -35441956
3815, -35016368
3816, -35432204
3817, -35082130
3818, -34749703
3819, -34466175
3820, -33790955
3821, -33445380
3822, -33809071
3823, -34330486
3824, -34964347
3825, -35471458
3826, -35859476
3827, -35525341
3828, -36208531
3829, -35687774
3830, -35343528
3831, -35660463
3832, -35280436
3833, -35580445
3834, -35178374
3835, -35530717
3836, -35892545
3837, -36174013
3838, -35799636
3839, -35421629
3840, -35779070
3841, -35410456
3842, -35090711
3843, -35302657
3844, -36142078
3845, -35710770
3846, -36174219
3847, -36602786
3848, -36203787
3849, -36723862
3850, -37049598
3851, -37564838
3852, -37910734
3853, -37323052
3854, -36823332
3855, -37202784
3856, -36565461
3857, -37050115
3858, -36107297
3859, -35605201
3860, -35246308
3861, -35758932
3862, -35489360
3863, -35208043
3864, -35508736
3865, -35864176
3866, -35593543
3867, -36030347
3868, -33633952
3869, -34355403
3870, -34847032
3871, -35391801
3872, -35798753
3873, -35192982
3874, -34886649
3875, -34546593
3876, -34057634
3877, -33677240
3878, -33238953
3879, -33586071
3880, -34065486
3881, -34601982
3882, -34000636
3883, -34377022
3884, -33990513
3885, -34438704
3886, -35565357
3887, -34744437
3888, -35547402
3889, -34814673
3890, -34245930
3891, -34689705
3892, -34333341
3893, -33812017
3894, -33496541
3895, -33762359
3896, -33319220
3897, -33738602
3898, -33177478
3899, -32495020
3900, -31960401
3901, -31325319
3902, -30268508
3903, -30603790
3904, -30950036
3905, -31255147
3906, -30443223
3907, -30769786
3908, -30511019
3909, -30192645
3910, -30513024
3911, -30921653
3912, -31373361
3913, -31926462
3914, -31614851
3915, -31230453
3916, -30703596
3917, -31123627
3918, -30663844
3919, -31334032
3920, -31806101
3921, -31084408
3922, -31741540
3923, -32261985
3924, -32628398
3925, -32181073
3926, -31713994
3927, -32457300
3928, -31959541
3929, -32400588
3930, -31445083
3931, -31445083
3932, -30891679
3933, -31785771
3934, -32216149
3935, -32828089
3936, -32089813
3937, -31666972
3938, -31190414
3939, -31435681
3940, -30991479
3941, -31546066
3942, -32040106
3943, -32536916
3944, -32918040
3945, -33340566
3946, -32789962
3947, -32155941
3948, -31732791
3949, -32359578
3950, -32836014
3951, -32428667
3952, -31992236
3953, -32493526
3954, -31565537
3955, -28891775
3956, -29659526
3957, -30698992
3958, -30087949
3959, -29429174
3960, -30146430
3961, -29442194
3962, -29848420
3963, -29235471
3964, -28742779
3965, -29239799
3966, -29479244
3967, -29851976
3968, -30346454
3969, -31015397
3970, -30374176
3971, -29940894
3972, -29619584
3973, -29213926
3974, -29544624
3975, -29809545
3976, -30081064
3977, -30511896
3978, -31087915
3979, -30295594
3980, -30668749
3981, -30366033
3982, -31902326
3983, -32648597
3984, -33360813
3985, -32748447
3986, -33297650
3987, -32081703
3988, -31478919
3989, -30559623
3990, -31063086
3991, -30870729
3992, -31239380
3993, -32065828
3994, -32345466
3995, -32870232
3996, -33134323
3997, -32878957
3998, -33179547
3999, -33663544
4000, -34135760
4001, -33647750
4002, -33956416
4003, -33626899
4004, -33846987
4005, -34497525
4006, -34867874
4007, -35357714
4008, -35744129
4009, -36043096
4010, -36525727
4011, -37162477
4012, -36866072
4013, -37242074
4014, -36752854
4015, -37000634
4016, -37000634
4017, -36563979
4018, -37832032
4019, -37155936
4020, -37608276
4021, -38132548
4022, -37724263
4023, -38211277
4024, -37623083
4025, -37030981
4026, -36350934
4027, -35805596
4028, -36168206
4029, -36498328
4030, -36854986
4031, -36468228
4032, -35817064
4033, -36338729
4034, -36952587
4035, -37414742
4036, -38096974
4037, -38692413
4038, -38279667
4039, -37843249
4040, -36860837
4041, -37697120
4042, -39197002
4043, -39871430
4044, -39285477
4045, -40294640
4046, -40782185
4047, -41439006
4048, -40982643
4049, -41603342
4050, -40863244
4051, -40289838
4052, -40944154
4053, -42010584
4054, -41309759
4055, -40571203
4056, -41160495
4057, -41944643
4058, -40930670
4059, -41664113
4060, -40788677
4061, -40788677
4062, -39663891
4063, -39663891
4064, -40580650
4065, -40102274
4066, -39448003
4067, -38969487
4068, -39803632
4069, -39293451
4070, -38924230
4071, -38563151
4072, -38065091
4073, -37578429
4074, -37106653
4075, -36440478
4076, -37136721
4077, -36417561
4078, -37128617
4079, -36401762
4080, -35877604
4081, -34948773
4082, -35344180
4083, -34864722
4084, -35203588
4085, -35812448
4086, -36311693
4087, -35749665
4088, -36437616
4089, -35874096
4090, -35393685
4091, -34839007
4092, -34292015
4093, -34778263
4094, -35043396
4095, -35570481
4096, -34933910
4097, -34306672
4098, -34993522
4099, -35409227
4100, -35915926
4101, -34799595
4102, -35305744
4103, -34893905
4104, -35317912
4105, -35713274
4106, -36220752
4107, -35371371
4108, -34626474
4109, -35708189
4110, -35180753
4111, -34735293
4112, -35019868
4113, -35466229
4114, -35086051
4115, -34730165
4116, -35163202
4117, -35544300
4118, -36067738
4119, -36400700
4120, -35686696
4121, -34610524
4122, -34984680
4123, -35394454
4124, -35394454
4125, -35717024
4126, -34687687
4127, -34223412
4128, -34708489
4129, -35122967
4130, -34581569
4131, -34995120
4132, -34615389
4133, -34930722
4134, -35450979
4135, -34807866
4136, -35643531
4137, -35060758
4138, -34438078
4139, -33981383
4140, -33588565
4141, -34076249
4142, -34400253
4143, -33979317
4144, -34483174
4145, -34087484
4146, -33717797
4147, -34119375
4148, -33447043
4149, -32705653
4150, -32021198
4151, -31500386
4152, -31006132
4153, -31446250
4154, -30982489
4155, -31407646
4156, -30935614
4157, -31428644
4158, -32012214
4159, -32331442
4160, -32794326
4161, -32333415
4162, -32779252
4163, -33914895
4164, -33369577
4165, -33730383
4166, -33102219
4167, -32429358
4168, -31976710
4169, -32307077
4170, -31541136
4171, -31063100
4172, -31507979
4173, -31959074
4174, -31593992
4175, -31251916
4176, -30891287
4177, -30396940
4178, -30020354
4179, -30367820
4180, -29467704
4181, -29860678
4182, -29465336
4183, -29796567
4184, -29542367
4185, -29344748
4186, -29655530
4187, -29351093
4188, -29597668
4189, -29903062
4190, -29599625
4191, -29327569
4192, -28915294
4193, -28582958
4194, -28286537
4195, -28686128
4196, -28286761
4197, -28595987
4198, -29239208
4199, -28849876
4200, -28409766
4201, -28913296
4202, -28015252
4203, -27373277
4204, -27767998
4205, -26742906
4206, -26141761
4207, -25465701
4208, -24925693
4209, -25396684
4210, -24714556
4211, -25145520
4212, -24597211
4213, -25009343
4214, -25368727
4215, -25875334
4216, -25238122
4217, -24720226
4218, -25264481
4219, -24607956
4220, -25195042
4221, -24416999
4222, -24860529
4223, -24385704
4224, -24922188
4225, -25474935
4226, -24219656
4227, -24861668
4228, -24374200
4229, -24895348
4230, -23945729
4231, -24291777
4232, -23441633
4233, -24349315
4234, -23820945
4235, -22225473
4236, -22225473
4237, -21277196
4238, -19431982
4239, -20082037
4240, -21113382
4241, -20219956
4242, -19246991
4243, -20090108
4244, -20922794
4245, -21542481
4246, -20936742
4247, -20482748
4248, -19976794
4249, -19472305
4250, -18941764
4251, -18336954
4252, -18841978
4253, -18841978
4254, -19424167
4255, -18917489
4256, -19311983
4257, -19871550
4258, -20321103
4259, -21083339
4260, -20250104
4261, -20755851
4262, -20755851
4263, -21274664
4264, -20699087
4265, -21928231
4266, -23153331
4267, -23978476
4268, -23171098
4269, -24006806
4270, -24632174
4271, -25060345
4272, -24670498
4273, -24264332
4274, -24519065
4275, -24850962
4276, -25298965
4277, -26020089
4278, -26843333
4279, -26040603
4280, -25067844
4281, -23901092
4282, -24570981
4283, -25110506
4284, -26096072
4285, -25282599
4286, -24728714
4287, -25020222
4288, -24542053
4289, -24970328
4290, -24633092
4291, -24175895
4292, -24396024
4293, -24013717
4294, -23596938
4295, -24039161
4296, -25104903
4297, -24791142
4298, -25095538
4299, -24701604
4300, -24393240
4301, -24917103
4302, -25422966
4303, -24941718
4304, -24181710
4305, -24879131
4306, -24443796
4307, -23644999
4308, -23978628
4309, -23441764
4310, -22749491
4311, -22447051
4312, -22018843
4313, -22390149
4314, -22741504
4315, -22413536
4316, -22105333
4317, -21759810
4318, -21441002
4319, -22034247
4320, -21666751
4321, -21239858
4322, -21988441
4323, -22422850
4324, -21574003
4325, -22044647
4326, -22760496
4327, -23878615
4328, -23314433
4329, -22670399
4330, -23327672
4331, -22878337
4332, -23467222
4333, -22998742
4334, -23519517
4335, -23882280
4336, -24211690
4337, -23890002
4338, -24309587
4339, -23861591
4340, -23556078
4341, -23015846
4342, -22346631
4343, -22937198
4344, -22652672
4345, -22452453
4346, -23162226
4347, -22702033
4348, -23086882
4349, -23631190
4350, -23285721
4351, -23626248
4352, -23977148
4353, -24512953
4354, -24958272
4355, -25504782
4356, -24211013
4357, -23152477
4358, -22317013
4359, -23776295
4360, -27464031
4361, -28074775
4362, -27387039
4363, -26947170
4364, -27475780
4365, -26892438
4366, -26483345
4367, -26845817
4368, -27434538
4369, -28181940
4370, -28836064
4371, -27438083
4372, -28993124
4373, -29804488
4374, -28994603
4375, -28470718
4376, -29216994
4377, -28587435
4378, -29274356
4379, -29803696
4380, -29081134
4381, -28540963
4382, -28045600
4383, -28791159
4384, -28149628
4385, -28622736
4386, -28194684
4387, -27171446
4388, -27837577
4389, -27340854
4390, -26521132
4391, -26998065
4392, -27619700
4393, -27044017
4394, -27610761
4395, -28130222
4396, -28575260
4397, -27286158
4398, -26829197
4399, -26411561
4400, -26843417
4401, -27347398
4402, -26778657
4403, -27635429
4404, -25597383
4405, -26631011
4406, -27058529
4407, -26534256
4408, -26088745
4409, -25605006
4410, -26142141
4411, -25633199
4412, -26127850
4413, -26685322
4414, -26354336
4415, -26707656
4416, -26302294
4417, -26629570
4418, -26920276
4419, -26551215
4420, -26253060
4421, -25397248
4422, -25093481
4423, -25450342
4424, -25819821
4425, -25509989
4426, -25141484
4427, -24475636
4428, -24854491
4429, -24401438
4430, -24796074
4431, -25379108
4432, -25879040
4433, -25505673
4434, -25960082
4435, -26181248
4436, -26680203
4437, -26427143
4438, -26003012
4439, -25685635
4440, -25356102
4441, -25116846
4442, -24435433
4443, -25052932
4444, -25289747
4445, -25787768
4446, -26533604
4447, -26193007
4448, -25827291
4449, -26136786
4450, -26480418
4451, -25903124
4452, -26319547
4453, -26720032
4454, -26435254
4455, -26435254
4456, -25865289
4457, -25045404
4458, -25814675
4459, -25400046
4460, -26053986
4461, -26553071
4462, -26964618
4463, -27339051
4464, -27835834
4465, -27440694
4466, -27812235
4467, -27330606
4468, -27635032
4469, -27385934
4470, -27064223
4471, -26580053
4472, -26213414
4473, -26606366
4474, -26925362
4475, -26579648
4476, -27034007
4477, -26588126
4478, -27221535
4479, -27866639
4480, -28650848
4481, -28193121
4482, -28603880
4483, -29047686
4484, -29999675
4485, -29161842
4486, -29725228
4487, -30460589
4488, -29380788
4489, -32095819
4490, -32781240
4491, -32245257
4492, -32753540
4493, -31990702
4494, -31629200
4495, -32137800
4496, -31717323
4497, -31219142
4498, -30599208
4499, -30958609
4500, -30527954
4501, -29954301
4502, -29649157
4503, -30029908
4504, -30223941
4505, -29811482
4506, -29437959
4507, -29876288
4508, -29634764
4509, -30273885
4510, -29929224
4511, -30292087
4512, -30550679
4513, -31052519
4514, -30657910
4515, -31001053
4516, -30643121
4517, -30373735
4518, -29710303
4519, -30952092
4520, -29454441
4521, -28532304
4522, -27622838
4523, -28218311
4524, -27766062
4525, -28386160
4526, -27524870
4527, -27986401
4528, -28486260
4529, -28842067
4530, -28585232
4531, -28045975
4532, -27615034
4533, -27919280
4534, -27597692
4535, -27788831
4536, -27365313
4537, -26944055
4538, -26566659
4539, -25560216
4540, -24760282
4541, -25060903
4542, -25504957
4543, -25016515
4544, -25393100
4545, -25708807
4546, -25281156
4547, -25933890
4548, -25498003
4549, -25243456
4550, -24961358
4551, -24556418
4552, -24895102
4553, -25371644
4554, -24948054
4555, -24267774
4556, -24851063
4557, -24246587
4558, -24856163
4559, -25289091
4560, -25713491
4561, -25198478
4562, -25605916
4563, -25210226
4564, -25677011
4565, -25331699
4566, -24848469
4567, -25227574
4568, -25549685
4569, -25201865
4570, -24863688
4571, -25092371
4572, -25257440
4573, -24955437
4574, -25318748
4575, -25707793
4576, -26029872
4577, -26610184
4578, -26101706
4579, -26965884
4580, -27674391
4581, -26987492
4582, -27445529
4583, -26906045
4584, -27612450
4585, -29060134
4586, -30496911
4587, -29360727
4588, -30560404
4589, -31210633
4590, -30615462
4591, -29860464
4592, -28979317
4593, -29581110
4594, -29086330
4595, -28547498
4596, -28785890
4597, -28388724
4598, -27940696
4599, -29767743
4600, -30682747
4601, -31937447
4602, -30801353
4603, -31718182
4604, -31120382
4605, -30446223
4606, -31871296
4607, -32597151
4608, -32017759
4609, -33039633
4610, -32082075
4611, -35284165
4612, -34131764
4613, -34776789
4614, -34776789
4615, -35447375
4616, -35113613
4617, -34505621
4618, -34893479
4619, -34618470
4620, -34996734
4621, -34996734
4622, -34465888
4623, -33808971
4624, -32952456
4625, -33779382
4626, -33072815
4627, -33721590
4628, -34178794
4629, -33862834
4630, -33432128
4631, -32507998
4632, -33015025
4633, -33478405
4634, -33803401
4635, -33444675
4636, -32881370
4637, -33289704
4638, -32986405
4639, -33393351
4640, -34045401
4641, -34664313
4642, -34081808
4643, -33582272
4644, -33885030
4645, -33885030
4646, -34488193
4647, -33450691
4648, -32755834
4649, -32280517
4650, -32816968
4651, -33898885
4652, -32425469
4653, -31673859
4654, -30916826
4655, -27030566
4656, -29167804
4657, -27401095
4658, -29002076
4659, -30594858
4660, -29511245
4661, -30544796
4662, -29672437
4663, -30954751
4664, -29877421
4665, -30793240
4666, -31371106
4667, -32132776
4668, -31319608
4669, -30653325
4670, -29933460
4671, -30451591
4672, -32017878
4673, -32861238
4674, -34113267
4675, -35150831
4676, -34325479
4677, -34946445
4678, -33987449
4679, -34727548
4680, -33824482
4681, -33305867
4682, -32388200
4683, -33073517
4684, -32096448
4685, -30482657
4686, -29732276
4687, -28368978
4688, -27637017
4689, -28556497
4690, -29239471
4691, -29863553
4692, -28927990
4693, -28330735
4694, -28974884
4695, -28328939
4696, -29097545
4697, -28337090
4698, -27433980
4699, -26807756
4700, -24746668
4701, -25396288
4702, -25862895
4703, -25123663
4704, -24079102
4705, -23381519
4706, -22874294
4707, -22121817
4708, -19188282
4709, -20279376
4710, -19096696
4711, -19620008
4712, -18799385
4713, -19547168
4714, -20704501
4715, -19479339
4716, -18952830
4717, -18313352
4718, -18624790
4719, -19123835
4720, -18747819
4721, -19017455
4722, -18572283
4723, -17442687
4724, -16720707
4725, -16164165
4726, -16602514
4727, -17015953
4728, -17450576
4729, -17140434
4730, -16460322
4731, -15897865
4732, -17339102
4733, -17740366
4734, -18115665
4735, -19216492
4736, -18853116
4737, -19428677
4738, -19428677
4739, -18683021
4740, -16800642
4741, -16362375
4742, -16813042
4743, -16433621
4744, -17041091
4745, -17516237
4746, -17116359
4747, -17542087
4748, -18087380
4749, -17846518
4750, -18279607
4751, -18787624
4752, -18387294
4753, -18906697
4754, -19212410
4755, -19820438
4756, -20371937
4757, -19718243
4758, -19317415
4759, -18938079
4760, -19711661
4761, -19097918
4762, -19444944
4763, -20167012
4764, -20467344
4765, -20189027
4766, -19455389
4767, -19877408
4768, -20457322
4769, -20178156
4770, -20505894
4771, -21393982
4772, -20421641
4773, -21011822
4774, -20592823
4775, -19980290
4776, -20465002
4777, -20129374
4778, -20628393
4779, -21027642
4780, -20650512
4781, -20111978
4782, -20387127
4783, -19833079
4784, -19529580
4785, -19048534
4786, -19537577
4787, -19219383
4788, -18203921
4789, -17591505
4790, -18029981
4791, -17552745
4792, -17830324
4793, -17415058
4794, -16680083
4795, -15791695
4796, -16390851
4797, -15334770
4798, -13960090
4799, -13115231
4800, -12346119
4801, -12346119
4802, -11845950
4803, -10651666
4804, -9879389
4805, -9040714
4806, -8511584
4807, -9590842
4808, -9100415
4809, -8334302
4810, -9449872
4811, -10834502
4812, -10355069
4813, -12543353
4814, -12543353
4815, -12160499
4816, -11565907
4817, -11180228
4818, -12222057
4819, -14985630
4820, -15278145
4821, -14238654
4822, -15082640
4823, -14476934
4824, -15352972
4825, -14753785
4826, -15045952
4827, -15759242
4828, -16294861
4829, -16824658
4830, -15995704
4831, -15475932
4832, -15795855
4833, -16236934
4834, -15751113
4835, -16774330
4836, -18719535
4837, -17752584
4838, -19268008
