15.0, 35.09234828496042
16.0, 44.48160535117055
17.0, 43.32247557003256
18.0, 46.82274247491638
19.0, 49.122807017543856
20.0, 50.541516245487365
21.0, 49.645390070921984
22.0, 44.77611940298505
23.0, 40.225563909774436
24.0, 31.64179104477614
25.0, 37.95180722891567
26.0, 32.67973856209149
27.0, 36.482084690553755
28.0, 20.7317073170732
29.0, 28.33333333333333
30.0, 30.35714285714289
31.0, 32.27848101265826
32.0, 28.38709677419355
33.0, 26.993865030674854
34.0, 27.5
35.0, 24.444444444444457
36.0, 22.110552763819115
37.0, 30.769230769230774
38.0, 42.38410596026492
39.0, 40.410958904109606
40.0, 34.31952662721895
41.0, 29.746835443038037
42.0, 23.68421052631581
43.0, 32.73809523809524
44.0, 28.64583333333333
45.0, 38.3177570093458
46.0, 39.906103286384976
47.0, 39.53488372093023
48.0, 43.47826086956522
49.0, 68.18181818181819
50.0, 62.50000000000001
51.0, 63.903743315508024
52.0, 69.26952141057934
53.0, 68.06282722513089
54.0, 61.611374407582936
55.0, 63.67713004484304
56.0, 65.2654867256637
57.0, 58.84861407249466
58.0, 61.46993318485522
59.0, 56.08108108108109
60.0, 55.88235294117647
61.0, 53.9301310043668
62.0, 53.31858407079646
63.0, 34.52380952380953
64.0, 42.90657439446369
65.0, 35.29411764705884
66.0, 22.13114754098366
67.0, 32.86219081272087
68.0, 43.497757847533656
69.0, 34.95145631067966
70.0, 33.000000000000014
71.0, 43.02325581395352
72.0, 45.29411764705884
73.0, 52.98013245033109
74.0, 50.0
75.0, 61.240310077519396
76.0, 62.12121212121213
77.0, 78.53403141361258
78.0, 80.7511737089202
79.0, 82.55319148936172
80.0, 92.79279279279281
81.0, 93.24894514767935
82.0, 92.73504273504278
83.0, 74.82758620689654
84.0, 59.38375350140055
85.0, 53.263707571801575
86.0, 56.65859564164649
87.0, 53.34872979214782
88.0, 55.0925925925926
89.0, 62.403100775193806
90.0, 62.25680933852141
91.0, 57.26872246696035
92.0, 54.67289719626169
93.0, 50.59665871121719
94.0, 50.47846889952152
95.0, 40.67357512953367
96.0, 38.86138613861386
97.0, 44.47592067988669
98.0, 59.34426229508199
99.0, 70.19867549668876
100.0, 66.66666666666669
101.0, 72.87449392712553
102.0, 72.08333333333334
103.0, 50.28248587570624
104.0, 38.72549019607843
105.0, 47.916666666666664
106.0, 50.0
107.0, 52.74261603375527
108.0, 61.51202749140894
109.0, 70.39473684210529
110.0, 71.57190635451505
111.0, 66.45962732919254
112.0, 53.07262569832403
113.0, 46.90265486725662
114.0, 43.646408839779006
115.0, 43.80165289256198
116.0, 45.01347708894878
117.0, 50.13623978201633
118.0, 47.91666666666665
119.0, 43.82022471910114
120.0, 37.96791443850268
121.0, 39.42558746736294
122.0, 28.834355828220865
123.0, 21.088435374149668
124.0, 26.35135135135134
125.0, 28.99628252788105
126.0, 31.707317073170728
127.0, 42.00743494423792
128.0, 41.54411764705881
129.0, 44.79166666666667
130.0, 40.468227424749166
131.0, 37.32394366197184
132.0, 46.08695652173914
133.0, 39.301310043668124
134.0, 50.46296296296297
135.0, 51.36363636363636
136.0, 50.91743119266054
137.0, 53.27510917030568
138.0, 54.66101694915255
139.0, 68.18181818181817
140.0, 61.58357771260997
141.0, 49.85754985754986
142.0, 57.30659025787966
143.0, 54.30267062314542
144.0, 58.966565349544084
145.0, 52.032520325203244
146.0, 47.524752475247524
147.0, 44.96487119437939
148.0, 42.40196078431372
149.0, 37.73584905660377
150.0, 33.846153846153854
151.0, 37.29166666666666
152.0, 35.26881720430107
153.0, 24.561403508771903
154.0, 28.080229226361
155.0, 28.82352941176468
156.0, 19.783197831978285
157.0, 19.571045576407485
158.0, 16.48936170212764
159.0, 16.89373297002723
160.0, 33.82352941176468
161.0, 39.42558746736293
162.0, 44.36450839328536
163.0, 51.08433734939759
164.0, 54.4987146529563
165.0, 51.639344262295076
166.0, 50.5586592178771
167.0, 41.81360201511335
168.0, 51.04408352668215
169.0, 52.88461538461539
170.0, 61.307901907356964
171.0, 58.90052356020942
172.0, 62.16931216931218
173.0, 63.51351351351351
174.0, 50.96153846153848
175.0, 51.428571428571416
176.0, 40.00000000000001
177.0, 36.633663366336634
178.0, 45.15151515151514
179.0, 38.775510204081634
180.0, 40.845070422535215
181.0, 50.318471337579616
182.0, 44.483985765124565
183.0, 40.584415584415574
184.0, 36.80981595092023
185.0, 38.58520900321544
186.0, 35.59870550161813
187.0, 34.375
188.0, 39.24050632911393
189.0, 34.7266881028939
190.0, 40.57971014492754
191.0, 41.428571428571416
192.0, 29.10447761194031
193.0, 28.782287822878246
194.0, 35.45150501672242
195.0, 30.59210526315792
196.0, 24.74226804123711
197.0, 28.125000000000014
198.0, 32.91666666666666
199.0, 34.05172413793102
200.0, 45.07575757575758
201.0, 46.85039370078741
202.0, 40.69767441860462
203.0, 43.426294820717125
204.0, 46.81647940074905
205.0, 46.00760456273765
206.0, 54.33070866141733
207.0, 54.11764705882355
208.0, 45.161290322580655
209.0, 49.49999999999999
210.0, 57.918552036199095
211.0, 57.918552036199095
212.0, 49.186991869918714
213.0, 49.79757085020244
214.0, 40.384615384615394
215.0, 47.87234042553189
216.0, 53.21637426900587
217.0, 53.757225433526
218.0, 60.0
219.0, 64.28571428571429
220.0, 68.25396825396827
221.0, 79.91452991452991
222.0, 81.40495867768595
223.0, 66.89419795221843
224.0, 64.33823529411764
225.0, 58.72483221476508
226.0, 70.45454545454544
227.0, 74.72222222222221
228.0, 68.36734693877551
229.0, 68.36734693877551
230.0, 68.11224489795919
231.0, 68.43434343434345
232.0, 65.9400544959128
233.0, 65.75342465753425
234.0, 65.18105849582172
235.0, 68.98263027295285
236.0, 70.02398081534771
237.0, 73.73737373737374
238.0, 71.0
239.0, 72.0812182741117
240.0, 71.12860892388454
241.0, 67.35905044510388
242.0, 73.7012987012987
243.0, 75.07692307692308
244.0, 74.39024390243904
245.0, 74.54545454545455
246.0, 75.14792899408285
247.0, 70.92651757188499
248.0, 69.56521739130436
249.0, 64.59143968871595
250.0, 66.044776119403
251.0, 70.51792828685258
252.0, 74.59016393442623
253.0, 88.3064516129032
254.0, 57.22891566265059
255.0, 63.775510204081634
256.0, 68.91891891891892
257.0, 64.90825688073394
258.0, 64.31818181818181
259.0, 61.45124716553289
260.0, 59.33014354066986
261.0, 52.99145299145299
262.0, 52.380952380952394
263.0, 54.45134575569358
264.0, 53.19148936170213
265.0, 48.44961240310078
266.0, 51.19266055045871
267.0, 47.081712062256805
268.0, 59.02439024390243
269.0, 43.98976982097186
270.0, 37.42857142857143
271.0, 36.38888888888889
272.0, 35.21505376344085
273.0, 41.085271317829445
274.0, 39.69465648854962
275.0, 44.827586206896555
276.0, 38.591549295774634
277.0, 38.243626062322946
278.0, 34.534534534534544
279.0, 52.552552552552555
280.0, 47.68211920529802
281.0, 47.05882352941177
282.0, 40.56338028169016
283.0, 47.8827361563518
284.0, 44.89795918367347
285.0, 49.259259259259245
286.0, 51.55038759689923
287.0, 43.38842975206611
288.0, 42.68292682926828
289.0, 45.569620253164544
290.0, 49.090909090909115
291.0, 38.09523809523808
292.0, 34.31372549019605
293.0, 9.45945945945941
294.0, 6.432748538011666
295.0, 6.010928961748604
296.0, 6.832298136645932
297.0, 4.2105263157894655
298.0, 25.619834710743802
299.0, 30.769230769230774
300.0, 33.84615384615387
301.0, 33.976833976834
302.0, 34.64566929133859
303.0, 29.209621993127172
304.0, 30.035335689045965
305.0, 25.602409638554235
306.0, 24.63768115942031
307.0, 35.64356435643563
308.0, 37.795275590551185
309.0, 34.95145631067962
310.0, 37.40259740259741
311.0, 40.79320113314448
312.0, 27.52293577981652
313.0, 22.18750000000003
314.0, 20.063694267515913
315.0, 30.434782608695656
316.0, 33.33333333333336
317.0, 36.0248447204969
318.0, 38.62275449101795
319.0, 48.98648648648649
320.0, 57.839721254355396
321.0, 43.82978723404258
322.0, 37.184115523465714
323.0, 51.599999999999994
324.0, 52.22672064777329
325.0, 54.08560311284049
326.0, 51.865671641791046
327.0, 51.865671641791046
328.0, 57.23905723905725
329.0, 60.92307692307693
330.0, 59.17721518987341
331.0, 55.1622418879056
332.0, 53.04878048780488
333.0, 56.12535612535612
334.0, 47.95640326975477
335.0, 44.556962025316444
336.0, 54.33070866141731
337.0, 44.913151364764275
338.0, 52.63157894736841
339.0, 56.88622754491017
340.0, 57.57575757575757
341.0, 53.37078651685394
342.0, 52.48091603053434
343.0, 47.57894736842105
344.0, 41.39194139194139
345.0, 44.140625
346.0, 49.82332155477031
347.0, 42.260869565217384
348.0, 44.02173913043479
349.0, 47.18446601941748
350.0, 39.999999999999986
351.0, 45.67404426559355
352.0, 45.56451612903226
353.0, 35.1129363449692
354.0, 38.07439824945294
355.0, 45.79439252336448
356.0, 49.23413566739606
357.0, 40.31620553359684
358.0, 47.95454545454545
359.0, 55.859375
360.0, 48.93617021276596
361.0, 54.11764705882352
362.0, 57.007125890736326
363.0, 58.94495412844036
364.0, 63.930348258706466
365.0, 57.75656324582338
366.0, 50.96952908587256
367.0, 58.412698412698404
368.0, 58.412698412698425
369.0, 54.72972972972971
370.0, 45.34412955465588
371.0, 64.48087431693986
372.0, 63.068181818181785
373.0, 45.83333333333334
374.0, 49.107142857142904
375.0, 47.413793103448306
376.0, 46.49122807017546
377.0, 33.33333333333337
378.0, 39.99999999999999
379.0, 47.05882352941176
380.0, 57.14285714285714
381.0, 65.11627906976746
382.0, 74.43181818181817
383.0, 76.92307692307696
384.0, 75.67567567567568
385.0, 75.93582887700535
386.0, 65.1376146788991
387.0, 52.78969957081545
388.0, 59.99999999999998
389.0, 60.000000000000014
390.0, 59.84555984555984
391.0, 61.50793650793651
392.0, 53.92857142857144
393.0, 55.92592592592593
394.0, 56.250000000000014
395.0, 45.422535211267615
396.0, 44.24460431654675
397.0, 41.60583941605836
398.0, 41.75824175824174
399.0, 42.18181818181818
400.0, 46.4
401.0, 53.45622119815668
402.0, 44.62365591397848
403.0, 52.47524752475248
404.0, 51.51515151515154
405.0, 52.307692307692285
406.0, 70.53140096618355
407.0, 75.45454545454544
408.0, 68.24644549763033
409.0, 82.68156424581001
410.0, 71.72413793103445
411.0, 74.82517482517481
412.0, 82.98969072164945
413.0, 75.12437810945269
414.0, 78.94736842105257
415.0, 81.93277310924367
416.0, 83.59999999999998
417.0, 82.77310924369745
418.0, 82.62711864406776
419.0, 83.26359832635984
420.0, 77.5
421.0, 78.04878048780488
422.0, 84.54106280193236
423.0, 82.21153846153845
424.0, 87.01923076923076
425.0, 82.02764976958522
426.0, 57.14285714285716
427.0, 62.37623762376238
428.0, 57.435897435897466
429.0, 65.70247933884299
430.0, 71.3793103448276
431.0, 73.65079365079369
432.0, 67.1511627906977
433.0, 71.17346938775512
434.0, 69.40298507462688
435.0, 68.38046272493574
436.0, 74.15966386554624
437.0, 72.33606557377053
438.0, 73.58121330724073
439.0, 68.6131386861314
440.0, 79.26186291739896
441.0, 79.82905982905984
442.0, 81.98051948051949
443.0, 73.66609294320136
444.0, 71.50837988826815
445.0, 69.46107784431138
446.0, 78.82960413080895
447.0, 78.93835616438355
448.0, 83.35901386748844
449.0, 81.88854489164085
450.0, 78.99461400359066
451.0, 81.54981549815494
452.0, 81.02466793168878
453.0, 85.39999999999995
454.0, 83.14087759815237
455.0, 79.9065420560747
456.0, 80.84632516703779
457.0, 91.32149901380666
458.0, 75.0421585160202
459.0, 77.37003058103971
460.0, 73.98945518453422
461.0, 72.43947858472994
462.0, 66.45161290322577
463.0, 65.60509554140123
464.0, 65.60509554140123
465.0, 66.17954070981207
466.0, 58.97435897435896
467.0, 54.86238532110092
468.0, 48.58096828046743
469.0, 47.86184210526316
470.0, 38.92617449664431
471.0, 26.086956521739154
472.0, 36.170212765957466
473.0, 25.344352617079934
474.0, 29.610389610389632
475.0, 34.38256658595641
476.0, 38.83720930232558
477.0, 40.952380952380956
478.0, 45.13274336283185
479.0, 47.67932489451478
480.0, 52.07373271889399
481.0, 60.533333333333324
482.0, 72.06349206349205
483.0, 77.77777777777773
484.0, 92.69230769230758
485.0, 96.48437499999987
486.0, 96.71532846715317
487.0, 97.48427672955962
488.0, 97.21254355400684
489.0, 93.82716049382707
490.0, 68.1208053691275
491.0, 72.46376811594199
492.0, 65.7051282051282
493.0, 56.72131147540982
494.0, 59.35483870967744
495.0, 63.26530612244898
496.0, 62.35632183908046
497.0, 60.33994334277623
498.0, 59.770114942528764
499.0, 62.864721485411174
500.0, 70.52631578947371
501.0, 69.02654867256638
502.0, 68.32579185520365
503.0, 78.51373182552506
504.0, 82.09459459459464
505.0, 76.00700525394049
506.0, 78.33622183708842
507.0, 74.46457990115323
508.0, 74.67320261437911
509.0, 75.08038585209005
510.0, 76.58227848101271
511.0, 77.79552715654953
512.0, 78.77862595419849
513.0, 78.77862595419849
514.0, 66.96113074204948
515.0, 48.83720930232559
516.0, 48.48484848484847
517.0, 29.68197879858657
518.0, 30.825688073394474
519.0, 35.205992509363284
520.0, 40.44750430292599
521.0, 46.7032967032967
522.0, 46.80073126142596
523.0, 39.25925925925927
524.0, 30.708661417322816
525.0, 34.71810089020771
526.0, 30.76923076923076
527.0, 30.23255813953486
528.0, 33.22259136212624
529.0, 56.653225806451616
530.0, 56.91382765531064
531.0, 61.95219123505978
532.0, 59.69289827255278
533.0, 54.291044776119406
534.0, 48.744769874476994
535.0, 56.01436265709156
536.0, 56.483126110124346
537.0, 64.44444444444446
538.0, 81.53846153846155
539.0, 67.73049645390071
540.0, 65.18771331058022
541.0, 65.59865092748737
542.0, 67.30769230769232
543.0, 66.44736842105264
544.0, 66.88311688311691
545.0, 62.60162601626016
546.0, 61.208267090620026
547.0, 43.258426966292134
548.0, 44.32194046306505
549.0, 39.156626506024104
550.0, 37.57725587144623
551.0, 32.6231691078562
552.0, 27.731092436974805
553.0, 28.989751098096647
554.0, 31.15501519756839
555.0, 21.903520208604974
556.0, 24.937343358395992
557.0, 17.79548472775565
558.0, 15.823605706874176
559.0, 16.599732262382872
560.0, 18.181818181818187
561.0, 40.454545454545446
562.0, 44.84210526315789
563.0, 42.41758241758245
564.0, 45.643153526970934
565.0, 40.072859744990886
566.0, 41.03512014787428
567.0, 46.55870445344129
568.0, 53.43915343915345
569.0, 73.05936073059362
570.0, 65.71428571428572
571.0, 68.19407008086255
572.0, 59.38967136150236
573.0, 57.96766743648959
574.0, 54.56521739130434
575.0, 45.18348623853212
576.0, 36.3157894736842
577.0, 30.76923076923073
578.0, 34.19354838709677
579.0, 45.03464203233254
580.0, 51.5274949083503
581.0, 42.46100519930674
582.0, 40.287769784172646
583.0, 33.878887070376436
584.0, 31.603053435114504
585.0, 28.086838534599735
586.0, 31.127819548872182
587.0, 32.582582582582575
588.0, 38.123167155425236
589.0, 40.243902439024374
590.0, 36.11491108071136
591.0, 40.99560761346997
592.0, 35.68075117370891
593.0, 37.059724349157726
594.0, 29.6416938110749
595.0, 34.339622641509436
596.0, 23.207547169811306
597.0, 24.84848484848483
598.0, 28.146453089244844
599.0, 34.74576271186439
600.0, 36.44314868804661
601.0, 35.50295857988162
602.0, 26.351351351351326
603.0, 26.59932659932663
604.0, 30.859375
605.0, 36.33093525179859
606.0, 28.69318181818184
607.0, 19.0322580645162
608.0, 18.910256410256466
609.0, 18.495297805642693
610.0, 21.071428571428655
611.0, 48.16901408450703
612.0, 41.204819277108435
613.0, 47.58771929824563
614.0, 42.23968565815328
615.0, 48.421052631578966
616.0, 52.580645161290306
617.0, 53.25914149443561
618.0, 56.39730639730639
619.0, 57.8861788617886
620.0, 68.2795698924731
621.0, 69.32409012131714
622.0, 70.0525394045534
623.0, 75.67140600315952
624.0, 79.69696969696966
625.0, 76.36684303350967
626.0, 84.57031249999996
627.0, 71.66666666666663
628.0, 79.62962962962959
629.0, 75.52941176470583
630.0, 53.57142857142856
631.0, 44.29065743944638
632.0, 50.23328149300156
633.0, 42.58064516129034
634.0, 43.581616481774965
635.0, 34.58856345885633
636.0, 37.56906077348066
637.0, 33.52941176470587
638.0, 28.36990595611286
639.0, 25.15527950310559
640.0, 33.28671328671328
641.0, 42.34620886981403
642.0, 43.22033898305085
643.0, 45.089903181189484
644.0, 52.92207792207792
645.0, 66.22073578595317
646.0, 64.37389770723104
647.0, 68.79699248120299
648.0, 67.25838264299801
649.0, 87.29016786570742
650.0, 76.9230769230769
651.0, 70.2764976958525
652.0, 62.75720164609053
653.0, 61.24497991967872
654.0, 55.83524027459956
655.0, 48.691099476439796
656.0, 49.222797927461144
657.0, 49.48453608247422
658.0, 63.883089770354914
659.0, 56.5947242206235
660.0, 56.69856459330142
661.0, 49.3723849372385
662.0, 41.28440366972478
663.0, 48.051948051948045
664.0, 47.81906300484651
665.0, 51.71288743882546
666.0, 55.908289241622555
667.0, 60.48237476808902
668.0, 50.0
669.0, 47.91987673343606
670.0, 43.54838709677419
671.0, 43.13146233382573
672.0, 31.228070175438646
673.0, 31.448763250883445
674.0, 25.77696526508231
675.0, 29.012345679012384
676.0, 38.194444444444485
677.0, 17.359413202934064
678.0, 25.520833333333428
679.0, 16.997792494481303
680.0, 42.246835443038
681.0, 37.77452415812593
682.0, 47.25806451612903
683.0, 46.43423137876387
684.0, 44.93865030674848
685.0, 44.85407066052227
686.0, 44.24242424242425
687.0, 44.108761329305146
688.0, 45.929339477726565
689.0, 41.64345403899721
690.0, 38.62359550561796
691.0, 42.569659442724465
692.0, 45.83941605839414
693.0, 44.53900709219856
694.0, 25.38167938931295
695.0, 40.68100358422938
696.0, 33.507853403141354
697.0, 38.06921675774132
698.0, 42.479674796747965
699.0, 37.186897880539505
700.0, 39.2156862745098
701.0, 52.35109717868339
702.0, 53.086419753086425
703.0, 60.76158940397352
704.0, 61.78451178451179
705.0, 64.98422712933754
706.0, 61.1888111888112
707.0, 63.29113924050635
708.0, 60.24734982332155
709.0, 56.89655172413792
710.0, 62.923728813559315
711.0, 63.99176954732512
712.0, 61.95219123505975
713.0, 64.52282157676346
714.0, 67.73584905660377
715.0, 46.012269938650306
716.0, 45.341614906832305
717.0, 37.61996161228408
718.0, 34.26573426573428
719.0, 28.544423440453713
720.0, 24.87309644670053
721.0, 37.188612099644125
722.0, 37.45519713261648
723.0, 31.568627450980415
724.0, 30.550284629981036
725.0, 24.856596558317392
726.0, 24.57466918714556
727.0, 23.131672597864764
728.0, 16.44100580270792
729.0, 18.24034334763948
730.0, 14.424951267056528
731.0, 28.409090909090935
732.0, 34.89795918367348
733.0, 30.21201413427562
734.0, 31.491712707182316
735.0, 22.981366459627353
736.0, 25.630252100840366
737.0, 24.793388429752056
738.0, 25.64102564102565
739.0, 35.02024291497976
740.0, 36.11691022964509
741.0, 39.229024943310655
742.0, 37.21461187214613
743.0, 48.22222222222221
744.0, 54.79797979797982
745.0, 47.96511627906976
746.0, 51.49051490514906
747.0, 68.13880126182968
748.0, 74.22680412371136
749.0, 69.93464052287581
750.0, 63.63636363636366
751.0, 46.45308924485126
752.0, 60.23890784982935
753.0, 60.708263069139974
754.0, 79.42583732057417
755.0, 65.30291109362707
756.0, 67.56352765321375
757.0, 65.63706563706565
758.0, 67.33333333333333
759.0, 61.203319502074685
760.0, 60.18452803406671
761.0, 57.16272600834492
762.0, 54.90981963927856
763.0, 56.308100929614874
764.0, 53.232893910860014
765.0, 60.60025542784163
766.0, 55.332409972299175
767.0, 54.926624737945495
768.0, 33.36776859504131
769.0, 40.78282828282827
770.0, 38.61256544502615
771.0, 39.12466843501325
772.0, 33.95683453237409
773.0, 47.76579352850541
774.0, 49.32735426008968
775.0, 58.54014598540148
776.0, 67.7018633540373
777.0, 62.310030395136806
778.0, 76.0489510489511
779.0, 72.26720647773283
780.0, 76.85774946921445
781.0, 74.11764705882356
782.0, 67.69230769230774
783.0, 79.63917525773199
784.0, 72.05479452054796
785.0, 64.77832512315271
786.0, 67.35159817351598
787.0, 55.949367088607595
788.0, 48.4848484848485
789.0, 32.095490716180336
790.0, 36.31840796019899
791.0, 39.03743315508018
792.0, 34.37499999999997
793.0, 34.0
794.0, 32.11267605633802
795.0, 36.50793650793651
796.0, 55.57986870897155
797.0, 61.84210526315789
798.0, 65.25096525096528
799.0, 67.73547094188376
800.0, 64.69344608879493
801.0, 74.48405253283303
802.0, 79.92424242424242
803.0, 84.90945674044265
804.0, 84.00852878464818
805.0, 81.23711340206191
806.0, 69.12280701754386
807.0, 69.6027633851468
808.0, 64.58333333333333
809.0, 55.24781341107871
810.0, 44.57627118644067
811.0, 38.30188679245282
812.0, 35.53113553113552
813.0, 42.782608695652186
814.0, 43.006993006993
815.0, 31.25
816.0, 29.690721649484544
817.0, 23.040000000000006
818.0, 17.749603803486536
819.0, 26.93452380952384
820.0, 35.82802547770703
821.0, 30.757097791798117
822.0, 34.24657534246576
823.0, 39.761431411530815
824.0, 44.618395303326814
825.0, 45.15503875968992
826.0, 46.414342629482086
827.0, 39.60612691466084
828.0, 41.54175588865096
829.0, 39.591836734693885
830.0, 42.074363992172216
831.0, 63.013698630136986
832.0, 69.69696969696969
833.0, 55.32646048109965
834.0, 48.6166007905138
835.0, 55.15695067264578
836.0, 57.081545064377714
837.0, 52.569169960474326
838.0, 40.22988505747125
839.0, 34.28571428571428
840.0, 32.30769230769229
841.0, 40.90909090909086
842.0, 32.60188087774293
843.0, 38.11188811188808
844.0, 43.086816720257204
845.0, 36.72839506172836
846.0, 41.61849710982656
847.0, 51.82072829131654
848.0, 48.50948509485095
849.0, 55.98086124401913
850.0, 58.465011286681715
851.0, 62.322274881516584
852.0, 68.93939393939392
853.0, 71.28953771289537
854.0, 78.14726840855104
855.0, 74.55919395465992
856.0, 87.35632183908041
857.0, 90.07220216606494
858.0, 82.36397748592867
859.0, 80.4029304029304
860.0, 81.74061433447098
861.0, 77.93594306049818
862.0, 74.11167512690355
863.0, 69.89051094890512
864.0, 71.50259067357513
865.0, 72.08121827411168
866.0, 60.46511627906978
867.0, 64.81241914618371
868.0, 62.0
869.0, 50.37919826652222
870.0, 47.17416378316032
871.0, 45.083932853717016
872.0, 49.63942307692308
873.0, 55.8926487747958
874.0, 52.926525529265255
875.0, 52.86069651741296
876.0, 52.66418835192071
877.0, 48.68270332187857
878.0, 43.065693430656935
879.0, 42.7172582619339
880.0, 48.53963838664811
881.0, 38.791732909379945
882.0, 41.32492113564668
883.0, 53.36048879837066
884.0, 55.2734375
885.0, 46.370023419203754
886.0, 52.783505154639165
887.0, 51.06837606837607
888.0, 45.7831325301205
889.0, 43.10018903591682
890.0, 50.19841269841269
891.0, 53.94456289978677
892.0, 57.20524017467247
893.0, 47.90076335877863
894.0, 47.09193245778612
895.0, 47.18045112781955
896.0, 52.12947189097103
897.0, 48.80382775119617
898.0, 55.230125523012546
899.0, 63.27231121281465
900.0, 51.34529147982063
901.0, 48.117647058823536
902.0, 47.668997668997676
903.0, 50.12254901960784
904.0, 51.3157894736842
905.0, 55.06172839506173
906.0, 55.28255528255527
907.0, 58.36575875486381
908.0, 59.76095617529881
909.0, 60.565275908479144
910.0, 57.28862973760933
911.0, 55.98290598290598
912.0, 37.85394932935915
913.0, 14.17445482866043
914.0, 15.826086956521735
915.0, 33.005617977528075
916.0, 33.23903818953323
917.0, 27.230590961761308
918.0, 26.806526806526804
919.0, 23.825503355704683
920.0, 23.397075365579312
921.0, 23.744292237442934
922.0, 23.318385650224215
923.0, 22.807017543859644
924.0, 20.86956521739131
925.0, 22.09436133486767
926.0, 29.140722291407215
927.0, 37.5
928.0, 42.87812041116007
929.0, 29.143897996357012
930.0, 40.20797227036397
931.0, 60.434782608695635
932.0, 53.72460496613993
933.0, 65.91928251121075
934.0, 67.93248945147678
935.0, 73.85229540918161
936.0, 72.6915520628684
937.0, 70.34220532319388
938.0, 75.55555555555554
939.0, 76.54784240150094
940.0, 73.05389221556888
941.0, 74.08829174664108
942.0, 66.60412757973732
943.0, 50.21961932650074
944.0, 43.4991974317817
945.0, 40.54054054054055
946.0, 42.582897033158815
947.0, 38.504672897196244
948.0, 38.61940298507459
949.0, 25.078864353312284
950.0, 32.28228228228225
951.0, 40.83694083694083
952.0, 39.882697947214055
953.0, 50.133689839572185
954.0, 55.785627283800245
955.0, 55.29556650246305
956.0, 60.63960639606397
957.0, 70.12802275960172
958.0, 73.09782608695653
959.0, 69.08850726552178
960.0, 71.32352941176471
961.0, 72.66355140186916
962.0, 66.78082191780821
963.0, 74.33290978398983
964.0, 70.43941411451398
965.0, 62.12938005390834
966.0, 63.928112965340176
967.0, 58.6764705882353
968.0, 48.02431610942248
969.0, 46.14173228346456
970.0, 44.660194174757294
971.0, 53.895071542130346
972.0, 52.614379084967304
973.0, 50.0
974.0, 41.24203821656052
975.0, 41.24203821656052
976.0, 43.67622259696459
977.0, 42.59868421052632
978.0, 49.149922720247304
979.0, 46.83357879234168
980.0, 44.801223241590215
981.0, 45.46827794561934
982.0, 39.55321944809463
983.0, 47.904869762174414
984.0, 26.774847870182555
985.0, 23.36842105263159
986.0, 21.34359692092373
987.0, 27.671232876712338
988.0, 29.93055555555557
989.0, 26.566951566951573
990.0, 29.242636746143063
991.0, 30.349344978165945
992.0, 27.0392749244713
993.0, 30.55555555555557
994.0, 29.66237942122187
995.0, 29.775280898876403
996.0, 35.2355072463768
997.0, 24.300867888138868
998.0, 61.0576923076923
999.0, 58.7962962962963
1000.0, 61.20481927710844
1001.0, 42.465753424657535
1002.0, 37.8698224852071
1003.0, 38.67069486404834
1004.0, 30.240549828178715
1005.0, 30.449826989619382
1006.0, 30.344827586206904
1007.0, 22.59259259259261
1008.0, 17.71653543307086
1009.0, 11.481481481481467
1010.0, 5.038759689922472
1011.0, 5.349794238683117
1012.0, 17.562724014336894
1013.0, 15.806451612903217
1014.0, 15.408805031446533
1015.0, 32.30769230769229
1016.0, 36.04651162790697
1017.0, 45.76719576719576
1018.0, 53.51473922902495
1019.0, 59.52380952380954
1020.0, 54.455445544554465
1021.0, 60.67019400352733
1022.0, 56.26043405676127
1023.0, 56.16666666666667
1024.0, 54.97553017944535
1025.0, 67.16196136701336
1026.0, 61.97604790419161
1027.0, 65.40284360189574
1028.0, 71.47016011644831
1029.0, 64.63595839524517
1030.0, 61.447562776957156
1031.0, 58.34658187599364
1032.0, 54.03508771929825
1033.0, 51.74953959484345
1034.0, 56.99797160243408
1035.0, 44.53781512605042
1036.0, 48.18181818181819
1037.0, 54.292343387471
1038.0, 59.360730593607315
1039.0, 41.42857142857144
1040.0, 38.978494623655905
1041.0, 47.043701799485866
1042.0, 35.22012578616351
1043.0, 38.620689655172406
1044.0, 38.22525597269624
1045.0, 42.12218649517687
1046.0, 35.755813953488385
1047.0, 30.245231607629435
1048.0, 31.250000000000014
1049.0, 43.69747899159664
1050.0, 45.30386740331492
1051.0, 47.05882352941176
1052.0, 38.96103896103897
1053.0, 40.431266846361204
1054.0, 50.0
1055.0, 42.66666666666665
1056.0, 38.73015873015874
1057.0, 39.739413680781766
1058.0, 45.547945205479465
1059.0, 43.214285714285694
1060.0, 50.83333333333335
1061.0, 57.81990521327013
1062.0, 55.39906103286384
1063.0, 52.5
1064.0, 51.7766497461929
1065.0, 29.824561403508767
1066.0, 44.59459459459462
1067.0, 37.078651685393254
1068.0, 29.963898916967537
1069.0, 30.1818181818182
1070.0, 28.620689655172427
1071.0, 35.161290322580655
1072.0, 32.34323432343234
1073.0, 37.50000000000002
1074.0, 35.9882005899705
1075.0, 36.09467455621303
1076.0, 40.845070422535215
1077.0, 34.21052631578948
1078.0, 31.372549019607845
1079.0, 47.368421052631575
1080.0, 40.55727554179565
1081.0, 54.8821548821549
1082.0, 62.23776223776223
1083.0, 51.44508670520231
1084.0, 52.046783625731
1085.0, 49.69325153374235
1086.0, 51.66163141993957
1087.0, 42.90123456790121
1088.0, 51.2676056338028
1089.0, 56.81233933161953
1090.0, 51.69712793733681
1091.0, 58.53658536585366
1092.0, 56.470588235294116
1093.0, 52.19638242894058
1094.0, 53.29815303430079
1095.0, 44.38642297650131
1096.0, 37.08133971291866
1097.0, 42.3497267759563
1098.0, 44.54022988505746
1099.0, 45.01424501424502
1100.0, 41.3888888888889
1101.0, 41.73669467787117
1102.0, 41.57303370786517
1103.0, 32.930513595166175
1104.0, 38.43843843843843
1105.0, 28.85906040268455
1106.0, 32.20973782771536
1107.0, 41.233766233766225
1108.0, 46.525679758308165
1109.0, 52.027027027027025
1110.0, 69.02356902356904
1111.0, 75.07788161993771
1112.0, 83.41708542713572
1113.0, 78.96039603960398
1114.0, 81.79487179487185
1115.0, 87.00265251989394
1116.0, 82.65895953757231
1117.0, 77.50677506775071
1118.0, 73.15068493150687
1119.0, 72.16216216216216
1120.0, 66.75000000000003
1121.0, 59.61002785515321
1122.0, 57.22713864306785
1123.0, 54.03899721448466
1124.0, 51.32743362831859
1125.0, 43.949044585987274
1126.0, 28.455284552845512
1127.0, 25.641025641025635
1128.0, 25.547445255474443
1129.0, 27.40213523131672
1130.0, 29.044117647058826
1131.0, 39.53488372093023
1132.0, 38.63636363636364
1133.0, 43.181818181818194
1134.0, 52.26337448559669
1135.0, 51.417004048583
1136.0, 48.38709677419352
1137.0, 52.86343612334801
1138.0, 42.99516908212559
1139.0, 47.029702970297016
1140.0, 44.845360824742265
1141.0, 65.53672316384183
1142.0, 70.05347593582889
1143.0, 72.68292682926833
1144.0, 71.35922330097085
1145.0, 70.64676616915423
1146.0, 82.5688073394495
1147.0, 82.72727272727269
1148.0, 83.82978723404253
1149.0, 92.38754325259511
1150.0, 95.61128526645767
1151.0, 95.8702064896755
1152.0, 99.15492957746476
1153.0, 99.19999999999997
1154.0, 94.6949602122016
1155.0, 94.36619718309859
1156.0, 90.65155807365436
1157.0, 89.99999999999997
1158.0, 87.35294117647057
1159.0, 67.8832116788321
1160.0, 52.05183585313174
1161.0, 50.8849557522124
1162.0, 45.089285714285715
1163.0, 35.770234986945184
1164.0, 26.40000000000002
1165.0, 26.790450928381986
1166.0, 20.385674931129515
1167.0, 15.7434402332362
1168.0, 17.82477341389732
1169.0, 14.899713467048784
1170.0, 14.4444444444445
1171.0, 10.875331564986752
1172.0, 10.275689223057654
1173.0, 12.732919254658412
1174.0, 17.226890756302552
1175.0, 14.17910447761193
1176.0, 23.13432835820892
1177.0, 31.10367892976589
1178.0, 39.726027397260275
1179.0, 35.999999999999986
1180.0, 27.197802197802176
1181.0, 11.625
1182.0, 10.220673635307776
1183.0, 10.114942528735625
1184.0, 12.9735935706085
1185.0, 14.016489988221437
1186.0, 14.371980676328505
1187.0, 14.354644149577808
1188.0, 15.078407720144767
1189.0, 15.41307028360049
1190.0, 14.357053682896392
1191.0, 9.962168978562431
1192.0, 7.235142118863038
1193.0, 6.631989596879066
1194.0, 7.578008915304608
1195.0, 29.411764705882362
1196.0, 44.390243902439046
1197.0, 52.000000000000014
1198.0, 51.724137931034505
1199.0, 47.45762711864407
1200.0, 54.85714285714288
1201.0, 61.1764705882353
1202.0, 60.00000000000001
1203.0, 66.22516556291393
1204.0, 60.139860139860154
1205.0, 72.88135593220339
1206.0, 74.7826086956522
1207.0, 72.26890756302525
1208.0, 77.11864406779661
1209.0, 69.79166666666666
1210.0, 57.30337078651687
1211.0, 58.62068965517245
1212.0, 43.750000000000036
1213.0, 43.75000000000008
1214.0, 25.00000000000003
1215.0, 15.78947368421062
1216.0, 15.78947368421062
1217.0, 14.035087719298303
1218.0, 20.37037037037051
1219.0, 46.666666666666714
1220.0, 57.608695652173935
1221.0, 69.56521739130437
1222.0, 61.98347107438018
1223.0, 66.66666666666669
1224.0, 66.66666666666669
1225.0, 61.53846153846158
1226.0, 53.048780487804905
1227.0, 50.289017341040484
1228.0, 50.58139534883724
1229.0, 56.41025641025642
1230.0, 57.92079207920794
1231.0, 61.29032258064518
1232.0, 62.831858407079665
1233.0, 55.660377358490585
1234.0, 49.751243781094544
1235.0, 44.80874316939893
1236.0, 46.59090909090911
1237.0, 40.82840236686394
1238.0, 47.39884393063586
1239.0, 51.851851851851876
1240.0, 54.19354838709682
1241.0, 63.19444444444446
1242.0, 68.65671641791047
1243.0, 62.50000000000005
1244.0, 60.74766355140189
1245.0, 55.31914893617025
1246.0, 42.10526315789477
1247.0, 51.08695652173919
1248.0, 57.303370786516915
1249.0, 50.60240963855423
1250.0, 63.00000000000006
1251.0, 67.70833333333337
1252.0, 50.98039215686279
1253.0, 53.703703703703724
1254.0, 58.58585858585861
1255.0, 53.12500000000005
1256.0, 54.08163265306125
1257.0, 52.040816326530646
1258.0, 50.52631578947372
1259.0, 42.85714285714289
1260.0, 47.36842105263161
1261.0, 54.545454545454575
1262.0, 44.44444444444447
1263.0, 34.56790123456791
1264.0, 27.89115646258506
1265.0, 33.75
1266.0, 36.4864864864865
1267.0, 33.80281690140846
1268.0, 32.21476510067116
1269.0, 33.56164383561645
1270.0, 36.184210526315816
1271.0, 30.386740331491723
1272.0, 30.054644808743163
1273.0, 32.74853801169591
1274.0, 37.078651685393275
1275.0, 28.205128205128204
1276.0, 34.751773049645394
1277.0, 49.0384615384616
1278.0, 41.2844036697248
1279.0, 29.702970297029722
1280.0, 31.25000000000003
1281.0, 27.72277227722776
1282.0, 45.45454545454549
1283.0, 37.69230769230772
1284.0, 34.146341463414686
1285.0, 46.8085106382979
1286.0, 46.31578947368427
1287.0, 43.43434343434349
1288.0, 37.77777777777785
1289.0, 36.55913978494628
1290.0, 33.707865168539385
1291.0, 36.55913978494628
1292.0, 48.38709677419361
1293.0, 47.36842105263162
1294.0, 44.55445544554459
1295.0, 45.91836734693883
1296.0, 36.14457831325303
1297.0, 50.76923076923083
1298.0, 46.96969696969698
1299.0, 46.15384615384621
1300.0, 46.87500000000007
1301.0, 44.77611940298511
1302.0, 43.283582089552255
1303.0, 52.05479452054802
1304.0, 48.68421052631582
1305.0, 42.46575342465758
1306.0, 48.78048780487808
1307.0, 56.5789473684211
1308.0, 45.263157894736885
1309.0, 44.7916666666667
1310.0, 55.83333333333338
1311.0, 57.93650793650796
1312.0, 65.03496503496507
1313.0, 66.88741721854308
1314.0, 70.00000000000001
1315.0, 74.02597402597405
1316.0, 64.77272727272731
1317.0, 56.14973262032087
1318.0, 52.500000000000014
1319.0, 50.00000000000002
1320.0, 44.73684210526317
1321.0, 39.047619047619065
1322.0, 28.975265017667837
1323.0, 30.0
1324.0, 21.19999999999999
1325.0, 19.918699186991873
1326.0, 21.513944223107572
1327.0, 29.390681003584234
1328.0, 26.492537313432834
1329.0, 25.182481751824824
1330.0, 29.72972972972974
1331.0, 36.220472440944896
1332.0, 39.075630252100865
1333.0, 41.59292035398231
1334.0, 46.34146341463416
1335.0, 49.56521739130436
1336.0, 82.60869565217396
1337.0, 77.24137931034488
1338.0, 71.33757961783442
1339.0, 69.48051948051952
1340.0, 63.56589147286825
1341.0, 45.454545454545496
1342.0, 56.09756097560979
1343.0, 62.90322580645166
1344.0, 60.68376068376073
1345.0, 53.84615384615389
1346.0, 58.260869565217426
1347.0, 51.56250000000004
1348.0, 43.63636363636366
1349.0, 43.63636363636366
1350.0, 50.000000000000036
1351.0, 56.73076923076927
1352.0, 66.31578947368428
1353.0, 67.02127659574472
1354.0, 72.8070175438597
1355.0, 81.39534883720935
1356.0, 79.13043478260876
1357.0, 69.49152542372886
1358.0, 53.28947368421054
1359.0, 51.923076923076934
1360.0, 45.09803921568629
1361.0, 54.24836601307191
1362.0, 57.055214723926404
1363.0, 63.583815028901746
1364.0, 61.17647058823532
1365.0, 62.50000000000003
1366.0, 62.068965517241395
1367.0, 61.016949152542395
1368.0, 59.64912280701756
1369.0, 51.61290322580648
1370.0, 45.45454545454545
1371.0, 50.00000000000002
1372.0, 64.28571428571435
1373.0, 63.15789473684215
1374.0, 62.06896551724143
1375.0, 47.54098360655741
1376.0, 43.859649122807035
1377.0, 43.85964912280705
1378.0, 44.24778761061949
1379.0, 42.20183486238533
1380.0, 38.93805309734516
1381.0, 40.366972477064245
1382.0, 27.027027027027046
1383.0, 33.6283185840708
1384.0, 37.735849056603804
1385.0, 36.538461538461554
1386.0, 40.00000000000002
1387.0, 42.42424242424246
1388.0, 45.652173913043505
1389.0, 61.03896103896109
1390.0, 58.90410958904116
1391.0, 38.805970149253774
1392.0, 48.684210526315844
1393.0, 40.00000000000005
1394.0, 44.285714285714334
1395.0, 45.07042253521133
1396.0, 57.1428571428572
1397.0, 54.71698113207554
1398.0, 52.94117647058832
1399.0, 60.00000000000005
1400.0, 47.76119402985079
1401.0, 54.794520547945275
1402.0, 62.33766233766239
1403.0, 62.82051282051287
1404.0, 56.976744186046574
1405.0, 69.41176470588243
1406.0, 64.86486486486496
1407.0, 69.56521739130444
1408.0, 69.56521739130444
1409.0, 73.75000000000007
1410.0, 70.23809523809531
1411.0, 73.68421052631587
1412.0, 73.68421052631587
1413.0, 74.48979591836743
1414.0, 78.49462365591404
1415.0, 78.94736842105269
1416.0, 75.28089887640454
1417.0, 77.55102040816331
1418.0, 73.78640776699032
1419.0, 73.00000000000003
1420.0, 74.76635514018695
1421.0, 70.17543859649128
1422.0, 70.68965517241384
1423.0, 58.823529411764746
1424.0, 65.07936507936513
1425.0, 45.20547945205482
1426.0, 42.580645161290356
1427.0, 36.73469387755102
1428.0, 34.83870967741936
1429.0, 24.719101123595507
1430.0, 24.719101123595507
1431.0, 17.365269461077844
1432.0, 19.354838709677438
1433.0, 15.436241610738293
1434.0, 11.26760563380283
1435.0, 11.9402985074627
1436.0, 9.923664122137438
1437.0, 14.1666666666667
1438.0, 4.464285714285722
1439.0, 10.126582278481038
1440.0, 11.111111111111128
1441.0, 11.594202898550748
1442.0, 16.071428571428626
1443.0, 41.66666666666675
1444.0, 47.82608695652193
1445.0, 55.00000000000016
1446.0, 50.00000000000018
1447.0, 41.666666666666806
1448.0, 38.461538461538545
1449.0, 30.303030303030354
1450.0, 46.51162790697681
1451.0, 54.00000000000009
1452.0, 60.41666666666675
1453.0, 49.05660377358496
1454.0, 50.000000000000064
1455.0, 51.923076923076984
1456.0, 45.61403508771935
1457.0, 40.322580645161345
1458.0, 35.820895522388085
1459.0, 40.84507042253525
1460.0, 38.666666666666686
1461.0, 37.662337662337684
1462.0, 38.66666666666671
1463.0, 42.028985507246425
1464.0, 37.50000000000005
1465.0, 24.528301886792462
1466.0, 25.92592592592591
1467.0, 28.0
1468.0, 27.99999999999997
1469.0, 44.61538461538466
1470.0, 53.84615384615391
1471.0, 54.68750000000007
1472.0, 53.84615384615391
1473.0, 55.223880597015004
1474.0, 50.68493150684938
1475.0, 57.352941176470644
1476.0, 57.97101449275369
1477.0, 68.18181818181822
1478.0, 63.953488372093055
1479.0, 63.953488372093055
1480.0, 63.52941176470592
1481.0, 67.85714285714289
1482.0, 68.67469879518076
1483.0, 56.944444444444485
1484.0, 55.714285714285744
1485.0, 66.66666666666669
1486.0, 60.46511627906981
1487.0, 60.465116279069804
1488.0, 64.1975308641976
1489.0, 63.291139240506396
1490.0, 65.47619047619054
1491.0, 48.611111111111164
1492.0, 52.77777777777783
1493.0, 55.263157894736906
1494.0, 49.38271604938277
1495.0, 42.045454545454575
1496.0, 42.69662921348316
1497.0, 45.8823529411765
1498.0, 42.682926829268325
1499.0, 30.555555555555557
1500.0, 36.06557377049183
1501.0, 26.31578947368422
1502.0, 27.77777777777777
1503.0, 30.35714285714289
1504.0, 23.529411764705912
1505.0, 32.60869565217395
1506.0, 39.21568627450988
1507.0, 30.769230769230816
1508.0, 30.18867924528307
1509.0, 36.36363636363641
1510.0, 44.0000000000001
1511.0, 35.593220338983116
1512.0, 34.4262295081968
1513.0, 36.20689655172423
1514.0, 25.92592592592598
1515.0, 32.14285714285718
1516.0, 36.47058823529417
1517.0, 32.58426966292137
1518.0, 32.5842696629214
1519.0, 33.33333333333337
1520.0, 31.034482758620726
1521.0, 31.76470588235297
1522.0, 34.177215189873465
1523.0, 32.14285714285718
1524.0, 25.000000000000014
1525.0, 29.5774647887324
1526.0, 36.48648648648651
1527.0, 39.74358974358977
1528.0, 64.91228070175447
1529.0, 51.66666666666672
1530.0, 53.968253968254025
1531.0, 61.016949152542445
1532.0, 61.66666666666673
1533.0, 55.93220338983057
1534.0, 59.375000000000064
1535.0, 62.29508196721318
1536.0, 73.07692307692314
1537.0, 80.76923076923084
1538.0, 77.77777777777784
1539.0, 79.5454545454546
1540.0, 74.41860465116285
1541.0, 69.7674418604652
1542.0, 71.73913043478267
1543.0, 68.75000000000007
1544.0, 83.51648351648356
1545.0, 84.37500000000004
1546.0, 84.61538461538466
1547.0, 86.82926829268297
1548.0, 84.8484848484849
1549.0, 85.22167487684735
1550.0, 84.61538461538467
1551.0, 85.00000000000006
1552.0, 84.57711442786074
1553.0, 84.80392156862749
1554.0, 85.2216748768473
1555.0, 87.12871287128715
1556.0, 89.1213389121339
1557.0, 94.77911646586347
1558.0, 92.57142857142858
1559.0, 92.57142857142858
1560.0, 92.81767955801106
1561.0, 79.4871794871795
1562.0, 84.38818565400842
1563.0, 79.91803278688525
1564.0, 81.71641791044777
1565.0, 82.24637681159422
1566.0, 84.5018450184502
1567.0, 82.88973384030419
1568.0, 83.90804597701151
1569.0, 83.07692307692308
1570.0, 70.76271186440678
1571.0, 56.47058823529414
1572.0, 56.80933852140079
1573.0, 57.30769230769233
1574.0, 58.42696629213484
1575.0, 61.66007905138343
1576.0, 56.88888888888891
1577.0, 59.25925925925928
1578.0, 56.218905472636834
1579.0, 47.23618090452263
1580.0, 49.51923076923078
1581.0, 56.03448275862072
1582.0, 60.91954022988508
1583.0, 55.59440559440562
1584.0, 55.78947368421054
1585.0, 56.183745583038885
1586.0, 49.81949458483756
1587.0, 47.74436090225564
1588.0, 42.24806201550389
1589.0, 41.13207547169812
1590.0, 49.019607843137265
1591.0, 42.979942693409754
1592.0, 37.90087463556852
1593.0, 33.678756476683944
1594.0, 34.190231362467884
1595.0, 27.461139896373055
1596.0, 24.932975871313687
1597.0, 27.089337175792522
1598.0, 30.81570996978853
1599.0, 34.11371237458195
1600.0, 36.363636363636374
1601.0, 35.915492957746494
1602.0, 38.35125448028675
1603.0, 41.31274131274133
1604.0, 22.897196261682268
1605.0, 28.160919540229898
1606.0, 33.928571428571445
1607.0, 49.56521739130441
1608.0, 44.76190476190478
1609.0, 45.63106796116508
1610.0, 30.303030303030297
1611.0, 48.88888888888889
1612.0, 54.30463576158945
1613.0, 52.564102564102576
1614.0, 50.00000000000002
1615.0, 42.16216216216218
1616.0, 37.24489795918368
1617.0, 39.70588235294118
1618.0, 38.57142857142857
1619.0, 41.42857142857144
1620.0, 34.80176211453745
1621.0, 34.05172413793103
1622.0, 28.735632183908052
1623.0, 28.735632183908052
1624.0, 26.408450704225345
1625.0, 17.716535433070888
1626.0, 8.203125
1627.0, 11.199999999999989
1628.0, 15.625
1629.0, 27.862595419847324
1630.0, 32.421875
1631.0, 33.969465648854964
1632.0, 33.58490566037736
1633.0, 31.320754716981128
1634.0, 33.46774193548387
1635.0, 38.306451612903224
1636.0, 44.954128440366965
1637.0, 48.756218905472636
1638.0, 62.35955056179777
1639.0, 66.66666666666669
1640.0, 74.44444444444446
1641.0, 71.75141242937855
1642.0, 63.18681318681319
1643.0, 51.57232704402515
1644.0, 47.68211920529801
1645.0, 46.97986577181209
1646.0, 53.03030303030301
1647.0, 52.23880597014925
1648.0, 55.905511811023615
1649.0, 58.823529411764696
1650.0, 60.28368794326243
1651.0, 64.82758620689656
1652.0, 59.99999999999998
1653.0, 41.129032258064505
1654.0, 49.253731343283576
1655.0, 47.142857142857125
1656.0, 45.517241379310356
1657.0, 54.90196078431373
1658.0, 58.125000000000014
1659.0, 56.493506493506494
1660.0, 50.87719298245614
1661.0, 55.029585798816555
1662.0, 50.54945054945056
1663.0, 40.11299435028249
1664.0, 45.36082474226803
1665.0, 42.702702702702695
1666.0, 45.21276595744681
1667.0, 51.44508670520231
1668.0, 47.16981132075472
1669.0, 49.342105263157904
1670.0, 52.81690140845069
1671.0, 43.84615384615385
1672.0, 61.37566137566138
1673.0, 54.45544554455444
1674.0, 68.03652968036529
1675.0, 67.2897196261682
1676.0, 70.24390243902437
1677.0, 76.9230769230769
1678.0, 75.93582887700532
1679.0, 74.34554973821989
1680.0, 75.37688442211054
1681.0, 76.09756097560975
1682.0, 69.8198198198198
1683.0, 68.88888888888887
1684.0, 61.023622047244096
1685.0, 64.0926640926641
1686.0, 45.16129032258064
1687.0, 50.49504950495051
1688.0, 36.20689655172412
1689.0, 35.428571428571445
1690.0, 35.63218390804599
1691.0, 31.460674157303373
1692.0, 30.285714285714306
1693.0, 27.319587628865975
1694.0, 20.207253886010378
1695.0, 14.285714285714306
1696.0, 14.500000000000028
1697.0, 14.87179487179489
1698.0, 17.7914110429448
1699.0, 10.5263157894737
1700.0, 10.843373493975932
1701.0, 7.909604519774049
1702.0, 24.37810945273634
1703.0, 23.222748815165886
1704.0, 28.1818181818182
1705.0, 36.75213675213677
1706.0, 34.51327433628319
1707.0, 36.96682464454976
1708.0, 38.23529411764706
1709.0, 44.210526315789465
1710.0, 42.639593908629436
1711.0, 46.91943127962085
1712.0, 46.47887323943662
1713.0, 46.91943127962085
1714.0, 56.03864734299517
1715.0, 58.291457286432156
1716.0, 50.0
1717.0, 50.0
1718.0, 57.86802030456853
1719.0, 50.561797752808985
1720.0, 48.27586206896552
1721.0, 50.60240963855422
1722.0, 54.49101796407185
1723.0, 51.829268292682926
1724.0, 61.486486486486484
1725.0, 65.03067484662577
1726.0, 68.8311688311688
1727.0, 78.01418439716309
1728.0, 76.15384615384612
1729.0, 82.4817518248175
1730.0, 78.16901408450704
1731.0, 86.42857142857144
1732.0, 83.33333333333334
1733.0, 87.3873873873874
1734.0, 89.56521739130436
1735.0, 90.69767441860466
1736.0, 91.30434782608697
1737.0, 77.3006134969325
1738.0, 78.61271676300576
1739.0, 61.27167630057803
1740.0, 65.05376344086022
1741.0, 64.86486486486487
1742.0, 59.685863874345564
1743.0, 59.47368421052632
1744.0, 81.43236074270557
1745.0, 80.27027027027027
1746.0, 81.28205128205128
1747.0, 78.16377171215882
1748.0, 78.10945273631842
1749.0, 77.37789203084833
1750.0, 73.0769230769231
1751.0, 78.08219178082193
1752.0, 73.9010989010989
1753.0, 78.42565597667641
1754.0, 79.55801104972377
1755.0, 78.72928176795583
1756.0, 77.44565217391305
1757.0, 77.74798927613942
1758.0, 48.00000000000001
1759.0, 23.529411764705884
1760.0, 15.223097112860899
1761.0, 15.549597855227901
1762.0, 14.09574468085107
1763.0, 18.227848101265835
1764.0, 18.604651162790702
1765.0, 18.367346938775512
1766.0, 18.320610687022906
1767.0, 19.794344473007712
1768.0, 13.091922005571035
1769.0, 13.165266106442573
1770.0, 15.116279069767444
1771.0, 10.36585365853658
1772.0, 13.057324840764323
1773.0, 37.27272727272727
1774.0, 49.56521739130437
1775.0, 47.5
1776.0, 58.33333333333336
1777.0, 52.991452991453
1778.0, 49.20634920634922
1779.0, 47.692307692307686
1780.0, 59.375
1781.0, 53.38345864661654
1782.0, 52.67175572519085
1783.0, 62.34567901234569
1784.0, 62.8048780487805
1785.0, 64.67065868263472
1786.0, 59.06432748538012
1787.0, 62.941176470588225
1788.0, 58.33333333333331
1789.0, 62.32876712328768
1790.0, 54.198473282442755
1791.0, 56.83453237410072
1792.0, 52.31788079470197
1793.0, 50.64102564102565
1794.0, 48.32214765100671
1795.0, 48.64864864864865
1796.0, 43.47826086956521
1797.0, 32.08955223880598
1798.0, 28.12499999999997
1799.0, 26.39999999999999
1800.0, 28.448275862068954
1801.0, 31.40495867768594
1802.0, 29.457364341085267
1803.0, 30.46875
1804.0, 30.232558139534873
1805.0, 21.48760330578513
1806.0, 30.851063829787222
1807.0, 33.33333333333333
1808.0, 34.09090909090912
1809.0, 43.02325581395347
1810.0, 44.578313253012055
1811.0, 34.78260869565217
1812.0, 40.40404040404041
1813.0, 53.90625
1814.0, 59.28571428571429
1815.0, 55.8139534883721
1816.0, 60.83333333333335
1817.0, 56.250000000000014
1818.0, 54.13533834586467
1819.0, 52.554744525547456
1820.0, 48.591549295774655
1821.0, 44.8051948051948
1822.0, 47.20496894409938
1823.0, 41.071428571428584
1824.0, 46.29629629629629
1825.0, 49.3421052631579
1826.0, 49.00662251655629
1827.0, 39.37007874015747
1828.0, 27.067669172932327
1829.0, 26.666666666666657
1830.0, 23.809523809523796
1831.0, 23.972602739726014
1832.0, 31.506849315068465
1833.0, 37.24137931034481
1834.0, 38.29787234042553
1835.0, 49.612403100775204
1836.0, 41.52542372881355
1837.0, 48.598130841121495
1838.0, 45.09803921568626
1839.0, 49.5145631067961
1840.0, 44.44444444444445
1841.0, 34.90566037735849
1842.0, 47.31182795698924
1843.0, 54.8076923076923
1844.0, 61.29032258064517
1845.0, 66.27906976744184
1846.0, 64.19753086419752
1847.0, 77.86259541984731
1848.0, 76.69172932330828
1849.0, 66.66666666666669
1850.0, 70.83333333333334
1851.0, 71.81208053691276
1852.0, 69.93464052287584
1853.0, 66.23376623376625
1854.0, 65.38461538461539
1855.0, 76.04790419161678
1856.0, 66.29834254143647
1857.0, 67.20430107526883
1858.0, 68.44919786096257
1859.0, 69.31216931216933
1860.0, 65.44502617801047
1861.0, 49.264705882352956
1862.0, 54.67625899280574
1863.0, 62.79069767441859
1864.0, 51.824817518248175
1865.0, 46.32352941176471
1866.0, 43.448275862068975
1867.0, 45.32374100719426
1868.0, 52.34899328859061
1869.0, 53.28947368421052
1870.0, 57.04225352112675
1871.0, 45.00000000000001
1872.0, 41.379310344827594
1873.0, 38.77551020408161
1874.0, 44.96644295302013
1875.0, 50.314465408805034
1876.0, 53.52941176470589
1877.0, 41.747572815533985
1878.0, 46.875
1879.0, 45.00000000000001
1880.0, 51.99999999999999
1881.0, 54.06698564593301
1882.0, 52.23880597014925
1883.0, 46.06741573033709
1884.0, 48.80952380952381
1885.0, 48.809523809523796
1886.0, 55.17241379310345
1887.0, 58.045977011494266
1888.0, 54.491017964071844
1889.0, 55.29411764705882
1890.0, 47.43589743589743
1891.0, 64.95726495726493
1892.0, 62.068965517241345
1893.0, 67.28971962616822
1894.0, 62.76595744680849
1895.0, 61.11111111111109
1896.0, 48.00000000000001
1897.0, 54.78260869565218
1898.0, 56.779661016949156
1899.0, 65.04854368932038
1900.0, 59.55056179775279
1901.0, 77.07006369426752
1902.0, 74.23312883435582
1903.0, 72.72727272727272
1904.0, 64.36781609195401
1905.0, 65.93406593406593
1906.0, 70.35175879396985
1907.0, 70.0
1908.0, 72.97297297297298
1909.0, 75.7085020242915
1910.0, 77.91666666666666
1911.0, 68.44262295081967
1912.0, 68.3127572016461
1913.0, 65.61264822134387
1914.0, 66.147859922179
1915.0, 52.43243243243243
1916.0, 52.43243243243245
1917.0, 51.64835164835165
1918.0, 58.38509316770188
1919.0, 57.32484076433123
1920.0, 42.944785276073624
1921.0, 51.95530726256982
1922.0, 46.913580246913575
1923.0, 36.29629629629628
1924.0, 44.11764705882352
1925.0, 52.63157894736843
1926.0, 54.62184873949581
1927.0, 48.87218045112783
1928.0, 36.309523809523796
1929.0, 39.42857142857141
1930.0, 42.26190476190476
1931.0, 37.43016759776536
1932.0, 42.473118279569874
1933.0, 40.55555555555553
1934.0, 41.47727272727272
1935.0, 31.446540880503136
1936.0, 26.82926829268291
1937.0, 35.13513513513513
1938.0, 32.20338983050847
1939.0, 28.499999999999986
1940.0, 25.38860103626942
1941.0, 30.409356725146182
1942.0, 35.862068965517224
1943.0, 34.04255319148936
1944.0, 29.67741935483869
1945.0, 30.26315789473682
1946.0, 36.14457831325303
1947.0, 43.010752688172055
1948.0, 56.02094240837696
1949.0, 56.914893617021285
1950.0, 59.44444444444444
1951.0, 53.2051282051282
1952.0, 44.692737430167604
1953.0, 52.56410256410256
1954.0, 59.890109890109905
1955.0, 52.21674876847292
1956.0, 54.63917525773195
1957.0, 52.577319587628864
1958.0, 56.66666666666669
1959.0, 59.649122807017534
1960.0, 52.73972602739725
1961.0, 47.72727272727272
1962.0, 57.926829268292686
1963.0, 56.2130177514793
1964.0, 51.63043478260871
1965.0, 56.372549019607845
1966.0, 66.84210526315789
1967.0, 66.48936170212767
1968.0, 59.3939393939394
1969.0, 68.5314685314685
1970.0, 66.21621621621622
1971.0, 64.90066225165562
1972.0, 60.12269938650305
1973.0, 61.7283950617284
1974.0, 58.928571428571416
1975.0, 58.68263473053891
1976.0, 50.714285714285715
1977.0, 52.98507462686566
1978.0, 67.85714285714283
1979.0, 62.809917355371894
1980.0, 48.85496183206106
1981.0, 58.64197530864196
1982.0, 61.34969325153371
1983.0, 62.34567901234566
1984.0, 69.94219653179188
1985.0, 75.27472527472526
1986.0, 80.58823529411761
1987.0, 74.99999999999997
1988.0, 71.42857142857142
1989.0, 69.89247311827955
1990.0, 64.33121019108279
1991.0, 64.74358974358974
1992.0, 54.6099290780142
1993.0, 58.16993464052287
1994.0, 69.11764705882352
1995.0, 52.941176470588246
1996.0, 54.47154471544716
1997.0, 55.90551181102362
1998.0, 42.50000000000001
1999.0, 45.23809523809523
2000.0, 42.857142857142854
2001.0, 44.881889763779505
2002.0, 52.63157894736843
2003.0, 45.801526717557245
2004.0, 44.9612403100775
2005.0, 42.33576642335766
2006.0, 50.704225352112665
2007.0, 42.7536231884058
2008.0, 42.7536231884058
2009.0, 38.3116883116883
2010.0, 32.89473684210526
2011.0, 33.76623376623377
2012.0, 29.885057471264375
2013.0, 34.75935828877007
2014.0, 39.57219251336899
2015.0, 38.54166666666668
2016.0, 39.48717948717949
2017.0, 48.96907216494846
2018.0, 50.0
2019.0, 50.0
2020.0, 43.14720812182742
2021.0, 48.756218905472636
2022.0, 46.268656716417915
2023.0, 52.542372881355924
2024.0, 50.270270270270274
2025.0, 48.60335195530726
2026.0, 59.5890410958904
2027.0, 44.82758620689654
2028.0, 38.05309734513273
2029.0, 43.80952380952383
2030.0, 37.037037037037024
2031.0, 29.896907216494867
2032.0, 24.742268041237153
2033.0, 24.742268041237153
2034.0, 26.666666666666686
2035.0, 13.414634146341541
2036.0, 12.500000000000057
2037.0, 18.39080459770122
2038.0, 18.823529411764767
2039.0, 17.857142857142918
2040.0, 36.69724770642203
2041.0, 33.057851239669446
2042.0, 41.40625000000003
2043.0, 37.87878787878788
2044.0, 46.7153284671533
2045.0, 45.522388059701484
2046.0, 39.35483870967742
2047.0, 47.204968944099384
2048.0, 46.62576687116564
2049.0, 55.67567567567567
2050.0, 64.85148514851485
2051.0, 68.72246696035242
2052.0, 72.55813953488371
2053.0, 71.23287671232876
2054.0, 61.79245283018868
2055.0, 69.23076923076923
2056.0, 62.08530805687203
2057.0, 62.380952380952394
2058.0, 59.89847715736041
2059.0, 56.43564356435645
2060.0, 70.04830917874396
2061.0, 69.60784313725492
2062.0, 75.76301615798926
2063.0, 66.69802445907808
2064.0, 64.8809523809524
2065.0, 66.05944391179293
2066.0, 69.19682259488087
2067.0, 67.41186586414446
2068.0, 67.99653078924545
2069.0, 66.23970722781337
2070.0, 72.94007490636706
2071.0, 72.94007490636704
2072.0, 79.90264255910988
2073.0, 81.0296191819464
2074.0, 80.11825572801182
2075.0, 64.48362720403023
2076.0, 64.7279549718574
2077.0, 68.83116883116882
2078.0, 64.78405315614617
2079.0, 55.24475524475525
2080.0, 53.79061371841155
2081.0, 60.0
2082.0, 55.835962145110415
2083.0, 59.770114942528735
2084.0, 63.254593175853024
2085.0, 67.15686274509804
2086.0, 56.695156695156705
2087.0, 58.11965811965813
2088.0, 56.50887573964498
2089.0, 69.01408450704227
2090.0, 66.02316602316603
2091.0, 67.04119850187269
2092.0, 62.3693379790941
2093.0, 59.66666666666668
2094.0, 59.531772575250834
2095.0, 53.57142857142859
2096.0, 61.98347107438018
2097.0, 58.92857142857144
2098.0, 54.0
2099.0, 39.4736842105263
2100.0, 44.57142857142855
2101.0, 39.45945945945943
2102.0, 35.78947368421049
2103.0, 46.255506607929505
2104.0, 49.166666666666686
2105.0, 45.85152838427946
2106.0, 28.074866310160402
2107.0, 41.20603015075376
2108.0, 40.153452685422
2109.0, 41.40624999999998
2110.0, 40.76923076923076
2111.0, 40.15544041450777
2112.0, 34.61538461538461
2113.0, 32.846715328467155
2114.0, 31.353919239904997
2115.0, 30.000000000000014
2116.0, 29.39866369710468
2117.0, 24.343675417661103
2118.0, 22.493887530562347
2119.0, 27.58620689655173
2120.0, 42.70462633451957
2121.0, 27.477477477477493
2122.0, 25.32188841201716
2123.0, 22.80000000000001
2124.0, 22.983870967741936
2125.0, 18.359375000000014
2126.0, 18.951612903225822
2127.0, 26.976744186046517
2128.0, 37.39130434782609
2129.0, 43.877551020408156
2130.0, 43.87755102040818
2131.0, 41.7989417989418
2132.0, 38.29787234042551
2133.0, 25.433526011560687
2134.0, 10.377358490566024
2135.0, 11.627906976744185
2136.0, 11.848341232227483
2137.0, 12.224938875305611
2138.0, 13.834951456310677
2139.0, 14.393939393939377
2140.0, 14.76683937823833
2141.0, 12.201591511936343
2142.0, 5.428571428571416
2143.0, 10.2981029810298
2144.0, 10.704225352112672
2145.0, 9.42857142857143
2146.0, 10.632183908045974
2147.0, 10.882352941176478
2148.0, 55.71428571428561
2149.0, 56.94444444444435
2150.0, 74.25742574257417
2151.0, 70.75471698113198
2152.0, 70.4761904761904
2153.0, 71.84466019417466
2154.0, 76.28865979381433
2155.0, 78.35051546391742
2156.0, 83.72093023255805
2157.0, 73.55371900826438
2158.0, 76.06837606837598
2159.0, 78.46153846153838
2160.0, 71.53284671532842
2161.0, 74.81481481481475
2162.0, 71.22302158273375
2163.0, 65.94202898550719
2164.0, 47.8991596638655
2165.0, 43.51145038167935
2166.0, 43.93939393939389
2167.0, 42.33576642335762
2168.0, 43.971631205673724
2169.0, 41.095890410958866
2170.0, 21.951219512195095
2171.0, 25.43859649122804
2172.0, 27.586206896551687
2173.0, 23.63636363636364
2174.0, 25.490196078431353
2175.0, 26.923076923076906
2176.0, 34.5794392523364
2177.0, 35.922330097087325
2178.0, 39.36170212765953
2179.0, 53.424657534246485
2180.0, 51.42857142857134
2181.0, 60.273972602739626
2182.0, 51.94805194805185
2183.0, 57.74647887323935
2184.0, 65.07936507936495
2185.0, 63.93442622950808
2186.0, 60.504201680672125
2187.0, 54.71698113207535
2188.0, 63.157894736841975
2189.0, 52.542372881355824
2190.0, 39.99999999999992
2191.0, 37.28813559322027
2192.0, 45.614035087719195
2193.0, 39.99999999999992
2194.0, 33.333333333333286
2195.0, 20.68965517241375
2196.0, 28.301886792452763
2197.0, 30.909090909090835
2198.0, 31.48148148148141
2199.0, 35.08771929824552
2200.0, 34.18803418803412
2201.0, 38.70967741935474
2202.0, 29.31034482758612
2203.0, 45.16129032258054
2204.0, 52.45901639344249
2205.0, 59.99999999999987
2206.0, 55.76923076923062
2207.0, 56.86274509803907
2208.0, 55.76923076923064
2209.0, 59.18367346938759
2210.0, 54.16666666666653
2211.0, 51.11111111111097
2212.0, 51.11111111111097
2213.0, 47.619047619047485
2214.0, 41.66666666666655
2215.0, 36.36363636363626
2216.0, 45.65217391304335
2217.0, 28.57142857142847
2218.0, 16.666666666666643
2219.0, 28.57142857142847
2220.0, 35.55555555555546
2221.0, 60.93749999999987
2222.0, 61.90476190476179
2223.0, 60.93749999999991
2224.0, 60.93749999999987
2225.0, 56.52173913043468
2226.0, 59.15492957746468
2227.0, 57.534246575342365
2228.0, 67.1641791044775
2229.0, 65.21739130434773
2230.0, 68.42105263157885
2231.0, 66.66666666666657
2232.0, 69.33333333333321
2233.0, 74.15730337078641
2234.0, 74.72527472527463
2235.0, 56.96202531645561
2236.0, 61.538461538461426
2237.0, 67.08860759493658
2238.0, 73.91304347826076
2239.0, 76.40449438202236
2240.0, 64.99999999999991
2241.0, 68.26923076923067
2242.0, 65.3846153846153
2243.0, 59.64912280701747
2244.0, 47.45762711864401
2245.0, 49.57983193277305
2246.0, 52.06611570247928
2247.0, 42.57425742574252
2248.0, 39.58333333333329
2249.0, 39.175257731958716
2250.0, 37.23404255319144
2251.0, 31.578947368421026
2252.0, 18.292682926829272
2253.0, 29.347826086956488
2254.0, 33.3333333333333
2255.0, 31.6455696202531
2256.0, 31.249999999999943
2257.0, 39.436619718309785
2258.0, 49.12280701754377
2259.0, 52.459016393442525
2260.0, 45.9016393442622
2261.0, 44.9999999999999
2262.0, 45.9016393442622
2263.0, 55.99999999999987
2264.0, 57.69230769230756
2265.0, 65.95744680851045
2266.0, 68.88888888888867
2267.0, 46.341463414634006
2268.0, 47.499999999999865
2269.0, 54.347826086956395
2270.0, 55.5555555555554
2271.0, 47.82608695652162
2272.0, 48.88888888888874
2273.0, 45.23809523809509
2274.0, 47.499999999999865
2275.0, 52.27272727272715
2276.0, 57.99999999999983
2277.0, 56.86274509803907
2278.0, 55.102040816326394
2279.0, 65.62499999999987
2280.0, 57.53424657534235
2281.0, 62.68656716417898
2282.0, 55.26315789473676
2283.0, 43.24324324324317
2284.0, 43.8356164383561
2285.0, 45.070422535211165
2286.0, 41.55844155844149
2287.0, 36.36363636363632
2288.0, 37.33333333333328
2289.0, 37.33333333333324
2290.0, 32.857142857142804
2291.0, 31.9444444444444
2292.0, 30.263157894736793
2293.0, 9.859154929577429
2294.0, 19.11764705882348
2295.0, 23.18840579710141
2296.0, 23.529411764705827
2297.0, 24.242424242424192
2298.0, 31.42857142857136
2299.0, 30.985915492957687
2300.0, 33.84615384615378
2301.0, 33.84615384615377
2302.0, 35.820895522387985
2303.0, 39.436619718309785
2304.0, 35.71428571428565
2305.0, 36.76470588235288
2306.0, 37.87878787878781
2307.0, 42.372881355932115
2308.0, 52.777777777777686
2309.0, 52.777777777777686
2310.0, 60.317460317460196
2311.0, 63.333333333333194
2312.0, 54.237288135593104
2313.0, 54.237288135593104
2314.0, 59.37499999999989
2315.0, 49.35064935064927
2316.0, 52.43902439024382
2317.0, 51.24999999999993
2318.0, 49.39759036144571
2319.0, 56.043956043955966
2320.0, 55.43478260869557
2321.0, 54.2553191489361
2322.0, 39.024390243902396
2323.0, 38.27160493827155
2324.0, 40.963855421686695
2325.0, 42.49999999999995
2326.0, 44.73684210526309
2327.0, 51.24999999999993
2328.0, 55.681818181818095
2329.0, 71.4285714285713
2330.0, 69.44444444444431
2331.0, 48.888888888888815
2332.0, 48.61878453038667
2333.0, 39.99999999999994
2334.0, 42.16867469879513
2335.0, 43.74999999999994
2336.0, 49.99999999999992
2337.0, 49.99999999999992
2338.0, 47.29729729729722
2339.0, 47.29729729729722
2340.0, 49.33333333333326
2341.0, 49.99999999999992
2342.0, 36.3636363636363
2343.0, 29.50819672131145
2344.0, 26.22950819672127
2345.0, 46.153846153846025
2346.0, 46.753246753246614
2347.0, 51.42857142857127
2348.0, 54.05405405405385
2349.0, 55.555555555555365
2350.0, 55.555555555555344
2351.0, 54.2857142857141
2352.0, 58.33333333333312
2353.0, 62.4999999999998
2354.0, 61.53846153846135
2355.0, 39.02439024390231
2356.0, 39.999999999999865
2357.0, 45.23809523809509
2358.0, 45.23809523809512
2359.0, 43.902439024390105
2360.0, 49.99999999999983
2361.0, 49.99999999999983
2362.0, 44.117647058823366
2363.0, 40.54054054054039
2364.0, 35.2941176470587
2365.0, 33.33333333333319
2366.0, 35.2941176470587
2367.0, 25.806451612903146
2368.0, 25.806451612903146
2369.0, 34.782608695652
2370.0, 34.782608695652
2371.0, 24.999999999999844
2372.0, 27.777777777777573
2373.0, 19.047619047618937
2374.0, 19.047619047618937
2375.0, 19.047619047618937
2376.0, 15.999999999999943
2377.0, 12.121212121212096
2378.0, 8.888888888888872
2379.0, 25.454545454545396
2380.0, 28.070175438596422
2381.0, 27.58620689655166
2382.0, 26.31578947368415
2383.0, 27.27272727272721
2384.0, 28.846153846153783
2385.0, 27.27272727272721
2386.0, 29.824561403508696
2387.0, 29.87697715289977
2388.0, 29.31539920675972
2389.0, 29.310344827586135
2390.0, 34.545454545454476
2391.0, 44.18604651162778
2392.0, 60.31746031746009
2393.0, 38.726333907056606
2394.0, 22.943722943722776
2395.0, 37.16632443531803
2396.0, 32.954028220300216
2397.0, 30.83475298126048
2398.0, 26.539589442815114
2399.0, 26.34643377001443
2400.0, 18.34733893557417
2401.0, 24.874274661508593
2402.0, 28.510140405616113
2403.0, 29.707792207792068
2404.0, 20.430107526881613
2405.0, 18.614415675297337
2406.0, 16.062801932367094
2407.0, 16.94267515923559
2408.0, 17.36375158428386
2409.0, 7.820876695048852
2410.0, 21.283485428319025
2411.0, 25.924838520258277
2412.0, 26.830750531753168
2413.0, 27.890082122552016
2414.0, 30.895731280615678
2415.0, 29.81520966595582
2416.0, 26.811852909674997
2417.0, 25.00833611203724
2418.0, 30.783176214648165
2419.0, 32.603686635944555
2420.0, 36.913043478260676
2421.0, 34.33077234128572
2422.0, 22.737492973580586
2423.0, 18.386363636363583
2424.0, 8.21244160314727
2425.0, 11.791115311909238
2426.0, 18.686987104337575
2427.0, 32.17985909656022
2428.0, 36.049237983587254
2429.0, 46.96159455517735
2430.0, 42.02436194895585
2431.0, 43.11216899732215
2432.0, 44.15887850467281
2433.0, 44.45751249632453
2434.0, 44.15887850467281
2435.0, 45.48035260720147
2436.0, 55.31161473087806
2437.0, 69.56134491204611
2438.0, 64.16101868966916
2439.0, 63.4248585202262
2440.0, 61.78274200613212
2441.0, 51.35538423277775
2442.0, 44.15940224159389
2443.0, 29.5854271356783
2444.0, 37.75551102204391
2445.0, 34.77297895902532
2446.0, 29.461077844311248
2447.0, 32.51046025104587
2448.0, 38.781907747424775
2449.0, 47.70466717674042
2450.0, 44.30523917995425
2451.0, 42.68471104608614
2452.0, 48.34299917149934
2453.0, 45.45056867891489
2454.0, 45.64080209241475
2455.0, 58.27627869512656
2456.0, 66.84350132625957
2457.0, 65.90909090909052
2458.0, 60.694851402260014
2459.0, 64.44444444444409
2460.0, 63.937360178970536
2461.0, 60.69868995633155
2462.0, 60.88657105606225
2463.0, 57.1428571428568
2464.0, 59.99999999999964
2465.0, 54.545454545454234
2466.0, 68.25396825396793
2467.0, 74.20187036439829
2468.0, 77.77777777777752
2469.0, 81.17647058823506
2470.0, 83.45398138572885
2471.0, 83.67346938775489
2472.0, 75.92592592592577
2473.0, 77.35849056603757
2474.0, 68.40173506840159
2475.0, 64.06249999999989
2476.0, 64.6153846153845
2477.0, 59.63918294319357
2478.0, 55.55555555555546
2479.0, 59.722222222222115
2480.0, 60.16483516483506
2481.0, 56.06060606060596
2482.0, 49.27674455571441
2483.0, 38.317757009345705
2484.0, 29.106029106029027
2485.0, 23.96514161220037
2486.0, 27.499999999999915
2487.0, 30.952380952380864
2488.0, 37.14285714285702
2489.0, 42.65091863517043
2490.0, 33.3333333333332
2491.0, 35.56417717426433
2492.0, 40.740740740740556
2493.0, 34.72052223582196
2494.0, 12.413452027695286
2495.0, 13.27130264446616
2496.0, 28.53693867696748
2497.0, 26.12732095490702
2498.0, 27.222478120681558
2499.0, 24.707357859531655
2500.0, 30.310994305737907
2501.0, 23.59712230215814
2502.0, 23.633748801533912
2503.0, 24.190382728164735
2504.0, 31.084489281210367
2505.0, 39.90578734858648
2506.0, 46.635262449528554
2507.0, 49.00321543408319
2508.0, 62.62019230769184
2509.0, 41.8166939443533
2510.0, 38.81239242685005
2511.0, 53.71287128712843
2512.0, 66.61622276029031
2513.0, 62.84980011422023
2514.0, 61.74654513378397
2515.0, 62.87510717347791
2516.0, 63.89660922734831
2517.0, 69.77664029781275
2518.0, 70.46384720327401
2519.0, 62.50521050437666
2520.0, 65.39053482108488
2521.0, 59.857612267250694
2522.0, 63.33777925975313
2523.0, 69.0978537650053
2524.0, 66.6728417932566
2525.0, 62.75009807767738
2526.0, 51.12247166036883
2527.0, 56.09756097560958
2528.0, 59.090909090908916
2529.0, 54.34782608695638
2530.0, 55.319148936170066
2531.0, 45.23809523809509
2532.0, 45.23809523809509
2533.0, 46.341463414634006
2534.0, 43.58974358974345
2535.0, 49.99999999999983
2536.0, 30.30303030303017
2537.0, 33.33333333333319
2538.0, 36.66666666666651
2539.0, 35.48387096774178
2540.0, 37.0994940978076
2541.0, 36.66666666666651
2542.0, 36.66666666666651
2543.0, 34.37499999999986
2544.0, 36.22836319465519
2545.0, 38.709677419354676
2546.0, 35.483870967741794
2547.0, 48.387096774193346
2548.0, 44.82758620689636
2549.0, 51.515151515151324
2550.0, 51.515151515151324
2551.0, 54.2857142857141
2552.0, 49.99999999999983
2553.0, 54.00977292325361
2554.0, 53.79330088748907
2555.0, 58.43170320404701
2556.0, 51.445922498553884
2557.0, 66.77001127395692
2558.0, 55.433911882509825
2559.0, 58.15993983454482
2560.0, 58.88324873096428
2561.0, 52.747252747252574
2562.0, 56.34517766497444
2563.0, 49.99999999999982
2564.0, 54.77707006369404
2565.0, 53.28947368421029
2566.0, 57.042253521126504
2567.0, 66.67577164709073
2568.0, 70.93802345058602
2569.0, 67.28945099166404
2570.0, 74.48313384113142
2571.0, 76.46763672854969
2572.0, 89.5716945996273
2573.0, 92.20191470844193
2574.0, 72.62133260213861
2575.0, 75.96909044844173
2576.0, 70.90195084874577
2577.0, 69.14998764516915
2578.0, 71.9672931413228
2579.0, 72.63521563021195
2580.0, 73.87991812599489
2581.0, 67.48251748251738
2582.0, 63.96323016057705
2583.0, 62.48721154939174
2584.0, 62.4999999999999
2585.0, 59.75609756097551
2586.0, 53.94736842105253
2587.0, 46.969696969696884
2588.0, 61.99999999999985
2589.0, 63.461538461538304
2590.0, 64.705882352941
2591.0, 69.81132075471679
2592.0, 73.77049180327852
2593.0, 72.8813559322032
2594.0, 70.90909090909072
2595.0, 77.77777777777757
2596.0, 85.7142857142855
2597.0, 90.7407407407405
2598.0, 86.53846153846132
2599.0, 86.53846153846132
2600.0, 84.90566037735832
2601.0, 84.61538461538443
2602.0, 78.5714285714284
2603.0, 68.62745098039198
2604.0, 74.99999999999983
2605.0, 75.92592592592575
2606.0, 54.54545454545442
2607.0, 40.27777777777771
2608.0, 39.18918918918912
2609.0, 45.12195121951212
2610.0, 41.55844155844149
2611.0, 43.74999999999993
2612.0, 44.8717948717948
2613.0, 42.10526315789467
2614.0, 43.83561643835609
2615.0, 37.14285714285707
2616.0, 37.681159420289795
2617.0, 38.80597014925366
2618.0, 30.985915492957687
2619.0, 23.88059701492533
2620.0, 26.229508196721255
2621.0, 41.30434782608685
2622.0, 39.58333333333323
2623.0, 17.77777777777773
2624.0, 19.56521739130433
2625.0, 15.909090909090878
2626.0, 15.555555555555529
2627.0, 15.217391304347814
2628.0, 14.893617021276569
2629.0, 14.893617021276583
2630.0, 12.06896551724138
2631.0, 24.615384615384585
2632.0, 28.070175438596436
2633.0, 27.118644067796566
2634.0, 30.18867924528297
2635.0, 25.490196078431325
2636.0, 34.61538461538453
2637.0, 39.130434782608596
2638.0, 33.33333333333324
2639.0, 29.1666666666666
2640.0, 25.454545454545396
2641.0, 21.53846153846149
2642.0, 29.577464788732343
2643.0, 34.72222222222216
2644.0, 44.0677966101694
2645.0, 38.888888888888786
2646.0, 44.06779661016939
2647.0, 42.62295081967204
2648.0, 43.5483870967741
2649.0, 44.26229508196711
2650.0, 39.285714285714185
2651.0, 44.827586206896456
2652.0, 47.27272727272716
2653.0, 44.827586206896456
2654.0, 52.9411764705881
2655.0, 69.99999999999979
2656.0, 59.9999999999998
2657.0, 56.249999999999794
2658.0, 49.999999999999815
2659.0, 74.62686567164167
2660.0, 61.64383561643827
2661.0, 58.44155844155835
2662.0, 51.16874055122681
2663.0, 48.67256637168135
2664.0, 48.89867841409685
2665.0, 44.24972617743696
2666.0, 43.07036247334749
2667.0, 44.98886414253891
2668.0, 43.875278396436464
2669.0, 43.243243243243185
2670.0, 48.40635326724224
2671.0, 60.90468497576731
2672.0, 55.11695906432743
2673.0, 38.095238095238045
2674.0, 42.76169265033402
2675.0, 51.748251748251676
2676.0, 60.6440295702292
2677.0, 65.99496221662457
2678.0, 65.82278481012648
2679.0, 70.19867549668861
2680.0, 63.095238095238
2681.0, 67.39130434782601
2682.0, 69.47368421052622
2683.0, 64.7058823529411
2684.0, 62.496093343056486
2685.0, 44.61538461538452
2686.0, 53.703703703703596
2687.0, 57.142857142857025
2688.0, 59.322033898304966
2689.0, 53.703703703703596
2690.0, 53.703703703703596
2691.0, 51.92307692307679
2692.0, 48.214285714285616
2693.0, 46.42857142857132
2694.0, 55.31914893617007
2695.0, 47.49999999999984
2696.0, 35.714285714285595
2697.0, 40.5405405405404
2698.0, 40.5405405405404
2699.0, 38.461538461538325
2700.0, 44.11764705882336
2701.0, 38.70967741935465
2702.0, 28.124999999999886
2703.0, 42.1052631578946
2704.0, 35.29411764705867
2705.0, 28.571428571428456
2706.0, 29.41176470588222
2707.0, 39.47368421052619
2708.0, 39.47368421052617
2709.0, 33.33333333333323
2710.0, 47.368421052631426
2711.0, 49.99999999999983
2712.0, 38.63636363636353
2713.0, 45.65217391304337
2714.0, 42.857142857142755
2715.0, 40.38461538461529
2716.0, 43.74999999999987
2717.0, 35.71428571428564
2718.0, 34.09090909090901
2719.0, 29.999999999999943
2720.0, 39.62264150943388
2721.0, 30.188679245282955
2722.0, 35.84905660377352
2723.0, 33.92857142857136
2724.0, 31.481481481481424
2725.0, 31.53219837157654
2726.0, 40.42553191489352
2727.0, 34.88372093023246
2728.0, 30.126531432014403
2729.0, 31.354515050167166
2730.0, 33.89694041867946
2731.0, 31.884057971014414
2732.0, 34.59326211996704
2733.0, 38.999536822602934
2734.0, 28.024819027921296
2735.0, 34.14071510957312
2736.0, 24.10032715376218
2737.0, 23.4607218683651
2738.0, 16.36771300448423
2739.0, 14.631685166498428
2740.0, 9.927611168562521
2741.0, 9.338521400778163
2742.0, 20.937589876330094
2743.0, 21.58956109134037
2744.0, 31.995884773662453
2745.0, 32.840549102428625
2746.0, 43.31550802139026
2747.0, 46.97921701304964
2748.0, 49.999999999999844
2749.0, 48.50299401197589
2750.0, 56.99752543304901
2751.0, 73.23420074349414
2752.0, 68.96149358226346
2753.0, 78.77916267177982
2754.0, 81.96930946291528
2755.0, 80.52763819095446
2756.0, 78.1690140845067
2757.0, 80.61894341981838
2758.0, 75.58093737691966
2759.0, 71.55108128262458
2760.0, 62.33958538993051
2761.0, 64.07721280602598
2762.0, 61.51219512195086
2763.0, 54.77845351867911
2764.0, 47.68323504633506
2765.0, 35.84825234441584
2766.0, 41.92771084337324
2767.0, 49.97924449979218
2768.0, 42.32094982765203
2769.0, 45.850622406638784
2770.0, 40.7749077490773
2771.0, 30.43655650754779
2772.0, 48.50498338870414
2773.0, 41.52016546018601
2774.0, 37.25790010193668
2775.0, 35.65081024568728
2776.0, 35.89473684210513
2777.0, 36.597799839012495
2778.0, 38.67309328040814
2779.0, 45.15011547344095
2780.0, 48.551313295423604
2781.0, 40.165631469979154
2782.0, 42.22636815920382
2783.0, 48.53715623171427
2784.0, 57.214076246334095
2785.0, 51.31509731720131
2786.0, 34.74380165289243
2787.0, 40.39200614911588
2788.0, 39.466766804355814
2789.0, 36.967991558213
2790.0, 37.86407766990274
2791.0, 37.850953206239
2792.0, 36.595174262734425
2793.0, 44.08983451536626
2794.0, 39.687599617468756
2795.0, 44.8049921996878
2796.0, 48.71231155778876
2797.0, 41.66666666666649
2798.0, 34.87440844557683
2799.0, 43.46120313862226
2800.0, 56.046424560089584
2801.0, 58.84433962264123
2802.0, 61.52897657213286
2803.0, 72.53904831093321
2804.0, 72.62853005068759
2805.0, 81.54050464807406
2806.0, 76.65418227215952
2807.0, 75.03337783711586
2808.0, 80.7464607464605
2809.0, 67.04597177969941
2810.0, 68.29428508867947
2811.0, 63.163223977318594
2812.0, 62.404961984793765
2813.0, 62.09677419354823
2814.0, 57.84753363228684
2815.0, 60.502283105022656
2816.0, 63.761467889908076
2817.0, 57.53217259651761
2818.0, 56.87324662075984
2819.0, 50.81358835284024
2820.0, 54.46756425948571
2821.0, 50.49900199600778
2822.0, 31.617647058823366
2823.0, 49.35732647814872
2824.0, 36.69724770642168
2825.0, 71.18644067796535
2826.0, 60.82548877624853
2827.0, 53.16455696202489
2828.0, 49.99999999999963
2829.0, 60.18957345971528
2830.0, 60.563380281689795
2831.0, 63.640848544646865
2832.0, 59.47441217150726
2833.0, 52.933935166187666
2834.0, 49.99999999999976
2835.0, 49.4117647058821
2836.0, 38.63636363636348
2837.0, 36.99999999999984
2838.0, 43.25153374233112
2839.0, 32.81249999999987
2840.0, 38.333333333333165
2841.0, 39.65517241379294
2842.0, 39.65517241379294
2843.0, 27.083333333333186
2844.0, 21.267545725223172
2845.0, 27.468652037617403
2846.0, 27.12848297213607
2847.0, 28.186570164857102
2848.0, 46.61730057219772
2849.0, 36.51605569764124
2850.0, 41.883963494132814
2851.0, 42.297734627831545
2852.0, 39.885367498314075
2853.0, 34.13156376226185
2854.0, 39.3947438279797
2855.0, 41.72450613988239
2856.0, 38.82265275707886
2857.0, 38.82265275707886
2858.0, 44.09467455621288
2859.0, 42.72550921435487
2860.0, 44.69812278031443
2861.0, 46.749801008224836
2862.0, 34.167987321711436
2863.0, 41.36607828089005
2864.0, 49.963715529753046
2865.0, 52.999318336741425
2866.0, 46.619337390128265
2867.0, 65.5004428697959
2868.0, 58.05061927840563
2869.0, 50.50556117290162
2870.0, 58.868591632291846
2871.0, 58.83392226148366
2872.0, 49.99999999999955
2873.0, 39.986648865153185
2874.0, 39.986648865153185
2875.0, 40.8038147138961
2876.0, 38.695090439276186
2877.0, 38.670109748224355
2878.0, 21.42857142857123
2879.0, 21.42857142857123
2880.0, 30.76923076923046
2881.0, 23.076923076922853
2882.0, 18.749999999999844
2883.0, 21.484653818700735
2884.0, 33.31112591605569
2885.0, 37.49999999999972
2886.0, 37.49999999999972
2887.0, 46.66666666666629
2888.0, 53.75722543352564
2889.0, 67.99999999999966
2890.0, 64.12674462466963
2891.0, 55.73770491803256
2892.0, 58.62068965517216
2893.0, 59.999999999999744
2894.0, 51.51515151515132
2895.0, 55.869373345101295
2896.0, 62.025316455695965
2897.0, 61.62315193457037
2898.0, 59.85521553142456
2899.0, 55.68513119533505
2900.0, 54.780114722753126
2901.0, 53.29163923633947
2902.0, 56.829936111955966
2903.0, 46.2092494313872
2904.0, 70.86265311441207
2905.0, 76.87305626236896
2906.0, 77.50275027502722
2907.0, 74.49704142011805
2908.0, 82.93807641633694
2909.0, 76.76266137040683
2910.0, 68.3000604960675
2911.0, 73.06079664570207
2912.0, 70.49857917850662
2913.0, 74.75234950469877
2914.0, 74.61967545638922
2915.0, 74.98750624687634
2916.0, 69.61081976262741
2917.0, 68.56082238720707
2918.0, 41.67437557816814
2919.0, 47.503707365298766
2920.0, 47.5296442687744
2921.0, 48.86991461577066
2922.0, 47.55620723362631
2923.0, 68.8288920056098
2924.0, 72.81157270029642
2925.0, 67.59504862953105
2926.0, 72.92213473315799
2927.0, 60.21549937836686
2928.0, 62.541528239202336
2929.0, 63.977635782747285
2930.0, 74.96878901373255
2931.0, 75.64530822957761
2932.0, 74.98494882600814
2933.0, 72.30814991076713
2934.0, 64.19719085651315
2935.0, 60.25974025974006
2936.0, 63.966480446927164
2937.0, 48.88107416879775
2938.0, 51.69033130493554
2939.0, 48.379473328831665
2940.0, 35.73399558498883
2941.0, 37.28764756694487
2942.0, 39.66759002770069
2943.0, 38.75140607424058
2944.0, 17.22288438617396
2945.0, 17.02508960573472
2946.0, 23.357015985790312
2947.0, 26.317347542924722
2948.0, 40.765576976809015
2949.0, 49.98676898650421
2950.0, 44.70899470899456
2951.0, 45.67567567567552
2952.0, 47.35449735449719
2953.0, 55.84112149532694
2954.0, 69.55307262569808
2955.0, 77.44360902255615
2956.0, 60.542797494780636
2957.0, 55.44554455445532
2958.0, 63.3821571238347
2959.0, 64.23151961846936
2960.0, 55.01202886928614
2961.0, 57.15922107674672
2962.0, 51.37770241627794
2963.0, 45.44211485870543
2964.0, 45.442114858705445
2965.0, 37.00816629547134
2966.0, 37.35695828719077
2967.0, 27.987421383647728
2968.0, 31.231231231231163
2969.0, 20.668220668220627
2970.0, 40.131578947368325
2971.0, 39.63309764953172
2972.0, 37.56515264333574
2973.0, 37.47203579418336
2974.0, 40.93686354378809
2975.0, 34.29752066115694
2976.0, 33.671399594320405
2977.0, 29.432624113475114
2978.0, 29.53736654804264
2979.0, 36.24454148471606
2980.0, 34.67561521252787
2981.0, 36.384976525821486
2982.0, 31.392405063291008
2983.0, 33.69565217391292
2984.0, 8.363636363636274
2985.0, 21.240601503759265
2986.0, 30.402930402930238
2987.0, 23.214285714285595
2988.0, 22.10884353741484
2989.0, 26.642335766423216
2990.0, 35.51724137931019
2991.0, 45.575221238937814
2992.0, 56.06694560669427
2993.0, 51.737451737451494
2994.0, 52.83018867924505
2995.0, 49.99999999999978
2996.0, 49.280575539568126
2997.0, 46.91780821917787
2998.0, 49.786507258752984
2999.0, 43.10344827586186
3000.0, 55.946363798536986
3001.0, 49.21535805827259
3002.0, 51.364852322978486
3003.0, 53.521677883862715
3004.0, 49.99999999999982
3005.0, 50.42452029206977
3006.0, 48.681666373703465
3007.0, 51.312376482213246
3008.0, 49.586180951783604
3009.0, 50.96668170393741
3010.0, 53.52047718607777
3011.0, 54.88743141830086
3012.0, 52.757212152157045
3013.0, 51.14782501082835
3014.0, 24.39875872769578
3015.0, 30.86359175662396
3016.0, 32.62448132780064
3017.0, 27.348993288590407
3018.0, 28.152654867256445
3019.0, 33.69565217391282
3020.0, 24.55233524090805
3021.0, 26.247414684591305
3022.0, 24.089453078656845
3023.0, 36.20461317735325
3024.0, 28.353867214236644
3025.0, 33.48367424723642
3026.0, 46.505765620809576
3027.0, 39.69874553612285
3028.0, 55.633110038881014
3029.0, 63.416815742396764
3030.0, 56.26514075682871
3031.0, 56.983813984060184
3032.0, 58.352557473549936
3033.0, 55.39094321539785
3034.0, 57.78215592457049
3035.0, 54.1666666666664
3036.0, 56.521739130434504
3037.0, 49.166666666666416
3038.0, 49.7890295358647
3039.0, 53.875968992247806
3040.0, 44.871794871794634
3041.0, 51.21951219512163
3042.0, 53.04061986381749
3043.0, 45.11627906976719
3044.0, 47.7832512315268
3045.0, 43.3862433862431
3046.0, 43.085106382978424
3047.0, 40.09900990098984
3048.0, 40.09900990098987
3049.0, 42.16553878188419
3050.0, 37.499999999999794
3051.0, 39.99999999999975
3052.0, 38.49765258215942
3053.0, 29.093097913322453
3054.0, 34.55559984057372
3055.0, 38.176262972132704
3056.0, 21.65532879818572
3057.0, 23.657559198542543
3058.0, 24.79761722926503
3059.0, 25.56132579807516
3060.0, 17.083068109484216
3061.0, 21.068108518307497
3062.0, 20.312200727829648
3063.0, 32.548985304408305
3064.0, 39.40902351196726
3065.0, 48.653742595583765
3066.0, 64.05212059274331
3067.0, 67.72015126958325
3068.0, 66.71309192200479
3069.0, 66.67905939213605
3070.0, 77.01312065860495
3071.0, 74.29422349072348
3072.0, 63.86814593556601
3073.0, 55.62113546936449
3074.0, 52.1384034425219
3075.0, 56.0483870967739
3076.0, 51.136363636363384
3077.0, 47.22222222222198
3078.0, 51.764705882352686
3079.0, 47.49999999999975
3080.0, 45.92274678111562
3081.0, 44.21487603305762
3082.0, 41.078838174273635
3083.0, 29.003021148036154
3084.0, 16.961130742049377
3085.0, 15.78947368421045
3086.0, 18.376433050124206
3087.0, 31.31672597864754
3088.0, 33.84615384615368
3089.0, 27.572016460905203
3090.0, 29.385964912280542
3091.0, 24.999999999999886
3092.0, 19.999999999999915
3093.0, 28.76254180601994
3094.0, 63.959390862944026
3095.0, 53.164556962025216
3096.0, 52.49999999999991
3097.0, 61.09374999999988
3098.0, 59.42249240121569
3099.0, 60.24653312788894
3100.0, 58.43773913304414
3101.0, 56.65101721439738
3102.0, 58.47076461769104
3103.0, 60.20408163265295
3104.0, 61.27167630057792
3105.0, 65.23076923076911
3106.0, 69.50867052023109
3107.0, 69.10688140556357
3108.0, 39.712918660286945
3109.0, 57.83972125435512
3110.0, 60.36363636363609
3111.0, 56.77179962894222
3112.0, 65.67944250871051
3113.0, 68.54545454545425
3114.0, 74.6240601503756
3115.0, 75.54347826086924
3116.0, 68.3712121212118
3117.0, 66.46586345381493
3118.0, 62.550607287449075
3119.0, 63.36032388663934
3120.0, 53.826530612244554
3121.0, 47.68786127167593
3122.0, 61.56716417910388
3123.0, 65.62499999999943
3124.0, 64.7260273972597
3125.0, 68.45878136200653
3126.0, 57.14285714285645
3127.0, 58.82352941176394
3128.0, 52.63157894736767
3129.0, 39.18918918918845
3130.0, 51.66666666666556
3131.0, 38.98305084745673
3132.0, 49.99999999999877
3133.0, 45.45454545454436
3134.0, 62.96296296296193
3135.0, 57.303370786516
3136.0, 49.999999999999346
3137.0, 48.99999999999937
3138.0, 53.12499999999925
3139.0, 55.882352941175746
3140.0, 48.71794871794815
3141.0, 54.38596491228005
3142.0, 55.85585585585518
3143.0, 53.44827586206836
3144.0, 58.13953488372033
3145.0, 68.45637583892557
3146.0, 75.39267015706754
3147.0, 71.28712871287084
3148.0, 64.7398843930631
3149.0, 62.921348314606284
3150.0, 63.99999999999954
3151.0, 70.69767441860422
3152.0, 64.10256410256375
3153.0, 56.29921259842491
3154.0, 67.57679180887342
3155.0, 71.0365853658534
3156.0, 76.13065326633142
3157.0, 78.41726618705013
3158.0, 80.68669527896975
3159.0, 67.63565891472851
3160.0, 63.65546218487378
3161.0, 67.61710794297333
3162.0, 67.20647773279333
3163.0, 69.21551207619657
3164.0, 73.75478927203046
3165.0, 71.9836400817994
3166.0, 75.31914893617
3167.0, 79.9549549549547
3168.0, 76.82458386683714
3169.0, 68.96551724137908
3170.0, 59.561128526645504
3171.0, 57.284768211920266
3172.0, 38.24561403508753
3173.0, 56.578947368420714
3174.0, 62.04081632653029
3175.0, 52.340425531914626
3176.0, 53.246753246752945
3177.0, 49.997916579857225
3178.0, 38.775510204081385
3179.0, 43.92523364485954
3180.0, 37.09677419354818
3181.0, 34.99999999999983
3182.0, 39.639639639639434
3183.0, 41.66666666666646
3184.0, 40.14598540145967
3185.0, 38.432835820895335
3186.0, 48.91774891774864
3187.0, 46.11872146118693
3188.0, 38.42364532019676
3189.0, 36.85677833955461
3190.0, 42.07955645516124
3191.0, 48.486414330620214
3192.0, 49.149876732125854
3193.0, 42.28022773328158
3194.0, 50.2869275794786
3195.0, 65.79485273622558
3196.0, 65.79485273622558
3197.0, 70.60506157277179
3198.0, 56.38891040037144
3199.0, 45.190219077763096
3200.0, 58.75636295708197
3201.0, 70.6721349583235
