0, 6.5
1, 6.35
2, 6.11
3, 6.37
4, 6.45
5, 6.3
6, 6.0
7, 6.5
8, 6.1
9, 6.22
10, 6.27
11, 6.0
12, 5.75
13, 5.25
14, 5.21
15, 5.0
16, 5.1
17, 5.4
18, 5.95
19, 5.65
20, 6.69
21, 6.57
22, 5.96
23, 6.49
24, 6.55
25, 6.5
26, 6.37
27, 6.33
28, 6.56
29, 6.32
30, 6.27
31, 6.37
32, 6.1
33, 6.4
34, 6.28
35, 6.25
36, 6.29
37, 6.65
38, 6.6
39, 6.5
40, 6.7
41, 6.78
42, 6.85
43, 6.9
44, 7.5
45, 7.61
46, 7.55
47, 7.62
48, 7.73
49, 8.0
50, 7.6
51, 7.3
52, 7.45
53, 7.4
54, 7.49
55, 7.47
56, 7.5
57, 7.75
58, 8.21
59, 8.96
60, 9.0
61, 8.62
62, 9.52
63, 9.1
64, 9.04
65, 9.0
66, 9.0
67, 8.9
68, 8.64
69, 8.46
70, 8.5
71, 8.19
72, 7.78
73, 7.9
74, 7.79
75, 7.44
76, 7.62
77, 7.57
78, 8.49
79, 7.97
80, 8.0
81, 7.72
82, 7.84
83, 7.74
84, 7.79
85, 7.07
86, 7.01
87, 6.81
88, 6.87
89, 6.63
90, 6.5
91, 6.48
92, 6.69
93, 6.19
94, 6.18
95, 6.32
96, 6.92
97, 6.83
98, 7.36
99, 7.39
100, 7.15
101, 6.84
102, 6.73
103, 6.42
104, 6.08
105, 6.24
106, 6.67
107, 6.24
108, 6.53
109, 6.35
110, 6.08
111, 6.05
112, 6.0
113, 5.87
114, 5.76
115, 5.99
116, 6.65
117, 6.77
118, 6.01
119, 5.61
120, 5.63
121, 5.9
122, 5.54
123, 5.41
124, 5.59
125, 5.6
126, 5.36
127, 5.3
128, 5.36
129, 5.09
130, 4.97
131, 4.93
132, 5.05
133, 5.34
134, 5.75
135, 6.9
136, 6.92
137, 6.27
138, 6.28
139, 6.11
140, 5.95
141, 6.06
142, 5.97
143, 5.92
144, 6.03
145, 5.97
146, 5.73
147, 5.86
148, 5.82
149, 6.01
150, 5.9
151, 6.38
152, 5.97
153, 5.94
154, 5.78
155, 5.62
156, 5.8
157, 5.72
158, 5.8
159, 5.6
160, 5.64
161, 5.58
162, 5.62
163, 5.64
164, 5.63
165, 5.72
166, 5.72
167, 5.71
168, 5.68
169, 5.65
170, 5.7
171, 5.7
172, 5.87
173, 5.79
174, 5.78
175, 5.7
176, 6.15
177, 5.85
178, 5.83
179, 5.97
180, 5.86
181, 6.07
182, 5.99
183, 5.9
184, 6.02
185, 6.02
186, 5.99
187, 5.97
188, 5.83
189, 5.82
190, 5.85
191, 5.76
192, 5.57
193, 5.59
194, 5.54
195, 5.2
196, 5.69
197, 5.67
198, 5.52
199, 5.74
200, 5.89
201, 5.97
202, 5.58
203, 5.69
204, 5.86
205, 5.73
206, 5.8
207, 5.72
208, 5.69
209, 5.5
210, 5.36
211, 5.4
212, 5.39
213, 5.38
214, 5.47
215, 5.3
216, 5.3
217, 5.19
218, 5.05
219, 5.11
220, 5.1
221, 4.97
222, 4.97
223, 4.99
224, 4.97
225, 4.87
226, 4.66
227, 4.5
228, 4.51
229, 4.51
230, 4.54
231, 4.53
232, 5.1
233, 4.9
234, 4.88
235, 4.85
236, 4.84
237, 4.73
238, 4.56
239, 4.64
240, 4.46
241, 4.46
242, 4.36
243, 4.46
244, 4.71
245, 4.63
246, 4.58
247, 4.59
248, 4.5
249, 4.88
250, 4.79
251, 4.95
252, 4.81
253, 4.85
254, 4.62
255, 4.72
256, 4.75
257, 4.51
258, 4.84
259, 5.14
260, 5.41
261, 5.57
262, 5.63
263, 5.69
264, 5.98
265, 5.7
266, 5.735
267, 5.62
268, 5.87
269, 6.08
270, 6.52
271, 6.85
272, 6.78
273, 6.83
274, 7.14
275, 7.46
276, 7.4
277, 7.35
278, 7.34
279, 7.33
280, 7.01
281, 7.09
282, 7.27
283, 7.42
284, 7.31
285, 7.46
286, 7.36
287, 7.36
288, 7.36
289, 7.4
290, 7.81
291, 7.71
292, 7.67
293, 7.76
294, 7.71
295, 7.46
296, 7.31
297, 7.32
298, 8.2
299, 8.33
300, 8.4
301, 8.24
302, 8.24
303, 8.21
304, 8.53
305, 8.5
306, 8.46
307, 8.33
308, 8.83
309, 9.07
310, 8.8
311, 9.07
312, 9.42
313, 9.25
314, 9.65
315, 9.58
316, 9.55
317, 9.72
318, 9.83
319, 10.09
320, 10.02
321, 10.03
322, 9.88
323, 9.98
324, 9.94
325, 10.12
326, 11.25
327, 11.36
328, 10.69
329, 11.23
330, 10.62
331, 10.44
332, 10.7
333, 11.87
334, 12.0
335, 11.65
336, 11.26
337, 10.99
338, 11.73
339, 11.25
340, 10.71
341, 10.54
342, 10.52
343, 10.85
344, 10.56
345, 9.48
346, 9.59
347, 9.39
348, 10.01
349, 10.15
350, 10.0
351, 10.07
352, 9.9
353, 10.19
354, 9.83
355, 9.38
356, 9.62
357, 9.56
358, 9.77
359, 9.93
360, 9.96
361, 9.88
362, 8.98
363, 9.21
364, 8.62
365, 8.97
366, 8.75
367, 8.65
368, 9.05
369, 9.1
370, 9.08
371, 9.29
372, 9.1
373, 8.74
374, 8.12
375, 7.55
376, 8.27
377, 8.13
378, 8.15
379, 7.91
380, 7.99
381, 8.6
382, 8.17
383, 7.95
384, 7.81
385, 7.65
386, 7.78
387, 8.19
388, 8.55
389, 8.79
390, 8.76
391, 8.61
392, 8.21
393, 8.13
394, 7.92
395, 7.93
396, 8.26
397, 8.45
398, 8.15
399, 8.25
400, 8.2
401, 7.92
402, 7.94
403, 7.83
404, 8.22
405, 8.22
406, 10.02
407, 10.0
408, 10.05
409, 9.32
410, 9.58
411, 8.89
412, 9.13
413, 8.57
414, 7.99
415, 7.73
416, 7.41
417, 7.47
418, 7.31
419, 8.17
420, 8.47
421, 8.59
422, 8.03
423, 8.14
424, 8.28
425, 8.15
426, 8.06
427, 8.07
428, 8.09
429, 8.68
430, 8.52
431, 8.47
432, 8.34
433, 8.24
434, 7.93
435, 7.95
436, 8.26
437, 7.95
438, 7.85
439, 7.25
440, 7.25
441, 7.07
442, 6.95
443, 7.15
444, 6.82
445, 7.01
446, 7.8
447, 7.6
448, 8.3
449, 8.07
450, 7.78
451, 7.21
452, 6.97
453, 6.67
454, 5.77
455, 1.91
456, 1.72
457, 1.82
458, 1.86
459, 1.78
460, 1.72
461, 1.66
462, 1.73
463, 1.76
464, 1.81
465, 1.84
466, 1.79
467, 1.73
468, 1.67
469, 1.67
470, 1.81
471, 1.71
472, 1.63
473, 1.32
474, 1.4
475, 1.39
476, 1.34
477, 1.34
478, 1.32
479, 1.27
480, 1.3
481, 1.38
482, 1.48
483, 1.47
484, 1.44
485, 1.59
486, 1.65
487, 1.64
488, 1.64
489, 1.61
490, 1.62
491, 1.67
492, 1.66
493, 1.72
494, 1.95
495, 1.8
496, 1.8
497, 1.78
498, 2.15
499, 2.17
500, 2.14
501, 2.08
502, 2.1
503, 2.09
504, 2.21
505, 2.4
506, 3.04
507, 2.75
508, 2.61
509, 2.63
510, 2.91
511, 2.78
512, 2.83
513, 2.7
514, 2.62
515, 2.77
516, 2.74
517, 2.77
518, 2.75
519, 2.68
520, 2.72
521, 2.89
522, 3.17
523, 2.92
524, 3.01
525, 2.81
526, 2.7
527, 2.76
528, 2.69
529, 2.71
530, 2.72
531, 2.52
532, 2.59
533, 2.45
534, 2.47
535, 2.59
536, 2.65
537, 2.68
538, 2.63
539, 2.73
540, 2.7
541, 2.81
542, 2.76
543, 2.69
544, 2.7
545, 2.75
546, 2.77
547, 2.79
548, 2.95
549, 2.84
550, 2.73
551, 2.76
552, 2.74
553, 2.67
554, 2.63
555, 2.62
556, 2.58
557, 2.58
558, 2.53
559, 2.26
560, 2.18
561, 2.03
562, 2.12
563, 2.19
564, 2.16
565, 2.12
566, 2.1
567, 1.99
568, 1.95
569, 1.97
570, 1.98
571, 1.99
572, 2.02
573, 2.0
574, 1.87
575, 1.77
576, 1.8
577, 1.91
578, 1.78
579, 1.76
580, 1.78
581, 1.76
582, 1.84
583, 1.81
584, 1.815
585, 1.92
586, 1.83
587, 1.81
588, 1.77
589, 1.76
590, 1.77
591, 1.74
592, 1.74
593, 1.67
594, 1.67
595, 1.62
596, 1.6
597, 1.56
598, 1.55
599, 1.6
600, 1.77
601, 1.7
602, 1.74
603, 1.77
604, 1.73
605, 1.68
606, 1.64
607, 1.79
608, 1.78
609, 1.79
610, 1.81
611, 1.82
612, 1.8
613, 1.71
614, 1.68
615, 1.66
616, 1.7
617, 1.71
618, 1.78
619, 1.76
620, 1.72
621, 1.73
622, 1.73
623, 1.79
624, 1.78
625, 1.76
626, 1.75
627, 1.77
628, 1.76
629, 1.71
630, 1.78
631, 1.72
632, 1.67
633, 1.72
634, 1.68
635, 1.73
636, 1.77
637, 1.68
638, 1.62
639, 1.66
640, 1.66
641, 1.65
642, 1.68
643, 1.61
644, 1.65
645, 1.67
646, 1.7
647, 1.7
648, 1.64
649, 1.68
650, 1.66
651, 1.63
652, 1.62
653, 1.56
654, 1.61
655, 1.56
656, 1.53
657, 1.52
658, 1.51
659, 1.5
660, 1.49
661, 1.48
662, 1.5
663, 1.57
664, 1.67
665, 1.79
666, 1.75
667, 1.82
668, 1.86
669, 1.88
670, 1.88
671, 1.97
672, 2.1
673, 2.13
674, 2.11
675, 2.16
676, 2.1
677, 2.15
678, 2.05
679, 1.87
680, 1.845
681, 1.78
682, 1.78
683, 1.77
684, 1.82
685, 1.88
686, 1.83
687, 1.75
688, 1.85
689, 1.86
690, 1.95
691, 1.8
692, 1.94
693, 1.87
694, 1.82
695, 1.82
696, 2.04
697, 2.1
698, 1.9
699, 1.87
700, 1.82
701, 1.84
702, 1.82
703, 1.78
704, 1.82
705, 1.84
706, 1.74
707, 1.75
708, 1.84
709, 1.78
710, 1.85
711, 1.83
712, 1.81
713, 1.83
714, 1.79
715, 1.79
716, 1.81
717, 1.77
718, 1.8
719, 1.7
720, 1.74
721, 1.6101
722, 1.57
723, 1.68
724, 1.61
725, 1.74
726, 1.52
727, 1.69
728, 1.81
729, 1.7
730, 1.82
731, 1.73
732, 1.8532
733, 1.85
734, 1.87
735, 1.88
736, 2.04
737, 2.05
738, 2.41
739, 2.33
740, 2.12
741, 2.18
742, 2.34
743, 2.32
744, 2.44
745, 2.46
746, 2.53
747, 2.4
748, 2.29
749, 2.18
750, 2.0
751, 2.05
752, 2.02
753, 2.15
754, 2.2
755, 2.15
756, 2.08
757, 2.13
758, 2.22
759, 2.38
760, 2.3
761, 2.44
762, 2.4
763, 2.48
764, 2.45
765, 2.42
766, 2.41
767, 2.3248
768, 2.35
769, 2.33
770, 2.45
771, 2.42
772, 2.6
773, 2.57
774, 2.45
775, 2.4
776, 2.39
777, 2.48
778, 2.46
779, 2.41
780, 2.35
781, 2.5
782, 2.48
783, 2.44
784, 2.4
785, 2.39
786, 2.31
787, 2.0899
788, 2.19
789, 2.32
790, 2.2528
791, 2.28
792, 2.42
793, 2.33
794, 2.406
795, 2.41
796, 2.55
797, 2.42
798, 2.68
799, 2.8
800, 2.57
801, 2.6
802, 2.79
803, 3.23
804, 3.37
805, 3.28
806, 3.31
807, 3.14
808, 3.1
809, 3.04
810, 2.97
811, 2.9
812, 3.27
813, 3.22
814, 4.21
815, 3.9
816, 3.94
817, 4.28
818, 3.84
819, 3.8
820, 3.58
821, 3.54
822, 3.85
823, 3.92
824, 3.88
825, 3.87
826, 3.83
827, 4.04
828, 4.09
829, 4.12
830, 4.14
831, 4.03
832, 4.15
833, 4.44
834, 4.34
835, 4.3
836, 4.18
837, 4.09
838, 4.11
839, 3.97
840, 3.44
841, 3.62
842, 3.31
843, 3.1
844, 3.03
845, 3.01
846, 2.96
847, 2.94
848, 3.03
849, 2.95
850, 3.04
851, 3.01
852, 3.18
853, 3.11
854, 3.14
855, 3.16
856, 3.09
857, 3.09
858, 3.05
859, 3.07
860, 2.95
861, 3.02
862, 2.96
863, 2.94
864, 2.84
865, 2.86
866, 3.4
867, 3.11
868, 3.23
869, 3.08
870, 3.14
871, 3.08
872, 3.15
873, 3.09
874, 2.95
875, 2.99
876, 3.12
877, 3.12
878, 3.66
879, 3.82
880, 3.69
881, 3.67
882, 3.75
883, 3.51
884, 3.22
885, 3.36
886, 3.35
887, 3.6
888, 3.55
889, 3.56
890, 3.49
891, 3.5
892, 3.68
893, 3.73
894, 3.81
895, 3.71
896, 3.53
897, 3.77
898, 3.58
899, 3.59
900, 3.58
901, 3.6
902, 3.48
903, 3.44
904, 3.56
905, 3.41
906, 3.46
907, 3.37
908, 3.48
909, 3.43
910, 3.36
911, 3.32
912, 3.25
913, 3.15
914, 3.04
915, 3.19
916, 3.1
917, 3.08
918, 3.1
919, 3.03
920, 2.97
921, 2.78
922, 2.51
923, 2.27
924, 2.48
925, 2.46
926, 2.65
927, 2.88
928, 2.75
929, 2.69
930, 2.58
931, 2.52
932, 2.58
933, 2.58
934, 2.65
935, 2.56
936, 2.71
937, 3.0
938, 2.94
939, 3.02
940, 3.19
941, 3.28
942, 3.05
943, 2.88
944, 2.9
945, 2.94
946, 2.97
947, 2.65
948, 2.47
949, 2.6
950, 2.36
951, 2.52
952, 2.49
953, 2.42
954, 2.46
955, 2.39
956, 2.42
957, 2.55
958, 2.58
959, 2.63
960, 2.88
961, 2.93
962, 2.86
963, 2.75
964, 2.73
965, 2.57
966, 2.68
967, 2.64
968, 2.81
969, 2.87
970, 2.9
971, 2.84
972, 2.88
973, 2.98
974, 2.97
975, 2.89
976, 2.94
977, 2.88
978, 3.07
979, 2.89
980, 2.93
981, 3.02
982, 3.11
983, 3.13
984, 2.98
985, 2.95
986, 3.0
987, 3.0
988, 2.97
989, 3.0
990, 2.98
991, 2.99
992, 2.97
993, 3.12
994, 3.15
995, 3.19
996, 3.04
997, 3.04
998, 2.99
999, 2.8
1000, 2.62
1001, 2.38
1002, 2.45
1003, 2.48
1004, 2.47
1005, 2.49
1006, 2.53
1007, 2.67
1008, 2.68
1009, 2.7
1010, 2.85
1011, 2.76
1012, 2.78
1013, 2.79
1014, 2.77
1015, 2.84
1016, 2.76
1017, 2.76
1018, 2.81
1019, 2.81
1020, 2.71
1021, 2.56
1022, 2.35
1023, 2.42
1024, 2.34
1025, 2.51
1026, 2.52
1027, 2.6
1028, 2.58
1029, 2.59
1030, 2.51
1031, 2.47
1032, 2.48
1033, 2.54
1034, 2.5
1035, 2.54
1036, 2.57
1037, 2.51
1038, 2.67
1039, 2.5
1040, 2.66
1041, 2.66
1042, 2.72
1043, 2.9
1044, 3.14
1045, 2.98
1046, 3.04
1047, 2.94
1048, 2.98
1049, 2.91
1050, 2.96
1051, 3.0
1052, 2.84
1053, 2.9
1054, 2.94
1055, 2.95
1056, 2.94
1057, 2.96
1058, 2.98
1059, 3.12
1060, 3.215
1061, 3.25
1062, 3.29
1063, 2.96
1064, 2.985
1065, 3.06
1066, 3.04
1067, 3.0
1068, 2.995
1069, 3.0
1070, 3.0
1071, 2.99
1072, 2.97
1073, 2.985
1074, 3.1
1075, 3.16
1076, 3.31
1077, 3.345
1078, 3.49
1079, 3.49
1080, 3.49
1081, 3.43
1082, 3.5
1083, 3.5
1084, 3.57
1085, 3.61
1086, 3.89
1087, 4.13
1088, 4.15
1089, 3.98
1090, 4.07
1091, 3.9
1092, 3.8
1093, 3.8
1094, 3.69
1095, 3.44
1096, 3.55
1097, 3.5
1098, 3.18
1099, 2.92
1100, 2.98
1101, 3.08
1102, 3.0
1103, 3.04
1104, 2.83
1105, 2.87
1106, 2.93
1107, 2.86
1108, 2.95
1109, 2.78
1110, 2.76
1111, 2.77
1112, 2.69
1113, 2.85
1114, 2.87
1115, 2.83
1116, 2.77
1117, 2.79
1118, 2.89
1119, 2.81
1120, 2.91
1121, 2.87
1122, 2.91
1123, 2.87
1124, 2.67
1125, 2.77
1126, 2.64
1127, 2.71
1128, 2.68
1129, 2.44
1130, 2.56
1131, 2.61
1132, 2.61
1133, 2.72
1134, 2.49
1135, 2.81
1136, 2.68
1137, 2.66
1138, 2.69
1139, 2.71
1140, 2.63
1141, 2.72
1142, 2.74
1143, 2.89
1144, 2.92
1145, 3.0
1146, 2.94
1147, 2.9
1148, 2.94
1149, 2.88
1150, 2.82
1151, 2.93
1152, 2.9
1153, 3.01
1154, 3.12
1155, 3.05
1156, 3.14
1157, 3.12
1158, 3.03
1159, 2.9
1160, 2.88
1161, 3.0
1162, 2.96
1163, 3.0
1164, 3.0
1165, 2.96
1166, 2.77
1167, 2.82
1168, 2.84
1169, 2.76
1170, 2.77
1171, 2.86
1172, 2.84
1173, 2.84
1174, 2.84
1175, 2.82
1176, 2.76
1177, 2.75
1178, 2.84
1179, 2.81
1180, 2.8
1181, 2.72
1182, 2.73
1183, 2.75
1184, 2.69
1185, 2.59
1186, 2.6
1187, 2.38
1188, 2.59
1189, 2.52
1190, 2.51
1191, 2.57
1192, 2.58
1193, 2.62
1194, 2.75
1195, 2.93
1196, 3.0
1197, 2.98
1198, 2.98
1199, 2.98
1200, 2.94
1201, 2.83
1202, 2.97
1203, 3.01
1204, 2.91
1205, 2.94
1206, 2.85
1207, 2.79
1208, 2.89
1209, 2.82
1210, 2.79
1211, 2.7
1212, 2.63
1213, 2.6
1214, 2.62
1215, 2.57
1216, 2.59
1217, 2.63
1218, 2.64
1219, 2.61
1220, 2.44
1221, 2.43
1222, 2.45
1223, 2.38
1224, 2.35
1225, 2.35
1226, 2.14
1227, 2.04
1228, 2.34
1229, 2.3
1230, 2.5
1231, 2.69
1232, 2.71
1233, 2.67
1234, 2.58
1235, 2.5
1236, 2.49
1237, 2.59
1238, 2.63
1239, 2.62
1240, 2.69
1241, 2.69
1242, 2.52
1243, 2.41
1244, 2.39
1245, 2.24
1246, 2.27
1247, 2.33
1248, 2.43
1249, 2.39
1250, 2.39
1251, 2.4
1252, 2.38
1253, 2.3
1254, 2.25
1255, 2.01
1256, 1.95
1257, 1.99
1258, 2.23
1259, 2.19
1260, 2.22
1261, 2.37
1262, 2.42
1263, 2.29
1264, 2.77
1265, 2.7
1266, 2.8
1267, 2.79
1268, 2.84
1269, 2.72
1270, 2.66
1271, 2.65
1272, 2.64
1273, 2.55
1274, 2.58
1275, 2.56
1276, 2.43
1277, 2.27
1278, 2.25
1279, 2.25
1280, 2.36
1281, 2.42
1282, 2.38
1283, 2.4
1284, 2.36
1285, 2.45
1286, 2.43
1287, 2.57
1288, 2.74
1289, 2.6
1290, 2.56
1291, 2.55
1292, 2.68
1293, 2.78
1294, 2.69
1295, 2.67
1296, 2.76
1297, 2.84
1298, 2.85
1299, 2.75
1300, 2.86
1301, 2.96
1302, 2.94
1303, 3.1
1304, 3.09
1305, 3.29
1306, 3.25
1307, 3.36
1308, 3.37
1309, 3.36
1310, 3.41
1311, 3.49
1312, 3.55
1313, 3.57
1314, 3.49
1315, 3.65
1316, 3.61
1317, 3.91
1318, 3.76
1319, 3.43
1320, 3.46
1321, 3.46
1322, 3.59
1323, 3.84
1324, 3.88
1325, 3.88
1326, 3.82
1327, 3.7
1328, 3.43
1329, 3.37
1330, 3.43
1331, 3.38
1332, 3.35
1333, 3.35
1334, 3.41
1335, 3.37
1336, 3.28
1337, 3.28
1338, 3.22
1339, 3.21
1340, 3.26
1341, 3.15
1342, 3.28
1343, 3.57
1344, 3.78
1345, 3.73
1346, 3.64
1347, 3.66
1348, 3.88
1349, 3.71
1350, 3.66
1351, 3.57
1352, 3.6
1353, 3.56
1354, 3.62
1355, 3.79
1356, 3.95
1357, 3.86
1358, 3.81
1359, 3.96
1360, 4.16
1361, 4.23
1362, 3.84
1363, 3.84
1364, 3.83
1365, 3.84
1366, 3.95
1367, 3.88
1368, 3.61
1369, 3.83
1370, 4.02
1371, 4.08
1372, 4.19
1373, 4.3701
1374, 4.45
1375, 4.43
1376, 4.47
1377, 4.32
1378, 4.42
1379, 4.34
1380, 4.43
1381, 4.62
1382, 4.84
1383, 4.79
1384, 4.82
1385, 4.87
1386, 4.98
1387, 4.81
1388, 4.9
1389, 4.98
1390, 4.75
1391, 4.7
1392, 4.61
1393, 4.61
1394, 4.71
1395, 4.54
1396, 4.54
1397, 4.69
1398, 4.47
1399, 4.55
1400, 4.66
1401, 4.6
1402, 4.75
1403, 4.67
1404, 4.87
1405, 4.8
1406, 4.64
1407, 4.65
1408, 4.47
1409, 4.48
1410, 4.44
1411, 4.3
1412, 4.19
1413, 4.14
1414, 4.14
1415, 4.22
1416, 4.2
1417, 4.05
1418, 3.83
1419, 3.86
1420, 3.93
1421, 4.39
1422, 4.37
1423, 4.29
1424, 4.25
1425, 4.45
1426, 4.29
1427, 4.37
1428, 4.4
1429, 4.4
1430, 4.71
1431, 4.58
1432, 4.84
1433, 4.75
1434, 4.81
1435, 4.73
1436, 4.89
1437, 4.69
1438, 4.87
1439, 4.81
1440, 4.86
1441, 4.64
1442, 4.63
1443, 4.48
1444, 4.46
1445, 4.45
1446, 4.51
1447, 4.52
1448, 4.4
1449, 4.37
1450, 4.32
1451, 4.47
1452, 4.43
1453, 4.42
1454, 4.65
1455, 4.59
1456, 4.58
1457, 4.7
1458, 4.7
1459, 4.72
1460, 4.84
1461, 4.8
1462, 4.66
1463, 4.53
1464, 4.42
1465, 4.43
1466, 4.41
1467, 4.29
1468, 3.98
1469, 3.94
1470, 3.88
1471, 3.62
1472, 3.62
1473, 3.8
1474, 3.77
1475, 3.74
1476, 3.81
1477, 3.85
1478, 3.86
1479, 3.83
1480, 3.66
1481, 3.68
1482, 3.78
1483, 3.9
