0, 40.53
1, 40.443
2, 40.545
3, 41.016
4, 41.095
5, 41.701
6, 41.918
7, 42.893
8, 43.191
9, 43.204
10, 42.893
11, 43.262
12, 43.535
13, 43.448
14, 43.651
15, 43.391
16, 42.641
17, 43.239
18, 42.249
19, 42.342
20, 42.321
21, 42.524
22, 42.828
23, 43.779
24, 43.852
25, 43.377
26, 43.813
27, 43.74
28, 43.218
29, 43.086
30, 43.191
31, 43.262
32, 43.443
33, 43.132
34, 42.264
35, 42.569
36, 42.706
37, 42.62
38, 43.239
39, 43.001
40, 43.326
41, 42.799
42, 42.641
43, 42.872
44, 42.879
45, 43.247
46, 42.893
47, 43.341
48, 43.102
49, 43.724
50, 44.302
51, 44.107
52, 43.588
53, 43.239
54, 42.421
55, 42.509
56, 42.66
57, 42.944
58, 43.204
59, 43.009
60, 43.146
61, 42.966
62, 41.839
63, 41.363
64, 41.578
65, 42.069
66, 42.047
67, 41.802
68, 42.12
69, 42.482
70, 42.627
71, 42.791
72, 42.966
73, 43.074
74, 43.152
75, 42.979
76, 43.637
77, 43.941
78, 44.403
79, 44.403
80, 44.504
81, 44.982
82, 45.443
83, 45.081
84, 45.14
85, 45.228
86, 45.118
87, 44.771
88, 44.467
89, 44.396
90, 44.367
91, 44.648
92, 45.213
93, 45.538
94, 45.544
95, 45.538
96, 45.285
97, 45.206
98, 45.986
99, 45.993
100, 45.993
101, 46.338
102, 46.036
103, 46.274
104, 46.511
105, 47.134
106, 47.467
107, 47.178
108, 47.77
109, 47.943
110, 44.251
111, 42.587
112, 42.555
113, 42.454
114, 42.199
115, 42.872
116, 43.167
117, 43.086
118, 42.842
119, 42.249
120, 41.802
121, 41.505
122, 41.934
123, 42.176
124, 41.672
125, 41.729
126, 42.461
127, 42.329
128, 42.329
129, 42.429
130, 42.667
131, 42.907
132, 43.001
133, 43.21
134, 43.191
135, 43.492
136, 44.004
137, 43.74
138, 44.807
139, 44.923
140, 45.118
141, 44.996
142, 45.501
143, 45.486
144, 45.414
145, 45.342
146, 45.668
147, 45.061
148, 45.206
149, 44.866
150, 44.727
151, 45.14
152, 44.917
153, 44.374
154, 43.86
155, 43.832
156, 44.171
157, 44.085
158, 43.961
159, 43.977
160, 43.501
161, 43.551
162, 43.543
163, 43.081
164, 43.485
165, 43.255
166, 42.987
167, 43.391
168, 43.588
169, 43.905
170, 44.034
171, 44.222
172, 44.367
173, 44.886
174, 44.734
175, 44.576
176, 44.866
177, 45.103
178, 44.534
179, 44.758
180, 44.547
181, 45.103
182, 45.422
183, 45.198
184, 45.379
185, 45.443
186, 45.319
187, 46.006
188, 46.383
189, 46.809
190, 47.481
191, 47.062
192, 47.099
193, 46.786
194, 46.628
195, 47.227
196, 47.344
197, 47.495
198, 47.356
199, 47.388
200, 47.191
201, 46.88
202, 47.027
203, 47.126
204, 46.62
205, 47.271
206, 47.388
207, 47.395
208, 48.637
209, 48.404
210, 47.914
211, 47.595
212, 47.681
213, 47.647
214, 47.537
215, 48.39
216, 49.085
217, 48.747
218, 48.939
219, 48.859
220, 49.113
221, 50.212
222, 49.561
223, 49.808
224, 50.27
225, 49.532
226, 49.704
227, 50.008
228, 50.145
229, 49.192
230, 49.179
231, 49.777
232, 50.508
233, 50.449
234, 50.537
235, 50.725
236, 50.162
237, 50.298
238, 50.196
239, 49.554
240, 49.229
241, 49.561
242, 49.49
243, 48.772
244, 48.812
245, 48.731
246, 48.78
247, 48.977
248, 49.634
249, 49.452
250, 49.503
251, 49.922
252, 50.709
253, 50.701
254, 50.628
255, 51.897
256, 53.001
257, 53.152
258, 52.683
259, 52.712
260, 52.609
261, 52.617
262, 52.349
263, 52.943
264, 53.13
265, 53.109
266, 52.443
267, 52.763
268, 52.41
269, 52.712
270, 52.957
271, 52.429
272, 52.349
273, 52.747
274, 52.943
275, 53.167
276, 53.224
277, 52.395
278, 52.595
279, 52.963
280, 53.441
281, 53.305
282, 52.87
283, 52.64
284, 51.736
285, 52.105
286, 52.315
287, 52.545
288, 53.224
289, 53.477
290, 53.361
291, 53.305
292, 53.521
293, 53.614
294, 53.723
295, 53.462
296, 53.802
297, 53.941
298, 53.847
299, 53.42
300, 54.295
301, 54.315
302, 53.975
303, 54.38
304, 52.978
305, 53.651
306, 53.526
307, 54.481
308, 53.636
309, 52.29
310, 52.091
311, 51.78
312, 51.569
313, 51.908
314, 52.899
315, 52.74
316, 53.58
317, 53.144
318, 51.939
319, 51.641
320, 50.818
321, 50.248
322, 50.753
323, 50.616
324, 51.497
325, 51.874
326, 49.922
327, 49.417
328, 49.331
329, 49.532
330, 49.404
331, 49.192
332, 48.859
333, 48.852
334, 48.852
335, 48.412
336, 47.662
337, 47.583
338, 48.796
339, 48.491
340, 48.846
341, 48.549
342, 48.955
343, 49.837
344, 50.016
345, 50.27
346, 49.763
347, 49.634
348, 49.367
349, 48.606
350, 48.825
351, 49.85
352, 49.186
353, 49.424
354, 49.641
355, 50.233
356, 50.304
357, 49.721
358, 49.864
359, 49.452
360, 49.784
361, 50.132
362, 50.797
363, 50.636
364, 50.653
365, 51.375
366, 51.274
367, 50.825
368, 51.073
369, 50.621
370, 50.955
371, 51.708
372, 52.704
373, 52.588
374, 53.247
375, 53.42
376, 53.991
377, 54.474
378, 53.68
379, 53.998
380, 53.412
381, 53.117
382, 52.489
383, 52.712
384, 52.595
385, 52.602
386, 52.241
387, 52.14
388, 51.923
389, 52.481
390, 52.647
391, 52.914
392, 52.87
393, 53.526
394, 53.261
395, 53.811
396, 54.497
397, 54.416
398, 55.079
399, 54.393
400, 54.669
401, 55.225
402, 54.691
403, 55.876
404, 55.492
405, 55.184
406, 54.728
407, 54.786
408, 54.554
409, 54.006
410, 52.877
411, 53.268
412, 53.152
413, 53.767
414, 53.557
415, 53.751
416, 54.574
417, 54.648
418, 54.914
419, 55.39
420, 56.012
421, 56.576
422, 56.483
423, 56.087
424, 56.265
425, 56.686
426, 57.897
427, 57.299
428, 57.723
429, 57.234
430, 57.147
431, 57.357
432, 57.147
433, 56.914
434, 57.225
435, 58.101
436, 58.115
437, 58.093
438, 58.028
439, 58.261
440, 58.312
441, 59.112
442, 59.055
443, 57.73
444, 57.219
445, 56.922
446, 56.844
447, 57.666
448, 58.327
449, 58.174
450, 59.647
451, 60.976
452, 60.622
453, 60.61
454, 60.55
455, 61.127
456, 61.374
457, 61.548
458, 61.668
459, 62.254
460, 61.553
461, 61.323
462, 60.866
463, 61.33
464, 61.251
465, 60.897
466, 61.079
467, 60.484
468, 60.724
469, 60.76
470, 60.716
471, 60.601
472, 60.435
473, 60.847
474, 60.99
475, 61.756
476, 61.969
477, 62.412
478, 61.62
479, 61.7
480, 61.99
481, 61.88
482, 62.466
483, 62.278
484, 62.167
485, 61.88
486, 62.283
487, 62.126
488, 62.355
489, 62.262
490, 62.082
491, 61.99
492, 61.91
493, 61.721
494, 62.81
495, 63.015
496, 63.759
497, 63.499
498, 64.221
499, 64.631
500, 64.387
501, 64.409
502, 64.728
503, 62.609
504, 62.101
505, 61.913
506, 61.583
507, 60.751
508, 62.038
509, 62.524
510, 62.632
511, 63.419
512, 63.52
513, 62.58
514, 62.118
515, 61.829
516, 61.575
517, 62.298
518, 63.1
519, 63.867
520, 63.412
521, 63.722
522, 63.366
523, 63.404
524, 62.609
525, 62.984
526, 62.674
527, 63.171
528, 63.057
529, 63.238
530, 63.361
531, 63.657
532, 63.08
533, 63.483
534, 63.765
535, 63.592
536, 63.744
537, 63.505
538, 63.867
539, 63.491
540, 64.235
541, 64.012
542, 63.636
543, 64.155
544, 63.505
545, 63.46
546, 63.888
547, 64.041
548, 64.329
549, 64.775
550, 65.463
551, 66.489
552, 66.966
553, 66.96
554, 66.372
555, 66.864
556, 67.768
557, 68.332
558, 69.024
559, 69.877
560, 70.11
561, 70.071
562, 70.831
563, 71.206
564, 70.578
565, 71.02
566, 70.975
567, 71.524
568, 69.409
569, 69.702
570, 69.016
571, 68.325
572, 67.674
573, 66.093
574, 67.161
575, 67.451
576, 66.214
577, 66.611
578, 66.33
579, 66.624
580, 66.314
581, 65.888
582, 65.58
583, 64.683
584, 65.709
585, 66.198
586, 65.448
587, 65.062
588, 65.544
589, 64.749
590, 65.31
591, 65.969
592, 65.39
593, 65.674
594, 65.093
595, 64.994
596, 65.205
597, 67.002
598, 67.631
599, 67.904
600, 67.991
601, 67.291
602, 67.155
603, 66.713
604, 66.323
605, 65.442
606, 65.556
607, 63.612
608, 63.246
609, 62.501
610, 62.87
611, 61.784
612, 62.738
613, 61.784
614, 62.713
615, 62.226
616, 63.714
617, 61.136
618, 59.77
619, 60.912
620, 59.129
621, 58.28
622, 60.429
623, 62.566
624, 63.46
625, 63.425
626, 64.341
627, 64.957
628, 65.181
629, 64.982
630, 62.963
631, 63.939
632, 64.696
633, 65.556
634, 66.047
635, 65.499
636, 65.252
637, 64.815
638, 65.324
639, 65.913
640, 66.791
641, 66.871
642, 66.755
643, 67.125
644, 69.162
645, 69.742
646, 70.159
647, 70.73
648, 70.766
649, 71.436
650, 70.578
651, 71.798
652, 72.226
653, 73.343
654, 73.713
655, 73.771
656, 74.422
657, 75.974
658, 75.815
659, 75.708
660, 75.708
661, 75.368
662, 76.638
663, 75.7
664, 74.408
665, 74.25
666, 73.449
667, 72.412
668, 72.24
669, 73.481
670, 71.916
671, 71.856
672, 74.033
673, 76.154
674, 76.414
675, 77.969
676, 74.545
677, 75.932
678, 75.947
679, 78.201
680, 76.233
681, 74.138
682, 73.794
683, 70.788
684, 71.354
685, 69.075
686, 65.038
687, 65.324
688, 63.396
689, 61.935
690, 61.765
691, 62.421
692, 61.784
693, 62.595
694, 64.998
695, 63.326
696, 64.42
697, 63.539
698, 60.542
699, 62.007
700, 58.519
701, 56.78
702, 57.975
703, 57.2
704, 56.859
705, 54.423
706, 52.378
707, 53.268
708, 52.33
709, 51.006
710, 50.999
711, 51.98
712, 52.568
713, 51.353
714, 52.132
715, 52.559
716, 51.607
717, 51.489
718, 51.166
719, 49.129
720, 49.742
721, 48.08
722, 49.547
723, 51.136
724, 50.508
725, 50.753
726, 49.671
727, 49.017
728, 47.251
729, 47.17
730, 46.059
731, 49.287
732, 48.716
733, 48.165
734, 48.955
735, 50.934
736, 49.936
737, 50.319
738, 53.462
739, 52.178
740, 50.255
741, 49.092
742, 48.963
743, 48.752
744, 48.211
745, 48.08
746, 49.158
747, 48.673
748, 47.609
749, 46.873
750, 47.481
751, 46.995
752, 48.118
753, 49.511
754, 51.607
755, 50.501
756, 50.255
757, 48.983
758, 47.634
759, 47.508
760, 47.285
761, 45.081
762, 45.588
763, 43.753
764, 45.126
765, 44.901
766, 45.182
767, 43.941
768, 41.363
769, 44.23
770, 42.777
771, 45.595
772, 47.41
773, 47.908
774, 46.851
775, 47.046
776, 45.993
777, 46.528
778, 48.819
779, 48.037
780, 48.716
781, 48.371
782, 48.983
783, 48.462
784, 47.757
785, 48.224
786, 47.481
787, 46.606
788, 46.831
789, 48.932
790, 48.876
791, 50.17
792, 50.11
793, 50.103
794, 48.595
795, 50.761
796, 50.874
797, 51.693
798, 51.708
799, 53.197
800, 54.36
801, 54.121
802, 52.704
803, 53.261
804, 52.69
805, 52.091
806, 52.588
807, 52.782
808, 52.782
809, 53.275
810, 53.861
811, 54.288
812, 54.187
813, 53.441
814, 52.554
815, 53.941
816, 52.884
817, 52.027
818, 51.722
819, 50.718
820, 50.718
821, 49.654
822, 48.667
823, 48.341
824, 47.56
825, 46.186
826, 46.39
827, 45.82
828, 44.693
829, 44.158
830, 44.547
831, 45.847
832, 45.588
833, 45.733
834, 45.277
835, 43.753
836, 43.06
837, 43.046
838, 43.637
839, 41.78
840, 41.644
841, 39.693
842, 39.996
843, 39.496
844, 39.527
845, 39.251
846, 39.757
847, 39.408
848, 38.508
849, 37.495
850, 36.739
851, 35.655
852, 38.369
853, 41.0
854, 41.462
855, 41.607
856, 43.132
857, 45.167
858, 42.58
859, 41.491
860, 40.631
861, 42.727
862, 43.304
863, 43.891
864, 43.709
865, 42.872
866, 43.985
867, 43.527
868, 41.78
869, 42.15
870, 42.321
871, 42.077
872, 40.725
873, 41.196
874, 41.722
875, 40.891
876, 39.736
877, 40.379
878, 40.357
879, 40.972
880, 39.836
881, 39.439
882, 41.571
883, 43.247
884, 43.456
885, 43.052
886, 43.724
887, 42.547
888, 42.475
889, 43.992
890, 42.834
891, 43.926
892, 43.118
893, 43.804
894, 41.275
895, 40.718
896, 37.646
897, 40.603
898, 43.06
899, 42.357
900, 43.565
901, 44.187
902, 44.266
903, 44.0
904, 39.982
905, 42.627
906, 40.834
907, 38.631
908, 39.093
909, 38.256
910, 35.676
911, 35.851
912, 32.222
913, 30.957
914, 35.738
915, 34.317
916, 32.836
917, 33.51
918, 35.257
919, 37.113
920, 34.186
921, 31.573
922, 31.932
923, 29.338
924, 27.641
925, 29.737
926, 31.269
927, 33.196
928, 32.741
929, 33.495
930, 36.109
931, 34.114
932, 32.858
933, 33.502
934, 33.132
935, 32.26
936, 29.779
937, 32.236
938, 30.936
939, 30.525
940, 29.882
941, 27.786
942, 23.769
943, 23.567
944, 25.431
945, 24.905
946, 26.24
947, 27.013
948, 26.703
949, 26.14
950, 26.189
951, 25.965
952, 28.184
953, 30.878
954, 28.725
955, 28.551
956, 28.039
957, 28.133
958, 28.212
959, 29.853
960, 30.148
961, 29.259
962, 29.204
963, 29.311
964, 29.157
965, 28.255
966, 27.988
967, 29.146
968, 29.456
969, 30.165
970, 30.662
971, 31.905
972, 33.695
973, 32.633
974, 33.09
975, 31.918
976, 30.054
977, 29.853
978, 28.219
979, 28.024
980, 27.779
981, 24.809
982, 26.333
983, 24.867
984, 25.836
985, 25.879
986, 26.79
987, 28.749
988, 27.534
989, 27.051
990, 26.377
991, 27.337
992, 26.574
993, 27.54
994, 28.588
995, 28.941
996, 27.44
997, 27.136
998, 26.998
999, 26.679
1000, 24.766
1001, 24.036
1002, 23.863
1003, 23.112
1004, 22.31
1005, 24.006
1006, 24.91
1007, 26.428
1008, 24.378
1009, 22.433
1010, 21.442
1011, 22.455
1012, 21.195
1013, 21.096
1014, 20.511
1015, 23.147
1016, 23.327
1017, 24.99
1018, 25.46
1019, 26.16
1020, 26.653
1021, 26.807
1022, 26.623
1023, 25.872
1024, 28.378
1025, 28.125
1026, 27.548
1027, 27.72
1028, 27.259
1029, 25.453
1030, 26.24
1031, 27.266
1032, 27.648
1033, 28.762
1034, 28.196
1035, 27.54
1036, 27.578
1037, 29.541
1038, 30.148
1039, 29.932
1040, 30.784
1041, 30.849
1042, 32.106
1043, 29.527
1044, 31.003
1045, 30.395
1046, 31.534
1047, 32.251
1048, 31.637
1049, 31.767
1050, 32.953
1051, 32.373
1052, 32.591
1053, 34.521
1054, 35.28
1055, 36.839
1056, 36.334
1057, 38.487
1058, 37.126
1059, 36.593
1060, 34.384
1061, 34.742
1062, 34.375
1063, 36.217
1064, 35.496
1065, 35.77
1066, 34.505
1067, 34.656
1068, 38.016
1069, 36.903
1070, 35.305
1071, 36.03
1072, 36.057
1073, 36.181
1074, 35.082
1075, 36.341
1076, 35.843
1077, 35.754
1078, 35.95
1079, 35.559
1080, 36.0
1081, 35.458
1082, 34.547
1083, 34.44
1084, 33.906
1085, 34.476
1086, 35.213
1087, 34.469
1088, 34.267
1089, 35.011
1090, 35.286
1091, 35.914
1092, 36.781
1093, 36.175
1094, 36.839
1095, 35.858
1096, 36.036
1097, 35.452
1098, 35.018
1099, 35.293
1100, 35.791
1101, 36.701
1102, 38.104
1103, 40.206
1104, 40.408
1105, 40.262
1106, 41.13
1107, 40.978
1108, 41.117
1109, 42.929
1110, 43.883
1111, 44.886
1112, 43.485
1113, 43.448
1114, 44.0
1115, 44.534
1116, 46.086
1117, 45.494
1118, 46.439
1119, 44.901
1120, 45.892
1121, 45.43
1122, 43.623
1123, 44.279
1124, 45.111
1125, 44.409
1126, 43.031
1127, 43.551
1128, 43.715
1129, 43.891
1130, 44.324
1131, 44.02
1132, 45.674
1133, 42.769
1134, 42.569
1135, 42.469
1136, 42.23
1137, 40.049
1138, 39.376
1139, 40.415
1140, 41.354
1141, 41.607
1142, 41.203
1143, 41.796
1144, 42.184
1145, 42.574
1146, 43.961
1147, 44.519
1148, 44.496
1149, 44.62
1150, 44.15
1151, 45.27
1152, 45.162
1153, 43.183
1154, 43.277
1155, 43.767
1156, 43.818
1157, 44.079
1158, 42.872
1159, 42.315
1160, 43.839
1161, 44.18
1162, 44.72
1163, 45.039
1164, 45.443
1165, 45.616
1166, 45.198
1167, 46.152
1168, 45.616
1169, 45.002
1170, 45.616
1171, 44.929
1172, 44.504
1173, 45.081
1174, 44.215
1175, 43.289
1176, 42.019
1177, 41.686
1178, 42.627
1179, 41.275
1180, 41.419
1181, 42.014
1182, 42.429
1183, 43.081
1184, 42.935
1185, 44.75
1186, 44.837
1187, 45.392
1188, 44.967
1189, 45.206
1190, 45.319
1191, 46.036
1192, 46.737
1193, 46.1
1194, 45.653
1195, 46.765
1196, 46.679
1197, 47.719
1198, 46.8
1199, 47.315
1200, 47.523
1201, 47.118
1202, 47.856
1203, 48.277
1204, 48.123
1205, 46.88
1206, 47.516
1207, 47.508
1208, 46.873
1209, 47.046
1210, 46.774
1211, 46.793
1212, 45.973
1213, 46.051
1214, 46.642
1215, 46.99
1216, 46.825
1217, 46.367
1218, 46.628
1219, 46.816
1220, 46.439
1221, 46.686
1222, 47.452
1223, 47.099
1224, 46.917
1225, 46.672
1226, 47.027
1227, 46.612
1228, 45.84
1229, 46.186
1230, 46.793
1231, 46.093
1232, 46.186
1233, 45.379
1234, 44.447
1235, 43.437
1236, 43.694
1237, 43.825
1238, 43.527
1239, 43.74
1240, 43.262
1241, 43.779
1242, 44.099
1243, 43.779
1244, 42.58
1245, 43.009
1246, 42.446
1247, 42.879
1248, 43.304
1249, 44.416
1250, 44.917
1251, 45.43
1252, 46.107
1253, 46.352
1254, 47.02
1255, 47.118
1256, 46.383
1257, 46.535
1258, 47.681
1259, 48.022
1260, 49.092
1261, 50.4
1262, 50.669
1263, 51.266
1264, 51.815
1265, 51.534
1266, 51.548
1267, 52.067
1268, 52.155
1269, 52.091
1270, 52.798
1271, 53.715
1272, 53.983
1273, 53.564
1274, 53.573
1275, 54.315
1276, 54.886
1277, 54.33
1278, 53.687
1279, 52.602
1280, 53.072
1281, 52.891
1282, 52.74
1283, 53.469
1284, 53.009
1285, 52.842
1286, 52.459
1287, 52.609
1288, 52.891
1289, 52.929
1290, 52.595
1291, 54.063
1292, 54.227
1293, 53.621
1294, 54.187
1295, 54.793
1296, 54.554
1297, 54.959
1298, 55.76
1299, 55.486
1300, 53.521
1301, 53.404
1302, 54.279
1303, 53.009
1304, 53.375
1305, 52.011
1306, 51.136
1307, 48.926
1308, 49.006
1309, 51.244
1310, 51.201
1311, 52.496
1312, 52.496
1313, 51.121
1314, 50.898
1315, 50.335
1316, 51.297
1317, 49.221
1318, 50.471
1319, 49.713
1320, 50.407
1321, 50.849
1322, 49.605
1323, 48.918
1324, 48.371
1325, 50.362
1326, 50.383
1327, 48.716
1328, 48.356
1329, 49.654
1330, 49.129
1331, 50.248
1332, 50.29
1333, 50.761
1334, 52.884
1335, 52.755
1336, 52.69
1337, 52.994
1338, 53.174
1339, 52.661
1340, 51.649
1341, 50.081
1342, 49.626
1343, 49.3
1344, 46.014
1345, 44.959
1346, 44.917
1347, 44.75
1348, 45.363
1349, 45.826
1350, 46.332
1351, 47.921
1352, 47.475
1353, 48.579
1354, 48.752
1355, 49.141
1356, 47.444
1357, 46.96
1358, 47.537
1359, 46.231
1360, 46.793
1361, 47.662
1362, 48.153
1363, 48.91
1364, 48.955
1365, 49.561
1366, 49.641
1367, 50.09
1368, 49.982
1369, 50.376
1370, 49.994
1371, 49.517
1372, 50.255
1373, 49.54
1374, 48.001
1375, 47.467
1376, 47.531
1377, 47.41
1378, 48.031
1379, 48.898
1380, 47.914
1381, 47.046
1382, 46.759
1383, 45.501
1384, 47.602
1385, 47.356
1386, 49.417
1387, 49.511
1388, 49.067
1389, 50.587
1390, 50.674
1391, 51.526
1392, 50.862
1393, 51.619
1394, 52.125
1395, 52.027
1396, 52.921
1397, 52.747
1398, 52.595
1399, 52.125
1400, 51.881
1401, 52.241
1402, 52.083
1403, 51.476
1404, 51.607
1405, 51.844
1406, 51.239
1407, 51.513
1408, 51.685
1409, 52.338
1410, 52.763
1411, 52.763
1412, 54.099
1413, 54.627
1414, 54.115
1415, 54.423
1416, 54.236
1417, 54.966
1418, 55.079
1419, 55.125
1420, 55.203
1421, 55.809
1422, 55.015
1423, 56.135
1424, 55.796
1425, 54.994
1426, 55.151
1427, 54.517
1428, 53.738
1429, 54.401
1430, 55.341
1431, 55.248
1432, 55.71
1433, 56.404
1434, 56.353
1435, 56.628
1436, 56.642
1437, 55.738
1438, 55.954
1439, 55.371
1440, 53.745
1441, 54.252
1442, 53.117
1443, 54.047
1444, 55.211
1445, 55.969
1446, 55.906
1447, 54.581
1448, 56.0
1449, 56.151
1450, 56.41
1451, 55.673
1452, 57.698
1453, 57.176
1454, 56.469
1455, 55.151
1456, 55.144
1457, 55.318
1458, 55.298
1459, 55.349
1460, 55.946
1461, 56.535
1462, 56.851
1463, 56.71
1464, 56.215
1465, 55.514
1466, 56.087
1467, 56.794
1468, 57.068
1469, 56.231
1470, 56.447
1471, 56.606
1472, 56.65
1473, 56.641
1474, 56.901
1475, 56.338
1476, 56.382
1477, 55.881
1478, 56.28
1479, 55.921
1480, 56.208
1481, 56.648
1482, 56.112
1483, 57.176
1484, 56.287
1485, 55.538
1486, 55.262
1487, 54.943
1488, 55.097
1489, 55.349
1490, 55.255
1491, 55.225
1492, 54.698
1493, 55.07
1494, 56.12
1495, 56.106
1496, 56.541
1497, 56.974
1498, 57.134
1499, 57.24
1500, 57.2
1501, 57.975
1502, 58.432
1503, 58.738
1504, 58.793
1505, 59.61
1506, 59.9
1507, 59.025
1508, 58.261
1509, 60.515
1510, 60.688
1511, 61.249
1512, 60.824
1513, 61.255
1514, 61.372
1515, 61.481
1516, 60.92
1517, 61.668
1518, 61.591
1519, 60.732
1520, 61.029
1521, 61.131
1522, 59.986
1523, 59.16
1524, 59.676
1525, 60.22
1526, 61.542
1527, 62.166
1528, 62.942
1529, 62.35
1530, 62.24
1531, 62.539
1532, 62.927
1533, 63.162
1534, 63.039
1535, 64.25
1536, 64.044
1537, 64.182
1538, 64.387
1539, 63.861
1540, 63.847
1541, 63.687
1542, 63.074
1543, 63.611
1544, 63.57
1545, 62.727
1546, 62.314
1547, 62.402
1548, 62.555
1549, 62.656
1550, 62.189
1551, 62.155
1552, 62.117
1553, 62.044
1554, 63.072
1555, 62.993
1556, 62.415
1557, 61.737
1558, 61.249
1559, 61.122
1560, 61.701
1561, 62.817
1562, 62.24
1563, 62.423
1564, 62.133
1565, 62.148
1566, 62.686
1567, 63.124
1568, 63.578
1569, 63.308
1570, 62.532
1571, 62.637
1572, 62.876
1573, 60.547
1574, 60.073
1575, 60.539
1576, 58.146
1577, 58.439
1578, 58.466
1579, 57.513
1580, 57.618
1581, 57.198
1582, 57.802
1583, 57.381
1584, 57.249
1585, 58.038
1586, 57.181
1587, 56.879
1588, 57.33
1589, 57.19
1590, 58.171
1591, 58.487
1592, 57.944
1593, 57.077
1594, 57.233
1595, 57.263
1596, 57.432
1597, 58.291
1598, 58.894
1599, 58.01
1600, 57.951
1601, 58.457
1602, 58.105
1603, 56.842
1604, 56.975
1605, 57.515
1606, 57.314
1607, 57.388
1608, 56.191
1609, 57.086
1610, 57.535
1611, 58.223
1612, 57.794
1613, 57.863
1614, 57.74
1615, 56.621
1616, 56.996
1617, 56.273
1618, 56.214
1619, 54.803
1620, 55.21
1621, 53.703
1622, 52.842
1623, 50.366
1624, 54.038
1625, 52.723
1626, 54.12
1627, 54.179
1628, 54.758
1629, 54.438
1630, 55.195
1631, 53.433
1632, 51.763
1633, 51.219
1634, 53.542
1635, 53.985
1636, 53.889
1637, 53.586
1638, 54.389
1639, 55.136
1640, 57.497
1641, 57.558
1642, 57.02
1643, 56.199
1644, 57.262
1645, 56.91
1646, 55.49
1647, 54.582
1648, 55.453
1649, 55.743
1650, 57.013
1651, 57.404
1652, 56.223
1653, 55.992
1654, 54.115
1655, 50.725
1656, 51.172
1657, 52.286
1658, 53.029
1659, 52.43
1660, 53.043
1661, 52.232
1662, 50.598
1663, 50.126
1664, 52.191
1665, 52.933
1666, 52.954
1667, 54.322
1668, 54.83
1669, 55.856
1670, 54.974
1671, 55.611
1672, 54.749
1673, 55.438
1674, 55.042
1675, 55.213
1676, 55.803
1677, 56.094
1678, 54.487
1679, 54.779
1680, 56.971
1681, 56.619
1682, 56.436
1683, 53.836
1684, 54.449
1685, 55.076
1686, 54.414
1687, 54.472
1688, 54.704
1689, 53.103
1690, 52.534
1691, 53.223
1692, 52.759
1693, 52.377
1694, 52.402
1695, 51.788
1696, 51.713
1697, 50.605
1698, 50.493
1699, 49.595
1700, 48.819
1701, 49.945
1702, 50.732
1703, 53.38
1704, 53.112
1705, 52.544
1706, 53.194
1707, 53.285
1708, 53.369
1709, 52.265
1710, 52.847
1711, 52.41
1712, 51.947
1713, 51.356
1714, 51.446
1715, 52.091
1716, 52.134
1717, 53.248
1718, 53.651
1719, 54.431
1720, 54.536
1721, 54.262
1722, 53.703
1723, 54.173
1724, 54.803
1725, 56.126
1726, 56.293
1727, 55.916
1728, 54.982
1729, 55.544
1730, 55.822
1731, 55.496
1732, 55.908
1733, 55.293
1734, 55.958
1735, 56.359
1736, 57.162
1737, 57.467
1738, 58.609
1739, 58.208
1740, 57.961
1741, 56.913
1742, 56.806
1743, 56.968
1744, 57.601
1745, 58.171
1746, 57.896
1747, 58.162
1748, 58.134
1749, 58.095
1750, 58.526
1751, 58.594
1752, 58.103
1753, 58.246
1754, 58.215
1755, 58.232
1756, 58.564
1757, 58.367
1758, 58.852
1759, 58.343
1760, 58.427
1761, 57.953
1762, 58.134
1763, 58.678
1764, 58.726
1765, 59.117
1766, 58.935
1767, 58.602
1768, 57.641
1769, 57.738
1770, 58.168
1771, 57.302
1772, 56.876
1773, 58.091
1774, 58.115
1775, 58.602
1776, 59.05
1777, 59.073
1778, 58.712
1779, 58.895
1780, 58.719
1781, 59.141
1782, 59.6
1783, 59.395
1784, 58.943
1785, 58.781
1786, 58.596
1787, 59.141
1788, 58.719
1789, 58.705
1790, 58.077
1791, 57.747
1792, 56.828
1793, 57.363
1794, 58.159
1795, 57.163
1796, 57.564
1797, 57.932
1798, 58.0
1799, 57.771
1800, 57.464
1801, 56.79
1802, 56.951
1803, 57.257
1804, 57.051
1805, 57.957
1806, 57.73
1807, 58.031
1808, 57.335
1809, 56.843
1810, 55.893
1811, 56.385
1812, 55.748
1813, 55.687
1814, 55.74
1815, 55.632
1816, 54.73
1817, 54.408
1818, 54.102
1819, 53.006
1820, 52.523
1821, 53.327
1822, 52.905
1823, 53.014
1824, 52.721
1825, 52.094
1826, 52.99
1827, 52.325
1828, 53.267
1829, 51.931
1830, 51.403
1831, 51.907
1832, 52.792
1833, 53.018
1834, 52.553
1835, 52.179
1836, 52.76
1837, 52.965
1838, 53.082
1839, 53.654
1840, 53.359
1841, 54.74
1842, 54.74
1843, 53.39
1844, 54.158
1845, 53.507
1846, 53.699
1847, 53.705
1848, 53.25
1849, 54.568
1850, 54.77
1851, 56.026
1852, 55.461
1853, 54.822
1854, 54.81
1855, 54.226
1856, 54.761
1857, 54.6
1858, 55.028
1859, 54.848
1860, 54.996
1861, 55.051
1862, 55.284
1863, 54.942
1864, 54.547
1865, 54.413
1866, 54.677
1867, 55.276
1868, 56.655
1869, 56.781
1870, 56.671
1871, 56.765
1872, 56.222
1873, 56.74
1874, 56.711
1875, 57.462
1876, 57.332
1877, 57.641
1878, 58.052
1879, 58.007
1880, 58.362
1881, 58.718
1882, 59.232
1883, 59.426
1884, 59.473
1885, 59.635
1886, 59.417
1887, 59.038
1888, 59.62
1889, 59.913
1890, 59.696
1891, 59.931
1892, 58.883
1893, 59.999
1894, 59.943
1895, 60.386
1896, 61.185
1897, 61.488
1898, 61.349
1899, 61.538
1900, 61.287
1901, 61.737
1902, 61.551
1903, 61.488
1904, 61.495
1905, 61.723
1906, 61.723
1907, 61.488
1908, 61.761
1909, 61.557
1910, 61.055
1911, 61.855
1912, 61.396
1913, 61.468
1914, 61.615
1915, 61.339
1916, 61.908
1917, 61.99
1918, 61.908
1919, 61.899
1920, 61.605
1921, 61.646
1922, 61.361
1923, 61.45
1924, 61.503
1925, 62.423
1926, 62.205
1927, 61.667
1928, 61.707
1929, 61.109
1930, 61.073
1931, 61.675
1932, 61.45
1933, 61.701
1934, 62.305
1935, 62.423
1936, 62.392
1937, 62.761
1938, 62.046
1939, 61.417
1940, 61.417
1941, 61.655
1942, 61.188
1943, 60.617
1944, 60.06
1945, 60.539
1946, 61.331
1947, 61.545
1948, 62.031
1949, 63.271
1950, 63.224
1951, 62.839
1952, 63.129
1953, 63.536
1954, 63.302
1955, 63.166
1956, 63.483
1957, 63.758
1958, 63.5
1959, 63.483
1960, 64.112
1961, 64.582
1962, 64.856
1963, 65.047
1964, 64.734
1965, 64.959
1966, 65.171
1967, 65.382
1968, 65.486
1969, 65.212
1970, 65.171
1971, 64.952
1972, 64.682
1973, 64.189
1974, 64.047
1975, 64.586
1976, 64.952
1977, 65.324
1978, 65.341
1979, 65.149
1980, 65.818
1981, 66.153
1982, 66.098
1983, 66.233
1984, 66.381
1985, 66.255
1986, 66.398
1987, 66.518
1988, 66.654
1989, 66.309
1990, 66.287
1991, 65.969
1992, 66.398
1993, 66.582
1994, 66.344
1995, 66.233
1996, 66.644
1997, 65.929
1998, 66.001
1999, 65.944
2000, 65.626
2001, 65.618
2002, 65.486
2003, 65.604
2004, 66.098
2005, 66.153
2006, 65.929
2007, 66.351
2008, 66.04
2009, 65.74
2010, 65.595
2011, 64.539
2012, 64.65
2013, 65.143
2014, 64.086
2015, 64.181
2016, 64.126
2017, 64.468
2018, 64.167
2019, 64.259
2020, 63.927
2021, 64.555
2022, 64.418
2023, 63.615
2024, 63.88
2025, 63.944
2026, 63.775
2027, 63.609
2028, 63.681
2029, 62.87
2030, 63.315
2031, 63.006
2032, 62.837
2033, 62.416
2034, 63.044
2035, 63.1
2036, 63.816
2037, 63.448
2038, 63.116
2039, 62.402
2040, 61.789
2041, 61.933
2042, 62.514
2043, 62.338
2044, 61.976
2045, 60.382
2046, 61.267
2047, 60.552
2048, 60.97
2049, 61.101
2050, 61.076
2051, 61.101
2052, 61.789
2053, 62.073
2054, 61.941
2055, 63.021
2056, 64.324
2057, 63.84
2058, 63.808
2059, 63.664
2060, 63.745
2061, 64.265
2062, 64.611
2063, 63.527
2064, 63.171
2065, 63.108
2066, 62.057
2067, 61.719
2068, 61.889
2069, 61.565
2070, 61.734
2071, 62.642
2072, 62.087
2073, 62.386
2074, 62.409
2075, 62.233
2076, 62.409
2077, 61.816
2078, 60.711
2079, 61.085
2080, 60.697
2081, 60.135
2082, 60.432
2083, 60.77
2084, 61.172
2085, 60.529
2086, 60.309
2087, 61.331
2088, 60.946
2089, 61.067
2090, 61.033
2091, 60.425
2092, 58.479
2093, 57.836
2094, 57.852
2095, 58.212
2096, 58.31
2097, 58.537
2098, 57.796
2099, 57.863
2100, 57.716
2101, 57.299
2102, 57.185
2103, 57.341
2104, 57.837
2105, 57.617
2106, 59.294
2107, 59.465
2108, 59.458
2109, 59.669
2110, 60.273
2111, 61.044
2112, 60.606
2113, 60.996
2114, 61.827
2115, 61.827
2116, 61.827
2117, 62.013
2118, 62.486
2119, 62.257
2120, 61.785
2121, 61.705
2122, 61.705
2123, 61.544
2124, 60.865
2125, 60.371
2126, 61.07
2127, 60.85
2128, 62.013
2129, 62.12
2130, 61.975
2131, 61.729
2132, 62.095
2133, 61.827
2134, 61.903
2135, 61.322
2136, 61.397
2137, 61.975
2138, 62.599
2139, 62.363
2140, 62.542
2141, 63.879
2142, 63.684
2143, 63.453
2144, 63.625
2145, 64.186
2146, 64.505
2147, 64.603
2148, 64.515
2149, 64.62
2150, 64.115
2151, 63.897
2152, 64.49
2153, 64.928
2154, 65.484
2155, 65.181
2156, 65.504
2157, 65.973
2158, 66.187
2159, 65.718
2160, 65.843
2161, 65.964
2162, 65.67
2163, 65.89
2164, 65.644
2165, 65.414
2166, 65.634
2167, 65.379
2168, 64.853
2169, 64.739
2170, 65.357
2171, 65.816
2172, 66.236
2173, 65.825
2174, 66.31
2175, 66.771
2176, 67.16
2177, 68.263
2178, 69.142
2179, 68.691
2180, 68.147
2181, 68.362
2182, 68.533
2183, 69.207
2184, 69.483
2185, 70.126
2186, 70.412
2187, 70.28
2188, 69.803
2189, 70.32
2190, 69.803
2191, 70.058
2192, 70.453
2193, 70.38
2194, 70.987
2195, 71.161
2196, 71.665
2197, 71.639
2198, 71.566
2199, 71.83
2200, 71.335
2201, 71.514
2202, 71.441
2203, 71.284
2204, 70.545
2205, 70.832
2206, 70.677
2207, 69.794
2208, 69.39
2209, 68.765
2210, 69.942
2211, 70.38
2212, 70.131
2213, 69.819
2214, 69.335
2215, 69.17
2216, 69.418
2217, 69.418
2218, 69.508
2219, 69.753
2220, 69.95
2221, 70.263
2222, 70.739
2223, 70.696
2224, 70.506
2225, 70.857
2226, 71.136
2227, 70.281
2228, 70.057
2229, 69.416
2230, 68.397
2231, 67.856
2232, 68.058
2233, 67.391
2234, 68.083
2235, 67.173
2236, 67.564
2237, 67.655
2238, 67.473
2239, 67.708
2240, 67.241
2241, 66.765
2242, 66.206
2243, 65.081
2244, 65.118
2245, 64.766
2246, 64.757
2247, 64.735
2248, 64.326
2249, 64.251
2250, 65.043
2251, 65.866
2252, 65.965
2253, 66.04
2254, 66.565
2255, 66.93
2256, 67.524
2257, 67.807
2258, 68.089
2259, 67.549
2260, 67.674
2261, 67.449
2262, 67.823
2263, 67.923
2264, 67.823
2265, 68.482
2266, 69.807
2267, 69.722
2268, 70.071
2269, 70.896
2270, 71.322
2271, 70.562
2272, 70.981
2273, 71.831
2274, 71.762
2275, 71.564
2276, 71.098
2277, 71.862
2278, 71.564
2279, 71.07
2280, 71.305
2281, 71.296
2282, 71.397
2283, 71.787
2284, 71.618
2285, 72.183
2286, 72.261
2287, 72.614
2288, 72.859
2289, 72.884
2290, 72.37
2291, 72.815
2292, 73.079
2293, 73.641
2294, 74.231
2295, 73.498
2296, 73.304
2297, 73.566
2298, 73.288
2299, 73.161
2300, 73.759
2301, 73.717
2302, 73.581
2303, 73.136
2304, 73.161
2305, 73.322
2306, 73.818
2307, 74.341
2308, 75.191
2309, 74.847
2310, 74.847
2311, 74.897
2312, 75.402
2313, 75.309
2314, 75.697
2315, 74.897
2316, 74.938
2317, 75.066
2318, 75.234
2319, 75.294
2320, 74.888
2321, 74.897
2322, 74.562
2323, 75.158
2324, 76.051
2325, 76.563
2326, 76.682
2327, 76.751
2328, 76.042
2329, 74.425
2330, 74.316
2331, 74.307
2332, 74.508
2333, 74.433
2334, 74.753
2335, 74.719
2336, 74.779
2337, 74.981
2338, 75.133
2339, 75.369
2340, 75.722
2341, 75.722
2342, 75.899
2343, 75.982
2344, 76.447
2345, 76.768
2346, 76.598
2347, 76.258
2348, 76.547
2349, 77.527
2350, 77.5
2351, 78.083
2352, 77.791
2353, 78.312
2354, 77.987
2355, 77.919
2356, 78.268
2357, 78.268
2358, 77.51
2359, 77.937
2360, 77.826
2361, 78.15
2362, 77.944
2363, 78.209
2364, 78.293
2365, 78.77
2366, 79.316
2367, 79.426
2368, 79.103
2369, 79.623
2370, 79.545
2371, 79.708
2372, 79.001
2373, 78.098
2374, 78.574
2375, 77.655
2376, 78.209
2377, 78.014
2378, 77.128
2379, 77.723
2380, 78.277
2381, 78.788
2382, 79.545
2383, 79.274
2384, 79.639
2385, 80.116
2386, 80.866
2387, 81.839
2388, 81.556
2389, 81.471
2390, 81.471
2391, 82.672
2392, 81.046
2393, 81.428
2394, 81.684
2395, 82.544
2396, 82.808
2397, 83.015
2398, 82.246
2399, 82.553
2400, 82.69
2401, 82.331
2402, 82.273
2403, 82.331
2404, 83.005
2405, 82.62
2406, 83.149
2407, 82.562
2408, 81.668
2409, 81.149
2410, 80.874
2411, 78.628
2412, 78.842
2413, 77.561
2414, 77.352
2415, 77.044
2416, 76.629
2417, 76.458
2418, 77.526
2419, 76.975
2420, 78.31
2421, 77.845
2422, 76.467
2423, 76.14
2424, 74.908
2425, 73.419
2426, 73.858
2427, 74.469
2428, 74.943
2429, 75.857
2430, 75.279
2431, 76.699
2432, 77.095
2433, 77.569
2434, 78.801
2435, 78.456
2436, 78.525
2437, 78.646
2438, 77.932
2439, 77.508
2440, 78.147
2441, 77.896
2442, 78.326
2443, 78.371
2444, 78.732
2445, 78.956
2446, 79.18
2447, 79.704
2448, 79.668
2449, 79.731
2450, 79.505
2451, 79.773
2452, 80.315
2453, 79.498
2454, 80.573
2455, 81.305
2456, 80.402
2457, 80.675
2458, 80.411
2459, 81.16
2460, 78.231
2461, 77.14
2462, 76.218
2463, 76.544
2464, 75.082
2465, 74.588
2466, 72.533
2467, 71.896
2468, 72.636
2469, 73.257
2470, 73.488
2471, 74.133
2472, 74.469
2473, 75.338
2474, 75.515
2475, 75.347
2476, 75.584
2477, 74.947
2478, 74.878
2479, 74.294
2480, 72.89
2481, 70.513
2482, 70.389
2483, 70.084
2484, 68.876
2485, 67.717
2486, 68.318
2487, 67.115
2488, 66.664
2489, 65.915
2490, 65.478
2491, 65.433
2492, 65.268
2493, 65.258
2494, 64.701
2495, 64.73
2496, 63.542
2497, 63.089
2498, 60.477
2499, 61.921
2500, 64.344
2501, 63.289
2502, 65.103
2503, 64.997
2504, 65.574
2505, 64.701
2506, 64.571
2507, 65.915
2508, 66.349
2509, 67.115
2510, 65.836
2511, 65.154
2512, 63.909
2513, 62.943
2514, 63.796
2515, 64.738
2516, 66.296
2517, 66.645
2518, 66.342
2519, 66.218
2520, 66.183
2521, 65.399
2522, 65.233
2523, 65.233
2524, 63.167
2525, 63.167
2526, 63.997
2527, 63.125
2528, 63.187
2529, 62.629
2530, 63.883
2531, 62.654
2532, 64.11
2533, 64.833
2534, 65.399
2535, 64.985
2536, 64.789
2537, 63.783
2538, 63.463
2539, 64.064
2540, 64.04
2541, 64.658
2542, 65.177
2543, 65.577
2544, 65.286
2545, 65.849
2546, 66.328
2547, 66.141
2548, 66.963
2549, 68.836
2550, 69.765
2551, 69.375
2552, 70.152
2553, 69.783
2554, 69.375
2555, 70.577
2556, 70.136
2557, 70.815
2558, 71.735
2559, 71.778
2560, 70.941
2561, 70.506
2562, 70.852
2563, 70.152
2564, 69.668
2565, 69.174
2566, 69.649
2567, 69.57
2568, 69.613
2569, 69.985
2570, 69.649
2571, 69.445
2572, 68.739
2573, 68.873
2574, 68.421
2575, 69.225
2576, 68.588
2577, 67.167
2578, 67.37
2579, 67.997
2580, 67.46
2581, 66.823
2582, 67.626
2583, 67.794
2584, 67.167
2585, 67.211
2586, 66.565
2587, 66.903
2588, 67.777
2589, 67.794
2590, 67.581
2591, 67.68
2592, 67.917
2593, 67.989
2594, 67.839
2595, 66.919
2596, 67.44
2597, 67.908
2598, 68.404
2599, 68.727
2600, 68.825
2601, 66.798
2602, 66.074
2603, 66.02
2604, 65.581
2605, 65.062
2606, 65.124
2607, 64.056
2608, 63.951
2609, 64.692
2610, 64.208
2611, 64.083
2612, 63.501
2613, 63.87
2614, 63.421
2615, 62.972
2616, 63.08
2617, 62.604
2618, 62.408
2619, 62.121
2620, 61.53
2621, 62.595
2622, 63.555
2623, 63.77
2624, 64.021
2625, 63.366
2626, 63.242
2627, 63.581
2628, 63.456
2629, 62.99
2630, 64.423
2631, 63.501
2632, 63.967
2633, 62.999
2634, 63.025
2635, 62.632
2636, 62.847
2637, 62.111
2638, 61.287
2639, 59.898
2640, 58.016
2641, 58.966
2642, 60.883
2643, 64.801
2644, 65.367
2645, 65.751
2646, 64.075
2647, 63.824
2648, 64.478
2649, 63.51
2650, 64.407
2651, 63.913
2652, 63.636
2653, 63.412
2654, 63.268
2655, 63.707
2656, 64.925
2657, 65.043
2658, 63.879
2659, 64.622
2660, 63.671
2661, 63.178
2662, 63.118
2663, 63.462
2664, 62.62
2665, 63.372
2666, 65.278
2667, 65.858
2668, 66.231
2669, 67.927
2670, 68.987
2671, 69.324
2672, 69.478
2673, 69.695
2674, 68.925
2675, 68.915
2676, 68.896
2677, 69.478
2678, 69.578
2679, 68.969
2680, 69.342
2681, 68.572
2682, 70.076
2683, 70.131
2684, 69.65
2685, 69.523
2686, 70.702
2687, 70.475
2688, 69.441
2689, 69.351
2690, 69.468
2691, 69.088
2692, 69.132
2693, 68.652
2694, 68.009
2695, 68.207
2696, 68.198
2697, 67.237
2698, 66.284
2699, 67.373
2700, 67.591
2701, 68.053
2702, 68.58
2703, 68.044
2704, 67.89
2705, 68.044
2706, 67.799
2707, 67.845
2708, 68.216
2709, 68.68
2710, 68.507
2711, 67.083
2712, 66.357
2713, 64.225
2714, 63.083
2715, 63.409
2716, 62.058
2717, 60.823
2718, 60.886
2719, 61.396
2720, 61.976
2721, 61.132
2722, 60.17
2723, 60.044
2724, 60.535
2725, 61.45
2726, 61.703
2727, 60.793
2728, 61.804
2729, 61.087
2730, 60.498
2731, 60.38
2732, 60.298
2733, 59.524
2734, 58.404
2735, 57.864
2736, 57.284
2737, 57.238
2738, 55.458
2739, 55.327
2740, 53.657
2741, 54.124
2742, 52.848
2743, 54.39
2744, 57.147
2745, 55.079
2746, 56.697
2747, 57.11
2748, 58.938
2749, 59.563
2750, 59.554
2751, 58.305
2752, 59.397
2753, 60.065
2754, 59.148
2755, 58.331
2756, 57.045
2757, 55.851
2758, 54.979
2759, 57.606
2760, 58.873
2761, 60.884
2762, 60.865
2763, 60.387
2764, 60.27
2765, 59.534
2766, 58.763
2767, 60.894
2768, 61.133
2769, 60.884
2770, 62.611
2771, 63.098
2772, 63.548
2773, 63.969
2774, 65.063
2775, 65.202
2776, 66.303
2777, 65.863
2778, 67.332
2779, 67.323
2780, 67.012
2781, 67.965
2782, 69.923
2783, 69.326
2784, 69.114
2785, 69.317
2786, 67.884
2787, 67.251
2788, 67.986
2789, 69.221
2790, 70.124
2791, 69.436
2792, 69.695
2793, 68.803
2794, 68.217
2795, 68.265
2796, 67.316
2797, 68.895
2798, 69.36
2799, 70.839
2800, 71.145
2801, 71.322
2802, 71.294
2803, 71.658
2804, 73.275
2805, 74.082
2806, 73.339
2807, 73.609
2808, 73.487
2809, 74.491
2810, 74.705
2811, 75.291
2812, 75.067
2813, 74.51
2814, 72.297
2815, 70.672
2816, 70.968
2817, 70.923
2818, 70.968
2819, 72.075
2820, 72.689
2821, 73.2
2822, 72.679
2823, 73.059
2824, 72.473
2825, 72.4
2826, 71.489
2827, 71.851
2828, 71.963
2829, 72.679
2830, 73.821
2831, 73.283
2832, 72.856
2833, 72.14
2834, 72.502
2835, 72.492
2836, 73.551
2837, 74.5
2838, 75.774
2839, 76.285
2840, 75.672
2841, 74.844
2842, 74.036
2843, 73.3
2844, 72.856
2845, 72.576
2846, 73.432
2847, 74.055
2848, 74.825
2849, 74.519
2850, 75.652
2851, 72.464
2852, 71.111
2853, 72.501
2854, 70.912
2855, 70.583
2856, 70.207
2857, 69.877
2858, 70.442
2859, 69.925
2860, 70.075
2861, 70.235
2862, 71.128
2863, 71.467
2864, 71.467
2865, 71.617
2866, 71.551
2867, 71.043
2868, 71.41
2869, 71.307
2870, 71.392
2871, 70.893
2872, 71.42
2873, 70.715
2874, 70.79
2875, 71.41
2876, 70.489
2877, 70.009
2878, 70.498
2879, 70.808
2880, 70.902
2881, 71.335
2882, 71.946
2883, 72.181
2884, 72.97
2885, 72.801
2886, 73.103
2887, 73.254
2888, 73.13
2889, 73.498
2890, 73.169
2891, 72.924
2892, 73.986
2893, 74.129
2894, 74.993
2895, 75.143
2896, 75.294
2897, 75.011
2898, 74.541
2899, 74.936
2900, 75.463
2901, 75.924
2902, 75.66
2903, 75.303
2904, 74.044
2905, 73.611
2906, 72.219
2907, 72.237
2908, 72.699
2909, 71.777
2910, 71.843
2911, 72.069
2912, 73.46
2913, 74.015
2914, 73.045
2915, 72.275
2916, 72.513
2917, 73.492
2918, 73.054
2919, 73.769
2920, 73.255
2921, 72.161
2922, 72.141
2923, 71.78
2924, 71.466
2925, 71.97
2926, 71.523
2927, 71.798
2928, 72.256
2929, 72.579
2930, 72.589
2931, 73.311
2932, 73.225
2933, 72.465
2934, 71.847
2935, 71.58
2936, 71.627
2937, 71.589
2938, 71.667
2939, 71.77
2940, 71.323
2941, 70.553
2942, 69.421
2943, 69.704
2944, 69.668
2945, 70.961
2946, 71.437
2947, 71.838
2948, 72.151
2949, 71.674
2950, 72.131
2951, 73.008
2952, 72.912
2953, 73.008
2954, 73.301
2955, 74.405
2956, 74.378
2957, 74.292
2958, 74.548
2959, 74.767
2960, 75.11
2961, 74.853
2962, 77.431
2963, 77.727
2964, 77.974
2965, 78.421
2966, 79.638
2967, 80.6
2968, 80.876
2969, 80.742
2970, 81.143
2971, 79.811
2972, 79.591
2973, 79.144
2974, 78.916
2975, 79.496
2976, 79.391
2977, 79.144
2978, 78.831
2979, 78.87
2980, 78.657
2981, 78.716
2982, 78.514
2983, 79.341
2984, 80.755
2985, 81.246
2986, 81.188
2987, 80.958
2988, 80.525
2989, 81.092
2990, 81.228
2991, 81.478
2992, 81.333
2993, 80.361
2994, 80.496
2995, 80.746
2996, 80.679
2997, 81.804
2998, 82.767
2999, 83.027
3000, 82.892
3001, 82.315
3002, 81.978
3003, 82.602
3004, 82.469
3005, 83.383
3006, 83.267
3007, 83.238
3008, 83.257
3009, 83.912
3010, 84.594
3011, 84.96
3012, 85.259
3013, 85.625
3014, 85.721
3015, 85.596
3016, 86.077
3017, 86.5
3018, 87.655
3019, 87.01
3020, 86.634
3021, 84.672
3022, 85.442
3023, 85.47
3024, 85.768
3025, 85.808
3026, 85.923
3027, 85.46
3028, 85.307
3029, 85.268
3030, 85.163
3031, 84.98
3032, 85.25
3033, 85.182
3034, 84.854
3035, 84.402
3036, 83.719
3037, 83.786
3038, 84.99
3039, 84.308
3040, 84.551
3041, 85.261
3042, 85.514
3043, 82.975
3044, 83.85
3045, 84.055
3046, 84.093
3047, 83.199
3048, 83.754
3049, 83.812
3050, 83.744
3051, 83.792
3052, 83.083
3053, 81.857
3054, 82.47
3055, 81.526
3056, 80.68
3057, 81.205
3058, 80.582
3059, 81.4
3060, 81.283
3061, 79.299
3062, 78.403
3063, 78.618
3064, 77.967
3065, 77.393
3066, 77.402
3067, 75.933
3068, 77.393
3069, 77.353
3070, 76.78
3071, 77.421
3072, 76.235
3073, 75.972
3074, 76.877
3075, 76.692
3076, 75.836
3077, 75.788
3078, 76.702
3079, 76.799
3080, 77.003
3081, 77.052
3082, 75.943
3083, 76.147
3084, 76.089
3085, 75.933
3086, 76.011
3087, 76.109
3088, 76.138
3089, 76.051
3090, 75.486
3091, 75.953
3092, 77.606
3093, 77.879
3094, 77.967
3095, 77.529
3096, 77.655
3097, 78.433
3098, 78.588
3099, 77.83
3100, 77.061
3101, 78.734
3102, 78.433
3103, 78.206
3104, 78.779
3105, 80.627
3106, 80.409
3107, 80.202
3108, 80.785
3109, 80.904
3110, 80.973
3111, 81.289
3112, 81.328
3113, 81.358
3114, 83.305
3115, 83.839
3116, 84.461
3117, 84.026
3118, 84.234
3119, 85.588
3120, 85.756
3121, 85.271
3122, 85.143
3123, 84.985
3124, 85.123
3125, 84.422
3126, 85.509
3127, 85.815
3128, 85.202
3129, 85.222
3130, 85.074
3131, 84.718
3132, 84.945
3133, 85.222
3134, 84.382
3135, 82.959
3136, 83.167
3137, 83.591
3138, 83.344
3139, 83.74
3140, 83.186
3141, 83.947
3142, 83.908
3143, 83.74
3144, 84.827
3145, 83.354
3146, 83.878
3147, 83.394
3148, 82.524
3149, 82.366
3150, 82.969
3151, 83.601
3152, 83.097
3153, 84.876
3154, 85.439
3155, 85.637
3156, 86.477
3157, 86.517
3158, 86.882
3159, 87.179
3160, 86.862
3161, 86.24
3162, 86.704
3163, 86.447
3164, 87.109
3165, 87.712
3166, 87.86
3167, 87.9
3168, 87.35
3169, 87.71
3170, 87.52
3171, 87.92
3172, 88.73
3173, 88.9
3174, 88.45
3175, 88.54
3176, 87.99
3177, 89.19
3178, 90.1
3179, 89.72
3180, 89.94
3181, 89.67
3182, 89.72
3183, 90.54
3184, 90.34
3185, 89.22
3186, 89.13
3187, 89.89
3188, 88.79
3189, 88.04
3190, 88.27
3191, 88.6
3192, 88.05
3193, 88.28
3194, 88.79
3195, 89.4
3196, 90.13
3197, 89.76
3198, 90.03
3199, 89.98
3200, 89.46
