0, 56.4
1, 57.6
2, 52.8
3, 56.8
4, 54.0
5, 51.6
6, 52.8
7, 47.6
8, 40.0
9, 36.8
10, 37.6
11, 37.6
12, 40.0
13, 40.4
14, 40.8
15, 40.0
16, 40.8
17, 43.2
18, 40.0
19, 40.4
20, 38.0
21, 38.4
22, 37.6
23, 36.0
24, 45.6
25, 40.0
26, 40.0
27, 36.4
28, 34.4
29, 35.6
30, 36.0
31, 36.0
32, 34.0
33, 33.2
34, 30.4
35, 26.0
36, 29.6
37, 28.8
38, 29.2
39, 29.2
40, 26.4
41, 25.6
42, 28.0
43, 24.8
44, 25.2
45, 25.2
46, 23.2
47, 27.2
48, 27.6
49, 28.4
50, 27.6
51, 28.8
52, 27.204
53, 28.0
54, 26.04
55, 24.4
56, 25.6
57, 28.0
58, 27.2
59, 24.8
60, 24.0
61, 24.0
62, 22.4
63, 23.6
64, 23.2
65, 22.0
66, 20.4
67, 20.0
68, 19.6
69, 19.2
70, 16.0
71, 16.0
72, 18.0
73, 19.2
74, 15.2
75, 12.8
76, 14.4
77, 14.4
78, 14.0
79, 13.6
80, 13.2
81, 16.0
82, 14.0
83, 15.2
84, 15.6
85, 14.4
86, 15.6
87, 16.4
88, 14.4
89, 16.0
90, 15.2
91, 15.2
92, 15.2
93, 17.6
94, 17.2
95, 16.0
96, 16.0
97, 18.4
98, 16.0
99, 15.6
100, 15.6
101, 14.8
102, 14.0
103, 15.2
104, 12.4
105, 8.8
106, 9.2
107, 8.8
108, 8.8
109, 8.4
110, 9.6
111, 9.6
112, 9.6
113, 10.0
114, 8.8
115, 10.0
116, 9.2
117, 9.2
118, 12.4
119, 10.0
120, 11.2
121, 9.6
122, 10.0
123, 10.4
124, 10.0
125, 10.0
126, 10.0
127, 10.8
128, 10.4
129, 9.2
130, 9.6
131, 12.4
132, 13.6
133, 12.4
134, 12.4
135, 12.8
136, 12.796
137, 12.0
138, 12.0
139, 12.0
140, 12.0
141, 12.004
142, 11.6
143, 14.136
144, 13.632
145, 13.6
146, 13.968
147, 13.2
148, 12.0
149, 11.196
150, 10.4
151, 11.2
152, 11.596
153, 11.2
154, 10.8
155, 10.716
156, 10.912
157, 10.236
158, 10.4
159, 11.0
160, 10.44
161, 10.76
162, 10.98
163, 15.2
164, 13.6
165, 15.996
166, 13.2
167, 12.64
168, 12.4
169, 12.4
170, 12.8
171, 11.58
172, 11.08
173, 11.196
174, 10.2
175, 11.2
176, 10.8
177, 10.4
178, 11.2
179, 10.24
180, 11.2
181, 9.8
182, 9.2
183, 9.76
184, 10.52
185, 10.12
186, 9.96
187, 9.2
188, 8.92
189, 9.08
190, 9.08
191, 8.96
192, 8.68
193, 8.6
194, 8.04
195, 7.52
196, 7.6
197, 8.4
198, 7.52
199, 7.92
200, 8.7968
201, 22.68
202, 23.48
203, 20.0
204, 20.24
205, 19.08
206, 19.16
207, 15.88
208, 14.4
209, 17.28
210, 16.52
211, 15.48
212, 14.48
213, 15.84
214, 15.32
215, 22.48
216, 19.16
217, 18.16
218, 21.24
219, 20.04
220, 22.48
221, 22.4
222, 19.48
223, 19.04
224, 18.24
225, 16.72
226, 17.4
227, 17.8
228, 17.76
229, 15.84
230, 12.0
231, 11.04
232, 9.68
233, 9.72
234, 13.68
235, 12.84
236, 12.48
237, 12.52
238, 13.12
239, 12.374
240, 12.24
241, 11.44
242, 11.36
243, 11.64
244, 11.84
245, 13.48
246, 13.3
247, 12.44
248, 12.16
249, 11.32
250, 11.0
251, 11.08
252, 11.04
253, 11.28
254, 11.44
255, 11.16
256, 10.88
257, 10.72
258, 10.632
259, 9.92
260, 9.72
261, 9.96
262, 10.2
263, 9.8
264, 9.56
265, 9.28
266, 9.4
267, 8.92
268, 9.8
269, 9.36
270, 9.4396
271, 9.08
272, 8.84
273, 9.0
274, 9.04
275, 8.8
276, 8.4
277, 8.52
278, 8.48
279, 9.36
280, 8.84
281, 8.56
282, 8.56
283, 8.44
284, 8.32
285, 8.44
286, 8.44
287, 8.8
288, 10.08
289, 10.28
290, 9.56
291, 9.84
292, 13.52
293, 11.52
294, 10.88
295, 11.24
296, 11.28
297, 10.92
298, 10.72
299, 10.8
300, 12.48
301, 11.88
302, 12.156
303, 11.76
304, 11.16
305, 10.757
306, 10.24
307, 10.0
308, 10.52
309, 11.12
310, 10.68
311, 10.96
312, 11.12
313, 11.28
314, 10.96
315, 10.92
316, 11.12
317, 11.84
318, 11.68
319, 11.24
320, 11.24
321, 11.283
322, 11.24
323, 11.8
324, 11.28
325, 11.283
326, 11.04
327, 11.0
328, 11.32
329, 10.8
330, 10.32
331, 10.16
332, 11.92
333, 11.24
334, 10.8
335, 10.72
336, 10.16
337, 10.4
338, 10.52
339, 10.24
340, 10.64
341, 10.24
342, 10.64
343, 10.44
344, 10.32
345, 10.56
346, 10.52
347, 10.6
348, 11.0
349, 10.76
350, 10.24
351, 10.32
352, 10.88
353, 10.48
354, 11.76
355, 10.88
356, 15.4
357, 14.44
358, 14.72
359, 18.28
360, 16.36
361, 15.4
362, 14.8
363, 14.8
364, 15.92
365, 16.44
366, 16.0
367, 19.44
368, 18.56
369, 17.76
370, 17.68
371, 16.12
372, 16.36
373, 15.52
374, 16.0
375, 18.28
376, 18.0
377, 18.0
378, 18.28
379, 17.076
380, 17.404
381, 16.96
382, 16.0
383, 15.56
384, 16.16
385, 15.28
386, 15.88
387, 16.64
388, 16.36
389, 16.16
390, 17.56
391, 17.28
392, 17.36
393, 17.4
394, 17.48
395, 17.2
396, 17.32
397, 17.319
398, 17.52
399, 17.44
400, 18.32
401, 17.84
402, 17.4
403, 18.8
404, 18.0
405, 17.64
406, 16.28
407, 16.28
408, 16.919
409, 16.64
410, 16.04
411, 16.36
412, 16.24
413, 15.88
414, 16.4
415, 16.32
416, 16.2
417, 16.44
418, 16.08
419, 15.68
420, 15.44
421, 14.24
422, 14.44
423, 13.56
424, 12.72
425, 13.08
426, 13.36
427, 12.92
428, 13.12
429, 13.16
430, 13.32
431, 13.56
432, 13.72
433, 15.44
434, 14.84
435, 14.12
436, 14.28
437, 13.88
438, 14.4
439, 14.24
440, 14.52
441, 13.76
442, 15.96
443, 15.96
444, 16.32
445, 15.68
446, 15.28
447, 14.28
448, 12.72
449, 12.24
450, 12.32
451, 12.12
452, 11.88
453, 12.12
454, 12.4
455, 12.52
456, 15.2
457, 14.44
458, 14.12
459, 13.36
460, 13.08
461, 12.96
462, 13.12
463, 13.4
464, 14.32
465, 13.6
466, 13.44
467, 13.56
468, 13.4
469, 13.2
470, 13.205
471, 13.24
472, 13.72
473, 14.12
474, 14.0
475, 13.8
476, 13.8
477, 14.08
478, 14.24
479, 15.16
480, 14.88
481, 14.28
482, 14.56
483, 14.96
484, 38.8
485, 33.04
486, 30.72
487, 26.28
488, 28.8
489, 26.36
490, 27.4
491, 26.2
492, 25.72
493, 23.44
494, 23.08
495, 23.48
496, 22.8
497, 23.68
498, 22.44
499, 22.28
500, 21.84
501, 20.84
502, 21.08
503, 20.68
504, 21.6
505, 18.96
506, 18.075
507, 19.28
508, 18.28
509, 19.96
510, 21.24
511, 21.56
512, 25.48
513, 22.88
514, 21.6
515, 22.2
516, 21.28
517, 20.72
518, 20.68
519, 20.88
520, 21.6
521, 21.76
522, 21.48
523, 20.84
524, 20.72
525, 21.24
526, 22.16
527, 22.32
528, 23.24
529, 21.96
530, 20.96
531, 20.8
532, 22.04
533, 23.32
534, 21.8
535, 21.84
536, 22.2
537, 23.16
538, 24.44
539, 25.88
540, 24.48
541, 25.84
542, 27.4
543, 25.4
544, 22.92
545, 21.36
546, 21.72
547, 21.92
548, 21.8
549, 21.8
550, 21.4
551, 20.16
552, 19.92
553, 20.64
554, 19.76
555, 20.32
556, 21.52
557, 21.04
558, 20.684
559, 21.88
560, 21.214
561, 20.88
562, 20.56
563, 20.52
564, 20.48
565, 20.6
566, 21.52
567, 20.84
568, 21.08
569, 21.04
570, 20.88
571, 21.24
572, 23.32
573, 22.16
574, 21.52
575, 21.96
576, 22.44
577, 21.56
578, 22.16
579, 22.52
580, 22.32
581, 21.72
582, 22.08
583, 22.76
584, 24.48
585, 23.28
586, 25.0
587, 26.0
588, 25.08
589, 26.08
590, 26.04
591, 25.28
592, 24.6
593, 23.4
594, 22.56
595, 23.64
596, 23.52
597, 23.28
598, 23.64
599, 25.4
600, 25.44
601, 25.72
602, 24.52
603, 26.8
604, 27.84
605, 29.44
606, 23.8
607, 22.72
608, 23.52
609, 21.36
610, 21.32
611, 21.0
612, 20.28
613, 21.24
614, 21.8
615, 22.0
616, 21.2
617, 21.512
618, 21.28
619, 20.88
620, 21.2
621, 20.88
622, 21.16
623, 21.4
624, 21.0
625, 20.8
626, 20.36
627, 20.76
628, 21.32
629, 21.16
630, 20.68
631, 20.96
632, 20.68
633, 20.44
634, 20.36
635, 21.2
636, 23.16
637, 21.88
638, 21.84
639, 22.92
640, 23.2
641, 23.64
642, 22.92
643, 23.0
644, 22.88
645, 23.0
646, 22.04
647, 21.6
648, 21.4
649, 20.92
650, 22.4
651, 22.56
652, 23.96
653, 22.48
654, 21.52
655, 21.04
656, 21.5
657, 21.32
658, 21.2
659, 20.56
660, 20.76
661, 21.26
662, 21.14
663, 20.42
664, 20.96
665, 21.58
666, 22.52
667, 22.26
668, 22.72
669, 22.5
670, 23.16
671, 22.4
672, 22.72
673, 22.32
674, 22.72
675, 22.28
676, 22.28
677, 24.2
678, 23.68
679, 23.92
680, 23.52
681, 25.36
682, 25.2
683, 24.36
684, 24.16
685, 24.16
686, 22.88
687, 22.32
688, 21.68
689, 22.16
690, 22.28
691, 21.8
692, 21.6
693, 22.241
694, 21.84
695, 21.8
696, 21.2
697, 20.64
698, 21.72
699, 25.64
700, 25.48
701, 25.64
702, 23.56
703, 22.88
704, 22.0
705, 22.28
706, 23.32
707, 22.66
708, 22.32
709, 21.72
710, 21.24
711, 22.04
712, 21.68
713, 21.92
714, 22.28
715, 22.28
716, 22.32
717, 22.12
718, 21.6
719, 21.56
720, 21.6
721, 21.32
722, 21.84
723, 21.92
724, 21.6
725, 21.04
726, 21.32
727, 21.4
728, 22.12
729, 21.96
730, 22.2
731, 22.32
732, 21.72
733, 21.76
734, 21.0
735, 21.64
736, 21.52
737, 21.32
738, 21.44
739, 21.44
740, 21.6
741, 21.52
742, 21.62
743, 21.32
744, 21.6
745, 21.64
746, 21.56
747, 21.639
748, 22.36
749, 23.0
750, 22.68
751, 22.84
752, 23.156
753, 23.28
754, 23.2
755, 23.24
756, 22.88
757, 23.16
758, 21.76
759, 21.84
760, 21.76
761, 21.88
762, 21.832
763, 22.28
764, 22.04
765, 22.168
766, 22.4
767, 21.92
768, 21.68
769, 21.84
770, 21.64
771, 21.84
772, 21.44
773, 21.52
774, 21.6
775, 21.84
776, 22.2
777, 22.88
778, 23.04
779, 22.48
780, 22.44
781, 22.24
782, 22.4
783, 22.04
784, 21.52
785, 21.68
786, 21.56
787, 21.68
788, 21.52
789, 21.52
790, 22.0
791, 22.12
792, 22.24
793, 22.0
794, 20.4
795, 20.04
796, 20.16
797, 19.6
798, 19.4
799, 19.48
800, 19.48
801, 19.52
802, 19.84
803, 20.68
804, 20.4
805, 20.44
806, 20.56
807, 20.28
808, 19.8
809, 19.8
810, 20.0
811, 19.661
812, 19.48
813, 19.12
814, 18.76
815, 17.72
816, 18.0
817, 17.8
818, 17.48
819, 17.2
820, 16.4
821, 16.12
822, 16.32
823, 16.4
824, 16.72
825, 16.56
826, 16.27
827, 15.84
828, 15.96
829, 16.12
830, 15.76
831, 15.24
832, 14.84
833, 14.32
834, 12.88
835, 11.76
836, 12.24
837, 12.32
838, 12.68
839, 12.68
840, 12.359
841, 13.88
842, 15.2
843, 14.12
844, 14.48
845, 13.88
846, 14.28
847, 14.2
848, 14.0
849, 13.96
850, 13.8
851, 14.16
852, 13.4
853, 14.52
854, 15.4
855, 16.0
856, 16.36
857, 17.56
858, 17.6
859, 15.72
860, 14.96
861, 15.52
862, 15.7
863, 16.204
864, 16.32
865, 16.16
866, 16.32
867, 16.32
868, 15.88
869, 15.76
870, 16.08
871, 16.0
872, 15.64
873, 14.68
874, 14.92
875, 15.14
876, 15.6
877, 15.8
878, 15.16
879, 14.36
880, 13.72
881, 14.04
882, 13.92
883, 13.88
884, 13.72
885, 13.4
886, 13.18
887, 13.64
888, 13.52
889, 13.52
890, 13.08
891, 13.6
892, 14.12
893, 13.8
894, 13.72
895, 13.64
896, 13.68
897, 13.56
898, 13.12
899, 13.6
900, 13.24
901, 13.56
902, 13.36
903, 13.04
904, 12.96
905, 13.12
906, 12.92
907, 12.08
908, 12.16
909, 12.08
910, 12.16
911, 11.88
912, 12.28
913, 12.72
914, 12.8
915, 13.04
916, 13.16
917, 13.12
918, 13.34
919, 13.24
920, 12.92
921, 13.08
922, 12.899
923, 12.92
924, 12.92
925, 12.96
926, 13.52
927, 13.68
928, 13.84
929, 13.385
930, 14.16
931, 14.28
932, 15.2
933, 15.36
934, 14.92
935, 14.8
936, 14.92
937, 14.96
938, 15.2
939, 14.88
940, 14.0
941, 13.6
942, 13.44
943, 13.72
944, 13.64
945, 13.52
946, 13.64
947, 13.8
948, 14.32
949, 14.6
950, 13.8
951, 12.24
952, 12.92
953, 13.0
954, 12.88
955, 13.28
956, 13.72
957, 13.72
958, 13.64
959, 13.12
960, 13.52
961, 13.96
962, 13.68
963, 13.52
964, 13.4
965, 13.2
966, 13.68
967, 13.92
968, 13.64
969, 13.64
970, 13.64
971, 13.96
972, 13.68
973, 13.68
974, 13.88
975, 13.44
976, 13.92
977, 13.44
978, 13.48
979, 13.16
980, 12.56
981, 12.4
982, 12.52
983, 12.28
984, 12.24
985, 12.16
986, 12.4
987, 12.48
988, 12.36
989, 12.32
990, 12.6
991, 12.04
992, 12.12
993, 12.64
994, 12.268
995, 12.08
996, 12.08
997, 12.08
998, 11.68
999, 11.72
1000, 12.0
1001, 12.12
1002, 12.2
1003, 12.04
1004, 12.08
1005, 12.08
1006, 12.56
1007, 12.36
1008, 12.96
1009, 12.88
1010, 12.72
1011, 12.92
1012, 12.4
1013, 11.72
1014, 11.92
1015, 11.96
1016, 12.04
1017, 12.04
1018, 11.16
1019, 10.68
1020, 11.28
1021, 11.2
1022, 11.88
1023, 11.84
1024, 11.92
1025, 11.8
1026, 11.6
1027, 10.84
1028, 10.84
1029, 10.84
1030, 10.84
1031, 10.56
1032, 10.64
1033, 10.88
1034, 10.96
1035, 10.68
1036, 10.8
1037, 11.168
1038, 10.72
1039, 11.0
1040, 10.04
1041, 8.64
1042, 9.16
1043, 8.84
1044, 9.0
1045, 9.08
1046, 7.92
1047, 7.96
1048, 7.92
1049, 8.12
1050, 7.68
1051, 6.68
1052, 6.04
1053, 5.56
1054, 5.52
1055, 5.52
1056, 5.92
1057, 5.76
1058, 5.64
1059, 6.24
1060, 6.0
1061, 6.2
1062, 6.16
1063, 5.96
1064, 6.0416
1065, 5.92
1066, 5.76
1067, 5.64
1068, 5.84
1069, 5.92
1070, 5.88
1071, 5.84
1072, 5.52
1073, 5.44
1074, 5.24
1075, 4.8
1076, 4.56
1077, 4.48
1078, 4.4
1079, 4.4
1080, 4.36
1081, 4.44
1082, 5.2
1083, 5.48
1084, 5.32
1085, 5.32
1086, 5.08
1087, 4.84
1088, 4.88
1089, 5.3552
1090, 5.4
1091, 5.76
1092, 6.28
1093, 5.48
1094, 5.48
1095, 5.52
1096, 5.56
1097, 5.32
1098, 5.36
1099, 5.8
1100, 5.68
1101, 5.68
1102, 5.68
1103, 5.8
1104, 5.64
1105, 5.52
1106, 5.64
1107, 5.08
1108, 4.88
1109, 4.64
1110, 4.8
1111, 4.76
1112, 4.44
1113, 4.4
1114, 4.4
1115, 4.36
1116, 4.56
1117, 4.4
1118, 7.92
1119, 7.4
1120, 6.6
1121, 6.08
1122, 6.4
1123, 6.28
1124, 5.64
1125, 5.48
1126, 5.12
1127, 4.84
1128, 4.84
1129, 4.72
1130, 5.28
1131, 5.08
1132, 5.04
1133, 4.9368
1134, 6.04
1135, 6.4
1136, 6.2
1137, 5.8
1138, 5.56
1139, 5.72
1140, 5.6
1141, 6.0
1142, 6.16
1143, 5.84
1144, 5.64
1145, 5.36
1146, 5.2
1147, 5.12
1148, 4.68
1149, 4.7604
1150, 4.96
1151, 4.72
1152, 4.96
1153, 4.84
1154, 4.68
1155, 4.4804
1156, 4.44
1157, 4.704
1158, 4.56
1159, 4.6796
1160, 4.5596
1161, 4.36
1162, 4.48
1163, 4.6
1164, 4.4212
1165, 4.56
1166, 4.452
1167, 4.4404
1168, 4.96
1169, 5.72
1170, 5.72
1171, 5.5196
1172, 4.76
1173, 5.3
1174, 5.08
1175, 5.04
1176, 5.2
1177, 5.3596
1178, 5.2
1179, 5.2368
1180, 5.3196
1181, 5.4396
1182, 5.5996
1183, 5.7596
1184, 5.252
1185, 5.36
1186, 5.3996
1187, 5.2
1188, 5.24
1189, 5.08
1190, 5.2
1191, 5.1252
1192, 5.006
1193, 5.24
1194, 5.24
1195, 5.0
1196, 5.6
1197, 5.48
1198, 5.16
1199, 5.16
1200, 4.8448
1201, 4.8
1202, 4.864
1203, 5.046
1204, 4.96
1205, 4.88
1206, 4.96
1207, 4.72
1208, 4.8
1209, 4.76
1210, 4.92
1211, 4.8396
1212, 4.92
1213, 4.8828
1214, 4.8
1215, 4.776
1216, 4.88
1217, 4.8
1218, 4.6
1219, 4.8
1220, 4.496
1221, 4.568
1222, 4.432
1223, 4.24
1224, 5.72
1225, 4.88
1226, 4.6
1227, 4.24
1228, 4.2
1229, 4.3992
1230, 4.08
1231, 4.1996
1232, 4.2796
1233, 3.7456
1234, 3.88
1235, 3.72
1236, 3.88
1237, 3.9872
1238, 3.72
1239, 3.68
1240, 4.0
1241, 3.76
1242, 3.8
1243, 3.84
1244, 3.84
1245, 3.8204
1246, 4.24
1247, 4.64
1248, 4.12
1249, 4.04
1250, 3.8864
1251, 3.92
1252, 3.88
1253, 3.8012
1254, 3.84
1255, 3.64
1256, 3.68
1257, 3.76
1258, 3.6796
1259, 4.32
1260, 4.13
1261, 3.8404
1262, 4.0
1263, 4.0
1264, 4.0
1265, 3.9192
1266, 3.84
1267, 3.84
1268, 3.72
1269, 3.8
1270, 4.0404
1271, 4.0
1272, 3.9996
1273, 4.48
1274, 4.16
1275, 3.88
1276, 3.88
1277, 4.2
1278, 4.4396
1279, 6.0404
1280, 5.68
1281, 5.8
1282, 5.4
1283, 5.2384
1284, 5.28
1285, 5.004
1286, 4.72
1287, 4.88
1288, 5.04
1289, 5.16
1290, 5.2
1291, 5.24
1292, 4.92
1293, 4.8
1294, 5.04
1295, 4.3192
1296, 4.24
1297, 4.44
1298, 4.48
1299, 4.48
1300, 4.48
1301, 4.52
1302, 4.4
1303, 4.56
1304, 4.6396
1305, 4.64
1306, 4.6
1307, 4.76
1308, 4.68
1309, 4.44
1310, 4.56
1311, 4.44
1312, 4.32
1313, 4.32
1314, 4.12
1315, 4.4
1316, 4.4
1317, 4.24
1318, 4.24
1319, 4.24
1320, 4.12
1321, 4.12
1322, 4.16
1323, 4.04
1324, 4.04
1325, 4.24
1326, 4.2236
1327, 4.2004
1328, 4.16
1329, 4.04
1330, 4.04
1331, 4.08
1332, 4.08
1333, 3.92
1334, 3.92
1335, 3.8004
1336, 3.8716
1337, 3.82
1338, 3.852
1339, 3.76
1340, 3.6896
1341, 3.76
1342, 3.6656
1343, 3.5628
1344, 3.322
1345, 3.3444
1346, 3.24
1347, 3.056
1348, 3.0404
1349, 2.924
1350, 2.9804
1351, 2.7044
1352, 2.6
1353, 2.524
1354, 2.68
1355, 2.72
1356, 2.8
1357, 2.92
1358, 3.12
1359, 2.88
1360, 2.7268
1361, 2.7972
1362, 3.48
1363, 3.2004
1364, 3.16
1365, 3.12
1366, 3.04
1367, 3.0004
1368, 2.84
1369, 2.8
1370, 2.852
1371, 2.7624
1372, 2.84
1373, 3.52
1374, 3.2
1375, 3.12
1376, 3.5164
1377, 3.1476
1378, 3.08
1379, 3.02
1380, 2.9876
1381, 2.84
1382, 2.8264
1383, 2.82
1384, 2.76
1385, 2.8
1386, 2.68
1387, 2.6332
1388, 2.64
1389, 2.64
1390, 2.72
1391, 2.64
1392, 2.6
1393, 2.68
1394, 2.84
1395, 3.1704
1396, 2.76
1397, 2.72
1398, 2.9332
1399, 2.96
1400, 3.0
1401, 3.08
1402, 2.96
1403, 3.1952
1404, 2.96
1405, 3.0
1406, 2.8272
1407, 2.9988
1408, 3.0804
1409, 2.934
1410, 2.88
1411, 2.88
1412, 2.8012
1413, 2.88
1414, 2.8444
1415, 3.04
1416, 3.04
1417, 3.12
1418, 3.08
1419, 3.28
1420, 3.12
1421, 3.2
1422, 3.2
1423, 3.2
1424, 3.12
1425, 3.14
1426, 3.06
1427, 3.1128
1428, 3.12
1429, 2.88
1430, 2.7204
1431, 2.8592
1432, 2.92
1433, 3.0
1434, 2.8
1435, 2.84
1436, 2.88
1437, 2.8
1438, 2.84
1439, 2.84
1440, 2.8396
1441, 2.72
1442, 2.644
1443, 2.652
1444, 2.67
1445, 2.65
1446, 3.08
1447, 2.92
1448, 2.75
1449, 2.97
1450, 2.81
1451, 3.0
1452, 3.08
1453, 2.87
1454, 2.77
1455, 2.8943
1456, 2.93
1457, 6.72
1458, 6.72
1459, 5.59
1460, 5.41
1461, 5.21
1462, 4.75
1463, 4.02
1464, 4.04
1465, 3.69
1466, 3.69
1467, 3.48
1468, 3.44
1469, 4.5
1470, 3.89
1471, 3.841
1472, 3.84
1473, 3.72
1474, 3.37
1475, 3.31
1476, 3.36
1477, 3.31
1478, 3.27
1479, 5.45
1480, 4.26
1481, 3.98
1482, 4.02
1483, 3.77
1484, 3.52
1485, 3.58
1486, 3.36
1487, 3.6
1488, 3.8
1489, 3.59
1490, 3.76
1491, 4.0799
1492, 4.48
1493, 3.91
1494, 3.71
1495, 4.21
1496, 4.19
1497, 4.13
1498, 4.43
1499, 4.61
1500, 4.56
1501, 4.2817
1502, 4.16
1503, 4.57
1504, 4.38
1505, 4.36
1506, 4.4
1507, 4.3
1508, 4.18
1509, 4.18
1510, 4.35
1511, 4.53
1512, 4.59
1513, 4.37
1514, 4.5
1515, 4.5
1516, 4.49
1517, 4.5
1518, 4.45
1519, 4.35
1520, 4.43
1521, 4.42
1522, 4.43
1523, 4.39
1524, 4.39
1525, 4.14
1526, 4.12
1527, 4.1
1528, 4.15
1529, 4.07
1530, 4.09
1531, 4.08
1532, 4.02
1533, 4.07
1534, 4.09
1535, 4.085
1536, 4.07
1537, 3.83
1538, 3.82
1539, 3.85
1540, 3.77
1541, 3.85
1542, 3.6892
1543, 3.62
1544, 3.46
1545, 3.29
1546, 3.23
1547, 3.31
1548, 3.29
1549, 3.31
1550, 3.27
1551, 3.23
1552, 3.32
1553, 3.24
1554, 3.1
1555, 3.31
1556, 3.16
1557, 3.2
1558, 3.24
1559, 3.29
1560, 3.26
1561, 3.28
1562, 3.3
1563, 3.515
1564, 3.33
1565, 3.33
1566, 3.21
1567, 3.33
1568, 3.33
1569, 3.33
1570, 3.22
1571, 3.15
1572, 3.01
1573, 2.8
1574, 2.96
1575, 3.15
1576, 2.98
1577, 3.16
1578, 3.27
1579, 3.36
1580, 3.35
1581, 3.37
1582, 3.37
1583, 3.35
1584, 3.32
1585, 6.52
1586, 4.91
1587, 4.97
1588, 5.24
1589, 5.8
1590, 5.31
1591, 4.98
1592, 5.0
1593, 4.97
1594, 4.82
1595, 4.66
1596, 4.71
1597, 4.67
1598, 4.62
1599, 4.3
1600, 4.34
1601, 4.35
1602, 4.23
1603, 4.24
1604, 4.16
1605, 4.23
1606, 3.8
1607, 3.72
1608, 4.03
1609, 4.03
