15.0, 26.294820717131586
16.0, 20.723151645979655
17.0, 11.759259259259295
18.0, 21.43446001648813
19.0, 19.035743973399875
20.0, 20.320855614973368
21.0, 23.594615993665954
22.0, 20.672525792892714
23.0, 28.961552281710453
24.0, 34.01201602136189
25.0, 28.72928176795584
26.0, 32.44663382594419
27.0, 39.628297362110345
28.0, 43.5451116913258
29.0, 42.30552423900792
30.0, 42.947067238912716
31.0, 47.80254777070062
32.0, 41.12017015242822
33.0, 41.33998574483252
34.0, 41.77573399363285
35.0, 36.588674126822696
36.0, 40.44905008635579
37.0, 38.930216082182106
38.0, 32.191265060240994
39.0, 40.17132551848517
40.0, 51.592356687898175
41.0, 38.89664804469274
42.0, 29.279628195197645
43.0, 38.92921960072608
44.0, 41.89453125000008
45.0, 51.69491525423734
46.0, 55.96412556053801
47.0, 69.16943521594673
48.0, 59.926918392204584
49.0, 66.12903225806441
50.0, 60.845839017735294
51.0, 64.54601605929577
52.0, 70.43426531826287
53.0, 67.29191090269629
54.0, 64.421997755331
55.0, 68.74999999999993
56.0, 56.96257615317667
57.0, 60.51896207584826
58.0, 63.14764316322559
59.0, 61.7623282134196
60.0, 64.4628099173554
61.0, 53.85572139303485
62.0, 55.65552699228792
63.0, 55.943152454780375
64.0, 58.74458874458878
65.0, 50.0
66.0, 49.119275289380965
67.0, 45.757149554617875
68.0, 50.0
69.0, 47.86539427423411
70.0, 63.294972743791675
71.0, 64.28992339422513
72.0, 58.34319526627222
73.0, 54.70621791215059
74.0, 49.13516976297254
75.0, 51.16744496330888
76.0, 56.527875793930804
77.0, 65.03759398496243
78.0, 65.12499999999997
79.0, 72.91440953412786
80.0, 62.34939759036147
81.0, 74.95387453874541
82.0, 65.97720557197125
83.0, 66.73545191910853
84.0, 65.08749466495945
85.0, 56.94962686567167
86.0, 60.393662986077736
87.0, 63.32335329341311
88.0, 64.16382252559723
89.0, 58.46290537538871
90.0, 61.80555555555553
91.0, 54.2517006802721
92.0, 50.73129962390305
93.0, 43.9105613701237
94.0, 50.82053996823713
95.0, 37.394685677252156
96.0, 50.247699929228645
97.0, 46.983408748114556
98.0, 50.430416068866585
99.0, 55.84024114544089
100.0, 50.39370078740155
101.0, 47.66162310866582
102.0, 50.0
103.0, 54.24091233071988
104.0, 51.28983308042498
105.0, 59.10204081632648
106.0, 66.97095435684645
107.0, 71.30497476568128
108.0, 73.12626603646184
109.0, 77.38095238095234
110.0, 59.503239740820746
111.0, 59.80707395498391
112.0, 57.36434108527127
113.0, 45.17881394296058
114.0, 42.10970464135021
115.0, 37.10037174721184
116.0, 26.719315564330344
117.0, 39.490068188556165
118.0, 40.37394098743786
119.0, 40.02350866882164
120.0, 37.18023255813956
121.0, 32.7097163548582
122.0, 34.140578854105144
123.0, 30.76923076923076
124.0, 33.79333557724668
125.0, 31.661651621531277
126.0, 31.874789633120173
127.0, 38.16406249999994
128.0, 38.23874755381603
129.0, 44.26823742637068
130.0, 57.640117994100216
131.0, 49.57865168539324
132.0, 44.98084291187738
133.0, 52.29235880398669
134.0, 50.0
135.0, 55.208983156581354
136.0, 43.97163120567371
137.0, 50.1779359430605
138.0, 37.76785714285718
139.0, 33.451957295373674
140.0, 29.395413481584427
141.0, 29.198606271777024
142.0, 34.359925788497236
143.0, 34.87758945386065
144.0, 31.24156545209182
145.0, 25.12858192505513
146.0, 21.268395234758287
147.0, 20.37562012756915
148.0, 31.23955897093218
149.0, 34.687400825134915
150.0, 37.187088274044854
151.0, 32.8566564521621
152.0, 45.99345870809483
153.0, 43.28587918430166
154.0, 48.05638615976077
155.0, 40.76127124907617
156.0, 39.25729442970826
157.0, 37.00000000000002
158.0, 34.44148936170217
159.0, 38.50951044589959
160.0, 37.31117824773416
161.0, 32.08770846201361
162.0, 34.0827338129497
163.0, 27.91508238276306
164.0, 28.817271589486907
165.0, 35.17160457612205
166.0, 29.57586108738971
167.0, 34.876748834110586
168.0, 32.82131661442007
169.0, 38.125440451021866
170.0, 35.07438016528923
171.0, 29.48041122534036
172.0, 37.229029217719166
173.0, 47.282321899736154
174.0, 58.68659642244551
175.0, 66.7163861069678
176.0, 61.18104829480426
177.0, 59.95962314939433
178.0, 59.77011494252871
179.0, 55.441382531527346
180.0, 58.37226456847796
181.0, 58.55569155446754
182.0, 67.88553259141493
183.0, 66.80235187697875
184.0, 70.75887676955213
185.0, 85.42476401998893
186.0, 84.75889781859932
187.0, 77.31213872832377
188.0, 67.97877045555067
189.0, 55.907429963459286
190.0, 66.32420091324212
191.0, 75.3480278422275
192.0, 63.21138211382113
193.0, 61.43209876543202
194.0, 59.63566634707577
195.0, 58.3333333333334
196.0, 49.152542372881356
197.0, 50.449910017996416
198.0, 45.377128953771255
199.0, 45.64164648910416
200.0, 45.80801944106931
201.0, 38.766066838046264
202.0, 39.435146443514654
203.0, 36.478332419089355
204.0, 24.82311320754711
205.0, 22.633495145631088
206.0, 23.74283895607897
207.0, 25.65337001375522
208.0, 29.992790194664764
209.0, 26.179987413467586
210.0, 14.172089660159159
211.0, 13.216453135536142
212.0, 12.818835840418643
213.0, 28.602035350830278
214.0, 27.3986659825552
215.0, 37.67584097859335
216.0, 35.03981797497161
217.0, 31.69811320754728
218.0, 33.1641285956008
219.0, 28.002244668911416
220.0, 38.77668782458168
221.0, 40.07155635062608
222.0, 36.04584527220636
223.0, 43.350383631713605
224.0, 47.97136038186153
225.0, 50.50251256281402
226.0, 53.959731543624244
227.0, 40.295909486509814
228.0, 41.04609929077998
229.0, 43.834459459459374
230.0, 55.10777881911899
231.0, 66.6352497643733
232.0, 69.50286806883375
233.0, 68.26291079812225
234.0, 60.28291621327541
235.0, 50.639853747714945
236.0, 72.35824742268053
237.0, 63.288155568650666
238.0, 62.2195269860523
239.0, 63.64190012180279
240.0, 65.18873576992215
241.0, 65.51928783382803
242.0, 68.23457544288344
243.0, 65.31020680453643
244.0, 63.636363636363726
245.0, 64.79350033852415
246.0, 69.99422965955003
247.0, 76.77233429394815
248.0, 70.10526315789477
249.0, 75.94070695553032
250.0, 68.76387860843823
251.0, 71.35176651305686
252.0, 69.1307879772544
253.0, 68.64686468646883
254.0, 63.322632423756104
255.0, 62.23140495867772
256.0, 66.81190994916494
257.0, 66.81190994916494
258.0, 59.087989723827945
259.0, 44.827586206896555
260.0, 43.72346876895084
261.0, 33.70660694288907
262.0, 40.59880239520955
263.0, 39.83548766157459
264.0, 38.276069921639525
265.0, 41.80381830151416
266.0, 37.047841306884386
267.0, 35.99773242630383
268.0, 40.632054176072174
269.0, 38.50762527233107
270.0, 39.65793693212178
271.0, 38.40579710144919
272.0, 37.323943661971725
273.0, 43.544600938967115
274.0, 35.60910307898247
275.0, 51.44429160935358
276.0, 48.988439306358416
277.0, 56.59863945578233
278.0, 37.975361542581666
279.0, 36.69772256728774
280.0, 36.69772256728774
281.0, 36.8503118503118
282.0, 36.55352480417759
283.0, 40.105263157894676
284.0, 30.60996082820361
285.0, 37.88198103266593
286.0, 41.22706422018344
287.0, 39.203925845147175
288.0, 36.12427593470246
289.0, 26.841804683038234
290.0, 26.484018264840117
291.0, 18.97184822521416
292.0, 28.723404255319068
293.0, 26.150121065375203
294.0, 32.60869565217391
295.0, 43.989983305509085
296.0, 49.73782771535575
297.0, 39.762219286657896
298.0, 38.101265822784875
299.0, 29.799029799029825
300.0, 37.97468354430387
301.0, 38.67028493894167
302.0, 43.98888116747746
303.0, 44.798301486199506
304.0, 40.97087378640776
305.0, 41.2109375
306.0, 38.90634820867375
307.0, 47.719762062128254
308.0, 45.93709043250331
309.0, 36.86079545454555
310.0, 22.270742358078635
311.0, 26.176218990590314
312.0, 45.44740973312404
313.0, 34.21985815602834
314.0, 24.92901760363425
315.0, 25.85394581861013
316.0, 24.06513872135106
317.0, 23.553719008264522
318.0, 27.020202020202078
319.0, 37.486157253599075
320.0, 38.22699040090349
321.0, 34.14634146341457
322.0, 33.84433962264144
323.0, 36.45645645645644
324.0, 38.490805326569436
325.0, 43.56495468277943
326.0, 31.284916201117298
327.0, 38.1926683716966
328.0, 33.65890308039073
329.0, 52.313554708764215
330.0, 52.80172413793101
331.0, 55.118110236220424
332.0, 56.10561056105604
333.0, 52.12957408518301
334.0, 54.7125074096028
335.0, 48.86183165696138
336.0, 49.4111349036403
337.0, 45.408163265306136
338.0, 47.4666666666667
339.0, 42.24278715296679
340.0, 48.575788402848396
341.0, 45.17502365184482
342.0, 46.426835196888696
343.0, 28.626943005181417
344.0, 25.923525599481508
345.0, 24.570024570024543
346.0, 20.520768753874748
347.0, 12.64929424538532
348.0, 9.231562661165484
349.0, 13.831567205800226
350.0, 13.522355507088236
351.0, 13.785436353529633
352.0, 17.950079660116728
353.0, 17.494824016563058
354.0, 20.735952262555884
355.0, 31.472359058565957
356.0, 34.14489311163889
357.0, 40.72688401924103
358.0, 41.63934426229506
359.0, 47.06515885837368
360.0, 49.62039045553147
361.0, 50.60840707964597
362.0, 55.807027992852895
363.0, 50.78993563487422
364.0, 52.92682926829267
365.0, 49.60000000000002
366.0, 42.6769061985738
367.0, 43.75703037120358
368.0, 36.628643852978485
369.0, 39.20972644376903
370.0, 49.5762711864407
371.0, 54.02869757174395
372.0, 53.43886462882099
373.0, 52.84687672747377
374.0, 56.07621009268796
375.0, 67.07674282366727
376.0, 66.646884272997
377.0, 71.29572225666459
378.0, 65.37805571347354
379.0, 72.46376811594185
380.0, 82.41335044929376
381.0, 88.77314814814802
382.0, 88.92694063926929
383.0, 88.34834834834824
384.0, 87.220026350461
385.0, 81.5525876460768
386.0, 65.52649228705555
387.0, 64.25591098748257
388.0, 66.64503569110965
389.0, 59.6071209330877
390.0, 62.88776085730396
391.0, 61.36491821770999
392.0, 66.87154271665631
393.0, 66.30103595368669
394.0, 56.955223880596996
395.0, 52.28325612177373
396.0, 47.70889487870617
397.0, 48.16299265197063
398.0, 43.320848938826586
399.0, 43.32084893882649
400.0, 60.093896713614946
401.0, 52.15281989084284
402.0, 47.71371769383693
403.0, 52.24963715529755
404.0, 50.302114803625344
405.0, 59.6030729833546
406.0, 59.6030729833546
407.0, 63.048933500627264
408.0, 72.37532808398934
409.0, 72.32084155161057
410.0, 74.67752885268145
411.0, 69.57478005865093
412.0, 78.47908745247142
413.0, 83.73570520965693
414.0, 82.89913159652637
415.0, 95.43446244477188
416.0, 90.83072100313498
417.0, 86.42803877703214
418.0, 70.84161696487732
419.0, 59.117647058823444
420.0, 66.18004866180047
421.0, 63.73350094280327
422.0, 66.93409742120336
423.0, 56.10134436401242
424.0, 55.300713557594335
425.0, 56.30513751946025
426.0, 48.33574529667151
427.0, 39.01907356948233
428.0, 36.05714285714287
429.0, 41.44427001569853
430.0, 41.01501812532362
431.0, 45.756646216768914
432.0, 50.1962983735278
433.0, 63.82380506091848
434.0, 50.657894736842074
435.0, 53.22727272727272
436.0, 47.500000000000014
437.0, 58.543263964950675
438.0, 58.38339705079191
439.0, 59.211237169097856
440.0, 66.46452395391151
441.0, 69.22608165752587
442.0, 69.65144230769234
443.0, 60.99611901681771
444.0, 65.58018252933513
445.0, 55.33088235294117
446.0, 59.29203539823012
447.0, 44.290657439446456
448.0, 60.13071895424838
449.0, 56.78866587957508
450.0, 59.558011049723696
451.0, 46.682188591385405
452.0, 53.761061946902736
453.0, 47.41735537190078
454.0, 47.07692307692314
455.0, 45.56962025316456
456.0, 43.97394136807811
457.0, 48.32935560859175
458.0, 46.543209876543145
459.0, 63.23296354992088
460.0, 60.36484245439466
461.0, 45.174825174825244
462.0, 37.6329787234043
463.0, 38.772845953002594
464.0, 49.187432286024
465.0, 49.40152339499461
466.0, 43.15789473684212
467.0, 44.727272727272776
468.0, 51.2702078521939
469.0, 43.40382678751264
470.0, 38.72549019607849
471.0, 43.30855018587373
472.0, 44.746376811594246
473.0, 47.322970639032775
474.0, 50.0
475.0, 59.128065395095206
476.0, 61.126760563380394
477.0, 54.91071428571427
478.0, 45.227765726681056
479.0, 54.77223427331894
480.0, 61.996161228406976
481.0, 66.69980119284298
482.0, 65.88594704684331
483.0, 77.89115646258526
484.0, 85.60523446019644
485.0, 84.77508650519044
486.0, 84.5252051582651
487.0, 67.25755995828999
488.0, 71.40255009107479
489.0, 67.95937211449704
490.0, 75.0814332247558
491.0, 62.72108843537414
492.0, 67.85923753665689
493.0, 61.40149339460081
494.0, 59.591100420926054
495.0, 56.52428320655364
496.0, 55.40216086434576
497.0, 61.641713990707345
498.0, 62.700803212851476
499.0, 63.70297997068888
500.0, 63.36291913215
501.0, 66.30546955624365
502.0, 64.16026344676192
503.0, 67.1087533156499
504.0, 52.892156862745075
505.0, 61.237230419977365
506.0, 53.16373124592308
507.0, 60.61007957559686
508.0, 58.28767123287676
509.0, 69.72425436128307
510.0, 72.80080889787665
511.0, 68.24085005903184
512.0, 54.74890829694331
513.0, 54.224185532854854
514.0, 47.69539078156315
515.0, 45.550239234449755
516.0, 43.968488429345115
517.0, 39.358024691357976
518.0, 49.22724670864335
519.0, 47.513812154696126
520.0, 52.859350850077305
521.0, 49.387320191795425
522.0, 47.68518518518518
523.0, 36.077938403519674
524.0, 24.333333333333172
525.0, 23.31081081081065
526.0, 24.555160142348583
527.0, 26.0808926080891
528.0, 28.83577486507302
529.0, 42.05974842767286
530.0, 39.41940412528642
531.0, 45.12099921935987
532.0, 39.82985305491112
533.0, 47.78481012658224
534.0, 31.69319826338635
535.0, 30.95406360424022
536.0, 34.76676384839652
537.0, 40.80687830687835
538.0, 53.13630880579009
539.0, 52.46098439375752
540.0, 57.273918741808544
541.0, 57.85391079508718
542.0, 60.92579986385298
543.0, 57.88701393983857
544.0, 60.9939759036145
545.0, 54.32098765432097
546.0, 58.12547241118667
547.0, 60.0
548.0, 60.0
549.0, 68.44155844155846
550.0, 70.7405177603853
551.0, 60.20469596628532
552.0, 53.61403508771922
553.0, 50.23011176857336
554.0, 52.150170648464126
555.0, 48.17251461988302
556.0, 53.599476439790564
557.0, 49.100257069408784
558.0, 46.90656565656568
559.0, 55.10455104551049
560.0, 47.195253505933124
561.0, 44.72049689440988
562.0, 54.78204294079372
563.0, 46.858440575321644
564.0, 43.5691318327974
565.0, 48.47942754919504
566.0, 55.383423702556286
567.0, 58.8962108731465
568.0, 59.88274706867676
569.0, 59.23777961888993
570.0, 55.67567567567575
571.0, 60.93600764087869
572.0, 57.52930568079343
573.0, 40.653813914501285
574.0, 39.27125506072872
575.0, 40.75829383886264
576.0, 38.07189542483657
577.0, 34.54410674573765
578.0, 31.069476971116316
579.0, 30.266159695817436
580.0, 20.468343451864712
581.0, 26.964433416046376
582.0, 26.964433416046376
583.0, 26.831275720164584
584.0, 21.953255425709585
585.0, 26.896012509773286
586.0, 24.293785310734535
587.0, 40.31451036454608
588.0, 47.43481917577797
589.0, 42.31119199272064
590.0, 41.55495978552278
591.0, 52.7601809954751
592.0, 57.80113177041219
593.0, 59.782608695652264
594.0, 64.76190476190477
595.0, 75.21895929933028
596.0, 67.31212540341178
597.0, 65.85475868290484
598.0, 70.07575757575762
599.0, 56.95557174071379
600.0, 58.885542168674654
601.0, 56.14457831325302
602.0, 58.88572590483931
603.0, 60.20651310563937
604.0, 54.78857968919408
605.0, 55.25751072961374
606.0, 45.41910331384017
607.0, 52.61787677176744
608.0, 49.26605504587159
609.0, 30.44458762886609
610.0, 39.31489629164047
611.0, 43.293614421020486
612.0, 33.260153677277756
613.0, 36.92870201096894
614.0, 35.69955817378501
615.0, 33.536055603822774
616.0, 39.65290560084146
617.0, 38.81631564916025
618.0, 41.25814678379149
619.0, 32.05975998040657
620.0, 31.56498673740053
621.0, 23.787838199839243
622.0, 26.247061896056337
623.0, 27.777777777777715
624.0, 28.155072862249085
625.0, 23.372378098610696
626.0, 32.80264343646732
627.0, 43.32889480692407
628.0, 43.087923728813564
629.0, 44.332425068119875
630.0, 32.85140562248995
631.0, 31.397459165154203
632.0, 31.34057971014488
633.0, 35.977421271538844
634.0, 41.845196959225994
635.0, 47.510178515502616
636.0, 46.24759461193074
637.0, 51.469559132260315
638.0, 45.60784313725489
639.0, 44.17014812001514
640.0, 36.71936758893283
641.0, 18.76190476190473
642.0, 22.77444019661381
643.0, 15.213425757022932
644.0, 31.97950969630442
645.0, 43.6476751800917
646.0, 46.136363636363576
647.0, 46.27157277759688
648.0, 46.816846229187064
649.0, 40.72202166064983
650.0, 36.91366417403126
651.0, 31.713171317131682
652.0, 33.89485913447578
653.0, 33.76736111111113
654.0, 35.09774436090224
655.0, 42.86111884219314
656.0, 46.256544502617785
657.0, 58.47121111846458
658.0, 52.62363155907889
659.0, 40.24967714162723
660.0, 37.19806763285032
661.0, 36.890243902439074
662.0, 28.958333333333385
663.0, 28.858131487889338
664.0, 30.69562016930442
665.0, 35.54987212276224
666.0, 38.05817287996719
667.0, 40.19904803115534
668.0, 39.39779474130617
669.0, 30.832526621490842
670.0, 28.010075566750558
671.0, 33.68740515933234
672.0, 29.334677419354847
673.0, 37.88546255506607
674.0, 46.86011260285839
675.0, 52.74930102516314
676.0, 75.96541786743511
677.0, 54.59817729908859
678.0, 48.3492296404989
679.0, 50.65359477124179
680.0, 49.4983277591973
681.0, 37.051460361613366
682.0, 34.463130659767145
683.0, 36.53219744424955
684.0, 41.106719367588944
685.0, 44.69432314410479
686.0, 41.65649165649165
687.0, 48.463059500269644
688.0, 50.11310248825473
689.0, 48.57535187092345
690.0, 46.771625685476714
691.0, 53.31720104859852
692.0, 57.09350032390413
693.0, 56.29385964912283
694.0, 55.2938537460745
695.0, 68.0187637969095
696.0, 74.40386356776337
697.0, 73.41692789968651
698.0, 63.627049180327894
699.0, 49.42991281019449
700.0, 52.12164073550212
701.0, 35.890151515151416
702.0, 14.607358594178976
703.0, 12.292051756007325
704.0, 11.36266552755228
705.0, 16.009752133279108
706.0, 19.984326018808716
707.0, 16.74876847290635
708.0, 18.931883594499496
709.0, 22.722689075630228
710.0, 21.652786675208176
711.0, 19.64520367936923
712.0, 27.535760728218463
713.0, 35.125317835088964
714.0, 37.68511301636787
715.0, 32.83931357254289
716.0, 31.677953348382218
717.0, 40.97496706192358
718.0, 46.32558139534885
719.0, 39.04633378317588
720.0, 35.00931098696461
721.0, 44.470727380248334
722.0, 34.809767177739914
723.0, 28.502155172413794
724.0, 33.48441926345615
725.0, 38.82230328295986
726.0, 25.80645161290319
727.0, 22.16157205240171
728.0, 24.64907355418306
729.0, 24.267551133222767
730.0, 27.961783439490446
731.0, 20.875824835033015
732.0, 35.84630350194551
733.0, 40.14989293361884
734.0, 40.7608695652174
735.0, 39.432176656151434
736.0, 51.44181256436666
737.0, 70.8952380952381
738.0, 70.73918039065491
739.0, 70.07442224833531
740.0, 81.1556864188443
741.0, 70.96247960848287
742.0, 67.80626780626781
743.0, 73.53300733496336
744.0, 72.01436695600121
745.0, 77.54733994589724
746.0, 78.4788245462403
747.0, 77.2805017103763
748.0, 74.76558190843909
749.0, 78.77518974090553
750.0, 79.49431099873581
751.0, 72.8840625998084
752.0, 69.9874686716792
753.0, 63.28287325615909
754.0, 60.89155864685425
755.0, 71.37620793068979
756.0, 71.06834771068345
757.0, 67.5782655631522
758.0, 61.312438785504426
759.0, 45.90517241379311
760.0, 35.78509753757599
761.0, 40.666666666666686
762.0, 42.4929178470255
763.0, 33.88136686009034
764.0, 23.671155209071628
765.0, 34.711508793582226
766.0, 35.91954022988507
767.0, 37.03094140882163
768.0, 29.186602870813417
769.0, 21.82329066500155
770.0, 29.115442278860556
771.0, 30.917159763313606
772.0, 46.42559109874824
773.0, 65.05069708491763
774.0, 61.11942532175996
775.0, 54.69031870114252
776.0, 57.51339159853397
777.0, 60.87735004476275
778.0, 64.61628588166374
779.0, 61.25721616420782
780.0, 57.53012048192773
781.0, 61.197339246119725
782.0, 69.27710843373495
783.0, 73.74421090131813
784.0, 71.1658841940532
785.0, 62.54480286738353
786.0, 52.41347905282331
787.0, 38.89452332657199
788.0, 48.78172588832487
789.0, 54.87323943661971
790.0, 54.17620137299773
791.0, 55.803316180674706
792.0, 52.98053527980532
793.0, 53.12310491206796
794.0, 61.80602006688956
795.0, 51.19182746878551
796.0, 41.95496979681491
797.0, 57.410714285714306
798.0, 60.61106523534269
799.0, 66.27539503386008
800.0, 59.79209979209977
801.0, 49.38186813186814
802.0, 44.4285714285714
803.0, 47.55645433097403
804.0, 42.660550458715576
805.0, 47.39397863386207
806.0, 49.79919678714857
807.0, 51.564828614008945
808.0, 52.47148288973384
809.0, 58.41892312480549
810.0, 62.334656084656096
811.0, 61.29799524294936
812.0, 56.71271696776482
813.0, 54.014844804318486
814.0, 52.61255340124881
815.0, 65.26701997554014
816.0, 60.346777233320765
817.0, 54.36113236419284
818.0, 55.681818181818166
819.0, 51.91326530612243
820.0, 44.62081128747799
821.0, 40.07633587786257
822.0, 32.55813953488372
823.0, 29.040972534894152
824.0, 26.54166666666663
825.0, 9.834420471650773
826.0, 9.095127610208792
827.0, 9.58435207823959
828.0, 24.242424242424264
829.0, 22.617419060647535
830.0, 26.873385012919897
831.0, 25.084418716835486
832.0, 23.59346642468239
833.0, 23.384895359417698
834.0, 22.99776286353469
835.0, 22.020842772995024
836.0, 22.25274725274727
837.0, 19.676113360323896
838.0, 17.743702081051495
839.0, 17.91374861776633
840.0, 17.425600573682345
841.0, 16.413373860182404
842.0, 6.642857142857139
843.0, 5.951999999999998
844.0, 5.056179775280924
845.0, 5.215711526078579
846.0, 5.144490314385536
847.0, 7.322370462302175
848.0, 6.98224852071003
849.0, 4.254128183599207
850.0, 9.983079526226717
851.0, 10.560859188544143
852.0, 19.14758269720103
853.0, 21.181959564541188
854.0, 33.68294875636802
855.0, 42.09887776766756
856.0, 45.167286245353175
857.0, 64.67013888888889
858.0, 71.06625258799173
859.0, 66.3605606573224
860.0, 70.36946415463665
861.0, 69.61866532865028
862.0, 76.92705638903257
863.0, 83.97602918186556
864.0, 79.29133858267717
865.0, 71.40155991491372
866.0, 72.24770642201834
867.0, 80.53097345132743
868.0, 75.33025099075297
869.0, 70.97093791281372
870.0, 71.3353986629708
871.0, 69.67396929446265
872.0, 66.87394007914074
873.0, 68.80573865839472
874.0, 69.96453238753034
875.0, 71.56238953693885
876.0, 69.21970514203522
877.0, 61.36673483299249
878.0, 59.876953774526086
879.0, 61.79852411189291
880.0, 61.08391608391608
881.0, 38.31041257367388
882.0, 38.89304412864624
883.0, 39.79591836734696
884.0, 39.7190293742018
885.0, 32.667617689015714
886.0, 31.283050375730625
887.0, 33.14656443526984
888.0, 23.752614281446085
889.0, 14.19871794871797
890.0, 31.994715984147987
891.0, 46.700105596620915
892.0, 56.724401426388184
893.0, 64.76781857451404
894.0, 62.45684695051783
895.0, 63.23914943198369
896.0, 68.79879879879877
897.0, 62.904997254255896
898.0, 62.782369146005514
899.0, 66.96821515892421
900.0, 63.535142658315934
901.0, 60.03945637878123
902.0, 64.0402151040449
903.0, 63.83127476112795
904.0, 48.32066683010542
905.0, 33.37269721303733
906.0, 34.13495213635302
907.0, 30.547004499171194
908.0, 30.083432657926082
909.0, 23.942325934357797
910.0, 20.05619950825431
911.0, 22.043319915660334
912.0, 24.475394614670364
913.0, 10.621628564089363
914.0, 10.821774404606117
915.0, 29.259745948313608
916.0, 28.185654008438803
917.0, 27.996647108130745
918.0, 28.821054902383764
919.0, 35.26888815572417
920.0, 34.90378234903781
921.0, 36.584294343767155
922.0, 35.50251525206036
923.0, 40.64452885675775
924.0, 41.576836299824514
925.0, 41.414267834793485
926.0, 43.288102738066385
927.0, 69.51261077027948
928.0, 72.49485243651338
929.0, 64.7847100175747
930.0, 63.78974691758599
931.0, 70.49147442326984
932.0, 73.94781144781145
933.0, 65.17173485014222
934.0, 55.67078552515447
935.0, 43.33702473237357
936.0, 38.650205761316876
937.0, 36.073129512982014
938.0, 37.15307446438178
939.0, 37.22965687829009
940.0, 39.17585963187168
941.0, 33.92424393320718
942.0, 26.44796253971792
943.0, 17.795395802922144
944.0, 22.29423113502351
945.0, 19.078342317868604
946.0, 23.28624394468349
947.0, 28.42407185467472
948.0, 29.928114676232468
949.0, 30.99286406484009
950.0, 36.23549201009251
951.0, 41.96257976134684
952.0, 43.799306937993066
953.0, 48.957162273268786
954.0, 44.84134179510425
955.0, 43.00346044829325
956.0, 57.24246610828082
957.0, 65.28386429661727
958.0, 57.60575171123257
959.0, 50.393719983422336
960.0, 51.7328083117869
961.0, 42.99500672172077
962.0, 43.64058419576362
963.0, 53.28452068140888
964.0, 48.37017712481119
965.0, 46.638094967785875
966.0, 44.645356323126016
967.0, 36.66613290632504
968.0, 28.527013956059164
969.0, 33.073455512858416
970.0, 34.45630540980639
971.0, 49.29342754299429
972.0, 59.12623327476687
973.0, 68.05486284289273
974.0, 58.850270694714226
975.0, 66.98339526788652
976.0, 55.312806432633835
977.0, 55.75896563995096
978.0, 69.17329929418833
979.0, 68.57514638906963
980.0, 72.07686964575134
981.0, 71.63465307722463
982.0, 60.729121664285
983.0, 65.29311560150376
984.0, 57.78378692719238
985.0, 37.661165549252175
986.0, 25.984011183434532
987.0, 29.499635909705603
988.0, 30.032618825722267
989.0, 28.42907268170427
990.0, 32.49568965517241
991.0, 30.97752393474957
992.0, 24.71653296284677
993.0, 23.46668376287556
994.0, 23.69335009481601
995.0, 24.656554393789577
996.0, 28.23462576338588
997.0, 18.216404275023166
998.0, 19.21634894650684
999.0, 28.420045122034594
1000.0, 35.700790106492605
1001.0, 21.805733425278305
1002.0, 23.786924939467312
1003.0, 22.71655181982149
1004.0, 15.688650846397437
1005.0, 15.271910796514064
1006.0, 20.129147982062776
1007.0, 21.127343926500487
1008.0, 17.92589210986837
1009.0, 14.037412314886978
1010.0, 11.223544973544946
1011.0, 10.047067878393179
1012.0, 20.68855254743123
1013.0, 16.954790585151926
1014.0, 17.664356227683243
1015.0, 23.375512565721607
1016.0, 38.60186659678688
1017.0, 48.15739793911744
1018.0, 53.73131117564807
1019.0, 57.414431188653666
1020.0, 55.41059094397544
1021.0, 58.401128615095224
1022.0, 61.20180065478355
1023.0, 60.25113031021979
1024.0, 62.48172132859828
1025.0, 76.17102270089596
1026.0, 69.97097456584838
1027.0, 77.11516012789929
1028.0, 82.48214285714283
1029.0, 77.86205633876492
1030.0, 61.26529582439761
1031.0, 57.86187257693758
1032.0, 59.49609207532235
1033.0, 63.52220710132375
1034.0, 63.962635201573256
1035.0, 62.44516314963656
1036.0, 54.328842315369265
1037.0, 59.662103465835905
1038.0, 68.09924541191813
1039.0, 59.840256783488215
1040.0, 59.22792759512376
1041.0, 51.524791575252316
1042.0, 44.19459302114035
1043.0, 50.0
1044.0, 51.70467374125085
1045.0, 48.89702954527356
1046.0, 55.096042825653406
1047.0, 49.87202649804276
1048.0, 51.5215492137449
1049.0, 50.12407853441354
1050.0, 57.651553944932445
1051.0, 62.92375073283444
1052.0, 63.707254498193976
1053.0, 57.63322644678578
1054.0, 62.668973028381075
1055.0, 64.09382780762678
1056.0, 68.11266232635867
1057.0, 68.19349909709682
1058.0, 80.08098973279766
1059.0, 69.28810598340371
1060.0, 62.271893244370325
1061.0, 59.24961909598781
1062.0, 60.63653645673638
1063.0, 65.52380952380952
1064.0, 61.9523047288315
1065.0, 54.90820230860744
1066.0, 50.241848488011975
1067.0, 54.30065064500357
1068.0, 49.622757301180464
1069.0, 60.214468629961594
1070.0, 56.93401937046005
1071.0, 56.19285120532005
1072.0, 49.39540507859736
1073.0, 61.762440301956545
1074.0, 59.68882602545967
1075.0, 61.941365058519054
1076.0, 55.77016718065249
1077.0, 47.47241096814614
1078.0, 47.658442186744075
1079.0, 45.66293430727089
1080.0, 47.86143012429698
1081.0, 56.751016719385454
1082.0, 62.678391235404355
1083.0, 40.934742458444504
1084.0, 44.91668543120919
1085.0, 39.28979871912165
1086.0, 39.031813483404136
1087.0, 36.51638364027749
1088.0, 31.767582188930533
1089.0, 33.195629722237356
1090.0, 37.2074839430327
1091.0, 37.46593247677848
1092.0, 36.746495008455646
1093.0, 42.03632188706816
1094.0, 44.056613276921546
1095.0, 35.40790580319599
1096.0, 29.16604132272751
1097.0, 33.068633011911515
1098.0, 31.581798483206967
1099.0, 32.815490262298795
1100.0, 28.167274438301405
1101.0, 23.80685008422236
1102.0, 34.45692883895131
1103.0, 40.53090633295414
1104.0, 45.15249020705092
1105.0, 43.963236318061554
1106.0, 47.14755077658305
1107.0, 46.321856514485084
1108.0, 36.70701808152006
1109.0, 42.931937172774866
1110.0, 55.61898270426855
1111.0, 57.29834108663213
1112.0, 75.21528525296016
1113.0, 78.64241402156236
1114.0, 79.60614559200097
1115.0, 80.03700167104321
1116.0, 80.90535449252197
1117.0, 81.05352591333899
1118.0, 54.80948458970915
1119.0, 54.969133118859226
1120.0, 52.602238216083535
1121.0, 54.560682806205875
1122.0, 53.535788361444844
1123.0, 54.75745913195901
1124.0, 49.87301356940716
1125.0, 55.12261963319515
1126.0, 46.50948532183091
1127.0, 54.67996026114107
1128.0, 45.3104786545925
1129.0, 44.27668434139181
1130.0, 40.24379419509454
1131.0, 44.140830267997906
1132.0, 55.532578479896934
1133.0, 58.171093347086114
1134.0, 55.08011597741491
1135.0, 51.81033078051164
1136.0, 54.13559437463822
1137.0, 50.87896617694833
1138.0, 43.47356733082474
1139.0, 38.29814056098329
1140.0, 35.018113316910586
1141.0, 25.404218510878962
1142.0, 31.61381137699759
1143.0, 34.25933296187216
1144.0, 35.63651417925894
1145.0, 23.618588835364093
1146.0, 29.180715505539254
1147.0, 29.190017513134848
1148.0, 42.36222640297344
1149.0, 45.29210825961286
1150.0, 51.38477547426558
1151.0, 47.430640215744944
1152.0, 63.89829699947528
1153.0, 63.69472182596291
1154.0, 69.67852684144819
1155.0, 63.62892223738065
1156.0, 63.90859370769481
1157.0, 62.34888713139761
1158.0, 64.63078995139665
1159.0, 62.11029825548677
1160.0, 51.80834442451248
1161.0, 50.40790805692849
1162.0, 41.46752881641833
1163.0, 34.674967424352104
1164.0, 21.222173723264945
1165.0, 31.952781112445024
1166.0, 39.13743736578383
1167.0, 37.50964754309237
1168.0, 51.35072012456209
1169.0, 55.93454900683815
1170.0, 50.0
1171.0, 52.685979468429174
1172.0, 45.190278029069404
1173.0, 46.75235540026206
1174.0, 53.70605110414302
1175.0, 51.21968365553603
1176.0, 51.448362720403
1177.0, 52.22301136363635
1178.0, 43.335936092257796
1179.0, 42.37018937080022
1180.0, 37.33227049289224
1181.0, 33.75172662302563
1182.0, 10.623397736509702
1183.0, 16.764688755604737
1184.0, 16.33567862006356
1185.0, 12.917054460332238
1186.0, 13.227436823104696
1187.0, 12.669082459683011
1188.0, 10.877970959630105
1189.0, 16.223978852654852
1190.0, 15.801851388541422
1191.0, 21.77071295488315
1192.0, 25.846498381246818
1193.0, 24.83519176571501
1194.0, 26.45196873051654
1195.0, 30.06718637809007
1196.0, 58.33404821137513
1197.0, 55.13785618620974
1198.0, 65.82007204413841
1199.0, 72.23308031453114
1200.0, 77.35591900311523
1201.0, 89.06032805115369
1202.0, 87.65905048570254
1203.0, 86.55270088952936
1204.0, 90.5232914134991
1205.0, 87.68891518313339
1206.0, 87.06268015599385
1207.0, 87.73708492339233
1208.0, 86.80112800392345
1209.0, 87.13013330145253
1210.0, 84.31359532660645
1211.0, 82.02420088130371
1212.0, 79.08188181670188
1213.0, 89.93656511864668
1214.0, 89.22730274659104
1215.0, 87.92562919097796
1216.0, 95.33515916131638
1217.0, 90.96255724162698
1218.0, 90.33048323566142
1219.0, 91.68940590741538
1220.0, 91.63252518436398
1221.0, 89.8397996313974
1222.0, 90.06882534990069
1223.0, 88.33165201517988
1224.0, 89.51372808468406
1225.0, 90.93938575159866
1226.0, 91.21819213478241
1227.0, 76.44855437200047
1228.0, 81.00491534680498
1229.0, 62.63234757210658
1230.0, 64.25390727320351
1231.0, 72.37960339943342
1232.0, 68.91392360499913
1233.0, 68.35125448028671
1234.0, 71.84311224489795
1235.0, 75.03483321039256
1236.0, 79.37152918867667
1237.0, 81.93864229765013
1238.0, 76.56818326845763
1239.0, 71.47037307973663
1240.0, 64.72301232561293
1241.0, 60.21561581182619
1242.0, 56.897964758912714
1243.0, 64.86297103706012
1244.0, 56.28469632943906
1245.0, 48.06563178637498
1246.0, 47.796528833080075
1247.0, 47.796528833080075
1248.0, 40.51221290557784
1249.0, 31.791309488619532
1250.0, 10.811059061265667
1251.0, 4.0703418296778295
1252.0, 3.9611575810017428
1253.0, 13.423872875092314
1254.0, 13.984600577478261
1255.0, 14.840159329996865
1256.0, 14.25907752698717
1257.0, 18.02785850285595
1258.0, 25.666466225696496
1259.0, 26.04230221679883
1260.0, 26.037006913379372
1261.0, 29.926796378347092
1262.0, 28.366650414431916
1263.0, 32.546430968896814
1264.0, 34.916725310813945
1265.0, 36.97183098591546
1266.0, 42.33320327740924
1267.0, 33.98838767306826
1268.0, 39.33947772657442
1269.0, 46.49941656942823
1270.0, 45.99624873755588
1271.0, 73.67791842475386
1272.0, 70.74715991843865
1273.0, 68.9545035133792
1274.0, 71.71731859822596
1275.0, 62.263254361550466
1276.0, 60.80615221426676
1277.0, 66.67151268445156
1278.0, 65.4493170381021
1279.0, 64.76797888717837
1280.0, 65.27126099706746
1281.0, 62.25072228877454
1282.0, 65.28416823277817
1283.0, 65.59630081561875
1284.0, 69.65297219871084
1285.0, 48.48585322723254
1286.0, 55.909547738693504
1287.0, 75.09776187702803
1288.0, 75.09776187702803
1289.0, 92.96193918775248
1290.0, 95.26265922728709
1291.0, 95.82194843260962
1292.0, 97.64419788737742
1293.0, 96.75238850496575
1294.0, 90.57172225569768
1295.0, 92.13932859769949
1296.0, 89.13406267383647
1297.0, 88.83724474245659
1298.0, 89.10942610764201
1299.0, 90.0543109300747
1300.0, 83.41777982496546
1301.0, 68.77258018912381
1302.0, 70.558616195723
1303.0, 63.49614395886889
1304.0, 52.751423149905115
1305.0, 52.646592709984155
1306.0, 36.79653679653681
1307.0, 34.20523138832999
1308.0, 41.859706362153354
1309.0, 37.15609614827685
1310.0, 38.34608593290168
1311.0, 36.8928175539323
1312.0, 37.023485364193306
1313.0, 28.63341241103757
1314.0, 29.895059314300596
1315.0, 34.91682844200828
1316.0, 32.78031136971222
1317.0, 24.19391376576307
1318.0, 28.009441384736448
1319.0, 23.129073174998922
1320.0, 29.890592855806986
1321.0, 29.489367590756046
1322.0, 22.04202366381068
1323.0, 35.17463605500892
1324.0, 30.943534460202017
1325.0, 32.72999003653271
1326.0, 27.650311801388412
1327.0, 38.43630977570884
1328.0, 38.741668888296466
1329.0, 30.062060405461352
1330.0, 25.704405737704903
1331.0, 36.40091718846456
1332.0, 50.4091030178483
1333.0, 54.62293584963093
1334.0, 46.03119463646785
1335.0, 55.82748588054083
1336.0, 51.02034205752787
1337.0, 48.599496906655794
1338.0, 49.02949245541839
1339.0, 43.27834115332225
1340.0, 43.37682038834952
1341.0, 42.158928903489745
1342.0, 41.434663417605854
1343.0, 53.38301147495098
1344.0, 53.545987296908436
1345.0, 49.080563719948756
1346.0, 38.846902294429164
1347.0, 34.14344449520331
1348.0, 35.64309218369978
1349.0, 28.225720668014063
1350.0, 37.71605279142969
1351.0, 48.42471077781336
1352.0, 52.58612180436282
1353.0, 60.41962007371701
1354.0, 61.264644879197284
1355.0, 63.40042372881355
1356.0, 67.60038402891512
1357.0, 64.25767864930535
1358.0, 69.24098890942697
1359.0, 69.76487021301361
1360.0, 66.255358591125
1361.0, 73.82193383682589
1362.0, 88.5451933928389
1363.0, 88.10462390794808
1364.0, 82.2839607649735
1365.0, 73.91686975358795
1366.0, 74.32531485306866
1367.0, 71.3445055647947
1368.0, 73.56152257303042
1369.0, 64.27994616419926
1370.0, 57.83832879200731
1371.0, 51.338277974846804
1372.0, 45.585512612821105
1373.0, 43.84529771841959
1374.0, 44.36124092111928
1375.0, 32.15046132008516
1376.0, 16.494395108458264
1377.0, 14.137326318629448
1378.0, 14.173654314308905
1379.0, 20.21150033046925
1380.0, 18.59743762643292
1381.0, 18.967058661715157
1382.0, 8.174216027874579
1383.0, 7.685755471104713
1384.0, 7.545349285989971
1385.0, 8.71794871794873
1386.0, 8.133971291866033
1387.0, 15.553590859630035
1388.0, 14.21203082276908
1389.0, 25.771754982984916
1390.0, 33.039140445126606
1391.0, 40.609247113664665
1392.0, 43.479981904546456
1393.0, 35.254965672658656
1394.0, 39.461949331111875
1395.0, 41.710260527269895
1396.0, 51.04513182066435
1397.0, 54.62225055785781
1398.0, 59.205298013245006
1399.0, 58.94054921745111
1400.0, 66.50045850527279
1401.0, 67.39554861382271
1402.0, 76.49799103243461
1403.0, 74.29626799133865
1404.0, 70.70692408186963
1405.0, 63.63496578765282
1406.0, 65.82122985764867
1407.0, 79.46297098310947
1408.0, 79.33048557231271
1409.0, 85.9042329378103
1410.0, 85.59635394272935
1411.0, 90.5422731729392
1412.0, 87.85217709476774
1413.0, 90.41095890410963
1414.0, 88.00984073546559
1415.0, 81.21954520844622
1416.0, 79.77552656511925
1417.0, 71.9304276089647
1418.0, 72.69078991371818
1419.0, 77.04085089086108
1420.0, 72.65383534700763
1421.0, 76.6522729998801
1422.0, 75.86784031738165
1423.0, 73.40411500923238
1424.0, 65.9726224783862
1425.0, 51.28094104062932
1426.0, 55.67064872221378
1427.0, 60.32079047103416
1428.0, 65.67869415807557
1429.0, 68.81630553590949
1430.0, 59.98430757159668
1431.0, 59.312829038514835
1432.0, 57.61537161210348
1433.0, 63.18700141927277
1434.0, 65.16948731946997
1435.0, 62.741558717349776
1436.0, 60.28438076630849
1437.0, 67.33709501274123
1438.0, 64.88643339472073
1439.0, 74.29946707925052
1440.0, 77.04502706230093
1441.0, 62.31536926147706
1442.0, 56.87242798353913
1443.0, 48.50824850824849
1444.0, 51.261127596439195
1445.0, 59.00599224532961
1446.0, 60.16005567153794
1447.0, 56.938698758931935
1448.0, 52.945351312987945
1449.0, 52.33644859813085
1450.0, 50.62586926286508
1451.0, 45.17374517374516
1452.0, 47.8527607361963
1453.0, 43.383658969804614
1454.0, 38.878235858101604
1455.0, 46.60919540229883
1456.0, 47.70588235294114
1457.0, 57.68136557610247
1458.0, 62.11678832116788
1459.0, 53.11653116531163
1460.0, 50.28301886792453
1461.0, 37.36933797909408
1462.0, 48.3189241114313
1463.0, 48.01932367149756
1464.0, 54.555433589462154
1465.0, 50.0
1466.0, 45.79646017699111
1467.0, 43.99999999999996
1468.0, 46.5065502183406
1469.0, 44.88935721812435
1470.0, 56.327307326355914
1471.0, 68.77470355731226
1472.0, 73.97034596375624
1473.0, 57.435558493060135
1474.0, 58.37696335078534
1475.0, 69.77535738597683
1476.0, 71.55669442664956
1477.0, 76.97095435684645
1478.0, 82.27544910179638
1479.0, 78.09776430466087
1480.0, 81.10687022900765
1481.0, 82.28980322003581
1482.0, 82.6862539349423
1483.0, 85.06787330316743
1484.0, 84.34429007116232
1485.0, 83.82352941176471
1486.0, 79.55637707948246
1487.0, 81.42262580401065
1488.0, 81.56214795343602
1489.0, 81.35206988226363
1490.0, 80.20959290608631
1491.0, 73.93591582974659
1492.0, 61.44578313253016
1493.0, 54.53010692177827
1494.0, 63.071297989031066
1495.0, 61.172513214800574
1496.0, 60.5083088954057
1497.0, 52.3475445223961
1498.0, 53.08182784272049
1499.0, 51.96850393700785
1500.0, 59.228104898565036
1501.0, 74.21441774491679
1502.0, 71.0454545454545
1503.0, 72.89361702127655
1504.0, 75.2429071123202
1505.0, 77.95841209829864
1506.0, 79.93827160493824
1507.0, 92.13530655391115
1508.0, 80.15051740357472
1509.0, 76.2920815552394
1510.0, 67.3234022104757
1511.0, 68.00970873786409
1512.0, 72.11172238679643
1513.0, 73.33049766056997
1514.0, 72.42744063324537
1515.0, 66.50641025641022
1516.0, 69.55555555555557
1517.0, 61.47692307692304
1518.0, 56.07017543859648
1519.0, 48.90988372093026
1520.0, 40.328467153284706
1521.0, 36.174365647365
1522.0, 38.82681564245811
1523.0, 36.316133246244284
1524.0, 35.03465658475109
1525.0, 39.61681087762671
1526.0, 35.7659434582512
1527.0, 49.79445015416236
1528.0, 39.800759013282764
1529.0, 42.44897959183678
1530.0, 39.26458157227388
1531.0, 45.13524424707309
1532.0, 42.029548989113536
1533.0, 41.322629969418955
1534.0, 47.427854454203285
1535.0, 48.92320195042667
1536.0, 54.48666127728374
1537.0, 58.45620121422377
1538.0, 64.55938697318008
1539.0, 63.636363636363626
1540.0, 55.57341907824223
1541.0, 45.88772845953005
1542.0, 54.327666151468314
1543.0, 44.33752775721686
1544.0, 51.454696591853704
1545.0, 40.56603773584908
1546.0, 46.33620689655174
1547.0, 48.587570621468906
1548.0, 43.383199079401585
1549.0, 49.89816700610994
1550.0, 43.05555555555559
1551.0, 37.38693467336678
1552.0, 31.392405063291122
1553.0, 33.141447368421055
1554.0, 38.066723695466216
1555.0, 36.435469710272216
1556.0, 42.09161624891962
1557.0, 59.53895071542131
1558.0, 53.60294117647061
1559.0, 67.37311767986611
1560.0, 72.59953161592503
1561.0, 79.68750000000001
1562.0, 85.55179833999384
1563.0, 85.15945689927375
1564.0, 80.13801380138013
1565.0, 78.93026004728131
1566.0, 70.53076313704781
1567.0, 63.27025715672003
1568.0, 64.99421965317919
1569.0, 65.16336861481821
1570.0, 61.08897742363878
1571.0, 56.23592976136875
1572.0, 57.41208917490231
1573.0, 53.07672828564193
1574.0, 48.25309491059147
1575.0, 46.13402061855671
1576.0, 30.692704495210094
1577.0, 23.40966921119596
1578.0, 24.932249322493263
1579.0, 24.94915254237293
1580.0, 28.626993387786897
1581.0, 33.561331509347994
1582.0, 22.805387830933626
1583.0, 24.420190995907248
1584.0, 23.79264510412051
1585.0, 24.93036211699166
1586.0, 33.971690258118244
1587.0, 30.336617405582942
1588.0, 27.62616822429908
1589.0, 17.579365079365076
1590.0, 20.482388973966266
1591.0, 26.81775259678942
1592.0, 27.058823529411754
1593.0, 36.6387337057728
1594.0, 39.607448414695504
1595.0, 42.82945736434105
1596.0, 58.981909970551115
1597.0, 61.370839936608554
1598.0, 70.8784076157508
1599.0, 77.25520431765614
1600.0, 74.32141318397242
1601.0, 79.91718426501038
1602.0, 91.97939661515821
1603.0, 90.61254077564334
1604.0, 80.92016238159675
1605.0, 79.53472690492242
1606.0, 79.56228956228955
1607.0, 73.86675824175823
1608.0, 74.12129565816676
1609.0, 62.87113559840833
1610.0, 57.18319802329685
1611.0, 50.533943554538524
1612.0, 50.94553706505293
1613.0, 41.46238377007608
1614.0, 45.277777777777786
1615.0, 42.20452640402347
1616.0, 20.959232613908853
1617.0, 21.926743602609122
1618.0, 27.055393586005792
1619.0, 25.452550740537546
1620.0, 20.250335270451416
1621.0, 19.41705957993993
1622.0, 14.098972922502284
1623.0, 16.00706713780913
1624.0, 13.192706471219111
1625.0, 31.62193698949821
1626.0, 27.408450704225345
1627.0, 38.43680435320305
1628.0, 39.32228181374937
1629.0, 42.543859649122794
1630.0, 43.262910798122064
1631.0, 41.110863261209
1632.0, 36.29096722621902
1633.0, 33.96296988965776
1634.0, 36.59077171065888
1635.0, 38.6878306878307
1636.0, 53.82436260623229
1637.0, 53.8497874350496
1638.0, 54.50633516614871
1639.0, 54.21077959576518
1640.0, 58.71446229913473
1641.0, 61.00863880457622
1642.0, 56.236786469344615
1643.0, 48.75378523177266
1644.0, 54.51861943687557
1645.0, 64.17973717676983
1646.0, 71.07981220657275
1647.0, 76.95044472681067
1648.0, 72.50957854406131
1649.0, 72.96278850682995
1650.0, 70.84074168148337
1651.0, 72.8310502283105
1652.0, 71.3469184890656
1653.0, 64.73902728351126
1654.0, 57.32962447844226
1655.0, 43.110031239153074
1656.0, 39.84600577478346
1657.0, 44.08945686900959
1658.0, 42.4342105263158
1659.0, 33.90684011749893
1660.0, 30.375939849624075
1661.0, 35.6897210546427
1662.0, 37.555287494973854
1663.0, 25.21456052086417
1664.0, 29.57079152731326
1665.0, 26.888217522658593
1666.0, 35.028959959707876
1667.0, 33.811375789985405
1668.0, 44.00753473039793
1669.0, 47.469378322163166
1670.0, 54.03788634097706
1671.0, 54.24068051038279
1672.0, 52.72680279141897
1673.0, 46.2182674692489
1674.0, 51.34044393196886
1675.0, 48.89217134416545
1676.0, 52.82511210762331
1677.0, 75.60581583198702
1678.0, 76.4154627098789
1679.0, 75.9704968944099
1680.0, 74.04612159329137
1681.0, 78.98032200357781
1682.0, 71.31782945736435
1683.0, 69.09307875894987
1684.0, 55.85874799357944
1685.0, 58.24232969318773
1686.0, 70.6505847953216
1687.0, 78.5581568190264
1688.0, 79.74727974727975
1689.0, 82.2906322409798
1690.0, 74.70106985525486
1691.0, 75.70996978851963
1692.0, 73.57001972386587
1693.0, 76.69636737491433
1694.0, 75.67954220314735
1695.0, 73.47222222222219
1696.0, 76.09348914858094
1697.0, 76.40856672158154
1698.0, 80.97067039106142
1699.0, 81.01045296167243
1700.0, 70.22862823061627
1701.0, 69.92971887550195
1702.0, 72.79745685740232
1703.0, 67.459932005828
1704.0, 79.88966900702096
1705.0, 76.69683257918545
1706.0, 75.4761904761904
1707.0, 58.839907192575396
1708.0, 57.43761996161228
1709.0, 61.23370110330992
1710.0, 52.532274081429996
1711.0, 53.994225216554376
1712.0, 60.61479346781943
1713.0, 54.629629629629605
1714.0, 51.0822510822511
1715.0, 53.42126957955483
1716.0, 43.14744801512286
1717.0, 39.97373029772333
1718.0, 36.732810336871246
1719.0, 42.88114237715244
1720.0, 42.712721145745576
1721.0, 57.24240915878544
1722.0, 62.74934952298354
1723.0, 52.37394184762604
1724.0, 51.07681263460159
1725.0, 45.58240173097727
1726.0, 47.200839748075545
1727.0, 52.44977088473742
1728.0, 61.769616026711155
1729.0, 61.00136239782014
1730.0, 65.35229476405948
1731.0, 67.08692767086927
1732.0, 67.94830371567043
1733.0, 65.85197934595524
1734.0, 64.9593783115507
1735.0, 65.86373021335169
1736.0, 65.98079561042522
1737.0, 80.90503942406585
1738.0, 89.0406036651096
1739.0, 94.26613775694197
1740.0, 89.60990247561888
1741.0, 90.19815994338283
1742.0, 90.10714285714283
1743.0, 89.58646616541351
1744.0, 88.59613009468914
1745.0, 95.12195121951211
1746.0, 95.31187922129511
1747.0, 95.6280103742126
1748.0, 95.861101367941
1749.0, 95.78571428571422
1750.0, 95.30815109343929
1751.0, 93.4254406860409
1752.0, 93.25842696629206
1753.0, 93.29120077783172
1754.0, 99.14675767918091
1755.0, 91.54611211573233
1756.0, 90.91792132102958
1757.0, 84.34414668547242
1758.0, 85.72041166380784
1759.0, 88.00432276657055
1760.0, 80.24327312937706
1761.0, 75.67567567567565
1762.0, 76.29796839729114
1763.0, 75.49591598599761
1764.0, 68.3905967450271
1765.0, 69.06917783411805
1766.0, 70.1919720767888
1767.0, 62.001329787234056
1768.0, 47.7436232831916
1769.0, 49.98288257446078
1770.0, 55.2937576499388
1771.0, 65.00798296966471
1772.0, 65.48556430446193
1773.0, 59.74900520355066
1774.0, 67.93540945790079
1775.0, 65.2993348115299
1776.0, 64.06429391504017
1777.0, 63.83593298671288
1778.0, 67.13244228432559
1779.0, 63.946371320314704
1780.0, 62.24053724053719
1781.0, 68.80552813425456
1782.0, 81.54940119760465
1783.0, 80.94353640416035
1784.0, 76.48945921173222
1785.0, 61.81926989826444
1786.0, 59.517766497461885
1787.0, 57.66233766233751
1788.0, 37.69470404984427
1789.0, 40.46822742474932
1790.0, 26.269465132024536
1791.0, 24.005582693649842
1792.0, 24.02234636871526
1793.0, 19.04761904761922
1794.0, 25.408163265306257
1795.0, 42.62166405023555
1796.0, 47.65485141424991
1797.0, 52.361673414305
1798.0, 57.16019417475729
1799.0, 62.313323572474374
1800.0, 64.22018348623851
1801.0, 66.75372159832855
1802.0, 62.97117516629712
1803.0, 63.189122373300364
1804.0, 70.51180058339965
1805.0, 70.51180058339965
1806.0, 72.0172367357932
1807.0, 85.0264239577217
1808.0, 80.37135278514594
1809.0, 75.93930635838156
1810.0, 71.21578099838979
1811.0, 50.83743842364536
1812.0, 37.08527131782946
1813.0, 34.821715387086385
1814.0, 34.967948717948644
1815.0, 30.845262440354446
1816.0, 32.20640569395016
1817.0, 29.34500648508427
1818.0, 28.83736120182887
1819.0, 24.67605633802812
1820.0, 18.53207059836413
1821.0, 12.877871825876653
1822.0, 19.244186046511615
1823.0, 18.101054969461387
1824.0, 17.68215512565537
1825.0, 25.942655145325958
1826.0, 30.433848797250818
1827.0, 30.68692488765248
1828.0, 23.260309278350547
1829.0, 27.525354969574025
1830.0, 25.555555555555543
1831.0, 26.416196223476717
1832.0, 29.53020134228187
1833.0, 36.337209302325576
1834.0, 47.39898378901525
1835.0, 56.20985010706636
1836.0, 52.023460410557156
1837.0, 65.6530408773679
1838.0, 70.52037309769268
1839.0, 68.16012725344645
1840.0, 68.08397555142173
1841.0, 69.14182939362797
1842.0, 78.79677182685252
1843.0, 78.21060567981904
1844.0, 79.67229902713774
1845.0, 79.93835088620597
1846.0, 79.35500925191643
1847.0, 80.9697855750487
1848.0, 83.43935538592024
1849.0, 83.70200333889814
1850.0, 75.43560606060602
1851.0, 71.32434225071853
1852.0, 69.1755442334414
1853.0, 70.6569664902998
1854.0, 72.65817584223498
1855.0, 71.04633456602129
1856.0, 68.2641869337148
1857.0, 66.65831663326648
1858.0, 77.61627906976739
1859.0, 84.9480021893815
1860.0, 79.90101732196864
1861.0, 79.48358125175412
1862.0, 76.35834411384216
1863.0, 75.64956695536306
1864.0, 81.7494600431965
1865.0, 65.81663630843956
1866.0, 70.43054427294877
1867.0, 70.46253719231808
1868.0, 60.840523239632596
1869.0, 60.916666666666664
1870.0, 54.12844036697249
1871.0, 53.31419624217119
1872.0, 46.33257403189068
1873.0, 42.92635658914731
1874.0, 49.67607589079131
1875.0, 44.88089204257477
1876.0, 47.002923976608166
1877.0, 46.12335892989846
1878.0, 48.088842975206624
1879.0, 50.48806941431672
1880.0, 49.277777777777786
1881.0, 51.08491829627645
1882.0, 56.56797930439782
1883.0, 57.292255511588436
1884.0, 62.85271317829451
1885.0, 62.484586929716365
1886.0, 69.13369713506137
1887.0, 67.80505158306649
1888.0, 59.9217221135029
1889.0, 54.34696308058756
1890.0, 48.979591836734706
1891.0, 52.36122618061303
1892.0, 56.094420600858435
1893.0, 64.89572989076471
1894.0, 60.14656144306653
1895.0, 38.0385487528344
1896.0, 52.20813292522954
1897.0, 52.249890782000904
1898.0, 53.21302816901411
1899.0, 57.94979079497915
1900.0, 66.41289744738026
1901.0, 69.91576413959093
1902.0, 75.38041357783855
1903.0, 82.71140020540912
1904.0, 84.25319613345808
1905.0, 77.7568922305765
1906.0, 79.14831130690166
1907.0, 82.42640499553973
1908.0, 78.53356890459372
1909.0, 75.00000000000009
1910.0, 64.23065063213079
1911.0, 56.515620602307884
1912.0, 56.975772765246475
1913.0, 57.92483660130717
1914.0, 54.58703255313427
1915.0, 52.55761663856098
1916.0, 50.088704908338265
1917.0, 45.495640942847906
1918.0, 42.032967032967036
1919.0, 44.57392571012377
1920.0, 38.766519823788514
1921.0, 37.00041203131433
1922.0, 42.353916286779935
1923.0, 58.06451612903225
1924.0, 73.13991576977075
1925.0, 90.84745762711879
1926.0, 92.12827988338205
1927.0, 88.34161771351124
1928.0, 94.44444444444451
1929.0, 92.55646817248463
1930.0, 83.3721471821146
1931.0, 82.55984367366882
1932.0, 73.43984023964055
1933.0, 77.10171853228059
1934.0, 79.57983193277308
1935.0, 80.52884615384615
1936.0, 64.1714869003062
1937.0, 67.08346358236949
1938.0, 71.57894736842104
1939.0, 68.95636792452831
1940.0, 57.85417901600475
1941.0, 49.13163856028187
1942.0, 46.398859044449715
1943.0, 38.043266419801206
1944.0, 31.417994527603412
1945.0, 33.75310945273634
1946.0, 38.841490794791206
1947.0, 39.99999999999999
1948.0, 43.827330217212
1949.0, 40.24950755088642
1950.0, 43.065898552761006
1951.0, 37.52824858757061
1952.0, 28.38230545689376
1953.0, 28.635778635778607
1954.0, 29.55828628362667
1955.0, 32.24053613475819
1956.0, 39.22010398613518
1957.0, 48.15190901705932
1958.0, 60.101394169835245
1959.0, 54.19746568109818
1960.0, 52.36133992311917
1961.0, 50.3150057273769
1962.0, 43.90559327513743
1963.0, 46.47501711156743
1964.0, 45.19134775374375
1965.0, 48.972232239451884
1966.0, 45.19134775374375
1967.0, 44.00527009222661
1968.0, 46.084856847188746
1969.0, 54.967741935483865
1970.0, 40.37698412698412
1971.0, 39.75943869027726
1972.0, 40.82332761578043
1973.0, 44.44049733570161
1974.0, 45.42916957431959
1975.0, 51.06382978723407
1976.0, 60.294490987560316
1977.0, 68.11339688911191
1978.0, 73.69534555712276
1979.0, 76.96285848613074
1980.0, 81.79341094872436
1981.0, 83.08112130984875
1982.0, 84.50060168471722
1983.0, 83.71681415929207
1984.0, 93.51573187414505
1985.0, 93.76315789473688
1986.0, 99.38633193863323
1987.0, 94.03866809881853
1988.0, 93.83675735702393
1989.0, 85.0398347595162
1990.0, 78.69747899159677
1991.0, 79.07552620718131
1992.0, 76.39664804469288
1993.0, 73.33984375000009
1994.0, 70.86538461538476
1995.0, 70.5109489051096
1996.0, 71.85322805387845
1997.0, 74.98968221213381
1998.0, 76.89668318719033
1999.0, 78.52586817859685
2000.0, 80.2769334684229
2001.0, 78.06239737274228
2002.0, 73.70923913043484
2003.0, 79.28388746803067
2004.0, 64.42568586071752
2005.0, 62.43234638650114
2006.0, 58.99935022742038
2007.0, 61.285216840772414
2008.0, 60.48109965635737
2009.0, 56.98124441798156
2010.0, 52.42472266244055
2011.0, 41.05334233625928
2012.0, 30.310103367789324
2013.0, 17.95437821927898
2014.0, 29.183867894569715
2015.0, 37.12439418416802
2016.0, 45.57823129251702
2017.0, 47.823511992893124
2018.0, 60.623714873200825
2019.0, 56.88273852876912
2020.0, 56.451029996385955
2021.0, 59.19403995936333
2022.0, 56.09756097560974
2023.0, 57.124183006535944
2024.0, 59.71776779987169
2025.0, 60.47417992854823
2026.0, 62.88416075650116
2027.0, 66.64347826086957
2028.0, 63.28483920367533
2029.0, 67.60135135135138
2030.0, 58.212735166425475
2031.0, 62.20549738219892
2032.0, 62.13114754098358
2033.0, 67.10719530102789
2034.0, 65.19258202567764
2035.0, 66.44664466446645
2036.0, 72.38288027761716
2037.0, 77.29508196721311
2038.0, 77.01880530973452
2039.0, 78.98468519568917
2040.0, 84.96350364963503
2041.0, 85.06380510440835
2042.0, 81.65569143932267
2043.0, 75.12050426399695
2044.0, 83.20961470484268
2045.0, 82.58159149248256
2046.0, 79.42619856549638
2047.0, 77.63643824374228
2048.0, 84.69113697403753
2049.0, 81.8471337579617
2050.0, 84.02615600186819
2051.0, 84.75935828876999
2052.0, 76.74905739421862
2053.0, 81.39830508474566
2054.0, 76.32809179770513
2055.0, 75.52724077328652
2056.0, 78.07294011706439
2057.0, 80.91460569295407
2058.0, 77.46556473829226
2059.0, 65.70771001150746
2060.0, 71.41304347826096
2061.0, 72.09549071618044
2062.0, 71.79080824088744
2063.0, 72.48840803709437
2064.0, 66.72897196261682
2065.0, 53.85906040268453
2066.0, 73.25396825396837
2067.0, 78.93750000000017
2068.0, 85.36096256684486
2069.0, 88.14935064935058
2070.0, 88.85496183206102
2071.0, 86.82247637991048
2072.0, 87.3023478677527
2073.0, 76.71578947368448
2074.0, 60.57268722466968
2075.0, 54.17615793470008
2076.0, 59.73807924781747
2077.0, 50.8348794063079
2078.0, 44.312026002166895
2079.0, 36.78057553956833
2080.0, 33.349134866082
2081.0, 28.629441624365455
2082.0, 26.504877468474803
2083.0, 20.44810713365949
2084.0, 16.558279139569777
2085.0, 18.113772455089773
2086.0, 16.173177407315364
2087.0, 24.121657052962817
2088.0, 30.7355516637479
2089.0, 37.67390094602126
2090.0, 37.60445682451256
2091.0, 43.73097991479003
2092.0, 45.359848484848435
2093.0, 37.79589689637034
2094.0, 36.933333333333344
2095.0, 33.46883468834686
2096.0, 42.12064841881476
2097.0, 42.729424138837786
2098.0, 56.44033385968869
2099.0, 64.48409049107968
2100.0, 65.57774873996641
2101.0, 63.56330850646807
2102.0, 59.57854406130269
2103.0, 57.22683965132775
2104.0, 55.14455782312921
2105.0, 56.29660314830162
2106.0, 57.829787234042605
2107.0, 83.39579129432119
2108.0, 85.3621346886913
2109.0, 81.03739445114593
2110.0, 79.6267496111975
2111.0, 79.07221929362143
2112.0, 69.19817470664933
2113.0, 55.23448602558022
2114.0, 51.741071428571495
2115.0, 59.23518164435956
2116.0, 59.00952380952379
2117.0, 56.72579453067265
2118.0, 59.67630853994497
2119.0, 59.26956521739133
2120.0, 58.860103626942966
2121.0, 61.17992177314209
2122.0, 61.19257086999017
2123.0, 63.66101694915264
2124.0, 63.6733310742122
2125.0, 61.87026671056973
2126.0, 64.90500863557861
2127.0, 66.71035386631722
2128.0, 73.62900809109973
2129.0, 71.00494233937393
2130.0, 72.46133154001339
2131.0, 75.31537674735759
2132.0, 64.7501711156742
2133.0, 60.98430813124107
2134.0, 65.46707503828483
2135.0, 60.28181417877584
2136.0, 49.021739130434746
2137.0, 60.99948480164857
2138.0, 46.39602319801162
2139.0, 44.87179487179489
2140.0, 41.481481481481495
2141.0, 33.51691581431946
2142.0, 20.32060348892044
2143.0, 31.66194904973713
2144.0, 38.14860938148617
2145.0, 56.861609727851715
2146.0, 61.12667289137871
2147.0, 62.54740834386847
2148.0, 60.89230769230767
2149.0, 61.08389467238216
2150.0, 64.56241032998567
2151.0, 58.00176834659594
2152.0, 69.40041350792556
2153.0, 71.62162162162171
2154.0, 77.97439759036156
2155.0, 83.0960854092528
2156.0, 83.28641801548221
2157.0, 80.47677764077288
2158.0, 74.12530512611889
2159.0, 49.52054794520562
2160.0, 38.3351007423118
2161.0, 46.72469079248737
2162.0, 50.0
2163.0, 57.65432098765433
2164.0, 48.334036271615346
2165.0, 47.96986186688989
2166.0, 44.78827361563518
2167.0, 49.84202211690358
2168.0, 44.61310625694195
2169.0, 36.686159844054615
2170.0, 31.13013698630131
2171.0, 31.784260515603705
2172.0, 41.52970922882425
2173.0, 44.334818586887316
2174.0, 45.65716158636512
2175.0, 47.87802577805725
2176.0, 49.35858277336589
2177.0, 49.60486322188444
2178.0, 49.77127172918572
2179.0, 54.66288594833017
2180.0, 59.16230366492145
2181.0, 62.50000000000001
2182.0, 67.69456681350951
2183.0, 70.14607425441262
2184.0, 75.9472817133444
2185.0, 78.07807807807816
2186.0, 81.5283400809717
2187.0, 67.04351535836182
2188.0, 73.84650525354047
2189.0, 68.81163708086781
2190.0, 68.11995967741937
2191.0, 72.2709338009645
2192.0, 76.45519947678223
2193.0, 72.13392667938123
2194.0, 72.49529387157503
2195.0, 69.8670944087993
2196.0, 71.88969645147503
2197.0, 74.00477707006371
2198.0, 77.28596389050668
2199.0, 71.67984189723312
2200.0, 54.364915184112576
2201.0, 64.61765429063186
2202.0, 67.61197389151467
2203.0, 71.45021645021643
2204.0, 72.42316537737817
2205.0, 72.46346555323585
2206.0, 75.8954678362573
2207.0, 66.6185434712865
2208.0, 59.95700905880543
2209.0, 53.98131362432016
2210.0, 50.28322440087147
2211.0, 51.618374558303934
2212.0, 51.666195989833355
2213.0, 53.08283766139565
2214.0, 61.57689305230288
2215.0, 63.227674489484954
2216.0, 58.899728130497365
2217.0, 61.54421666916059
2218.0, 53.34779072919495
2219.0, 49.37490807471692
2220.0, 41.730150668698194
2221.0, 47.05994654448263
2222.0, 49.17215240375027
2223.0, 59.12794538647875
2224.0, 62.96217140414617
2225.0, 56.019598693420406
2226.0, 60.3658536585366
2227.0, 64.06032943044252
2228.0, 64.86905916585836
2229.0, 67.4631692418253
2230.0, 57.7248270561107
2231.0, 59.04081024724455
2232.0, 64.17354702930223
2233.0, 65.40025015634771
2234.0, 68.5251031147774
2235.0, 68.24362606232296
2236.0, 71.90034762456548
2237.0, 71.42857142857146
2238.0, 69.7522419820641
2239.0, 69.62524654832345
2240.0, 65.35914416709117
2241.0, 61.29541864139021
2242.0, 52.702472293265124
2243.0, 43.75110482587943
2244.0, 50.14181523500806
2245.0, 41.12440191387556
2246.0, 40.734597156398074
2247.0, 32.7868852459017
2248.0, 24.759326113116856
2249.0, 21.080942622950914
2250.0, 17.169667765660776
2251.0, 13.792270531401044
2252.0, 20.312500000000085
2253.0, 24.41991439513407
2254.0, 32.38891153689363
2255.0, 40.37079076806661
2256.0, 59.252247988641734
2257.0, 64.06740459276392
2258.0, 71.03781174577632
2259.0, 68.78349845704075
2260.0, 73.13072008288721
2261.0, 73.29672215548304
2262.0, 73.13072008288718
2263.0, 88.70850054724554
2264.0, 92.16747879444137
2265.0, 85.32999164578112
2266.0, 85.12620701338302
2267.0, 81.3793103448276
2268.0, 68.98583028180225
2269.0, 66.66666666666666
2270.0, 50.07707553402333
2271.0, 55.215329909126815
2272.0, 49.0869565217391
2273.0, 48.517404383326195
2274.0, 58.57341200971884
2275.0, 57.41302408563784
2276.0, 56.290056766160085
2277.0, 53.5422343324251
2278.0, 55.97565473994839
2279.0, 58.90916149068321
2280.0, 46.64104278074866
2281.0, 44.14742170199308
2282.0, 53.436039466851355
2283.0, 49.10979228486644
2284.0, 53.25903411009796
2285.0, 46.192052980132445
2286.0, 41.912869303955986
2287.0, 44.76763624205947
2288.0, 31.981151403400943
2289.0, 33.78540087754283
2290.0, 32.20472440944879
2291.0, 27.59693137051623
2292.0, 16.448176976648853
2293.0, 15.62256809338517
2294.0, 22.61509254864731
2295.0, 31.2755102040816
2296.0, 24.371069182389917
2297.0, 23.96907216494847
2298.0, 35.420315236427285
2299.0, 36.22928795342588
2300.0, 51.71963430561596
2301.0, 58.221887361085
2302.0, 56.83029968744256
2303.0, 59.993184528880576
2304.0, 62.09952283571911
2305.0, 67.46411483253587
2306.0, 61.799753458430345
2307.0, 66.72582076308785
2308.0, 67.7373100086034
2309.0, 61.71658347199111
2310.0, 66.58863311223826
2311.0, 70.27175404886081
2312.0, 63.59426351956975
2313.0, 60.77087794432547
2314.0, 56.77206229353471
2315.0, 44.43539188528598
2316.0, 42.15489256453857
2317.0, 36.13559322033899
2318.0, 33.95875591615963
2319.0, 21.0555453035616
2320.0, 27.044323299360116
2321.0, 28.909718796250658
2322.0, 21.265423995799466
2323.0, 23.732786404922393
2324.0, 23.192682207140777
2325.0, 36.87996031746033
2326.0, 46.582100070472116
2327.0, 48.770290211510066
2328.0, 49.78302796528447
2329.0, 59.550241958440076
2330.0, 69.23327895595438
2331.0, 79.36543654365447
2332.0, 80.1044742221212
2333.0, 90.87789017341038
2334.0, 91.42177679633086
2335.0, 90.89519279768982
2336.0, 90.49551834939956
2337.0, 84.92302809077921
2338.0, 68.3514887436456
2339.0, 61.7388623400647
2340.0, 56.2339743589744
2341.0, 59.68454258675079
2342.0, 59.94358251057825
2343.0, 60.050015629884335
2344.0, 60.731295129820225
2345.0, 49.83375708977114
2346.0, 50.72665737607009
2347.0, 33.91188251001326
2348.0, 31.629834254143688
2349.0, 28.454274353876755
2350.0, 29.20173425146649
2351.0, 33.082924010401655
2352.0, 49.48141745894553
2353.0, 53.1816070599164
2354.0, 51.50697255960414
2355.0, 40.277777777777786
2356.0, 26.70859538784086
2357.0, 22.521838207368063
2358.0, 15.01162404516785
2359.0, 13.651464814255604
2360.0, 11.728074727555907
2361.0, 21.39556377079485
2362.0, 26.10773240660292
2363.0, 29.957507082152958
2364.0, 39.63703856465247
2365.0, 41.725601131541694
2366.0, 47.723880597014926
2367.0, 49.487276870489914
2368.0, 52.078337330135874
2369.0, 55.15897435897437
2370.0, 59.636282989576436
2371.0, 63.16654921306091
2372.0, 72.83790781978256
2373.0, 66.7695229052933
2374.0, 74.61538461538467
2375.0, 74.6288441145282
2376.0, 49.28617089281909
2377.0, 47.54445385266723
2378.0, 42.63888888888893
2379.0, 37.52208480565367
2380.0, 27.346938775510125
2381.0, 22.420135527589565
2382.0, 22.34227281497202
2383.0, 24.242424242424278
2384.0, 30.61044460127033
2385.0, 35.58901389808074
2386.0, 44.130309988518974
2387.0, 47.659640421574714
2388.0, 44.060753689640414
2389.0, 34.15371329879102
2390.0, 42.00743494423794
2391.0, 45.08380853637461
2392.0, 42.218246869409626
2393.0, 41.52005629838143
2394.0, 45.05310229178313
2395.0, 54.763912310286656
2396.0, 51.021209740769905
2397.0, 41.19882535843842
2398.0, 36.68154761904757
2399.0, 31.37096774193546
2400.0, 14.127144298688094
2401.0, 20.969696969696884
2402.0, 22.151088348271344
2403.0, 25.61445069588386
2404.0, 26.291793313069817
2405.0, 19.419573942574814
2406.0, 18.78172588832483
2407.0, 21.482240437158424
2408.0, 15.93191964285711
2409.0, 12.843505929997178
2410.0, 13.085764809902784
2411.0, 46.21471907148511
2412.0, 48.41892233746522
2413.0, 54.024802705749714
2414.0, 48.59038142620236
2415.0, 44.27795874049945
2416.0, 49.589875790953876
2417.0, 43.52118469765535
2418.0, 44.63519313304723
2419.0, 41.12219920918851
2420.0, 45.21433850702144
2421.0, 52.202177799447426
2422.0, 53.70339408125736
2423.0, 47.18446601941746
2424.0, 41.57125937623371
2425.0, 36.53516295025727
2426.0, 30.645370731073882
2427.0, 29.677419354838747
2428.0, 35.55175588583454
2429.0, 34.742930591259665
2430.0, 39.306634787806324
2431.0, 52.15569522549344
2432.0, 52.81644193127447
2433.0, 55.43254964619948
2434.0, 53.94551432597466
2435.0, 50.585863676452085
2436.0, 54.39211982188636
2437.0, 58.88109845165061
2438.0, 73.40644276901988
2439.0, 72.65198237885461
2440.0, 83.98859238134048
2441.0, 82.94270833333343
2442.0, 77.77265390823152
2443.0, 83.07580878802509
2444.0, 64.29893567792686
2445.0, 52.22910216718264
2446.0, 54.05002977963071
2447.0, 52.54777070063698
2448.0, 48.84284176533909
2449.0, 43.71980676328498
2450.0, 45.841942148760296
2451.0, 50.54801670146139
2452.0, 44.715878916622394
2453.0, 37.70197486535022
2454.0, 43.153284671532866
2455.0, 48.790110468174575
2456.0, 51.28063894244014
2457.0, 50.35082795397145
2458.0, 65.14161220043567
2459.0, 51.8864534674812
2460.0, 40.454709491158546
2461.0, 42.98312883435589
2462.0, 47.06129303106634
2463.0, 47.002096436058714
2464.0, 43.13990103463795
2465.0, 29.727713539724007
2466.0, 35.10516252390069
2467.0, 36.93794128576733
2468.0, 48.072215422276656
2469.0, 46.7357187696171
2470.0, 50.146886016451205
2471.0, 43.52371239163689
2472.0, 43.226133198278006
2473.0, 53.22621139844335
2474.0, 63.03001429252016
2475.0, 67.61224033951302
2476.0, 64.65185818026484
2477.0, 66.73280423280423
2478.0, 66.73280423280423
2479.0, 78.88361045130638
2480.0, 70.37607213547393
2481.0, 73.7324492979719
2482.0, 75.94213252366492
2483.0, 71.7560073937153
2484.0, 75.04491262453041
2485.0, 83.15262718932439
2486.0, 85.86099121893136
2487.0, 81.36108157375052
2488.0, 72.79577995478525
2489.0, 67.25623582766438
2490.0, 70.26647966339405
2491.0, 72.80856053943123
2492.0, 74.98988809491706
2493.0, 76.01809954751128
2494.0, 82.65027322404366
2495.0, 81.02675539861465
2496.0, 75.99029911075175
2497.0, 74.44954855060988
2498.0, 74.7257912879975
2499.0, 73.50090356497452
2500.0, 70.45246382121266
2501.0, 66.58587257617735
2502.0, 75.44942800072637
2503.0, 79.68929804372854
2504.0, 79.58357432041652
2505.0, 64.35209538839214
2506.0, 68.07474874371866
2507.0, 62.15358931552597
2508.0, 57.6499159349898
2509.0, 52.23906603937967
2510.0, 49.66042736458508
2511.0, 53.16520844055586
2512.0, 38.44881455614771
2513.0, 49.60878724044539
2514.0, 54.66973470492696
2515.0, 63.138881455713175
2516.0, 58.659217877094996
2517.0, 59.19463087248323
2518.0, 60.16771488469607
2519.0, 64.0
2520.0, 59.245818870306124
2521.0, 60.997400909681595
2522.0, 59.92379058979456
2523.0, 56.68390534398998
2524.0, 60.511457987379565
2525.0, 57.080715321411276
2526.0, 62.61930010604448
2527.0, 61.754068716094025
2528.0, 51.41981613891722
2529.0, 49.285561953508214
2530.0, 55.0
2531.0, 64.67817896389319
2532.0, 68.62410907964045
2533.0, 74.59996631295259
2534.0, 75.17286796180433
2535.0, 72.34986531453009
2536.0, 65.38736932550478
2537.0, 68.14925373134325
2538.0, 68.06345405567193
2539.0, 68.30880144187441
2540.0, 72.25244831338406
2541.0, 71.53223555679594
2542.0, 68.69471991423208
2543.0, 58.13546613346663
2544.0, 58.19293647822286
2545.0, 51.023391812865505
2546.0, 43.431273218507286
2547.0, 43.29966329966331
2548.0, 34.08436388277144
2549.0, 32.91346311140194
2550.0, 37.29779411764701
2551.0, 47.208960705104644
2552.0, 48.12342114760016
2553.0, 50.5862329803328
2554.0, 38.944365192582076
2555.0, 35.27759775329443
2556.0, 46.22683142100618
2557.0, 64.5048640558743
2558.0, 64.57555389594228
2559.0, 60.41964711492616
2560.0, 49.733148843644976
2561.0, 45.50551636824018
2562.0, 60.14086761645595
2563.0, 65.36186499652055
2564.0, 50.898203592814404
2565.0, 54.061624649859944
2566.0, 55.074087909351256
2567.0, 53.096812988574875
2568.0, 52.17442684944455
2569.0, 50.53776582742606
2570.0, 52.61124121779862
2571.0, 49.82643193652369
2572.0, 49.55752212389382
2573.0, 50.5081300813008
2574.0, 59.47000269034169
2575.0, 56.27545824847249
2576.0, 45.89406840813968
2577.0, 49.64405641370048
2578.0, 66.30314525051362
2579.0, 65.14631355239494
2580.0, 64.98604040072257
2581.0, 71.29037291309095
2582.0, 66.75920514319114
2583.0, 61.723058578029516
2584.0, 53.746560932189624
2585.0, 52.26194242328378
2586.0, 48.729400893269684
2587.0, 50.48854961832061
2588.0, 49.588061557593626
2589.0, 60.35010197144803
2590.0, 57.55267423014589
2591.0, 51.712387118759594
2592.0, 47.07629478373865
2593.0, 48.95255147717102
2594.0, 50.76843377654987
2595.0, 40.77771939043618
2596.0, 45.899053627760225
2597.0, 40.713536201469026
2598.0, 39.008042895442394
2599.0, 35.347707257819636
2600.0, 35.498627630375125
2601.0, 36.25678119349009
2602.0, 28.100067613252264
2603.0, 27.49215873448796
2604.0, 31.746491101143107
2605.0, 33.54981549815497
2606.0, 33.245575544829606
2607.0, 21.033837782690014
2608.0, 26.44916059550205
2609.0, 27.05767984445886
2610.0, 37.2425199218163
2611.0, 46.09231794700882
2612.0, 55.23255813953491
2613.0, 62.476512589252096
2614.0, 61.24516485540619
2615.0, 60.53273307071843
2616.0, 70.48929663608561
2617.0, 55.17241379310345
2618.0, 56.54794520547951
2619.0, 42.727658971817064
2620.0, 46.404433630711026
2621.0, 36.228366399324614
2622.0, 37.22210679409931
2623.0, 39.1870093558447
2624.0, 33.169648076698195
2625.0, 36.42531420309202
2626.0, 40.51410136330523
2627.0, 40.953378732320594
2628.0, 55.94558280147799
2629.0, 48.336782968657594
2630.0, 42.73297608155798
2631.0, 48.06633543708875
2632.0, 43.01136363636362
2633.0, 53.05445733962504
2634.0, 52.32174081989508
2635.0, 59.47438162544168
2636.0, 54.94299547087304
2637.0, 52.22763010108573
2638.0, 50.061006244168524
2639.0, 47.42727616169246
2640.0, 40.255742363248864
2641.0, 38.7913932549977
2642.0, 24.399208368674024
2643.0, 36.182538875902
2644.0, 51.256281407035154
2645.0, 47.85598199774974
2646.0, 62.55202913631638
2647.0, 43.24819908316962
2648.0, 46.07342874922215
2649.0, 48.512322819563295
2650.0, 54.92401579514176
2651.0, 60.34915850288874
2652.0, 60.501133215814654
2653.0, 61.7858448044829
2654.0, 67.7847213365642
2655.0, 72.99022801302932
2656.0, 74.66079941327465
2657.0, 69.41891891891893
2658.0, 66.66175604007071
2659.0, 56.947811662626
2660.0, 49.878240939693434
2661.0, 59.86932599724895
2662.0, 49.246146027443686
2663.0, 47.81351029436789
2664.0, 37.38196630253657
2665.0, 26.103313558095763
2666.0, 38.73873873873873
2667.0, 39.70173317210799
2668.0, 36.261532290413115
2669.0, 38.680216104965254
2670.0, 39.58174904942964
2671.0, 38.92558893182098
2672.0, 42.474759333176806
2673.0, 49.09994626544868
2674.0, 51.71323141802846
2675.0, 55.25059665871123
2676.0, 60.15591165006501
2677.0, 58.4104289318755
2678.0, 64.25394257986255
2679.0, 84.62176509621766
2680.0, 82.05574912891986
2681.0, 84.04749612803305
2682.0, 87.98414700054042
2683.0, 88.88333333333331
2684.0, 84.75447278264177
2685.0, 90.35901573215004
2686.0, 72.89773825633094
2687.0, 71.57370136093536
2688.0, 69.03765690376568
2689.0, 58.358992936062315
2690.0, 61.33241758241753
2691.0, 63.99140093156583
2692.0, 60.36284756458297
2693.0, 65.2188960027687
2694.0, 68.52982620948806
2695.0, 58.258732666315666
2696.0, 55.56671689268375
2697.0, 43.218738194182095
2698.0, 36.16819475181785
2699.0, 35.894586442292365
2700.0, 44.83613817537643
2701.0, 45.66463633106417
2702.0, 52.23351072407678
2703.0, 53.795050656037226
2704.0, 52.52559726962464
2705.0, 54.33228005987029
2706.0, 51.68320052040983
2707.0, 47.200995201706014
2708.0, 37.799717912552886
2709.0, 35.249906050357
2710.0, 53.401360544217695
2711.0, 48.01861702127658
2712.0, 48.25604703995721
2713.0, 49.045927095670514
2714.0, 44.94864126901573
2715.0, 40.104956268221564
2716.0, 33.95503952569172
2717.0, 32.53254437869822
2718.0, 30.25647086632786
2719.0, 32.52144082332761
2720.0, 42.217245240761464
2721.0, 43.26836581709144
2722.0, 38.832077502691085
2723.0, 38.050452667662825
2724.0, 25.713719270420313
2725.0, 28.65665046398584
2726.0, 46.37754075266654
2727.0, 47.4975369458128
2728.0, 51.851492826676996
2729.0, 59.91914809702229
2730.0, 60.91009321439311
2731.0, 67.08986531243104
2732.0, 68.63651742415699
2733.0, 63.95852324521419
2734.0, 57.59722036616329
2735.0, 46.97305038406459
2736.0, 49.82049157691243
2737.0, 46.97916666666668
2738.0, 46.918075422626764
2739.0, 42.27299355594614
2740.0, 38.45096814490945
2741.0, 31.031369893929124
2742.0, 29.747126436781613
2743.0, 26.1211168862565
2744.0, 26.338797814207666
2745.0, 37.58617141681241
2746.0, 34.63549092291606
2747.0, 38.05436337625181
2748.0, 37.70197486535009
2749.0, 40.55290171765424
2750.0, 52.57450018860806
2751.0, 61.411889596602954
2752.0, 58.42254090082811
2753.0, 62.31821609393513
2754.0, 52.38791423001946
2755.0, 56.79566767930262
2756.0, 44.898425017119386
2757.0, 41.041572525982836
2758.0, 43.929952728835396
2759.0, 31.888848084220868
2760.0, 43.51081530782031
2761.0, 48.82644272179154
2762.0, 57.38923034583985
2763.0, 63.7516149870801
2764.0, 59.689295977011504
2765.0, 61.57664983309082
2766.0, 67.00733996097745
2767.0, 68.95234457071915
2768.0, 69.81241539354095
2769.0, 74.24454672803682
2770.0, 89.7860801446219
2771.0, 85.03757252924949
2772.0, 84.40257808626673
2773.0, 86.42501776830132
2774.0, 84.88924050632909
2775.0, 80.83001413336756
2776.0, 73.61469072164942
2777.0, 67.63485477178422
2778.0, 56.344714259631175
2779.0, 53.77030162412993
2780.0, 56.208791208791226
2781.0, 55.11343176089301
2782.0, 67.81140861466817
2783.0, 66.4679582712369
2784.0, 62.69893899204236
2785.0, 66.61969350008802
2786.0, 62.31908168358009
2787.0, 57.21704597525583
2788.0, 62.27101293103447
2789.0, 65.7342657342657
2790.0, 66.91273398365408
2791.0, 65.47455295735898
2792.0, 70.52896725440803
2793.0, 66.37904468412938
2794.0, 60.71916249431039
2795.0, 56.74181199489579
2796.0, 46.6794826983572
2797.0, 43.73669559521859
2798.0, 44.30215594099534
2799.0, 42.28032178217825
2800.0, 48.87435351384239
2801.0, 56.82034976152626
2802.0, 49.64775676677786
2803.0, 42.50238777459411
2804.0, 48.40928632846086
2805.0, 44.196951934349364
2806.0, 44.1304347826087
2807.0, 43.0646214099217
2808.0, 43.12796208530804
2809.0, 51.60969133753737
2810.0, 51.7538054268696
2811.0, 59.01693243465398
2812.0, 44.41872002645936
2813.0, 50.26197604790418
2814.0, 50.438187581577516
2815.0, 40.365076631651434
2816.0, 42.03213927017074
2817.0, 51.47756851936914
2818.0, 41.317633030257866
2819.0, 49.08911170738593
2820.0, 49.15158371040721
2821.0, 48.09075816270059
2822.0, 53.87788778877888
2823.0, 48.631489841986436
2824.0, 45.48201438848921
2825.0, 37.69026672252479
2826.0, 47.578763127187855
2827.0, 47.64130276033299
2828.0, 47.990715218337435
2829.0, 55.54134015672477
2830.0, 59.11163406383296
2831.0, 54.8114434330299
2832.0, 62.63001485884104
2833.0, 58.48122162608342
2834.0, 63.80642537616924
2835.0, 69.5941450432469
2836.0, 57.990965799096614
2837.0, 63.23107481792099
2838.0, 59.04781533388295
2839.0, 71.90506735086593
2840.0, 70.60402684563762
2841.0, 72.20315717227177
2842.0, 67.43285123966942
2843.0, 61.33400200601797
2844.0, 51.34644478063538
2845.0, 49.22639722134513
2846.0, 55.53097345132748
2847.0, 41.64594166855074
2848.0, 38.43034351145035
2849.0, 34.95335213712305
2850.0, 39.00726392251816
2851.0, 38.85922330097091
2852.0, 49.77951984321419
2853.0, 33.38411316648535
2854.0, 27.068014705882376
2855.0, 27.7181521231918
2856.0, 39.49246629659
2857.0, 43.29854716595056
2858.0, 47.270955165692
2859.0, 55.20039748261013
2860.0, 47.60647078243646
2861.0, 60.49892318736543
2862.0, 65.13543481704423
2863.0, 72.31924269626246
2864.0, 74.62163453879245
2865.0, 76.58386006173751
2866.0, 75.81232918311572
2867.0, 91.57132512671984
2868.0, 89.2826885060718
2869.0, 86.95592286501382
2870.0, 71.18490761080244
2871.0, 70.71569271175312
2872.0, 68.26250672404524
2873.0, 55.78675370597035
2874.0, 58.00339366515836
2875.0, 55.472263868066
2876.0, 42.965609647163916
2877.0, 36.48898365316274
2878.0, 33.65328679464807
2879.0, 27.839291363492478
2880.0, 40.311396048671966
2881.0, 35.409882486195656
2882.0, 35.88750179365762
2883.0, 36.08425912566727
2884.0, 40.58088593217591
2885.0, 37.8767227018022
2886.0, 38.807579725774126
2887.0, 39.794628751974756
2888.0, 37.31299066804916
2889.0, 35.804648426007645
2890.0, 39.62878541191793
2891.0, 41.12875971612032
2892.0, 44.89596879063719
2893.0, 49.50848972296697
2894.0, 32.04944464349698
2895.0, 19.16620549714075
2896.0, 17.898363479758842
2897.0, 22.224094355518147
2898.0, 23.365810451727185
2899.0, 39.76127732134555
2900.0, 44.620208066125116
2901.0, 50.98617797794685
2902.0, 50.55435786880199
2903.0, 58.902829684997315
2904.0, 59.47439353099736
2905.0, 62.80956447480784
2906.0, 63.90883977900551
2907.0, 57.09724238026126
2908.0, 66.73182173573105
2909.0, 75.11719244900551
2910.0, 74.94627733535589
2911.0, 76.05701860352747
2912.0, 73.65465605989714
2913.0, 69.07399808507735
2914.0, 67.83783783783791
2915.0, 66.67148014440443
2916.0, 62.859087814840024
2917.0, 52.278860569715164
2918.0, 47.16623833355874
2919.0, 44.10574247407035
2920.0, 38.93957424302523
2921.0, 40.05167958656328
2922.0, 35.290663534938346
2923.0, 26.12538877066619
2924.0, 30.288461538461547
2925.0, 23.832684824902756
2926.0, 34.78260869565213
2927.0, 30.188679245282984
2928.0, 24.780058651026422
2929.0, 22.57346393588601
2930.0, 29.615122615803855
2931.0, 38.57715430861724
2932.0, 49.7596581805234
2933.0, 57.87343635025748
2934.0, 49.69984202211693
2935.0, 51.0665597433841
2936.0, 45.337620578778086
2937.0, 47.74535809018572
2938.0, 44.185254554742045
2939.0, 39.11570114571565
2940.0, 35.03787878787881
2941.0, 41.12743152044464
2942.0, 42.82761471682512
2943.0, 67.49501457278727
2944.0, 64.988344988345
2945.0, 60.59741567377073
2946.0, 61.40062469176391
2947.0, 62.17174158208474
2948.0, 76.5901883976869
2949.0, 73.78922546707777
2950.0, 77.20996667195678
2951.0, 59.92609582059122
2952.0, 57.613622442729344
2953.0, 65.26069127123608
2954.0, 68.15594458167757
2955.0, 67.07420795237084
2956.0, 68.58877086494688
2957.0, 53.14908317831515
2958.0, 56.468172484599556
2959.0, 56.73758865248228
2960.0, 54.978529253891615
2961.0, 56.143790849673195
2962.0, 54.91803278688525
2963.0, 56.009318898177305
2964.0, 50.02280675079824
2965.0, 68.76484560570066
2966.0, 80.64250411861617
2967.0, 79.97443544951004
2968.0, 73.49973446627727
2969.0, 80.67826863007586
2970.0, 76.94117647058819
2971.0, 89.86942818550197
2972.0, 90.25974025974021
2973.0, 91.56807915680787
2974.0, 91.9225221512466
2975.0, 90.87523277467406
2976.0, 90.95523765574522
2977.0, 92.63738595374494
2978.0, 94.57177322074783
2979.0, 92.85127362366477
2980.0, 90.96587106848091
2981.0, 80.25220080894601
2982.0, 81.37515078407722
2983.0, 77.50582750582751
2984.0, 68.82276843467025
2985.0, 67.2732210755025
2986.0, 66.0276289822386
2987.0, 66.6574432761484
2988.0, 51.57523085279739
2989.0, 45.230847285641815
2990.0, 39.245456636760906
2991.0, 34.75790513833984
2992.0, 34.59633481921736
2993.0, 36.052894211576785
2994.0, 45.604514868678066
2995.0, 48.66805652073196
2996.0, 48.78668823665352
2997.0, 44.27515124355809
2998.0, 53.857715430861724
2999.0, 47.07311148894827
3000.0, 47.18856034900631
3001.0, 37.199170124481306
3002.0, 42.403574788334886
3003.0, 40.74576271186437
3004.0, 49.77704764139875
3005.0, 45.6020105094814
3006.0, 37.45789355490687
3007.0, 41.74858816147248
3008.0, 40.04305705059208
3009.0, 49.3598318364227
3010.0, 44.94323144104804
3011.0, 45.25945470536505
3012.0, 50.68927269846297
3013.0, 53.62633689839571
3014.0, 62.79662153103633
3015.0, 73.33610073336101
3016.0, 72.42606790799559
3017.0, 80.78184441820804
3018.0, 80.20537765166867
3019.0, 84.54740563060216
3020.0, 89.23036511688993
3021.0, 89.03596737531755
3022.0, 86.30676226627305
3023.0, 80.15391445907946
3024.0, 86.79364079962224
3025.0, 89.22330097087382
3026.0, 87.99134511359543
3027.0, 85.98163841807914
3028.0, 79.65667435306179
3029.0, 76.87827606290048
3030.0, 81.4240672622177
3031.0, 76.32283991962505
3032.0, 66.75840978593259
3033.0, 63.85101429996669
3034.0, 56.40470297029703
3035.0, 54.79627847289068
3036.0, 58.20845820845809
3037.0, 66.3125948406676
3038.0, 60.13119533527718
3039.0, 61.71470805617147
3040.0, 61.572700296735825
3041.0, 62.500000000000064
3042.0, 54.071661237785186
3043.0, 51.490825688073464
3044.0, 47.561983471074164
3045.0, 43.13648807195924
3046.0, 61.79295624333018
3047.0, 56.85014061872244
3048.0, 51.417151162790795
3049.0, 60.860655737705216
3050.0, 57.566346696781615
3051.0, 57.09885186222366
3052.0, 56.95530726256978
3053.0, 54.041755888650904
3054.0, 53.317020119630264
3055.0, 56.28019323671506
3056.0, 65.76622065135066
3057.0, 66.34400595681309
3058.0, 65.16825070639624
3059.0, 78.45446182152702
3060.0, 71.40047206923668
3061.0, 71.51253918495297
3062.0, 83.35567898869931
3063.0, 77.99430698489127
3064.0, 81.74102285092475
3065.0, 84.33874709976779
3066.0, 86.80597014925335
3067.0, 73.76966007102983
3068.0, 60.52519517388215
3069.0, 62.106554026434054
3070.0, 56.77039529015981
3071.0, 59.016611295681024
3072.0, 58.36933045356364
3073.0, 39.58841463414641
3074.0, 42.53591505309197
3075.0, 51.54069001843556
3076.0, 40.922410498152615
3077.0, 39.123020706455584
3078.0, 38.028518288902745
3079.0, 39.6959459459459
3080.0, 38.96257697773573
3081.0, 46.896909893534186
3082.0, 59.8088813940416
3083.0, 56.314395054459744
3084.0, 55.36101866589496
3085.0, 50.953389830508506
3086.0, 53.75285388127851
3087.0, 66.74176288369475
3088.0, 65.12777071862212
3089.0, 51.70645729850981
3090.0, 61.14469210426908
3091.0, 69.01072705601916
3092.0, 65.22567130070476
3093.0, 54.21888053467015
3094.0, 61.46465635402387
3095.0, 61.494815104676206
3096.0, 63.72350230414755
3097.0, 58.692699490662164
3098.0, 56.202243537636086
3099.0, 62.70389419544453
3100.0, 59.21093030396073
3101.0, 53.62192354686687
3102.0, 47.99250117169189
3103.0, 52.61187680789521
3104.0, 50.3265839320706
3105.0, 47.14167357083679
3106.0, 53.01301623011408
3107.0, 60.57944213284011
3108.0, 60.93463653023824
3109.0, 56.21356244246704
3110.0, 42.614173228346445
3111.0, 44.771674387822706
3112.0, 43.7722419928826
3113.0, 31.892346509671967
3114.0, 37.90488228788116
3115.0, 42.65285276521229
3116.0, 55.99944126274615
3117.0, 50.43621191048175
3118.0, 53.03846153846147
3119.0, 48.88915150082722
3120.0, 43.82958467214086
3121.0, 37.13485881207405
3122.0, 31.47005911076843
3123.0, 35.44790465205692
3124.0, 37.994505494505496
3125.0, 41.420689655172445
3126.0, 43.427331887201724
3127.0, 50.730411686587004
3128.0, 46.94104560622923
3129.0, 37.76954177897583
3130.0, 14.394222388245737
3131.0, 14.701767773114753
3132.0, 24.725028058361602
3133.0, 26.424373275758853
3134.0, 26.803747414527493
3135.0, 26.117368109069503
3136.0, 23.75202156334251
3137.0, 22.17453505007171
3138.0, 29.97530356040349
3139.0, 32.583713096889284
3140.0, 44.78029177950559
3141.0, 37.78493757551351
3142.0, 37.93990036959664
3143.0, 38.60997547015537
3144.0, 53.45309810671254
3145.0, 55.82518818110327
3146.0, 53.719397363465106
3147.0, 58.76116071428576
3148.0, 62.554776511831754
3149.0, 64.28732267507328
3150.0, 72.75588568550931
3151.0, 76.64580185624874
3152.0, 61.46834439710691
3153.0, 51.86456400742116
3154.0, 41.284504563950236
3155.0, 38.9823468328141
3156.0, 38.304033092037244
3157.0, 46.44793677051743
3158.0, 45.56240657698054
3159.0, 47.75495026494374
3160.0, 43.43959228540021
3161.0, 37.79805100559816
3162.0, 37.83027665526884
3163.0, 37.61590768596737
3164.0, 33.70659640538254
3165.0, 24.773091297383786
3166.0, 34.15841584158409
3167.0, 36.9973190348525
3168.0, 42.111959287531796
3169.0, 58.105939004815504
3170.0, 61.1111111111112
3171.0, 45.233968804159446
3172.0, 42.68907563025209
3173.0, 40.28021015761818
3174.0, 38.78583473861722
3175.0, 37.64320785597374
3176.0, 31.623931623931682
3177.0, 41.26455906821964
3178.0, 45.75645756457563
3179.0, 41.26126126126127
3180.0, 33.27338129496408
3181.0, 47.93814432989689
3182.0, 43.04511278195487
3183.0, 38.22393822393822
3184.0, 38.342967244701235
3185.0, 47.540983606557354
3186.0, 46.58634538152613
3187.0, 47.4308300395257
3188.0, 38.52327447833063
3189.0, 41.16638078902227
3190.0, 46.17940199335546
3191.0, 34.902597402597394
3192.0, 37.00516351118761
3193.0, 48.21705426356592
3194.0, 53.46215780998389
3195.0, 63.32487309644671
3196.0, 65.347721822542
3197.0, 68.445475638051
3198.0, 61.52993348115297
3199.0, 64.41025641025638
3200.0, 67.86817713697218
3201.0, 69.13946587537089
