0, 3190500
1, 5190800
2, 9284421
3, 16157721
4, 13414926
5, 6419226
6, 206026
7, -15896163
8, -32748763
9, -32748763
10, -35058563
11, -38193863
12, -39825363
13, -44515263
14, -10290263
15, 3808237
16, -58463
17, 2428137
18, 645937
19, -345263
20, 483637
21, 20556337
22, 17125559
23, 13685367
24, 15177381
25, 13268281
26, 14285881
27, 16872746
28, 18137546
29, 17008746
30, 19067346
31, 22549143
32, 19014543
33, 20722943
34, 22007143
35, 25272943
36, 26911043
37, 25879444
38, 25218944
39, 24515549
40, 22733224
41, 16146752
42, 12427015
43, 16764524
44, 19383648
45, 17969293
46, 15365689
47, 13456694
48, 16757710
49, 21984719
50, 19343189
51, 17168227
52, 19205692
53, 18150814
54, 16981814
55, 15620879
56, 16346294
57, 16793203
58, 17815440
59, 16884103
60, 16166853
61, 15746709
62, 16281268
63, 16825514
64, 20488627
65, 22068382
66, 23168923
67, 22474100
68, 21512750
69, 20324382
70, 19562021
71, 20213582
72, 20533097
73, 20139178
74, 20682162
75, 21621971
76, 20908134
77, 21383704
78, 21635814
79, 22074076
80, 22654617
81, 22942437
82, 23365951
83, 23694907
84, 24114649
85, 24608771
86, 23861872
87, 24358233
88, 24876769
89, 25716067
90, 27353693
91, 26220364
92, 24868382
93, 24319270
94, 24761923
95, 25185080
96, 25520390
97, 25097207
98, 25409749
99, 25076591
100, 25076591
101, 24934847
102, 25410541
103, 26038613
104, 25611878
105, 26105764
106, 26771575
107, 28057010
108, 26960574
109, 26533798
110, 34456126
111, 32948521
112, 32091141
113, 32660823
114, 33016596
115, 32765122
116, 33248722
117, 32791995
118, 32344277
119, 31924558
120, 32460502
121, 39295830
122, 37678029
123, 36778456
124, 36226725
125, 35607438
126, 34151150
127, 34698288
128, 34305428
129, 34035030
130, 33407521
131, 32279382
132, 32894985
133, 32560659
134, 31540874
135, 31928397
136, 31643189
137, 32126588
138, 32543478
139, 32856879
140, 33689790
141, 34125940
142, 33852459
143, 34107092
144, 33894568
145, 34172206
146, 33979943
147, 33695068
148, 34162239
149, 33717419
150, 34144768
151, 33865774
152, 33438284
153, 33706352
154, 33372063
155, 32832663
156, 33113044
157, 33277045
158, 33610709
159, 33350323
160, 33607208
161, 33951530
162, 33519189
163, 34021393
164, 35089726
165, 35619363
166, 36026015
167, 36857142
168, 38937027
169, 37744881
170, 38751566
171, 39342925
172, 40433997
173, 42326861
174, 44591693
175, 43021910
176, 41898875
177, 40660355
178, 41420207
179, 42295108
180, 41295287
181, 41787717
182, 41121702
183, 40162963
184, 41882307
185, 42897632
186, 32738213
187, 27794213
188, 31100673
189, 29799907
190, 28461012
191, 26606624
192, 28279815
193, 29328448
194, 28453877
195, 27696582
196, 27192704
197, 26527346
198, 29964738
199, 28525634
200, 28017416
201, 27547431
202, 27967756
203, 27569357
204, 27569357
205, 27811188
206, 27295431
207, 26846797
208, 26065483
209, 26065483
210, 26309583
211, 26638316
212, 25912817
213, 26173224
214, 26173224
215, 26430084
216, 26581608
217, 26203981
218, 25618508
219, 23885733
220, 23355452
221, 22977637
222, 23349179
223, 23711325
224, 24464791
225, 23827447
226, 34887126
227, 32820068
228, 33852903
229, 33024288
230, 60029800
231, 56754823
232, 55243590
233, 55243590
234, 56143665
235, 60726085
236, 59470533
237, 57925664
238, 58651027
239, 58017313
240, 57490322
241, 59000038
242, 58469796
243, 58109821
244, 58476767
245, 57971918
246, 58251154
247, 57791932
248, 57438720
249, 56938899
250, 56507177
251, 55570271
252, 56009745
253, 55572981
254, 56237085
255, 55583160
256, 55212129
257, 55544603
258, 55833178
259, 56301299
260, 57029448
261, 56555566
262, 56926058
263, 56483882
264, 56740668
265, 56378069
266, 56161815
267, 56401499
268, 56681830
269, 61523250
270, 63485078
271, 64052413
272, 66849101
273, 65765116
274, 65093531
275, 64308664
276, 63750635
277, 64147589
278, 64557046
279, 63793051
280, 66231255
281, 68700544
282, 71070318
283, 68880075
284, 70168531
285, 69364768
286, 68651200
287, 69250893
288, 68722079
289, 67897549
290, 68316923
291, 68767762
292, 69325556
293, 68828111
294, 68491817
295, 68026193
296, 68476786
297, 69036472
298, 68733312
299, 68271027
300, 68538882
301, 68890239
302, 68587148
303, 68840112
304, 69108725
305, 68763353
306, 68478189
307, 69563309
308, 69822459
309, 69605204
310, 69357082
311, 69056189
312, 69056189
313, 69243709
314, 69628356
315, 70357935
316, 71548415
317, 70574157
318, 71034528
319, 72107909
320, 75169432
321, 75849499
322, 76735898
323, 75789308
324, 76965563
325, 77915424
326, 79523718
327, 77157918
328, 75750657
329, 75750657
330, 75264339
331, 75823774
332, 76424977
333, 77215681
334, 76478931
335, 77051084
336, 77513690
337, 77040772
338, 76542473
339, 76087284
340, 75581923
341, 75193190
342, 75535766
343, 76231507
344, 75809624
345, 76397279
346, 76734956
347, 77354998
348, 77727691
349, 77041392
350, 77386364
351, 77876653
352, 78553244
353, 78802310
354, 78493975
355, 78206149
356, 77730699
357, 77390551
358, 76976688
359, 76738077
360, 77067441
361, 76784000
362, 77209164
363, 77625306
364, 79029796
365, 78483517
366, 77982148
367, 77614905
368, 77080317
369, 77445803
370, 77237597
371, 76980003
372, 76695326
373, 76900187
374, 77177974
375, 76983713
376, 76706741
377, 76957213
378, 76760219
379, 77013004
380, 77219279
381, 77623386
382, 78105949
383, 77918657
384, 77652144
385, 77446625
386, 77597872
387, 77820892
388, 78078055
389, 77631732
390, 77369660
391, 77578711
392, 77903024
393, 77718117
394, 77887298
395, 78148573
396, 78016703
397, 77712862
398, 77943004
399, 78307027
400, 78839169
401, 79183417
402, 78770552
403, 78475323
404, 78731813
405, 78419440
406, 77937043
407, 77647141
408, 77349842
409, 76907090
410, 76104480
411, 76379746
412, 76072135
413, 76319098
414, 76691941
415, 77189002
416, 76964954
417, 76726637
418, 76968471
419, 76647639
420, 76360148
421, 76529891
422, 76743923
423, 76537605
424, 76372131
425, 76372131
426, 76707712
427, 76579367
428, 76727684
429, 76727684
430, 76434755
431, 76250920
432, 75868266
433, 75284429
434, 73547144
435, 73028364
436, 73374947
437, 73653205
438, 73387264
439, 73211125
440, 73056992
441, 72819118
442, 72621644
443, 72428092
444, 72615000
445, 72417389
446, 71955322
447, 71338922
448, 71664009
449, 71819020
450, 72349006
451, 71992453
452, 71801818
453, 71653724
454, 71894840
455, 72573535
456, 73020062
457, 73277958
458, 73538080
459, 73341049
460, 73460526
461, 73685168
462, 73528181
463, 73363769
464, 73645490
465, 74219837
466, 74219837
467, 73954348
468, 73799786
469, 74197180
470, 73900317
471, 73556808
472, 73195760
473, 72866846
474, 72650288
475, 72327811
476, 71871382
477, 72094539
478, 71884460
479, 71556719
480, 71055920
481, 71561711
482, 71273930
483, 71505281
484, 71940027
485, 72185634
486, 72039042
487, 71903822
488, 71701957
489, 71524568
490, 71801957
491, 71549826
492, 72538459
493, 72272357
494, 72608305
495, 72381372
496, 72650009
497, 73036842
498, 73651095
499, 74232049
500, 73871804
501, 73513492
502, 72887792
503, 73336570
504, 73069635
505, 73307611
506, 73109586
507, 73347583
508, 73625055
509, 72926142
510, 73356377
511, 72589840
512, 72856729
513, 73169466
