15.0, 30.35317362311683
16.0, 26.791277258566964
17.0, 24.45754085186178
18.0, 25.68936409679236
19.0, 17.268652781439485
20.0, 20.335110434120338
21.0, 16.297679381168336
22.0, 16.603260869565233
23.0, 19.857946137910645
24.0, 29.552980132450315
25.0, 31.87122736418513
26.0, 40.36697247706423
27.0, 46.05809128630707
28.0, 42.45973645680824
29.0, 41.74664107485607
30.0, 42.491710090004744
31.0, 39.870490286771506
32.0, 37.64192139737995
33.0, 47.59801214798455
34.0, 26.702508960573525
35.0, 17.010607521697224
36.0, 17.123553622738243
37.0, 22.314831665150166
38.0, 18.545265280895265
39.0, 15.20375691290512
40.0, 17.437160540608843
41.0, 10.848655813479255
42.0, 10.663103390679808
43.0, 9.951986032300312
44.0, 8.251207183802592
45.0, 15.205211377101037
46.0, 18.884881951879237
47.0, 26.816728481903084
48.0, 41.16421303312406
49.0, 42.9616449189403
50.0, 42.961644918940316
51.0, 36.94362443036888
52.0, 48.67661077777154
53.0, 59.69835234474018
54.0, 58.67914397484085
55.0, 61.596712930890334
56.0, 61.595241507811394
57.0, 67.2640475817812
58.0, 75.29636077261048
59.0, 75.75198676394807
60.0, 75.35017094959746
61.0, 68.67617464345088
62.0, 67.02486951182071
63.0, 75.7292127565434
64.0, 79.68626889191323
65.0, 85.3482907602517
66.0, 82.3591147615789
67.0, 63.84387617765818
68.0, 55.880689850155484
69.0, 44.30261672148851
70.0, 54.399966039818324
71.0, 54.172303009807244
72.0, 53.315821204030655
73.0, 45.043276972624774
74.0, 39.77686490523763
75.0, 42.48815756669161
76.0, 33.364145820093555
77.0, 35.340284785289825
78.0, 39.78231896934695
79.0, 36.38378720709311
80.0, 35.57642687583861
81.0, 37.0804647160069
82.0, 45.43366238281492
83.0, 57.96850879901206
84.0, 39.39052713069178
85.0, 36.13298902517751
86.0, 35.80142764438678
87.0, 45.98150390840034
88.0, 48.266497168612034
89.0, 44.72585136003424
90.0, 36.0247617351029
91.0, 37.681662400763535
92.0, 37.448290877422146
93.0, 36.10866188016963
94.0, 35.341497493219364
95.0, 38.47014090807423
96.0, 46.143304620203615
97.0, 47.1936425061425
98.0, 51.895982610095814
99.0, 52.25992135879038
100.0, 52.43537964458803
101.0, 43.705043717965275
102.0, 45.92026066886906
103.0, 44.69059678484916
104.0, 54.12310646468957
105.0, 46.08583828966403
106.0, 42.13501291989667
107.0, 60.37133342457001
108.0, 64.13678065054208
109.0, 64.15758980301274
110.0, 59.82022238387197
111.0, 56.10739016914522
112.0, 49.7882151091094
113.0, 53.71977322688882
114.0, 48.69477911646587
115.0, 51.9075799546714
116.0, 55.7108070500928
117.0, 62.60750586395623
118.0, 55.73665893271458
119.0, 54.64626933575981
120.0, 54.64316178561272
121.0, 30.23456612462232
122.0, 26.871028037383198
123.0, 26.683495433959493
124.0, 39.14838550653194
125.0, 35.364576515250675
126.0, 31.157372700536314
127.0, 31.17355181167784
128.0, 36.09231993633107
129.0, 35.71468751757887
130.0, 39.27736450584483
131.0, 42.792013834302786
132.0, 52.06434316353887
133.0, 58.291927281229874
134.0, 59.466873397340336
135.0, 60.73081607795368
136.0, 62.6233552631579
137.0, 70.11055858639499
138.0, 65.38246477298142
139.0, 67.42264786360764
140.0, 83.78062252258103
141.0, 87.84524145721542
142.0, 89.74212307545636
143.0, 92.11563129924866
144.0, 91.33477669805144
145.0, 91.05834675533848
146.0, 89.46985388792474
147.0, 90.38884063154666
148.0, 92.56832192612008
149.0, 94.49950445986121
150.0, 82.98045234978103
151.0, 79.48857453754079
152.0, 77.63615295480876
153.0, 76.94145758661884
154.0, 78.06818181818178
155.0, 72.94272547728772
156.0, 44.92468893254744
157.0, 35.16068052930056
158.0, 26.1577608142494
159.0, 23.012939001848466
160.0, 23.08762169680115
161.0, 12.118040178751158
162.0, 6.430487612434916
163.0, 9.229358529681463
164.0, 9.134311868686893
165.0, 13.519095722708315
166.0, 12.219544482536222
167.0, 17.744910941475794
168.0, 14.322321704229665
169.0, 15.337253332512361
170.0, 15.928637657064272
171.0, 15.665188818664873
172.0, 26.325911920983117
173.0, 33.701818653353655
174.0, 34.53054662379422
175.0, 43.9469197123582
176.0, 52.02305851642374
177.0, 47.74951076320939
178.0, 52.47513345366566
179.0, 51.514320416878874
180.0, 56.87835265616889
181.0, 49.59410633006427
182.0, 54.82290497090947
183.0, 54.017973092306896
184.0, 64.54870089890409
185.0, 75.77334489736924
186.0, 66.66666666666671
187.0, 55.13266637668556
188.0, 42.97272727272724
189.0, 45.52323056882329
190.0, 29.08686911437941
191.0, 30.182257356170325
192.0, 23.354005607000204
193.0, 16.920322291853196
194.0, 28.6702473958333
195.0, 35.86677367576243
196.0, 41.505014274211206
197.0, 39.282250242482995
198.0, 33.3333333333333
199.0, 43.96508477977323
200.0, 44.15335785178096
201.0, 41.63222649755352
202.0, 47.55081984172142
203.0, 40.36623778762481
204.0, 45.65096392248138
205.0, 48.168713294180456
206.0, 59.162654640745906
207.0, 57.35893648449042
208.0, 45.40853624247878
209.0, 41.91310482685636
210.0, 34.529309413811745
211.0, 36.20863218824714
212.0, 43.0349907918969
213.0, 34.7811419414692
214.0, 47.905777406091005
215.0, 57.503455299338064
216.0, 59.5289227571874
217.0, 67.63083546347369
218.0, 64.5577078883406
219.0, 62.57138777841232
220.0, 57.67006924120209
221.0, 61.53960913024017
222.0, 76.68620418161137
223.0, 81.52375305714074
224.0, 79.5084929526563
225.0, 69.56741715153049
226.0, 58.258594917787725
227.0, 55.61169457848423
228.0, 45.054031587697416
229.0, 37.432323106602766
230.0, 45.32601011474248
231.0, 45.83557806270875
232.0, 49.35012594458438
233.0, 60.44162155249586
234.0, 64.55179241780456
235.0, 64.78711633815513
236.0, 64.66548789012707
237.0, 57.734605674183776
238.0, 63.35071764148098
239.0, 71.7660292463442
240.0, 73.9248629618076
241.0, 72.71262309758285
242.0, 74.40113589520452
243.0, 80.39979108304452
244.0, 74.78665632273085
245.0, 71.4922854387657
246.0, 76.48988518316021
247.0, 69.15054033676809
248.0, 74.16741200610306
249.0, 82.2705279121832
250.0, 74.675932112789
251.0, 78.61267749167742
252.0, 77.96444071118579
253.0, 72.67218023670327
254.0, 80.05981308411214
255.0, 82.55100291445224
256.0, 79.51648061298631
257.0, 74.08216921663656
258.0, 74.08686286311652
259.0, 69.90166482350477
260.0, 55.139346718609524
261.0, 56.90559440559439
262.0, 50.30241935483872
263.0, 34.61538461538461
264.0, 46.01336302895323
265.0, 41.245136186770445
266.0, 41.69884169884169
267.0, 48.54736842105261
268.0, 51.19808306709267
269.0, 41.69060320065656
270.0, 43.71772805507746
271.0, 40.28548770816811
272.0, 42.18009478672984
273.0, 50.511811023622045
274.0, 64.94515539305306
275.0, 68.16106268161063
276.0, 64.49332285938726
277.0, 64.87956487956488
278.0, 65.31082118188795
279.0, 64.10546139359695
280.0, 67.73865944482057
281.0, 69.93690851735015
282.0, 70.56825200741196
283.0, 73.09660908509275
284.0, 62.912995594713635
285.0, 62.329514457174035
286.0, 57.02247191011237
287.0, 54.52580383680088
288.0, 61.87131853194382
289.0, 69.29392446633827
290.0, 71.2157884937628
291.0, 71.43385070214339
292.0, 73.774385072095
293.0, 72.15861954537914
294.0, 67.98163577622854
295.0, 64.44166070150322
296.0, 60.55769583562648
297.0, 70.44412607449857
298.0, 71.65549402506558
299.0, 73.12611540749555
300.0, 77.58415251712839
301.0, 73.28362408553741
302.0, 72.82095319879775
303.0, 63.47047684627302
304.0, 61.82432432432433
305.0, 54.317637669592976
306.0, 38.80553103854074
307.0, 35.784047748236574
308.0, 43.20290945573112
309.0, 38.93095265001695
310.0, 36.52072511396163
311.0, 23.370815231280332
312.0, 23.017870626730414
313.0, 30.811260244684618
314.0, 25.208059570740232
315.0, 29.259177841283773
316.0, 27.69351758229412
317.0, 27.11472885271145
318.0, 27.168521988316968
319.0, 35.51642688426024
320.0, 41.22632103688933
321.0, 45.29025191675794
322.0, 36.56432748538012
323.0, 39.32389937106918
324.0, 43.556252176941825
325.0, 44.13137424373379
326.0, 42.37344398340249
327.0, 33.38810875410816
328.0, 44.195670165962454
329.0, 47.62897555392038
330.0, 42.58246683399067
331.0, 42.10129835600655
332.0, 46.39893365438364
333.0, 36.11111111111112
334.0, 35.252914394356324
335.0, 38.59228256431196
336.0, 38.67123567921441
337.0, 44.620050154545986
338.0, 43.52847471127041
339.0, 52.76032743194367
340.0, 64.7349741083377
341.0, 65.73319153964317
342.0, 63.41847997477137
343.0, 54.07759303246238
344.0, 49.33593749999999
345.0, 57.88267644362975
346.0, 55.965500718735015
347.0, 63.86158081006688
348.0, 61.58513462267732
349.0, 62.32800297508371
350.0, 70.6576728499157
351.0, 72.4574594380689
352.0, 81.21827411167517
353.0, 63.64499288087329
354.0, 56.17361989043408
355.0, 61.59476117103238
356.0, 66.74449633088727
357.0, 67.32218944608329
358.0, 65.66496163682866
359.0, 73.19587628865979
360.0, 71.95571955719558
361.0, 61.58858206639777
362.0, 68.644578313253
363.0, 64.14980368468738
364.0, 59.94919559695174
365.0, 57.60259816947152
366.0, 49.86815118663931
367.0, 54.90196078431373
368.0, 62.1426224120933
369.0, 49.618320610687014
370.0, 42.86703601108035
371.0, 44.20020290835306
372.0, 45.795374912403645
373.0, 28.22477650063857
374.0, 32.23472668810288
375.0, 34.11314334325819
376.0, 24.202000952834652
377.0, 26.946410515672397
378.0, 28.441835645677685
379.0, 33.3333333333333
380.0, 36.15510649918076
381.0, 27.9732739420935
382.0, 22.010237319683554
383.0, 28.05456702253852
384.0, 25.427728613569286
385.0, 24.627310673822237
386.0, 24.123831775700893
387.0, 23.111359820928882
388.0, 25.16339869281046
389.0, 32.53076511503474
390.0, 30.158730158730123
391.0, 28.191489361702082
392.0, 33.90918065153012
393.0, 28.498467824310538
394.0, 27.872127872127876
395.0, 30.65934065934067
396.0, 37.765131919296394
397.0, 46.050808314087725
398.0, 52.548853016142715
399.0, 48.69224062772452
400.0, 50.58876811594203
401.0, 61.19469026548674
402.0, 57.673745173745175
403.0, 55.66228513650153
404.0, 70.3703703703704
405.0, 73.87772552372812
406.0, 76.06737171954566
407.0, 76.36649626425483
408.0, 82.14869281045753
409.0, 94.0583738707436
410.0, 94.36015831134566
411.0, 83.67741935483875
412.0, 83.5393623942746
413.0, 81.94001276324184
414.0, 84.11302982731554
415.0, 79.63696369636962
416.0, 76.82266794014646
417.0, 71.63228155339804
418.0, 61.75675675675677
419.0, 51.93171608265947
420.0, 51.81627138997298
421.0, 52.33474833232262
422.0, 52.96229802513463
423.0, 40.451977401129945
424.0, 29.10505836575878
425.0, 31.99315654405477
426.0, 26.320667284522727
427.0, 30.496453900709255
428.0, 26.938369781312105
429.0, 27.167919799498748
430.0, 47.10287741426882
431.0, 56.99128457749148
432.0, 67.2486033519553
433.0, 80.83264633140973
434.0, 80.18747337025991
435.0, 78.7777312683131
436.0, 75.46928327645054
437.0, 76.01694915254235
438.0, 73.88797364085667
439.0, 80.36242603550295
440.0, 80.35516093229744
441.0, 80.10490820532033
442.0, 80.42757095466271
443.0, 83.36505519604108
444.0, 74.00096292729897
445.0, 70.74756229685805
446.0, 69.59459459459457
447.0, 53.23581560283686
448.0, 46.322827125119396
449.0, 47.68928220255655
450.0, 48.0912245909767
451.0, 45.280306660277894
452.0, 56.11169652265545
453.0, 49.17632702867599
454.0, 43.06406685236767
455.0, 50.21919142717975
456.0, 51.632749645054446
457.0, 50.208623087621696
458.0, 55.863636363636346
459.0, 55.68233683249658
460.0, 49.109014675052386
461.0, 68.80984952120386
462.0, 72.55319148936167
463.0, 71.68885774351787
464.0, 76.13252197430697
465.0, 80.31383737517832
466.0, 67.24598930481287
467.0, 78.07606263982107
468.0, 81.16279069767444
469.0, 72.74559193954664
470.0, 73.3103108041441
471.0, 78.42964269960302
472.0, 69.59488272921111
473.0, 64.08364083640836
474.0, 62.14642262895179
475.0, 60.381355932203405
476.0, 59.86394557823131
477.0, 60.452218430034144
478.0, 55.02512562814071
479.0, 39.223880597014926
480.0, 48.42909708463062
481.0, 39.24641547182393
482.0, 35.040190532896716
483.0, 43.58974358974359
484.0, 49.58107442089698
485.0, 49.791411042944794
486.0, 52.334279081764265
487.0, 58.822091886608014
488.0, 59.741526456961715
489.0, 62.10673502680028
490.0, 63.622047244094496
491.0, 60.51953628166596
492.0, 58.57053812590899
493.0, 75.31645569620254
494.0, 70.54669108030343
495.0, 68.808864265928
496.0, 72.06266318537857
497.0, 69.39942802669208
498.0, 62.52918287937742
499.0, 64.78976234003655
500.0, 72.81694226863937
501.0, 77.52458623171023
502.0, 73.04168575355013
503.0, 73.65711727842431
504.0, 49.864498644986455
505.0, 53.6693612299889
506.0, 52.04426683061789
507.0, 46.530062817828295
508.0, 44.41747572815534
509.0, 46.13255846132559
510.0, 48.65637507146943
511.0, 51.169113648722124
512.0, 51.84341064485856
513.0, 50.523415977961434
514.0, 44.56951627623974
515.0, 33.33333333333333
516.0, 34.685367702805166
517.0, 31.694747274529234
518.0, 54.01369010578716
519.0, 55.33393774554246
520.0, 63.59847169155958
521.0, 76.53343886030868
522.0, 81.26050420168063
523.0, 69.67320261437904
524.0, 74.52415812591505
525.0, 64.18946508779091
526.0, 62.91754756871034
527.0, 63.30543933054389
528.0, 65.96534653465343
529.0, 67.33952361727893
530.0, 69.13677571935355
531.0, 72.66061452513965
532.0, 74.35309531608252
533.0, 73.83021390374331
534.0, 71.97784294558484
535.0, 72.66369993642716
536.0, 79.1277258566978
537.0, 89.05426356589143
538.0, 70.49180327868848
539.0, 77.9142779142779
540.0, 75.10626992561103
541.0, 76.80693069306929
542.0, 78.66575591985425
543.0, 67.1159563924678
544.0, 66.09252954135789
545.0, 66.71908787104383
546.0, 68.17070877984582
547.0, 66.1114416022209
548.0, 54.57521689310851
549.0, 55.08255098737455
550.0, 54.25701530612243
551.0, 49.09376089229698
552.0, 57.7818853974122
553.0, 49.84877126654066
554.0, 54.14093715946239
555.0, 45.232273838630796
556.0, 41.24293785310737
557.0, 47.60130414531906
558.0, 48.393106660456475
559.0, 45.324451023932866
560.0, 35.55740895190435
561.0, 32.511438739196734
562.0, 55.311241870548166
563.0, 54.349889275545706
564.0, 50.23391812865499
565.0, 44.9385299503008
566.0, 35.339854527213404
567.0, 48.80648899188874
568.0, 45.07707608155149
569.0, 49.521988527724666
570.0, 48.680921966120536
571.0, 48.1064763995609
572.0, 49.54642475987195
573.0, 45.83213978802635
574.0, 37.50586029067044
575.0, 38.13155386081985
576.0, 28.687664041994807
577.0, 26.686454398273142
578.0, 31.154299175500626
579.0, 36.36363636363642
580.0, 50.0
581.0, 29.74551522736762
582.0, 26.55435218612118
583.0, 25.678820791311168
584.0, 25.185474424053083
585.0, 25.966183574879224
586.0, 17.770767613038856
587.0, 15.33251231527096
588.0, 31.667274717256518
589.0, 45.73378839590445
590.0, 54.036295369211494
591.0, 58.7011526567332
592.0, 59.18310641844958
593.0, 55.40398740818466
594.0, 47.924528301886795
595.0, 54.26206896551725
596.0, 54.80635274449705
597.0, 62.79241566116716
598.0, 60.38361354487329
599.0, 65.04668930390491
600.0, 66.7465156794425
601.0, 67.63018534863193
602.0, 66.87739896139081
603.0, 65.95497795312136
604.0, 61.93239152371341
605.0, 52.45773732119636
606.0, 48.05849722642457
607.0, 45.02716749350344
608.0, 40.80496681652752
609.0, 31.632277081798094
610.0, 35.22849946023753
611.0, 31.42857142857146
612.0, 32.10116731517513
613.0, 27.109440267335046
614.0, 29.43310657596375
615.0, 29.326705829191184
616.0, 41.576391483003356
617.0, 37.20468532856858
618.0, 35.73607932875669
619.0, 35.6273764258555
620.0, 37.482656095143724
621.0, 36.35839261680446
622.0, 37.99477596945951
623.0, 34.86999815600221
624.0, 43.92760755675503
625.0, 41.367861885790184
626.0, 41.312997347480106
627.0, 49.26913155631986
628.0, 48.607380178142236
629.0, 50.37362637362637
630.0, 42.30965763924374
631.0, 38.89758847478859
632.0, 45.232383808095946
633.0, 48.80419688319704
634.0, 52.28645383951684
635.0, 57.00846660395107
636.0, 62.54486133768351
637.0, 82.18368151359871
638.0, 71.97076850542196
639.0, 65.47287154192577
640.0, 67.66117254329228
641.0, 60.848699166456186
642.0, 63.7048192771084
643.0, 52.492244053774556
644.0, 47.419488026424446
645.0, 56.54917319408181
646.0, 52.93424463822765
647.0, 52.65528686581318
648.0, 54.941335740072184
649.0, 53.70533745037495
650.0, 49.7221604801067
651.0, 43.33257351265101
652.0, 57.128944292948965
653.0, 67.03703703703705
654.0, 70.46133421838701
655.0, 66.28275746953761
656.0, 65.6929347826087
657.0, 77.05179282868521
658.0, 81.15730102360553
659.0, 74.73925740508969
660.0, 75.5304101838755
661.0, 71.8514104092173
662.0, 61.97872340425534
663.0, 67.30417090539166
664.0, 67.42763962494905
665.0, 71.01877241088378
666.0, 66.9473177772432
667.0, 63.22269807280514
668.0, 42.64827586206895
669.0, 42.43755146856988
670.0, 44.91725768321512
671.0, 43.92499357821732
672.0, 46.19176731575058
673.0, 52.40030480060961
674.0, 61.94151096669376
675.0, 61.208107565723466
676.0, 66.55253584421139
677.0, 59.97349237905897
678.0, 63.71991247264768
679.0, 64.466352336048
680.0, 61.620370370370374
681.0, 52.93857711003091
682.0, 62.88095858296432
683.0, 55.54532903819603
684.0, 44.56913827655308
685.0, 45.67673033477101
686.0, 52.75942132523664
687.0, 48.851590106007045
688.0, 37.95542220317189
689.0, 37.86615351721188
690.0, 36.583279880265145
691.0, 35.097435897435915
692.0, 28.959449120122443
693.0, 23.17530695770806
694.0, 19.109151717847382
695.0, 20.529152376286135
696.0, 21.843880501124318
697.0, 20.890937019969286
698.0, 22.431139699818587
699.0, 23.3195706028076
700.0, 12.379694281940047
701.0, 13.421363815530214
702.0, 19.542124542124526
703.0, 24.569439355075133
704.0, 22.7095681625741
705.0, 24.341985841350535
706.0, 33.69983507421661
707.0, 39.345314505776656
708.0, 39.77936404931863
709.0, 37.15151515151516
710.0, 39.86081577421226
711.0, 56.987901543596166
712.0, 69.00444115470023
713.0, 69.48442339223902
714.0, 69.19823464509012
715.0, 62.14463840399001
716.0, 55.608679661640316
717.0, 52.460892789011815
718.0, 56.947608200455576
719.0, 53.41880341880342
720.0, 45.33011272141706
721.0, 43.3744221879815
722.0, 50.86966342895866
723.0, 52.09345362017116
724.0, 52.74925849874514
725.0, 49.903241412675364
726.0, 33.60655737704916
727.0, 31.19895459000331
728.0, 23.188010899182544
729.0, 24.8757673194972
730.0, 24.934075593319633
731.0, 25.71770334928229
732.0, 23.262104408980235
733.0, 31.510272071071626
734.0, 36.5515205196339
735.0, 38.10403200984918
736.0, 40.905083749632674
737.0, 41.428571428571416
738.0, 31.24604680581909
739.0, 24.930939226519328
740.0, 26.545329670329664
741.0, 24.419745014710685
742.0, 32.36040609137058
743.0, 36.62039253231213
744.0, 35.614525139664806
745.0, 43.319672131147534
746.0, 56.58627087198517
747.0, 59.94865211810013
748.0, 60.08528784648189
749.0, 64.23109600679693
750.0, 61.883205070167506
751.0, 64.6335697399527
752.0, 61.63210099188457
753.0, 57.74178180085757
754.0, 61.24945391000437
755.0, 69.02386117136659
756.0, 75.21693856299895
757.0, 71.3768115942029
758.0, 70.5633344187561
759.0, 62.87061994609164
760.0, 58.74439461883408
761.0, 49.641719745222915
762.0, 43.55828220858895
763.0, 36.27106741573032
764.0, 28.82071488882633
765.0, 26.813301911495145
766.0, 27.623415160507122
767.0, 27.19065321295804
768.0, 27.6898734177215
769.0, 20.34979910186715
770.0, 9.262250942380163
771.0, 8.797953964194363
772.0, 9.180677875633833
773.0, 32.068673166596
774.0, 34.17266187050359
775.0, 36.67776852622814
776.0, 38.25445071645677
777.0, 40.200775724389686
778.0, 47.467672413793096
779.0, 50.617638609594934
780.0, 53.78074703917401
781.0, 52.53633936517353
782.0, 49.431099873577764
783.0, 64.34336023477624
784.0, 60.3671706263499
785.0, 72.31149567367122
786.0, 74.51062057476051
787.0, 43.90934844192639
788.0, 40.27149321266972
789.0, 32.169576059850385
790.0, 39.323308270676755
791.0, 58.10975609756097
792.0, 60.755636806825144
793.0, 76.61737523105361
794.0, 69.81371718882302
795.0, 75.3312014618547
796.0, 74.94199535962873
797.0, 74.21203438395415
798.0, 81.29267182521616
799.0, 71.10741049125728
800.0, 64.35986159169548
801.0, 59.63662272889206
802.0, 64.53834115805947
803.0, 62.1646065722038
804.0, 63.3148202280035
805.0, 50.24602026049203
806.0, 47.67540152155536
807.0, 29.124293785310755
808.0, 31.630531630531635
809.0, 31.630531630531635
810.0, 29.366873940079145
811.0, 35.175097276264566
812.0, 38.59950859950858
813.0, 40.573347107438
814.0, 41.494981510829355
815.0, 48.53685987619583
816.0, 43.33952912019823
817.0, 43.33952912019826
818.0, 43.79225568531037
819.0, 44.62887566551831
820.0, 49.06249999999999
821.0, 45.06314580941444
822.0, 51.51975683890579
823.0, 50.0
824.0, 53.065917220235065
825.0, 50.80342795929299
826.0, 43.55662361069393
827.0, 43.32237824917836
828.0, 43.780193236714965
829.0, 43.05810397553516
830.0, 42.101990049751265
831.0, 45.05283381364072
832.0, 40.10471204188483
833.0, 45.7040572792363
834.0, 38.86953155245841
835.0, 63.610639501980714
836.0, 47.1030850263356
837.0, 48.67807153965789
838.0, 42.492711370262356
839.0, 41.771217712177105
840.0, 44.21209858103058
841.0, 33.46523459581688
842.0, 45.82909460834182
843.0, 35.476618705035975
844.0, 30.59999999999998
845.0, 26.656682890303244
846.0, 23.553027768484426
847.0, 25.292740046838375
848.0, 35.2677140109009
849.0, 35.43332267348896
850.0, 33.58593513185812
851.0, 34.57134014237077
852.0, 34.75420037336653
853.0, 40.62853907134768
854.0, 43.644181671593664
855.0, 49.86183604544058
856.0, 49.20684292379471
857.0, 54.12247690728702
858.0, 48.15829528158297
859.0, 50.83547557840619
860.0, 51.397011046133855
861.0, 47.07692307692309
862.0, 40.21702271956595
863.0, 44.15584415584416
864.0, 44.52251676780581
865.0, 44.362588084561175
866.0, 40.156567120904604
867.0, 31.45134506808367
868.0, 29.21810699588474
869.0, 27.98029556650245
870.0, 19.83050847457625
871.0, 20.369080779944284
872.0, 23.390643742502974
873.0, 23.790158601057314
874.0, 24.830220713072976
875.0, 27.43902439024386
876.0, 27.8836987607245
877.0, 10.459548013105888
878.0, 11.799193843898806
879.0, 11.141386618225795
880.0, 15.683716075156553
881.0, 8.28262339418525
882.0, 2.4362552627844707
883.0, 17.181947405828012
884.0, 20.570704463321974
885.0, 20.00639035968601
886.0, 22.965679853287966
887.0, 27.034854688904517
888.0, 27.270437717221654
889.0, 26.355758932918008
890.0, 30.003723701359178
891.0, 35.7158687943263
892.0, 42.30730979612134
893.0, 44.39574201628053
894.0, 47.01143709597214
895.0, 54.729651499363236
896.0, 63.64010343206393
897.0, 42.85468615649184
898.0, 48.674252175256115
899.0, 52.60788182324074
900.0, 48.79181720076951
901.0, 44.309904455586015
902.0, 47.38972076082559
903.0, 56.203490731971335
904.0, 49.43985466499416
905.0, 48.187183811129835
906.0, 42.85912176201693
907.0, 47.3688815012467
908.0, 38.46216436126932
909.0, 39.930900281958586
910.0, 31.36631373540996
911.0, 31.26913793724556
912.0, 23.07548858719973
913.0, 14.877674973037372
914.0, 12.24852209267003
915.0, 27.13028973131837
916.0, 24.497041420118336
917.0, 19.155685258025315
918.0, 22.620409200660802
919.0, 26.645123932980923
920.0, 33.81468720443182
921.0, 30.407874378641708
922.0, 23.650049927029713
923.0, 24.89137963604307
924.0, 25.61162079510703
925.0, 25.697532308812427
926.0, 25.697198205811603
927.0, 31.610585524338404
928.0, 40.449403521767984
929.0, 29.7855241348134
930.0, 38.807989581747755
931.0, 44.15952526977075
932.0, 41.02474845425763
933.0, 38.14146787465714
934.0, 37.06491222135777
935.0, 37.0642853518697
936.0, 52.25571081119749
937.0, 45.505783959455464
938.0, 49.31839317712704
939.0, 52.05909112675383
940.0, 58.891064435742265
941.0, 61.33191017349993
942.0, 55.81142781151647
943.0, 52.040837415008156
944.0, 51.87174647945746
945.0, 47.600544873942084
946.0, 49.20590951061865
947.0, 53.61899774595296
948.0, 50.82794245437868
949.0, 51.36229480205869
950.0, 56.00612088752869
951.0, 63.54674156015361
952.0, 66.05374823196607
953.0, 67.60351797224953
954.0, 70.38599820233696
955.0, 68.49165869726917
956.0, 71.2572202415499
957.0, 87.35747483866653
958.0, 85.13582576561701
959.0, 86.01159742632457
960.0, 89.35174028298965
961.0, 87.06504184407578
962.0, 82.50835221381668
963.0, 92.46155072117298
964.0, 92.8762378101585
965.0, 87.06551660855199
966.0, 84.64354192086452
967.0, 86.76420260095821
968.0, 80.8504053970415
969.0, 78.18053596614946
970.0, 77.70923874947421
971.0, 77.30030694553496
972.0, 68.18061615760936
973.0, 71.99790551547586
974.0, 64.77605386416857
975.0, 56.599309374600296
976.0, 61.27556512378901
977.0, 49.41806020066892
978.0, 46.01270793174842
979.0, 38.066268974071264
980.0, 33.62901121836684
981.0, 27.662524137248127
982.0, 23.894352056839864
983.0, 19.738722188201706
984.0, 25.7194415424067
985.0, 23.224400871459693
986.0, 31.371538956857705
987.0, 23.562702120014393
988.0, 25.287558170164203
989.0, 35.848808112735426
990.0, 30.97924010967489
991.0, 32.74541464828387
992.0, 29.683838342309755
993.0, 39.920513311626124
994.0, 45.70104775443584
995.0, 53.553901295836766
996.0, 57.33271279346364
997.0, 60.28164419312743
998.0, 42.04425246826516
999.0, 53.239849309334446
1000.0, 57.094023659548306
1001.0, 52.90412128977151
1002.0, 54.439662592528826
1003.0, 44.57226452106261
1004.0, 46.291436464088406
1005.0, 43.82048180956429
1006.0, 48.50998076377282
1007.0, 46.926702421582974
1008.0, 45.305217139734495
1009.0, 41.756977078737904
1010.0, 34.16951729380463
1011.0, 33.58043846794817
1012.0, 41.90770886586844
1013.0, 33.74790893883191
1014.0, 25.090460526315795
1015.0, 25.911928319673876
1016.0, 26.71483177216784
1017.0, 33.74166390767628
1018.0, 35.932305832577796
1019.0, 41.78501201660474
1020.0, 42.5939890121728
1021.0, 42.32371881595326
1022.0, 49.34721869443738
1023.0, 51.83564567769476
1024.0, 56.49973826557323
1025.0, 65.20837548047746
1026.0, 62.109254893922326
1027.0, 65.59231590181432
1028.0, 68.07920792079209
1029.0, 72.40181109824158
1030.0, 64.85225505443236
1031.0, 61.30503420452552
1032.0, 64.99883639748663
1033.0, 66.66481963761292
1034.0, 62.76306016340679
1035.0, 58.80014033446381
1036.0, 54.19023470515574
1037.0, 56.59375799437199
1038.0, 67.7668862000306
1039.0, 55.47402406809511
1040.0, 50.0
1041.0, 52.85999334885268
1042.0, 38.650366748166284
1043.0, 44.44085326438268
1044.0, 43.243526575112725
1045.0, 50.0
1046.0, 44.14508858370899
1047.0, 39.212778094694755
1048.0, 35.641852961511844
1049.0, 52.67040731504567
1050.0, 51.34738387333541
1051.0, 64.70946151505933
1052.0, 67.50309113390068
1053.0, 69.61708394698087
1054.0, 88.25968152266091
1055.0, 88.11578997567841
1056.0, 91.76691073919113
1057.0, 81.0007757951901
1058.0, 84.0829474531911
1059.0, 83.68820665181154
1060.0, 81.66297563921884
1061.0, 71.79075621055703
1062.0, 72.5560735655813
1063.0, 66.99431326027192
1064.0, 68.73108517077388
1065.0, 68.13993612569288
1066.0, 65.29990455913664
1067.0, 63.664618720636064
1068.0, 50.0
1069.0, 52.82248604007321
1070.0, 40.88853293131066
1071.0, 48.846937681003965
1072.0, 56.576568222912506
1073.0, 66.36017527476474
1074.0, 73.64260190367771
1075.0, 73.64260190367767
1076.0, 75.25751773681239
1077.0, 79.2399469730446
1078.0, 73.21954427195013
1079.0, 67.54889618962815
1080.0, 64.00186187234537
1081.0, 65.92080125050657
1082.0, 62.98235118157343
1083.0, 57.140736782735196
1084.0, 54.634990917347864
1085.0, 51.77441540577718
1086.0, 46.211943105677676
1087.0, 37.352820372398696
1088.0, 23.66563227307988
1089.0, 24.73746097392855
1090.0, 26.276908412105797
1091.0, 23.405133283816113
1092.0, 24.90559409853337
1093.0, 29.921988628850983
1094.0, 33.19155177471397
1095.0, 30.56755246176516
1096.0, 32.449064019029905
1097.0, 41.01560405383667
1098.0, 41.98133918770582
1099.0, 43.841348082764945
1100.0, 42.38142730496454
1101.0, 34.999127348885935
1102.0, 45.97441270541525
1103.0, 52.630289668687624
1104.0, 43.395536040980645
1105.0, 37.803320561941284
1106.0, 36.468172484599634
1107.0, 48.327116851305455
1108.0, 55.17327849942325
1109.0, 51.61638436634918
1110.0, 52.56669733210671
1111.0, 52.75792560014659
1112.0, 62.908336064678224
1113.0, 67.8906917164816
1114.0, 63.788175116593955
1115.0, 70.46995236350313
1116.0, 68.3505154639175
1117.0, 72.32096857290054
1118.0, 72.62536622648717
1119.0, 76.57642072485078
1120.0, 71.27732377923594
1121.0, 64.43070632332183
1122.0, 62.051415216826804
1123.0, 64.34379880445908
1124.0, 55.98250236118707
1125.0, 55.21444466922921
1126.0, 42.90767598160593
1127.0, 34.24290498854221
1128.0, 44.83835541217654
1129.0, 41.37792690932962
1130.0, 43.50637938912516
1131.0, 42.28725314183125
1132.0, 59.261418360622514
1133.0, 60.879618361485676
1134.0, 63.52669274140298
1135.0, 61.65241182125163
1136.0, 61.48628577086841
1137.0, 61.48476372007822
1138.0, 63.936367380560114
1139.0, 62.86872863162916
1140.0, 75.18941671677688
1141.0, 86.0447811675573
1142.0, 84.61767885769672
1143.0, 84.61538461538458
1144.0, 87.29914424675242
1145.0, 87.69019631242911
1146.0, 83.14886665305286
1147.0, 69.62851984172715
1148.0, 76.20037945125506
1149.0, 80.83943641027545
1150.0, 76.17241630807378
1151.0, 78.28187121465463
1152.0, 82.0820890339607
1153.0, 81.82636388811963
1154.0, 71.81967160438288
1155.0, 68.1794146007652
1156.0, 65.08857666463041
1157.0, 62.5218699162037
1158.0, 55.060728744939276
1159.0, 40.12018381053373
1160.0, 30.581478822684844
1161.0, 50.28753993610224
1162.0, 46.60260809883322
1163.0, 43.398157625383824
1164.0, 48.088737201365184
1165.0, 47.49061113007851
1166.0, 42.8040163629602
1167.0, 42.947761194029844
1168.0, 49.80810234541577
1169.0, 52.92251925690982
1170.0, 57.863365428702444
1171.0, 61.13678373382625
1172.0, 56.101265822784804
1173.0, 68.99128268991291
1174.0, 82.24363386097743
1175.0, 53.386004514672635
1176.0, 41.38276553106215
1177.0, 48.11625403659848
1178.0, 23.700305810397424
1179.0, 41.257485029940106
1180.0, 35.16483516483514
1181.0, 50.34068136272545
1182.0, 55.41561712846349
1183.0, 57.668500687757906
1184.0, 56.25444207533761
1185.0, 54.45438282647586
1186.0, 59.367872271098086
1187.0, 59.56194834913368
1188.0, 53.86525923626204
1189.0, 52.73556231003041
1190.0, 56.01145038167939
1191.0, 56.01145038167939
1192.0, 72.58064516129032
1193.0, 77.42187499999999
1194.0, 69.05923344947735
1195.0, 61.651612903225804
1196.0, 63.73840897999025
1197.0, 58.78859857482185
1198.0, 60.550250113688044
1199.0, 57.94168842471714
1200.0, 57.86835222319092
1201.0, 57.65472312703582
1202.0, 62.72189349112425
1203.0, 64.79510980303371
1204.0, 63.960306720793845
1205.0, 63.179255918827494
1206.0, 53.54107648725212
1207.0, 37.69063180827887
1208.0, 48.81952781112446
1209.0, 54.5086938940558
1210.0, 47.380729653882135
1211.0, 55.66801619433198
1212.0, 55.09994874423372
1213.0, 58.67903930131002
1214.0, 47.91921664626684
1215.0, 56.75043834015195
1216.0, 49.13183279742762
1217.0, 56.550883607556365
1218.0, 66.96252465483235
1219.0, 68.13848469643756
1220.0, 78.22580645161283
1221.0, 70.80291970802918
1222.0, 69.14402870322911
1223.0, 71.53664302600471
1224.0, 75.85238668271158
1225.0, 75.58799675587997
1226.0, 77.32580037664782
1227.0, 73.76931369026234
1228.0, 75.17392896374956
1229.0, 63.2846963013234
1230.0, 65.22765598650929
1231.0, 64.70386853817186
1232.0, 58.40000000000002
1233.0, 53.617333822989345
1234.0, 50.88881143255491
1235.0, 43.15696127697307
1236.0, 38.90221156408205
1237.0, 28.627450980392126
1238.0, 16.89626089401176
1239.0, 14.817858121062656
1240.0, 5.656988925471367
1241.0, 5.378486055776847
1242.0, 6.360524814603508
1243.0, 15.398178078166296
1244.0, 13.20754716981132
1245.0, 9.150505326413565
1246.0, 8.801891749868645
1247.0, 9.066305818673897
1248.0, 10.091743119266113
1249.0, 11.473272490221689
1250.0, 34.302822925577416
1251.0, 50.0
1252.0, 52.503617945007235
1253.0, 55.41229385307347
1254.0, 57.67428236672524
1255.0, 66.2821357943309
1256.0, 66.47000983284167
1257.0, 58.26585695006747
1258.0, 59.63397790055248
1259.0, 64.22461881740425
1260.0, 69.47487721949378
1261.0, 74.84640404770511
1262.0, 77.93278376664553
1263.0, 85.6445993031359
1264.0, 81.48314606741577
1265.0, 79.13924050632914
1266.0, 55.66770186335403
1267.0, 58.32116788321168
1268.0, 55.111940298507484
1269.0, 48.69358669833729
1270.0, 48.69358669833729
1271.0, 49.12701129750086
1272.0, 50.292800551154
1273.0, 51.82818601348953
1274.0, 49.68669369701439
1275.0, 42.59541984732826
1276.0, 37.69676884838445
1277.0, 48.501742160278745
1278.0, 43.95848776871756
1279.0, 43.43434343434342
1280.0, 61.26795443288757
1281.0, 64.29223744292236
1282.0, 59.01089689857502
1283.0, 68.70907390084194
1284.0, 68.06682577565637
1285.0, 68.59066859066857
1286.0, 69.83833718244803
1287.0, 70.68723702664795
1288.0, 72.07938655841224
1289.0, 76.31327602674307
1290.0, 76.49289099526065
1291.0, 61.45494028230185
1292.0, 64.28948758584255
1293.0, 55.924695459579176
1294.0, 54.90084985835693
1295.0, 41.18050789293073
1296.0, 55.123410620792804
1297.0, 54.23340961098398
1298.0, 56.268221574343954
1299.0, 67.12749615975414
1300.0, 69.20863309352508
1301.0, 48.90696492119982
1302.0, 47.0774091627172
1303.0, 52.65677357587363
1304.0, 46.38743455497384
1305.0, 56.66131621187802
1306.0, 41.87446259673259
1307.0, 42.81318681318682
1308.0, 31.605520026926953
1309.0, 29.56549118387909
1310.0, 43.25215626585489
1311.0, 42.09730274766825
1312.0, 41.7005076142132
1313.0, 40.69197004905758
1314.0, 33.560809164026324
1315.0, 36.966442953020135
1316.0, 37.536578877361016
1317.0, 30.716288554677547
1318.0, 25.246176408967116
1319.0, 27.817115112279993
1320.0, 32.18287763334827
1321.0, 30.37225042301185
1322.0, 41.92743764172336
1323.0, 51.459390862944154
1324.0, 37.399168907357605
1325.0, 36.32478632478633
1326.0, 38.1029309946919
1327.0, 39.87895090786818
1328.0, 39.04741000877963
1329.0, 39.88789237668159
1330.0, 38.94903022101938
1331.0, 42.49507874015747
1332.0, 53.61688916485562
1333.0, 53.50140056022409
1334.0, 56.058823529411754
1335.0, 65.6490812092472
1336.0, 60.00666000666
1337.0, 43.671566869845826
1338.0, 46.083995459704894
1339.0, 48.79807692307692
1340.0, 53.28947368421052
1341.0, 56.574923547400616
1342.0, 67.62794476035742
1343.0, 66.44054269752597
1344.0, 62.406296851574226
1345.0, 61.03372434017595
1346.0, 58.97980871413388
1347.0, 54.2292490118577
1348.0, 51.28312999579301
1349.0, 47.88478847884785
1350.0, 52.36875800256083
1351.0, 66.06005459508643
1352.0, 74.85943775100398
1353.0, 68.90942698706098
1354.0, 63.46655082536922
1355.0, 58.13837730214036
1356.0, 56.20789220404231
1357.0, 53.99907535829866
1358.0, 53.97412199630315
1359.0, 61.481481481481474
1360.0, 62.58902387934648
1361.0, 64.15094339622641
1362.0, 64.74536123174104
1363.0, 63.521241830065385
1364.0, 56.06121627064036
1365.0, 50.0
1366.0, 39.78328173374611
1367.0, 43.02455357142856
1368.0, 55.25854513584576
1369.0, 57.0466975178797
1370.0, 67.3139158576052
1371.0, 70.11235955056179
1372.0, 76.58592848904267
1373.0, 72.68760907504365
1374.0, 74.94376968061178
1375.0, 56.56866393747677
1376.0, 56.697588126159566
1377.0, 49.575263336731226
1378.0, 52.977487291212775
1379.0, 59.888121092464644
1380.0, 64.51237263464338
1381.0, 63.56855995410212
1382.0, 57.96094008606422
1383.0, 56.61086436624529
1384.0, 38.417508417508394
1385.0, 38.756793478260846
1386.0, 37.69868693849343
1387.0, 42.21934648980912
1388.0, 42.4390243902439
1389.0, 56.440105144573785
1390.0, 58.718861209964416
1391.0, 66.99295223179327
1392.0, 70.05385996409338
1393.0, 64.03544099879176
1394.0, 55.46139359698684
1395.0, 66.7645824590852
1396.0, 67.69983686786298
1397.0, 72.8301886792453
1398.0, 82.06416698879009
1399.0, 77.19999999999999
1400.0, 73.53151862464182
1401.0, 62.40244316253817
1402.0, 67.36935866983373
1403.0, 65.97523219814241
1404.0, 62.40244316253817
1405.0, 70.54758107389685
1406.0, 72.26533166458071
1407.0, 65.98857142857145
1408.0, 69.30481283422459
1409.0, 65.40953262378527
1410.0, 60.11878574571051
1411.0, 62.463768115942024
1412.0, 59.68348170128585
1413.0, 68.6466299128579
1414.0, 64.78684122188655
1415.0, 66.80512287988924
1416.0, 66.70138888888889
1417.0, 66.90250215703193
1418.0, 70.3479341410376
1419.0, 69.2938716422712
1420.0, 67.63309596473381
1421.0, 73.07199120718082
1422.0, 68.1153990258524
1423.0, 66.28988149498633
1424.0, 71.91856199559795
1425.0, 67.08942390369734
1426.0, 69.54099821746881
1427.0, 66.59335288367548
1428.0, 74.7599451303155
1429.0, 82.02164289227743
1430.0, 78.68102288021535
1431.0, 78.12154696132598
1432.0, 66.58506731946144
1433.0, 57.05176294073514
1434.0, 53.903785488959
1435.0, 62.735097226649664
1436.0, 66.75712347354138
1437.0, 70.26062120671186
1438.0, 57.9745091284878
1439.0, 61.731493099121735
1440.0, 53.376729048006524
1441.0, 37.89237668161432
1442.0, 37.89237668161432
1443.0, 23.711608537220172
1444.0, 22.701221031647123
1445.0, 35.32110091743118
1446.0, 37.788632326820604
1447.0, 43.272802311184485
1448.0, 42.066198595787355
1449.0, 39.895941727367315
1450.0, 40.56820555671607
1451.0, 41.083139411889135
1452.0, 44.582185491276384
1453.0, 42.64670943216915
1454.0, 52.51609128145115
1455.0, 67.88956127080188
1456.0, 67.88956127080188
1457.0, 78.59019264448344
1458.0, 78.90109890109893
1459.0, 69.88707653701381
1460.0, 72.57142857142861
1461.0, 65.24257784214345
1462.0, 66.88938381588707
1463.0, 46.64723032069975
1464.0, 54.62809917355379
1465.0, 55.9036144578314
1466.0, 39.10112359550564
1467.0, 49.179559306141584
1468.0, 49.39309056956117
1469.0, 48.823257960313754
1470.0, 41.26365054602185
1471.0, 37.63785129847028
1472.0, 44.3636363636364
1473.0, 46.578212290502805
1474.0, 50.324675324675326
1475.0, 46.46341463414635
1476.0, 41.45810663764964
1477.0, 47.822765469824276
1478.0, 43.417294209296294
1479.0, 44.142527557036644
1480.0, 50.0
1481.0, 44.0
1482.0, 50.11587485515642
1483.0, 49.87027961948687
1484.0, 56.15060045439795
1485.0, 65.46617300572204
1486.0, 57.96488946684004
1487.0, 55.9904697072839
1488.0, 47.68186958160571
1489.0, 52.629433346922085
1490.0, 68.77450980392153
1491.0, 63.495702005730664
1492.0, 67.23300970873777
1493.0, 40.92000000000002
1494.0, 49.17309812568909
1495.0, 54.52153896744488
1496.0, 49.69079665332849
1497.0, 51.236363636363656
1498.0, 43.94884591391141
1499.0, 39.25049309664696
1500.0, 47.12374581939805
1501.0, 42.456140350877206
1502.0, 41.7765222849969
1503.0, 42.08554480174842
1504.0, 39.0028400126223
1505.0, 34.175377468060404
1506.0, 33.40902639795631
1507.0, 46.93032015065917
1508.0, 32.89752650176682
1509.0, 18.80826915281729
1510.0, 14.39688715953315
1511.0, 18.72922053934252
1512.0, 32.22656250000004
1513.0, 30.48780487804882
1514.0, 27.486507324595223
1515.0, 31.06029106029105
1516.0, 32.198275862068954
1517.0, 30.80962800875271
1518.0, 42.258932001536664
1519.0, 46.53130287648054
1520.0, 43.08656482569525
1521.0, 40.25771183131585
1522.0, 43.947144075021285
1523.0, 45.985727029437996
1524.0, 52.77130880298091
1525.0, 51.24999999999999
1526.0, 45.630026809651454
1527.0, 58.31632653061223
1528.0, 56.81818181818181
1529.0, 51.71385991058124
1530.0, 53.08516063233046
1531.0, 62.92682926829268
1532.0, 59.8414795244386
1533.0, 64.1352063213345
1534.0, 69.11069063386944
1535.0, 68.88260254596888
1536.0, 80.4865686771414
1537.0, 80.74037018509256
1538.0, 79.32843651626442
1539.0, 72.44950802692907
1540.0, 67.11548420507512
1541.0, 60.047846889952154
1542.0, 54.31614349775784
1543.0, 53.53591160220994
1544.0, 43.628995947771294
1545.0, 24.719101123595536
1546.0, 15.342960288808683
1547.0, 13.574938574938656
1548.0, 19.924337957124862
1549.0, 34.835164835164875
1550.0, 36.40750670241291
1551.0, 34.06364110589463
1552.0, 31.93154034229829
1553.0, 33.046558704453446
1554.0, 36.62337662337662
1555.0, 37.690288713910775
1556.0, 40.35975267003935
1557.0, 38.49865951742627
1558.0, 36.15307150050351
1559.0, 39.213544511196076
1560.0, 46.94947569113445
1561.0, 46.28378378378378
1562.0, 50.0
1563.0, 42.181818181818166
1564.0, 35.14552443712246
1565.0, 35.99550056242971
1566.0, 38.23178016726404
1567.0, 40.13647642679897
1568.0, 40.46884639111657
1569.0, 43.86271087841768
1570.0, 41.0899182561308
1571.0, 38.906088751290014
1572.0, 45.09569377990432
1573.0, 56.34807417974325
1574.0, 58.999553372041056
1575.0, 62.06611570247933
1576.0, 57.058287795992705
1577.0, 42.22753672702425
1578.0, 43.58706986444213
1579.0, 48.757663762504
1580.0, 45.225980245435515
1581.0, 42.59416595865194
1582.0, 33.3256351039261
1583.0, 29.527820882287727
1584.0, 28.595963933018467
1585.0, 33.587957762300604
1586.0, 41.02507699076109
1587.0, 36.843345111896326
1588.0, 29.93811242908717
1589.0, 29.79328165374676
1590.0, 28.955298844801604
1591.0, 41.96876742889012
1592.0, 44.104217029277464
1593.0, 41.11488398415396
1594.0, 46.29794826048171
1595.0, 52.63467765675596
1596.0, 67.9847908745247
1597.0, 76.72450275074057
1598.0, 79.23951048951051
1599.0, 79.56989247311829
1600.0, 72.83464566929136
1601.0, 67.29810568295119
1602.0, 62.557924003707136
1603.0, 65.44054747647561
1604.0, 55.98243688254665
1605.0, 53.1724406383807
1606.0, 58.68818681318682
1607.0, 52.34449760765548
1608.0, 51.11256544502617
1609.0, 41.220192009910186
1610.0, 43.99627676078187
1611.0, 42.98056155507559
1612.0, 42.66462480857578
1613.0, 38.06636885768986
1614.0, 37.55114888259364
1615.0, 40.82467736858672
1616.0, 41.47745442916535
1617.0, 33.23604523896387
1618.0, 37.72256728778467
1619.0, 31.258106355382594
1620.0, 14.424111948331571
1621.0, 23.767605633802802
1622.0, 21.42051860202929
1623.0, 24.126984126984098
1624.0, 11.51277013752454
1625.0, 11.668657905217017
1626.0, 12.811543506777411
1627.0, 25.09727626459143
1628.0, 33.34564254062039
1629.0, 29.14994527544691
1630.0, 28.173483779971775
1631.0, 35.25111252383982
1632.0, 31.389753750353833
1633.0, 31.84951177484207
1634.0, 31.534910559723016
1635.0, 31.515151515151544
1636.0, 31.442556867261757
1637.0, 31.985940246045715
1638.0, 45.99831508003372
1639.0, 61.447607510599624
1640.0, 57.41369552914545
1641.0, 50.345241669168416
1642.0, 44.48275862068966
1643.0, 46.67101827676239
1644.0, 48.68913857677902
1645.0, 50.0
1646.0, 60.71716357775988
1647.0, 52.39916550764951
1648.0, 50.87658989343417
1649.0, 41.62279343449984
1650.0, 46.2443438914027
1651.0, 51.149596894595405
1652.0, 53.5704043590479
1653.0, 28.761198640716728
1654.0, 28.237791932059466
1655.0, 28.050617655920476
1656.0, 24.137931034482776
1657.0, 22.4664224664225
1658.0, 27.89003759398497
1659.0, 20.225006392227044
1660.0, 18.860276585598484
1661.0, 21.901260504201673
1662.0, 20.103651922381587
1663.0, 20.00575705238917
1664.0, 16.5653381370562
1665.0, 12.824802635018571
1666.0, 13.205975743063846
1667.0, 16.08138945233263
1668.0, 29.64384218731263
1669.0, 35.619599952657126
1670.0, 49.01093006102057
1671.0, 53.611030055442086
1672.0, 44.455943228858686
1673.0, 42.55289039835846
1674.0, 48.963152017865696
1675.0, 45.090576952351974
1676.0, 51.60728286436101
1677.0, 68.26817318268174
1678.0, 71.21672486508548
1679.0, 74.11078479360417
1680.0, 72.52143042687678
1681.0, 76.1552333007739
1682.0, 73.01904438020742
1683.0, 55.299183042614246
1684.0, 41.90344734715863
1685.0, 44.94321082184788
1686.0, 52.191018423746144
1687.0, 51.27262443438914
1688.0, 50.55059149257488
1689.0, 53.32957858468064
1690.0, 55.23933593880481
1691.0, 50.933609958506224
1692.0, 47.36646884272998
1693.0, 53.73328985979785
1694.0, 56.55235762400493
1695.0, 49.50331125827813
1696.0, 39.813421606981635
1697.0, 53.30483393620521
1698.0, 56.9371268001405
1699.0, 54.49146250927987
1700.0, 44.08640226628895
1701.0, 45.627794473356296
1702.0, 48.503626505175674
1703.0, 46.027122049221475
1704.0, 50.0
1705.0, 51.25604171966419
1706.0, 53.34773875464116
1707.0, 48.366343303691735
1708.0, 41.64883704879561
1709.0, 43.39238517036934
1710.0, 50.18588896232651
1711.0, 44.08846439169143
1712.0, 52.813462150971425
1713.0, 52.58694260721142
1714.0, 63.65573347107436
1715.0, 70.18431263858089
1716.0, 72.81056489321367
1717.0, 72.82436958857362
1718.0, 67.37481031866466
1719.0, 63.97694524495677
1720.0, 60.47430830039527
1721.0, 49.54591321897072
1722.0, 59.81198589894253
1723.0, 49.60396039603956
1724.0, 50.0
1725.0, 53.69685767097968
1726.0, 59.62933118452863
1727.0, 56.85358255451713
1728.0, 53.91432791728212
1729.0, 49.64689265536724
1730.0, 37.12316968130926
1731.0, 50.0
1732.0, 49.653379549393456
1733.0, 53.20512820512822
1734.0, 55.37117903930128
1735.0, 55.37117903930128
1736.0, 68.30024813895778
1737.0, 73.10756972111558
1738.0, 84.61165048543688
1739.0, 82.60649087221095
1740.0, 80.89136490250696
1741.0, 80.13245033112585
1742.0, 86.15789473684211
1743.0, 90.48140043763678
1744.0, 81.80019782393668
1745.0, 75.69199798691493
1746.0, 78.55239786856126
1747.0, 79.89175686927558
1748.0, 80.46116504854368
1749.0, 80.18054985638078
1750.0, 71.4146815751094
1751.0, 74.38016528925621
1752.0, 57.401422107304434
1753.0, 48.31338411316646
1754.0, 56.301747930082776
1755.0, 50.370370370370374
1756.0, 44.00677678949598
1757.0, 52.54845656855706
1758.0, 58.8060808305525
1759.0, 63.886874546773036
1760.0, 58.884052235852806
1761.0, 53.34937825912555
1762.0, 48.701842546063666
1763.0, 44.45718654434252
1764.0, 43.85369532428355
1765.0, 41.25795582178957
1766.0, 43.60282574568291
1767.0, 47.35720375106567
1768.0, 35.70066730219256
1769.0, 33.99909214707216
1770.0, 38.7362637362637
1771.0, 23.586521987435773
1772.0, 20.87522176227077
1773.0, 10.516934046345796
1774.0, 26.88655672163914
1775.0, 25.12844465203173
1776.0, 23.48319511130508
1777.0, 24.31089019430634
1778.0, 52.19694608912434
1779.0, 53.899809765377306
1780.0, 53.19282793331235
1781.0, 54.09468969929623
1782.0, 52.175254551064484
1783.0, 62.860935944241625
1784.0, 65.09669369931379
1785.0, 57.97991071428571
1786.0, 53.87493319080706
1787.0, 53.50318471337578
1788.0, 47.11073156846002
1789.0, 50.93875038473376
1790.0, 51.22253172392449
1791.0, 53.85113268608414
1792.0, 24.858490566037702
1793.0, 21.68466522678183
1794.0, 19.57878315132602
1795.0, 21.996879875195006
1796.0, 21.928460342146195
1797.0, 14.129158512720124
1798.0, 4.650152107779192
1799.0, 4.317824139461663
1800.0, 4.071537290715355
1801.0, 17.785472018089337
1802.0, 14.065774399955316
1803.0, 17.51595773212469
1804.0, 21.4143507786293
1805.0, 22.344095294561598
1806.0, 22.996699303802814
1807.0, 23.810344332443123
1808.0, 29.598384030418288
1809.0, 27.686746273963706
1810.0, 28.3460745055212
1811.0, 29.132630791295142
1812.0, 24.63394570880179
1813.0, 34.21963925441899
1814.0, 45.502597831636514
1815.0, 43.71588089330024
1816.0, 55.361772330897985
1817.0, 40.39571575166752
1818.0, 33.0761784635241
1819.0, 30.272386693332578
1820.0, 29.328130116799457
1821.0, 28.840941416418417
1822.0, 28.164282618118747
1823.0, 27.00400020780299
1824.0, 31.902927580893675
1825.0, 31.197107054066947
1826.0, 38.3723462166576
1827.0, 33.84259927797835
1828.0, 23.1406646631459
1829.0, 14.849407383323964
1830.0, 17.25762535564597
1831.0, 20.585337371820586
1832.0, 30.423395896988197
1833.0, 42.15933536087826
1834.0, 42.999810856818605
1835.0, 44.48575453976204
1836.0, 43.903982283386725
1837.0, 44.36895531931901
1838.0, 38.72082604428894
1839.0, 42.973699804001996
1840.0, 41.0775679367023
1841.0, 46.742628511785675
1842.0, 56.52109548482607
1843.0, 60.459224069675386
1844.0, 53.944944994773266
1845.0, 65.8430639887903
1846.0, 55.01823154056519
1847.0, 39.754001044783216
1848.0, 46.06037771393586
1849.0, 45.86596632743984
1850.0, 43.042534293891244
1851.0, 53.64796415351647
1852.0, 56.902692691266566
1853.0, 53.877872498146786
1854.0, 58.608789655315775
1855.0, 53.101627804663444
1856.0, 53.46197502837684
1857.0, 59.401672925913275
1858.0, 62.698198198198185
1859.0, 60.16835016835015
1860.0, 63.96829455382256
1861.0, 78.17853457172342
1862.0, 78.7594173782019
1863.0, 79.1090707294925
1864.0, 75.74264599333429
1865.0, 73.23598379876358
1866.0, 71.92060385798153
1867.0, 75.76785818756215
1868.0, 67.92062245699195
1869.0, 76.4979531075549
1870.0, 70.65029615004936
1871.0, 60.986714900517676
1872.0, 60.986714900517676
1873.0, 58.23317307692307
1874.0, 69.3939581911792
1875.0, 62.98835323603126
1876.0, 59.8544814903654
1877.0, 60.71370640713704
1878.0, 68.3137443031902
1879.0, 60.392243603922445
1880.0, 60.64757160647573
1881.0, 56.02599179206568
1882.0, 47.93983378204377
1883.0, 48.7349432309377
1884.0, 48.24005933025273
1885.0, 49.741176470588236
1886.0, 43.63711425327691
1887.0, 41.0356645603513
1888.0, 39.32330412740397
1889.0, 44.14276218233881
1890.0, 40.93236893511428
1891.0, 39.6451217017795
1892.0, 34.08165343107311
1893.0, 33.04214786299475
1894.0, 31.76281426622492
1895.0, 33.48744028355679
1896.0, 40.71516357464738
1897.0, 34.65359308476327
1898.0, 37.41989412092507
1899.0, 47.39778171556081
1900.0, 61.3352509272576
1901.0, 57.86617153467114
1902.0, 48.9556032086411
1903.0, 58.52478058853898
1904.0, 53.36903430824458
1905.0, 54.208009563658116
1906.0, 52.95766423357665
1907.0, 53.65002366303834
1908.0, 62.499366286438516
1909.0, 61.67392065636099
1910.0, 56.966270601763156
1911.0, 48.75897339651855
1912.0, 49.59383365642018
1913.0, 46.31832481321274
1914.0, 45.37314925970389
1915.0, 47.94690999585234
1916.0, 51.78164123878553
1917.0, 39.665123358914194
1918.0, 42.51529571719918
1919.0, 44.37664088554601
1920.0, 42.897318060223625
1921.0, 50.0
1922.0, 37.28715728715731
1923.0, 30.98569030298185
1924.0, 34.11071019977118
1925.0, 53.677882608332624
1926.0, 58.824402553065156
1927.0, 50.6053765647445
1928.0, 51.390104341972396
1929.0, 46.6879539193589
1930.0, 38.305785123966956
1931.0, 38.29850041327191
1932.0, 43.91506991196272
1933.0, 43.4772701378603
1934.0, 48.32826747720364
1935.0, 52.802359882005916
1936.0, 48.25416619430902
1937.0, 56.27590673575128
1938.0, 55.94977462974888
1939.0, 46.34091080734085
1940.0, 38.10436449168048
1941.0, 52.321600983059774
1942.0, 48.889725254045906
1943.0, 50.86139389193421
1944.0, 61.13660430638895
1945.0, 58.69726128793486
1946.0, 59.57498188843273
1947.0, 53.3290099437959
1948.0, 54.68247811149287
1949.0, 45.919851871445566
1950.0, 51.97604790419167
1951.0, 68.00957319505389
1952.0, 76.46541383446623
1953.0, 80.88340231197374
1954.0, 81.38807836598582
1955.0, 79.08175216678379
1956.0, 66.89122250842085
1957.0, 67.48850536416339
1958.0, 71.04870775347914
1959.0, 67.3299970562261
1960.0, 65.99252313538031
1961.0, 68.78753034368216
1962.0, 71.65731650303883
1963.0, 67.40673954694016
1964.0, 64.9932083672915
1965.0, 57.240509689408036
1966.0, 46.32283464566929
1967.0, 36.071616640337005
1968.0, 35.53982300884958
1969.0, 36.066005441938074
1970.0, 37.604099935938535
1971.0, 50.38417524930523
1972.0, 44.444444444444464
1973.0, 50.0
1974.0, 47.1169686985173
1975.0, 52.03234265734263
1976.0, 62.698615005522974
1977.0, 70.8649468892261
1978.0, 76.9799456152277
1979.0, 77.34002509410288
1980.0, 57.55727091633465
1981.0, 64.20963651732882
1982.0, 64.76560332871011
1983.0, 65.47994347211652
1984.0, 70.49151550614395
1985.0, 62.57123176153795
1986.0, 58.79030360084723
1987.0, 61.73513986013986
1988.0, 67.81102072705545
1989.0, 72.22288320444179
1990.0, 56.3414049388636
1991.0, 54.26282583430182
1992.0, 51.55024280911472
1993.0, 49.04723127035828
1994.0, 61.60722822449566
1995.0, 67.42516427354586
1996.0, 64.04507900858266
1997.0, 64.44435630998652
1998.0, 62.81748946534194
1999.0, 68.3689079915495
2000.0, 67.67622138092668
2001.0, 58.78609552483922
2002.0, 49.491796137650674
2003.0, 40.68403908794788
2004.0, 45.1493380326239
2005.0, 41.47262690408001
2006.0, 43.968498687445305
2007.0, 43.29558509765304
2008.0, 46.18170489505041
2009.0, 26.011057420225512
2010.0, 27.423071709366965
2011.0, 29.220464460406262
2012.0, 28.399503190714782
2013.0, 22.180328631941535
2014.0, 25.346381164615835
2015.0, 27.45736027289425
2016.0, 36.00449654729403
2017.0, 39.805049536593124
2018.0, 54.93268391306347
2019.0, 67.44898816021498
2020.0, 59.49503088906795
2021.0, 61.93824152119207
2022.0, 52.96403505293628
2023.0, 62.50053965375814
2024.0, 64.23011983692297
2025.0, 64.77125243348476
2026.0, 69.79590052882304
2027.0, 66.66521568798154
2028.0, 65.70202221337229
2029.0, 70.99346344629365
2030.0, 67.88819570663652
2031.0, 67.13423831070891
2032.0, 58.82464096749808
2033.0, 42.10483935904658
2034.0, 57.66261339509743
2035.0, 57.657049117051024
2036.0, 79.0472304396614
2037.0, 66.36299929922916
2038.0, 51.322149559283424
2039.0, 39.995715509854335
2040.0, 37.03262917782407
2041.0, 57.44777819977211
2042.0, 59.58773474178404
2043.0, 61.938648611302995
2044.0, 54.23800592897334
2045.0, 51.10025888444339
2046.0, 44.896732597530324
2047.0, 41.5083855324308
2048.0, 35.242228407000326
2049.0, 36.12735849056603
2050.0, 28.383331725667958
2051.0, 34.39104737912996
2052.0, 36.719598613769215
2053.0, 39.99898026818946
2054.0, 41.584945666578314
2055.0, 25.00155637178615
2056.0, 21.14537444933923
2057.0, 24.174854386068176
2058.0, 24.310732457697355
2059.0, 27.529779809890556
2060.0, 27.529779809890556
2061.0, 37.64409448818901
2062.0, 46.10570236439499
2063.0, 44.801446554002375
2064.0, 44.8014465540024
2065.0, 45.510091995056946
2066.0, 45.510091995057
2067.0, 42.28419463810824
2068.0, 38.65308804204992
2069.0, 39.62416649828247
2070.0, 40.91098748261472
2071.0, 30.65739076057217
2072.0, 39.82758620689654
2073.0, 33.598903452411506
2074.0, 38.17774749342937
2075.0, 27.002141327623107
2076.0, 20.834262770466225
2077.0, 21.055004508566256
2078.0, 22.224866151100528
2079.0, 20.455098564127525
2080.0, 20.226206232703632
2081.0, 24.732297063903317
2082.0, 25.839047275351874
2083.0, 28.04543674108895
2084.0, 25.842155919153043
2085.0, 28.738461538461536
2086.0, 16.809142445784204
2087.0, 22.32313575525808
2088.0, 33.05984972795575
2089.0, 28.46943328871039
2090.0, 35.89620374819795
2091.0, 43.427976991800286
2092.0, 41.080111136837225
2093.0, 29.718124873711872
2094.0, 29.033213245817507
2095.0, 30.31257572086261
2096.0, 33.176517691807206
2097.0, 32.71641496397196
2098.0, 38.35696821515893
2099.0, 39.99714408110811
2100.0, 46.15257867853023
2101.0, 42.92746254124521
2102.0, 37.91338119336236
2103.0, 43.39304956896552
2104.0, 36.73588342440804
2105.0, 33.08931185944364
2106.0, 45.18330423742262
2107.0, 73.23100278316606
2108.0, 73.23100278316602
2109.0, 73.85287091193668
2110.0, 69.17626217891939
2111.0, 73.61648318952692
2112.0, 63.26604969758798
2113.0, 63.76249011573572
2114.0, 68.87722533513016
2115.0, 71.23157045404534
2116.0, 71.81256288630158
2117.0, 69.03413016443278
2118.0, 69.48056463389193
2119.0, 56.54557042702358
2120.0, 50.31649831649832
2121.0, 35.82387725747162
2122.0, 44.03068563209206
2123.0, 45.65065569954218
2124.0, 50.0
2125.0, 48.48706092317676
2126.0, 57.03035129634546
2127.0, 61.48477157360407
2128.0, 61.19546108358638
2129.0, 68.18497913769127
2130.0, 69.18569407961206
2131.0, 76.1706102117061
2132.0, 77.71386611185903
2133.0, 72.34406152093419
2134.0, 66.99372263543812
2135.0, 68.68577609518658
2136.0, 61.87977099236642
2137.0, 61.50016061676838
2138.0, 64.35157644259368
2139.0, 55.60529838002494
2140.0, 52.76347564587416
2141.0, 48.128690083058146
2142.0, 46.37666166658047
2143.0, 38.62799524160198
2144.0, 38.62104130077616
2145.0, 28.414277355178456
2146.0, 24.998576066526184
2147.0, 35.43883429345988
2148.0, 47.05676489115979
2149.0, 54.85528972648839
2150.0, 61.67361333760822
2151.0, 46.59377628259043
2152.0, 46.59377628259041
2153.0, 55.80946450809463
2154.0, 62.01160773050916
2155.0, 66.00267737617133
2156.0, 62.382700938392475
2157.0, 62.08821887213846
2158.0, 64.4502617801047
2159.0, 67.4419762924594
2160.0, 71.69773197959287
2161.0, 70.73387307390965
2162.0, 68.75243990853829
2163.0, 60.6749684172532
2164.0, 60.89609379673384
2165.0, 74.66079941327463
2166.0, 65.18359901657541
2167.0, 64.12226217718208
2168.0, 58.97154359959742
2169.0, 52.00171269535431
2170.0, 63.36371343789743
2171.0, 78.00637716368053
2172.0, 77.8482948463068
2173.0, 82.42783766186787
2174.0, 81.94052044609664
2175.0, 82.89075156723248
2176.0, 88.8822775540095
2177.0, 93.07036247334756
2178.0, 91.98268068706294
2179.0, 95.63567362428849
2180.0, 98.99985913508952
2181.0, 96.41793113004928
2182.0, 96.46471648412599
2183.0, 85.84831158985382
2184.0, 74.01011191274219
2185.0, 65.99939338792846
2186.0, 63.64396155453406
2187.0, 62.76665788780617
2188.0, 63.21472711897484
2189.0, 63.5408271815867
2190.0, 53.98698128559805
2191.0, 46.56573116691285
2192.0, 47.978142076502714
2193.0, 31.379144641999048
2194.0, 22.619047619047663
2195.0, 23.39261285909717
2196.0, 22.70916334661358
2197.0, 31.17010816125864
2198.0, 49.099836333878905
2199.0, 57.36070381231668
2200.0, 61.472326706072025
2201.0, 62.06349206349208
2202.0, 61.51368760064412
2203.0, 50.44291338582674
2204.0, 52.611764705882365
2205.0, 68.81768953068593
2206.0, 72.24899598393574
2207.0, 70.81280788177335
2208.0, 72.20594390958557
2209.0, 72.3218007503126
2210.0, 61.285764747439046
2211.0, 55.597657595590746
2212.0, 46.82181312955885
2213.0, 52.423865755127416
2214.0, 47.412718204488776
2215.0, 44.19957147229873
2216.0, 43.89042782394584
2217.0, 45.94072164948453
2218.0, 47.7258566978193
2219.0, 40.34838250977605
2220.0, 33.46550356859636
2221.0, 29.907866761162353
2222.0, 39.24865831842576
2223.0, 35.78011849901253
2224.0, 42.44435767278407
2225.0, 45.71068124474347
2226.0, 51.56971375807944
2227.0, 39.34794828555366
2228.0, 38.953811908736796
2229.0, 41.64187983343252
2230.0, 42.29411764705881
2231.0, 35.415230026598394
2232.0, 20.407040704070354
2233.0, 33.5293306996187
2234.0, 35.257270693512325
2235.0, 43.166918809884
2236.0, 38.31417624521075
2237.0, 45.10050251256281
2238.0, 44.049079754601266
2239.0, 44.049079754601266
2240.0, 43.35403726708074
2241.0, 43.38098197638287
2242.0, 45.277633627400114
2243.0, 32.28492136910269
2244.0, 25.269373825683516
2245.0, 36.12604022191402
2246.0, 33.58449512450642
2247.0, 28.851383433331947
2248.0, 24.763762462071966
2249.0, 22.09588199139523
2250.0, 29.861660079051404
2251.0, 36.25161661158215
2252.0, 36.752012237316535
2253.0, 40.27465495174515
2254.0, 42.20779220779222
2255.0, 39.6329006505956
2256.0, 43.67198658635038
2257.0, 53.90334572490705
2258.0, 68.7720214015398
2259.0, 59.67078189300409
2260.0, 62.23175965665236
2261.0, 52.76388523295602
2262.0, 56.59632343263283
2263.0, 59.50666723469518
2264.0, 55.25163598700626
2265.0, 49.222714888615805
2266.0, 48.4692267227775
2267.0, 51.90494893951298
2268.0, 49.497344950250024
2269.0, 53.51131423475648
2270.0, 48.83693045563548
2271.0, 57.2967932445734
2272.0, 49.233615221987314
2273.0, 54.54066397330052
2274.0, 55.81186339125222
2275.0, 67.87208793954156
2276.0, 65.59894978667538
2277.0, 66.65818436287293
2278.0, 65.58991530431355
2279.0, 68.42200397662228
2280.0, 64.97682668650224
2281.0, 55.76021654453026
2282.0, 47.25790933272966
2283.0, 44.10987849973586
2284.0, 48.55628745480663
2285.0, 38.79286076234445
2286.0, 47.59437861669879
2287.0, 52.05632306057388
2288.0, 51.26903553299494
2289.0, 47.25274725274727
2290.0, 47.802197802197796
2291.0, 38.172043010752695
2292.0, 41.33887252839716
2293.0, 58.776792313377676
2294.0, 67.11785060044778
2295.0, 66.02042178323546
2296.0, 72.81710384477185
2297.0, 74.3860808281026
2298.0, 66.92162652531218
2299.0, 68.95932382461703
2300.0, 69.58487180371996
2301.0, 70.75452916583716
2302.0, 74.10857023701953
2303.0, 72.06097022778968
2304.0, 75.17345399698343
2305.0, 80.68181818181819
2306.0, 81.29868585360053
2307.0, 78.92091152815013
2308.0, 76.21028744326777
2309.0, 78.25242718446604
2310.0, 79.99285459092535
2311.0, 78.06834030683412
2312.0, 87.70136307311036
2313.0, 88.43240093240101
2314.0, 77.70382695507493
2315.0, 71.07300884955758
2316.0, 69.55345060893103
2317.0, 69.93197278911568
2318.0, 65.13079667063025
2319.0, 64.09550045913687
2320.0, 55.634019035922655
2321.0, 50.66575623079552
2322.0, 48.529908752957084
2323.0, 46.114322414900435
2324.0, 42.71082280641858
2325.0, 48.4688489968321
2326.0, 40.31797798613943
2327.0, 31.203173204054664
2328.0, 37.61955366631245
2329.0, 55.954631379962166
2330.0, 58.35386890093643
2331.0, 61.94390715667312
2332.0, 51.54929577464788
2333.0, 50.796894156109516
2334.0, 57.34553775743707
2335.0, 57.885223678264815
2336.0, 63.48867037195386
2337.0, 65.62085726911185
2338.0, 54.54545454545457
2339.0, 50.9819639278557
2340.0, 43.986820428336074
2341.0, 44.72361809045224
2342.0, 43.66312346688469
2343.0, 35.45667447306789
2344.0, 34.51892384860919
2345.0, 44.167962674961096
2346.0, 61.86848436246992
2347.0, 60.7002360346184
2348.0, 60.68476977567886
2349.0, 49.066147859922175
2350.0, 52.4518706865238
2351.0, 58.46689895470382
2352.0, 70.67395264116578
2353.0, 75.62010443864233
2354.0, 80.02619515389657
2355.0, 81.54821488154828
2356.0, 78.99159663865552
2357.0, 80.68924539512781
2358.0, 83.59495229301328
2359.0, 81.4930555555556
2360.0, 74.07407407407415
2361.0, 64.70980653769185
2362.0, 60.11830635118308
2363.0, 68.82825040128412
2364.0, 70.8320817062181
2365.0, 58.85286783042397
2366.0, 54.84536082474228
2367.0, 38.16499614494985
2368.0, 34.74034279866973
2369.0, 34.56350216340036
2370.0, 32.71500843170318
2371.0, 27.265624999999986
2372.0, 46.07067001351612
2373.0, 39.690003483106935
2374.0, 42.413194444444436
2375.0, 46.01158229030449
2376.0, 44.56305409806406
2377.0, 39.66155473294552
2378.0, 33.5210720528258
2379.0, 38.52493660185967
2380.0, 35.33630548555921
2381.0, 41.5072859744991
2382.0, 44.1988950276243
2383.0, 45.13920584208124
2384.0, 48.683238985970966
2385.0, 47.94007490636705
2386.0, 21.17346938775505
2387.0, 30.62267657992564
2388.0, 26.669941060903724
2389.0, 25.700245700245702
2390.0, 30.144092219020166
2391.0, 31.735436893203868
2392.0, 26.437462951985765
2393.0, 19.039825422804142
2394.0, 21.67701863354037
2395.0, 23.20478723404254
2396.0, 33.506044905008636
2397.0, 27.549947423764465
2398.0, 29.11668484187574
2399.0, 31.289640591966204
2400.0, 38.53118712273644
2401.0, 45.90526781761841
2402.0, 42.51934651762682
2403.0, 44.2706131078224
2404.0, 39.55421231582924
2405.0, 51.248164464023475
2406.0, 50.0
2407.0, 54.766575127500985
2408.0, 57.853294653957704
2409.0, 50.17972681524083
2410.0, 39.27781871775976
2411.0, 41.51090342679129
2412.0, 40.521872601688386
2413.0, 36.48489603766183
2414.0, 35.77945259817531
2415.0, 27.072072072072046
2416.0, 24.117174959871576
2417.0, 21.285770286162276
2418.0, 30.857385398981336
2419.0, 19.63492846571286
2420.0, 19.34856587263002
2421.0, 19.254958877600373
2422.0, 18.148654810761514
2423.0, 21.701199563794972
2424.0, 21.940463065049613
2425.0, 29.785002621919247
2426.0, 31.439192777482717
2427.0, 39.414972731779876
2428.0, 43.50439204808139
2429.0, 49.60824742268044
2430.0, 60.332541567695934
2431.0, 57.20720720720721
2432.0, 55.25200188412621
2433.0, 50.19590770570311
2434.0, 52.67245317496576
2435.0, 51.7504488330341
2436.0, 56.134371957156795
2437.0, 58.95900506678954
2438.0, 66.35562467599794
2439.0, 59.8060344827586
2440.0, 52.821011673151794
2441.0, 47.652455477603894
2442.0, 45.658263305322095
2443.0, 32.51770766258845
2444.0, 30.77939233817702
2445.0, 33.792603335750556
2446.0, 44.056372549019635
2447.0, 62.038014783526926
2448.0, 71.31492746841367
2449.0, 73.96121883656514
2450.0, 78.71244635193138
2451.0, 67.15184893784424
2452.0, 61.73598553345388
2453.0, 61.09520400858987
2454.0, 72.45451643791894
2455.0, 69.03892944038928
2456.0, 72.93992557150452
2457.0, 67.53630322421856
2458.0, 60.88321004259135
2459.0, 60.543914400356655
2460.0, 58.05687203791469
2461.0, 51.886546968514175
2462.0, 48.105529048554594
2463.0, 45.916362615773224
2464.0, 40.613248481342204
2465.0, 37.823275862068975
2466.0, 38.20408163265308
2467.0, 36.07399794450156
2468.0, 22.715609215892826
2469.0, 22.17534607778512
2470.0, 8.673185221857793
2471.0, 27.718460241640926
2472.0, 35.346385542168676
2473.0, 36.35377942998761
2474.0, 40.25879616167491
2475.0, 40.84070796460177
2476.0, 39.15178571428571
2477.0, 38.69117647058824
2478.0, 38.02023121387283
2479.0, 45.58212058212057
2480.0, 49.099264705882334
2481.0, 52.08658346333852
2482.0, 68.68202292452486
2483.0, 81.56821272095485
2484.0, 76.96143217589812
2485.0, 69.72201352366639
2486.0, 70.36764705882352
2487.0, 72.36467236467234
2488.0, 60.53361053361049
2489.0, 61.89003436426116
2490.0, 62.621696801112655
2491.0, 62.840195394277735
2492.0, 69.79381443298969
2493.0, 67.85833611760773
2494.0, 65.29220779220776
2495.0, 69.81519507186853
2496.0, 60.975609756097526
2497.0, 31.485794131346097
2498.0, 34.300000000000026
2499.0, 31.656668204891588
2500.0, 24.12909836065579
2501.0, 27.72083943387021
2502.0, 38.026607538802715
2503.0, 42.28187919463089
2504.0, 37.10919800634344
2505.0, 39.565627950897074
2506.0, 30.614300100704952
2507.0, 39.25678894711766
2508.0, 39.615384615384635
2509.0, 36.822603056970834
2510.0, 39.90654205607474
2511.0, 58.2210242587601
2512.0, 60.89808274470232
2513.0, 70.25614218504968
2514.0, 73.14771118452101
2515.0, 72.25743539736716
2516.0, 78.43880257673362
2517.0, 77.68627450980395
2518.0, 88.03418803418808
2519.0, 88.0097879282219
2520.0, 86.98105602579604
2521.0, 85.85814360770577
2522.0, 87.34966592427614
2523.0, 91.37931034482756
2524.0, 91.3389513108614
2525.0, 88.05513016845329
2526.0, 88.22937625754527
2527.0, 90.852228303362
2528.0, 84.22751109318273
2529.0, 86.0506600071352
2530.0, 84.10569105691057
2531.0, 85.33383345836458
2532.0, 81.66211470932504
2533.0, 85.43087414755117
2534.0, 88.6458668382117
2535.0, 85.85319949811797
2536.0, 76.45251396648047
2537.0, 64.87319269969188
2538.0, 65.12120498940929
2539.0, 66.805652073199
2540.0, 64.71428571428571
2541.0, 57.26082004555809
2542.0, 59.40915805022158
2543.0, 54.83234714003945
2544.0, 46.01551480959095
2545.0, 36.693548387096776
2546.0, 34.69670710571923
2547.0, 19.34931506849314
2548.0, 25.09992006394883
2549.0, 29.857819905213276
2550.0, 28.20895522388058
2551.0, 35.32710280373831
2552.0, 31.798966651009877
2553.0, 35.95059550066168
2554.0, 38.383838383838395
2555.0, 46.58433037437285
2556.0, 50.18395879323031
2557.0, 45.98214285714287
2558.0, 49.8062015503876
2559.0, 50.770446463848266
2560.0, 56.371490280777536
2561.0, 45.79766536964982
2562.0, 45.17906336088156
2563.0, 46.81176021382207
2564.0, 60.780487804878064
2565.0, 62.89752650176678
2566.0, 65.1332984840565
2567.0, 59.412470023980845
2568.0, 60.570762958648864
2569.0, 58.6943258084198
2570.0, 55.48980933596319
2571.0, 60.12396694214874
2572.0, 60.39671682626542
2573.0, 66.19190404797605
2574.0, 59.43526170798902
2575.0, 81.42470694319208
2576.0, 52.75645498953241
2577.0, 37.59398496240601
2578.0, 33.125000000000014
2579.0, 43.22687224669602
2580.0, 43.8453159041394
2581.0, 43.8453159041394
2582.0, 45.01333333333329
2583.0, 45.305039787798414
2584.0, 40.108267716535444
2585.0, 43.65740740740741
2586.0, 39.32384341637009
2587.0, 41.18933100131174
2588.0, 45.33514492753624
2589.0, 45.08644222020019
2590.0, 58.32389580973955
2591.0, 61.05512744516892
2592.0, 62.49999999999997
2593.0, 53.04585900068448
2594.0, 33.46631205673762
2595.0, 34.20123565754635
2596.0, 38.968481375358174
2597.0, 47.9399441340782
2598.0, 50.53367684946631
2599.0, 43.962400578452645
2600.0, 49.82117310443491
2601.0, 46.41863699582754
2602.0, 41.94608809993423
2603.0, 40.180586907449204
2604.0, 37.96791443850266
2605.0, 40.13852242744061
2606.0, 44.19598816178889
2607.0, 41.76507147296458
2608.0, 48.76632801161104
2609.0, 49.117117117117125
2610.0, 47.81966001478196
2611.0, 31.08833577354804
2612.0, 36.080074487895686
2613.0, 40.48954614992348
2614.0, 41.65000000000001
2615.0, 44.736842105263165
2616.0, 37.270693512304234
2617.0, 36.01383484651967
2618.0, 34.82441471571909
2619.0, 31.209708001516887
2620.0, 24.141519250780433
2621.0, 24.991023339317763
2622.0, 27.619047619047606
2623.0, 29.792147806004607
2624.0, 20.760000000000005
2625.0, 21.107128634010394
2626.0, 16.834592779177157
2627.0, 18.208092485549145
2628.0, 9.14262494920763
2629.0, 9.105625252934018
2630.0, 12.012813667912411
2631.0, 27.4019607843137
2632.0, 27.797115862754822
2633.0, 34.04958677685953
2634.0, 46.83870967741933
2635.0, 58.44076120319215
2636.0, 62.24358974358973
2637.0, 52.10494203782797
2638.0, 53.375000000000014
2639.0, 40.883977900552466
2640.0, 31.06908529525282
2641.0, 22.628002911914578
2642.0, 24.367936238322358
2643.0, 35.274299511482965
2644.0, 41.26070118222585
2645.0, 35.500441891294756
2646.0, 39.12066932449885
2647.0, 37.56968297764512
2648.0, 32.978380122620194
2649.0, 31.711326648035495
2650.0, 31.190750178091932
2651.0, 33.51900769495806
2652.0, 33.81024096385541
2653.0, 35.83399840383079
2654.0, 43.12841731934387
2655.0, 60.297283444387496
2656.0, 62.815208825847144
2657.0, 47.84240150093806
2658.0, 30.59360730593606
2659.0, 45.454545454545446
2660.0, 34.20621931260233
2661.0, 31.05343965132981
2662.0, 30.759419152276323
2663.0, 28.699166456175845
2664.0, 32.68226648617289
2665.0, 31.126719907630147
2666.0, 30.405564171248656
2667.0, 45.96319124924039
2668.0, 45.37235410060847
2669.0, 44.223074006992114
2670.0, 50.541570180025396
2671.0, 52.07820197044336
2672.0, 57.18896713615023
2673.0, 56.88852773878998
2674.0, 66.29087710881906
2675.0, 69.83953165143413
2676.0, 80.18788163457025
2677.0, 78.84266745063456
2678.0, 78.52809547488815
2679.0, 78.92842862854859
2680.0, 85.65228362351755
2681.0, 82.21568872763669
2682.0, 74.86329460013664
2683.0, 79.60776153566039
2684.0, 75.01593371574248
2685.0, 84.91727587533663
2686.0, 84.62745098039213
2687.0, 86.63028649386081
2688.0, 82.07387326330058
2689.0, 85.9197324414716
2690.0, 86.45431145431147
2691.0, 83.03461063040793
2692.0, 83.14399754375192
2693.0, 80.69129916567346
2694.0, 78.31871787118236
2695.0, 79.0105386416862
2696.0, 86.10129564193173
2697.0, 86.89616879511387
2698.0, 81.74582117272492
2699.0, 61.462391369493574
2700.0, 57.25513905683194
2701.0, 48.01470588235296
2702.0, 50.94122166730695
2703.0, 37.28652751423148
2704.0, 26.56167979002622
2705.0, 26.91489361702125
2706.0, 27.089413637569663
2707.0, 26.74174960712415
2708.0, 26.74875556719938
2709.0, 26.362918093231514
2710.0, 23.814713896457818
2711.0, 29.642677403120288
2712.0, 32.051619699762966
2713.0, 35.429403202328984
2714.0, 38.799414348462655
2715.0, 35.2345107122177
2716.0, 37.19820325659741
2717.0, 44.8544346648612
2718.0, 57.93616090948846
2719.0, 56.479113384484236
2720.0, 57.19077568134173
2721.0, 65.46644844517189
2722.0, 75.75000000000003
2723.0, 67.90341578327445
2724.0, 67.04957678355504
2725.0, 57.78466305189777
2726.0, 60.49293222181953
2727.0, 66.40440597954367
2728.0, 69.57605985037408
2729.0, 74.45809248554916
2730.0, 72.66917293233087
2731.0, 72.15378872713697
2732.0, 70.11244105912223
2733.0, 69.35773232866879
2734.0, 54.335260115606935
2735.0, 43.163464216095804
2736.0, 23.419354838709694
2737.0, 24.668705402650374
2738.0, 24.010731052984553
2739.0, 20.675714698238508
2740.0, 15.351550506601157
2741.0, 13.214285714285708
2742.0, 2.9833430015745535
2743.0, 3.5057834436903903
2744.0, 3.2197017486310955
2745.0, 13.47093591473913
2746.0, 14.150228544890098
2747.0, 16.4612764252079
2748.0, 19.476055002370785
2749.0, 27.67738506510763
2750.0, 50.0
2751.0, 45.52006713728588
2752.0, 41.9575010237976
2753.0, 44.66024119726836
2754.0, 46.05206999573196
2755.0, 52.72562083585707
2756.0, 50.95734042293714
2757.0, 52.4308594951383
2758.0, 56.22732462260561
2759.0, 48.516920031888276
2760.0, 56.35143092686375
2761.0, 57.528877887788774
2762.0, 57.39732918686545
2763.0, 55.22928399034594
2764.0, 43.23472938917559
2765.0, 55.698695596022205
2766.0, 57.73040626464094
2767.0, 68.64041649213094
2768.0, 71.1759529178813
2769.0, 70.70054791457005
2770.0, 83.74919839095203
2771.0, 82.49607535321823
2772.0, 74.24413676179711
2773.0, 75.29732053302769
2774.0, 74.29167909334926
2775.0, 69.25165962582983
2776.0, 68.4257602862254
2777.0, 68.81559220389805
2778.0, 63.0648899188876
2779.0, 61.76911544227887
2780.0, 63.81660470879801
2781.0, 55.86361933308356
2782.0, 46.27368421052632
2783.0, 50.75260517174835
2784.0, 39.43948009748173
2785.0, 40.856802856009516
2786.0, 53.98720682302775
2787.0, 58.67733782645323
2788.0, 47.64923402007395
2789.0, 45.1
2790.0, 41.817338896615674
2791.0, 41.452205882352935
2792.0, 55.843603909902264
2793.0, 45.175265852697926
2794.0, 42.23122238586155
2795.0, 38.48993288590604
2796.0, 38.106312292358815
2797.0, 29.342151061608078
2798.0, 34.61815561959651
2799.0, 39.155212872946684
2800.0, 33.804860355458814
2801.0, 34.751519485162675
2802.0, 38.74451569355383
2803.0, 42.392909896602646
2804.0, 41.20603015075376
2805.0, 49.68730456535335
2806.0, 39.07702523240369
2807.0, 43.950709484690066
2808.0, 50.0
2809.0, 50.62365591397849
2810.0, 57.72896808951512
2811.0, 60.69716775599129
2812.0, 52.83878988810609
2813.0, 44.54342984409801
2814.0, 41.11842105263157
2815.0, 32.67948214986271
2816.0, 26.696464851686315
2817.0, 26.470588235294116
2818.0, 32.15087561742253
2819.0, 16.749311294765775
2820.0, 34.83772819472618
2821.0, 34.99745287824757
2822.0, 34.33283358320841
2823.0, 41.71210468920391
2824.0, 30.264608599779507
2825.0, 28.563995837669097
2826.0, 32.37028301886794
2827.0, 33.72235872235869
2828.0, 57.95996186844617
2829.0, 75.51187551187547
2830.0, 78.86448404475757
2831.0, 78.2483552631579
2832.0, 79.0079365079365
2833.0, 80.66520467836258
2834.0, 82.48344370860927
2835.0, 85.65902182923459
2836.0, 88.67403314917125
2837.0, 87.77325876970005
2838.0, 90.01564129301357
2839.0, 94.39623109347882
2840.0, 94.66929911154986
2841.0, 92.43373493975908
2842.0, 91.25591757170709
2843.0, 83.32809059452663
2844.0, 79.49662369551878
2845.0, 81.82618907809751
2846.0, 79.08927501497905
2847.0, 76.935432059107
2848.0, 71.11826226870478
2849.0, 61.420243773184936
2850.0, 52.542372881355966
2851.0, 58.722649319929026
2852.0, 46.99479413156648
2853.0, 32.51908396946567
2854.0, 45.13860157219695
2855.0, 53.05961310698778
2856.0, 58.25140449438203
2857.0, 68.74397687118534
2858.0, 75.05973715651133
2859.0, 67.22786647314948
2860.0, 69.16299559471366
2861.0, 69.74148061104582
2862.0, 70.58823529411764
2863.0, 72.34273318872019
2864.0, 71.34986225895315
2865.0, 73.56380274529741
2866.0, 86.61518661518659
2867.0, 93.14560139707484
2868.0, 91.69290385081129
2869.0, 91.75480769230765
2870.0, 88.50065189048239
2871.0, 86.59334126040423
2872.0, 82.49431633647289
2873.0, 91.44553072625702
2874.0, 81.67141500474828
2875.0, 79.80679339358053
2876.0, 80.85672082717869
2877.0, 72.74549098196394
2878.0, 63.63636363636363
2879.0, 60.000000000000014
2880.0, 60.42518397383482
2881.0, 48.2537419814683
2882.0, 52.77132426153338
2883.0, 52.61405261405262
2884.0, 52.28325612177369
2885.0, 51.76933158584535
2886.0, 48.93155775781972
2887.0, 46.64387818520819
2888.0, 47.95527156549521
2889.0, 49.530896150113236
2890.0, 42.18370883882149
2891.0, 48.52830188679246
2892.0, 55.50280535174795
2893.0, 63.270395439971445
2894.0, 59.75800156128023
2895.0, 61.81481481481477
2896.0, 55.07302075326671
2897.0, 55.920060331825034
2898.0, 58.98635477582841
2899.0, 58.32690824980729
2900.0, 65.26181353767565
2901.0, 68.42549598986915
2902.0, 78.44568484328043
2903.0, 75.28278173439465
2904.0, 72.02404809619239
2905.0, 58.064516129032214
2906.0, 58.6558044806517
2907.0, 36.34577603143419
2908.0, 43.76627133352616
2909.0, 44.851063829787236
2910.0, 43.75864932189316
2911.0, 39.30704898446838
2912.0, 38.08113710393842
2913.0, 40.63417498532
2914.0, 46.90126050420168
2915.0, 44.81393507521773
2916.0, 40.43360433604337
2917.0, 40.10752688172043
2918.0, 46.88489968321013
2919.0, 57.794457274826826
2920.0, 61.78623718887266
2921.0, 78.46783190777242
2922.0, 68.37363679468943
2923.0, 60.978094752929195
2924.0, 69.9331848552338
2925.0, 57.548076923076906
2926.0, 62.66425011327593
2927.0, 57.46869409660104
2928.0, 57.82705099778271
2929.0, 61.38353765323987
2930.0, 61.115954664341665
2931.0, 66.95132365499566
2932.0, 63.61071932299008
2933.0, 59.49764521193087
2934.0, 53.288451579492445
2935.0, 53.288451579492445
2936.0, 48.37799717912555
2937.0, 51.43412736995628
2938.0, 56.790657439446356
2939.0, 55.61202880135527
2940.0, 50.0
2941.0, 52.98542548189944
2942.0, 32.85440613026819
2943.0, 24.18757712875363
2944.0, 21.189189189189207
2945.0, 15.990905646078076
2946.0, 26.855823160673083
2947.0, 26.395272488509505
2948.0, 27.23577235772356
2949.0, 20.494519500382353
2950.0, 21.457165732586077
2951.0, 16.52804435913842
2952.0, 22.372074573581912
2953.0, 26.731849386311637
2954.0, 32.76703768795154
2955.0, 30.48691860465115
2956.0, 35.37183842959605
2957.0, 39.79818365287587
2958.0, 49.90067540723083
2959.0, 54.96928080954101
2960.0, 49.16190476190475
2961.0, 47.271062271062284
2962.0, 47.84601283226398
2963.0, 50.4737961709534
2964.0, 52.47045146289478
2965.0, 66.2183724640985
2966.0, 62.52844500632113
2967.0, 59.445585215605746
2968.0, 50.0
2969.0, 54.599659284497456
2970.0, 46.437214304920666
2971.0, 56.994818652849744
2972.0, 47.77070063694267
2973.0, 42.48496993987976
2974.0, 39.672514619883046
2975.0, 37.84869448783753
2976.0, 36.09006278415241
2977.0, 45.77447929135744
2978.0, 42.235157159487784
2979.0, 36.57543542185025
2980.0, 38.88404533565826
2981.0, 39.13138846238212
2982.0, 42.97772567409147
2983.0, 51.303098707161915
2984.0, 61.015948021264016
2985.0, 52.688172043010745
2986.0, 59.769563130100806
2987.0, 60.43437204910294
2988.0, 67.88166930797672
2989.0, 75.27826596367896
2990.0, 78.21059038344487
2991.0, 66.01362862010221
2992.0, 72.06719817767654
2993.0, 78.65133623368554
2994.0, 73.54058721934369
2995.0, 63.26894502228828
2996.0, 66.12770622088243
2997.0, 62.385879488740095
2998.0, 51.0196905766526
2999.0, 53.302044921220244
3000.0, 47.33405875952124
3001.0, 44.367816091954
3002.0, 49.47807933194153
3003.0, 58.166969147005446
3004.0, 57.81719783523752
3005.0, 69.5809963708347
3006.0, 67.47795414462082
3007.0, 70.63465965143045
3008.0, 69.99022482893454
3009.0, 81.11782477341399
3010.0, 80.39215686274518
3011.0, 84.41396508728188
3012.0, 91.23658661216155
3013.0, 87.12220762155061
3014.0, 84.93466564181396
3015.0, 80.82157881712449
3016.0, 79.9014522821577
3017.0, 78.41225626740949
3018.0, 74.94675186368485
3019.0, 62.62505955216775
3020.0, 60.54091539528434
3021.0, 59.25041776080213
3022.0, 62.17494089834518
3023.0, 66.28753412192901
3024.0, 57.961921246213734
3025.0, 49.871001031991725
3026.0, 36.33682830930539
3027.0, 37.79822767552833
3028.0, 49.698431845597106
3029.0, 46.540525275345935
3030.0, 47.69273279911581
3031.0, 42.82021826536475
3032.0, 43.292682926829286
3033.0, 54.38898450946641
3034.0, 65.1292596944771
3035.0, 60.18176654359554
3036.0, 59.37409446537233
3037.0, 52.32730506967091
3038.0, 62.019867549668916
3039.0, 61.263086795001726
3040.0, 62.019867549668874
3041.0, 62.41252915694765
3042.0, 53.55279004415897
3043.0, 69.8502630513962
3044.0, 67.94320137693629
3045.0, 71.79598953792505
3046.0, 82.93768545994062
3047.0, 85.28941477454427
3048.0, 71.65548888104482
3049.0, 75.26881720430103
3050.0, 70.06460875807603
3051.0, 79.7419354838709
3052.0, 79.67637540453067
3053.0, 65.0946060434905
3054.0, 66.84549356223172
3055.0, 67.28049105951428
3056.0, 62.83649052841474
3057.0, 63.898305084745736
3058.0, 63.2761536603044
3059.0, 55.56523633195385
3060.0, 55.17468688200395
3061.0, 49.877149877149854
3062.0, 49.877149877149854
3063.0, 48.024603737875545
3064.0, 54.60644007155637
3065.0, 42.512718425127154
3066.0, 48.44276929180718
3067.0, 55.28856950370537
3068.0, 50.569105691056905
3069.0, 52.93076752930767
3070.0, 54.46062812926718
3071.0, 49.63503649635037
3072.0, 54.52029520295201
3073.0, 63.54506653276419
3074.0, 59.110109828217354
3075.0, 60.219178082191775
3076.0, 66.06552449654342
3077.0, 61.03860038878088
3078.0, 46.43785751430057
3079.0, 57.78595696489241
3080.0, 44.48265082838385
3081.0, 45.654834761321936
3082.0, 47.05140334279406
3083.0, 41.10085695451552
3084.0, 41.649966599866424
3085.0, 38.3063182269269
3086.0, 27.474892395982806
3087.0, 22.43445692883904
3088.0, 18.595679012345755
3089.0, 13.225682429834706
3090.0, 13.662678502508655
3091.0, 14.25120772946859
3092.0, 16.164383561643817
3093.0, 5.092592592592595
3094.0, 10.189982728842821
3095.0, 5.247465712581857
3096.0, 4.533745492014319
3097.0, 3.648424543946831
3098.0, 25.827143821742027
3099.0, 29.333786539768795
3100.0, 33.101287852419034
3101.0, 24.611801242235984
3102.0, 36.709975776260706
3103.0, 34.685809404910486
3104.0, 39.62300442392765
3105.0, 40.38423838463043
3106.0, 46.57889487332934
3107.0, 45.077220077220055
3108.0, 51.259208497515836
3109.0, 49.83344437041972
3110.0, 51.86340786964812
3111.0, 52.76895943562611
3112.0, 44.864341085271306
3113.0, 42.79922779922781
3114.0, 47.75171927349675
3115.0, 62.52192555057495
3116.0, 57.84743533537923
3117.0, 59.383438343834385
3118.0, 51.92754296330702
3119.0, 47.403010387958474
3120.0, 42.73262148616254
3121.0, 46.3457330415755
3122.0, 35.516178736517745
3123.0, 35.96879063719115
3124.0, 39.00076472087689
3125.0, 38.60711582134745
3126.0, 42.821095129952084
3127.0, 47.60975609756096
3128.0, 38.77435752612255
3129.0, 28.94133071124226
3130.0, 30.734824281150196
3131.0, 30.734824281150196
3132.0, 32.78800272665309
3133.0, 43.853375055878374
3134.0, 44.6517979062358
3135.0, 33.19903303787271
3136.0, 33.86765310316484
3137.0, 46.40762463343112
3138.0, 58.383148306290906
3139.0, 67.09192018318619
3140.0, 61.32812500000005
3141.0, 57.238229093464504
3142.0, 60.77981651376149
3143.0, 54.650473933649295
3144.0, 56.54271927334657
3145.0, 61.809200370484746
3146.0, 61.809200370484746
3147.0, 62.71850512356845
3148.0, 55.77593138568749
3149.0, 64.13301662707842
3150.0, 67.88203753351206
3151.0, 67.79569892473117
3152.0, 62.91021671826625
3153.0, 66.2700773349197
3154.0, 72.97757592960542
3155.0, 73.37328767123289
3156.0, 69.66726084373141
3157.0, 78.84852216748766
3158.0, 65.58752997601921
3159.0, 57.95635976583287
3160.0, 57.361074532525635
3161.0, 55.34858967535925
3162.0, 55.94405594405594
3163.0, 56.38977635782747
3164.0, 48.3790523690773
3165.0, 45.87449157466592
3166.0, 39.86442866365399
3167.0, 30.53188363208932
3168.0, 20.57345551285843
3169.0, 20.103986135181998
3170.0, 23.310423825887824
3171.0, 26.408353943391077
3172.0, 35.7949609035621
3173.0, 41.28289473684216
3174.0, 45.01639344262297
3175.0, 42.428924598269454
3176.0, 42.41581711461231
3177.0, 42.944597490052004
3178.0, 49.08356632494562
3179.0, 45.42124542124538
3180.0, 46.64713541666667
3181.0, 65.27311565456213
3182.0, 68.97774911318938
3183.0, 68.55769230769235
3184.0, 67.09827357237714
3185.0, 64.55650929899858
3186.0, 57.34632683658169
3187.0, 69.63713980789751
3188.0, 73.27383748238607
3189.0, 74.82014388489208
3190.0, 84.57576579018699
3191.0, 84.15483152325253
3192.0, 84.36383621874137
3193.0, 85.88789682539678
3194.0, 86.9644902634593
3195.0, 86.4813494891898
3196.0, 89.73485769885664
3197.0, 92.15588308768416
3198.0, 92.90879402845809
3199.0, 89.27158482662318
3200.0, 85.93189964157706
3201.0, 67.16564417177915
