0, 1900
1, -27100
2, -27100
3, -27100
4, -27200
5, -27200
6, -27200
7, -26700
8, -20000
9, -14800
10, -9539
11, -9939
12, -1471
13, -71
14, 5229
15, 2029
16, 2129
17, 2729
18, 2229
19, 729
20, 729
21, 15829
22, 15829
23, 16829
24, 11814
25, 11914
26, 9814
27, 9714
28, 8422
29, 8422
30, 108422
31, 108422
32, 108422
33, 108422
34, 79224
35, 80324
36, 80924
37, 80224
38, 79924
39, 81524
40, 81524
41, 70424
42, 86424
43, 89724
44, 85326
45, 85326
46, 88426
47, 338626
48, 338626
49, 338626
50, 330826
51, 330426
52, 331026
53, 333720
54, 335020
55, 332982
56, 346664
57, 347477
58, 345172
59, 344011
60, 344311
61, 344611
62, 341419
63, 339819
64, 339959
65, 339959
66, 340959
67, 341159
68, 340759
69, 340759
70, 342358
71, 341025
72, 341440
73, 342440
74, 342327
75, 342214
76, 341814
77, 341514
78, 342714
79, 343254
80, 341846
