0, 2730250
1, 2929883
2, 3041926
3, 2937130
4, 2823612
5, 2904535
6, 2754212
7, 2570958
8, 2501558
9, 2455605
10, 2524998
11, 2568892
12, 2656213
13, 2741986
14, 2692729
15, 2652865
16, 2587132
17, 2456789
18, 2478311
19, 2430542
20, 2451456
21, 2494470
22, 2458335
23, 2423368
24, 2393563
25, 2423224
26, 2444237
27, 2477788
28, 2447641
29, 2415003
30, 2361679
31, 2335127
32, 2316444
33, 2322924
34, 2307792
35, 2291701
36, 2281517
37, 2254078
38, 2223135
39, 2261228
40, 2279985
41, 2246154
42, 2239954
43, 2216291
44, 2182572
45, 2193540
46, 2182817
47, 2206514
48, 2195382
49, 2189470
50, 2238456
51, 2251264
52, 2292135
53, 2255026
54, 2265967
55, 2302348
56, 2333327
57, 2347885
58, 2357338
59, 2325503
60, 2386503
61, 2513567
62, 2473127
63, 2491820
64, 2472027
65, 2484866
66, 2476200
67, 2458897
68, 2403727
69, 2415318
70, 2424200
71, 2441519
72, 2449619
73, 2461952
74, 2458072
75, 2490624
76, 2475124
77, 2461015
78, 2453715
79, 2427167
80, 2462427
81, 2474277
82, 2492287
83, 2512940
84, 2550582
85, 2506644
86, 2478375
87, 2472625
88, 2449414
89, 2494402
90, 2525626
91, 2506600
92, 2560658
93, 2609850
94, 2592518
95, 2578003
96, 2563275
97, 2538165
98, 2496541
99, 2502236
100, 2500932
101, 2510605
102, 2505035
103, 2513271
104, 2474056
105, 2474056
106, 2469556
107, 2476341
108, 2457068
109, 2442564
110, 2444358
111, 2437812
112, 2356431
113, 2220501
114, 2173135
115, 2192040
116, 2168881
117, 2145273
118, 2129106
119, 2135205
120, 2115481
121, 2162300
122, 2181648
123, 2132749
124, 2107390
125, 2128857
126, 2112774
127, 2075568
128, 2121002
129, 2105780
130, 2099976
131, 2081510
132, 2062179
133, 7172768
134, 6508914
135, 6842834
136, 7027370
137, 6934593
138, 6845770
139, 6774579
140, 6734918
141, 6752542
142, 6718745
143, 6665075
144, 6628655
145, 6597240
146, 6480026
147, 6564665
148, 6475987
149, 6512827
150, 6555475
151, 6593878
152, 6642281
153, 6587935
154, 6620947
155, 6681081
156, 6652312
157, 6682020
158, 6653621
159, 6605356
160, 6572334
161, 6545872
162, 6348242
163, 6471429
164, 6447338
165, 6586686
166, 6617554
167, 6718759
168, 6896744
169, 6958125
170, 6877046
171, 6850796
172, 6797577
173, 6829585
174, 6795755
175, 6849553
176, 6877967
177, 6846408
178, 6859799
179, 6844939
180, 6853257
181, 6809042
182, 6816939
183, 6802756
184, 6788756
185, 6764766
186, 6743935
187, 6755591
188, 6710951
189, 6738044
190, 6730869
191, 6754389
192, 6737665
193, 6689266
194, 6737829
195, 6926466
196, 6972040
197, 6929134
198, 6941313
199, 6917621
200, 7045932
201, 7003900
202, 6931432
203, 6984959
204, 7108712
205, 7039675
206, 7084801
207, 7206645
208, 7315257
209, 7389009
210, 7444730
211, 7393461
212, 7365022
213, 7305821
214, 7234470
215, 7146332
216, 7087670
217, 7189356
218, 7208580
219, 7236770
220, 7176743
221, 7140307
222, 7174952
223, 7186229
224, 7173622
225, 7133042
226, 7155242
227, 7155242
228, 7220726
229, 7255900
230, 7208682
231, 7219682
232, 7243802
233, 7269728
234, 7295749
235, 7371089
236, 7413214
237, 7494374
238, 7635244
239, 7824553
240, 7717120
241, 7744196
242, 7810196
243, 7792396
244, 7716796
245, 7781396
246, 7746796
247, 7712796
248, 7832496
249, 7862096
250, 7829796
251, 7762396
252, 7782196
253, 7922996
254, 8083096
255, 8014096
256, 8333796
257, 8216596
258, 8073496
259, 7980096
260, 8029596
261, 7992796
262, 7924396
263, 7861196
264, 7791196
265, 7827396
266, 7798896
267, 7821558
268, 7783858
269, 7813935
270, 7848435
271, 7820035
272, 7789135
273, 8052247
274, 8179245
275, 8133545
276, 8059701
277, 8100184
278, 8062291
279, 8022791
280, 7918991
281, 7947591
282, 8035091
283, 7997891
284, 7923191
285, 7954691
286, 8048591
287, 8019591
288, 8085739
289, 8117990
290, 8080290
291, 8052190
292, 8072131
293, 8056231
294, 8072531
295, 8094479
296, 8102193
297, 8086793
298, 8046593
299, 8054193
300, 8076193
301, 8111403
302, 8142403
303, 8202741
304, 8264341
305, 8330241
306, 8442086
307, 8372186
308, 8309786
309, 8274486
310, 8253886
311, 8280498
312, 8239445
313, 8209563
314, 8239463
315, 8269663
316, 8213963
317, 8254763
318, 8277363
319, 8305763
320, 8259063
321, 8295749
322, 8336049
323, 8282149
324, 8229349
325, 8192449
326, 8211711
327, 8287211
328, 8250311
329, 8279511
330, 8261911
331, 8225011
332, 8267711
333, 8284311
334, 8266411
335, 8284445
336, 8259137
337, 8273837
338, 8360137
339, 8396037
340, 8380337
341, 8424337
342, 8399937
343, 8412237
344, 8362437
345, 8340837
346, 8333637
347, 8354837
348, 8375637
349, 8365934
350, 8354734
351, 8345934
352, 8295237
353, 8244337
354, 8256537
355, 8231108
356, 8259308
357, 8303908
358, 8320708
359, 8305608
360, 8313008
361, 8300908
362, 8294308
363, 8294308
364, 8256973
365, 8208873
366, 8295873
367, 8313173
368, 8296173
369, 8316673
370, 8168373
371, 8124273
372, 8118873
373, 8130773
374, 8112673
375, 8102773
376, 8110262
377, 8120762
378, 8138362
379, 8111762
380, 8082062
381, 8088062
382, 8110862
383, 8124962
384, 8114862
385, 8108962
386, 8118707
387, 8101107
388, 8079143
389, 8028743
390, 8058343
391, 8076143
392, 8067843
393, 8094428
394, 8082228
395, 8069228
396, 8136928
397, 8173128
398, 8152890
399, 8191990
400, 8184590
401, 8199890
402, 8284790
403, 8272890
404, 8296138
405, 8262638
406, 8218838
407, 8240938
408, 8208638
409, 8208638
410, 8230238
411, 8254038
412, 8293138
413, 8317531
414, 8337931
415, 8323012
416, 8309212
417, 8284312
418, 8292884
419, 8261284
420, 8235084
421, 8202284
422, 8190684
423, 8171784
424, 8162584
425, 8148484
426, 8128584
427, 8161684
428, 8179284
429, 8188984
430, 8201384
431, 8200684
432, 8179984
433, 8166823
434, 8156004
435, 8147988
436, 8138588
437, 8125788
438, 8135826
439, 8138726
440, 8118026
441, 8094426
442, 8094426
443, 8092326
444, 8100726
445, 8100726
446, 8106426
447, 8130026
448, 8118902
449, 8100002
450, 8108025
451, 8099952
452, 8069447
453, 8054909
454, 8043521
455, 8034492
456, 8038524
457, 8031233
458, 7998073
459, 7964125
460, 7900264
461, 7900264
462, 7881895
463, 7881895
464, 7908248
465, 7931348
466, 7978076
467, 8013220
468, 8044755
469, 8064509
470, 8028946
471, 8015896
472, 7986904
473, 8007508
474, 8000590
475, 8008051
476, 7952157
477, 7962980
478, 7951193
479, 7941783
480, 7924746
481, 7912557
482, 7889991
483, 7845102
484, 7854513
485, 7851051
486, 7859035
487, 7855320
488, 7842158
489, 7818479
490, 7781904
491, 7764776
492, 7786097
493, 7771594
494, 7771594
495, 7787637
496, 7800189
497, 7807501
498, 7818183
499, 7798928
500, 7801066
501, 7743682
502, 7751408
503, 7712468
504, 7645619
505, 7602017
506, 7536089
507, 7657902
508, 7731379
509, 7705361
510, 7689264
511, 7709600
512, 7792255
513, 7752614
514, 7859321
515, 7877453
516, 7892918
517, 8016599
518, 7994303
519, 8396422
520, 8546847
521, 8445288
522, 8393023
523, 8463916
524, 8437039
525, 8464770
526, 8478129
527, 8474806
528, 8489114
529, 8467189
530, 8449743
531, 8456443
532, 8440151
533, 8409657
534, 8416489
535, 8413489
536, 8420941
537, 8413036
538, 8392442
539, 8379340
540, 8355200
541, 8370108
542, 8383838
543, 8390661
544, 8400550
545, 8390692
546, 8386292
547, 8392394
548, 8380714
549, 8366924
550, 8360889
551, 8346639
552, 8332814
553, 8296214
554, 8239835
555, 8179282
556, 8114340
557, 8151327
558, 8131738
559, 8141521
560, 8136881
561, 8110081
562, 8140353
563, 8148306
564, 8156430
565, 8189611
566, 8211186
567, 8227923
568, 8210383
569, 8195999
570, 8208634
571, 8200366
572, 8212411
573, 8201814
574, 8211238
575, 8192945
576, 8168254
577, 8174554
578, 8176954
579, 8165654
580, 8136379
581, 8117750
582, 8105462
583, 8114412
584, 8123756
585, 8136062
586, 8128166
587, 8113800
588, 8084677
589, 8118890
590, 8098654
591, 8088272
592, 8064665
593, 8072920
594, 8124576
595, 8132131
596, 8125648
597, 8129823
598, 8118382
599, 8192237
600, 8199335
601, 8175983
602, 8175983
603, 8177702
604, 8173427
605, 8183474
606, 8183474
607, 8180972
608, 8178580
609, 8145159
610, 8114113
611, 8120974
612, 8058649
613, 8045168
614, 8034436
615, 7986126
616, 8022817
617, 7998410
618, 7973376
619, 7982338
620, 8001373
621, 7984337
622, 8021049
623, 8009775
624, 8037218
625, 8067105
626, 8045812
627, 8066578
628, 8061333
629, 8038465
630, 8050910
631, 8046345
632, 8072490
633, 8069189
634, 8066889
635, 8925680
636, 8925680
637, 10348071
638, 9632312
639, 9870232
640, 9768924
641, 9585411
642, 9390864
643, 9340729
644, 9410479
645, 9392314
646, 9459917
647, 9429115
648, 9402342
649, 9456338
650, 9425270
651, 9354394
652, 9229651
653, 9329158
654, 9300771
655, 9370975
656, 9323092
657, 9227269
658, 9172379
659, 9228883
660, 9133265
661, 9110023
662, 9079722
663, 9020649
664, 8986124
665, 8554479
666, 8367530
667, 8285334
668, 8323401
669, 8394894
670, 8470897
671, 8312112
672, 8427298
673, 8465716
674, 8500481
675, 8519418
676, 8551260
677, 8601065
678, 8636753
679, 8713131
680, 8644541
681, 8614522
682, 8646998
683, 8609506
684, 8588445
685, 8570942
686, 8588449
687, 8596014
688, 8571420
689, 8547853
690, 8537421
691, 8564070
692, 8546421
693, 8522988
694, 8565051
695, 8547195
696, 8522220
697, 8542105
698, 8571213
699, 8785166
700, 8761981
701, 8747022
702, 8758080
703, 8722826
704, 8780978
705, 8828434
706, 8714939
707, 8731674
708, 8796999
709, 8827299
710, 8908590
711, 8858870
712, 8918975
713, 8879005
714, 8894002
715, 8903727
716, 8831095
717, 8879831
718, 8915591
719, 8904269
720, 8873289
721, 8834189
722, 8795443
723, 8819085
724, 8827171
725, 8799703
726, 8817732
727, 8824220
728, 8841738
729, 8889107
730, 8907454
731, 8888288
732, 8902095
733, 8895222
734, 8868393
735, 8885189
736, 8811753
737, 8794686
738, 8825504
739, 8819991
740, 8848425
741, 8830514
742, 8859653
743, 8870643
744, 8982505
745, 9141108
746, 9059401
747, 8997909
748, 9027228
749, 8948996
750, 8932937
751, 8945630
752, 8945630
753, 8960853
754, 8941419
755, 8946861
756, 8931032
757, 8940796
758, 9017134
759, 8878007
760, 8782676
761, 8751133
762, 8759653
763, 8741746
764, 8762818
765, 8789657
766, 8778315
767, 8795089
768, 8825204
769, 8820922
770, 8830014
771, 8817410
772, 8830010
773, 8827728
774, 9022677
775, 9003280
776, 8988846
777, 9005256
778, 9030950
779, 9012974
780, 8870864
781, 8855149
782, 8872082
783, 8889718
784, 8857862
785, 8835393
786, 8861499
787, 8875469
788, 8711888
789, 8677558
790, 8712454
791, 8729743
792, 8712351
793, 8685188
794, 8606718
795, 8624276
796, 8630734
797, 8620169
798, 8608817
799, 8697147
800, 8636446
801, 8647150
802, 8651160
803, 8682053
804, 8704405
805, 8704405
806, 8658629
807, 8661501
808, 8630825
809, 8643527
810, 8623440
811, 8650080
812, 8647481
813, 8645621
814, 8641507
815, 8651281
816, 8635826
817, 8687753
818, 8778619
819, 8928592
820, 8974419
821, 9127343
822, 9198646
823, 9141204
824, 9120717
825, 9065808
826, 9082801
827, 9118652
828, 9118652
829, 9148102
830, 9134305
831, 9081640
832, 9096890
833, 9081858
834, 9104886
835, 9121698
836, 9135877
837, 9160561
838, 9196145
839, 9191199
840, 9207889
841, 9183231
842, 9144928
843, 9162887
844, 9170945
845, 9206024
846, 9323741
847, 9419324
848, 9555884
849, 9469356
850, 9497659
851, 9456361
852, 9500157
853, 9520014
854, 9536645
855, 9496902
856, 9518437
857, 9561650
858, 9632594
859, 9613466
860, 9632433
861, 9672021
862, 9657070
863, 9670279
864, 9639582
865, 9594954
866, 9573659
867, 9580889
868, 9568747
869, 9538823
870, 9559327
871, 9604241
872, 9584447
873, 9598757
874, 9618699
875, 9580053
876, 9580053
877, 9568342
878, 9590688
879, 9599520
880, 9587650
881, 9603891
882, 9595412
883, 9590434
884, 9598048
885, 9635521
886, 9707884
887, 9886774
888, 9918303
889, 9984817
890, 9936144
891, 9936144
892, 9954309
893, 9945673
894, 9945673
895, 9921518
896, 9865026
897, 9865026
898, 9923850
899, 10061599
900, 9987409
901, 9987409
902, 10001305
903, 10018061
904, 9989928
905, 9978914
906, 9945384
907, 9906152
908, 9864800
909, 9841595
910, 9888552
911, 9914039
912, 9956300
913, 9890889
914, 9897539
915, 9876798
916, 9886829
917, 9836486
918, 9817423
919, 9798151
920, 9783065
921, 9760146
922, 9704978
923, 9810267
924, 9790479
