15.0, 26.447158789166238
16.0, 28.788732394366193
17.0, 29.233409610983998
18.0, 28.35738068812431
19.0, 27.137546468401496
20.0, 28.571428571428584
21.0, 29.855715871254176
22.0, 27.104959630911196
23.0, 23.579201934703747
24.0, 36.13214039917414
25.0, 37.5
26.0, 36.45833333333334
27.0, 33.98268398268401
28.0, 39.780405405405425
29.0, 40.70872947277442
30.0, 59.52802359882003
31.0, 48.0705097665555
32.0, 53.45717234262128
33.0, 61.38287864534335
34.0, 54.92049849591749
35.0, 57.54050685500623
36.0, 56.324786324786324
37.0, 57.54050685500623
38.0, 50.0
39.0, 53.64341085271319
40.0, 53.108211818879504
41.0, 49.732620320855595
42.0, 49.71217105263159
43.0, 57.070510323334645
44.0, 48.09232218558644
45.0, 65.07263922518162
46.0, 66.433973240256
47.0, 65.34534534534538
48.0, 74.31693989071039
49.0, 72.83236994219655
50.0, 71.43869596031183
51.0, 69.40015186028855
52.0, 84.86159169550169
53.0, 83.94495412844032
54.0, 82.88043478260867
55.0, 82.88043478260867
56.0, 74.69387755102039
57.0, 71.2163416898793
58.0, 17.969451931716094
59.0, 20.863101491910072
60.0, 20.30208443550947
61.0, 15.209491824037883
62.0, 15.636916275214162
63.0, 13.766061256290385
64.0, 13.134932241396115
65.0, 13.132814975503933
66.0, 11.536862697151236
67.0, 13.510088935641207
68.0, 13.86680408323518
69.0, 13.86680408323518
70.0, 13.340415486307833
71.0, 10.93069969869434
72.0, 28.570535658478647
73.0, 25.433903171081823
74.0, 22.014467039716124
75.0, 22.85349957495042
76.0, 21.69672303697986
77.0, 29.76179934472681
78.0, 34.72107438016528
79.0, 34.72107438016528
80.0, 35.20846427823169
81.0, 20.313771063335267
82.0, 26.46833643224322
83.0, 35.89816933638443
84.0, 53.33415964303421
85.0, 49.23340961098398
86.0, 57.894050104384135
87.0, 57.894050104384135
88.0, 57.894050104384135
89.0, 53.22058294350485
90.0, 61.971093422706325
91.0, 63.009372453137736
92.0, 68.9176967138981
93.0, 64.47162426614481
94.0, 69.2315026697178
95.0, 63.531367573715954
96.0, 63.531367573715976
97.0, 56.41270143987795
98.0, 48.78004535147394
99.0, 54.793683138054014
100.0, 54.16795785559344
101.0, 47.621296186990925
102.0, 44.7774447774448
103.0, 37.501162034024375
104.0, 35.06230078238191
105.0, 30.267149427536964
106.0, 39.0783961699581
107.0, 33.99776868724432
108.0, 45.90343818580834
109.0, 44.443132857227184
110.0, 41.46311970979444
111.0, 42.14860795279945
112.0, 50.793838163253255
113.0, 49.610883726292734
114.0, 48.484507042253526
115.0, 51.0780589588572
116.0, 52.59185809508069
117.0, 64.28613586731984
118.0, 59.35062579357882
119.0, 58.39728716758879
120.0, 51.818550567874524
121.0, 61.7009493670886
122.0, 41.88944723618091
123.0, 45.586787706442074
124.0, 52.05786471067644
125.0, 53.42298288508558
126.0, 38.23272090988627
127.0, 45.837636851890096
128.0, 45.83290302592171
129.0, 38.80812340472755
130.0, 45.33558045008428
131.0, 37.87742226228029
132.0, 40.980009751340795
133.0, 50.0
134.0, 41.33452310132858
135.0, 50.0
136.0, 54.31928761590011
137.0, 57.141477547078686
138.0, 57.141477547078715
139.0, 63.73590455956855
140.0, 69.04487917146146
141.0, 59.299610894941644
142.0, 57.30280748663101
143.0, 58.62039490554749
144.0, 54.42906900122375
145.0, 53.846887215177816
146.0, 46.15510337501023
147.0, 42.35345581802275
148.0, 44.99907045919317
149.0, 32.35647895024603
150.0, 29.73570495427596
151.0, 28.210506244637244
152.0, 29.999070372780494
153.0, 12.1608040201005
154.0, 11.841847719710316
155.0, 17.13951758580383
156.0, 18.747094374709434
157.0, 18.747094374709434
158.0, 23.528768322030174
159.0, 22.221074380165277
160.0, 26.22850871844895
161.0, 24.999999999999986
162.0, 26.22850871844895
163.0, 24.242082722867124
164.0, 42.851622874806786
165.0, 52.77892561983471
166.0, 42.0286730624124
167.0, 42.644646177403466
168.0, 38.66521221737403
169.0, 43.20998989991735
170.0, 47.127714139169086
171.0, 47.127714139169086
172.0, 44.04603806994245
173.0, 44.04603806994245
174.0, 44.57885304659498
175.0, 41.108907618575444
176.0, 41.57265814322722
177.0, 50.547564563582874
178.0, 43.753485778025656
179.0, 35.71491810535635
180.0, 38.46300533943555
181.0, 40.00396667988894
182.0, 53.33201110670369
183.0, 50.701864655353035
184.0, 37.49883774988376
185.0, 47.365124109310145
186.0, 43.26895565092989
187.0, 42.05659459083641
188.0, 46.017116524028964
189.0, 48.15044430667493
190.0, 58.53997822668441
191.0, 47.36842105263157
192.0, 46.56445201590005
193.0, 41.49377593360995
194.0, 45.221964277253996
195.0, 46.70907756300465
196.0, 45.636980830670936
197.0, 41.7220826560268
198.0, 41.9993057965984
199.0, 40.0
200.0, 44.60377762320082
201.0, 45.58678770644209
202.0, 42.30791235196523
203.0, 39.284955376115605
204.0, 30.327968788100463
205.0, 35.2387023657742
206.0, 31.132472635419603
207.0, 57.89782736347622
208.0, 42.424071674085766
209.0, 39.435365598156295
210.0, 38.57309817254569
211.0, 44.75477193529932
212.0, 49.61083885846065
213.0, 42.18813549474173
214.0, 44.360565900575956
215.0, 54.546771623122616
216.0, 51.849981637899376
217.0, 58.27628662890913
218.0, 54.08793264733396
219.0, 53.74854752498257
220.0, 55.767947373438844
221.0, 43.200475907198104
222.0, 63.863025682684494
223.0, 66.08470740381506
224.0, 63.388885200185904
225.0, 59.80170591237151
226.0, 67.71473739680309
227.0, 60.99040185634428
228.0, 63.33035891334523
229.0, 50.0
230.0, 55.4747299277998
231.0, 48.322851153039835
232.0, 51.79775280898877
233.0, 52.557003257329
234.0, 46.405133440280004
235.0, 50.0
236.0, 42.857142857142854
237.0, 40.81663630843958
238.0, 43.33316804680913
239.0, 40.88038546100948
240.0, 28.365688963916412
241.0, 32.255548890221945
242.0, 28.81366616238023
243.0, 33.00837666088967
244.0, 32.353799037479945
245.0, 37.929560608651045
246.0, 37.929560608651045
247.0, 51.815293083631936
248.0, 63.99940507176321
249.0, 56.700398650720636
250.0, 55.20526723470178
251.0, 60.224776068953865
252.0, 45.285533885225206
253.0, 47.99970255800119
254.0, 51.611097785240275
255.0, 56.66721744877727
256.0, 50.0
257.0, 53.010213223436665
258.0, 53.010213223436644
259.0, 53.014962816951886
260.0, 41.124548234639974
261.0, 38.8375451263538
262.0, 34.37403160830493
263.0, 39.36229132051587
264.0, 36.276797433279874
265.0, 38.14598987885294
266.0, 49.330689142290524
267.0, 52.057864710676455
268.0, 48.717704261607395
269.0, 46.66336142786316
270.0, 46.051472746844105
271.0, 46.051472746844105
272.0, 46.754877342090026
273.0, 47.36790606653621
274.0, 63.15720808871493
275.0, 28.07200626141406
276.0, 38.80812340472755
277.0, 40.58189655172415
278.0, 37.83783783783786
279.0, 43.21248279027077
280.0, 41.1790431207907
281.0, 40.00174947515745
282.0, 43.906420021762784
283.0, 50.0
284.0, 50.547475077627055
285.0, 47.67421753415182
286.0, 37.634924442312304
287.0, 39.586399194485324
288.0, 44.21225639821555
289.0, 56.57959103805889
290.0, 56.5795910380589
291.0, 61.17235345581801
292.0, 60.46873648707083
293.0, 61.79690764730463
294.0, 67.78246136044302
295.0, 72.81721672564456
296.0, 72.27868610988365
297.0, 71.72051089406463
298.0, 74.31418042855194
299.0, 74.77718957314214
300.0, 78.30877192982457
301.0, 79.09650368566986
302.0, 72.17801927679669
303.0, 68.3362261343913
304.0, 63.15823817292008
305.0, 55.88535589264879
306.0, 58.76083122459934
307.0, 54.02239890570233
308.0, 56.52033309079148
309.0, 48.7174597120244
310.0, 46.91460055096418
311.0, 53.26218772738299
312.0, 39.00044622936188
313.0, 36.27679743327987
314.0, 48.18120351588911
315.0, 43.39741790625878
316.0, 47.42370802024231
317.0, 50.55169595422967
318.0, 45.09989791453988
319.0, 51.37495735243944
320.0, 58.65694057069299
321.0, 60.55271238485158
322.0, 56.124772313296894
323.0, 56.124772313296894
324.0, 57.89556094887652
325.0, 44.44444444444443
326.0, 60.29974838639099
327.0, 66.66666666666666
328.0, 47.62073444326366
329.0, 50.0
330.0, 50.817073170731696
331.0, 52.379265556736335
332.0, 70.59080962800877
333.0, 68.09116809116811
334.0, 38.56535600425079
335.0, 51.13684388470968
336.0, 52.223140495867796
337.0, 52.74644433545856
338.0, 52.74644433545856
339.0, 55.17270861833107
340.0, 43.875227686703106
341.0, 48.59943004100925
342.0, 54.99776885319053
343.0, 54.45508100147276
344.0, 54.455081001472756
345.0, 53.534670573210114
346.0, 46.72968652255509
347.0, 46.22509121526803
348.0, 57.647882394119726
349.0, 47.05753664406038
350.0, 43.47779215178953
351.0, 40.84433270479782
352.0, 46.8367539069855
353.0, 38.54198946389833
354.0, 56.124772313296916
355.0, 39.4221141467601
356.0, 39.4221141467601
357.0, 41.505859237948194
358.0, 47.9
359.0, 44.185644277889885
360.0, 51.19890521806389
361.0, 49.166408428881304
362.0, 51.306428663820974
363.0, 48.181203515889116
364.0, 47.74539363484087
365.0, 46.90317909563614
366.0, 42.85613090599986
367.0, 50.0
368.0, 39.99801646335416
369.0, 54.544225047335686
370.0, 50.0
371.0, 49.05978108335673
372.0, 35.70669500531348
373.0, 46.872820274354766
374.0, 31.994047619047592
375.0, 31.994047619047592
376.0, 34.76714100905559
377.0, 31.994047619047592
378.0, 34.77838887091555
379.0, 44.439851178172795
380.0, 39.99255952380952
381.0, 62.49225046497211
382.0, 46.15164520743919
383.0, 57.574391343552776
384.0, 51.35732957973054
385.0, 44.73375097885669
386.0, 52.273879966187685
387.0, 52.273879966187685
388.0, 42.59539881526382
389.0, 58.11218335343788
390.0, 54.43502824858758
391.0, 56.58216697660761
392.0, 51.805717358186214
393.0, 54.02239890570233
394.0, 57.78034873150979
395.0, 51.136651736668654
396.0, 62.373904719829184
397.0, 57.73211684428428
398.0, 61.534689874969345
399.0, 57.14502542308568
400.0, 47.47596153846153
401.0, 50.0
402.0, 57.57530233606249
403.0, 47.499535229596574
404.0, 54.87439920195883
405.0, 47.36594911937379
406.0, 52.32618471117262
407.0, 52.87631421489016
408.0, 47.12368578510984
409.0, 55.436100557756035
410.0, 44.59853281077277
411.0, 54.215572081354736
412.0, 50.0
413.0, 57.313865965357756
414.0, 63.511204904029725
415.0, 63.511204904029725
416.0, 68.96315924437985
417.0, 69.31722156498225
418.0, 54.00059488399762
419.0, 64.1286776592305
420.0, 61.465757669662196
421.0, 65.42231491136599
422.0, 67.96417996677977
423.0, 65.26505363714665
424.0, 63.91871165644169
425.0, 54.9452345921203
426.0, 60.00175008750438
427.0, 62.6399673069064
428.0, 64.44628099173553
429.0, 73.10913864233028
430.0, 68.65802127349554
431.0, 63.52786066199429
432.0, 73.07047649453266
433.0, 72.17549068118092
434.0, 76.06880849987351
435.0, 69.04833685056776
436.0, 71.48252154546334
437.0, 62.01394943330425
438.0, 57.004327616605245
439.0, 60.25412960609911
440.0, 69.73293768545993
441.0, 53.70779077466343
442.0, 52.968439638049
443.0, 37.72647574517827
444.0, 37.01653380572778
445.0, 39.86352455764502
446.0, 41.18370358226086
447.0, 39.85750209555742
448.0, 43.6680537018136
449.0, 46.247480229492965
450.0, 51.415557112824104
451.0, 47.60267306818921
452.0, 50.0
453.0, 50.46079779917469
454.0, 33.57004519044544
455.0, 62.83138918345704
456.0, 67.0736471967181
457.0, 76.81727529055772
458.0, 65.88804341414502
459.0, 64.84052750827863
460.0, 58.866033755274266
461.0, 60.81101452188333
462.0, 54.66534457114527
463.0, 62.43066683101195
464.0, 60.692945879723176
465.0, 55.850474683544306
466.0, 62.558155928380096
467.0, 65.19787708033023
468.0, 66.38184752682048
469.0, 68.36132952108649
470.0, 62.14812095886157
471.0, 56.91328662338497
472.0, 64.99585749792874
473.0, 63.103672307644715
474.0, 68.66403162055337
475.0, 66.88129809085348
476.0, 65.74466738401165
477.0, 60.148742682522744
478.0, 59.94967808776734
479.0, 68.07849069288625
480.0, 63.549563381633234
481.0, 55.74091754183206
482.0, 53.87274155538099
483.0, 43.68286445012788
484.0, 53.13836820409115
485.0, 53.138368204091165
486.0, 28.10719131614654
487.0, 38.558711873281844
488.0, 31.83875234978764
489.0, 34.581972339981945
490.0, 40.42872963138742
491.0, 39.360860623319105
492.0, 33.690802348336604
493.0, 43.273364113994596
494.0, 42.38822863610639
495.0, 87.84722222222223
496.0, 85.82516008754153
497.0, 85.71019999591428
498.0, 85.86611707179082
499.0, 86.12846292660677
500.0, 94.91019850856001
501.0, 94.80789422932693
502.0, 95.68320724879258
503.0, 95.68385290912587
504.0, 93.50730951283876
505.0, 93.77244754363487
506.0, 95.42431046900816
507.0, 95.33920248575866
508.0, 94.5073955540178
509.0, 68.62527716186247
510.0, 79.01678657074336
511.0, 77.9319041614123
512.0, 72.40051347881894
513.0, 70.38567493112947
514.0, 53.164556962025316
515.0, 47.610619469026524
516.0, 43.076923076923116
517.0, 35.60311284046695
518.0, 54.115226337448554
519.0, 55.40000000000004
520.0, 45.48944337811909
521.0, 47.504621072088696
522.0, 51.09343936381708
523.0, 52.772073921971284
524.0, 62.171052631578966
525.0, 63.022508038585194
526.0, 70.72419106317412
527.0, 68.06722689075627
528.0, 81.68067226890753
529.0, 82.8346456692913
530.0, 83.9705882352941
531.0, 90.33942558746742
532.0, 89.42857142857147
533.0, 93.44552701505759
534.0, 90.79173838209988
535.0, 91.87547456340172
536.0, 92.03869047619052
537.0, 93.5261707988981
538.0, 94.17596034696409
539.0, 86.8011527377522
540.0, 86.27098321342929
541.0, 86.27098321342929
542.0, 88.09152366094646
543.0, 72.18309859154931
544.0, 68.19939836699615
545.0, 67.06720071206055
546.0, 67.05253784505791
547.0, 57.67769940314705
548.0, 61.50392817059483
549.0, 57.1517801374141
550.0, 55.91939546599498
551.0, 56.30461922596755
552.0, 50.94604064470919
553.0, 58.81924198250731
554.0, 56.63157894736844
555.0, 50.43749999999998
556.0, 36.85446009389671
557.0, 43.21100917431195
558.0, 53.11926605504585
559.0, 50.611476952022564
560.0, 49.388523047977436
561.0, 48.74651810584956
562.0, 50.93333333333332
563.0, 44.0894568690096
564.0, 46.32237871674492
565.0, 40.65743944636678
566.0, 30.348727615457094
567.0, 49.06960716747069
568.0, 42.38095238095235
569.0, 47.30897009966777
570.0, 46.90382081686429
571.0, 55.12528473804101
572.0, 54.60829493087559
573.0, 51.9736842105263
574.0, 49.61618981158409
575.0, 54.15236787920386
576.0, 50.971922246220316
577.0, 57.25741780272657
578.0, 59.250764525993915
579.0, 57.639939485627856
580.0, 57.03592814371257
581.0, 31.73913043478258
582.0, 55.18134715025909
583.0, 46.35473340587597
584.0, 46.35473340587592
585.0, 47.10300429184551
586.0, 38.14773980154355
587.0, 41.8379685610641
588.0, 47.18217562254254
589.0, 42.26361031518631
590.0, 41.43258426966295
591.0, 40.93484419263455
592.0, 31.074380165289256
593.0, 32.52595155709345
594.0, 50.0
595.0, 49.0136570561457
596.0, 31.18811881188124
597.0, 40.47109207708779
598.0, 45.553145336225604
599.0, 37.577002053388085
600.0, 50.0
601.0, 47.38955823293168
602.0, 48.6274509803922
603.0, 41.6666666666666
604.0, 30.166880616174552
605.0, 42.18916046758764
606.0, 46.718903036238956
607.0, 52.36427320490367
608.0, 43.63807728557966
609.0, 43.63807728557961
610.0, 50.62082139446035
611.0, 51.01058710298363
612.0, 53.388278388278366
613.0, 65.68848758465009
614.0, 67.02819956616051
615.0, 59.461193072482374
616.0, 60.524672079950015
617.0, 59.96287128712872
618.0, 72.18406593406594
619.0, 72.90969899665552
620.0, 62.50000000000001
621.0, 56.40862944162437
622.0, 62.095808383233525
623.0, 63.11625076080342
624.0, 56.69199298655758
625.0, 64.94796594134343
626.0, 58.303411131059256
627.0, 49.33985330073349
628.0, 48.329177057356596
629.0, 53.743760399334434
630.0, 51.51515151515154
631.0, 49.28884026258208
632.0, 51.38961719979026
633.0, 46.10465116279071
634.0, 53.846153846153854
635.0, 51.80428134556575
636.0, 48.69791666666667
637.0, 49.11359159553511
638.0, 54.54545454545451
639.0, 36.75889328063241
640.0, 43.713278495887174
641.0, 45.812807881773445
642.0, 36.969696969696976
643.0, 43.416757344940144
644.0, 49.34934934934931
645.0, 60.70615034168562
646.0, 51.88284518828447
647.0, 42.77180406212663
648.0, 39.82412060301507
649.0, 56.589147286821714
650.0, 45.98108747044915
651.0, 50.0
652.0, 48.009367681498844
653.0, 46.86046511627908
654.0, 54.92662473794554
655.0, 51.32223310479918
656.0, 52.716297786720304
657.0, 52.04081632653062
658.0, 44.2553191489362
659.0, 40.60475161987042
660.0, 63.0872483221477
661.0, 69.32153392330386
662.0, 60.54866100587849
663.0, 57.554462403373165
664.0, 59.261939218523885
665.0, 64.72431077694236
666.0, 60.19813519813517
667.0, 57.04030922142463
668.0, 59.73084886128364
669.0, 56.763403836694536
670.0, 62.675101671938506
671.0, 61.32958801498126
672.0, 59.84467793513014
673.0, 60.58225508317925
674.0, 50.0
675.0, 49.62187318208259
676.0, 53.81703470031544
677.0, 48.08242701774473
678.0, 50.0
679.0, 40.65323141070186
680.0, 44.82758620689654
681.0, 48.87218045112777
682.0, 47.10458081244593
683.0, 55.16194331983803
684.0, 41.32450331125841
685.0, 34.836527621195046
686.0, 49.409237379162256
687.0, 42.460684551341394
688.0, 40.364333652924294
689.0, 50.0
690.0, 42.88732394366199
691.0, 52.03619909502255
692.0, 50.07256894049346
693.0, 50.58651026392964
694.0, 78.2299741602067
695.0, 63.155149934810936
696.0, 59.77382875605815
697.0, 59.13692061800745
698.0, 60.41290322580644
699.0, 62.14494292540484
700.0, 58.80773361976367
701.0, 62.00549450549452
702.0, 61.28219484882418
703.0, 59.620437956204384
704.0, 66.02351522460054
705.0, 60.63829787234044
706.0, 62.37738026543567
707.0, 63.78783671202443
708.0, 27.46718522119592
709.0, 42.70597127739989
710.0, 42.41741741741742
711.0, 48.39718530101642
712.0, 47.28434504792336
713.0, 37.39734680985472
714.0, 35.3432835820896
715.0, 46.065737051792816
716.0, 92.87874802735402
717.0, 74.25528549586123
718.0, 79.32596638299674
719.0, 82.33816645735814
720.0, 79.57159710957086
721.0, 73.22885725016218
722.0, 71.97073923693836
723.0, 72.53585998157652
724.0, 68.88708367181154
725.0, 65.9450707603742
726.0, 63.92667406153306
727.0, 64.03508771929825
728.0, 64.72303206997084
729.0, 63.188405797101446
730.0, 39.631336405529936
731.0, 46.23655913978493
732.0, 24.516129032258036
733.0, 7.874015748031454
734.0, 10.743801652892515
735.0, 13.265306122448933
736.0, 25.714285714285666
737.0, 24.271844660194134
738.0, 30.68181818181813
739.0, 36.48648648648644
740.0, 42.18749999999996
741.0, 42.18749999999995
742.0, 39.344262295081926
743.0, 42.10526315789468
744.0, 45.283018867924476
745.0, 56.862745098039184
746.0, 80.57793831619891
747.0, 75.67567567567563
748.0, 74.28571428571423
749.0, 79.5454545454545
750.0, 78.57142857142854
751.0, 84.74576271186439
752.0, 86.15384615384613
753.0, 88.46153846153844
754.0, 90.81632653061223
755.0, 94.05940594059405
756.0, 93.13725490196076
757.0, 95.65217391304346
758.0, 92.43697478991595
759.0, 92.50062494792098
760.0, 90.23002519710637
761.0, 90.23735977889771
762.0, 90.4697667036978
763.0, 90.39353703407453
764.0, 82.10860022760524
765.0, 78.42579886296801
766.0, 77.99440111977601
767.0, 70.64768528580743
768.0, 56.24843789052734
769.0, 49.99999999999997
770.0, 50.64918203064138
771.0, 35.298441634813244
772.0, 38.46508766533367
773.0, 31.66138976837189
774.0, 33.333333333333286
775.0, 47.82608695652172
776.0, 53.24675324675324
777.0, 45.205479452054774
778.0, 74.35897435897436
779.0, 65.90909090909089
780.0, 62.30769230769228
781.0, 60.902255639097724
782.0, 62.790697674418595
783.0, 67.1641791044776
784.0, 68.79432624113474
785.0, 72.46376811594203
786.0, 71.22302158273382
787.0, 65.56291390728478
788.0, 68.75
789.0, 62.33766233766234
790.0, 57.53424657534246
791.0, 59.722222222222214
792.0, 43.13725490196077
793.0, 52.22222222222223
794.0, 35.33834586466166
795.0, 39.06249999999998
796.0, 42.63565891472868
797.0, 37.09677419354839
798.0, 34.45378151260506
799.0, 31.732776617954073
800.0, 34.897959183673464
801.0, 38.340807174887885
802.0, 33.830606352261796
803.0, 35.45491224530966
804.0, 33.38081671415004
805.0, 34.00752587017875
806.0, 22.718720602069624
807.0, 20.47434656340758
808.0, 40.119250425894386
809.0, 40.72512647554809
810.0, 31.239804241435564
811.0, 41.57733537519142
812.0, 36.296723913984714
813.0, 48.56087620988283
814.0, 45.98823214763306
815.0, 48.14264487369986
816.0, 49.75788509357412
817.0, 47.4064837905237
818.0, 56.161007667031775
819.0, 57.329424307036234
820.0, 72.20988339811214
821.0, 68.4113624408206
822.0, 68.65866388308976
823.0, 68.82139148494288
824.0, 71.60994057266345
825.0, 68.16048448145344
826.0, 64.26837972876515
827.0, 56.141580515156825
828.0, 44.93194323776427
829.0, 46.2928964835475
830.0, 41.51929878517607
831.0, 50.0
832.0, 41.79104477611938
833.0, 35.13596089214788
834.0, 31.272256393654914
835.0, 30.842911877394656
836.0, 27.364185110663968
837.0, 32.9826732673267
838.0, 35.158311345646396
839.0, 31.99759867927358
840.0, 37.64124293785308
841.0, 40.77800134138163
842.0, 52.14408233276159
843.0, 48.85426214482129
844.0, 39.04761904761907
845.0, 31.698389458272345
846.0, 33.53339787028075
847.0, 38.76215036699065
848.0, 24.81675392670155
849.0, 36.763732627399065
850.0, 44.927953890489896
851.0, 44.15546464056107
852.0, 49.3372216330859
853.0, 45.702357563850704
854.0, 48.244382022471925
855.0, 48.2443820224719
856.0, 50.0
857.0, 46.33277451802178
858.0, 57.40584003385525
859.0, 59.942554131683586
860.0, 62.72107270835741
861.0, 60.30826283462741
862.0, 70.64464571124134
863.0, 68.14108123735183
864.0, 53.533370723499736
865.0, 46.17034313725492
866.0, 50.70145903479236
867.0, 50.70145903479236
868.0, 43.268712977921375
869.0, 40.31543995572774
870.0, 41.129912663755455
871.0, 40.06380433337765
872.0, 32.84182305630024
873.0, 34.804630969609235
874.0, 33.35644937586683
875.0, 34.30813124108414
876.0, 32.42368828245884
877.0, 30.362318840579704
878.0, 34.97495826377293
879.0, 54.87849554280131
880.0, 36.34501593081475
881.0, 49.42449355432782
882.0, 55.96089651883645
883.0, 56.67791706846672
884.0, 53.74812593703147
885.0, 58.86699507389162
886.0, 57.79275484414492
887.0, 58.31946755407655
888.0, 61.749596359900195
889.0, 55.988820867713635
890.0, 54.88584474885845
891.0, 54.53720508166971
892.0, 53.90825217837007
893.0, 37.929249352890416
894.0, 53.662109374999986
895.0, 35.465116279069775
896.0, 19.965675057208216
897.0, 39.72425678586813
898.0, 32.41912798874823
899.0, 46.07190412782955
900.0, 39.97167868177135
901.0, 42.4747100912904
902.0, 48.21765685730151
903.0, 53.51947442515249
904.0, 52.59395895780494
905.0, 57.7930174563591
906.0, 56.55887736424649
907.0, 48.59075535512966
908.0, 48.13849590469099
909.0, 48.59075535512963
910.0, 45.59238363892807
911.0, 36.896235078053266
912.0, 50.85940185630801
913.0, 43.57772360772548
914.0, 44.0652256351915
915.0, 38.212927756653976
916.0, 31.451612903225808
917.0, 35.84905660377359
918.0, 43.24324324324325
919.0, 35.81526861451461
920.0, 36.89320388349514
921.0, 38.38383838383839
922.0, 47.10442316461468
923.0, 41.893097574823585
924.0, 53.29815303430079
925.0, 53.74127036913867
926.0, 50.0
927.0, 55.495434562056154
928.0, 61.132882080513006
929.0, 61.68224299065422
930.0, 63.3912079793129
931.0, 64.13318856315598
932.0, 63.72620790629575
933.0, 57.468229080706394
934.0, 68.23649859227031
935.0, 71.91799298624224
936.0, 71.20531083604178
937.0, 78.62432246736392
938.0, 76.20660457239626
939.0, 75.00000000000001
940.0, 72.94128258320555
941.0, 73.91304347826087
942.0, 74.35897435897436
943.0, 71.9067691544756
944.0, 76.55538694992414
945.0, 64.049056119173
946.0, 64.33303605554849
947.0, 72.09451741861794
948.0, 62.478402764446145
949.0, 60.72961373390559
950.0, 57.57056451612904
951.0, 57.56200846944948
952.0, 56.48001582904631
953.0, 61.26851255634257
954.0, 60.58842547688331
955.0, 51.847745750184764
956.0, 53.00553017552298
957.0, 62.92646877694296
958.0, 41.692307692307686
959.0, 66.73640167364019
960.0, 55.02512562814071
961.0, 30.97595473833097
962.0, 53.34608030592735
963.0, 60.38062283737023
964.0, 63.60457724094087
965.0, 63.82306477093206
966.0, 57.46799431009956
967.0, 54.01069518716578
968.0, 47.776726584673604
969.0, 50.0
970.0, 51.68918918918919
971.0, 52.224511387048274
972.0, 56.858407079646014
973.0, 51.30890052356021
974.0, 57.47464834805364
975.0, 62.437810945273625
976.0, 53.3337374227179
977.0, 50.0
978.0, 45.04661193822178
979.0, 46.257994284936714
980.0, 50.74638005672488
981.0, 56.75368037638488
982.0, 62.54390366281986
983.0, 62.8545364073644
984.0, 57.82832934242033
985.0, 54.926666010434104
986.0, 46.98734685679855
987.0, 41.9340383581287
988.0, 24.06446627663098
989.0, 27.386934673366838
990.0, 27.386934673366838
991.0, 23.039215686274517
992.0, 28.132387706855823
993.0, 32.89183222958059
994.0, 31.501057082452434
995.0, 23.760330578512395
996.0, 31.958762886597967
997.0, 28.26086956521739
998.0, 32.982781730075246
999.0, 29.698950287185568
1000.0, 36.631016042780736
1001.0, 50.88953797132238
1002.0, 49.35616791140869
1003.0, 47.52045623605256
1004.0, 44.230325409646895
1005.0, 54.704160568680756
1006.0, 50.0
1007.0, 44.09402315142927
1008.0, 52.918515059537704
1009.0, 62.99314906685565
1010.0, 66.9025987745616
1011.0, 67.2485887518294
1012.0, 62.95456997949714
1013.0, 64.32903296945639
1014.0, 50.49173878835564
1015.0, 50.811022083251906
1016.0, 56.01759296281488
1017.0, 63.461538461538474
1018.0, 64.07144937384717
1019.0, 57.14285714285714
1020.0, 59.090909090909065
1021.0, 53.6082474226804
1022.0, 45.99623667154506
1023.0, 43.43589182086939
1024.0, 26.972865322379903
1025.0, 25.108501404135836
1026.0, 25.76630861933458
1027.0, 29.153773711825664
1028.0, 42.54226052369906
1029.0, 53.98194850013273
1030.0, 45.61643835616437
1031.0, 47.60019198464123
1032.0, 43.92161204605847
1033.0, 42.96079705436432
1034.0, 41.18135575625456
1035.0, 43.91188842151872
1036.0, 57.95758502101644
1037.0, 46.71748217359234
1038.0, 48.30508474576271
1039.0, 49.38599402588783
1040.0, 54.19847328244274
1041.0, 52.27272727272727
1042.0, 49.98846420056909
1043.0, 41.379310344827594
1044.0, 47.32142857142859
1045.0, 40.0
1046.0, 44.93877092461521
1047.0, 45.97701149425286
1048.0, 53.84023733655643
1049.0, 56.179775280898866
1050.0, 42.64705882352941
1051.0, 66.66666666666661
1052.0, 62.06896551724138
1053.0, 56.28782784129116
1054.0, 42.30769230769231
1055.0, 54.237288135593204
1056.0, 55.21048999309868
1057.0, 58.18181818181816
1058.0, 46.55172413793103
1059.0, 48.275862068965516
1060.0, 57.377049180327866
1061.0, 52.23880597014927
1062.0, 52.23167636960737
1063.0, 44.73545669913133
1064.0, 44.73545669913133
1065.0, 43.99839957321952
1066.0, 49.27515221803423
1067.0, 50.0
1068.0, 53.125976867771186
1069.0, 39.340767464742534
1070.0, 38.085410382600394
1071.0, 32.42768315761015
1072.0, 41.66435120866906
1073.0, 40.27507641011391
1074.0, 32.83069573006868
1075.0, 36.06100360774022
1076.0, 36.07148712903759
1077.0, 37.93103448275864
1078.0, 40.00000000000001
1079.0, 45.45454545454546
1080.0, 43.283582089552226
1081.0, 34.52380952380955
1082.0, 34.52380952380955
1083.0, 43.52941176470587
1084.0, 35.57692307692308
1085.0, 48.623853211009184
1086.0, 43.51851851851852
1087.0, 40.86956521739131
1088.0, 43.10344827586209
1089.0, 46.2139675602992
1090.0, 41.06983389891051
1091.0, 41.95785056108019
1092.0, 42.80834232290544
1093.0, 33.52786144578313
1094.0, 33.84644621816801
1095.0, 45.01329787234042
1096.0, 43.27722139356487
1097.0, 38.436632747456095
1098.0, 51.558381144363445
1099.0, 35.87848932676518
1100.0, 44.73462510530753
1101.0, 54.94071146245059
1102.0, 38.88439773645915
1103.0, 37.636626108475944
1104.0, 36.13861386138613
1105.0, 42.30206810110716
1106.0, 35.18204911092293
1107.0, 41.30218687872764
1108.0, 45.15033947623666
1109.0, 35.617154811715494
1110.0, 39.341421143847505
1111.0, 35.135135135135144
1112.0, 41.44913393510611
1113.0, 46.38069705093833
1114.0, 36.170212765957416
1115.0, 32.0
1116.0, 33.33333333333333
1117.0, 27.272727272727252
1118.0, 27.90697674418601
1119.0, 22.22222222222217
1120.0, 15.873015873015817
1121.0, 14.492753623188378
1122.0, 16.90140845070418
1123.0, 15.789473684210492
1124.0, 14.459573442583405
1125.0, 23.58957069004269
1126.0, 23.58957069004272
1127.0, 31.309355425338467
1128.0, 32.28797666180455
1129.0, 32.28797666180455
1130.0, 40.85824908582493
1131.0, 37.62131115072294
1132.0, 41.74597009127987
1133.0, 41.34448932487018
1134.0, 52.245044184380234
1135.0, 56.411900487304436
1136.0, 54.0551500405515
1137.0, 57.1448985424407
1138.0, 63.48626766153359
1139.0, 62.903225806451616
1140.0, 47.2972972972973
1141.0, 34.42622950819671
1142.0, 38.30248457562114
1143.0, 37.08427510494028
1144.0, 29.06807426283214
1145.0, 27.562996202968534
1146.0, 19.265893923428138
1147.0, 25.42773935202038
1148.0, 23.102483385799204
1149.0, 22.005429250084845
1150.0, 37.82796862320804
1151.0, 35.4319736508741
1152.0, 34.98874155616713
1153.0, 24.98123592694523
1154.0, 43.58480882730306
1155.0, 37.769624193907056
1156.0, 36.37603728543824
1157.0, 48.9795918367347
1158.0, 51.45631067961164
1159.0, 53.0
1160.0, 56.565656565656575
1161.0, 55.6701030927835
1162.0, 61.53846153846153
1163.0, 57.657657657657666
1164.0, 44.54545454545455
1165.0, 45.370370370370374
1166.0, 47.74774774774776
1167.0, 52.380952380952394
1168.0, 43.61702127659574
1169.0, 51.21951219512195
1170.0, 50.0
1171.0, 34.21052631578948
1172.0, 35.8974358974359
1173.0, 39.99999999999999
1174.0, 36.76470588235293
1175.0, 40.81211286992432
1176.0, 28.770131771595928
1177.0, 39.28024502297091
1178.0, 43.25463743676222
1179.0, 50.8880994671403
1180.0, 44.575045207956606
1181.0, 35.22550544323485
1182.0, 30.900409276944075
1183.0, 35.31289910600255
1184.0, 26.01128880526811
1185.0, 31.606969990319456
1186.0, 34.764542936288095
1187.0, 37.088156723063236
1188.0, 42.10307564422278
1189.0, 40.79898002549936
1190.0, 40.0
1191.0, 43.30708661417322
1192.0, 41.35338345864661
1193.0, 41.791044776119406
1194.0, 56.64739884393064
1195.0, 50.515463917525764
1196.0, 52.972972972972975
1197.0, 53.22580645161291
1198.0, 58.57988165680474
1199.0, 61.956521739130444
1200.0, 58.62068965517242
1201.0, 51.041666666666664
1202.0, 45.87628865979381
1203.0, 45.0261780104712
1204.0, 45.50264550264551
1205.0, 42.134831460674164
1206.0, 46.706586826347305
1207.0, 47.337278106508876
1208.0, 28.148148148148138
1209.0, 36.53846153846153
1210.0, 41.12149532710279
1211.0, 38.23529411764705
1212.0, 41.37931034482757
1213.0, 28.70967741935482
1214.0, 36.22754491017964
1215.0, 45.48872180451127
1216.0, 57.56302521008404
1217.0, 52.29007633587786
1218.0, 50.0
1219.0, 56.36942675159235
1220.0, 46.610169491525426
1221.0, 39.83050847457627
1222.0, 51.08108108108108
1223.0, 52.162162162162154
1224.0, 51.10497237569061
1225.0, 46.335078534031425
1226.0, 47.45308310991958
1227.0, 44.086021505376344
1228.0, 37.078651685393254
1229.0, 37.49999999999999
1230.0, 45.54455445544555
1231.0, 47.42268041237113
1232.0, 52.272727272727266
1233.0, 43.037974683544306
1234.0, 33.66336633663364
1235.0, 34.69387755102041
1236.0, 24.175824175824175
1237.0, 22.34042553191489
1238.0, 18.27956989247312
1239.0, 28.124999999999986
1240.0, 28.124999999999986
1241.0, 27.0
1242.0, 28.125
1243.0, 29.347826086956516
1244.0, 14.4736842105263
1245.0, 16.0
1246.0, 18.18181818181816
1247.0, 18.666666666666643
1248.0, 42.22222222222221
1249.0, 39.583333333333336
1250.0, 48.93617021276596
1251.0, 51.11111111111112
1252.0, 51.11111111111112
1253.0, 42.105263157894704
1254.0, 45.7142857142857
1255.0, 58.620689655172406
1256.0, 50.0
1257.0, 47.222222222222214
1258.0, 47.222222222222214
1259.0, 36.36363636363632
1260.0, 33.333333333333314
1261.0, 44.897959183673485
1262.0, 41.30434782608696
1263.0, 51.162790697674396
1264.0, 43.902439024390254
1265.0, 46.15384615384617
1266.0, 70.9724238026125
1267.0, 67.20747295968538
1268.0, 62.117540139351725
1269.0, 53.332444681418295
1270.0, 49.38286842754875
1271.0, 55.171225005745804
1272.0, 56.17838687935295
1273.0, 65.90160209067153
1274.0, 65.1685393258427
1275.0, 61.7283950617284
1276.0, 59.25925925925926
1277.0, 60.71428571428573
1278.0, 66.66666666666666
1279.0, 66.66666666666666
1280.0, 53.724436483057154
1281.0, 49.31488078925733
1282.0, 57.89681495130297
1283.0, 52.381519409383195
1284.0, 60.81373344147067
1285.0, 53.62423890982895
1286.0, 60.00250062515631
1287.0, 57.34097879717296
1288.0, 59.74025974025974
1289.0, 52.87356321839081
1290.0, 52.27272727272729
1291.0, 54.83870967741936
1292.0, 51.1571112920107
1293.0, 51.71858834348777
1294.0, 48.91280713198522
1295.0, 54.65224470807164
1296.0, 51.84636285043844
1297.0, 58.33796553640913
1298.0, 62.506253126563294
1299.0, 58.143322475570045
1300.0, 46.1518727552591
1301.0, 40.73616600790515
1302.0, 47.25153913808268
1303.0, 53.660322108345525
1304.0, 53.634146341463406
1305.0, 43.99679829242264
1306.0, 46.84057236925414
1307.0, 51.730481775324826
1308.0, 45.49959546925566
1309.0, 47.86184210526316
1310.0, 43.45956054230949
1311.0, 52.86577549899286
1312.0, 45.343752907247186
1313.0, 48.99477281865701
1314.0, 50.0
1315.0, 55.23669878508589
1316.0, 51.69529837251355
1317.0, 50.56509945750452
1318.0, 47.88099315068494
1319.0, 46.6284523189161
1320.0, 39.727508650519034
1321.0, 40.37227214377407
1322.0, 48.64655839133798
1323.0, 40.07692307692309
1324.0, 43.64093257015218
1325.0, 32.12335367812399
1326.0, 46.97681466888922
1327.0, 41.89189189189189
1328.0, 41.89189189189189
1329.0, 40.27777777777777
1330.0, 35.82089552238807
1331.0, 37.500000000000014
1332.0, 37.95180722891567
1333.0, 46.51162790697674
1334.0, 45.833965700409784
1335.0, 34.58904109589042
1336.0, 38.22650282298241
1337.0, 50.490196078431374
1338.0, 50.089155454692815
1339.0, 53.98089171974522
1340.0, 44.20849420849421
1341.0, 52.886836027713635
1342.0, 57.10723192019952
1343.0, 46.651785714285715
1344.0, 46.651785714285715
1345.0, 41.39525110317293
1346.0, 46.99427480916032
1347.0, 50.65511880968244
1348.0, 56.84026912534262
1349.0, 64.41614608361363
1350.0, 58.77021068103869
1351.0, 53.19799777530588
1352.0, 50.0
1353.0, 50.0
1354.0, 36.258529188779384
1355.0, 50.37447573397243
1356.0, 47.392897406989846
1357.0, 50.0
1358.0, 59.21658986175116
1359.0, 59.06616668682715
1360.0, 61.137839788308874
1361.0, 56.18834670524793
1362.0, 49.42156409069875
1363.0, 49.14505059904618
1364.0, 54.87989612637958
1365.0, 52.76548672566371
1366.0, 55.09049773755656
1367.0, 60.06036217303823
1368.0, 72.27722772277227
1369.0, 66.14987080103359
1370.0, 67.01570680628271
1371.0, 67.90450928381962
1372.0, 62.88343558282208
1373.0, 58.04077010192525
1374.0, 51.315789473684205
1375.0, 59.546016406337785
1376.0, 66.25406351587897
1377.0, 63.86055519690122
1378.0, 60.00285795941697
1379.0, 58.33564879133092
1380.0, 63.8587611472644
1381.0, 50.23189899510436
1382.0, 40.24152232251769
1383.0, 47.83128600934884
1384.0, 46.80851063829787
1385.0, 45.36082474226805
1386.0, 41.75824175824175
1387.0, 51.47717099373321
1388.0, 54.11764705882352
1389.0, 42.11287988422576
1390.0, 38.556974223078775
1391.0, 41.86235759125785
1392.0, 40.048043925875085
1393.0, 36.84487476320774
1394.0, 30.23715415019761
1395.0, 34.460321510589424
1396.0, 39.71777157136555
1397.0, 30.491525423728802
1398.0, 32.720989450709354
1399.0, 32.72098945070934
1400.0, 35.97022676129478
1401.0, 24.78665632273082
1402.0, 25.7817228162195
1403.0, 27.44845360824742
1404.0, 31.508875739644992
1405.0, 23.37593184238554
1406.0, 24.971558589306056
1407.0, 38.2629107981221
1408.0, 47.3297730307076
1409.0, 63.690750115048324
1410.0, 53.88510223953263
1411.0, 46.396965865992414
1412.0, 50.886839304717995
1413.0, 56.6819396716304
1414.0, 43.675921415814265
1415.0, 58.24873096446701
1416.0, 49.466537342386026
1417.0, 52.602132376227175
1418.0, 53.523093447905474
1419.0, 51.5518311607697
1420.0, 51.5518311607697
1421.0, 54.08823529411764
1422.0, 48.77476005717786
1423.0, 38.48912540490514
1424.0, 45.81039023222409
1425.0, 53.5486160397445
1426.0, 48.844464987289115
1427.0, 46.61170092613508
1428.0, 55.65753080211213
1429.0, 41.740997687479364
1430.0, 55.48967940272288
1431.0, 52.42900727528748
1432.0, 57.27848101265822
1433.0, 59.39990623534927
1434.0, 58.01282051282051
1435.0, 50.88377075522227
1436.0, 61.53846153846154
1437.0, 58.53658536585366
1438.0, 57.49999999999999
1439.0, 44.444444444444436
1440.0, 50.0
1441.0, 50.0
1442.0, 30.232558139534902
1443.0, 31.818181818181827
1444.0, 30.43478260869567
1445.0, 27.65957446808511
1446.0, 34.61538461538463
1447.0, 52.29160258382037
1448.0, 44.155844155844164
1449.0, 50.0
1450.0, 44.65334900117508
1451.0, 46.913580246913575
1452.0, 44.15584415584414
1453.0, 44.15584415584416
1454.0, 44.736842105263165
1455.0, 46.57534246575344
1456.0, 58.77988458367684
1457.0, 59.01639344262294
1458.0, 49.321824907521574
1459.0, 56.25703212901613
1460.0, 54.55253929081698
1461.0, 42.629939334317086
1462.0, 50.11565150346953
1463.0, 44.653550042771585
1464.0, 42.909987669543774
1465.0, 45.980707395498406
1466.0, 50.0
1467.0, 49.08692476260043
1468.0, 57.60340632603406
1469.0, 52.06157229246838
1470.0, 56.45986768193734
1471.0, 52.09545292651075
1472.0, 64.23823090489759
1473.0, 52.02821869488535
1474.0, 53.29546955488047
1475.0, 47.6331011686932
1476.0, 49.315570765094115
1477.0, 44.04057480980558
1478.0, 47.406733393994536
1479.0, 51.20598166907862
1480.0, 48.732894069944244
1481.0, 50.0
1482.0, 41.03407053197849
1483.0, 52.90191526407429
1484.0, 47.57751937984495
1485.0, 48.8314271506713
1486.0, 41.26706891076533
1487.0, 48.14746202297148
1488.0, 41.66319299708212
1489.0, 55.81665891112144
1490.0, 55.81665891112144
1491.0, 64.7968087758664
1492.0, 61.89568944986902
1493.0, 57.89473684210528
1494.0, 46.808510638297896
1495.0, 48.88888888888889
1496.0, 45.83333333333333
1497.0, 35.0
1498.0, 29.999999999999986
1499.0, 29.910269192422717
1500.0, 42.10526315789473
1501.0, 43.589743589743584
1502.0, 39.024390243902424
1503.0, 34.210526315789494
1504.0, 36.84210526315792
1505.0, 50.0
1506.0, 55.102040816326536
1507.0, 51.11111111111112
1508.0, 63.888888888888864
1509.0, 56.09756097560974
1510.0, 54.761904761904766
1511.0, 54.761904761904766
1512.0, 46.93877551020408
1513.0, 54.16666666666667
1514.0, 60.70726915520628
1515.0, 53.226847370119394
1516.0, 50.76946752847031
1517.0, 52.239474469991045
1518.0, 52.239474469991045
1519.0, 40.34749034749036
1520.0, 40.34749034749036
1521.0, 37.092610519522424
1522.0, 37.092610519522424
1523.0, 41.3763366678165
1524.0, 48.06520960229308
1525.0, 48.69026548672566
1526.0, 51.886080724255
1527.0, 50.0
1528.0, 38.30713422007255
1529.0, 51.30160399684459
1530.0, 51.888297872340424
1531.0, 45.83564686285397
1532.0, 61.76009408075264
1533.0, 62.99480207916832
1534.0, 60.63377286261164
1535.0, 67.84864350309375
1536.0, 63.34147967118417
1537.0, 54.998000799680135
1538.0, 46.38962015795412
1539.0, 50.417391304347845
1540.0, 54.7187617969045
1541.0, 53.64124185511691
1542.0, 50.67114093959733
1543.0, 46.818472015322406
1544.0, 55.274067250115166
1545.0, 57.14285714285715
1546.0, 30.757400999615555
1547.0, 32.01438848920867
1548.0, 32.01438848920867
1549.0, 26.77139037433156
1550.0, 36.5739188736172
1551.0, 42.254066615027114
1552.0, 57.20461095100864
1553.0, 33.96551724137933
1554.0, 44.731296101159124
1555.0, 44.94441503440973
1556.0, 52.47524752475247
1557.0, 54.71698113207547
1558.0, 47.52475247524753
1559.0, 45.28301886792454
1560.0, 43.262730959891854
1561.0, 45.68593615185506
1562.0, 47.9321753515302
1563.0, 57.14990138067062
1564.0, 50.0
1565.0, 53.052503052503056
1566.0, 58.16104461371054
1567.0, 60.056179775280896
1568.0, 44.51152579582876
1569.0, 44.781888459414716
1570.0, 36.21001810500905
1571.0, 51.9108280254777
1572.0, 52.291475710357474
1573.0, 45.970991136180494
1574.0, 59.069920844327164
1575.0, 47.20826353992183
1576.0, 50.52328623757195
1577.0, 57.17360114777617
1578.0, 52.19384413883432
1579.0, 56.276150627615046
1580.0, 54.35684647302903
1581.0, 52.09292591042278
1582.0, 60.04419445560466
1583.0, 58.573388203017835
1584.0, 60.220460259137504
1585.0, 56.51162790697675
1586.0, 57.31132075471698
1587.0, 65.27717154081189
1588.0, 64.10198555956681
1589.0, 71.3460572576595
1590.0, 63.444951801116204
1591.0, 58.61573808156235
1592.0, 62.168748096253424
1593.0, 56.44847699287105
1594.0, 59.1365156582548
1595.0, 54.17827298050137
1596.0, 54.17827298050138
1597.0, 56.13275613275612
1598.0, 47.693920335429794
1599.0, 52.3854961832061
1600.0, 52.61140392908482
1601.0, 47.47219413549039
1602.0, 41.56355455568053
1603.0, 48.632385120350115
1604.0, 51.44675925925927
1605.0, 44.03169886082219
1606.0, 45.695194037522505
1607.0, 55.54818744473918
1608.0, 50.27285129604365
1609.0, 50.192962542565276
1610.0, 49.98860268976522
1611.0, 48.3678870754301
1612.0, 48.625277161862535
1613.0, 43.95258829221092
1614.0, 43.95258829221092
1615.0, 45.042141794744666
1616.0, 45.042141794744666
1617.0, 47.76154571159285
1618.0, 53.25678957827336
1619.0, 62.117472852912165
1620.0, 55.97064709806536
1621.0, 47.3432518597237
1622.0, 51.89131592967501
1623.0, 62.57629296498556
1624.0, 51.78382197103496
1625.0, 54.61997019374067
1626.0, 62.864493996569436
1627.0, 52.055921052631575
1628.0, 58.82768361581921
1629.0, 58.82768361581921
1630.0, 59.681881051175665
1631.0, 49.79524979524977
1632.0, 45.680106335844016
1633.0, 41.137272323411814
1634.0, 41.08251996450754
1635.0, 55.71142284569138
1636.0, 52.35273614499827
1637.0, 50.0
1638.0, 53.56633380884452
1639.0, 53.56633380884452
1640.0, 53.56633380884452
1641.0, 59.98402555910543
1642.0, 54.53720508166969
1643.0, 52.17013888888889
1644.0, 48.600746268656714
1645.0, 43.70805369127517
1646.0, 41.24343257443082
1647.0, 41.225382932166305
1648.0, 55.30785562632696
1649.0, 32.20611916264092
1650.0, 46.63557628247835
1651.0, 46.666666666666664
1652.0, 38.888888888888886
1653.0, 42.10526315789474
1654.0, 38.424591738712785
1655.0, 45.769881556683586
1656.0, 43.37455830388692
1657.0, 45.37892791127541
1658.0, 41.53976311336717
1659.0, 47.57751937984496
1660.0, 44.90835030549898
1661.0, 47.317596566523605
1662.0, 41.952789699570815
1663.0, 41.952789699570815
1664.0, 28.966346153846146
1665.0, 37.21227621483376
1666.0, 59.01442307692308
1667.0, 56.393861892583125
1668.0, 63.82054992764109
1669.0, 54.54545454545455
1670.0, 46.15384615384615
1671.0, 46.15384615384615
1672.0, 68.75
1673.0, 73.68421052631578
1674.0, 74.3983614951357
1675.0, 89.79591836734693
1676.0, 85.38715311469045
1677.0, 75.42536397123311
1678.0, 79.26362766974816
1679.0, 78.01793147614472
1680.0, 76.73669942392408
1681.0, 76.74851820491108
1682.0, 75.9892689470154
1683.0, 76.38522427440631
1684.0, 72.21702525724976
1685.0, 73.15456462789996
1686.0, 71.61968466316291
1687.0, 70.9866492999023
1688.0, 72.20402433317733
1689.0, 51.92878338278931
1690.0, 48.088933300025005
1691.0, 46.396722101711255
1692.0, 49.17733089579524
1693.0, 27.226720647773277
1694.0, 28.153884586560082
1695.0, 47.4463225216994
1696.0, 44.43778880711963
1697.0, 38.04721350664874
1698.0, 39.06873274010433
1699.0, 37.13392312385601
1700.0, 38.804751299183366
1701.0, 37.77413098612562
1702.0, 34.55764465821311
1703.0, 34.231726966456705
1704.0, 33.766796705678374
1705.0, 36.80476945136216
1706.0, 32.19200259025416
