15.0, 44.70046082949308
16.0, 44.39359267734554
17.0, 40.68965517241379
18.0, 36.91931540342298
19.0, 21.23655913978493
20.0, 44.1904761904762
21.0, 36.24999999999999
22.0, 35.85780525502318
23.0, 37.025796661608496
24.0, 36.52694610778442
25.0, 30.08631319358817
26.0, 29.756097560975604
27.0, 27.49706227967097
28.0, 27.24097788125728
29.0, 28.536585365853654
30.0, 29.104477611940297
31.0, 30.625
32.0, 28.588516746411486
33.0, 28.82991556091676
34.0, 8.235294117647044
35.0, 10.053859964093348
36.0, 10.894941634241235
37.0, 2.3109243697478803
38.0, 2.4017467248908275
39.0, 40.89979550102249
40.0, 37.87878787878788
41.0, 45.540796963946875
42.0, 45.368620037807176
43.0, 47.692307692307686
44.0, 46.70433145009416
45.0, 44.13407821229051
46.0, 45.48944337811901
47.0, 49.90215264187867
48.0, 55.95238095238095
49.0, 60.680529300567116
50.0, 63.63636363636363
51.0, 72.28739002932551
52.0, 70.3281027104137
53.0, 60.68052930056712
54.0, 73.38551859099805
55.0, 72.18813905930472
56.0, 75.69169960474309
57.0, 59.241706161137444
58.0, 63.97415185783522
59.0, 69.16167664670658
60.0, 71.07692307692308
61.0, 67.27272727272728
62.0, 69.09871244635194
63.0, 64.44121915820031
64.0, 63.32335329341319
65.0, 50.27624309392266
66.0, 57.94392523364487
67.0, 55.8095238095238
68.0, 52.06611570247935
69.0, 47.1774193548387
70.0, 44.72573839662447
71.0, 60.398860398860414
72.0, 51.76151761517616
73.0, 46.546546546546566
74.0, 45.85798816568048
75.0, 55.459770114942536
76.0, 43.34470989761092
77.0, 45.35714285714283
78.0, 43.29896907216495
79.0, 44.36619718309859
80.0, 34.230769230769255
81.0, 41.007194244604335
82.0, 36.20071684587816
83.0, 37.26937269372696
84.0, 34.57249070631971
85.0, 33.81818181818183
86.0, 41.393442622950836
87.0, 33.177570093457945
88.0, 31.981981981981974
89.0, 20.5263157894737
90.0, 18.22429906542058
91.0, 26.72811059907835
92.0, 27.75119617224881
93.0, 39.81900452488685
94.0, 39.639639639639654
95.0, 35.576923076923066
96.0, 38.14432989690718
97.0, 45.25139664804469
98.0, 41.116751269035525
99.0, 48.14814814814813
100.0, 44.14893617021274
101.0, 37.0535714285714
102.0, 41.74757281553397
103.0, 37.914691943127934
104.0, 47.54098360655737
105.0, 39.53488372093022
106.0, 51.45631067961166
107.0, 43.82022471910115
108.0, 41.05263157894736
109.0, 36.021505376344095
110.0, 33.83838383838382
111.0, 30.92783505154638
112.0, 30.612244897959187
113.0, 24.39024390243904
114.0, 22.421524663677147
115.0, 27.513227513227505
116.0, 23.55769230769232
117.0, 23.004694835680752
118.0, 44.78114478114477
119.0, 52.000000000000014
120.0, 40.809968847352
121.0, 38.50746268656718
122.0, 42.12218649517685
123.0, 40.55727554179566
124.0, 41.71974522292994
125.0, 43.573667711598745
126.0, 45.72368421052632
127.0, 46.64429530201341
128.0, 49.29078014184395
129.0, 47.90209790209789
130.0, 51.119402985074636
131.0, 54.150197628458514
132.0, 26.589595375722553
133.0, 6.535947712418292
134.0, 8.333333333333314
135.0, 9.433962264150907
136.0, 7.272727272727266
137.0, 7.407407407407419
138.0, 6.15384615384616
139.0, 15.86206896551721
140.0, 14.935064935064915
141.0, 14.935064935064915
142.0, 14.838709677419345
143.0, 14.024390243902417
144.0, 13.529411764705856
145.0, 11.675126903553277
146.0, 15.979381443298948
147.0, 18.33333333333333
148.0, 21.505376344086002
149.0, 14.285714285714278
150.0, 12.46105919003115
151.0, 19.75683890577507
152.0, 22.402597402597394
153.0, 15.181518151815183
154.0, 15.699658703071677
155.0, 15.488215488215488
156.0, 15.43624161073825
157.0, 15.231788079470192
158.0, 27.64705882352942
159.0, 27.81065088757397
160.0, 26.50602409638556
161.0, 24.927536231884062
162.0, 25.574712643678183
163.0, 42.807017543859665
164.0, 46.564885496183216
165.0, 38.955823293172706
166.0, 38.70967741935486
167.0, 39.18367346938777
168.0, 59.237536656891486
169.0, 66.93766937669375
170.0, 61.44278606965173
171.0, 58.11764705882353
172.0, 53.157894736842096
173.0, 57.1830985915493
174.0, 58.69565217391303
175.0, 63.56382978723405
176.0, 69.0744920993228
177.0, 71.33891213389121
178.0, 74.13043478260869
179.0, 73.01927194860815
180.0, 71.61016949152543
181.0, 74.07407407407408
182.0, 63.76021798365124
183.0, 54.15472779369628
184.0, 59.06250000000001
185.0, 70.52980132450331
186.0, 70.23411371237458
187.0, 65.93059936908519
188.0, 63.81578947368421
189.0, 60.42402826855124
190.0, 52.136752136752136
191.0, 21.09374999999997
192.0, 19.852941176470566
193.0, 20.61068702290075
194.0, 20.532319391634957
195.0, 21.1320754716981
196.0, 21.292775665399233
197.0, 24.050632911392412
198.0, 25.67567567567569
199.0, 16.582914572864354
200.0, 20.95238095238099
201.0, 23.437500000000014
202.0, 23.43750000000003
203.0, 48.58156028368794
204.0, 39.35018050541516
205.0, 55.897435897435905
206.0, 56.77083333333332
207.0, 52.15311004784689
208.0, 51.17370892018781
209.0, 62.45487364620939
210.0, 69.53642384105962
211.0, 73.41040462427746
212.0, 66.84210526315789
213.0, 64.30379746835445
214.0, 60.90225563909774
215.0, 60.19900497512438
216.0, 61.46341463414634
217.0, 53.801169590643276
218.0, 56.61538461538463
219.0, 62.0
220.0, 71.06598984771574
221.0, 79.39110070257611
222.0, 82.95454545454545
223.0, 72.0873786407767
224.0, 67.70833333333334
225.0, 58.9041095890411
226.0, 65.16516516516518
227.0, 69.69696969696969
228.0, 67.2514619883041
229.0, 65.52706552706556
230.0, 70.7729468599034
231.0, 70.41564792176041
232.0, 76.1904761904762
233.0, 72.66811279826466
234.0, 63.70023419203748
235.0, 58.66666666666668
236.0, 56.460674157303366
237.0, 58.26086956521741
238.0, 61.318051575931236
239.0, 62.39067055393588
240.0, 59.718309859154935
241.0, 60.05586592178773
242.0, 68.04407713498625
243.0, 72.6063829787234
244.0, 73.17708333333334
245.0, 74.25
246.0, 58.96739130434783
247.0, 57.71276595744681
248.0, 61.4730878186969
249.0, 63.04347826086958
250.0, 59.055118110236215
251.0, 62.326869806094166
252.0, 59.05292479108635
253.0, 61.271676300578015
254.0, 57.45257452574527
255.0, 60.74999999999999
256.0, 55.96816976127321
257.0, 50.82417582417583
258.0, 38.90784982935151
259.0, 28.417266187050345
260.0, 30.038022813688215
261.0, 34.26294820717126
262.0, 33.858267716535394
263.0, 33.333333333333314
264.0, 40.8
265.0, 54.12541254125413
266.0, 51.73501577287065
267.0, 51.09034267912773
268.0, 60.91205211726386
269.0, 56.52173913043481
270.0, 62.75167785234901
271.0, 67.65676567656767
272.0, 65.87837837837837
273.0, 68.42105263157893
274.0, 71.42857142857144
275.0, 72.43816254416964
276.0, 71.9298245614035
277.0, 69.2883895131086
278.0, 62.78195488721804
279.0, 57.69230769230772
280.0, 69.29460580912863
281.0, 71.98275862068965
282.0, 59.25925925925925
283.0, 47.4074074074074
284.0, 33.91608391608392
285.0, 36.999999999999986
286.0, 41.87500000000001
287.0, 40.72948328267478
288.0, 45.962732919254634
289.0, 49.27113702623905
290.0, 52.19941348973607
291.0, 46.71916010498687
292.0, 47.08994708994708
293.0, 45.65217391304348
294.0, 49.23857868020306
295.0, 44.29223744292237
296.0, 50.23696682464455
297.0, 51.707317073170735
298.0, 59.94694960212202
299.0, 56.069364161849705
300.0, 50.59171597633136
301.0, 56.68604651162789
302.0, 54.98489425981874
303.0, 47.368421052631575
304.0, 45.608108108108105
305.0, 46.551724137931046
306.0, 39.017341040462426
307.0, 37.75811209439528
308.0, 23.809523809523782
309.0, 31.00775193798448
310.0, 22.222222222222214
311.0, 27.90697674418601
312.0, 23.015873015873012
313.0, 29.56204379562044
314.0, 35.740072202166075
315.0, 29.644268774703562
316.0, 30.196078431372555
317.0, 28.000000000000014
318.0, 28.623188405797094
319.0, 43.10954063604238
320.0, 54.95495495495498
321.0, 46.38297872340425
322.0, 48.01762114537445
323.0, 43.99999999999999
324.0, 50.769230769230745
325.0, 45.17766497461929
326.0, 37.394957983193265
327.0, 20.307692307692278
328.0, 28.453038674033138
329.0, 32.90155440414506
330.0, 32.04134366925065
331.0, 32.978723404255305
332.0, 34.71502590673576
333.0, 28.409090909090935
334.0, 27.700831024930764
335.0, 30.473372781065095
336.0, 30.93093093093094
337.0, 29.59770114942529
338.0, 29.682997118155626
339.0, 33.71428571428571
340.0, 39.0728476821192
341.0, 68.37606837606837
342.0, 52.23880597014925
343.0, 50.515463917525764
344.0, 50.256410256410255
345.0, 56.497175141242955
346.0, 60.91370558375634
347.0, 49.77578475336323
348.0, 46.83544303797468
349.0, 41.06463878326997
350.0, 40.9090909090909
351.0, 43.90243902439025
352.0, 47.15447154471545
353.0, 39.6078431372549
354.0, 40.0
355.0, 44.160583941605836
356.0, 56.47840531561463
357.0, 37.87128712871288
358.0, 37.77777777777778
359.0, 36.56174334140435
360.0, 32.6478149100257
361.0, 33.77659574468086
362.0, 42.74406332453825
363.0, 44.751381215469614
364.0, 43.78378378378379
365.0, 43.43163538873994
366.0, 42.34972677595629
367.0, 43.05555555555556
368.0, 43.526170798898065
369.0, 31.8032786885246
370.0, 20.91254752851711
371.0, 45.0
372.0, 60.576923076923066
373.0, 63.63636363636363
374.0, 66.19718309859155
375.0, 72.68041237113401
376.0, 65.03067484662577
377.0, 58.241758241758234
378.0, 61.271676300578044
379.0, 67.75956284153006
380.0, 68.10810810810811
381.0, 77.09497206703914
382.0, 74.03314917127074
383.0, 74.0331491712707
384.0, 74.31693989071037
385.0, 73.4463276836158
386.0, 50.66666666666668
387.0, 46.06060606060607
388.0, 36.054421768707485
389.0, 40.52287581699346
390.0, 43.13725490196079
391.0, 53.22580645161291
392.0, 53.22580645161291
393.0, 44.44444444444444
394.0, 38.461538461538446
395.0, 29.729729729729726
396.0, 31.13207547169813
397.0, 28.947368421052644
398.0, 22.429906542056017
399.0, 26.548672566371735
400.0, 31.578947368421055
401.0, 35.71428571428572
402.0, 34.883720930232585
403.0, 52.941176470588246
404.0, 46.456692913385844
405.0, 50.37593984962405
406.0, 51.470588235294116
407.0, 71.30044843049325
408.0, 77.68240343347638
409.0, 83.62989323843415
410.0, 82.45614035087715
411.0, 79.93197278911563
412.0, 83.80681818181819
413.0, 82.49258160237389
414.0, 85.0299401197605
415.0, 84.52380952380958
416.0, 80.4532577903683
417.0, 77.95527156549522
418.0, 74.8466257668712
419.0, 76.02339181286553
420.0, 71.58774373259052
421.0, 65.42372881355934
422.0, 64.70588235294117
423.0, 56.77966101694912
424.0, 58.898305084745765
425.0, 55.15873015873016
426.0, 35.267857142857125
427.0, 32.37704918032783
428.0, 33.19838056680162
429.0, 41.328413284132836
430.0, 44.62151394422309
431.0, 45.49019607843137
432.0, 47.73662551440331
433.0, 46.18644067796611
434.0, 51.14155251141555
435.0, 45.68527918781726
436.0, 39.361702127659605
437.0, 36.318407960199025
438.0, 33.83084577114427
439.0, 40.23668639053253
440.0, 44.15584415584416
441.0, 52.94117647058823
442.0, 53.95683453237414
443.0, 29.80132450331125
444.0, 28.846153846153868
445.0, 29.746835443037895
446.0, 31.125827814569462
447.0, 19.480519480519348
448.0, 25.301204819277046
449.0, 25.30120481927713
450.0, 30.76923076923076
451.0, 29.71428571428568
452.0, 34.444444444444485
453.0, 32.63157894736844
454.0, 32.291666666666686
455.0, 29.441624365482255
456.0, 24.338624338624356
457.0, 28.395061728395063
458.0, 28.750000000000014
459.0, 22.35294117647068
460.0, 27.167630057803564
461.0, 29.012345679012427
462.0, 20.779220779220893
463.0, 18.012422360248507
464.0, 16.45569620253174
465.0, 33.72781065088762
466.0, 26.256983240223477
467.0, 39.17525773195877
468.0, 46.19565217391303
469.0, 50.81967213114757
470.0, 54.97382198952879
471.0, 65.3658536585366
472.0, 62.910798122065714
473.0, 65.04854368932041
474.0, 62.81407035175876
475.0, 65.10416666666667
476.0, 62.81407035175876
477.0, 58.9622641509434
478.0, 57.76699029126215
479.0, 51.123595505617985
480.0, 56.52173913043478
481.0, 44.604316546762576
482.0, 36.805555555555564
483.0, 34.532374100719395
484.0, 33.088235294117695
485.0, 22.2222222222222
486.0, 23.636363636363626
487.0, 29.807692307692264
488.0, 31.73076923076927
489.0, 33.00970873786409
490.0, 42.708333333333385
491.0, 60.49382716049388
492.0, 53.93258426966289
493.0, 45.45454545454546
494.0, 48.48484848484847
495.0, 49.48453608247423
496.0, 68.74999999999996
497.0, 70.33898305084742
498.0, 67.88990825688069
499.0, 70.58823529411762
500.0, 79.69924812030072
501.0, 72.66187050359713
502.0, 74.66666666666667
503.0, 68.09815950920245
504.0, 55.61497326203206
505.0, 48.97959183673469
506.0, 50.5263157894737
507.0, 49.48453608247424
508.0, 42.081447963800905
509.0, 52.8735632183908
510.0, 43.95161290322582
511.0, 43.265306122449
512.0, 43.089430894308954
513.0, 39.914163090128724
514.0, 32.87037037037037
515.0, 37.38317757009344
516.0, 33.3333333333333
517.0, 34.35897435897432
518.0, 47.849462365591386
519.0, 56.989247311827945
520.0, 60.51282051282053
521.0, 66.66666666666669
522.0, 75.94936708860762
523.0, 66.95652173913045
524.0, 77.77777777777777
525.0, 68.93203883495147
526.0, 60.68376068376066
527.0, 58.18181818181817
528.0, 64.03508771929822
529.0, 63.71681415929202
530.0, 57.60000000000003
531.0, 56.69291338582681
532.0, 42.372881355932215
533.0, 36.44859813084116
534.0, 27.55102040816324
535.0, 36.60714285714281
536.0, 45.217391304347856
537.0, 44.73684210526319
538.0, 48.78048780487808
539.0, 63.945578231292515
540.0, 61.03896103896103
541.0, 59.872611464968166
542.0, 53.797468354430414
543.0, 59.89010989010992
544.0, 52.65700483091786
545.0, 50.697674418604635
546.0, 59.210526315789465
547.0, 63.95348837209303
548.0, 70.19867549668874
549.0, 69.17808219178083
550.0, 70.96774193548386
551.0, 71.60883280757096
552.0, 74.06340057636888
553.0, 64.08045977011494
554.0, 68.88217522658611
555.0, 65.32951289398281
556.0, 67.3529411764706
557.0, 59.69696969696968
558.0, 62.738853503184735
559.0, 70.00000000000003
560.0, 65.49520766773165
561.0, 61.837455830388706
562.0, 54.81171548117156
563.0, 51.229508196721326
564.0, 51.82186234817814
565.0, 59.246575342465775
566.0, 56.72727272727273
567.0, 67.18750000000001
568.0, 72.45901639344265
569.0, 67.17325227963525
570.0, 67.95252225519289
571.0, 69.3939393939394
572.0, 71.78683385579937
573.0, 70.29702970297029
574.0, 73.26732673267327
575.0, 74.8447204968944
576.0, 80.66825775656324
577.0, 83.45153664302599
578.0, 75.35211267605631
579.0, 75.05938242280281
580.0, 74.390243902439
581.0, 70.31630170316299
582.0, 70.24390243902437
583.0, 74.22680412371133
584.0, 74.99999999999999
585.0, 81.72043010752685
586.0, 84.66257668711654
587.0, 75.14231499051233
588.0, 75.0
589.0, 74.4140625
590.0, 72.008547008547
591.0, 73.58870967741935
592.0, 77.0042194092827
593.0, 72.2095671981777
594.0, 70.34482758620692
595.0, 83.38278931750743
596.0, 77.47336377473366
597.0, 79.03726708074534
598.0, 70.93023255813952
599.0, 70.76023391812865
600.0, 68.8073394495413
601.0, 74.62686567164178
602.0, 70.47619047619047
603.0, 75.93790426908149
604.0, 71.37096774193547
605.0, 64.29512516469038
606.0, 55.39160045402952
607.0, 53.45016429353778
608.0, 50.0
609.0, 33.78561736770692
610.0, 43.14465408805031
611.0, 44.40251572327043
612.0, 44.23558897243108
613.0, 41.13756613756614
614.0, 37.973137973137966
615.0, 37.605804111245476
616.0, 42.36276849642005
617.0, 39.0920554854981
618.0, 44.592952612393674
619.0, 43.024618991793666
620.0, 48.86817576564579
621.0, 46.81122448979591
622.0, 48.28947368421053
623.0, 45.632333767926994
624.0, 42.640990371389265
625.0, 39.01170351105331
626.0, 42.0757363253857
627.0, 40.14492753623188
628.0, 43.012422360248436
629.0, 49.64438122332859
630.0, 46.4447806354009
631.0, 31.309904153354637
632.0, 27.731092436974777
633.0, 40.83044982698962
634.0, 43.30275229357799
635.0, 55.74712643678161
636.0, 58.78787878787878
637.0, 65.31791907514452
638.0, 53.97727272727273
639.0, 59.251559251559264
640.0, 61.746361746361735
641.0, 59.09090909090908
642.0, 61.505376344086024
643.0, 53.63408521303258
644.0, 58.98004434589801
645.0, 71.76165803108807
646.0, 74.94252873563218
647.0, 67.81914893617022
648.0, 62.04379562043797
649.0, 55.09641873278239
650.0, 59.32203389830509
651.0, 57.14285714285715
652.0, 72.63513513513516
653.0, 69.8051948051948
654.0, 73.19884726224784
655.0, 80.73170731707319
656.0, 74.04921700223713
657.0, 81.29251700680274
658.0, 76.81159420289856
659.0, 79.01639344262296
660.0, 77.14285714285714
661.0, 68.57142857142856
662.0, 65.45454545454545
663.0, 68.60795454545456
664.0, 65.42185338865835
665.0, 60.027100271002695
666.0, 55.482166446499356
667.0, 55.40897097625331
668.0, 46.24060150375941
669.0, 48.375451263537904
670.0, 53.900709219858165
671.0, 43.82978723404254
672.0, 42.503438789546074
673.0, 35.767511177347245
674.0, 31.94650817236257
675.0, 34.18124006359301
676.0, 44.51510333863274
677.0, 35.33950617283948
678.0, 37.29903536977493
679.0, 37.90849673202615
680.0, 42.02401372212691
681.0, 39.83739837398372
682.0, 43.28621908127209
683.0, 25.519848771266524
684.0, 14.235500878734612
685.0, 28.486646884272986
686.0, 31.790123456790113
687.0, 29.89840348330914
688.0, 30.116959064327474
689.0, 29.597701149425276
690.0, 25.644916540212435
691.0, 26.9108280254777
692.0, 26.517571884984008
693.0, 26.47527910685804
694.0, 27.515723270440247
695.0, 42.3562412342216
696.0, 43.32855093256815
697.0, 49.21135646687697
698.0, 62.06322795341098
699.0, 55.46875000000001
700.0, 57.462686567164184
701.0, 68.59205776173285
702.0, 67.85714285714286
703.0, 71.6981132075472
704.0, 62.300884955752224
705.0, 68.19012797074953
706.0, 63.32767402376911
707.0, 65.20979020979021
708.0, 57.82537067545305
709.0, 53.873873873873876
710.0, 57.48613678373383
711.0, 57.79816513761468
712.0, 55.33980582524273
713.0, 53.441295546558706
714.0, 50.537634408602145
715.0, 37.557603686635936
716.0, 38.534278959810855
717.0, 37.64434180138567
718.0, 40.246913580246904
719.0, 37.30569948186531
720.0, 33.80281690140846
721.0, 34.367541766109795
722.0, 42.480211081794195
723.0, 22.751322751322775
724.0, 17.494089834515364
725.0, 13.363028953229431
726.0, 10.779816513761489
727.0, 9.623430962343107
728.0, 7.170542635658933
729.0, 6.548672566371707
730.0, 6.401384083045002
731.0, 5.939004815409319
732.0, 9.967320261437933
733.0, 17.267267267267258
734.0, 29.198184568835103
735.0, 31.736526946107773
736.0, 35.22727272727272
737.0, 37.46223564954683
738.0, 46.39639639639639
739.0, 51.00463678516228
740.0, 48.902821316614414
741.0, 47.63358778625953
742.0, 50.08025682182985
743.0, 59.375000000000014
744.0, 62.718446601941764
745.0, 77.0137524557957
746.0, 74.04426559356138
747.0, 77.1276595744681
748.0, 61.979166666666664
749.0, 61.23893805309734
750.0, 57.64023210831723
751.0, 62.29838709677418
752.0, 55.23385300668153
753.0, 48.40085287846483
754.0, 51.95876288659795
755.0, 57.66590389016017
756.0, 59.81087470449172
757.0, 59.330143540669845
758.0, 53.33333333333332
759.0, 46.551724137931025
760.0, 44.68085106382979
761.0, 26.874999999999986
762.0, 33.46303501945526
763.0, 28.676470588235276
764.0, 24.172185430463543
765.0, 41.131105398457585
766.0, 34.63203463203462
767.0, 38.588235294117645
768.0, 29.956896551724128
769.0, 27.25490196078431
770.0, 35.59027777777777
771.0, 32.46329526916803
772.0, 35.789473684210535
773.0, 36.568457538994814
774.0, 41.996557659208264
775.0, 40.56437389770725
776.0, 40.20979020979023
777.0, 39.51890034364263
778.0, 40.85257548845471
779.0, 34.83365949119374
780.0, 41.10854503464204
781.0, 46.764091858037574
782.0, 52.33644859813085
783.0, 60.540540540540555
784.0, 45.906432748538016
785.0, 47.432024169184295
786.0, 47.74774774774774
787.0, 42.90030211480362
788.0, 36.2126245847176
789.0, 32.0872274143302
790.0, 43.11926605504585
791.0, 47.63513513513512
792.0, 53.04054054054054
793.0, 49.81949458483755
794.0, 45.84717607973422
795.0, 33.71647509578543
796.0, 20.137299771167037
797.0, 19.21397379912662
798.0, 24.429223744292216
799.0, 26.53562653562652
800.0, 24.876847290640356
801.0, 25.505050505050477
802.0, 24.876847290640356
803.0, 27.532467532467493
804.0, 22.714681440443186
805.0, 22.282608695652144
806.0, 20.1117318435754
807.0, 13.313609467455606
808.0, 22.619047619047592
809.0, 28.36676217765043
810.0, 61.490683229813676
811.0, 69.23076923076923
812.0, 50.31446540880502
813.0, 48.765432098765466
814.0, 49.375000000000014
815.0, 45.14285714285714
816.0, 51.461988304093566
817.0, 44.14893617021278
818.0, 42.934782608695656
819.0, 43.169398907103826
820.0, 38.42105263157893
821.0, 40.86021505376344
822.0, 30.37974683544303
823.0, 17.605633802816868
824.0, 17.482517482517423
825.0, 21.232876712328746
826.0, 25.0
827.0, 15.736040609137035
828.0, 17.346938775510196
829.0, 16.999999999999986
830.0, 12.195121951219505
831.0, 15.957446808510625
832.0, 15.508021390374338
833.0, 14.64646464646465
834.0, 14.009661835748801
835.0, 21.929824561403507
836.0, 21.585903083700444
837.0, 20.331950207468893
838.0, 20.502092050209214
839.0, 17.269076305220878
840.0, 16.226415094339615
841.0, 22.164948453608247
842.0, 20.30456852791876
843.0, 29.255319148936138
844.0, 29.41176470588232
845.0, 27.868852459016367
846.0, 27.472527472527446
847.0, 43.49999999999998
848.0, 43.06930693069308
849.0, 33.68983957219248
850.0, 35.41666666666667
851.0, 37.36263736263736
852.0, 45.97156398104266
853.0, 61.1111111111111
854.0, 62.85714285714285
855.0, 62.0967741935484
856.0, 61.847389558232926
857.0, 60.74380165289257
858.0, 64.8068669527897
859.0, 50.67567567567568
860.0, 48.96551724137932
861.0, 41.1764705882353
862.0, 48.14814814814814
863.0, 49.787234042553195
864.0, 46.413502109704645
865.0, 50.42735042735043
866.0, 42.78846153846155
867.0, 22.222222222222257
868.0, 37.01298701298702
869.0, 35.185185185185176
870.0, 43.02325581395348
871.0, 47.593582887700535
872.0, 48.42105263157893
873.0, 73.22834645669293
874.0, 76.97841726618704
875.0, 79.16666666666669
876.0, 78.72340425531917
877.0, 83.13953488372093
878.0, 84.11764705882355
879.0, 78.94736842105266
880.0, 81.35593220338987
881.0, 78.02197802197803
882.0, 75.00000000000001
883.0, 84.8684210526316
884.0, 85.53459119496857
885.0, 83.45323741007196
886.0, 82.5757575757576
887.0, 82.44274809160308
888.0, 82.5757575757576
889.0, 76.6917293233083
890.0, 73.22834645669292
891.0, 46.923076923076955
892.0, 50.0
893.0, 55.83333333333332
894.0, 59.541984732824424
895.0, 50.649350649350666
896.0, 55.555555555555564
897.0, 47.252747252747234
898.0, 61.44578313253012
899.0, 64.04494382022472
900.0, 58.76288659793814
901.0, 59.866220735785944
902.0, 56.164383561643824
903.0, 63.74622356495468
904.0, 60.632183908045974
905.0, 59.2696629213483
906.0, 62.33766233766234
907.0, 57.317073170731696
908.0, 56.14035087719298
909.0, 55.72139303482586
910.0, 53.229974160206716
911.0, 48.356807511737095
912.0, 33.625730994152065
913.0, 23.039215686274545
914.0, 22.169811320754746
915.0, 32.37704918032789
916.0, 32.17922606924644
917.0, 21.764705882352942
918.0, 25.686274509803923
919.0, 27.813163481953296
920.0, 27.813163481953282
921.0, 28.354978354978357
922.0, 25.90233545647557
923.0, 31.004366812227076
924.0, 28.744939271255063
925.0, 31.140350877192972
926.0, 31.27753303964758
927.0, 44.16873449131514
928.0, 51.44356955380577
929.0, 44.610778443113766
930.0, 48.520710059171606
931.0, 63.01369863013699
932.0, 53.074433656957936
933.0, 49.848024316109424
934.0, 43.64820846905539
935.0, 47.222222222222236
936.0, 45.33333333333333
937.0, 35.258358662614
938.0, 40.816326530612244
939.0, 41.52249134948097
940.0, 38.834951456310684
941.0, 31.521739130434796
942.0, 21.42857142857146
943.0, 13.707165109034307
944.0, 9.771986970684054
945.0, 28.238341968911925
946.0, 34.24657534246576
947.0, 41.144414168937324
948.0, 45.83333333333333
949.0, 39.908256880733944
950.0, 48.67256637168141
951.0, 55.256723716381416
952.0, 50.340136054421784
953.0, 52.34741784037559
954.0, 58.215962441314566
955.0, 55.93607305936073
956.0, 66.83804627249359
957.0, 67.18346253229973
958.0, 68.94865525672371
959.0, 57.91139240506328
960.0, 59.076923076923066
961.0, 60.53412462908011
962.0, 53.27380952380953
963.0, 68.20987654320987
964.0, 57.94701986754967
965.0, 57.947019867549656
966.0, 68.51211072664358
967.0, 70.83333333333331
968.0, 69.04761904761902
969.0, 70.24221453287197
970.0, 68.95306859205775
971.0, 76.11940298507463
972.0, 75.47892720306514
973.0, 75.47892720306514
974.0, 68.80000000000001
975.0, 67.50000000000003
976.0, 68.93617021276594
977.0, 54.54545454545455
978.0, 61.80904522613065
979.0, 52.46636771300448
980.0, 48.792270531400966
981.0, 51.59817351598172
982.0, 43.983402489626556
983.0, 47.698744769874466
984.0, 43.359375
985.0, 39.83739837398374
986.0, 39.59183673469386
987.0, 42.27642276422764
988.0, 49.606299212598415
989.0, 41.52542372881354
990.0, 41.70212765957446
991.0, 51.32743362831857
992.0, 53.974895397489554
993.0, 63.80090497737559
994.0, 63.47031963470321
995.0, 59.59595959595962
996.0, 70.00000000000003
997.0, 54.41176470588237
998.0, 58.42105263157894
999.0, 57.216494845360835
1000.0, 51.89189189189191
1001.0, 44.5
1002.0, 33.500000000000014
1003.0, 33.33333333333333
1004.0, 31.753554502369667
1005.0, 22.58064516129032
1006.0, 35.3846153846154
1007.0, 28.776978417266193
1008.0, 27.075812274368246
1009.0, 22.813688212927758
1010.0, 17.82477341389729
1011.0, 17.455621301775153
1012.0, 26.216216216216225
1013.0, 25.064599483204134
1014.0, 32.380952380952394
1015.0, 34.82587064676618
1016.0, 42.58373205741627
1017.0, 45.08393285371702
1018.0, 50.370370370370374
1019.0, 51.90839694656489
1020.0, 41.90751445086704
1021.0, 47.058823529411775
1022.0, 50.882352941176485
1023.0, 48.87005649717514
1024.0, 57.85953177257525
1025.0, 75.55555555555554
1026.0, 72.20216606498195
1027.0, 77.82101167315176
1028.0, 75.32467532467533
1029.0, 68.82591093117408
1030.0, 55.93220338983049
1031.0, 59.84555984555983
1032.0, 58.565737051792816
1033.0, 63.77952755905511
1034.0, 64.03162055335967
1035.0, 64.86486486486484
1036.0, 58.33333333333332
1037.0, 62.34309623430961
1038.0, 71.64179104477611
1039.0, 65.29680365296804
1040.0, 52.767527675276746
1041.0, 53.55805243445691
1042.0, 54.90909090909089
1043.0, 59.84555984555983
1044.0, 56.77655677655678
1045.0, 55.97014925373135
1046.0, 56.45756457564577
1047.0, 49.81949458483755
1048.0, 53.79061371841155
1049.0, 46.896551724137936
1050.0, 48.74551971326164
1051.0, 52.80528052805281
1052.0, 42.086330935251794
1053.0, 38.40304182509506
1054.0, 52.58620689655173
1055.0, 47.65625
1056.0, 41.908713692946066
1057.0, 36.60377358490567
1058.0, 47.52066115702479
1059.0, 38.66666666666667
1060.0, 34.8623853211009
1061.0, 33.928571428571416
1062.0, 32.72727272727275
1063.0, 35.64356435643566
1064.0, 42.27272727272728
1065.0, 32.68292682926828
1066.0, 34.71502590673576
1067.0, 33.33333333333333
1068.0, 24.598930481283418
1069.0, 37.765957446808514
1070.0, 36.97916666666667
1071.0, 43.030303030303045
1072.0, 42.68292682926831
1073.0, 52.02312138728322
1074.0, 53.529411764705884
1075.0, 67.08860759493672
1076.0, 64.70588235294119
1077.0, 67.34693877551021
1078.0, 53.79310344827588
1079.0, 58.208955223880636
1080.0, 57.77777777777779
1081.0, 64.44444444444444
1082.0, 65.4135338345865
1083.0, 46.616541353383454
1084.0, 46.616541353383454
1085.0, 56.24999999999998
1086.0, 52.702702702702716
1087.0, 49.27536231884059
1088.0, 45.8904109589041
1089.0, 38.51851851851852
1090.0, 39.99999999999998
1091.0, 45.51724137931034
1092.0, 58.33333333333334
1093.0, 51.85185185185185
1094.0, 54.48717948717948
1095.0, 55.06329113924051
1096.0, 51.1764705882353
1097.0, 60.0
1098.0, 61.267605633802795
1099.0, 45.73643410852716
1100.0, 41.22137404580151
1101.0, 38.888888888888886
1102.0, 51.07913669064749
1103.0, 60.0
1104.0, 67.34693877551021
1105.0, 66.49214659685863
1106.0, 59.2391304347826
1107.0, 66.86046511627909
1108.0, 67.05202312138731
1109.0, 67.61363636363637
1110.0, 76.74418604651164
1111.0, 78.2608695652174
1112.0, 81.767955801105
1113.0, 87.57396449704142
1114.0, 76.68393782383421
1115.0, 77.61194029850749
1116.0, 70.15706806282724
1117.0, 66.86046511627907
1118.0, 55.797101449275345
1119.0, 47.94520547945206
1120.0, 48.6111111111111
1121.0, 51.63398692810458
1122.0, 50.0
1123.0, 44.05594405594405
1124.0, 37.037037037037024
1125.0, 29.457364341085224
1126.0, 26.153846153846118
1127.0, 22.97297297297294
1128.0, 33.59999999999998
1129.0, 32.52032520325203
1130.0, 37.719298245614006
1131.0, 36.60714285714285
1132.0, 32.79999999999998
1133.0, 38.938053097345126
1134.0, 41.50943396226412
1135.0, 29.5918367346939
1136.0, 27.884615384615387
1137.0, 25.217391304347828
1138.0, 24.786324786324784
1139.0, 25.217391304347828
1140.0, 31.932773109243698
1141.0, 43.396226415094354
1142.0, 38.77551020408164
1143.0, 29.032258064516085
1144.0, 26.086956521739154
1145.0, 32.00000000000003
1146.0, 50.96153846153848
1147.0, 47.16981132075469
1148.0, 47.61904761904763
1149.0, 45.87155963302752
1150.0, 52.38095238095237
1151.0, 55.55555555555557
1152.0, 59.13978494623656
1153.0, 56.70103092783505
1154.0, 50.0
1155.0, 42.69662921348315
1156.0, 48.99999999999998
1157.0, 61.538461538461576
1158.0, 57.59999999999998
1159.0, 44.77611940298505
1160.0, 34.21052631578945
1161.0, 37.50000000000002
1162.0, 37.83783783783786
1163.0, 41.99999999999999
1164.0, 37.755102040816325
1165.0, 45.36082474226805
1166.0, 45.833333333333336
1167.0, 52.688172043010745
1168.0, 57.44680851063828
1169.0, 59.999999999999986
1170.0, 51.19047619047621
1171.0, 32.25806451612901
1172.0, 33.33333333333333
1173.0, 55.813953488372064
1174.0, 50.0
1175.0, 36.20689655172413
1176.0, 39.34426229508198
1177.0, 38.70967741935481
1178.0, 26.66666666666667
1179.0, 31.958762886597896
1180.0, 28.18181818181816
1181.0, 23.008849557522097
1182.0, 24.34782608695653
1183.0, 22.40000000000002
1184.0, 28.68217054263563
1185.0, 44.17177914110431
1186.0, 46.45161290322582
1187.0, 41.46341463414636
1188.0, 43.03797468354432
1189.0, 41.97530864197532
1190.0, 42.68292682926828
1191.0, 48.61878453038674
1192.0, 54.658385093167716
1193.0, 48.68421052631578
1194.0, 49.33333333333335
1195.0, 52.44755244755246
1196.0, 54.054054054054056
1197.0, 61.224489795918366
1198.0, 60.95890410958906
1199.0, 44.26229508196719
1200.0, 42.857142857142854
1201.0, 49.57264957264954
1202.0, 48.73949579831932
1203.0, 53.703703703703724
1204.0, 56.89655172413795
1205.0, 50.0
1206.0, 57.60869565217392
1207.0, 58.2417582417583
1208.0, 66.6666666666667
1209.0, 63.85542168674701
1210.0, 62.025316455696206
1211.0, 59.45945945945952
1212.0, 57.746478873239475
1213.0, 65.07936507936515
1214.0, 69.99999999999999
1215.0, 64.40677966101705
1216.0, 69.84126984126988
1217.0, 73.3333333333333
1218.0, 58.490566037735846
1219.0, 50.877192982456116
1220.0, 48.14814814814811
1221.0, 51.99999999999995
1222.0, 53.846153846153854
1223.0, 72.3684210526316
1224.0, 71.23287671232879
1225.0, 88.46153846153845
1226.0, 80.00000000000001
1227.0, 77.22772277227722
1228.0, 82.57575757575758
1229.0, 75.95818815331008
1230.0, 78.09523809523807
1231.0, 79.62962962962962
1232.0, 78.65853658536584
1233.0, 80.30769230769229
1234.0, 78.6144578313253
1235.0, 70.73170731707316
1236.0, 67.89473684210526
1237.0, 66.01671309192199
1238.0, 65.73033707865167
1239.0, 51.58730158730159
1240.0, 55.08474576271186
1241.0, 51.58730158730159
1242.0, 42.99065420560746
1243.0, 51.0204081632653
1244.0, 37.93103448275862
1245.0, 29.34782608695653
1246.0, 28.421052631578945
1247.0, 28.795811518324584
1248.0, 35.175879396984925
1249.0, 43.55828220858896
1250.0, 50.94339622641507
1251.0, 47.46835443037975
1252.0, 53.63128491620112
1253.0, 61.395348837209305
1254.0, 64.78260869565216
1255.0, 78.92720306513411
1256.0, 80.63380281690141
1257.0, 64.61988304093566
1258.0, 69.38202247191012
1259.0, 74.10714285714286
1260.0, 79.77207977207978
1261.0, 68.14814814814815
1262.0, 67.25888324873097
1263.0, 65.67164179104478
1264.0, 62.407862407862424
1265.0, 64.8456057007126
1266.0, 63.000000000000014
1267.0, 60.000000000000014
1268.0, 56.786703601108044
1269.0, 48.051948051948045
1270.0, 37.174721189591075
1271.0, 48.07692307692308
1272.0, 38.341968911917085
1273.0, 36.18090452261305
1274.0, 20.60301507537686
1275.0, 27.70270270270268
1276.0, 31.410256410256437
1277.0, 39.87730061349692
1278.0, 45.03311258278144
1279.0, 29.878048780487816
1280.0, 24.352331606217604
1281.0, 20.218579234972637
1282.0, 20.786516853932554
1283.0, 19.473684210526287
1284.0, 19.473684210526287
1285.0, 18.13725490196076
1286.0, 20.4081632653061
1287.0, 20.4081632653061
1288.0, 23.391812865497073
1289.0, 26.190476190476133
1290.0, 19.875776397515466
1291.0, 10.062893081760976
1292.0, 13.855421686746922
1293.0, 16.42857142857136
1294.0, 18.399999999999935
1295.0, 20.312499999999957
1296.0, 26.119402985074572
1297.0, 29.411764705882305
1298.0, 43.609022556390975
1299.0, 31.35135135135134
1300.0, 28.205128205128176
1301.0, 35.609756097560975
1302.0, 34.59715639810425
1303.0, 34.597156398104275
1304.0, 33.48623853211011
1305.0, 38.497652582159624
1306.0, 34.12322274881518
1307.0, 34.95145631067962
1308.0, 35.29411764705884
1309.0, 29.302325581395365
1310.0, 33.91304347826089
1311.0, 34.913793103448285
1312.0, 34.347826086956516
1313.0, 55.55555555555553
1314.0, 57.803468208092504
1315.0, 53.50318471337578
1316.0, 54.193548387096776
1317.0, 49.68944099378882
1318.0, 43.715846994535504
1319.0, 40.80459770114941
1320.0, 38.586956521739125
1321.0, 38.586956521739125
1322.0, 42.10526315789472
1323.0, 53.52941176470589
1324.0, 44.07894736842103
1325.0, 34.97267759562841
1326.0, 34.25414364640885
1327.0, 25.625000000000014
1328.0, 25.9493670886076
1329.0, 22.807017543859672
1330.0, 23.780487804878064
1331.0, 26.282051282051313
1332.0, 36.718750000000014
1333.0, 35.338345864661676
1334.0, 44.26229508196724
1335.0, 44.62809917355373
1336.0, 42.741935483870996
1337.0, 33.644859813084096
1338.0, 34.615384615384656
1339.0, 42.857142857142854
1340.0, 20.987654320987644
1341.0, 28.88888888888887
1342.0, 31.8181818181818
1343.0, 46.42857142857145
1344.0, 43.33333333333334
1345.0, 34.90566037735847
1346.0, 37.27272727272729
1347.0, 32.80000000000001
1348.0, 29.411764705882334
1349.0, 31.14754098360656
1350.0, 34.959349593495915
1351.0, 33.33333333333336
1352.0, 39.230769230769226
1353.0, 43.5897435897436
1354.0, 56.521739130434774
1355.0, 45.90163934426229
1356.0, 42.1875
1357.0, 35.83333333333333
1358.0, 41.37931034482757
1359.0, 52.380952380952394
1360.0, 65.03496503496504
1361.0, 76.92307692307692
1362.0, 66.44295302013423
1363.0, 69.32515337423311
1364.0, 63.52941176470588
1365.0, 59.34065934065934
1366.0, 51.04166666666667
1367.0, 55.71428571428571
1368.0, 52.55102040816326
1369.0, 55.37634408602151
1370.0, 57.86516853932585
1371.0, 57.865168539325836
1372.0, 57.865168539325836
1373.0, 56.64739884393064
1374.0, 39.37007874015747
1375.0, 32.575757575757564
1376.0, 41.02564102564102
1377.0, 27.67857142857143
1378.0, 36.11111111111112
1379.0, 47.619047619047585
1380.0, 54.94505494505494
1381.0, 34.44444444444446
1382.0, 37.2340425531915
1383.0, 39.772727272727266
1384.0, 31.531531531531527
1385.0, 32.110091743119284
1386.0, 27.7777777777778
1387.0, 35.0
1388.0, 33.33333333333336
1389.0, 36.521739130434774
1390.0, 46.71532846715327
1391.0, 53.78787878787879
1392.0, 51.58730158730159
1393.0, 44.262295081967224
1394.0, 47.00854700854702
1395.0, 56.43564356435645
1396.0, 51.96078431372549
1397.0, 58.119658119658105
1398.0, 67.32673267326732
1399.0, 64.76190476190476
1400.0, 65.38461538461536
1401.0, 58.69565217391302
1402.0, 68.74999999999997
1403.0, 66.0
1404.0, 52.702702702702695
1405.0, 42.66666666666665
1406.0, 49.41176470588234
1407.0, 49.41176470588236
1408.0, 44.08602150537632
1409.0, 44.08602150537632
1410.0, 48.91304347826087
1411.0, 38.96103896103897
1412.0, 30.927835051546396
1413.0, 50.79365079365079
1414.0, 53.90625000000001
1415.0, 58.69565217391305
1416.0, 52.272727272727266
1417.0, 52.272727272727266
1418.0, 54.41176470588234
1419.0, 60.869565217391305
1420.0, 56.69291338582678
1421.0, 60.97560975609754
1422.0, 73.10344827586208
1423.0, 62.650602409638545
1424.0, 65.93406593406593
1425.0, 67.36842105263158
1426.0, 78.04878048780488
1427.0, 68.1159420289855
1428.0, 65.9259259259259
1429.0, 50.3267973856209
1430.0, 46.666666666666686
1431.0, 48.765432098765444
1432.0, 44.84848484848486
1433.0, 42.405063291139236
1434.0, 44.444444444444436
1435.0, 48.27586206896554
1436.0, 36.805555555555564
1437.0, 43.80165289256201
1438.0, 38.73873873873874
1439.0, 32.710280373831765
1440.0, 29.411764705882334
1441.0, 28.455284552845512
1442.0, 36.29629629629628
1443.0, 45.37037037037038
1444.0, 58.585858585858595
1445.0, 61.32075471698114
1446.0, 68.26923076923077
1447.0, 57.6271186440678
1448.0, 52.94117647058823
1449.0, 49.54954954954956
1450.0, 52.17391304347826
1451.0, 48.780487804878035
1452.0, 42.37288135593221
1453.0, 47.54098360655739
1454.0, 52.72727272727272
1455.0, 59.183673469387756
1456.0, 54.02298850574714
1457.0, 53.409090909090885
1458.0, 74.0506329113924
1459.0, 59.340659340659336
1460.0, 58.42696629213484
1461.0, 66.66666666666666
1462.0, 65.89595375722541
1463.0, 61.849710982658934
1464.0, 63.934426229508176
1465.0, 70.4081632653061
1466.0, 71.87499999999997
1467.0, 70.81081081081078
1468.0, 68.22916666666667
1469.0, 66.16161616161617
1470.0, 67.3170731707317
1471.0, 68.81188118811882
1472.0, 45.80152671755724
1473.0, 58.252427184466015
1474.0, 56.31067961165049
1475.0, 63.414634146341484
1476.0, 56.52173913043478
1477.0, 62.67605633802818
1478.0, 53.623188405797094
1479.0, 46.21848739495798
1480.0, 46.21848739495798
1481.0, 49.60629921259843
1482.0, 49.60629921259843
1483.0, 51.21951219512193
1484.0, 48.71794871794871
1485.0, 45.901639344262314
1486.0, 49.56521739130436
1487.0, 48.717948717948744
1488.0, 46.341463414634156
1489.0, 28.723404255319153
1490.0, 24.324324324324365
1491.0, 15.238095238095255
1492.0, 22.772277227722753
1493.0, 20.79207920792075
1494.0, 20.79207920792075
1495.0, 22.33009708737856
1496.0, 22.33009708737856
1497.0, 20.909090909090835
1498.0, 17.757009345794316
1499.0, 19.607843137254804
1500.0, 20.38834951456306
1501.0, 21.212121212121147
1502.0, 21.42857142857136
1503.0, 20.79207920792075
1504.0, 42.8571428571428
1505.0, 45.4545454545454
1506.0, 52.000000000000014
1507.0, 55.84415584415584
1508.0, 48.86363636363634
1509.0, 32.65306122448982
1510.0, 29.090909090909108
1511.0, 36.69724770642203
1512.0, 35.08771929824562
1513.0, 31.967213114754117
1514.0, 40.714285714285715
1515.0, 49.04458598726114
1516.0, 50.3267973856209
1517.0, 50.3267973856209
1518.0, 49.66887417218543
1519.0, 52.830188679245275
1520.0, 44.73684210526316
1521.0, 45.80645161290324
1522.0, 44.65408805031447
1523.0, 50.0
1524.0, 53.383458646616546
1525.0, 47.014925373134325
1526.0, 50.0
1527.0, 55.55555555555556
1528.0, 43.10344827586207
1529.0, 33.33333333333336
1530.0, 49.19354838709679
1531.0, 53.17460317460318
1532.0, 45.112781954887225
1533.0, 47.857142857142875
1534.0, 48.20143884892087
1535.0, 46.26865671641789
1536.0, 51.23966942148762
1537.0, 54.166666666666664
1538.0, 60.714285714285715
1539.0, 66.01941747572818
1540.0, 61.111111111111114
1541.0, 52.58620689655173
1542.0, 57.94392523364487
1543.0, 53.153153153153184
1544.0, 36.47058823529408
1545.0, 37.93103448275862
1546.0, 45.94594594594594
1547.0, 28.571428571428484
1548.0, 37.28813559322029
1549.0, 51.94805194805197
1550.0, 45.97701149425284
1551.0, 64.39393939393943
1552.0, 61.65413533834589
1553.0, 63.30935251798562
1554.0, 66.16541353383462
1555.0, 73.55371900826448
1556.0, 70.96774193548389
1557.0, 73.33333333333333
1558.0, 71.54471544715449
1559.0, 70.83333333333334
1560.0, 70.58823529411765
1561.0, 74.78991596638657
1562.0, 77.09923664122137
1563.0, 66.9421487603306
1564.0, 78.0487804878049
1565.0, 55.17241379310345
1566.0, 55.81395348837207
1567.0, 46.666666666666686
1568.0, 54.36893203883495
1569.0, 52.38095238095237
1570.0, 52.88461538461541
1571.0, 54.4554455445545
1572.0, 51.886792452830186
1573.0, 56.41025641025642
1574.0, 58.53658536585366
1575.0, 58.53658536585366
1576.0, 47.05882352941179
1577.0, 48.275862068965516
1578.0, 41.747572815534
1579.0, 44.79166666666665
1580.0, 47.91666666666667
1581.0, 50.54945054945053
1582.0, 35.95505617977531
1583.0, 37.93103448275865
1584.0, 39.285714285714285
1585.0, 39.285714285714285
1586.0, 48.1012658227848
1587.0, 29.333333333333385
1588.0, 27.397260273972606
1589.0, 21.12676056338023
1590.0, 24.999999999999957
1591.0, 29.62962962962959
1592.0, 32.14285714285705
1593.0, 45.901639344262286
1594.0, 35.71428571428564
1595.0, 49.36708860759495
1596.0, 63.15789473684217
1597.0, 61.842105263157976
1598.0, 65.06024096385548
1599.0, 65.88235294117655
1600.0, 57.95454545454551
1601.0, 67.10526315789477
1602.0, 66.66666666666671
1603.0, 67.56756756756758
1604.0, 62.49999999999997
1605.0, 58.33333333333332
1606.0, 54.21686746987948
1607.0, 42.68292682926828
1608.0, 52.05479452054796
1609.0, 33.802816901408406
1610.0, 34.72222222222216
1611.0, 36.111111111111086
1612.0, 31.343283582089555
1613.0, 25.675675675675635
1614.0, 30.882352941176492
1615.0, 29.999999999999986
1616.0, 23.376623376623428
1617.0, 26.92307692307692
1618.0, 28.3783783783784
1619.0, 42.85714285714284
1620.0, 39.13043478260871
1621.0, 50.52631578947368
1622.0, 41.284403669724725
1623.0, 42.05607476635512
1624.0, 25.925925925925895
1625.0, 37.888198757763945
1626.0, 31.216931216931187
1627.0, 41.26213592233009
1628.0, 41.82692307692306
1629.0, 44.65116279069767
1630.0, 47.59615384615383
1631.0, 48.34123222748817
1632.0, 43.77682403433476
1633.0, 39.189189189189186
1634.0, 41.784037558685434
1635.0, 46.55172413793105
1636.0, 53.47826086956522
1637.0, 52.56410256410256
1638.0, 65.23809523809523
1639.0, 64.73429951690821
1640.0, 74.86033519553074
1641.0, 69.23076923076923
1642.0, 63.41463414634146
1643.0, 56.88622754491018
1644.0, 59.09090909090909
1645.0, 60.43956043956044
1646.0, 67.48466257668711
1647.0, 63.21839080459771
1648.0, 64.44444444444446
1649.0, 60.49382716049383
1650.0, 57.61589403973512
1651.0, 64.78873239436619
1652.0, 60.46511627906978
1653.0, 50.467289719626166
1654.0, 46.55172413793103
1655.0, 41.86046511627907
1656.0, 45.37815126050419
1657.0, 53.09734513274338
1658.0, 55.462184873949575
1659.0, 52.678571428571416
1660.0, 47.58064516129034
1661.0, 57.627118644067785
1662.0, 49.586776859504106
1663.0, 39.830508474576256
1664.0, 40.3361344537815
1665.0, 35.83333333333334
1666.0, 47.22222222222222
1667.0, 47.22222222222222
1668.0, 55.78231292517007
1669.0, 63.7037037037037
1670.0, 64.17910447761193
1671.0, 60.60606060606057
1672.0, 56.666666666666664
1673.0, 49.60629921259844
1674.0, 64.34108527131781
1675.0, 57.36434108527132
1676.0, 64.22764227642277
1677.0, 73.01587301587298
1678.0, 74.04580152671753
1679.0, 74.61538461538457
1680.0, 70.7964601769911
1681.0, 74.38016528925617
1682.0, 60.79999999999998
1683.0, 63.4328358208955
1684.0, 62.96296296296299
1685.0, 70.12987012987016
1686.0, 74.01129943502826
1687.0, 77.97619047619054
1688.0, 76.12903225806457
1689.0, 81.9354838709678
1690.0, 72.61904761904766
1691.0, 70.88607594936714
1692.0, 70.88607594936714
1693.0, 76.02339181286555
1694.0, 75.88235294117652
1695.0, 70.414201183432
1696.0, 79.48717948717953
1697.0, 78.94736842105269
1698.0, 80.26315789473688
1699.0, 78.4172661870504
1700.0, 56.737588652482295
1701.0, 54.42176870748299
1702.0, 61.04651162790699
1703.0, 56.80473372781067
1704.0, 67.64705882352942
1705.0, 69.2737430167598
1706.0, 66.27906976744191
1707.0, 63.29113924050636
1708.0, 66.6666666666667
1709.0, 69.46107784431143
1710.0, 63.06818181818184
1711.0, 63.48314606741576
1712.0, 56.92307692307692
1713.0, 45.909090909090914
1714.0, 52.06185567010309
1715.0, 52.879581151832454
1716.0, 42.85714285714287
1717.0, 40.82840236686389
1718.0, 40.476190476190496
1719.0, 35.89743589743591
1720.0, 34.14634146341464
1721.0, 28.888888888888886
1722.0, 18.98734177215198
1723.0, 19.108280254777128
1724.0, 20.8333333333334
1725.0, 11.949685534591268
1726.0, 23.417721518987378
1727.0, 26.81159420289859
1728.0, 27.81954887218049
1729.0, 28.461538461538495
1730.0, 30.534351145038215
1731.0, 37.39837398373987
1732.0, 25.454545454545467
1733.0, 29.310344827586192
1734.0, 30.630630630630634
1735.0, 34.34343434343435
1736.0, 43.96551724137928
1737.0, 39.230769230769226
1738.0, 34.45945945945944
1739.0, 41.46341463414633
1740.0, 29.999999999999986
1741.0, 33.67346938775506
1742.0, 29.729729729729698
1743.0, 30.55555555555553
1744.0, 27.77777777777773
1745.0, 29.729729729729698
1746.0, 41.599999999999994
1747.0, 37.39837398373985
1748.0, 42.74193548387098
1749.0, 43.08943089430895
1750.0, 30.434782608695656
1751.0, 39.8148148148148
1752.0, 50.0
1753.0, 44.66019417475728
1754.0, 45.09803921568626
1755.0, 38.98305084745765
1756.0, 39.31623931623933
1757.0, 33.82352941176471
1758.0, 44.23076923076925
1759.0, 39.47368421052636
1760.0, 33.81294964028778
1761.0, 28.658536585365866
1762.0, 24.84472049689441
1763.0, 24.09638554216869
1764.0, 30.952380952380977
1765.0, 25.2873563218391
1766.0, 31.57894736842104
1767.0, 30.76923076923076
1768.0, 31.25
1769.0, 33.707865168539314
1770.0, 36.14457831325301
1771.0, 41.61073825503355
1772.0, 33.07692307692304
1773.0, 34.92063492063487
1774.0, 34.92063492063491
1775.0, 41.904761904761905
1776.0, 45.1923076923077
1777.0, 50.0
1778.0, 42.68292682926828
1779.0, 46.66666666666665
1780.0, 48.051948051948095
1781.0, 76.28865979381443
1782.0, 62.71186440677966
1783.0, 67.5
1784.0, 71.94244604316545
1785.0, 62.42038216560512
1786.0, 59.119496855345915
1787.0, 58.86075949367089
1788.0, 57.23684210526315
1789.0, 59.18367346938774
1790.0, 53.50318471337578
1791.0, 51.21951219512195
1792.0, 47.45762711864407
1793.0, 52.486187845303874
1794.0, 47.87878787878787
1795.0, 36.764705882352956
1796.0, 39.99999999999999
1797.0, 36.44067796610168
1798.0, 33.03571428571429
1799.0, 37.37373737373737
1800.0, 38.947368421052644
1801.0, 37.00000000000001
1802.0, 34.57943925233644
1803.0, 41.22807017543863
1804.0, 49.056603773584925
1805.0, 60.52631578947369
1806.0, 71.68141592920352
1807.0, 72.64957264957262
1808.0, 72.41379310344826
1809.0, 76.11940298507461
1810.0, 83.2
1811.0, 73.75886524822695
1812.0, 72.5925925925926
1813.0, 79.99999999999997
1814.0, 80.53691275167785
1815.0, 85.36585365853658
1816.0, 86.95652173913044
1817.0, 86.09271523178808
1818.0, 83.33333333333333
1819.0, 81.203007518797
1820.0, 72.7272727272727
1821.0, 71.19999999999999
1822.0, 74.28571428571428
1823.0, 65.5462184873949
1824.0, 68.46153846153845
1825.0, 78.07017543859646
1826.0, 77.87610619469022
1827.0, 72.52747252747248
1828.0, 63.46153846153845
1829.0, 57.77777777777775
1830.0, 52.52525252525251
1831.0, 49.52380952380954
1832.0, 50.0
1833.0, 56.666666666666664
1834.0, 57.14285714285713
1835.0, 55.26315789473684
1836.0, 47.4226804123711
1837.0, 52.57731958762891
1838.0, 39.58333333333332
1839.0, 38.38383838383836
1840.0, 31.067961165048573
1841.0, 46.61654135338346
1842.0, 54.76190476190476
1843.0, 52.06611570247933
1844.0, 51.639344262295076
1845.0, 54.31034482758618
1846.0, 52.06611570247933
1847.0, 53.2258064516129
1848.0, 49.2537313432836
1849.0, 41.447368421052644
1850.0, 49.14285714285716
1851.0, 49.14285714285713
1852.0, 53.6144578313253
1853.0, 54.8780487804878
1854.0, 54.8780487804878
1855.0, 48.9655172413793
1856.0, 41.025641025641015
1857.0, 38.0952380952381
1858.0, 42.67515923566876
1859.0, 45.12195121951219
1860.0, 49.693251533742334
1861.0, 44.217687074829925
1862.0, 43.62416107382548
1863.0, 45.45454545454545
1864.0, 33.333333333333314
1865.0, 26.717557251908374
1866.0, 28.624535315985128
1867.0, 34.246575342465746
1868.0, 51.95530726256982
1869.0, 51.13636363636364
1870.0, 58.787878787878775
1871.0, 62.17948717948716
1872.0, 58.74999999999999
1873.0, 60.94674556213016
1874.0, 58.93186003683238
1875.0, 59.65018094089262
1876.0, 70.02670226969292
1877.0, 78.4582132564841
1878.0, 80.18465909090907
1879.0, 83.753709198813
1880.0, 80.12048192771078
1881.0, 72.34206471494605
1882.0, 60.893246187363815
1883.0, 59.11161731207289
1884.0, 50.563063063063055
1885.0, 57.46268656716415
1886.0, 59.36123348017619
1887.0, 45.22673031026253
1888.0, 44.1210710128056
1889.0, 35.55555555555557
1890.0, 41.99999999999999
1891.0, 45.2830188679245
1892.0, 43.414634146341434
1893.0, 45.40816326530613
1894.0, 41.01382488479261
1895.0, 48.584905660377345
1896.0, 43.05555555555554
1897.0, 44.59459459459459
1898.0, 51.8018018018018
1899.0, 35.92592592592594
1900.0, 48.757763975155285
1901.0, 50.97402597402599
1902.0, 50.97402597402599
1903.0, 62.88951841359773
1904.0, 64.5945945945946
1905.0, 61.69014084507042
1906.0, 55.470737913486005
1907.0, 57.29166666666666
1908.0, 58.823529411764696
1909.0, 55.08021390374332
1910.0, 62.06896551724138
1911.0, 61.49999999999999
1912.0, 62.980769230769226
1913.0, 74.64387464387464
1914.0, 71.65605095541402
1915.0, 68.18181818181814
1916.0, 63.92045454545454
1917.0, 57.94701986754967
1918.0, 48.83720930232557
1919.0, 50.19607843137255
1920.0, 53.33333333333333
1921.0, 56.58914728682169
1922.0, 59.83606557377049
1923.0, 65.57377049180326
1924.0, 61.467889908256865
1925.0, 64.10256410256409
1926.0, 64.99999999999999
1927.0, 66.12244897959181
1928.0, 59.91379310344825
1929.0, 66.81818181818181
1930.0, 78.77358490566034
1931.0, 76.38190954773867
1932.0, 69.72477064220183
1933.0, 88.04347826086956
1934.0, 83.79310344827584
1935.0, 84.59016393442622
1936.0, 81.64556962025314
1937.0, 82.47734138972808
1938.0, 82.47734138972808
1939.0, 79.81651376146787
1940.0, 76.85955662834274
1941.0, 75.39432176656148
1942.0, 74.45482866043612
1943.0, 74.2138364779874
1944.0, 71.51898734177215
1945.0, 67.46268656716416
1946.0, 70.15384615384613
1947.0, 51.01010101010098
1948.0, 57.386363636363654
1949.0, 52.229299363057336
1950.0, 55.03355704697987
1951.0, 61.494252873563184
1952.0, 63.1868131868132
1953.0, 71.078431372549
1954.0, 53.4779080917607
1955.0, 54.10447761194031
1956.0, 53.117444501428686
1957.0, 55.862877638294954
1958.0, 54.54606681034483
1959.0, 59.79157924185202
1960.0, 59.93169779760246
1961.0, 51.77893738140417
1962.0, 52.9885240675805
1963.0, 46.5196365767878
1964.0, 43.4922592135909
1965.0, 32.12564267352188
1966.0, 26.835815725666777
1967.0, 40.06951340615693
1968.0, 47.279879477736884
1969.0, 58.25026939655172
1970.0, 59.858813758737604
1971.0, 58.273381294964004
1972.0, 58.69565217391305
1973.0, 57.62081784386616
1974.0, 56.71641791044779
1975.0, 62.67123287671233
1976.0, 62.41379310344826
1977.0, 72.06896551724138
1978.0, 79.02621722846442
1979.0, 73.5191637630662
1980.0, 74.75083056478405
1981.0, 69.6
1982.0, 75.98253275109172
1983.0, 67.83625730994153
1984.0, 64.80446927374308
1985.0, 66.66666666666673
1986.0, 66.31578947368422
1987.0, 68.78048780487806
1988.0, 65.88785046728974
1989.0, 63.13131313131318
1990.0, 59.24170616113745
1991.0, 53.51351351351349
1992.0, 48.499999999999986
1993.0, 45.75471698113208
1994.0, 43.34975369458123
1995.0, 25.777777777777743
1996.0, 27.64976958525341
1997.0, 28.310502283105023
1998.0, 25.619834710743774
1999.0, 26.530612244897966
2000.0, 27.31092436974791
2001.0, 20.960698689956345
2002.0, 30.894308943089413
2003.0, 32.0
2004.0, 39.147286821705414
2005.0, 34.73684210526318
2006.0, 44.039735099337754
2007.0, 47.499999999999986
2008.0, 43.686006825938584
2009.0, 54.800000000000004
2010.0, 32.374100719424476
2011.0, 35.172413793103445
2012.0, 36.00000000000001
2013.0, 34.14043583535107
2014.0, 36.14457831325301
2015.0, 43.14159292035398
2016.0, 39.95327102803739
2017.0, 41.9864559819413
2018.0, 40.23255813953489
2019.0, 42.92803970223325
2020.0, 38.9920424403183
2021.0, 39.2
2022.0, 41.340782122905026
2023.0, 39.15492957746479
2024.0, 74.86631016042782
2025.0, 72.18934911242604
2026.0, 81.33333333333337
2027.0, 80.2816901408451
2028.0, 80.14184397163123
2029.0, 75.65217391304353
2030.0, 73.45132743362828
2031.0, 66.66666666666666
2032.0, 54.736842105263136
2033.0, 55.913978494623606
2034.0, 47.82608695652175
2035.0, 54.999999999999986
2036.0, 38.05309734513279
2037.0, 37.06896551724139
2038.0, 32.30769230769236
2039.0, 37.58865248226952
2040.0, 45.94594594594595
2041.0, 48.38709677419356
2042.0, 44.370860927152336
2043.0, 50.0
2044.0, 55.91397849462367
2045.0, 48.43749999999999
2046.0, 41.70403587443948
2047.0, 48.20717131474104
2048.0, 49.59016393442622
2049.0, 49.59016393442622
2050.0, 59.54545454545453
2051.0, 60.64814814814819
2052.0, 67.741935483871
2053.0, 67.88990825688077
2054.0, 73.18007662835252
2055.0, 73.18007662835251
2056.0, 68.21428571428577
2057.0, 64.82213438735181
2058.0, 57.60000000000003
2059.0, 63.374485596707856
2060.0, 77.832512315271
2061.0, 77.15736040609144
2062.0, 77.15736040609144
2063.0, 76.38190954773879
2064.0, 75.39267015706815
2065.0, 78.01047120418855
2066.0, 71.50537634408602
2067.0, 71.50537634408602
2068.0, 54.34782608695651
2069.0, 50.74626865671646
2070.0, 64.16666666666667
2071.0, 65.8730158730159
2072.0, 59.71223021582732
2073.0, 43.712574850299376
2074.0, 57.657657657657644
2075.0, 61.31687242798353
2076.0, 61.94331983805667
2077.0, 62.19512195121949
2078.0, 60.64257028112446
2079.0, 58.870967741935466
2080.0, 61.76470588235295
2081.0, 58.482142857142875
2082.0, 54.811715481171554
2083.0, 58.49802371541501
2084.0, 57.4898785425101
2085.0, 54.042553191489354
2086.0, 61.057692307692285
2087.0, 75.2873563218391
2088.0, 62.60869565217396
2089.0, 33.33333333333326
2090.0, 40.206185567010344
2091.0, 40.62500000000002
2092.0, 35.45454545454551
2093.0, 27.65957446808511
2094.0, 29.655172413793153
2095.0, 27.6527331189711
2096.0, 31.386861313868664
2097.0, 19.548872180451184
2098.0, 20.740740740740875
2099.0, 19.444444444444557
2100.0, 34.68208092485557
2101.0, 28.571428571428626
2102.0, 33.962264150943426
2103.0, 43.693693693693724
2104.0, 38.24884792626731
2105.0, 38.160919540229905
2106.0, 45.260663507108994
2107.0, 59.137055837563466
2108.0, 57.474226804123674
2109.0, 58.22454308093992
2110.0, 60.48387096774188
2111.0, 64.28571428571426
2112.0, 63.23529411764702
2113.0, 64.37125748502993
2114.0, 55.109489051094904
2115.0, 64.52991452991449
2116.0, 60.47619047619041
2117.0, 41.84782608695651
2118.0, 52.659574468085054
2119.0, 53.92670157068068
2120.0, 45.348837209302324
2121.0, 25.714285714285694
2122.0, 29.577464788732385
2123.0, 30.882352941176435
2124.0, 27.02702702702699
2125.0, 25.316455696202468
2126.0, 27.160493827160565
2127.0, 32.43243243243245
2128.0, 30.0
2129.0, 30.37974683544303
2130.0, 35.294117647058854
2131.0, 68.61313868613135
2132.0, 74.99999999999997
2133.0, 79.62085308056868
2134.0, 82.6086956521739
2135.0, 86.98884758364308
2136.0, 88.25503355704694
2137.0, 90.9385113268608
2138.0, 93.09210526315788
2139.0, 95.43973941368077
2140.0, 95.89442815249265
2141.0, 79.46210268948656
2142.0, 84.10041841004184
2143.0, 80.40000000000002
2144.0, 81.2619502868069
2145.0, 80.36072144288579
2146.0, 76.50862068965519
2147.0, 72.01834862385324
2148.0, 70.67307692307696
2149.0, 68.31168831168834
2150.0, 67.29222520107243
2151.0, 61.803713527851485
2152.0, 62.30366492146598
2153.0, 68.35164835164838
2154.0, 66.43356643356645
2155.0, 83.25791855203622
2156.0, 80.60288335517697
2157.0, 88.69778869778871
2158.0, 81.18811881188122
2159.0, 80.00000000000003
2160.0, 83.75000000000003
2161.0, 87.192118226601
2162.0, 81.2933025404157
2163.0, 80.80568720379146
2164.0, 84.05511811023621
2165.0, 89.40754039497307
2166.0, 67.72413793103449
2167.0, 55.96707818930041
2168.0, 58.898847631242006
2169.0, 54.53257790368272
2170.0, 52.01129146083273
2171.0, 52.11267605633803
2172.0, 54.54545454545453
2173.0, 53.52323838080959
2174.0, 49.77099236641221
2175.0, 49.69418960244648
2176.0, 56.140350877192986
2177.0, 56.709956709956714
2178.0, 45.92000000000001
2179.0, 39.964476021314404
2180.0, 55.555555555555536
2181.0, 70.75471698113206
2182.0, 57.801418439716294
2183.0, 58.9655172413793
2184.0, 67.94871794871796
2185.0, 79.50819672131146
2186.0, 76.4205107899426
2187.0, 64.59731543624162
2188.0, 69.18138041733548
2189.0, 69.66824644549763
2190.0, 61.91247974068073
2191.0, 51.385041551246545
2192.0, 59.35064935064936
2193.0, 58.03108808290157
2194.0, 57.070063694267525
2195.0, 62.96703296703298
2196.0, 62.012987012987004
2197.0, 62.0950323974082
2198.0, 57.667386609071265
2199.0, 41.336971350613915
2200.0, 43.316319492343766
2201.0, 50.9984639016897
2202.0, 51.3719512195122
2203.0, 51.22324159021407
2204.0, 54.82815057283142
2205.0, 65.55772994129157
2206.0, 53.43347639484979
2207.0, 48.44357976653696
2208.0, 47.33840304182508
2209.0, 29.665071770334947
2210.0, 40.65420560747667
2211.0, 42.14123006833716
2212.0, 45.67901234567904
2213.0, 52.72727272727274
2214.0, 45.1764705882353
2215.0, 43.309002433090065
2216.0, 28.0973451327434
2217.0, 42.27353463587921
2218.0, 38.14102564102565
2219.0, 43.68340943683408
2220.0, 42.268041237113394
2221.0, 46.80511182108625
2222.0, 48.032786885245905
2223.0, 51.21951219512195
2224.0, 49.06621392190151
2225.0, 42.97520661157024
2226.0, 43.117744610281925
2227.0, 41.226575809199325
2228.0, 41.29692832764506
2229.0, 43.69885433715219
2230.0, 51.14942528735634
2231.0, 38.106796116504825
2232.0, 64.91862567811937
2233.0, 59.845559845559855
2234.0, 73.34558823529413
2235.0, 59.817351598173516
2236.0, 65.45718432510886
2237.0, 63.08823529411766
2238.0, 58.44155844155845
2239.0, 63.06990881458968
2240.0, 64.21052631578945
2241.0, 65.4970760233918
2242.0, 67.57164404223226
2243.0, 57.31874145006839
2244.0, 55.86666666666666
2245.0, 55.02717391304346
2246.0, 33.278688524590166
2247.0, 38.304552590266894
2248.0, 27.097902097902093
2249.0, 44.506517690875235
2250.0, 37.242798353909436
2251.0, 35.91269841269839
2252.0, 41.27310061601641
2253.0, 40.786749482401646
2254.0, 40.909090909090914
2255.0, 38.22894168466522
2256.0, 39.6860986547085
2257.0, 55.09138381201045
2258.0, 57.8082191780822
2259.0, 65.85365853658537
2260.0, 81.56028368794324
2261.0, 81.77570093457942
2262.0, 82.15962441314558
2263.0, 79.40379403794043
2264.0, 81.09589041095896
2265.0, 84.33048433048432
2266.0, 88.7295081967213
2267.0, 70.11494252873563
2268.0, 71.0651828298887
2269.0, 74.03708987161198
2270.0, 71.09589041095892
2271.0, 67.54874651810584
2272.0, 61.392405063291136
2273.0, 59.44148936170213
2274.0, 52.29357798165139
2275.0, 47.5100942126514
2276.0, 46.69312169312169
2277.0, 44.945355191256816
2278.0, 44.59644322845415
2279.0, 47.06684856753069
2280.0, 31.177446102819232
2281.0, 38.3673469387755
2282.0, 34.204793028322456
2283.0, 20.581113801452744
2284.0, 39.95815899581587
2285.0, 41.34199134199136
2286.0, 43.01801801801799
2287.0, 34.79381443298968
2288.0, 40.66265060240961
2289.0, 54.52127659574469
2290.0, 54.66666666666664
2291.0, 50.12406947890821
2292.0, 42.70613107822412
2293.0, 35.88235294117645
2294.0, 37.654320987654316
2295.0, 42.54473161033796
2296.0, 35.81081081081081
2297.0, 40.703517587939665
2298.0, 28.4848484848485
2299.0, 35.67467652495378
2300.0, 45.48872180451127
2301.0, 45.89552238805969
2302.0, 44.64609800362975
2303.0, 42.883895131086156
2304.0, 46.12326043737577
2305.0, 48.434237995824645
2306.0, 50.989010989010985
2307.0, 47.15447154471547
2308.0, 50.481695568400745
2309.0, 39.7590361445783
2310.0, 39.82758620689654
2311.0, 30.257186081694414
2312.0, 32.70072992700727
2313.0, 22.811671087533128
2314.0, 17.27528089887639
2315.0, 16.335227272727266
2316.0, 18.194842406876774
2317.0, 21.24137931034481
2318.0, 19.764397905759125
2319.0, 18.414634146341427
2320.0, 19.97422680412369
2321.0, 25.63380281690138
2322.0, 24.57142857142857
2323.0, 25.595238095238088
2324.0, 31.780366056572376
2325.0, 39.307535641547865
2326.0, 39.183673469387756
2327.0, 53.664921465968604
2328.0, 51.767676767676754
2329.0, 54.52380952380951
2330.0, 50.11547344110855
2331.0, 39.664804469273754
2332.0, 40.80459770114943
2333.0, 50.6896551724138
2334.0, 54.889589905362755
2335.0, 50.515463917525764
2336.0, 50.173010380622834
2337.0, 73.57859531772574
2338.0, 63.406940063091476
2339.0, 64.52599388379204
2340.0, 58.22784810126581
2341.0, 54.80769230769229
2342.0, 62.500000000000014
2343.0, 55.37974683544304
2344.0, 56.91056910569107
2345.0, 58.33333333333332
2346.0, 61.62790697674418
2347.0, 55.882352941176464
2348.0, 51.694915254237316
2349.0, 49.03536977491961
2350.0, 47.6897689768977
2351.0, 29.32489451476799
2352.0, 40.6818181818182
2353.0, 33.695652173913075
2354.0, 34.598214285714334
2355.0, 31.762295081967252
2356.0, 15.953947368421083
2357.0, 14.017341040462455
2358.0, 14.16058394160585
2359.0, 9.969788519637504
2360.0, 10.725552050473269
2361.0, 10.52631578947377
2362.0, 9.393939393939448
2363.0, 9.09090909090915
2364.0, 25.659472422062336
2365.0, 27.990430622009598
2366.0, 25.679012345679013
2367.0, 25.181598062954023
2368.0, 29.48113207547169
2369.0, 32.5
2370.0, 39.51367781155017
2371.0, 52.28070175438598
2372.0, 73.14410480349345
2373.0, 57.36301369863015
2374.0, 52.3921568627451
2375.0, 54.5751633986928
2376.0, 56.913183279742775
2377.0, 63.90977443609023
2378.0, 56.87919463087249
2379.0, 57.59075907590759
2380.0, 57.09515859766278
2381.0, 56.5289256198347
2382.0, 57.44336569579288
2383.0, 59.413580246913575
2384.0, 67.33333333333333
2385.0, 69.67821782178217
2386.0, 67.97385620915033
2387.0, 74.28571428571428
2388.0, 81.77196804647784
2389.0, 80.54363376251789
2390.0, 80.65433854907539
2391.0, 75.15151515151516
2392.0, 78.09239940387482
2393.0, 74.22680412371135
2394.0, 74.22680412371135
2395.0, 83.2530120481928
2396.0, 75.00000000000001
2397.0, 76.24728850325381
2398.0, 74.94279176201374
2399.0, 68.64608076009503
2400.0, 57.312252964426875
2401.0, 65.23489932885906
2402.0, 63.41807909604519
2403.0, 68.03713527851458
2404.0, 61.586901763224176
2405.0, 64.84771573604061
2406.0, 57.43162901307966
2407.0, 57.363420427553436
2408.0, 52.499999999999986
2409.0, 39.519359145527396
2410.0, 43.21167883211681
2411.0, 38.351822503961955
2412.0, 29.929577464788736
2413.0, 30.630630630630634
2414.0, 32.56704980842913
2415.0, 25.894736842105246
2416.0, 21.119133574007222
2417.0, 21.5439856373429
2418.0, 23.4375
2419.0, 19.658976930792335
2420.0, 20.76271186440674
2421.0, 23.841059602648954
2422.0, 31.887755102040813
2423.0, 28.344671201814037
2424.0, 26.59574468085104
2425.0, 31.274900398406373
2426.0, 38.00738007380074
2427.0, 43.49442379182157
2428.0, 46.62813102119461
2429.0, 43.51005484460696
2430.0, 54.83870967741936
2431.0, 46.80365296803654
2432.0, 52.12527964205815
2433.0, 55.22875816993464
2434.0, 64.13301662707838
2435.0, 68.27731092436974
2436.0, 68.41004184100416
2437.0, 83.955223880597
2438.0, 93.22314049586777
2439.0, 92.91882556131262
2440.0, 81.77257525083608
2441.0, 81.17443868739201
2442.0, 78.83959044368598
2443.0, 83.6589698046181
2444.0, 83.859649122807
2445.0, 86.59127625201937
2446.0, 86.50406504065039
2447.0, 84.47563996696942
2448.0, 85.40372670807452
2449.0, 74.9613601236476
2450.0, 76.52173913043478
2451.0, 70.43478260869566
2452.0, 66.86159844054582
2453.0, 51.409618573797665
2454.0, 60.73298429319373
2455.0, 65.43778801843321
2456.0, 72.51308900523561
2457.0, 68.639798488665
2458.0, 69.41031941031942
2459.0, 71.7366628830874
2460.0, 67.18232044198896
2461.0, 72.04301075268816
2462.0, 72.3671497584541
2463.0, 67.05461056401074
2464.0, 64.75023562676722
2465.0, 60.958296362023056
2466.0, 61.471103327495626
2467.0, 68.89106967615308
2468.0, 65.54787759131293
2469.0, 62.17672413793103
2470.0, 64.03688524590163
2471.0, 63.775510204081634
2472.0, 60.06389776357828
2473.0, 63.30724070450098
2474.0, 66.15541922290389
2475.0, 64.542046063203
2476.0, 61.99770378874857
2477.0, 72.87449392712551
2478.0, 73.86058981233244
2479.0, 78.04532577903686
2480.0, 75.85669781931466
2481.0, 67.26519337016576
2482.0, 69.17613636363637
2483.0, 71.06325706594886
2484.0, 65.98101265822785
2485.0, 66.72
2486.0, 64.35185185185185
2487.0, 46.23893805309734
2488.0, 48.82226980728052
2489.0, 31.853496115427333
2490.0, 33.11546840958604
2491.0, 51.68350168350167
2492.0, 49.83164983164984
2493.0, 57.69230769230769
2494.0, 58.6206896551724
2495.0, 68.83561643835615
2496.0, 67.90540540540542
2497.0, 61.082910321488995
2498.0, 60.2076124567474
2499.0, 55.9485530546624
2500.0, 58.98305084745761
2501.0, 50.581395348837226
2502.0, 53.488372093023266
2503.0, 62.16968011126565
2504.0, 58.64864864864866
2505.0, 44.92753623188406
2506.0, 48.28124999999998
2507.0, 40.362438220757795
2508.0, 48.35948644793152
2509.0, 43.49650349650349
2510.0, 44.17613636363636
2511.0, 47.78106508875739
2512.0, 44.92979719188767
2513.0, 54.726368159203965
2514.0, 57.04918032786889
2515.0, 66.28571428571432
2516.0, 56.18860510805501
2517.0, 25.842696629213464
2518.0, 33.11965811965811
2519.0, 31.504065040650403
2520.0, 27.317073170731717
2521.0, 33.02063789868669
2522.0, 24.922440537745615
2523.0, 27.00106723585911
2524.0, 25.555555555555543
2525.0, 24.17251755265798
2526.0, 24.550898203592794
2527.0, 31.64556962025317
2528.0, 33.03808680248005
2529.0, 32.60489510489509
2530.0, 33.69467028003612
2531.0, 58.86426592797786
2532.0, 56.515373352855065
2533.0, 61.56299840510368
2534.0, 70.48611111111114
2535.0, 71.90082644628103
2536.0, 63.226744186046524
2537.0, 61.304347826086975
2538.0, 65.88785046728971
2539.0, 70.54491899852724
2540.0, 64.45698166431595
2541.0, 56.25
2542.0, 54.59459459459461
2543.0, 59.38697318007663
2544.0, 60.58252427184466
2545.0, 61.406844106463865
2546.0, 71.36812411847671
2547.0, 70.86834733893559
2548.0, 69.52789699570816
2549.0, 62.39870340356563
2550.0, 75.27075812274366
2551.0, 79.76973684210525
2552.0, 83.25652841781874
2553.0, 86.23737373737374
2554.0, 82.58766626360338
2555.0, 82.3095823095823
2556.0, 82.26600985221674
2557.0, 82.00992555831266
2558.0, 70.55674518201285
2559.0, 70.20585048754063
2560.0, 54.28937259923176
2561.0, 66.25
2562.0, 72.80477408354645
2563.0, 76.6899766899767
2564.0, 77.69516728624535
2565.0, 75.38580246913578
2566.0, 64.69760900140646
2567.0, 56.089992242048105
2568.0, 63.903541823662394
2569.0, 65.13828238719069
2570.0, 64.10818713450293
2571.0, 64.56977584960231
2572.0, 67.34539969834086
2573.0, 63.32831325301204
2574.0, 67.06539074960128
2575.0, 57.65352887259394
2576.0, 49.397590361445786
2577.0, 38.82783882783881
2578.0, 29.007633587786245
2579.0, 30.719794344473016
2580.0, 44.806201550387605
2581.0, 47.068403908794764
2582.0, 29.39068100358425
2583.0, 31.239092495637053
2584.0, 34.36426116838487
2585.0, 30.564784053156103
2586.0, 43.81107491856678
2587.0, 53.58851674641151
2588.0, 58.985507246376834
2589.0, 69.92287917737792
2590.0, 68.59060402684567
2591.0, 63.086419753086425
2592.0, 71.36094674556213
2593.0, 68.43930635838154
2594.0, 66.70731707317074
2595.0, 70.66014669926656
2596.0, 73.25728770595695
2597.0, 65.90038314176246
2598.0, 67.71463119709796
2599.0, 63.78132118451028
2600.0, 60.1003764115433
2601.0, 54.49735449735451
2602.0, 38.70601589103288
2603.0, 40.983606557377044
2604.0, 39.95656894679694
2605.0, 41.628959276018065
2606.0, 33.65853658536585
2607.0, 37.968561064087055
2608.0, 32.73305084745765
2609.0, 37.376725838264285
2610.0, 42.67822736030827
2611.0, 45.27918781725888
2612.0, 39.35950413223143
2613.0, 45.53376906318082
2614.0, 52.60663507109003
2615.0, 52.06378986866791
2616.0, 54.679802955665004
2617.0, 46.00938967136151
2618.0, 44.444444444444464
2619.0, 45.37037037037038
2620.0, 42.748091603053446
2621.0, 37.8205128205128
2622.0, 46.44935972060536
2623.0, 45.88235294117648
2624.0, 28.471615720524028
2625.0, 26.238830219333877
2626.0, 23.20402298850574
2627.0, 27.030716723549503
2628.0, 18.02120141342759
2629.0, 17.406143344709932
2630.0, 18.736223365172705
2631.0, 21.782178217821794
2632.0, 21.797593772116073
2633.0, 21.067031463748293
2634.0, 26.707650273224047
2635.0, 27.61299435028249
2636.0, 26.837972876516773
2637.0, 21.083890126206384
2638.0, 26.36954503249767
2639.0, 25.357142857142847
2640.0, 29.831932773109244
2641.0, 18.689581095596125
2642.0, 28.84615384615384
2643.0, 38.98840885142255
2644.0, 48.01932367149758
2645.0, 45.21384928716905
2646.0, 45.72605561277033
2647.0, 46.10591900311526
2648.0, 48.96755162241889
2649.0, 47.42857142857144
2650.0, 46.820809248554916
2651.0, 51.737089201877936
2652.0, 53.59922178988328
2653.0, 61.495535714285715
2654.0, 64.2191142191142
2655.0, 72.15836526181353
2656.0, 69.46778711484592
2657.0, 63.258785942492
2658.0, 55.33980582524271
2659.0, 52.36294896030246
2660.0, 53.99610136452241
2661.0, 59.31477516059957
2662.0, 40.462427745664755
2663.0, 57.62273901808785
2664.0, 49.39759036144577
2665.0, 27.290448343079902
2666.0, 28.112449799196753
2667.0, 33.94833948339482
2668.0, 36.60714285714286
2669.0, 39.003436426116835
2670.0, 43.38118022328547
2671.0, 49.63289280469897
2672.0, 58.87290167865708
2673.0, 58.17535545023696
2674.0, 54.98320268757
2675.0, 54.738015607580806
2676.0, 52.738990332975284
2677.0, 46.31101021566403
2678.0, 53.48583877995643
2679.0, 66.83417085427135
2680.0, 70.63389391979302
2681.0, 50.376317109884596
2682.0, 48.00399201596805
2683.0, 47.16024340770792
2684.0, 44.98416050686378
2685.0, 47.95204795204795
2686.0, 34.70982142857143
2687.0, 39.89130434782608
2688.0, 42.42774566473989
2689.0, 45.05494505494506
2690.0, 50.98039215686275
2691.0, 38.51851851851851
2692.0, 32.33009708737863
2693.0, 28.32201745877788
2694.0, 27.549019607843135
2695.0, 33.15634218289085
2696.0, 32.52314814814814
2697.0, 29.999999999999986
2698.0, 25.879682179341643
2699.0, 12.980769230769212
2700.0, 14.025974025974008
2701.0, 6.701030927835049
2702.0, 22.619047619047592
2703.0, 21.274409044193206
2704.0, 20.20833333333333
2705.0, 30.104321907600564
2706.0, 41.47651006711409
2707.0, 43.70579915134369
2708.0, 40.96385542168673
2709.0, 45.94594594594595
2710.0, 46.78899082568808
2711.0, 46.08433734939759
2712.0, 47.88732394366197
2713.0, 53.21739130434784
2714.0, 49.1171749598716
2715.0, 51.428571428571416
2716.0, 31.837606837606828
2717.0, 49.146110056926
2718.0, 39.964476021314404
2719.0, 34.49920508744039
2720.0, 30.52276559865095
2721.0, 29.623567921440284
2722.0, 34.18367346938777
2723.0, 34.476843910806195
2724.0, 46.49390243902438
2725.0, 46.00301659125188
2726.0, 51.36298421807748
2727.0, 50.564971751412436
2728.0, 49.826026443980524
2729.0, 53.42368045649072
2730.0, 58.29817158931083
2731.0, 46.630934150076556
2732.0, 48.41017488076309
2733.0, 56.358885017421606
2734.0, 55.6637168141593
2735.0, 48.53395061728394
2736.0, 44.68892261001518
2737.0, 42.557803468208085
2738.0, 34.18874172185431
2739.0, 33.19935691318328
2740.0, 27.86458333333333
2741.0, 24.961119751166407
2742.0, 26.95214105793451
2743.0, 31.924882629107984
2744.0, 33.587786259542
2745.0, 35.14376996805113
2746.0, 35.42673107890501
2747.0, 41.45985401459855
2748.0, 32.03463203463204
2749.0, 35.63402889245586
2750.0, 43.16436251920123
2751.0, 46.49265905383361
2752.0, 40.45112781954887
2753.0, 47.24409448818897
2754.0, 52.27920227920228
2755.0, 56.98757763975154
2756.0, 56.81114551083592
2757.0, 52.299829642248724
2758.0, 48.339483394833955
2759.0, 49.80988593155894
2760.0, 54.209445585215605
2761.0, 54.76673427991887
2762.0, 69.64285714285712
2763.0, 74.52229299363056
2764.0, 70.94430992736076
2765.0, 71.63120567375887
2766.0, 79.52755905511808
2767.0, 79.03225806451607
2768.0, 73.57859531772574
2769.0, 82.60869565217394
2770.0, 92.1940928270042
2771.0, 92.48434237995826
2772.0, 92.43697478991598
2773.0, 92.82700421940928
2774.0, 92.40506329113926
2775.0, 91.5294117647059
2776.0, 82.1333333333333
2777.0, 82.57372654155492
2778.0, 78.11704834605592
2779.0, 78.44611528822051
2780.0, 79.64376590330781
2781.0, 62.31263383297646
2782.0, 63.46555323590811
2783.0, 64.28571428571425
2784.0, 45.3125
2785.0, 42.638036809815944
2786.0, 38.416422287390056
2787.0, 35.30997304582212
2788.0, 34.47368421052634
2789.0, 27.616279069767415
2790.0, 49.76958525345623
2791.0, 50.900900900900915
2792.0, 53.53773584905661
2793.0, 44.8051948051948
2794.0, 42.68041237113404
2795.0, 52.141057934508794
2796.0, 52.26130653266331
2797.0, 46.321525885558586
2798.0, 39.682539682539705
2799.0, 43.455497382198956
2800.0, 51.262626262626235
2801.0, 63.255813953488385
2802.0, 61.95899772209569
2803.0, 59.161147902869786
2804.0, 37.027707808564216
2805.0, 37.65586034912715
2806.0, 36.67481662591687
2807.0, 44.7802197802198
2808.0, 50.77881619937695
2809.0, 44.657534246575345
2810.0, 46.70184696569921
2811.0, 50.0
2812.0, 47.67726161369192
2813.0, 47.67726161369192
2814.0, 46.23115577889451
2815.0, 28.606965174129428
2816.0, 29.0404040404041
2817.0, 40.63205417607224
2818.0, 45.56962025316459
2819.0, 49.1725768321513
2820.0, 58.71743486973948
2821.0, 60.687022900763324
2822.0, 59.66228893058159
2823.0, 61.86770428015567
2824.0, 59.67078189300413
2825.0, 67.38768718801998
2826.0, 73.88193202146694
2827.0, 74.69670710571927
2828.0, 76.02627257799674
2829.0, 82.5311942959002
2830.0, 85.68994889267466
2831.0, 84.21052631578952
2832.0, 87.16475095785444
2833.0, 84.80492813141686
2834.0, 83.33333333333336
2835.0, 80.77858880778591
2836.0, 84.61538461538463
2837.0, 89.63911525029096
2838.0, 90.08908685968812
2839.0, 86.3914373088684
2840.0, 87.74104683195584
2841.0, 81.054131054131
2842.0, 65.27377521613833
2843.0, 70.12383900928789
2844.0, 64.0893470790378
2845.0, 64.0893470790378
2846.0, 60.033444816053525
2847.0, 65.1702786377709
2848.0, 65.1702786377709
2849.0, 61.730205278592386
2850.0, 61.9533527696793
2851.0, 66.25514403292186
2852.0, 50.112866817155776
2853.0, 46.47577092511016
2854.0, 50.30674846625768
2855.0, 58.614232209737814
2856.0, 69.41391941391942
2857.0, 69.59706959706963
2858.0, 71.73524150268338
2859.0, 70.45045045045045
2860.0, 75.69331158238171
2861.0, 79.72789115646258
2862.0, 79.56104252400547
2863.0, 75.12953367875646
2864.0, 73.25905292479108
2865.0, 74.50199203187249
2866.0, 80.3724928366762
2867.0, 84.72775564409028
2868.0, 83.26055312954874
2869.0, 81.86119873817033
2870.0, 78.91986062717766
2871.0, 79.86688851913473
2872.0, 79.2096219931271
2873.0, 80.57432432432431
2874.0, 78.3427495291902
2875.0, 64.61916461916456
2876.0, 65.63245823389016
2877.0, 79.03225806451606
2878.0, 72.70471464019845
2879.0, 65.24216524216519
2880.0, 76.13293051359507
2881.0, 72.2807017543859
2882.0, 59.56790123456781
2883.0, 56.825396825396794
2884.0, 57.74193548387095
2885.0, 59.81595092024537
2886.0, 59.567901234567884
2887.0, 61.35693215339229
2888.0, 60.18237082066864
2889.0, 63.87096774193551
2890.0, 58.518518518518526
2891.0, 49.11660777385158
2892.0, 53.87596899224805
2893.0, 54.08560311284049
2894.0, 41.877256317689536
2895.0, 39.24528301886791
2896.0, 45.02164502164508
2897.0, 51.39442231075698
2898.0, 61.58730158730161
2899.0, 29.761904761904717
2900.0, 28.46299810246677
2901.0, 22.709923664122115
2902.0, 21.727019498607234
2903.0, 21.04316546762587
2904.0, 18.956521739130437
2905.0, 17.839607201309335
2906.0, 20.80000000000001
2907.0, 19.93865030674847
2908.0, 23.42126298960831
2909.0, 25.563325563325563
2910.0, 25.905511811023615
2911.0, 29.46026986506746
2912.0, 26.713395638629308
2913.0, 54.675572519083985
2914.0, 62.23591549295771
2915.0, 63.75112714156896
2916.0, 66.96508504923901
2917.0, 71.03321033210332
2918.0, 76.74418604651163
2919.0, 87.56268806419257
2920.0, 81.6306483300589
2921.0, 46.01328903654483
2922.0, 42.24457384859715
2923.0, 37.76734480959831
2924.0, 38.790406673618364
2925.0, 31.850353892821033
2926.0, 31.083844580777082
2927.0, 21.1173184357542
2928.0, 15.651135005973742
2929.0, 15.188405797101481
2930.0, 19.34950385887541
2931.0, 19.967177242888425
2932.0, 15.40600667408232
2933.0, 19.989479221462403
2934.0, 20.43010752688174
2935.0, 39.250493096646956
2936.0, 48.240165631469964
2937.0, 49.892933618843706
2938.0, 46.75052410901465
2939.0, 51.029748283752866
2940.0, 46.97336561743341
2941.0, 49.743589743589745
2942.0, 51.485148514851495
2943.0, 52.92620865139949
2944.0, 39.50276243093927
2945.0, 36.33720930232557
2946.0, 44.92753623188409
2947.0, 38.110749185667736
2948.0, 56.763285024154605
2949.0, 75.1388888888889
2950.0, 75.20775623268699
2951.0, 79.99999999999999
2952.0, 82.94360385144431
2953.0, 88.41642228739005
2954.0, 89.38307030129127
2955.0, 88.36879432624113
2956.0, 82.1917808219178
2957.0, 86.86605981794537
2958.0, 91.03078982597053
2959.0, 90.54593874833554
2960.0, 87.13136729222519
2961.0, 83.6436170212766
2962.0, 76.72672672672672
2963.0, 61.24999999999998
2964.0, 59.635416666666686
2965.0, 57.6502732240437
2966.0, 55.840455840455846
2967.0, 47.1153846153846
2968.0, 28.295819935691327
2969.0, 23.592493297587154
2970.0, 24.076607387140925
2971.0, 17.040358744394624
2972.0, 22.80945757997219
2973.0, 22.80945757997219
2974.0, 23.033707865168537
2975.0, 24.05247813411077
2976.0, 29.335260115606943
2977.0, 30.83451202263086
2978.0, 26.121372031662276
2979.0, 26.892950391644916
2980.0, 28.48020434227331
2981.0, 30.053908355795144
2982.0, 45.74074074074074
2983.0, 54.28571428571425
2984.0, 61.622807017543835
2985.0, 63.312368972746334
2986.0, 55.55555555555556
2987.0, 54.42176870748299
2988.0, 53.21507760532149
2989.0, 56.58436213991768
2990.0, 52.90178571428569
2991.0, 41.239570917759224
2992.0, 60.47297297297295
2993.0, 53.13852813852812
2994.0, 53.03687635574838
2995.0, 56.07798165137614
2996.0, 50.57339449541284
2997.0, 57.421874999999986
2998.0, 57.75193798449612
2999.0, 53.542234332425025
3000.0, 52.680965147453065
3001.0, 53.83561643835612
3002.0, 59.037900874635554
3003.0, 55.53797468354431
3004.0, 57.55287009063442
3005.0, 70.38081805359657
3006.0, 66.56050955414008
3007.0, 81.06508875739638
3008.0, 76.63551401869145
3009.0, 70.893371757925
3010.0, 78.49162011173173
3011.0, 81.70426065162901
3012.0, 76.4550264550264
3013.0, 74.48453608247422
3014.0, 69.97578692493946
3015.0, 71.8676122931442
3016.0, 68.50574712643677
3017.0, 68.36027713625865
3018.0, 62.305986696230576
3019.0, 47.33475479744137
3020.0, 42.491268917345764
3021.0, 39.756097560975576
3022.0, 37.04545454545456
3023.0, 29.85347985347984
3024.0, 19.72265023112479
3025.0, 13.408723747980588
3026.0, 13.153724247226606
3027.0, 13.43042071197408
3028.0, 14.261168384879696
3029.0, 13.816925734024139
3030.0, 16.347826086956502
3031.0, 17.91808873720133
3032.0, 20.14260249554367
3033.0, 25.201612903225822
3034.0, 21.66172106824925
3035.0, 24.282982791587017
3036.0, 24.098671726755214
3037.0, 28.733031674208135
3038.0, 41.63934426229506
3039.0, 47.07792207792208
3040.0, 49.48805460750851
3041.0, 49.65753424657535
3042.0, 56.73076923076919
3043.0, 52.380952380952415
3044.0, 58.21727019498608
3045.0, 49.739583333333336
3046.0, 45.18518518518517
3047.0, 38.6004514672686
3048.0, 39.95327102803735
3049.0, 46.79089026915111
3050.0, 53.61050328227569
3051.0, 59.90220048899754
3052.0, 58.75299760191847
3053.0, 47.789473684210556
3054.0, 45.39999999999999
3055.0, 46.107784431137716
3056.0, 47.16242661448142
3057.0, 50.86705202312138
3058.0, 50.77220077220079
3059.0, 58.75486381322959
3060.0, 64.67181467181466
3061.0, 72.46376811594203
3062.0, 74.53416149068323
3063.0, 69.8529411764706
3064.0, 66.33416458852865
3065.0, 67.70334928229664
3066.0, 69.41747572815534
3067.0, 84.1176470588234
3068.0, 94.87179487179476
3069.0, 94.98432601880867
3070.0, 94.40559440559429
3071.0, 94.22382671480132
3072.0, 95.10703363914362
3073.0, 86.90095846645357
3074.0, 85.05338078291801
3075.0, 64.18338108882517
3076.0, 67.01846965699204
3077.0, 48.72979214780601
3078.0, 45.18201284796575
3079.0, 48.490945674044276
3080.0, 49.50690335305719
3081.0, 51.351351351351354
3082.0, 49.42084942084943
3083.0, 50.378787878787875
3084.0, 48.58223062381854
3085.0, 44.58715596330275
3086.0, 27.41935483870965
3087.0, 35.077519379844944
3088.0, 35.89251439539345
3089.0, 41.555555555555515
3090.0, 39.678899082568805
3091.0, 45.646437994722966
3092.0, 54.41595441595447
3093.0, 46.3022508038585
3094.0, 41.58730158730154
3095.0, 43.730886850152885
3096.0, 42.43323442136495
3097.0, 46.84931506849319
3098.0, 55.66265060240963
3099.0, 60.51282051282052
3100.0, 73.91304347826085
3101.0, 72.41379310344826
3102.0, 73.98373983739836
3103.0, 76.66666666666669
3104.0, 67.56756756756758
3105.0, 65.61679790026243
3106.0, 67.57425742574253
3107.0, 58.58369098712448
3108.0, 60.398230088495595
3109.0, 58.07962529274006
3110.0, 61.961722488038276
3111.0, 53.7084398976982
3112.0, 45.97014925373135
3113.0, 44.213649851632034
3114.0, 43.202416918429016
3115.0, 41.43302180685357
3116.0, 33.33333333333333
3117.0, 33.95638629283485
3118.0, 47.92899408284023
3119.0, 46.956521739130416
3120.0, 42.633228840125405
3121.0, 54.18326693227087
3122.0, 51.908396946564835
3123.0, 53.67817359655893
3124.0, 52.63157894736843
3125.0, 53.23193916349805
3126.0, 48.22695035460991
3127.0, 45.033112582781456
3128.0, 37.19298245614036
3129.0, 39.93288590604032
3130.0, 43.27272727272728
3131.0, 44.87632508833926
3132.0, 42.00743494423796
3133.0, 59.83606557377047
3134.0, 48.51851851851849
3135.0, 26.30522088353416
3136.0, 24.259259259259295
3137.0, 22.117511477908522
3138.0, 20.689655172413794
3139.0, 19.420783645655888
3140.0, 20.63492063492066
3141.0, 20.9677419354839
3142.0, 29.25619834710743
3143.0, 25.82322357019062
3144.0, 24.546952224052703
3145.0, 22.277227722772267
3146.0, 19.89795918367345
3147.0, 14.43298969072164
3148.0, 19.964973730297743
3149.0, 30.978260869565247
3150.0, 36.19047619047618
3151.0, 39.74763406940066
3152.0, 42.52491694352161
3153.0, 56.45756457564578
3154.0, 51.194539249146764
3155.0, 50.167224080267516
3156.0, 41.33858267716542
3157.0, 46.014492753623216
3158.0, 59.8639455782313
3159.0, 63.28671328671322
3160.0, 62.36559139784939
3161.0, 63.043478260869605
3162.0, 60.15625
3163.0, 58.5551330798479
3164.0, 69.18604651162792
3165.0, 65.88921282798836
3166.0, 62.92134831460672
3167.0, 59.05044510385756
3168.0, 64.576802507837
3169.0, 73.35329341317372
3170.0, 72.44582043343657
3171.0, 61.807580174927175
3172.0, 58.805031446540895
3173.0, 61.69590643274858
3174.0, 65.97402597402602
3175.0, 67.91443850267383
3176.0, 67.741935483871
3177.0, 70.98591549295776
3178.0, 65.31986531986534
3179.0, 68.91891891891896
3180.0, 76.9461077844312
3181.0, 79.30029154518957
3182.0, 72.6027397260274
3183.0, 70.50147492625369
3184.0, 74.35897435897435
3185.0, 75.32467532467533
3186.0, 50.95785440613028
3187.0, 44.29906542056075
3188.0, 35.64356435643566
3189.0, 35.502958579881664
3190.0, 37.71428571428573
3191.0, 44.26523297491042
3192.0, 41.15456238361267
3193.0, 41.15456238361263
3194.0, 35.51020408163268
3195.0, 39.23076923076922
3196.0, 40.96385542168676
3197.0, 37.89682539682536
3198.0, 28.04123711340206
3199.0, 23.01184433164127
3200.0, 33.3333333333333
3201.0, 33.63844393592676
