0, 7.64
1, 7.11
2, 7.1
3, 7.12
4, 7.27
5, 7.37
6, 7.36
7, 7.8
8, 7.73
9, 7.55
10, 7.13
11, 7.39
12, 7.24
13, 7.05
14, 6.95
15, 6.58
16, 6.98
17, 7.13
18, 7.08
19, 7.0
20, 7.04
21, 6.83
22, 6.55
23, 5.96
24, 5.56
25, 5.74
26, 5.6
27, 5.68
28, 5.84
29, 5.7
30, 6.05
31, 6.68
32, 6.72
33, 6.82
34, 6.74
35, 6.64
36, 6.8
37, 7.04
38, 7.49
39, 7.38
40, 7.12
41, 7.04
42, 7.14
43, 7.4
44, 8.03
45, 7.98
46, 8.01
47, 7.95
48, 7.88
49, 7.9
50, 7.92
51, 7.87
52, 7.81
53, 7.27
54, 6.9
55, 6.91
56, 6.67
57, 6.73
58, 6.7
59, 7.2
60, 6.77
61, 6.74
62, 6.98
63, 7.04
64, 6.95
65, 6.9
66, 6.88
67, 6.78
68, 7.0
69, 6.94
70, 6.97
71, 6.99
72, 7.25
73, 7.39
74, 7.64
75, 7.37
76, 7.3
77, 7.81
78, 7.75
79, 7.7
80, 7.73
81, 7.28
82, 7.23
83, 7.62
84, 6.58
85, 6.42
86, 6.05
87, 6.2
88, 6.29
89, 6.33
90, 6.35
91, 6.17
92, 6.17
93, 6.15
94, 5.92
95, 6.02
96, 5.95
97, 6.04
98, 5.96
99, 6.09
100, 5.96
101, 5.81
102, 5.87
103, 5.93
104, 5.9
105, 5.8
106, 6.01
107, 5.925
108, 5.76
109, 5.93
110, 6.0
111, 6.01
112, 5.99
113, 6.0
114, 6.01
115, 6.15
116, 6.04
117, 6.0
118, 5.99
119, 6.03
120, 5.99
121, 6.0
122, 5.99
123, 6.54
124, 5.99
125, 6.0
126, 5.98
127, 5.86
128, 5.65
129, 5.57
130, 5.29
131, 5.16
132, 4.94
133, 4.77
134, 4.71
135, 4.59
136, 4.31
137, 4.49
138, 4.45
139, 4.29
140, 4.35
141, 4.33
142, 4.39
143, 4.39
144, 4.33
145, 4.29
146, 4.4
147, 4.31
148, 4.25
149, 4.25
150, 4.45
151, 5.08
152, 4.83
153, 4.79
154, 4.91
155, 4.94
156, 4.97
157, 4.95
158, 4.82
159, 4.42
160, 4.29
161, 4.51
162, 4.5
163, 4.5
164, 4.47
165, 4.41
166, 4.41
167, 4.49
168, 4.49
169, 4.48
170, 4.48
171, 4.5
172, 4.5
173, 4.44
174, 4.38
175, 4.21
176, 4.38
177, 4.04
178, 4.2
179, 4.44
180, 4.5
181, 4.52
182, 4.45
183, 4.56
184, 4.62
185, 4.5
186, 4.49
187, 4.48
188, 4.49
189, 4.47
190, 4.39
191, 4.36
192, 4.34
193, 4.25
194, 3.99
195, 4.12
196, 4.15
197, 4.21
198, 4.33
199, 4.22
200, 4.29
201, 4.34
202, 4.35
203, 4.3
204, 4.22
205, 4.05
206, 3.98
207, 3.93
208, 3.82
209, 3.94
210, 3.99
211, 3.97
212, 3.97
213, 3.84
214, 3.94
215, 3.89
216, 3.87
217, 3.78
218, 3.76
219, 3.77
220, 3.81
221, 3.8
222, 3.78
223, 3.81
224, 3.82
225, 3.86
226, 3.9
227, 3.93
228, 4.2
229, 4.03
230, 4.21
231, 4.31
232, 4.38
233, 4.14
234, 4.29
235, 4.49
236, 4.53
237, 4.53
238, 4.76
239, 4.98
240, 5.08
241, 5.48
242, 5.5
243, 5.5
244, 5.47
245, 5.52
246, 5.63
247, 5.68
248, 5.56
249, 5.47
250, 5.5
251, 5.47
252, 5.48
253, 5.49
254, 5.18
255, 5.3
256, 5.11
257, 5.45
258, 5.34
259, 5.35
260, 5.31
261, 5.39
262, 5.71
263, 5.74
264, 5.84
265, 5.71
266, 5.52
267, 5.64
268, 5.56
269, 5.43
270, 5.43
271, 5.4
272, 5.45
273, 5.35
274, 5.36
275, 5.42
276, 5.57
277, 5.57
278, 5.53
279, 5.59
280, 5.52
281, 5.55
282, 5.56
283, 5.44
284, 5.46
285, 5.45
286, 5.39
287, 5.22
288, 5.28
289, 5.09
290, 5.14
291, 5.1
292, 5.21
293, 5.22
294, 5.57
295, 5.74
296, 5.67
297, 5.67
298, 5.6
299, 5.71
300, 5.75
301, 5.68
302, 5.82
303, 5.88
304, 5.96
305, 6.09
306, 5.805
307, 5.49
308, 5.49
309, 5.45
310, 5.04
311, 5.23
312, 5.31
313, 5.51
314, 5.52
315, 5.33
316, 5.22
317, 5.26
318, 5.47
319, 5.44
320, 5.49
321, 5.38
322, 5.48
323, 5.59
324, 5.37
325, 5.48
326, 5.54
327, 5.46
328, 5.41
329, 5.17
330, 5.11
331, 4.61
332, 4.39
333, 4.71
334, 4.93
335, 4.93
336, 4.79
337, 4.46
338, 4.45
339, 4.56
340, 4.44
341, 4.5
342, 4.49
343, 4.46
344, 4.45
345, 4.19
346, 4.24
347, 4.1
348, 4.11
349, 4.14
350, 4.15
351, 4.05
352, 4.17
353, 4.03
354, 3.93
355, 3.89
356, 3.85
357, 3.8
358, 3.73
359, 3.7
360, 3.75
361, 3.73
362, 3.73
363, 3.79
364, 3.9
365, 4.06
366, 4.14
367, 4.1
368, 4.08
369, 3.97
370, 3.99
371, 3.98
372, 3.85
373, 3.9
374, 3.7
375, 3.7
376, 3.58
377, 3.7
378, 3.76
379, 3.78
380, 3.83
381, 3.85
382, 4.03
383, 3.84
384, 3.9
385, 3.83
386, 4.0
387, 3.98
388, 4.1
389, 4.25
390, 4.18
391, 4.21
392, 4.3
393, 4.07
394, 3.98
395, 4.18
396, 4.1
397, 4.33
398, 4.42
399, 4.59
400, 5.54
401, 5.89
402, 5.92
403, 5.6
404, 5.6
405, 5.52
406, 5.61
407, 5.51
408, 5.67
409, 5.68
410, 5.69
411, 5.85
412, 6.04
413, 6.37
414, 6.52
415, 6.59
416, 6.6
417, 6.65
418, 6.79
419, 6.65
420, 6.55
421, 6.65
422, 6.68
423, 6.64
424, 7.12
425, 7.38
426, 7.57
427, 7.53
428, 7.44
429, 7.54
430, 7.61
431, 7.77
432, 7.89
433, 7.93
434, 7.96
435, 8.24
436, 8.68
437, 8.95
438, 8.58
439, 8.7
440, 8.25
441, 8.52
442, 8.41
443, 8.04
444, 8.02
445, 8.01
446, 8.34
447, 7.8
448, 7.52
449, 7.38
450, 7.12
451, 7.2
452, 7.25
453, 7.56
454, 7.37
455, 7.56
456, 7.65
457, 8.04
458, 8.33
459, 8.41
460, 8.29
461, 8.24
462, 8.71
463, 7.06
464, 6.66
465, 6.9
466, 6.41
467, 6.3
468, 6.2
469, 6.41
470, 7.07
471, 7.0
472, 7.35
473, 7.6
474, 7.35
475, 7.88
476, 7.88
477, 7.66
478, 8.05
479, 8.27
480, 8.32
481, 8.19
482, 8.17
483, 8.24
484, 8.2
485, 8.13
486, 7.78
487, 7.77
488, 7.98
489, 7.8
490, 7.84
491, 7.73
492, 7.8
493, 8.34
494, 8.59
495, 8.62
496, 8.99
497, 9.34
498, 9.55
499, 9.09
500, 8.89
501, 9.0
502, 8.79
503, 8.45
504, 8.69
505, 8.46
506, 8.39
507, 8.47
508, 8.4
509, 8.57
510, 8.93
511, 8.67
512, 9.14
513, 9.03
514, 9.13
515, 9.13
516, 9.0
517, 9.03
518, 9.09
519, 9.05
520, 9.15
521, 9.25
522, 9.7
523, 9.59
524, 9.53
525, 9.6
526, 9.48
527, 9.85
528, 9.9
529, 10.19
530, 9.24
531, 9.1
532, 8.94
533, 8.62
534, 10.0
535, 9.67
536, 9.79
537, 9.72
538, 9.77
539, 9.9
540, 10.3
541, 10.26
542, 10.19
543, 10.92
544, 11.23
545, 11.52
546, 11.8
547, 11.88
548, 12.0
549, 12.52
550, 12.26
551, 12.58
552, 12.93
553, 12.22
554, 11.92
555, 11.83
556, 11.55
557, 11.53
558, 11.4
559, 11.88
560, 11.58
561, 11.2
562, 11.51
563, 11.62
564, 11.9
565, 11.87
566, 11.78
567, 11.84
568, 11.86
569, 12.0
570, 12.11
571, 12.33
572, 12.27
573, 12.13
574, 12.1
575, 12.12
576, 12.12
577, 12.18
578, 12.08
579, 12.07
580, 12.32
581, 12.52
582, 12.55
583, 12.48
584, 12.61
585, 12.59
586, 12.65
587, 12.44
588, 12.8
589, 13.83
590, 13.6
591, 13.56
592, 13.36
593, 13.36
594, 13.31
595, 13.79
596, 13.6
597, 13.61
598, 13.67
599, 14.09
600, 14.2
601, 14.82
602, 14.73
603, 14.65
604, 14.9
605, 14.69
606, 14.5
607, 14.99
608, 15.57
609, 15.87
610, 15.5
611, 15.415
612, 14.93
613, 14.16
614, 14.55
615, 14.2
616, 14.33
617, 14.5
618, 14.54
619, 14.37
620, 14.16
621, 14.46
622, 14.72
623, 14.7
624, 14.84
625, 15.14
626, 15.46
627, 15.44
628, 15.68
629, 15.87
630, 15.94
631, 15.38
632, 15.27
633, 15.0
634, 15.32
635, 15.15
636, 14.715
637, 14.3
638, 14.13
639, 14.09
640, 14.02
641, 14.01
642, 14.25
643, 14.15
644, 14.82
645, 14.38
646, 14.0
647, 13.93
648, 13.83
649, 14.32
650, 14.24
651, 13.91
652, 13.26
653, 13.7
654, 14.12
655, 13.97
656, 13.79
657, 13.63
658, 14.59
659, 14.39
660, 15.21
661, 14.99
662, 15.09
663, 15.35
664, 15.41
665, 15.45
666, 15.74
667, 15.68
668, 15.57
669, 15.87
670, 15.83
671, 15.005
672, 14.07
673, 13.96
674, 13.69
675, 13.64
676, 13.66
677, 12.95
678, 12.87
679, 13.5
680, 13.46
681, 13.81
682, 13.77
683, 13.94
684, 14.22
685, 13.95
686, 13.93
687, 14.17
688, 14.4
689, 14.03
690, 14.22
691, 14.19
692, 14.19
693, 14.2
694, 14.34
695, 14.78
696, 15.64
697, 16.2
698, 16.5
699, 15.91
700, 16.83
701, 16.22
702, 16.42
703, 16.29
704, 16.39
705, 16.31
706, 16.18
707, 16.13
708, 15.94
709, 16.13
710, 15.64
711, 15.46
712, 15.56
713, 15.76
714, 16.11
715, 16.01
716, 16.11
717, 15.6
718, 16.01
719, 16.24
720, 16.31
721, 16.33
722, 16.8
723, 16.86
724, 16.58
725, 16.48
726, 16.55
727, 16.25
728, 16.36
729, 16.38
730, 15.91
731, 16.36
732, 16.3
733, 16.41
734, 16.38
735, 16.5
736, 16.37
737, 16.43
738, 16.33
739, 16.32
740, 16.42
741, 16.41
742, 16.83
743, 18.02
744, 18.39
745, 18.43
746, 17.89
747, 18.1
748, 18.52
749, 18.65
750, 18.43
751, 17.51
752, 16.16
753, 16.46
754, 16.83
755, 16.78
756, 17.01
757, 17.38
758, 17.14
759, 16.9
760, 16.59
761, 16.43
762, 16.46
763, 16.6
764, 16.84
765, 17.33
766, 17.53
767, 17.63
768, 18.08
769, 18.32
770, 17.89
771, 18.19
772, 18.245
773, 18.76
774, 18.99
775, 18.0
776, 20.95
777, 20.57
778, 20.53
779, 20.51
780, 20.99
781, 22.04
782, 21.88
783, 21.8
784, 21.84
785, 20.86
786, 21.24
787, 21.58
788, 21.85
789, 21.38
790, 21.55
791, 21.84
792, 21.78
793, 22.23
794, 22.47
795, 23.52
796, 24.31
797, 24.31
798, 24.23
799, 24.14
800, 24.35
801, 21.57
802, 21.09
803, 21.1
804, 21.76
805, 22.13
806, 23.1
807, 23.07
808, 22.41
809, 22.29
810, 22.73
811, 23.09
812, 22.61
813, 21.97
814, 22.33
815, 21.14
816, 21.52
817, 21.22
818, 21.57
819, 21.22
820, 21.65
821, 21.68
822, 21.61
823, 22.51
824, 21.84
825, 21.82
826, 21.97
827, 22.05
828, 22.51
829, 22.43
830, 22.46
831, 22.45
832, 22.34
833, 22.64
834, 22.05
835, 22.23
836, 22.06
837, 22.2
838, 21.39
839, 21.38
840, 21.12
841, 21.16
842, 20.97
843, 21.89
844, 20.5
845, 20.84
846, 21.15
847, 20.97
848, 20.6
849, 19.93
850, 20.42
851, 20.38
852, 21.21
853, 21.78
854, 21.0
855, 20.76
856, 20.75
857, 20.98
858, 21.6
859, 21.5
860, 21.14
861, 21.45
862, 21.24
863, 21.7
864, 21.53
865, 21.91
866, 21.7
867, 21.81
868, 22.54
869, 22.14
870, 21.86
871, 22.17
872, 22.03
873, 22.01
874, 22.41
875, 22.01
876, 21.49
877, 23.05
878, 23.4
879, 23.9
880, 24.72
881, 25.11
882, 25.28
883, 25.27
884, 25.54
885, 25.54
886, 25.43
887, 25.3
888, 25.12
889, 25.05
890, 24.54
891, 24.44
892, 24.85
893, 24.9
894, 24.78
895, 24.59
896, 24.53
897, 24.26
898, 24.39
899, 24.86
900, 24.76
901, 25.23
902, 24.89
903, 25.12
904, 25.22
905, 25.57
906, 25.54
907, 25.47
908, 25.82
909, 25.32
