0, 18022
1, 35161
2, 41845
3, 47637
4, 46507
5, 46507
6, 59612
7, 35027
8, 39951
9, 27096
10, 27096
11, 23187
12, -5806
13, -5806
14, 3525
15, -50935
16, -50935
17, -37830
18, -23960
19, -42368
20, -48040
21, -37705
22, -33796
23, -21197
24, -29396
25, -21835
26, -34823
27, -48816
28, -52093
29, -48688
30, -44397
31, -44397
32, -49941
33, -46151
34, -71107
35, -50818
36, -58631
37, -64690
38, -51702
39, -66325
40, -57759
41, -51700
42, -65062
43, -54349
44, -47036
45, -60527
46, -52082
47, -62795
48, -94817
49, -88133
50, -77296
51, -103520
52, -94828
53, -94828
54, -78060
55, -109570
56, -109570
57, -109570
58, -81335
59, -71635
60, -50081
61, -27266
62, -46930
63, -32818
64, -61304
65, -43397
66, -26753
67, -19567
68, -36577
69, -12760
70, -34190
71, -34190
72, -25991
73, -40229
74, -22208
75, -16536
76, -7468
77, -11881
78, -8867
79, -2568
80, -2568
81, -13405
82, -3705
83, -32320
84, -43919
85, -41651
86, -48716
87, -67497
88, -67497
89, -38759
90, -38759
91, -52997
92, -5856
93, -25014
94, -27519
95, -25631
96, -65342
97, -79079
98, -63702
99, -67611
100, -56898
101, -55526
102, -100276
103, -59433
104, -53134
105, -41792
106, -37000
107, -41924
108, -66509
109, -43949
110, -43949
111, -69280
112, -67639
113, -78856
114, -75213
115, -72558
116, -91840
117, -96381
118, -74321
119, -74321
120, -75962
121, -84407
122, -58691
123, -28439
124, -30458
125, -51257
126, -51257
127, -40665
128, -48727
129, -58696
130, -53152
131, -50647
132, -62620
133, -47493
134, -44335
135, -40692
136, -44725
137, -33126
138, -47749
139, -25310
140, -26199
141, -35899
142, -39057
143, -48515
144, -39184
145, -44475
146, -65524
147, -60600
148, -58712
149, -50772
150, -49243
151, -36138
152, -39036
153, -39285
154, -46215
155, -60958
156, -69524
157, -65881
158, -70294
159, -79362
160, -68525
161, -70413
162, -80748
163, -76335
164, -68639
165, -68639
166, -77592
167, -104443
168, -120823
169, -104559
170, -104559
171, -114140
172, -102037
173, -96365
174, -93088
175, -82496
176, -79991
177, -84783
178, -89440
179, -105704
180, -105324
181, -118686
182, -134063
183, -146421
184, -129149
185, -129149
186, -123858
187, -131554
188, -141135
189, -147940
190, -145042
191, -142266
192, -132808
193, -123108
194, -127141
195, -127141
196, -125122
197, -128527
198, -128527
199, -107227
200, -113911
201, -110753
202, -99285
203, -88068
204, -89956
205, -85164
206, -94495
207, -94495
208, -67773
209, -70278
210, -68127
211, -65859
212, -56159
213, -61320
214, -55648
215, -53143
216, -63856
217, -61588
218, -77466
219, -89569
220, -89569
221, -79988
222, -84529
223, -79872
224, -74948
225, -82261
226, -67518
227, -65128
228, -72058
229, -96643
230, -93629
231, -102195
232, -96651
233, -104464
234, -99034
235, -111007
236, -101676
237, -101676
238, -101676
239, -110002
240, -105589
241, -105589
242, -113150
243, -113150
244, -86679
245, -72441
246, -84165
247, -84165
248, -84165
249, -51261
250, -66766
251, -70675
252, -59838
253, -54166
254, -45335
255, -56803
256, -64616
257, -57430
258, -61220
259, -62749
260, -52547
261, -54188
262, -54088
263, -67579
264, -59517
265, -50186
266, -52337
267, -50318
268, -73892
269, -82845
270, -78053
271, -89652
272, -79450
273, -87512
274, -87512
275, -70373
276, -77686
277, -72142
278, -67485
279, -63335
280, -74048
281, -70258
282, -92573
283, -87143
284, -95835
285, -95835
286, -110073
287, -134903
288, -139053
289, -165143
290, -175856
291, -172451
292, -172202
293, -173091
294, -173091
295, -169058
296, -170814
297, -170814
298, -170814
299, -170814
300, -167171
301, -177506
302, -171447
303, -179143
304, -166544
305, -157591
306, -166036
307, -172095
308, -170566
309, -172322
310, -168917
311, -164884
312, -163512
313, -161122
314, -162651
315, -174500
316, -165169
317, -165169
318, -167559
319, -153822
320, -157972
321, -148272
322, -162142
323, -157485
324, -153452
325, -169832
326, -172846
327, -180159
328, -177654
329, -176910
330, -176281
331, -177922
332, -172631
333, -171369
334, -152333
335, -146274
336, -153339
337, -153339
338, -165938
339, -169463
340, -171482
341, -178287
342, -168460
343, -183332
344, -178919
345, -189385
346, -214470
347, -196319
348, -188758
349, -196071
350, -200362
351, -211461
352, -211461
353, -210949
354, -215992
355, -214351
356, -205283
357, -204153
358, -190160
359, -196086
360, -193431
361, -214102
362, -200997
363, -199241
364, -216380
365, -240834
366, -237820
367, -237820
368, -220300
369, -237068
370, -235938
371, -230777
372, -236449
373, -244389
374, -252085
375, -232174
376, -226630
377, -232302
378, -232302
379, -228011
380, -228011
381, -217809
382, -217809
383, -230914
384, -207221
385, -204323
386, -208980
387, -175075
388, -175075
389, -170418
390, -172923
391, -170533
392, -154269
393, -169141
394, -150233
395, -147728
396, -132223
397, -141923
398, -136379
399, -127311
400, -129579
401, -139781
402, -133222
403, -145958
404, -147714
405, -157683
406, -162096
407, -155670
408, -161342
409, -170538
410, -161972
411, -160443
412, -168642
413, -182004
414, -169405
415, -179489
416, -177338
417, -197759
418, -193102
419, -194743
420, -198533
421, -179625
422, -192224
423, -184284
424, -192346
425, -192346
426, -185033
427, -182643
428, -174703
429, -176344
430, -167276
431, -175216
432, -169672
433, -179756
434, -172826
435, -165013
436, -165642
437, -146484
438, -156819
439, -156190
440, -171062
441, -151272
442, -175601
443, -166909
444, -161748
445, -170816
446, -169444
447, -176374
448, -178642
449, -185572
450, -180142
451, -176233
452, -172443
453, -171554
454, -179494
455, -171554
456, -166630
457, -178733
458, -199914
459, -199914
460, -197016
461, -186424
462, -194623
463, -190210
464, -234579
465, -203821
466, -209493
467, -217054
468, -205330
469, -214788
470, -208104
471, -212013
472, -216805
473, -214786
474, -211261
475, -219706
476, -214034
477, -219077
478, -213533
479, -210008
480, -204216
481, -201711
482, -222132
483, -235120
484, -229959
485, -229959
486, -241427
487, -244585
488, -232736
489, -246974
490, -246974
491, -249479
492, -266751
493, -254648
494, -254648
495, -251371
496, -269146
497, -271922
498, -255542
499, -251392
500, -245093
501, -238667
502, -252905
503, -242439
504, -245844
505, -239785
506, -250120
507, -269402
508, -257678
509, -263470
510, -252878
511, -254897
512, -254897
513, -248471
514, -248471
515, -248471
516, -252114
517, -229932
518, -217701
519, -206988
520, -208118
521, -201434
522, -209247
523, -208867
524, -212392
525, -206848
526, -207097
527, -202173
528, -202173
529, -211873
530, -201036
531, -208222
532, -214906
533, -217920
534, -217540
535, -227875
536, -233801
537, -219058
538, -217928
539, -219816
540, -216291
541, -209865
542, -209865
543, -209865
544, -209865
545, -222853
546, -221481
547, -213668
548, -212646
549, -219832
550, -219583
551, -223733
552, -236209
553, -231668
554, -222472
555, -240880
556, -237603
557, -207853
558, -213283
559, -221482
560, -217332
561, -226663
562, -232722
563, -224782
564, -220992
565, -215562
566, -219595
567, -219595
568, -197788
569, -192864
570, -199548
571, -205847
572, -215931
573, -221361
574, -239268
575, -253506
576, -261705
577, -260064
578, -264097
579, -264841
580, -264212
581, -271277
582, -263848
583, -266238
584, -262448
585, -248711
586, -244054
587, -247331
588, -244317
589, -244566
590, -240776
591, -242532
592, -240513
593, -240513
594, -246686
595, -248215
596, -246843
597, -253142
598, -272050
599, -274318
600, -266622
601, -261965
602, -255281
603, -262842
604, -247088
605, -249478
606, -252636
607, -244191
608, -254783
609, -251885
610, -251885
611, -252907
612, -252907
613, -262238
614, -298667
615, -313913
616, -325255
617, -310632
618, -274203
619, -287694
620, -279495
621, -262223
622, -259447
623, -259198
624, -253272
625, -252760
626, -252511
627, -255669
628, -250626
629, -254535
630, -256176
631, -259701
632, -264358
633, -252509
634, -244183
635, -236121
636, -243934
637, -234603
638, -235115
639, -242301
640, -249487
641, -253850
642, -253850
643, -259642
644, -269342
645, -243377
646, -237204
647, -251197
648, -236959
649, -232668
650, -237325
651, -239081
652, -238192
653, -244618
654, -262525
655, -254080
656, -254080
657, -255342
658, -228746
659, -236059
660, -231518
661, -242231
662, -247661
663, -245905
664, -234806
665, -241490
666, -239339
667, -239339
668, -247035
669, -243758
670, -243858
671, -260997
672, -265538
673, -259612
674, -248270
675, -235165
676, -237555
677, -228359
678, -232392
679, -237936
680, -250039
681, -256212
682, -299449
683, -327562
684, -268063
685, -288234
686, -266804
687, -243612
688, -242482
689, -242863
690, -238450
691, -230005
692, -229493
693, -235666
694, -241210
695, -236797
696, -236053
697, -231903
698, -233432
699, -230656
700, -230027
701, -232178
702, -237850
703, -229910
704, -225760
705, -221347
706, -223366
707, -202819
708, -212903
709, -222603
710, -220098
711, -217830
712, -205599
713, -210140
714, -206982
715, -225003
716, -231302
717, -250083
718, -200163
719, -196013
720, -189840
721, -189840
722, -179638
723, -175225
724, -175225
725, -171192
726, -194512
727, -205104
728, -205104
729, -173715
730, -157706
731, -151647
732, -140679
733, -133519
734, -141332
735, -149028
736, -157227
737, -154959
738, -154959
739, -154959
740, -153203
741, -151052
742, -162776
743, -157346
744, -148278
745, -174121
746, -197695
747, -240932
748, -244722
749, -244722
750, -249013
751, -184111
752, -179454
753, -198736
754, -192563
755, -210841
756, -198610
757, -192818
758, -190313
759, -187036
760, -174181
761, -170148
762, -171904
763, -181485
764, -167748
765, -151368
766, -162836
767, -147200
768, -148729
769, -152638
770, -133356
771, -133356
772, -123387
773, -126401
774, -127663
775, -124505
776, -138921
777, -132748
778, -136273
779, -126942
780, -131483
781, -128078
782, -127449
783, -139298
784, -135389
785, -127693
786, -116725
787, -116725
788, -115084
789, -103399
790, -112533
791, -112533
792, -101316
793, -125901
794, -128169
795, -129693
796, -129313
797, -125789
798, -141978
799, -139049
800, -132953
801, -142653
802, -153490
803, -155131
804, -152741
805, -152741
806, -158485
807, -158485
808, -157719
809, -155214
810, -155214
811, -155214
812, -152559
813, -149034
814, -147904
815, -149034
816, -144621
817, -151426
818, -151426
819, -145275
820, -149688
821, -143389
822, -146794
823, -161921
824, -153573
825, -155102
826, -150952
827, -150952
828, -143256
829, -145732
830, -161144
831, -149171
832, -150543
833, -159076
834, -151263
835, -151263
836, -179961
837, -186276
838, -188586
839, -190278
840, -190278
841, -170996
842, -179058
843, -183599
844, -169729
845, -148299
846, -146927
847, -152009
848, -154514
849, -152495
850, -161220
851, -157274
852, -159929
853, -159929
854, -159929
855, -152327
856, -159640
857, -163430
858, -167683
859, -162640
860, -161769
861, -165412
862, -171585
863, -164210
864, -171639
865, -171639
866, -173658
867, -180183
868, -180183
869, -184840
870, -183578
871, -189751
872, -183325
873, -176012
874, -186393
875, -180021
876, -167790
877, -163499
878, -182407
879, -185565
880, -178398
881, -172968
882, -175866
883, -175866
884, -175866
885, -171549
886, -183750
887, -172913
888, -172284
889, -184515
890, -201750
891, -213599
892, -206673
893, -223441
894, -230852
895, -221394
896, -209926
897, -216481
898, -240271
899, -258679
900, -230718
901, -215151
902, -190937
903, -243911
904, -275200
905, -305842
906, -408164
907, -459654
908, -423469
909, -396410
910, -378369
911, -368788
912, -349637
913, -373330
914, -377731
915, -347537
916, -365145
917, -329720
918, -354989
919, -365957
920, -361033
921, -352284
922, -359713
923, -311309
924, -291418
925, -269037
926, -275693
927, -284452
928, -286340
929, -284140
930, -295173
931, -295173
932, -293417
933, -290378
934, -296304
935, -306417
936, -332267
937, -325163
938, -319509
939, -334719
940, -323751
941, -323751
942, -319982
943, -326661
944, -318848
945, -314435
946, -326222
947, -338821
948, -332184
949, -335709
950, -344972
951, -369885
952, -382990
953, -382990
954, -361544
955, -370740
956, -358453
957, -388142
958, -395072
959, -395701
960, -400593
961, -433442
962, -415268
963, -395818
964, -427366
965, -389741
966, -355077
967, -338884
968, -321354
969, -299569
970, -289531
971, -299644
972, -280387
973, -296459
974, -291390
975, -301533
976, -290372
977, -311088
978, -299905
979, -306835
980, -304947
981, -301933
982, -392264
983, -397188
984, -381464
985, -373523
986, -378110
987, -336516
988, -330365
989, -330365
990, -315238
991, -296442
992, -298890
993, -295852
994, -307320
995, -302029
996, -320180
997, -336560
998, -326358
999, -320228
1000, -301551
1001, -312698
1002, -316360
1003, -319580
1004, -324631
1005, -340424
1006, -344837
1007, -357333
1008, -335903
1009, -326370
1010, -324729
1011, -361951
1012, -365384
1013, -384165
1014, -373201
1015, -322559
1016, -320169
1017, -319425
1018, -313877
1019, -325333
1020, -325333
1021, -338474
1022, -333183
1023, -333183
1024, -334819
1025, -331542
1026, -328363
1027, -325295
1028, -332309
1029, -333053
1030, -321585
1031, -329146
1032, -323539
1033, -319210
1034, -314797
1035, -318633
1036, -333553
1037, -327127
1038, -322164
1039, -315168
1040, -321737
1041, -325527
1042, -323364
1043, -317065
1044, -319455
1045, -319455
1046, -325888
1047, -325128
1048, -316448
1049, -322747
1050, -312182
1051, -327162
1052, -360292
1053, -447894
1054, -467215
1055, -435102
1056, -417351
1057, -406383
1058, -406283
1059, -392546
1060, -399555
1061, -402060
1062, -395376
1063, -387865
1064, -388754
1065, -394008
1066, -401821
1067, -386365
1068, -397140
1069, -385133
1070, -385133
1071, -395379
1072, -380255
1073, -371761
1074, -373572
1075, -368710
1076, -375095
1077, -397805
1078, -386804
1079, -378595
1080, -378595
1081, -391056
1082, -369276
1083, -353675
1084, -338155
1085, -332725
1086, -330556
1087, -336377
1088, -342817
1089, -324047
1090, -317748
1091, -325061
1092, -324317
1093, -332257
1094, -326747
1095, -337460
1096, -347122
1097, -341490
1098, -335389
1099, -330913
1100, -341750
1101, -317330
1102, -323931
1103, -315486
1104, -324406
1105, -323467
1106, -307995
1107, -293299
1108, -318603
1109, -312852
1110, -321042
1111, -319822
1112, -333825
1113, -344207
1114, -341883
1115, -329555
1116, -319203
1117, -301943
1118, -288896
1119, -269556
1120, -285477
1121, -276728
1122, -268800
1123, -262917
1124, -270422
1125, -267646
1126, -276923
1127, -260118
1128, -263761
1129, -257278
1130, -264285
1131, -240146
1132, -230687
1133, -205878
1134, -211937
1135, -212959
1136, -206828
1137, -207572
1138, -200451
1139, -194025
1140, -193645
1141, -193645
1142, -199222
1143, -198310
1144, -207733
1145, -214896
1146, -227970
1147, -234775
1148, -256463
1149, -248523
1150, -237322
1151, -231580
1152, -222687
1153, -206172
1154, -202022
1155, -202022
1156, -198497
1157, -211821
1158, -223108
1159, -213783
1160, -215539
1161, -221242
1162, -213750
1163, -216028
1164, -214766
1165, -206929
1166, -246283
1167, -212478
1168, -214787
1169, -212851
1170, -205855
1171, -211781
1172, -207631
1173, -216052
1174, -215139
1175, -208987
1176, -201558
1177, -197915
1178, -212416
1179, -231156
1180, -252611
1181, -202085
1182, -193017
1183, -192587
1184, -212364
1185, -203571
1186, -217068
1187, -217068
1188, -209255
1189, -209255
1190, -209255
1191, -205222
1192, -208627
1193, -192247
1194, -183921
1195, -183921
1196, -183921
1197, -214914
1198, -220521
1199, -204706
1200, -235995
1201, -250998
1202, -265896
1203, -274033
1204, -256811
1205, -257833
1206, -260488
1207, -273242
1208, -276531
1209, -276531
1210, -276531
1211, -276531
1212, -272240
1213, -274527
1214, -272639
1215, -275721
1216, -281050
1217, -296697
1218, -305570
1219, -295368
1220, -296390
1221, -286690
1222, -290888
1223, -283764
1224, -268560
1225, -278232
1226, -266064
1227, -263616
1228, -266392
1229, -256317
1230, -262392
1231, -260658
1232, -267844
1233, -270840
1234, -266067
1235, -262874
1236, -262494
1237, -248100
1238, -235000
1239, -240161
1240, -253397
1241, -253777
1242, -255306
1243, -254677
1244, -252875
1245, -265006
1246, -240372
1247, -238393
1248, -226955
1249, -218189
1250, -210127
1251, -210127
1252, -224542
1253, -221771
1254, -225371
1255, -278929
1256, -278929
1257, -254726
1258, -257502
1259, -259143
1260, -265579
1261, -273131
1262, -264300
1263, -275161
1264, -289105
1265, -315761
1266, -262258
1267, -254446
1268, -265038
1269, -265038
1270, -261722
1271, -264498
1272, -270851
1273, -257719
1274, -257719
1275, -262655
1276, -252076
1277, -244683
1278, -246951
1279, -250476
1280, -250476
1281, -262951
1282, -262779
1283, -260389
1284, -262030
1285, -252827
1286, -261492
1287, -250505
1288, -243700
1289, -255694
1290, -241681
1291, -223432
1292, -223432
1293, -214921
1294, -207099
1295, -198491
1296, -201896
1297, -205421
1298, -233277
1299, -229368
1300, -220537
1301, -211971
1302, -216779
1303, -220812
1304, -216399
1305, -221943
1306, -220187
1307, -215530
1308, -216552
1309, -212550
1310, -212550
1311, -233586
1312, -240378
1313, -235721
1314, -237250
1315, -230691
1316, -230311
1317, -244181
1318, -235037
1319, -242332
1320, -237540
1321, -235784
1322, -240962
1323, -242092
1324, -244880
1325, -231979
1326, -221636
1327, -221636
1328, -234060
1329, -253282
1330, -249998
1331, -254499
1332, -257329
1333, -254703
1334, -241675
1335, -223532
1336, -208595
1337, -205287
1338, -193695
1339, -204031
1340, -209135
1341, -204594
1342, -204594
1343, -196958
1344, -204144
1345, -217606
1346, -211547
1347, -211547
1348, -204113
1349, -212177
1350, -216488
1351, -207459
1352, -179523
1353, -204105
1354, -199955
1355, -196711
1356, -211091
1357, -209072
1358, -214393
1359, -212576
1360, -207031
1361, -213697
1362, -209256
1363, -214979
1364, -213849
1365, -216239
1366, -215495
1367, -214365
1368, -225189
1369, -218365
1370, -214722
1371, -215466
1372, -212725
1373, -211981
1374, -204848
1375, -209958
1376, -195152
1377, -198108
1378, -187303
1379, -195107
1380, -194218
1381, -191950
1382, -185651
1383, -184629
1384, -170747
1385, -174390
1386, -171845
1387, -181433
1388, -193186
1389, -201386
1390, -201386
1391, -194581
1392, -198731
1393, -191662
1394, -191662
1395, -187499
1396, -191454
1397, -189316
1398, -195258
1399, -178603
1400, -176779
1401, -175341
1402, -179003
1403, -175901
1404, -183362
1405, -183362
1406, -183362
1407, -184195
1408, -184195
1409, -189510
1410, -198775
1411, -193762
1412, -203462
1413, -237528
1414, -201236
1415, -208477
1416, -206431
1417, -213453
1418, -228382
1419, -219235
1420, -201969
1421, -192867
1422, -205438
1423, -198629
1424, -186889
1425, -198765
1426, -191429
1427, -191429
1428, -203421
1429, -208989
1430, -201545
1431, -187594
1432, -191592
1433, -171547
1434, -163316
1435, -169966
1436, -169966
1437, -155008
1438, -165004
1439, -158908
1440, -156826
1441, -162674
1442, -171561
1443, -182189
1444, -176751
1445, -187975
1446, -203063
1447, -216773
1448, -194291
1449, -207826
1450, -191722
1451, -210167
1452, -220615
1453, -217195
1454, -206503
1455, -221446
1456, -198580
1457, -210386
1458, -210386
1459, -200559
1460, -203390
1461, -230416
1462, -220232
1463, -208287
1464, -197999
1465, -209103
1466, -218904
1467, -206668
1468, -183872
1469, -202306
1470, -192725
1471, -189978
1472, -209578
1473, -246178
1474, -281387
1475, -209557
1476, -187456
1477, -173760
1478, -152379
1479, -172231
1480, -151184
1481, -185970
1482, -198429
1483, -187312
1484, -180678
1485, -187810
1486, -186400
1487, -199153
1488, -205995
1489, -203646
1490, -199399
1491, -204700
1492, -207638
1493, -209950
1494, -212737
1495, -208492
1496, -201110
1497, -194484
1498, -197048
1499, -190765
1500, -202893
1501, -201301
1502, -205879
1503, -203042
1504, -210199
1505, -204024
1506, -201695
1507, -195605
1508, -198171
1509, -196792
1510, -189545
1511, -183454
1512, -181878
1513, -188424
1514, -183884
1515, -191640
1516, -182869
1517, -182869
1518, -182869
1519, -173394
1520, -172446
1521, -174301
1522, -170891
1523, -164222
1524, -163893
1525, -159510
1526, -150314
1527, -155833
1528, -155230
1529, -152087
1530, -143116
1531, -143116
1532, -146842
1533, -145107
1534, -142243
1535, -148848
1536, -153898
1537, -152780
1538, -145298
1539, -143197
1540, -145058
1541, -156047
1542, -166965
1543, -162929
1544, -156606
1545, -161619
1546, -167482
1547, -183006
1548, -178754
1549, -189079
1550, -202535
1551, -214275
1552, -201123
1553, -187631
1554, -201807
1555, -197084
1556, -212082
1557, -204247
1558, -210585
1559, -207966
1560, -204430
1561, -216113
1562, -209245
1563, -195072
1564, -190357
1565, -184910
1566, -173562
1567, -185044
1568, -182863
1569, -192311
1570, -203723
1571, -203723
1572, -205714
1573, -203475
1574, -205357
1575, -204981
1576, -202103
1577, -210669
1578, -207649
1579, -220608
1580, -241622
1581, -260743
1582, -236628
1583, -220027
1584, -226735
1585, -242201
1586, -211019
1587, -218979
1588, -213195
1589, -202128
1590, -193519
1591, -205270
1592, -198537
1593, -196428
1594, -194752
1595, -198599
1596, -198599
1597, -203333
1598, -202101
1599, -211900
1600, -210234
1601, -203624
1602, -211711
1603, -202523
1604, -220054
1605, -225275
1606, -215804
1607, -218693
1608, -228895
1609, -219584
1610, -202004
1611, -204017
1612, -208578
1613, -213810
1614, -206156
1615, -221296
1616, -213318
1617, -212258
1618, -217220
1619, -229999
1620, -225489
1621, -228893
1622, -231314
1623, -236306
1624, -265255
1625, -302340
1626, -276130
1627, -272174
1628, -256729
1629, -249225
1630, -272264
1631, -288141
1632, -291822
1633, -298129
1634, -280595
1635, -280595
1636, -273728
1637, -273628
1638, -268357
1639, -258867
1640, -243730
1641, -245876
1642, -236403
1643, -222787
1644, -212350
1645, -188005
1646, -196715
1647, -203018
1648, -228360
1649, -226741
1650, -239677
1651, -250119
1652, -255824
1653, -263781
1654, -256133
1655, -258073
1656, -255078
1657, -262477
1658, -261432
1659, -256811
1660, -258889
1661, -250474
1662, -257912
1663, -260830
1664, -266443
1665, -277541
1666, -259278
1667, -276431
1668, -270662
1669, -264468
1670, -255241
1671, -244258
1672, -245035
1673, -238275
1674, -251318
1675, -245297
1676, -253305
1677, -245643
1678, -234309
1679, -238891
1680, -238449
1681, -229401
1682, -228223
1683, -229657
1684, -229657
1685, -219851
1686, -219851
1687, -230703
1688, -238275
1689, -236817
1690, -241380
1691, -235270
1692, -231801
1693, -225858
1694, -223584
1695, -230347
1696, -222924
1697, -240481
1698, -266238
1699, -257397
1700, -263937
1701, -269971
1702, -267921
1703, -256001
1704, -251587
1705, -242271
1706, -250976
1707, -240789
1708, -245750
1709, -245269
1710, -254197
1711, -259856
1712, -257380
1713, -260944
1714, -264004
1715, -264004
1716, -262919
1717, -264982
1718, -255182
1719, -263159
1720, -249515
1721, -245784
1722, -239642
1723, -244444
1724, -227572
1725, -235458
1726, -231662
1727, -236095
1728, -236095
1729, -230263
1730, -210014
1731, -215344
1732, -206154
1733, -202276
1734, -190344
1735, -185908
1736, -190447
1737, -201016
1738, -188326
1739, -196794
1740, -209434
1741, -199730
1742, -198768
1743, -198768
1744, -197388
1745, -176886
1746, -166897
1747, -163984
1748, -159815
1749, -147964
1750, -158401
1751, -166283
1752, -171774
1753, -190520
1754, -199114
1755, -191833
1756, -192273
1757, -209307
1758, -209307
1759, -224179
1760, -224179
1761, -224179
1762, -224179
1763, -213325
1764, -234513
1765, -253151
1766, -232842
1767, -239638
1768, -234130
1769, -227647
1770, -201915
1771, -224021
1772, -242874
1773, -240600
1774, -249651
1775, -258559
1776, -266412
1777, -261670
1778, -258122
1779, -256656
1780, -252595
1781, -253216
1782, -248218
1783, -249035
1784, -242965
1785, -251986
1786, -250918
1787, -251277
1788, -258980
1789, -256939
1790, -258208
1791, -263485
1792, -263485
1793, -268135
1794, -252288
1795, -249677
1796, -234317
1797, -230135
1798, -225603
1799, -216019
1800, -226197
1801, -223177
1802, -249888
1803, -251211
1804, -255414
1805, -258691
1806, -257097
1807, -257097
1808, -264976
1809, -270623
1810, -263918
1811, -267922
1812, -267922
1813, -269394
1814, -270427
1815, -273268
1816, -271751
1817, -297109
1818, -352247
1819, -384267
1820, -463719
1821, -518092
1822, -558172
1823, -537729
1824, -515454
1825, -483948
1826, -483948
1827, -475138
1828, -464772
1829, -490191
1830, -531718
1831, -585087
1832, -612837
1833, -589962
1834, -574633
1835, -557109
1836, -548404
1837, -528665
1838, -517478
1839, -526922
1840, -526922
1841, -522389
1842, -532182
1843, -544110
1844, -515313
1845, -504825
1846, -479662
1847, -476414
1848, -459394
1849, -451380
1850, -456732
1851, -448311
1852, -433011
1853, -453453
1854, -460863
1855, -453849
1856, -461634
1857, -461634
1858, -442827
1859, -450952
1860, -450952
1861, -458105
1862, -445083
1863, -422317
1864, -412898
1865, -387630
1866, -398251
1867, -383674
1868, -402701
1869, -408617
1870, -410806
1871, -410806
1872, -421590
1873, -415391
1874, -427665
1875, -432007
1876, -451261
1877, -439024
1878, -418824
1879, -415706
1880, -426761
1881, -422340
1882, -434586
1883, -465422
1884, -435636
1885, -426841
1886, -413975
1887, -407810
1888, -411698
1889, -397286
1890, -403442
1891, -396143
1892, -422990
1893, -432119
1894, -428252
1895, -441886
1896, -431079
1897, -415290
1898, -424127
1899, -424127
1900, -424127
1901, -424127
1902, -420256
1903, -426274
1904, -431932
1905, -423395
1906, -425657
1907, -417994
1908, -408608
1909, -412076
1910, -405215
1911, -410680
1912, -404684
1913, -430574
1914, -430007
1915, -428399
1916, -423845
1917, -419907
1918, -410465
1919, -418132
1920, -410730
1921, -403941
1922, -405744
1923, -427377
1924, -445394
1925, -429985
1926, -420602
1927, -414981
1928, -396673
1929, -403349
1930, -403349
1931, -388580
1932, -399196
1933, -381683
1934, -376004
1935, -369860
1936, -371010
1937, -375847
1938, -380394
1939, -391883
1940, -404163
1941, -405963
1942, -398817
1943, -421627
1944, -435268
1945, -452046
1946, -433602
1947, -448652
1948, -442216
1949, -429875
1950, -444600
1951, -432127
1952, -452564
1953, -466642
1954, -459511
1955, -442253
1956, -426513
1957, -423053
1958, -416996
1959, -420413
1960, -409950
1961, -394986
1962, -407891
1963, -393491
1964, -395547
1965, -387109
1966, -387109
1967, -383608
1968, -377367
1969, -389339
1970, -391345
1971, -397325
1972, -397325
1973, -376223
1974, -397263
1975, -379698
1976, -372016
1977, -363477
1978, -394179
1979, -401281
1980, -398410
1981, -407254
1982, -401403
1983, -414804
1984, -423493
1985, -419966
1986, -427366
1987, -424459
1988, -408773
1989, -416106
1990, -406779
1991, -400030
1992, -410947
1993, -410947
1994, -399948
1995, -401097
1996, -393235
1997, -393235
1998, -403227
1999, -403227
2000, -425808
2001, -415064
2002, -442718
2003, -453695
2004, -453695
2005, -473099
2006, -471342
2007, -467722
2008, -450838
2009, -436228
2010, -453066
2011, -441529
2012, -459749
2013, -450977
2014, -461906
2015, -504402
2016, -499934
2017, -499934
2018, -493370
2019, -499486
2020, -499486
2021, -491085
2022, -502855
2023, -521882
2024, -504145
2025, -503706
2026, -495493
2027, -507839
2028, -511471
2029, -518651
2030, -521298
2031, -523291
2032, -515798
2033, -529062
2034, -522220
2035, -529404
2036, -524247
2037, -522816
2038, -516545
2039, -517910
2040, -511885
2041, -528792
2042, -528792
2043, -522550
2044, -515844
2045, -525464
2046, -525464
2047, -548818
2048, -548818
2049, -548818
2050, -546469
2051, -538191
2052, -545805
2053, -540140
2054, -529713
2055, -523548
2056, -538351
2057, -540218
2058, -557523
2059, -547506
2060, -546216
2061, -541327
2062, -550157
2063, -572836
2064, -581555
2065, -590346
2066, -576330
2067, -560336
2068, -552184
2069, -568076
2070, -569082
2071, -587859
2072, -577441
2073, -563102
2074, -573501
2075, -591121
2076, -581845
2077, -596021
2078, -604821
2079, -604821
2080, -581409
2081, -609753
2082, -639677
2083, -619892
2084, -576997
2085, -590715
2086, -571944
2087, -583271
2088, -585489
2089, -602400
2090, -562724
2091, -575050
2092, -581822
2093, -571485
2094, -584251
2095, -592635
2096, -634895
2097, -628674
2098, -637203
2099, -629056
2100, -614981
2101, -624337
2102, -608688
2103, -640945
2104, -636745
2105, -632923
2106, -642324
2107, -657456
2108, -639927
2109, -631721
2110, -608378
2111, -592789
2112, -583537
2113, -588640
2114, -575141
2115, -613518
2116, -599418
2117, -592517
2118, -606203
2119, -615242
2120, -628130
2121, -616113
2122, -621752
2123, -609018
2124, -613948
2125, -597247
2126, -610501
2127, -600229
2128, -593380
2129, -586064
2130, -595250
2131, -621246
2132, -625202
2133, -619370
2134, -605876
2135, -602745
2136, -615417
2137, -606102
2138, -603298
2139, -599132
2140, -581068
2141, -567783
2142, -567783
2143, -568097
2144, -557266
2145, -575502
2146, -547299
2147, -553272
2148, -543532
2149, -547809
2150, -555099
2151, -541861
2152, -545761
2153, -554544
2154, -568460
2155, -613032
2156, -606903
2157, -599935
2158, -579918
2159, -577007
2160, -583881
2161, -579382
2162, -569753
2163, -558176
2164, -570335
2165, -582484
2166, -570061
2167, -583148
2168, -581826
2169, -579436
2170, -526780
2171, -536007
2172, -532781
2173, -538969
2174, -529508
2175, -609278
2176, -638921
2177, -633510
2178, -639352
2179, -646138
2180, -674023
2181, -684663
2182, -678473
2183, -668748
2184, -670898
2185, -648021
2186, -648021
2187, -660182
2188, -653160
2189, -665016
2190, -645202
2191, -633355
2192, -633355
2193, -599154
2194, -614620
2195, -606396
2196, -600902
2197, -610304
2198, -634463
2199, -625878
2200, -641981
2201, -624953
2202, -613110
2203, -651365
2204, -646114
2205, -636479
2206, -651687
2207, -644165
2208, -633119
2209, -634921
2210, -616286
2211, -624023
2212, -624826
2213, -655877
2214, -676660
2215, -666835
2216, -661887
2217, -638047
2218, -639643
2219, -629166
2220, -642266
2221, -652899
2222, -644971
2223, -653298
2224, -659653
2225, -655202
2226, -650957
2227, -643731
2228, -621121
2229, -623757
2230, -641387
2231, -645416
2232, -639385
2233, -628902
2234, -653813
2235, -684583
2236, -696014
2237, -686284
2238, -678428
2239, -673561
2240, -665227
2241, -655899
2242, -655114
2243, -655114
2244, -661832
2245, -661832
2246, -667857
2247, -710945
2248, -706465
2249, -716388
2250, -691582
2251, -684313
2252, -679844
2253, -674296
2254, -662960
2255, -660373
2256, -670460
2257, -651722
2258, -642870
2259, -646142
2260, -630235
2261, -646741
2262, -675252
2263, -667741
2264, -659489
2265, -659489
2266, -651601
2267, -672575
2268, -668449
2269, -695316
2270, -673092
2271, -684915
2272, -689870
2273, -725078
2274, -673666
2275, -643412
2276, -690934
2277, -690934
2278, -672787
2279, -706649
2280, -735142
2281, -707177
2282, -678223
2283, -678223
2284, -678223
2285, -689076
2286, -689314
2287, -674321
2288, -654731
2289, -663669
2290, -643317
2291, -684128
2292, -664302
2293, -749508
2294, -749508
2295, -706110
2296, -715853
2297, -687566
2298, -709674
2299, -749875
2300, -669153
2301, -649179
2302, -718712
2303, -685442
2304, -714809
2305, -721751
2306, -727863
2307, -770327
2308, -682151
2309, -659669
2310, -670432
2311, -657757
2312, -681723
2313, -694720
2314, -686095
2315, -703664
2316, -717009
2317, -733840
2318, -759010
2319, -734439
2320, -725020
2321, -741749
2322, -716382
2323, -726483
2324, -722108
2325, -735460
2326, -742168
2327, -751392
2328, -769961
2329, -813072
2330, -796056
2331, -790724
2332, -780154
2333, -774234
2334, -754817
2335, -764206
2336, -771766
2337, -779585
2338, -775674
2339, -789171
2340, -769167
2341, -796666
2342, -862978
2343, -822308
2344, -797688
2345, -811314
2346, -819210
2347, -819210
2348, -819210
2349, -807315
2350, -813178
2351, -808448
2352, -801844
2353, -787435
2354, -789018
2355, -801539
2356, -795939
2357, -808636
2358, -782988
2359, -797671
2360, -778286
2361, -784358
2362, -791449
2363, -791449
2364, -781331
2365, -797202
2366, -797202
2367, -764364
2368, -734759
2369, -785037
2370, -756965
2371, -784789
2372, -741618
2373, -783190
2374, -814858
2375, -801836
2376, -844373
2377, -821373
2378, -808752
2379, -805948
2380, -805948
2381, -839379
2382, -823884
2383, -813471
2384, -817147
2385, -829808
2386, -812629
2387, -782268
2388, -811168
2389, -824844
2390, -802927
2391, -815636
2392, -772977
2393, -762873
2394, -783429
2395, -704878
2396, -716144
2397, -708780
2398, -696981
2399, -696981
2400, -676932
2401, -692869
2402, -671566
2403, -678603
2404, -666413
2405, -684018
2406, -666275
2407, -656018
2408, -664007
2409, -674163
2410, -660980
2411, -644625
2412, -659124
2413, -625952
2414, -634242
2415, -622203
2416, -612164
2417, -616976
2418, -621296
2419, -608182
2420, -634760
2421, -659823
2422, -655704
2423, -639227
2424, -650377
2425, -634266
2426, -627785
2427, -627785
2428, -621649
2429, -613101
2430, -603623
2431, -594798
2432, -609255
2433, -609255
2434, -632073
2435, -604246
2436, -523672
2437, -508225
2438, -501120
2439, -509157
2440, -505009
2441, -506782
2442, -497277
2443, -514859
2444, -510808
2445, -534050
2446, -531552
2447, -548083
2448, -548083
2449, -548083
2450, -508633
2451, -534463
2452, -514532
2453, -498700
2454, -507319
2455, -504548
2456, -517116
2457, -539155
2458, -577796
2459, -591616
2460, -586464
2461, -600055
2462, -588364
2463, -602177
2464, -610769
2465, -590444
2466, -584547
2467, -588966
2468, -652647
2469, -629509
2470, -636148
2471, -652874
2472, -643194
2473, -634413
2474, -637860
2475, -633501
2476, -620558
2477, -578520
2478, -610761
2479, -600267
2480, -590956
2481, -598180
2482, -583304
2483, -588466
2484, -561594
2485, -567205
2486, -551656
2487, -556000
2488, -561822
2489, -580350
2490, -570124
2491, -575953
2492, -571707
2493, -580853
2494, -574032
2495, -574032
2496, -592708
2497, -586436
2498, -583246
2499, -589265
2500, -587016
2501, -584638
2502, -584638
2503, -568205
2504, -571603
2505, -596760
2506, -602282
2507, -611509
2508, -619685
2509, -620418
2510, -619987
2511, -618824
2512, -630158
2513, -619355
2514, -629423
2515, -625605
2516, -633447
2517, -622010
2518, -622010
2519, -597324
2520, -605898
2521, -634503
2522, -625929
2523, -659830
2524, -674208
2525, -658100
2526, -645809
2527, -660857
2528, -660857
2529, -706306
2530, -687414
2531, -671942
2532, -662952
2533, -655655
2534, -670323
2535, -652732
2536, -658966
2537, -672372
2538, -672372
2539, -663666
2540, -674139
2541, -659668
2542, -697313
2543, -725124
2544, -706938
2545, -728724
2546, -728724
2547, -728724
2548, -721749
2549, -751423
2550, -751423
2551, -751423
2552, -751423
2553, -751423
2554, -801667
2555, -825631
2556, -819984
2557, -843182
2558, -861974
2559, -876220
2560, -864823
2561, -840756
2562, -859612
2563, -852860
2564, -852860
2565, -855913
2566, -862462
2567, -880140
2568, -903995
2569, -896508
2570, -907595
2571, -907595
2572, -925185
2573, -904726
2574, -911806
2575, -859759
2576, -877570
2577, -863455
2578, -869246
2579, -883684
2580, -858081
2581, -866713
2582, -825110
2583, -833639
2584, -823320
2585, -813306
2586, -827633
2587, -819346
2588, -838841
2589, -824096
2590, -813660
2591, -804500
2592, -808603
2593, -812706
2594, -805966
2595, -806293
2596, -785632
2597, -789787
2598, -789787
2599, -784314
2600, -801872
2601, -775899
2602, -779689
2603, -776848
2604, -779262
2605, -775693
2606, -772752
2607, -764765
2608, -762245
2609, -766137
2610, -757496
2611, -752770
2612, -748249
2613, -749692
2614, -748215
2615, -748943
2616, -750551
2617, -750451
2618, -757489
2619, -769453
2620, -767453
2621, -775750
2622, -721586
2623, -727879
2624, -735759
2625, -733656
2626, -748977
2627, -714653
2628, -721369
2629, -714653
2630, -733026
2631, -729244
2632, -704784
2633, -711400
2634, -710569
2635, -717492
2636, -721036
2637, -718937
2638, -714855
2639, -804751
2640, -795641
2641, -802770
2642, -813878
2643, -804868
2644, -782654
2645, -806542
2646, -802014
2647, -802014
2648, -802014
2649, -794885
2650, -799287
2651, -803471
2652, -798863
2653, -807421
2654, -800717
2655, -790757
2656, -800087
2657, -796415
2658, -802149
2659, -800796
2660, -772244
2661, -778514
2662, -793152
2663, -803272
2664, -798171
2665, -804863
2666, -802871
2667, -802871
2668, -800045
2669, -811028
2670, -836545
2671, -863002
2672, -845743
2673, -822551
2674, -830192
2675, -826590
2676, -830253
2677, -820009
2678, -801727
2679, -823166
2680, -823166
2681, -803438
2682, -793313
2683, -793736
2684, -777555
2685, -762421
2686, -763368
2687, -752408
2688, -761486
2689, -761486
2690, -761486
2691, -763056
2692, -758147
2693, -734984
2694, -734984
2695, -750738
2696, -709399
2697, -719728
2698, -712386
2699, -722511
2700, -709708
2701, -712935
2702, -703807
2703, -731076
2704, -731076
2705, -728888
2706, -737004
2707, -695472
2708, -702381
2709, -680420
2710, -679918
2711, -715199
2712, -728029
2713, -761019
2714, -728263
2715, -733898
2716, -733898
2717, -740809
2718, -724140
2719, -729553
2720, -729553
2721, -721310
2722, -730514
2723, -728175
2724, -739512
2725, -721538
2726, -733423
2727, -727175
2728, -722212
2729, -727772
2730, -727772
2731, -737416
2732, -732041
2733, -732041
2734, -729622
2735, -731092
2736, -729236
2737, -731138
2738, -730096
2739, -730096
2740, -730196
2741, -740467
2742, -735144
2743, -730430
2744, -749367
2745, -737902
2746, -745707
2747, -735781
2748, -732479
2749, -729541
2750, -734451
2751, -742679
2752, -739678
2753, -745537
2754, -727620
2755, -729717
2756, -727050
2757, -746188
2758, -746188
2759, -743007
2760, -752153
2761, -738387
2762, -738387
2763, -748301
2764, -790376
2765, -788972
2766, -770755
2767, -770755
2768, -780179
2769, -756122
2770, -763004
2771, -753211
2772, -765269
2773, -763817
2774, -755682
2775, -755682
2776, -753082
2777, -761657
2778, -746085
2779, -772115
2780, -764878
2781, -753873
2782, -757434
2783, -749776
2784, -728649
2785, -739726
2786, -727041
2787, -727041
2788, -731610
2789, -737141
2790, -735630
2791, -736698
2792, -746611
2793, -741751
2794, -736304
2795, -736304
2796, -745162
2797, -747676
2798, -742027
2799, -734545
2800, -739172
2801, -746236
2802, -730173
2803, -738945
2804, -710256
2805, -738807
2806, -800641
2807, -800641
2808, -826315
2809, -826315
2810, -818463
2811, -815032
2812, -816226
2813, -799482
2814, -811111
2815, -808321
2816, -783908
2817, -777204
2818, -760111
2819, -765063
2820, -764301
2821, -767706
2822, -768129
2823, -757798
2824, -757898
2825, -755531
2826, -765021
2827, -759847
2828, -769503
2829, -761771
2830, -762665
2831, -762665
2832, -761073
2833, -762535
2834, -780613
2835, -776544
2836, -767162
2837, -767162
2838, -767672
2839, -794403
2840, -794403
2841, -792339
2842, -821432
2843, -827014
2844, -818782
2845, -828762
2846, -822886
2847, -827416
2848, -821973
2849, -830221
2850, -844388
2851, -832088
2852, -843873
2853, -843873
2854, -863786
2855, -849941
2856, -865011
2857, -864041
2858, -856752
2859, -855762
2860, -843763
2861, -866945
2862, -855328
2863, -865026
2864, -860835
2865, -858481
2866, -849587
2867, -839507
2868, -839507
2869, -831892
2870, -816128
2871, -826715
2872, -832684
2873, -838831
2874, -844449
2875, -861648
2876, -889826
2877, -866342
2878, -828814
2879, -828814
2880, -817541
2881, -817541
2882, -790800
2883, -805512
2884, -810730
2885, -779124
2886, -739352
2887, -731906
2888, -747805
2889, -749084
2890, -743432
2891, -749916
2892, -753757
2893, -750939
2894, -773216
2895, -773216
2896, -773216
2897, -773216
2898, -761285
2899, -765922
2900, -757939
2901, -766933
2902, -773325
2903, -779741
2904, -778362
2905, -769242
2906, -783646
2907, -773225
2908, -785753
2909, -770772
2910, -812151
2911, -835162
2912, -801559
2913, -780425
2914, -765473
2915, -765473
2916, -766598
2917, -757163
2918, -757263
2919, -757263
2920, -747225
2921, -749190
2922, -858157
2923, -868184
2924, -863986
2925, -848321
2926, -845104
2927, -848900
2928, -837305
2929, -843791
2930, -859615
2931, -867740
2932, -846420
2933, -846420
2934, -846420
2935, -846420
2936, -839695
2937, -836317
2938, -817272
2939, -818494
2940, -828714
2941, -822722
2942, -805548
2943, -816417
2944, -824268
2945, -814811
2946, -828007
2947, -822523
2948, -835679
2949, -834211
2950, -844888
2951, -862231
2952, -836603
2953, -868271
2954, -884668
2955, -882943
2956, -889561
2957, -879753
2958, -916421
2959, -893950
2960, -932783
2961, -908543
2962, -899931
2963, -893563
2964, -876765
2965, -878469
2966, -886564
2967, -880985
2968, -876037
2969, -876037
2970, -885579
2971, -874970
2972, -877491
2973, -869886
2974, -874055
2975, -872041
2976, -877724
2977, -867751
2978, -878412
2979, -865448
2980, -865448
2981, -873436
2982, -871611
2983, -870575
2984, -866816
2985, -876987
2986, -893623
2987, -886168
2988, -886168
2989, -878509
2990, -878509
2991, -876850
2992, -903898
2993, -931585
2994, -925501
2995, -926110
2996, -914775
2997, -920051
2998, -920051
2999, -895116
3000, -895116
3001, -907924
3002, -914979
3003, -914690
3004, -913308
3005, -909114
3006, -924921
3007, -931244
3008, -926575
3009, -926575
3010, -912710
3011, -912710
3012, -905705
3013, -904055
3014, -905206
3015, -907109
3016, -903500
3017, -905747
3018, -897074
3019, -903977
3020, -903137
3021, -908933
3022, -906906
3023, -868827
3024, -872225
3025, -870443
3026, -878779
3027, -892859
3028, -887234
3029, -877813
3030, -883275
3031, -893637
3032, -891460
3033, -897527
3034, -890589
3035, -879892
3036, -879892
3037, -889789
3038, -889789
3039, -885462
3040, -885071
3041, -875956
3042, -877390
3043, -866227
3044, -877343
3045, -879088
3046, -912515
3047, -912515
3048, -895255
3049, -898747
3050, -894809
3051, -881809
3052, -885454
3053, -891105
3054, -880404
3055, -871748
3056, -871043
3057, -885028
3058, -882445
3059, -882445
3060, -881328
3061, -871119
3062, -884563
3063, -881509
3064, -879704
3065, -888067
3066, -908429
3067, -908125
3068, -920365
3069, -920365
3070, -933482
3071, -927305
3072, -927305
3073, -927105
3074, -916070
3075, -915500
3076, -920414
3077, -921382
3078, -945940
3079, -940707
3080, -940707
3081, -952223
3082, -952223
3083, -947280
3084, -941571
3085, -945347
3086, -949133
3087, -948013
3088, -949680
3089, -946435
3090, -957122
3091, -952218
3092, -959146
3093, -973990
3094, -970087
3095, -965565
3096, -971277
3097, -979413
3098, -974897
3099, -988551
3100, -990138
3101, -989507
3102, -967145
3103, -969746
3104, -961028
3105, -955115
3106, -958450
3107, -955001
3108, -966386
3109, -957529
3110, -975747
3111, -987377
3112, -967549
3113, -973282
3114, -973282
3115, -980022
3116, -980022
3117, -977537
3118, -983963
3119, -1000758
3120, -997550
3121, -1001397
3122, -1005022
3123, -1001767
3124, -998125
3125, -1006308
3126, -1006308
3127, -1003155
3128, -1000216
3129, -990272
3130, -993325
3131, -996725
3132, -991346
3133, -991346
3134, -1002143
3135, -1001141
3136, -1001141
3137, -1001141
3138, -1001141
3139, -1008062
3140, -1007561
3141, -995915
3142, -998220
3143, -994090
3144, -994090
3145, -1002322
3146, -996280
3147, -984260
3148, -984260
3149, -987834
3150, -989437
3151, -997854
3152, -990542
3153, -990542
3154, -974359
3155, -974760
3156, -972259
3157, -976015
3158, -972615
3159, -987246
3160, -985162
3161, -963931
3162, -958658
3163, -968534
3164, -968534
3165, -968534
3166, -957737
3167, -957737
3168, -957737
3169, -961384
3170, -959232
3171, -962242
3172, -998442
3173, -991141
