0, 21.642
1, 21.721
2, 21.764
3, 21.764
4, 21.816
5, 21.712
6, 21.745
7, 21.479
8, 21.547
9, 21.461
10, 21.367
11, 21.201
12, 21.314
13, 21.244
14, 21.081
15, 21.367
16, 21.332
17, 20.9
18, 20.83
19, 20.77
20, 20.778
21, 20.9
22, 20.986
23, 20.916
24, 20.632
25, 20.64
26, 20.64
27, 20.727
28, 21.004
29, 21.523
30, 20.986
31, 20.943
32, 20.943
33, 20.9
34, 20.9
35, 20.882
36, 20.554
37, 20.683
38, 20.77
39, 20.926
40, 20.675
41, 20.65
42, 20.727
43, 20.959
44, 21.158
45, 21.063
46, 20.934
47, 20.986
48, 21.09
49, 21.236
50, 20.968
51, 21.054
52, 21.115
53, 20.968
54, 20.986
55, 21.011
56, 20.978
57, 21.178
58, 21.0
59, 20.822
60, 20.734
61, 20.247
62, 19.503
63, 19.361
64, 19.414
65, 19.625
66, 19.981
67, 20.557
68, 20.734
69, 20.716
70, 21.08
71, 21.071
72, 21.266
73, 21.212
74, 20.664
75, 20.726
76, 21.008
77, 20.992
78, 20.866
79, 20.866
80, 20.734
81, 21.017
82, 21.169
83, 20.69
84, 20.69
85, 20.699
86, 20.805
87, 20.814
88, 20.822
89, 20.822
90, 20.432
91, 20.822
92, 20.734
93, 20.822
94, 20.822
95, 21.0
96, 21.169
97, 20.814
98, 20.797
99, 21.105
100, 20.866
101, 20.822
102, 20.654
103, 20.797
104, 20.822
105, 20.903
106, 20.866
107, 20.822
108, 20.734
109, 20.822
110, 20.814
111, 20.822
112, 20.822
113, 20.822
114, 20.646
115, 20.831
116, 20.899
117, 20.673
118, 20.764
119, 20.764
120, 20.764
121, 20.311
122, 20.356
123, 20.356
124, 20.691
125, 20.619
126, 20.356
127, 20.039
128, 20.084
129, 20.302
130, 20.039
131, 19.912
132, 19.814
133, 19.859
134, 19.651
135, 19.677
136, 20.121
137, 19.767
138, 19.487
139, 19.461
140, 19.686
141, 19.677
142, 20.174
143, 20.067
144, 20.455
145, 20.447
146, 20.193
147, 20.455
148, 20.311
149, 20.455
150, 20.447
151, 20.274
152, 20.447
153, 20.691
154, 20.582
155, 20.754
156, 20.727
157, 20.736
158, 20.736
159, 20.754
160, 20.79
161, 20.754
162, 20.681
163, 20.764
164, 20.764
165, 21.026
166, 21.251
167, 21.251
168, 21.486
169, 21.261
170, 21.261
171, 21.479
172, 21.261
173, 21.385
174, 21.245
175, 21.245
176, 21.245
177, 21.245
178, 21.199
179, 21.245
180, 21.173
181, 21.127
182, 21.071
183, 21.245
184, 21.173
185, 21.229
186, 21.245
187, 21.245
188, 21.182
189, 21.199
190, 21.145
191, 21.245
192, 21.136
193, 21.098
194, 21.107
195, 21.219
196, 21.245
197, 21.08
198, 21.245
199, 21.229
200, 21.145
201, 21.107
202, 21.015
203, 21.015
204, 21.107
205, 21.117
206, 21.245
207, 21.237
208, 21.245
209, 21.245
210, 21.237
211, 21.245
212, 21.237
213, 21.237
214, 21.245
215, 21.339
216, 21.367
217, 21.56
218, 21.643
219, 21.672
220, 21.635
221, 21.708
222, 21.948
223, 22.013
224, 22.078
225, 22.16
226, 22.078
227, 22.124
228, 22.299
229, 22.262
230, 22.206
231, 22.096
232, 22.17
233, 22.235
234, 22.337
235, 22.341
236, 22.199
237, 22.416
238, 22.171
239, 22.341
240, 22.388
241, 22.388
242, 22.416
243, 22.396
244, 22.396
245, 22.406
246, 22.463
247, 22.473
248, 22.341
249, 22.426
250, 22.359
251, 22.369
252, 22.294
253, 22.463
254, 22.237
255, 22.255
256, 22.388
257, 22.482
258, 22.557
259, 22.406
260, 22.586
261, 22.604
262, 22.68
263, 22.624
264, 22.793
265, 22.981
266, 23.048
267, 23.236
268, 23.217
269, 23.189
270, 23.095
271, 23.142
272, 23.095
273, 23.095
274, 23.236
275, 23.075
276, 23.208
277, 23.189
278, 23.283
279, 23.273
280, 23.114
281, 23.189
282, 23.264
283, 23.142
284, 23.057
285, 23.189
286, 23.161
287, 23.095
288, 23.226
289, 23.142
290, 23.048
291, 22.972
292, 23.095
293, 23.095
294, 23.095
295, 23.256
296, 23.154
297, 23.278
298, 23.105
299, 23.22
300, 23.172
301, 23.172
302, 23.192
303, 23.182
304, 23.25
305, 23.268
306, 23.22
307, 23.211
308, 23.268
309, 23.624
310, 23.5
311, 23.346
312, 23.461
313, 23.278
314, 23.24
315, 22.913
316, 22.836
317, 22.913
318, 22.952
319, 23.048
320, 23.028
321, 23.172
322, 23.211
323, 23.25
324, 23.346
325, 23.422
326, 23.404
327, 23.22
328, 23.202
329, 23.317
330, 23.22
331, 23.442
332, 23.422
333, 23.586
334, 23.461
335, 23.586
336, 23.211
337, 23.404
338, 23.5
339, 23.23
340, 23.336
341, 23.566
342, 23.596
343, 23.422
344, 23.576
345, 23.654
346, 23.654
347, 23.808
348, 23.846
349, 23.942
350, 23.932
351, 23.97
352, 23.712
353, 23.846
354, 23.846
355, 23.846
356, 23.864
357, 23.846
358, 23.904
359, 23.996
360, 24.123
361, 23.957
362, 24.025
363, 23.878
364, 23.859
365, 23.78
366, 23.721
367, 23.976
368, 23.937
369, 23.849
370, 23.731
371, 23.927
372, 23.927
373, 23.878
374, 23.927
375, 23.878
376, 23.966
377, 24.084
378, 23.849
379, 24.212
380, 24.261
381, 24.231
382, 24.221
383, 24.29
384, 24.074
385, 24.231
386, 24.398
387, 24.123
388, 24.221
389, 24.094
390, 24.172
391, 24.055
392, 24.123
393, 24.27
394, 24.29
395, 24.369
396, 24.133
397, 23.976
398, 23.927
399, 23.888
400, 23.78
401, 23.672
402, 23.662
403, 23.79
404, 23.721
405, 23.78
406, 23.898
407, 24.074
408, 24.025
409, 24.202
410, 24.133
411, 24.094
412, 24.241
413, 24.192
414, 24.31
415, 24.516
416, 24.5
417, 24.15
418, 24.46
419, 24.25
420, 24.38
421, 24.27
422, 24.34
423, 24.4
424, 24.42
425, 24.45
426, 24.36
427, 24.3
428, 24.433
429, 24.43
430, 24.5
431, 24.38
432, 24.526
433, 24.35
434, 24.46
435, 24.45
436, 24.48
437, 24.35
438, 24.35
439, 24.58
440, 24.4
441, 24.4
442, 24.38
443, 24.42
444, 24.35
445, 24.53
446, 24.44
447, 24.4
448, 24.642
449, 24.87
450, 24.99
451, 24.93
452, 25.0
453, 24.8
454, 25.13
455, 25.196
456, 25.22
457, 25.19
458, 25.02
459, 25.05
460, 24.94
461, 25.08
462, 25.09
463, 25.13
464, 25.07
465, 24.89
466, 25.0
467, 24.87
468, 24.999
469, 24.84
470, 24.78
471, 24.85
472, 25.05
473, 25.06
474, 24.775
475, 24.69
476, 24.59
477, 24.6
478, 24.5
479, 24.65
480, 24.55
481, 24.55
482, 24.65
483, 24.46
484, 24.5
485, 24.342
486, 24.49
487, 24.49
488, 24.455
489, 24.499
490, 24.5
491, 24.42
492, 24.4
493, 24.6
494, 24.66
495, 24.6
496, 24.523
497, 24.569
498, 24.37
499, 24.2
500, 24.41
501, 24.42
502, 24.4
503, 24.15
504, 24.16
505, 23.93
506, 23.91
507, 23.99
508, 24.1
509, 24.45
510, 24.5
511, 24.45
512, 24.35
513, 24.5
514, 24.526
515, 24.84
516, 24.95
517, 24.722
518, 24.8
519, 24.76
520, 24.83
521, 24.7
522, 24.607
523, 24.65
524, 24.76
525, 24.68
526, 24.709
527, 24.61
528, 24.75
529, 24.9
530, 24.85
531, 24.75
532, 24.83
533, 24.88
534, 24.88
535, 24.755
536, 24.41
537, 24.249
538, 24.437
539, 24.4
540, 24.62
541, 24.16
542, 23.27
543, 23.32
544, 23.92
545, 24.24
546, 23.75
547, 23.75
548, 23.91
549, 24.475
550, 24.46
551, 24.16
552, 24.0
553, 24.15
554, 24.17
555, 23.91
556, 23.9
557, 24.203
558, 24.104
559, 24.45
560, 24.24
561, 24.35
562, 24.4
563, 24.34
564, 24.32
565, 24.33
566, 24.327
567, 24.34
568, 24.07
569, 24.1
570, 24.01
571, 24.25
572, 24.4
573, 24.4
574, 24.4
575, 24.257
576, 24.25
577, 24.24
578, 24.24
579, 24.5
580, 24.38
581, 24.39
582, 24.345
583, 24.11
584, 24.12
585, 24.25
586, 24.24
587, 24.15
588, 24.25
589, 24.25
590, 24.3
591, 24.16
592, 24.35
593, 24.199
594, 24.1
595, 24.1
596, 24.13
597, 24.1
598, 24.136
599, 24.0
600, 23.99
601, 23.87
602, 23.72
603, 23.96
604, 23.94
605, 23.79
606, 23.93
607, 23.93
608, 23.76
609, 23.545
610, 23.5
611, 23.0
612, 23.01
613, 23.13
614, 21.85
615, 21.957
616, 22.0
617, 21.98
618, 22.42
619, 22.25
620, 22.456
621, 22.67
622, 22.68
623, 22.56
624, 22.56
625, 22.7
626, 23.27
627, 23.24
628, 23.29
629, 23.42
630, 22.88
631, 22.95
632, 22.56
633, 22.31
634, 22.09
635, 21.9
636, 20.87
637, 20.82
638, 21.5
639, 20.8699
640, 21.07
641, 21.65
642, 21.5
643, 21.43
644, 22.1999
645, 21.9584
646, 21.71
647, 21.22
648, 21.73
649, 21.5
650, 21.74
651, 21.35
652, 21.35
653, 21.0
654, 20.95
655, 20.61
656, 20.82
657, 20.7
658, 20.7599
659, 20.87
660, 21.45
661, 20.91
662, 20.92
663, 21.45
664, 21.3
665, 21.31
666, 21.09
667, 21.1662
668, 21.1709
669, 21.33
670, 21.22
671, 21.3
672, 21.43
673, 21.658
674, 21.48
675, 21.45
676, 21.51
677, 21.43
678, 21.5001
679, 22.3
680, 22.2
681, 22.38
682, 21.99
683, 21.6
684, 21.84
685, 22.07
686, 22.1576
687, 22.12
688, 22.0
689, 22.11
690, 22.2304
691, 22.14
692, 22.22
693, 22.32
694, 22.3
695, 22.29
696, 22.33
697, 22.48
698, 22.5
699, 22.6999
700, 22.69
701, 22.81
702, 22.6765
703, 22.85
704, 22.6862
705, 22.85
706, 23.1844
707, 23.0501
708, 23.11
709, 24.1601
710, 23.59
711, 23.5048
712, 24.05
713, 24.05
714, 24.107
715, 23.8868
716, 23.61
717, 24.05
718, 23.95
719, 23.9
720, 23.8236
721, 23.9
722, 23.9
723, 23.9
724, 24.026
725, 23.97
726, 24.02
727, 23.9
728, 24.0
729, 24.0459
730, 24.09
731, 23.94
732, 23.94
733, 24.3
734, 24.12
735, 24.39
736, 24.29
737, 24.28
738, 24.22
739, 24.28
740, 24.11
741, 24.09
742, 24.15
743, 24.27
744, 24.2411
745, 24.28
746, 24.3
747, 24.29
748, 24.29
749, 24.4135
750, 24.4499
751, 24.7
752, 24.491
753, 24.75
754, 24.7
755, 24.75
756, 24.715
757, 24.8
758, 24.83
759, 24.7667
760, 24.98
761, 25.1399
762, 25.2
763, 25.25
764, 25.15
765, 25.27
766, 25.2
767, 25.2315
768, 25.33
769, 25.44
770, 25.49
771, 25.46
772, 25.55
773, 25.084
774, 24.94
775, 25.06
776, 25.1
777, 25.04
778, 25.1001
779, 25.166
780, 25.28
781, 25.36
782, 25.2604
783, 25.3
784, 25.1
785, 25.1868
786, 25.214
787, 25.29
788, 25.59
789, 25.18
790, 25.35
791, 25.535
792, 25.35
793, 25.385
794, 24.7
795, 25.1999
796, 25.2
797, 25.09
798, 25.15
799, 25.1
800, 25.1
801, 25.05
802, 24.99
803, 25.1
804, 25.0
805, 25.0101
806, 25.1
807, 25.0531
808, 25.2249
809, 24.75
810, 24.7655
811, 24.8632
812, 25.01
813, 24.85
814, 24.7873
815, 24.97
816, 24.95
817, 25.25
818, 25.2178
819, 25.19
820, 25.0001
821, 25.12
822, 25.1511
823, 25.1825
824, 25.14
825, 25.2376
826, 24.91
827, 25.1708
828, 25.13
829, 24.5
830, 24.9
831, 24.5101
832, 24.21
833, 24.1371
834, 24.37
835, 24.3999
836, 24.7747
837, 24.6553
838, 24.6538
839, 24.65
840, 24.7
841, 24.7949
842, 24.6
843, 24.6
844, 24.7486
845, 24.41
846, 24.3482
847, 24.4069
848, 24.4153
849, 24.72
850, 24.74
851, 24.6
852, 24.699
853, 24.6
854, 24.6
855, 24.6
856, 24.615
857, 24.4
858, 24.4114
859, 24.4405
860, 24.5765
861, 24.5278
862, 24.5301
863, 24.8972
864, 24.85
865, 24.97
866, 24.9799
867, 25.134
868, 25.0
869, 25.11
870, 24.92
871, 24.9683
872, 25.0684
873, 25.2255
874, 25.15
875, 25.16
876, 25.18
877, 25.5
878, 25.5
879, 25.2301
880, 25.31
881, 25.3993
882, 25.78
883, 25.16
884, 25.15
885, 25.21
886, 25.27
887, 25.27
888, 24.95
889, 25.0
890, 24.96
891, 24.95
892, 24.91
893, 24.9
894, 24.972
895, 24.98
896, 24.92
897, 25.0
898, 24.9525
899, 24.8339
900, 24.83
901, 24.7547
902, 24.9
903, 25.2
904, 25.19
905, 25.1245
906, 25.02
907, 25.01
908, 25.085
909, 25.13
910, 25.08
911, 25.0048
912, 25.09
913, 25.039
914, 25.14
915, 25.1093
916, 25.195
917, 25.09
918, 25.2
919, 25.2
920, 25.29
921, 25.26
922, 25.1751
923, 25.34
924, 25.34
925, 25.38
926, 25.3545
927, 25.37
928, 25.36
929, 25.4
930, 25.4682
931, 25.4412
932, 25.47
933, 25.53
934, 25.47
935, 25.4556
936, 25.54
937, 25.53
938, 25.18
939, 25.27
940, 25.1186
941, 25.1267
942, 25.1499
943, 25.1461
944, 25.14
945, 25.15
946, 25.05
947, 25.101
948, 25.089
949, 25.07
950, 25.1
951, 25.05
952, 25.23
953, 25.3665
954, 25.25
955, 25.24
956, 25.4915
957, 25.2201
958, 25.3509
959, 25.3103
960, 25.3526
961, 25.346
962, 25.35
963, 25.3
964, 25.4
965, 25.3267
966, 25.5
967, 25.5
968, 25.4
969, 25.49
970, 25.4
971, 25.49
972, 25.52
973, 25.4
974, 25.4349
975, 25.476
976, 25.33
977, 25.4
978, 25.37
979, 25.3927
980, 25.3366
981, 25.3401
982, 25.4264
983, 25.54
984, 25.5371
985, 25.6
986, 25.61
987, 25.6
988, 25.7699
989, 25.22
990, 25.3
991, 25.1795
992, 25.2941
993, 25.3
994, 25.2052
995, 25.7447
996, 25.4
997, 25.46
998, 25.38
999, 25.31
1000, 25.4
1001, 25.2
1002, 25.2294
1003, 25.21
1004, 25.4369
1005, 25.3732
1006, 25.5756
1007, 25.33
1008, 25.33
1009, 25.23
1010, 25.36
1011, 25.36
1012, 25.2
1013, 25.4
1014, 25.2342
1015, 25.2
1016, 25.5
1017, 25.5
1018, 25.5
1019, 25.5422
1020, 25.54
1021, 25.4
1022, 25.52
1023, 25.5176
1024, 25.28
1025, 25.31
1026, 25.4
1027, 25.365
1028, 25.4
1029, 25.49
1030, 25.5249
1031, 25.488
1032, 25.49
1033, 25.5
1034, 25.68
1035, 25.369
1036, 25.5899
1037, 25.6
1038, 25.555
1039, 25.65
1040, 25.64
1041, 25.68
