0, 77947300
1, 111764100
2, 132750520
3, 119088820
4, 126875620
5, 119501020
6, 113932820
7, 126544938
8, 153760038
9, 136080938
10, 126737738
11, 147628438
12, 136873738
13, 147357538
14, 140163938
15, 155056338
16, 169713041
17, 188148433
18, 197443033
19, 190772733
20, 177586633
21, 184936233
22, 179775933
23, 184444533
24, 181138733
25, 174001533
26, 177740333
27, 175029333
28, 178010233
29, 183671133
30, 199082342
31, 206885942
32, 226904342
33, 204340778
34, 194890978
35, 200919978
36, 197528622
37, 190140722
38, 193537522
39, 198889022
40, 202176822
41, 198704422
42, 196749622
43, 193093722
44, 186146922
45, 178095798
46, 174875198
47, 177780398
48, 169191798
49, 164942698
50, 169573498
51, 166788498
52, 168562998
53, 166504698
54, 164708898
55, 171412798
56, 175997998
57, 172955005
58, 168006705
59, 165791705
60, 171037505
61, 181162905
62, 199429505
63, 213122905
64, 204865105
65, 210166205
66, 207129205
67, 204365220
68, 201157820
69, 198355685
70, 195704385
71, 201600485
72, 204106885
73, 202000085
74, 205231593
75, 202549893
76, 199034893
77, 196356193
78, 198184293
79, 199467878
80, 202596178
81, 201355178
82, 202712378
83, 201496778
84, 204390478
85, 210274713
86, 207169413
87, 209264513
88, 211320213
89, 209631813
90, 210673813
91, 212936513
92, 209453813
93, 215186013
94, 227603608
95, 213410308
96, 218244509
97, 215152509
98, 219436309
99, 216976141
100, 212511141
101, 209819341
102, 202703541
103, 172158041
104, 178508941
105, 168454841
106, 162389641
107, 167778141
108, 160348341
109, 151955241
110, 148069741
111, 152904541
112, 150834641
113, 157743441
114, 165007493
115, 169889910
116, 176773583
117, 186298083
118, 195604183
119, 190520033
120, 185875033
121, 182387533
122, 177949033
123, 174259480
124, 180846580
125, 176978080
126, 171301880
127, 166624080
128, 174019580
129, 170519039
130, 166890839
131, 168494410
132, 176495738
133, 170541320
134, 173948577
135, 170223998
136, 174784261
137, 144188592
138, 130530296
139, 113510561
140, 119932001
141, 106074728
142, 111224001
143, 117051090
144, 109788219
145, 104408764
146, 99879564
147, 107736403
148, 113477742
149, 116904957
150, 112884764
151, 108595491
152, 103304464
153, 99117391
154, 103547915
155, 107819924
156, 104018031
157, 99625203
158, 105331039
159, 99191007
160, 93414772
161, 86478344
162, 92784923
163, 78972452
164, 83636597
165, 88716847
166, 96451663
167, 101686460
168, 95881397
169, 116981279
170, 76477861
171, 59589765
172, 46555318
173, 39368963
174, 49300078
175, 58301833
176, 68560693
177, 57263476
178, 69089696
179, 76382092
180, 94780394
181, 106847656
182, 115878985
183, 130087375
184, 123430969
185, 116064937
186, 121643195
187, 127412571
188, 120822118
189, 127273333
190, 139156618
191, 131508666
192, 136859567
193, 126717424
194, 133015266
195, 116462107
196, 137677189
197, 122933287
198, 133350590
199, 126769121
200, 132058260
201, 125148136
202, 117776782
203, 126730303
204, 131706840
205, 153716608
206, 142119914
207, 154497187
208, 145174651
209, 152813720
210, 163418570
211, 155744596
212, 160348702
213, 153289492
214, 148857285
215, 157077922
216, 166052881
217, 173978257
218, 180834113
219, 164720642
220, 149060672
221, 117186217
222, 98551167
223, 107126986
224, 115638925
225, 108396132
226, 102062560
227, 107359780
228, 112193667
229, 117248863
230, 112589006
231, 104630738
232, 111270817
233, 105601544
234, 94875804
235, 103819050
236, 109861987
237, 114428452
238, 108187374
239, 112729679
240, 117503783
241, 113781117
242, 104847677
243, 99922331
244, 94590296
245, 102865078
246, 95619019
247, 90655243
248, 77711072
249, 85903953
250, 74471474
251, 84525409
252, 91470843
253, 97968009
254, 86414770
255, 96663566
256, 83023765
257, 72965318
258, 83102991
259, 91155014
260, 98984677
261, 105701243
262, 99186082
263, 106921892
264, 116297623
265, 125826861
266, 131007985
267, 123265179
268, 128130448
269, 133453735
270, 126151221
271, 132568653
272, 125766884
273, 136514113
274, 131473636
275, 137288195
276, 141526899
277, 147573853
278, 152540551
279, 160140381
280, 165484719
281, 173955599
282, 154379093
283, 191898856
284, 211210984
285, 200127269
286, 210872271
287, 203878094
288, 193568322
289, 188760477
290, 192564996
291, 203589696
292, 196008416
293, 186924060
294, 181651746
295, 177139524
296, 172488543
297, 180263284
298, 171164428
299, 166639646
300, 160412476
301, 169117884
302, 179465705
303, 189055578
304, 175273567
305, 181083933
306, 188884407
307, 177152394
308, 169247095
309, 161100523
310, 168954154
311, 162022491
312, 167375381
313, 182926140
314, 171338444
315, 183252171
316, 177195706
317, 183055330
318, 190740794
319, 199089605
320, 192338176
321, 198140352
322, 202272632
323, 177852891
324, 185854085
325, 179489786
326, 173718950
327, 180186895
328, 173553607
329, 163313788
330, 154442912
331, 143616758
332, 137337434
333, 131443380
334, 122962441
335, 122962441
336, 128329550
337, 135955332
338, 141814438
339, 146529041
340, 141893351
341, 137709431
342, 143678166
343, 138891897
344, 131600612
345, 124767180
346, 117179327
347, 94426442
348, 21521703
349, 40818869
350, 29530749
351, 38764303
352, 24544743
353, 49731430
354, 60259356
355, 68236082
356, 73994698
357, 65907129
358, 50480380
359, 42288841
360, 31150668
361, 17081799
362, 25706160
363, 21429821
364, 14759759
365, 6299586
366, 13782235
367, 22766340
368, 13843127
369, 1123802
370, -10303277
371, -18733022
372, -29619221
373, -40530496
374, -50308593
375, -58159033
376, -67021281
377, -58298571
378, -72072979
379, -63019436
380, -70228473
381, -81921879
382, -90805420
383, -98516395
384, -82480765
385, -101188853
386, -112281255
387, -123532911
388, -105054047
389, -83189129
390, -103893728
391, -91631984
392, -100332660
393, -122225568
394, -111127017
395, -111127017
396, -119544359
397, -131029577
398, -142676354
399, -153395746
400, -143403624
401, -150271398
402, -138890491
403, -129637180
404, -121175457
405, -127740356
406, -175872473
407, -188440085
408, -199761710
409, -186625132
410, -194538700
411, -204754253
412, -213099640
413, -205114413
414, -213742845
415, -208113746
416, -215122865
417, -208702519
418, -202101787
419, -189725722
420, -196374045
421, -189482690
422, -201657360
423, -187270396
424, -170854169
425, -158548257
426, -166603411
427, -158799989
428, -170428399
429, -176896483
430, -185388101
431, -192930755
432, -198934784
433, -206035247
434, -199251001
435, -214851431
436, -223764824
437, -214964785
438, -200600946
439, -220578065
440, -211393621
441, -227962796
442, -238949168
443, -246017111
444, -242117370
445, -232615100
446, -227505367
447, -221584173
448, -225758939
449, -220506162
450, -228965117
451, -234563300
452, -226391318
453, -232660031
454, -240132053
455, -233102431
456, -240701451
457, -246917913
458, -254277353
459, -250137042
460, -245235682
461, -238260573
462, -234927452
463, -237805811
464, -232915396
465, -228054896
466, -221814866
467, -217464301
468, -222595897
469, -227713664
470, -223568632
471, -234200373
472, -199149132
473, -219815212
474, -209619873
475, -220777160
476, -229280415
477, -235449466
478, -242602909
479, -237350806
480, -244655331
481, -251971781
482, -260757009
483, -253607388
484, -249309798
485, -253478528
486, -259392523
487, -264355178
488, -270769126
489, -264777286
490, -274390205
491, -262493752
492, -268249868
493, -272801885
494, -277235974
495, -283608044
496, -278969731
497, -286763707
498, -281215551
499, -284955533
500, -289392048
501, -293002112
502, -300145114
503, -295629346
504, -300719252
505, -306405609
506, -300239234
507, -279868710
508, -268963662
509, -276293944
510, -281133712
511, -276178837
512, -281304328
513, -278743208
514, -278743208
515, -284204370
516, -280300125
517, -284909505
518, -280247480
519, -273546710
520, -262917072
521, -258204089
522, -263291447
523, -270894828
524, -267859870
525, -270993155
526, -274634004
527, -271224591
528, -267132284
529, -274910162
530, -283595025
531, -287433642
532, -291536175
533, -297544984
534, -308505893
535, -284073180
536, -295228978
537, -289464154
538, -278389367
539, -272582321
540, -280214788
541, -285838022
542, -280238334
543, -285481351
544, -290514102
545, -297364526
546, -301708775
547, -309312322
548, -302726279
549, -298208852
550, -292189062
551, -286852090
552, -273381254
553, -282409892
554, -277113110
555, -272515630
556, -277207670
557, -281769835
558, -278021097
559, -257030479
560, -267517677
561, -273732953
562, -273732953
563, -263148373
564, -252659126
565, -263332414
566, -267953873
567, -275932062
568, -270132430
569, -265213089
570, -261762205
571, -256440045
572, -250272633
573, -239929008
574, -246370314
575, -240304124
576, -244944017
577, -253954628
578, -258840730
579, -264200983
580, -260959688
581, -256169597
582, -252779301
583, -255275326
584, -249492085
585, -252610084
586, -257018251
587, -262206804
588, -267506524
589, -274183482
590, -268181250
591, -271920135
592, -276652712
593, -271311091
594, -274773787
595, -270203588
596, -266536733
597, -260987951
598, -250460529
599, -262000082
600, -257630570
601, -253072840
602, -248367875
603, -253292438
604, -259157981
605, -255157559
