0, -230066
1, 413424
2, 413424
3, 50944
4, -150007
5, 191649
6, 191649
7, 505611
8, 195087
9, -39625
10, -476096
11, -720916
12, -997273
13, -1347016
14, -1652891
15, -1780053
16, -1976153
17, -1535030
18, -2560811
19, -2510476
20, -2659268
21, -2558186
22, -1403829
23, -1305781
24, -3892675
25, -3892675
26, -1656736
27, 583851
28, -1988894
29, 155263
30, 2363706
31, 319218
32, -1636521
33, -1685243
34, -2017399
35, -1815638
36, -1868603
37, -1598513
38, -2289107
39, -2707183
40, -2935021
41, -3540099
42, -3479247
43, -3665439
44, -4671206
45, -5715384
46, -4909758
47, -3405251
48, -4547276
49, -4816961
50, -4342280
51, -4342280
52, -3416772
53, -3131316
54, -3410099
55, -3410099
56, -3277277
57, -3154969
58, -3217031
59, -3262314
60, -3039731
61, -2531085
62, -1898918
63, -1160817
64, -2834537
65, -2834537
66, -2173055
67, -1973115
68, -1973115
69, -1444860
70, -1924999
71, 655024
72, 655024
73, 526249
74, 615000
75, 1068051
76, 1403643
77, 1403643
78, 1403643
79, 1964446
80, 1299326
81, 3601776
82, 4259013
83, 3649287
84, 3815062
85, 3777257
86, 3471584
87, 3890670
88, 3802728
89, 3897542
90, 3754612
91, 4156719
92, 4402955
93, 4875409
94, 4546286
95, 4546286
96, 4546286
97, 4546286
98, 5214842
99, 4956275
100, 4870153
101, 4735108
102, 4461782
103, 4461782
104, 5122050
105, 4491498
106, 4812940
107, 4997110
108, 5381829
109, 6107800
110, 3954749
111, 3354522
112, 3146699
113, 3485324
114, 4384347
115, 4384347
116, 4338053
117, 3897942
118, 3216246
119, 3609658
120, 3468144
121, 3468144
122, 3512621
123, 3512621
124, 3072714
125, 2917047
126, 3497662
127, 3311672
128, 2635029
129, 2635029
130, 2790293
131, 2273158
132, 3100614
133, 3501515
134, 3501515
135, 6285967
136, 6388902
137, 6388902
138, 6388902
139, 6083215
140, 6083215
141, 5350523
142, 5647754
143, 5525334
144, 5449234
145, 5287107
146, 5133621
147, 5097408
148, 5097408
149, 5449783
150, 5815760
151, 5863368
152, 4082372
153, 3073035
154, 1626217
155, 1845878
156, 2264610
157, 2307257
158, 2201380
159, 2201380
160, 2159471
161, 2115170
162, 2115170
163, 1081755
164, 929738
165, 580855
166, 872203
167, 1021462
168, 867057
169, 771105
170, 917053
171, 1622174
172, 1548832
173, 2396225
174, 2396225
175, 2896757
176, 3162554
177, 3162554
178, 3710693
179, 3517135
180, 3823375
181, 3697646
182, 3477066
183, 1242961
184, 2280971
185, 2455226
186, 2455226
187, 2030057
188, 2212034
189, 2555770
190, 4074277
191, 3646353
192, 3646353
193, 4150010
194, 4388786
195, 6258565
196, 4553302
197, 4391912
198, 4150193
199, 5132321
200, 4427019
201, 2576356
202, 3611609
203, 3797078
204, 4129600
205, 4823873
206, 4823873
207, 5039858
208, 4859903
209, 5082870
210, 5389842
211, 5114853
212, 6447706
213, 6890335
214, 8498542
215, 10339463
216, 12898004
217, 11734263
218, 13173176
219, 11509822
220, 10749006
221, 9496850
222, 8221166
223, 8850001
224, 6378958
225, 7074519
226, 6051397
227, 4321502
228, 4595204
229, 4569102
230, 5185070
231, 6010772
232, 5250142
233, 5878977
234, 6010588
235, 5571449
236, 5333590
237, 5530641
238, 5232859
239, 5832833
240, 11674887
241, 10049031
242, 9679194
243, 10217592
244, 9151825
245, 10150131
246, 9554383
247, 9303290
248, 8700190
249, 7984411
250, 7256865
251, 7256865
252, 7070107
253, 9256236
254, 8865995
255, 8408293
256, 8186427
257, 6193857
258, 6371608
259, 6575459
260, 6918644
261, 7725414
262, 7725414
263, 7823939
264, 8893383
265, 8294694
266, 7721740
267, 7065148
268, 6811114
269, 6544212
270, 6920483
271, 6920483
272, 7023970
273, 8233481
274, 7799490
275, 8015844
276, 8696332
277, 8290282
278, 8848348
279, 8848348
280, 8600564
281, 8870956
282, 8407003
283, 8967458
284, 9119290
285, 8973708
286, 10608939
287, 11628752
288, 11882786
289, 11629303
290, 12049139
291, 11832421
292, 14452356
293, 16039612
294, 15414085
295, 16384085
296, 16875240
297, 17711605
298, 18751637
299, 17872077
300, 17872077
301, 16472501
302, 15893298
303, 16895648
304, 16349897
305, 15858555
306, 15524009
307, 14336556
308, 14684521
309, 15443865
310, 14364864
311, 13951830
312, 12937347
313, 13581072
314, 13811944
315, 13639158
316, 13858634
317, 14955651
318, 15205457
319, 14291889
320, 13706800
321, 12709780
322, 11832241
323, 12117339
324, 11589971
325, 11229507
326, 11483724
327, 12656472
328, 12852234
329, 12700767
330, 12215494
331, 12505371
332, 12745619
333, 12657756
334, 12755179
335, 12121748
336, 12532759
337, 12896715
338, 12702422
339, 12603713
340, 12221376
341, 11960725
342, 11386483
343, 11480963
344, 11014253
345, 10405637
346, 8856984
347, 6948602
348, 6643836
349, 7089591
350, 7578725
351, 7876140
352, 7465129
353, 8251313
354, 7911804
355, 7331863
356, 7718429
357, 7827248
358, 8036982
359, 7666960
360, 7108157
361, 7268078
362, 6933351
363, 6901550
364, 7221206
365, 7874305
366, 8482554
367, 8402597
368, 9103487
369, 10052714
370, 10462624
371, 11238329
372, 10107859
373, 9817982
374, 11539975
375, 10925660
376, 11231531
377, 10999371
378, 11421779
379, 12474127
380, 12988627
381, 13263249
382, 13741720
383, 14128102
384, 13681980
385, 13106637
386, 13327767
387, 12989913
388, 14382139
389, 14703635
390, 14192075
391, 14482872
392, 15269240
393, 14304204
394, 14914290
395, 14522575
396, 13828302
397, 14397581
398, 14008074
399, 13682719
400, 12827605
401, 12155022
402, 12712536
403, 12712536
404, 11835732
405, 12495633
406, 11769376
407, 12264761
408, 10136167
409, 10790001
410, 10286711
411, 10736694
412, 11255608
413, 10534865
414, 10119623
415, 9611555
416, 9715411
417, 10431375
418, 10187633
419, 10587434
420, 10866283
421, 10699748
422, 11059293
423, 9118743
424, 8471344
425, 9102936
426, 9450715
427, 9879191
428, 11222706
429, 11538685
430, 11538685
431, 11873045
432, 12289572
433, 12921718
434, 12655738
435, 12849482
436, 12228734
437, 12470635
438, 12734412
439, 13536401
440, 16001196
441, 14317623
442, 14081604
443, 14081604
444, 14342623
445, 13983814
446, 14119469
447, 14327364
448, 14327364
449, 14198876
450, 14198876
451, 14456770
452, 14018553
453, 14379384
454, 14379384
455, 14291705
456, 13930689
457, 13395233
458, 13759925
459, 13532177
460, 13532177
461, 13368765
462, 13488428
463, 13546329
464, 13612687
465, 13831244
466, 13491184
467, 14106783
468, 14640952
469, 14424234
470, 14002744
471, 14261373
472, 14764292
473, 14330854
474, 14657126
475, 14409156
476, 14558966
477, 14362465
478, 14994427
479, 14275155
480, 14008805
481, 14115971
482, 14195197
483, 13783265
484, 13891717
485, 14012851
486, 13824991
487, 13644300
488, 14008439
489, 13762492
490, 13662865
491, 13035500
492, 13200383
493, 13052079
494, 13528162
495, 14563233
496, 16114091
497, 15374231
498, 14554043
499, 14055717
500, 13819147
501, 13494527
502, 12812936
503, 14643011
504, 15664500
505, 16359327
506, 13925966
507, 14648181
508, 14283123
509, 14283123
510, 14150775
511, 14360326
512, 14039015
513, 14445433
514, 14732736
515, 15976804
516, 15689867
517, 15689867
518, 15949231
519, 15726446
520, 15726446
521, 15726446
522, 15408995
523, 14938241
524, 15220031
525, 15316532
526, 15040259
527, 15222603
528, 15674056
529, 15851621
530, 16160613
531, 15930291
532, 14812504
533, 15102014
534, 17263970
535, 18098797
536, 25886364
537, 31971056
538, 30668717
539, 32301924
540, 32869366
541, 33734038
542, 32531512
543, 31137814
544, 29582084
545, 28716774
546, 28344517
547, 28344517
548, 29051842
549, 29973864
550, 28971146
551, 30258041
552, 34449054
553, 33382734
554, 33848891
555, 33526111
556, 33184397
557, 33981423
558, 34765215
559, 32758675
560, 32758675
561, 33091934
562, 34344824
563, 33856571
564, 34391478
565, 34391478
566, 34216667
567, 34711868
568, 39706713
569, 42620938
570, 44312232
571, 41305362
572, 42794273
573, 44632866
574, 46490883
575, 47302617
576, 46350634
577, 49476799
578, 51373601
579, 53780308
580, 53272057
581, 52728146
582, 53420215
583, 52928873
584, 53689503
585, 53159009
586, 52088280
587, 52861593
588, 52087544
589, 51571572
590, 51918065
591, 53302532
592, 54653030
593, 55831478
594, 54745307
595, 55336092
596, 54955776
597, 54579134
598, 54982058
599, 55588285
600, 55122310
601, 55596371
602, 54706332
603, 54222528
604, 53381201
605, 51621344
606, 48651791
607, 48251990
608, 46773554
609, 47109385
610, 46142512
611, 47856785
612, 51977215
613, 50646750
614, 49249562
615, 47673519
616, 44647899
617, 42901826
618, 41009987
619, 41009987
620, 39937971
621, 37572254
622, 40553757
623, 39556959
624, 40434622
625, 41690668
626, 44189789
627, 42826778
628, 42295794
629, 40178578
630, 42489868
631, 42489868
632, 43107003
633, 45732147
634, 47059610
635, 46707970
636, 45846960
637, 45339673
638, 45339673
639, 44772658
640, 44138552
641, 43701404
642, 43225025
643, 44653850
644, 43020383
645, 43020383
646, 43785473
647, 45059774
648, 46180834
649, 49230798
650, 52330721
651, 51225997
652, 53403101
653, 52807585
654, 52241372
655, 52932967
656, 56120961
657, 57386134
658, 56884453
659, 56161794
660, 55226164
661, 54371239
662, 55182769
663, 55800865
664, 56517438
665, 57623442
666, 55786610
667, 56719197
668, 58088454
669, 55993177
670, 55993177
671, 57700785
672, 58325125
673, 59720641
674, 61165477
675, 59869398
676, 60450662
677, 60007425
678, 61154767
679, 60374461
680, 58610647
681, 57703199
682, 56832975
683, 57677704
684, 58626559
685, 57456983
686, 57456983
687, 56420634
688, 58626670
689, 56824470
690, 57074270
691, 56320896
692, 56627701
693, 55039070
694, 55039070
695, 55039070
696, 55039070
697, 55039070
698, 55826579
699, 55826579
700, 55132904
701, 54109844
702, 53272374
703, 52878298
704, 52133223
705, 51809925
706, 51406721
707, 52441790
708, 53179682
709, 52789131
710, 52268236
711, 53135973
712, 52492417
713, 53344168
714, 54307453
715, 54851627
716, 53567064
717, 52860739
718, 50572026
719, 47415705
720, 46550853
721, 46550853
722, 46230115
723, 46085840
724, 45382078
725, 45913864
726, 44823870
727, 42886318
728, 44439862
729, 43548427
730, 41412956
731, 42153061
732, 43480365
733, 42517673
734, 43107585
735, 48354191
736, 46930805
737, 46258356
738, 45340023
739, 43593009
740, 44104618
741, 42990159
742, 43571746
743, 46044927
744, 43616569
745, 45009363
746, 45009363
747, 46557015
748, 47079033
749, 47079033
750, 46044445
751, 46387202
752, 46790404
753, 47919363
754, 49292940
755, 48109782
756, 47378563
757, 46631914
758, 47297953
759, 47725314
760, 47725314
761, 47172352
762, 46694850
763, 47726877
764, 47289406
765, 46621840
766, 46130568
767, 44041693
768, 46208227
769, 45216394
770, 47602354
771, 49771450
772, 53443107
773, 54345143
774, 52855734
775, 50680071
776, 51878903
777, 53464678
778, 54356425
779, 53458267
780, 53795401
781, 53250342
782, 52631928
783, 51881407
784, 53148792
785, 51950114
786, 49884906
787, 48709632
788, 50042889
789, 50959972
790, 49927277
791, 50620173
792, 49768482
793, 49075818
794, 50218550
795, 49706711
796, 49706711
797, 49152735
798, 49598975
799, 50232008
800, 51384939
801, 51079459
802, 52126006
803, 52486463
804, 52167819
805, 51926358
806, 52107599
807, 52333994
808, 51819769
809, 52040050
810, 52319606
811, 51832559
812, 51483706
813, 51265749
814, 51702042
815, 51367823
816, 50833335
817, 51618983
818, 52213349
819, 51134241
820, 50862842
821, 50565905
822, 50908979
823, 52041117
824, 51013297
825, 50438150
826, 50191170
827, 50654613
828, 49287204
829, 50213439
830, 49554254
831, 49288949
832, 48410610
833, 48012253
834, 47314931
835, 47016209
836, 46509034
837, 46799394
838, 46398380
839, 45795762
840, 45551242
841, 44150410
842, 42321887
843, 43270736
844, 44084367
845, 43332328
846, 42617603
847, 42790449
848, 43130045
849, 42927458
850, 42644926
851, 43130080
852, 43859320
853, 43476209
854, 43890606
855, 44415133
856, 44907096
857, 45492906
858, 45889158
859, 45703931
860, 45044023
861, 44648939
862, 45452661
863, 45452661
864, 43308749
865, 42114119
866, 42983204
867, 42136741
868, 43968482
869, 44712280
870, 43402370
871, 40821803
872, 41466586
873, 41133248
874, 40328362
875, 40000508
876, 40458325
877, 40038453
878, 40791358
879, 40458455
880, 40226520
881, 40532173
882, 40328355
883, 39850953
884, 37805329
885, 39933230
886, 37216273
887, 39247925
888, 40602356
889, 38200706
890, 39324188
891, 37643143
892, 36454224
893, 34682525
894, 32270382
895, 31190939
896, 32638873
897, 34139910
898, 33157994
899, 30397504
900, 31233908
901, 32038457
902, 31646028
903, 30508245
904, 29311289
905, 30210547
906, 29548813
907, 30165431
908, 29476056
909, 29083155
910, 29083155
911, 28160649
912, 27792643
913, 28273195
914, 27517822
915, 26841335
916, 27232399
917, 26613376
918, 26974978
919, 26669776
920, 26141211
921, 25459794
922, 25136276
923, 24765913
924, 25653284
925, 25234164
926, 26061955
927, 27086719
928, 24497479
929, 22883548
930, 20107067
931, 18489569
932, 18937898
933, 18239052
934, 17024751
935, 16624949
936, 17412906
937, 17096626
938, 16714080
939, 17716765
940, 17007177
941, 16540929
942, 16753446
943, 18781136
944, 18141660
945, 19193701
946, 19193701
947, 18344341
948, 17544726
949, 16074773
950, 15695237
951, 16278071
952, 18057644
953, 14895666
954, 19371921
955, 23305421
956, 25467073
957, 24786384
958, 26357675
959, 26357675
960, 27006001
961, 25572603
962, 25329351
963, 24800147
964, 24982358
965, 25118262
966, 24757759
967, 25110847
968, 24414151
969, 25284111
970, 26487084
971, 28726455
972, 30363682
973, 29189763
974, 28907774
975, 28618327
976, 29265338
977, 29031287
978, 28325952
979, 28705252
980, 27528327
981, 27914792
982, 27611352
983, 27858189
984, 28819946
985, 28819946
986, 29103527
987, 28965372
988, 28965372
989, 28965372
990, 30653510
991, 29713521
992, 30310446
993, 31416061
994, 30992299
995, 29994773
996, 31847436
997, 33516238
998, 33516238
999, 32629501
1000, 32629501
1001, 33270293
1002, 32950469
1003, 33494580
1004, 33494580
1005, 34131268
1006, 34423865
1007, 34082121
1008, 33750198
1009, 34049116
1010, 35054792
1011, 36960963
1012, 37575485
1013, 39658301
1014, 41387701
1015, 38513389
1016, 40657034
1017, 43918680
1018, 42331558
1019, 42331558
1020, 42903012
1021, 41519233
1022, 40403337
1023, 41217005
1024, 38290562
1025, 40442431
1026, 41489656
1027, 39018372
1028, 35896103
1029, 37432844
1030, 39110222
1031, 40773021
1032, 39508428
1033, 39286431
1034, 38964974
1035, 37361466
1036, 39160020
1037, 38272665
1038, 40152567
1039, 38743310
1040, 38743310
1041, 37440690
1042, 36480708
1043, 37621184
1044, 39670360
1045, 39014395
1046, 40150123
1047, 38666924
1048, 38666924
1049, 41489015
1050, 48547978
1051, 46492667
1052, 51387424
1053, 47008416
1054, 52468710
1055, 50382429
1056, 50382429
1057, 53025029
1058, 47714334
1059, 42855462
1060, 38818724
1061, 42924317
1062, 44583519
1063, 54358709
1064, 50768607
1065, 48027928
1066, 52965500
1067, 51132916
1068, 49829185
1069, 50613169
1070, 51596485
1071, 54177177
1072, 52128714
1073, 50592785
1074, 52653493
1075, 50287182
1076, 50287182
1077, 45411093
1078, 44064931
1079, 46797835
1080, 45170031
1081, 43357242
1082, 46392542
1083, 42852983
1084, 40338518
1085, 38846931
1086, 38144405
1087, 40158413
1088, 43078771
1089, 45503726
1090, 44028071
1091, 41793502
1092, 45109523
1093, 46509812
1094, 45372973
1095, 46579700
1096, 38552511
1097, 41305333
1098, 44498684
1099, 43225051
1100, 40492699
1101, 43420877
1102, 47234849
1103, 45158617
1104, 46541942
1105, 47392208
1106, 46376742
1107, 45363806
1108, 47769715
1109, 46718850
1110, 47788016
1111, 49503711
1112, 48366517
1113, 49148341
1114, 50231976
1115, 51083801
1116, 48047317
1117, 51953098
1118, 52742448
1119, 53534891
1120, 52877384
1121, 54451711
1122, 53515300
1123, 47204585
1124, 53600289
1125, 51633108
1126, 55199507
1127, 57167643
1128, 59286806
1129, 67252722
1130, 63981626
1131, 61128504
1132, 58951097
1133, 60885713
1134, 64708820
1135, 63118043
1136, 64752194
1137, 67834958
1138, 72027398
1139, 70888280
1140, 73622116
1141, 74369364
1142, 75255427
1143, 74420753
1144, 73790058
1145, 74982564
1146, 77315848
1147, 72181239
1148, 67044552
1149, 60901638
1150, 61648197
1151, 60875659
1152, 59372655
1153, 58932299
1154, 59268298
1155, 61938886
1156, 64533703
1157, 63213077
1158, 59907162
1159, 61478436
1160, 62422201
1161, 61932196
1162, 61097679
1163, 60589415
1164, 60934007
1165, 60384267
1166, 63155077
1167, 64677125
1168, 65803731
1169, 67712911
1170, 66560166
1171, 65246690
1172, 64175159
1173, 62987969
1174, 62273552
1175, 61295530
1176, 60362054
1177, 61844756
1178, 61072841
1179, 63341151
1180, 64773164
1181, 65808780
1182, 65808780
1183, 66293130
1184, 67302541
1185, 68096989
1186, 68795764
1187, 68204555
1188, 69124347
1189, 70561483
1190, 65660053
1191, 60594139
1192, 59256137
1193, 58373887
1194, 59025067
1195, 59478589
1196, 59899742
1197, 59029258
1198, 56915227
1199, 59001100
1200, 62484120
1201, 54419361
1202, 57939505
1203, 59625224
1204, 57044384
1205, 55266787
1206, 52619222
1207, 54376523
1208, 54376523
1209, 51464936
1210, 49219890
1211, 51855412
1212, 53332253
1213, 53987262
1214, 55878339
1215, 57176270
1216, 57000379
1217, 57363044
1218, 56749617
1219, 57131720
1220, 57131720
1221, 59534544
1222, 60889030
1223, 60005733
1224, 66652712
1225, 62653157
1226, 61213180
1227, 60268513
1228, 61048085
1229, 61836200
1230, 57061191
1231, 54529178
1232, 52901139
1233, 51715781
1234, 50327998
1235, 51238797
1236, 50024441
1237, 48032096
1238, 46809401
1239, 45568251
1240, 43438611
1241, 48931684
1242, 50869666
1243, 49012746
1244, 50273890
1245, 51418287
1246, 52475482
1247, 53670331
1248, 54943266
1249, 58224877
1250, 56154630
1251, 57557086
1252, 56614520
1253, 57630065
1254, 59450535
1255, 56620799
1256, 55824614
1257, 54104249
1258, 51037670
1259, 52766383
1260, 50025634
1261, 47478286
1262, 47478286
1263, 49323231
1264, 50209377
1265, 51240614
1266, 52671097
1267, 49425283
1268, 48946201
1269, 47974814
1270, 49065028
1271, 49784968
1272, 53083852
1273, 48617454
1274, 49935934
1275, 52066187
1276, 50791734
1277, 51698979
1278, 50264653
1279, 51254529
1280, 52930239
1281, 53658144
1282, 56050676
1283, 57148772
1284, 54895451
1285, 57531884
1286, 55030856
1287, 56927993
1288, 58137806
1289, 59184708
1290, 60082447
1291, 60887196
1292, 59914973
1293, 56359256
1294, 56870575
1295, 56165921
1296, 56793047
1297, 57654429
1298, 57082476
1299, 54387654
1300, 54387654
1301, 55181179
1302, 53984204
1303, 54597419
1304, 53624121
1305, 52675230
1306, 51577222
1307, 53680819
1308, 55817845
1309, 54953565
1310, 53917130
1311, 52574800
1312, 51683348
1313, 50664299
1314, 49323696
1315, 46907279
1316, 43905158
1317, 44687711
1318, 45259650
1319, 43567197
1320, 45375849
1321, 46416278
1322, 45403700
1323, 43939752
1324, 46604671
1325, 47929502
1326, 44530223
1327, 43539802
1328, 45031271
1329, 42977417
1330, 45557011
1331, 46347172
1332, 46785730
1333, 48141997
1334, 47709634
1335, 47129271
1336, 45343954
1337, 46462387
1338, 45768802
1339, 46323051
1340, 45126555
1341, 44355665
1342, 45320820
1343, 43628712
1344, 39031916
1345, 36568860
1346, 37640709
1347, 38763578
1348, 39812885
1349, 40607967
1350, 41151023
1351, 40415278
1352, 39756051
1353, 41634792
1354, 45540136
1355, 44622333
1356, 44949271
1357, 44949271
1358, 42056399
1359, 43387632
1360, 44489680
1361, 47030504
1362, 48085870
1363, 47515798
1364, 49047262
1365, 47121854
1366, 50008894
1367, 50904761
1368, 50216985
1369, 49656980
1370, 48996804
1371, 48077565
1372, 47597182
1373, 46841573
1374, 47367790
1375, 47041528
1376, 47605156
1377, 47288845
1378, 46613961
1379, 47852189
1380, 48172354
1381, 48614087
1382, 48167128
1383, 47846609
1384, 47443328
1385, 47701077
1386, 47271429
1387, 45759507
1388, 47165843
1389, 47653569
1390, 48685887
1391, 48201654
1392, 48626155
1393, 48229367
1394, 48599275
1395, 49601704
1396, 50234349
1397, 51343777
1398, 52627084
1399, 51766275
1400, 52774313
1401, 53700763
1402, 54300713
1403, 53800013
1404, 54426182
1405, 53624514
1406, 54290491
1407, 56470333
1408, 55853655
1409, 56675609
1410, 53550062
1411, 54233110
1412, 53585775
1413, 52896803
1414, 51957110
1415, 50975444
1416, 49782806
1417, 50625166
1418, 50625166
1419, 49810551
1420, 49810551
1421, 49002362
1422, 49535866
1423, 49935310
1424, 50550168
1425, 51345684
1426, 50585341
1427, 51628404
1428, 52283983
1429, 52849462
1430, 53611547
1431, 54775181
1432, 54207863
1433, 54849394
1434, 54503561
1435, 53732328
1436, 54592755
1437, 55294150
1438, 54884334
1439, 54676621
1440, 54950497
1441, 54333135
1442, 54633020
1443, 55039398
1444, 55328411
1445, 56504618
1446, 54287474
1447, 55087951
1448, 55373745
1449, 56031671
1450, 59261503
1451, 60242592
1452, 61450689
1453, 60666316
1454, 61295961
1455, 60066456
1456, 61195673
1457, 63213052
1458, 61920609
1459, 60384635
1460, 61046247
1461, 61046247
1462, 62315788
1463, 64741885
1464, 63725354
1465, 64928376
1466, 64070610
1467, 66913534
1468, 66913534
1469, 66913534
1470, 65759141
1471, 66351939
1472, 67895065
1473, 67052011
1474, 67728304
1475, 66356086
1476, 65187825
1477, 66262081
1478, 66653479
1479, 68225658
1480, 69374738
1481, 68639872
1482, 67973475
1483, 69429709
1484, 71191936
1485, 70230224
1486, 69458877
1487, 70151112
1488, 69421541
1489, 71501530
1490, 72804622
1491, 71660598
1492, 72606431
1493, 74138305
1494, 80105564
1495, 80105564
1496, 82235917
1497, 82855921
1498, 79572842
1499, 75526928
1500, 71505204
1501, 70300911
1502, 71459725
1503, 71459725
1504, 71459725
1505, 72406221
1506, 70109621
1507, 68928753
1508, 67742857
1509, 68526990
1510, 67642278
1511, 70489020
1512, 73465920
1513, 76362505
1514, 79105253
1515, 77087371
1516, 79502408
1517, 75311155
1518, 71218741
1519, 74459859
1520, 73184193
1521, 70233648
1522, 67306248
1523, 70149114
1524, 72787189
1525, 77476229
1526, 74411650
1527, 76831258
1528, 79795758
1529, 77805835
1530, 76206437
1531, 72990473
1532, 74665418
1533, 76397367
1534, 78463014
1535, 79880042
1536, 81042541
1537, 82455288
1538, 81169090
1539, 82326269
1540, 81109570
1541, 79752575
1542, 78462668
1543, 79830505
1544, 78245085
1545, 76744081
1546, 78772335
1547, 80134472
1548, 82594871
1549, 82594871
1550, 84414449
1551, 85376891
1552, 87402445
1553, 85687965
1554, 85069465
1555, 86598338
1556, 85099767
1557, 87162692
1558, 84082134
1559, 85002330
1560, 83935039
1561, 82245481
1562, 86804431
1563, 85619398
1564, 81267072
1565, 79481174
1566, 81898560
1567, 81067577
1568, 79798715
1569, 78232996
1570, 77666061
1571, 74728479
1572, 78224867
1573, 82304631
1574, 86803185
1575, 84560355
1576, 86738210
1577, 88603396
1578, 87575384
1579, 90180343
1580, 89071522
1581, 89616769
1582, 87452016
1583, 86719132
1584, 87902633
1585, 87053532
1586, 85386273
1587, 83501886
1588, 84111893
1589, 84884382
1590, 86495307
1591, 84765317
1592, 82754205
1593, 81286296
1594, 82723950
1595, 80281246
1596, 83998049
1597, 87074907
1598, 85065563
1599, 86592799
1600, 88034764
1601, 85680913
1602, 80591692
1603, 76762222
1604, 73870501
1605, 76222590
1606, 76222590
1607, 73887338
1608, 71069528
1609, 73353292
1610, 75573090
1611, 76707140
1612, 75572303
1613, 77696406
1614, 74850523
1615, 77981407
1616, 74508426
1617, 78187723
1618, 75313281
1619, 72528120
1620, 70172874
1621, 67461701
1622, 65722232
1623, 67495962
1624, 71068895
1625, 73035735
1626, 71065496
1627, 73542316
1628, 67170671
1629, 63311199
1630, 58289296
1631, 56748977
1632, 57694576
1633, 58865780
1634, 56890765
1635, 56890765
1636, 57686779
1637, 58731140
1638, 61536358
1639, 60448991
1640, 59154033
1641, 60718002
1642, 59431927
1643, 60785725
1644, 59633315
1645, 59075522
1646, 60566806
1647, 62109427
1648, 61187112
1649, 62530199
1650, 64063665
1651, 63213121
1652, 61904870
1653, 61273829
1654, 59150001
1655, 57336503
1656, 56019994
1657, 60062757
1658, 57558558
1659, 59470972
1660, 58146836
1661, 56356153
1662, 59611313
1663, 59611313
1664, 61391055
1665, 62696485
1666, 63036464
1667, 63939677
1668, 68652111
1669, 64529019
1670, 61918111
1671, 63085217
1672, 63981937
1673, 61949656
1674, 59404766
1675, 60324931
1676, 62000378
1677, 62000378
1678, 61127707
1679, 62896325
1680, 61678481
1681, 59778361
1682, 62095955
1683, 65437523
1684, 63640391
1685, 65126455
1686, 66856992
1687, 65648723
1688, 64721772
1689, 64721772
1690, 66227181
1691, 65676975
1692, 66179143
1693, 64715238
1694, 64010183
1695, 62392348
1696, 61145674
1697, 62661942
1698, 61224516
1699, 60960015
1700, 62713491
1701, 60333990
1702, 57929359
1703, 59059410
1704, 58236194
1705, 58685144
1706, 58057687
1707, 58877349
1708, 57858979
1709, 58263260
1710, 57921358
1711, 58556002
1712, 56482311
1713, 55177602
1714, 59353423
1715, 55841352
1716, 58987577
1717, 60019344
1718, 61197873
1719, 61678989
1720, 60558238
1721, 58850406
1722, 59706163
1723, 59090978
1724, 61253678
1725, 62573717
1726, 63531862
1727, 65244656
1728, 66872949
1729, 68643263
1730, 66875592
1731, 67828183
1732, 66400985
1733, 67232864
1734, 69527540
1735, 73769696
1736, 76941285
1737, 79194004
1738, 78629266
1739, 80482342
1740, 78596303
1741, 82577564
1742, 86449069
1743, 88270051
1744, 84537075
1745, 76873285
1746, 80140106
1747, 82587492
1748, 85249670
1749, 84117249
1750, 86025368
1751, 84701794
1752, 85824341
1753, 84945376
1754, 86417944
1755, 87661000
1756, 86176363
1757, 83604911
1758, 82231582
1759, 79764588
1760, 79764588
1761, 82980017
1762, 82980017
1763, 85126720
1764, 82646979
1765, 83815742
1766, 83124675
1767, 82553555
1768, 83198041
1769, 84217307
1770, 85610837
1771, 83833923
1772, 84966601
1773, 88233424
1774, 86878197
1775, 83171688
1776, 83813183
1777, 81927279
1778, 83364023
1779, 81896530
1780, 82346019
1781, 80857960
1782, 81933448
1783, 81336804
1784, 82986341
1785, 85567765
1786, 88028173
1787, 85636712
1788, 83579566
1789, 82393888
1790, 80576992
1791, 76913991
1792, 78167097
1793, 76915344
1794, 78763394
1795, 76531658
1796, 77507746
1797, 76682411
1798, 76682411
1799, 75909666
1800, 75909666
1801, 75337026
1802, 76101987
1803, 77523099
1804, 78023364
1805, 78884643
1806, 79944003
1807, 82052353
1808, 80861627
1809, 79872964
1810, 81543398
1811, 80734900
1812, 80042393
1813, 80042393
1814, 80478862
1815, 79961214
1816, 79364056
1817, 77271909
1818, 76228791
1819, 73086988
1820, 74474010
1821, 75545564
1822, 74828993
1823, 73787912
1824, 73117306
1825, 76544497
1826, 73503397
1827, 78229120
1828, 75507615
1829, 73927518
1830, 76753653
1831, 77949698
1832, 76586328
1833, 74889868
1834, 73867798
1835, 74981339
1836, 73800697
1837, 74524264
1838, 77111377
1839, 76480328
1840, 77053507
1841, 78432162
1842, 76975163
1843, 77722623
1844, 76569514
1845, 73081773
1846, 69610021
1847, 64874874
1848, 70282880
1849, 70894009
1850, 70894009
1851, 70089144
1852, 68955694
1853, 66431221
1854, 65370088
1855, 63478230
1856, 60805398
1857, 60051276
1858, 60051276
1859, 60639318
1860, 61673911
1861, 60988647
1862, 60685802
1863, 60145921
1864, 57449322
1865, 58009552
1866, 50793663
1867, 53851481
1868, 56292218
1869, 55149348
1870, 56176657
1871, 57116539
1872, 59171172
1873, 60758599
1874, 61997670
1875, 62674095
1876, 62674095
1877, 63290581
1878, 63050291
1879, 63502031
1880, 63843367
1881, 65635788
1882, 66538932
1883, 65499328
1884, 66774686
1885, 65899184
1886, 65468950
1887, 64180907
1888, 65177332
1889, 64001252
1890, 64589610
1891, 65175105
1892, 65547638
1893, 67329922
1894, 66780430
1895, 67888812
1896, 69990659
1897, 70951877
1898, 71473892
1899, 71100996
1900, 70418868
1901, 72219818
1902, 70516167
1903, 70238925
1904, 70976489
1905, 69954635
1906, 69954635
1907, 71356674
1908, 70270390
1909, 69015622
1910, 69350633
1911, 68633091
1912, 69747017
1913, 70804640
1914, 70532217
1915, 69789198
1916, 69559978
1917, 70253936
1918, 68908717
1919, 66850578
1920, 68583298
1921, 67977850
1922, 69123835
1923, 70056811
1924, 69220235
1925, 69220235
1926, 67895899
1927, 68434116
1928, 70146873
1929, 70146873
1930, 69539877
1931, 69539877
1932, 70834685
1933, 69879426
1934, 69152561
1935, 69713607
1936, 71291383
1937, 70915087
1938, 72365074
1939, 73569834
1940, 74975411
1941, 74476421
1942, 73331797
1943, 72544667
1944, 72544667
1945, 74380769
1946, 72027376
1947, 71824132
1948, 72370208
1949, 73203107
1950, 72568344
1951, 72238886
1952, 70749462
1953, 71868136
1954, 70796975
1955, 71268339
1956, 71798050
1957, 71798050
1958, 72294914
1959, 72624989
1960, 72208145
1961, 72561676
1962, 71808286
1963, 72654635
1964, 71669301
1965, 70464319
1966, 68743552
1967, 67504912
1968, 66579888
1969, 66490695
1970, 66690175
1971, 67149788
1972, 67490341
1973, 67809018
1974, 68272290
1975, 69340545
1976, 67305788
1977, 66590972
1978, 65472934
1979, 65899232
1980, 66543405
1981, 66241269
1982, 65886539
1983, 65091421
1984, 64655595
1985, 65048417
1986, 65424297
1987, 64597957
1988, 65583012
1989, 66685080
1990, 68697114
1991, 67802242
1992, 68424694
1993, 67303704
1994, 65170257
1995, 65831093
1996, 64894039
1997, 63521324
1998, 63890778
1999, 63132465
2000, 63484962
2001, 63172952
2002, 61659053
2003, 63030237
2004, 63845181
2005, 62928478
2006, 64949968
2007, 66171480
2008, 64723807
2009, 65879291
2010, 65295243
2011, 64736744
2012, 65234368
2013, 65861380
2014, 66733669
2015, 65914079
2016, 66455078
2017, 67033958
2018, 65133119
2019, 65453628
2020, 64978453
2021, 64450842
2022, 64116863
2023, 62585704
2024, 60815028
2025, 60815028
2026, 60326876
2027, 61393332
2028, 61140152
2029, 61632894
2030, 60060212
2031, 61029977
2032, 63135131
2033, 65073921
2034, 64378656
2035, 65020129
2036, 64513441
2037, 65337848
2038, 65070289
2039, 63482031
2040, 64152441
2041, 64524233
2042, 65153455
2043, 64928808
2044, 64928808
2045, 65660911
2046, 64282084
2047, 65286824
2048, 66271842
2049, 66674924
2050, 66674924
2051, 66807036
2052, 67147517
2053, 66824933
2054, 66565488
2055, 67636333
2056, 66503887
2057, 67180823
2058, 67747474
2059, 67356577
2060, 67084311
2061, 67636111
2062, 66895961
2063, 65460487
2064, 64519933
2065, 63549446
2066, 64667350
2067, 64667350
2068, 66764042
2069, 69211087
2070, 69717430
2071, 69283973
2072, 68792031
2073, 68012394
2074, 68741461
2075, 68741461
2076, 69436698
2077, 68093498
2078, 68380725
2079, 67416415
2080, 66359690
2081, 64990541
2082, 66296867
2083, 67326710
2084, 66749958
2085, 66165904
2086, 65763061
2087, 65519652
2088, 66220445
2089, 66954946
2090, 66344366
2091, 65923735
2092, 67430388
2093, 66300502
2094, 66646059
2095, 67540100
2096, 68877662
2097, 67723163
2098, 70367012
2099, 70367012
2100, 72051803
2101, 69664654
2102, 68782968
2103, 70025622
2104, 68237593
2105, 68855288
2106, 67748211
2107, 68018578
2108, 67876087
2109, 67366817
2110, 66987052
2111, 66635032
2112, 68777646
2113, 69881170
2114, 69233928
2115, 70846396
2116, 71470800
2117, 72274370
2118, 72713856
2119, 73126961
2120, 73725822
2121, 74365922
2122, 74069798
2123, 73751358
2124, 74233641
2125, 74998592
2126, 74492899
2127, 74091470
2128, 74217051
2129, 74445088
2130, 73911324
2131, 74280630
2132, 73496720
2133, 72666750
2134, 72350787
2135, 73004944
2136, 72549988
2137, 72384915
2138, 71693439
2139, 72255047
2140, 72838664
2141, 73566676
2142, 74154086
2143, 75175878
2144, 75718429
2145, 75718429
2146, 76116502
2147, 75443995
2148, 75840296
2149, 75384082
2150, 73424826
2151, 74366480
2152, 74603324
2153, 75007700
2154, 75933500
2155, 74014392
2156, 72871350
2157, 73339257
2158, 73979921
2159, 73093959
2160, 73996992
2161, 75673498
2162, 75673498
2163, 75673498
2164, 76333180
2165, 75562831
2166, 75133310
2167, 75598440
2168, 76514115
2169, 77338746
2170, 77624113
2171, 76771118
2172, 76771118
2173, 77186540
2174, 77537565
2175, 77119113
2176, 76673196
2177, 75659902
2178, 75004811
2179, 75282641
2180, 75594665
2181, 76045391
2182, 76332021
2183, 76945372
2184, 76496275
2185, 75973102
2186, 75456506
2187, 74704255
2188, 75590186
2189, 74240053
2190, 75405681
2191, 75155680
2192, 75683171
2193, 76332758
2194, 76332758
2195, 78775342
2196, 83415117
2197, 81744516
2198, 81167130
2199, 80320475
2200, 80086075
2201, 80086075
2202, 80454099
2203, 80758446
2204, 80933470
2205, 80933470
2206, 80278731
2207, 79954437
2208, 79593723
2209, 80516426
2210, 81156748
2211, 83431080
2212, 80617282
2213, 78895507
2214, 79540307
2215, 75259764
2216, 77732749
2217, 75389225
2218, 73090414
2219, 69892633
2220, 70761337
2221, 70220046
2222, 69066640
2223, 69895128
2224, 71290447
2225, 73416107
2226, 72403725
2227, 71780373
2228, 70999429
2229, 72472854
2230, 73911812
2231, 72008940
2232, 73155661
2233, 71946740
2234, 73287610
2235, 74261003
2236, 73585779
2237, 73177706
2238, 72797008
2239, 73552234
2240, 72924173
2241, 72082663
2242, 71735021
2243, 71353494
2244, 70709675
2245, 71158876
2246, 71564732
2247, 70821649
2248, 71286426
2249, 70513965
2250, 71008624
2251, 72035890
2252, 72779279
2253, 73392024
2254, 72841402
2255, 73040073
2256, 73329677
2257, 73860707
2258, 73860707
2259, 73546426
2260, 73892264
2261, 74203331
2262, 73627288
2263, 74221380
2264, 73853849
2265, 73198494
2266, 72810120
2267, 73660678
2268, 74469166
2269, 75662720
2270, 76729788
2271, 76397093
2272, 75816482
2273, 76530294
2274, 75431252
2275, 76056523
2276, 75240476
2277, 76559520
2278, 75457959
2279, 74216029
2280, 71736398
2281, 70908120
2282, 71876495
2283, 72915383
2284, 73875205
2285, 74657789
2286, 77962211
2287, 79060686
2288, 78052053
2289, 78052053
2290, 77202180
2291, 77953668
2292, 79208247
2293, 79501794
2294, 79074490
2295, 78613461
2296, 78969098
2297, 79519443
2298, 79946641
2299, 80375946
2300, 79987933
2301, 80500954
2302, 81059161
2303, 81466655
2304, 81466655
2305, 81034345
2306, 80364852
2307, 80747234
2308, 80466762
2309, 81501149
2310, 80967034
2311, 81232986
2312, 80984889
2313, 81279363
2314, 80687659
2315, 81039782
2316, 81884199
2317, 81279530
2318, 82340593
2319, 82877868
2320, 82534742
2321, 83157504
2322, 83802876
2323, 84632958
2324, 83758610
2325, 85277873
2326, 85277873
2327, 86659947
2328, 85889576
2329, 86816865
2330, 85747875
2331, 84199956
2332, 85421875
2333, 83293318
2334, 84031576
2335, 85051514
2336, 84217322
2337, 83745817
2338, 82447116
2339, 82447116
2340, 83946940
2341, 85733980
2342, 84669602
2343, 83953708
2344, 85114084
2345, 84028886
2346, 84028886
2347, 84699238
2348, 85521943
2349, 84712831
2350, 85712220
2351, 86915405
2352, 87680535
2353, 87034225
2354, 85772512
2355, 84425112
2356, 84968045
2357, 84107408
2358, 84886323
2359, 84234607
2360, 83779218
2361, 83110035
2362, 81977019
2363, 82602829
2364, 83738890
2365, 82744747
2366, 79229543
2367, 77368382
2368, 78651506
2369, 77747186
2370, 78488458
2371, 77114764
2372, 78544125
2373, 79568550
2374, 78681316
2375, 79433325
2376, 78791394
2377, 79127713
2378, 79511765
2379, 79228705
2380, 79565781
2381, 80271572
2382, 80898902
2383, 81652653
2384, 81100351
2385, 81479113
2386, 81126719
2387, 80334085
2388, 81476680
2389, 81985691
2390, 80519963
2391, 79900394
2392, 80286753
2393, 81493768
2394, 82876682
2395, 81807689
2396, 81116267
2397, 81551862
2398, 82112140
2399, 82692804
2400, 82100704
2401, 81530604
2402, 81123505
2403, 81620517
2404, 82206071
2405, 82630915
2406, 81869273
2407, 81608934
2408, 81016182
2409, 81016182
2410, 80295391
2411, 80848285
2412, 80367444
2413, 79616598
2414, 80726916
2415, 82066401
2416, 83264943
2417, 82209241
2418, 82793488
2419, 81757541
2420, 80924511
2421, 78971352
2422, 78219157
2423, 78993285
2424, 78159283
2425, 79353304
2426, 78810960
2427, 79731211
2428, 78867300
2429, 78207103
2430, 78409561
2431, 77903236
2432, 77903236
2433, 78410564
2434, 79040139
2435, 78730662
2436, 79517555
2437, 78480385
2438, 79447832
2439, 78430420
2440, 77455013
2441, 76373398
2442, 75602563
2443, 76351075
2444, 75229532
2445, 75229532
2446, 77962813
2447, 76917496
2448, 78183822
2449, 78818307
2450, 80265705
2451, 81705819
2452, 80468536
2453, 80468536
2454, 81777717
2455, 81222389
2456, 80337031
2457, 79771482
2458, 80634009
2459, 81379764
2460, 82004985
2461, 83404328
2462, 82505986
2463, 81561594
2464, 82387531
2465, 83465612
2466, 82561800
2467, 81701986
2468, 83352325
2469, 84756082
2470, 83888339
2471, 84434189
2472, 83427966
2473, 83792552
2474, 83462012
2475, 84174057
2476, 84973746
2477, 84591097
2478, 83914422
2479, 85468342
2480, 84213379
2481, 85208339
2482, 87232646
2483, 84244717
2484, 82986618
2485, 84271624
2486, 83200378
2487, 84378112
2488, 86356038
2489, 84666486
2490, 86386383
2491, 87968616
2492, 89084614
2493, 90247366
2494, 89082659
2495, 90799997
2496, 89118053
2497, 86671670
2498, 88816928
2499, 86330260
2500, 89713708
2501, 90975596
2502, 86787169
2503, 85370487
2504, 86423226
2505, 87688658
2506, 89371045
2507, 91512742
2508, 90318541
2509, 89711394
2510, 88707289
2511, 89237250
2512, 88603511
2513, 89661531
2514, 90895292
2515, 88663556
2516, 86988120
2517, 89816572
2518, 90801419
2519, 91638275
2520, 91273050
2521, 92143309
2522, 95726323
2523, 98645252
2524, 96863367
2525, 94315195
2526, 91720456
2527, 93336319
2528, 93336319
2529, 96091438
2530, 98101174
2531, 96307012
2532, 97475469
2533, 96601007
2534, 93991005
2535, 91847655
2536, 91847655
2537, 89227477
2538, 91295298
2539, 90279480
2540, 90954628
2541, 90027960
2542, 89508811
2543, 88629040
2544, 89562247
2545, 90352205
2546, 89915528
2547, 89061860
2548, 85894882
2549, 90105162
2550, 88530777
2551, 87049351
2552, 88471718
2553, 89714628
2554, 91393648
2555, 94765892
2556, 98731719
2557, 96971292
2558, 95243273
2559, 93304658
2560, 94302558
2561, 93010443
2562, 91937883
2563, 90708760
2564, 91803097
2565, 90987479
2566, 92011039
2567, 90740459
2568, 89963332
2569, 90802952
2570, 90802952
2571, 91897281
2572, 90834862
2573, 90174425
2574, 89049769
2575, 86916043
2576, 88413205
2577, 90525695
2578, 93770937
2579, 92278733
2580, 91165394
2581, 90033510
2582, 88994243
2583, 87478480
2584, 88409461
2585, 87051092
2586, 85544128
2587, 83557895
2588, 82057661
2589, 83287615
2590, 85295913
2591, 83973712
2592, 86960663
2593, 88240943
2594, 85467464
2595, 88250676
2596, 86842211
2597, 85742774
2598, 88524217
2599, 86461500
2600, 84081783
2601, 86132639
2602, 88272118
2603, 86562128
2604, 85432717
2605, 87016614
2606, 85188274
2607, 86653711
2608, 88225994
2609, 89267141
2610, 90045585
2611, 88514813
2612, 87101915
2613, 86236856
2614, 86770316
2615, 87791997
2616, 85310631
2617, 87254445
2618, 84246036
2619, 82594667
2620, 84362283
2621, 80023157
2622, 82667004
2623, 85718329
2624, 83565949
2625, 80664054
2626, 83438750
2627, 81132371
2628, 82758188
2629, 83946824
2630, 82539077
2631, 83804948
2632, 85459212
2633, 87052829
2634, 85813795
2635, 88563189
2636, 86238112
2637, 84405816
2638, 88081924
2639, 85010436
2640, 80769066
2641, 83166729
2642, 84613590
2643, 83110732
2644, 84800391
2645, 83446085
2646, 84536250
2647, 85571156
2648, 84484902
2649, 87681224
2650, 89608188
2651, 91815498
2652, 93820225
2653, 94917257
2654, 93075875
2655, 91542482
2656, 93872576
2657, 92568563
2658, 91406447
2659, 90442754
2660, 89530774
2661, 87721198
2662, 89167742
2663, 88167837
2664, 89331749
2665, 91547155
2666, 91547155
2667, 90343410
2668, 92200030
2669, 91069717
2670, 92464277
2671, 90727812
2672, 90727812
2673, 90727812
2674, 90122612
2675, 91060842
2676, 94814713
2677, 95914809
2678, 94740635
2679, 94740635
2680, 94740635
2681, 95803857
2682, 99396073
2683, 98123018
2684, 96702783
2685, 94792513
2686, 93912183
2687, 95398665
2688, 94342493
2689, 95359437
2690, 96113297
2691, 95555959
2692, 94221940
2693, 93065638
2694, 92213518
2695, 91562885
2696, 91562885
2697, 91088381
2698, 91774831
2699, 92178333
2700, 91397425
2701, 91755917
2702, 90906227
2703, 90341281
2704, 90341281
2705, 89429782
2706, 90020085
2707, 88936894
2708, 90009283
2709, 89111828
2710, 88287923
2711, 88747001
2712, 88064883
2713, 87600623
2714, 87104988
2715, 87821022
2716, 87013806
2717, 86069686
2718, 87497211
2719, 88327672
2720, 87266246
2721, 88864618
2722, 90524799
2723, 92826443
2724, 94377586
2725, 93874713
2726, 92410683
2727, 93037331
2728, 92377616
2729, 93492032
2730, 92249615
2731, 91291461
2732, 90395085
2733, 89423456
2734, 88879656
2735, 87516332
2736, 88035381
2737, 88975519
2738, 89778395
2739, 88839391
2740, 89817559
2741, 90983203
2742, 92723461
2743, 93655239
2744, 93161455
2745, 94278307
2746, 93051044
2747, 92263829
2748, 92759595
2749, 91581188
2750, 90825575
2751, 91449576
2752, 92227726
2753, 91814280
2754, 91395748
2755, 90910540
2756, 90545227
2757, 89544915
2758, 90109746
2759, 90897239
2760, 96888553
2761, 95969472
2762, 95080489
2763, 96044641
2764, 97075320
2765, 97075320
2766, 97755267
2767, 97404289
2768, 97788503
2769, 98220018
2770, 100075475
2771, 99469734
2772, 100364156
2773, 99725853
2774, 99725853
2775, 98835891
2776, 99588016
2777, 100685626
2778, 98396290
2779, 97271073
2780, 99030935
2781, 100135145
2782, 95848269
2783, 96385293
2784, 95600620
2785, 97756305
2786, 99161971
2787, 98693710
2788, 99982180
2789, 101575654
2790, 103148266
2791, 102392619
2792, 101956728
2793, 100801809
2794, 99310015
2795, 97062814
2796, 98008158
2797, 98813224
2798, 97421692
2799, 98841177
2800, 96942651
2801, 96357433
2802, 94722435
2803, 96808716
2804, 94875304
2805, 93014811
2806, 89712984
2807, 88245202
2808, 89042111
2809, 87803105
2810, 84473879
2811, 89239230
2812, 87684515
2813, 85407415
2814, 83836969
2815, 82337069
2816, 83135001
2817, 85324814
2818, 84239458
2819, 84239458
2820, 83400764
2821, 81771100
2822, 83649722
2823, 81915980
2824, 83223683
2825, 82217513
2826, 82823761
2827, 84307662
2828, 86187572
2829, 91525744
2830, 94327895
2831, 92558215
2832, 90575307
2833, 93167697
2834, 92190401
2835, 91550111
2836, 92049322
2837, 91642448
2838, 92041493
2839, 90747941
2840, 89163534
2841, 88118420
2842, 89097313
2843, 88198858
2844, 90497421
2845, 91667090
2846, 90113519
2847, 89138055
2848, 89837303
2849, 88313142
2850, 87203539
2851, 88035955
2852, 89816317
2853, 92269953
2854, 91010286
2855, 89962664
2856, 89486714
2857, 90035727
2858, 90602207
2859, 91023747
2860, 91874740
2861, 91576542
2862, 92067339
2863, 92395441
2864, 92733906
2865, 92733906
2866, 93180418
2867, 94135420
2868, 94845327
2869, 93884389
2870, 94802391
2871, 95456314
2872, 94961108
2873, 94454589
2874, 95863914
2875, 96865433
2876, 96865433
2877, 97515560
2878, 98124365
2879, 97205631
2880, 97665332
2881, 97665332
2882, 98079874
2883, 97680424
2884, 98555795
2885, 97690114
2886, 96894281
2887, 97586185
2888, 96555829
2889, 96099993
2890, 96868684
2891, 97671681
2892, 98062650
2893, 97723807
2894, 97723807
2895, 97723807
2896, 97723807
2897, 97318289
2898, 96472333
2899, 97077523
2900, 97792338
2901, 98224232
2902, 97710137
2903, 97057002
2904, 96396759
2905, 95455339
2906, 96155375
2907, 93822737
2908, 94231454
2909, 94627621
2910, 95854519
2911, 95413691
2912, 95015144
2913, 94778776
2914, 95192906
2915, 94816850
2916, 94204935
2917, 94917911
2918, 95497608
2919, 95497608
2920, 96043860
2921, 95361468
2922, 96051908
2923, 96527562
2924, 95966238
2925, 97133357
2926, 96659072
2927, 96134583
2928, 95946199
2929, 96489379
2930, 95536014
2931, 94843027
2932, 94475325
2933, 94885860
2934, 95164488
2935, 94856391
2936, 94302612
2937, 93893480
2938, 94315423
2939, 93607162
2940, 94089026
2941, 93739004
2942, 93739004
2943, 94156203
2944, 94156203
2945, 93400748
2946, 92512978
2947, 91673777
2948, 90936071
2949, 91306988
2950, 90572263
2951, 91104591
2952, 90772770
2953, 91181303
2954, 91638421
2955, 91638421
2956, 91294724
2957, 91828562
2958, 92220504
2959, 91756063
2960, 91139223
2961, 92028370
2962, 91672256
2963, 92129930
2964, 92989540
2965, 92412470
2966, 91913058
2967, 91527902
2968, 92125551
2969, 91414439
2970, 92280084
2971, 90236740
2972, 89457034
2973, 88562024
2974, 87872036
2975, 86773132
2976, 87704356
2977, 88094982
2978, 88634211
2979, 88367352
2980, 88047017
2981, 88729269
2982, 89133092
2983, 89686797
2984, 90211034
2985, 90926327
2986, 91575174
2987, 91126335
2988, 91876432
2989, 92453029
2990, 92884898
2991, 92599053
2992, 92135001
2993, 91234424
2994, 91911970
2995, 92518756
2996, 92923156
2997, 93962403
2998, 95616194
2999, 94581763
3000, 93914371
3001, 94483216
3002, 95499907
3003, 96699772
3004, 97719470
3005, 97136816
3006, 98212003
3007, 98212003
3008, 99324147
3009, 100522257
3010, 99318124
3011, 101292782
3012, 100273088
3013, 98437288
3014, 100075299
3015, 103406757
3016, 100746847
3017, 101802915
3018, 103039229
3019, 101641172
3020, 100639072
3021, 100639072
3022, 99278731
3023, 99969601
3024, 100978688
3025, 99930635
3026, 98767292
3027, 97674234
3028, 99327619
3029, 98065741
3030, 99755088
3031, 98224742
3032, 105044056
3033, 106727335
3034, 105044886
3035, 106388470
3036, 104974934
3037, 106304833
3038, 107741500
3039, 105782073
3040, 107064186
3041, 106531945
3042, 105408396
3043, 106328535
3044, 105374001
3045, 104245299
3046, 103689545
3047, 101571726
3048, 103054257
3049, 102031297
3050, 101111072
3051, 100296012
3052, 101145332
3053, 100099429
3054, 99259803
3055, 99796109
3056, 100614475
3057, 101237117
3058, 102262760
3059, 101570030
3060, 101097497
3061, 100381267
3062, 98995209
3063, 100160802
3064, 99342212
3065, 97976715
3066, 98738100
3067, 97958542
3068, 98832199
3069, 99465511
3070, 100321404
3071, 99445033
3072, 100177156
3073, 101044365
3074, 99752481
3075, 98292764
3076, 99291749
3077, 98322653
3078, 98847887
3079, 99603803
3080, 100190154
3081, 99349134
3082, 100254129
3083, 99184499
3084, 99666911
3085, 100177024
3086, 101109009
3087, 100201208
3088, 99435872
3089, 99435872
3090, 98367104
3091, 97424706
3092, 97872695
3093, 97091904
3094, 95938492
3095, 96673916
3096, 97253248
3097, 96700353
3098, 97168974
3099, 97880126
3100, 96038267
3101, 98494075
3102, 96564697
3103, 97493305
3104, 96139382
3105, 97592233
3106, 97012183
3107, 98107355
3108, 97199507
3109, 98518511
3110, 99138565
3111, 100938398
3112, 101915792
3113, 102553215
3114, 103222255
3115, 102278857
3116, 102278857
3117, 102984341
3118, 101870359
3119, 101098842
3120, 101833299
3121, 101485493
3122, 102133546
3123, 104544978
3124, 105387336
3125, 104426844
3126, 105109473
3127, 104239674
3128, 104239674
3129, 103482533
3130, 106167268
3131, 104795131
3132, 105918073
3133, 105081165
3134, 105987048
3135, 107718426
3136, 108779220
3137, 108200037
3138, 106786454
3139, 105802013
3140, 106665890
3141, 107140889
3142, 108063694
3143, 108620687
3144, 108150138
3145, 107696879
3146, 108273700
3147, 107696169
3148, 107696169
3149, 108253409
3150, 107676571
3151, 108142181
3152, 108808789
3153, 108352108
3154, 108859059
3155, 108248967
3156, 106535020
3157, 107618941
3158, 108949206
3159, 109786788
3160, 110370302
3161, 110370302
3162, 111568989
3163, 110673237
3164, 109800570
3165, 108648653
3166, 107615146
3167, 108440139
3168, 109488352
3169, 109488352
3170, 110146964
3171, 109552018
3172, 110060241
3173, 110594962
3174, 111020795
3175, 111599639
3176, 112876328
3177, 113526345
3178, 114448371
3179, 113771310
3180, 113090948
3181, 113815886
3182, 113246130
3183, 112729602
3184, 113073916
3185, 113073916
3186, 113756079
3187, 113395580
3188, 113806985
3189, 113015234
3190, 113972903
3191, 113066826
3192, 114252361
3193, 113623191
3194, 114094128
3195, 113613733
3196, 113946110
3197, 113387653
3198, 113844433
