0, 48.562
1, 48.155
2, 48.155
3, 47.855
4, 47.358
5, 47.896
6, 48.239
7, 48.163
8, 47.54
9, 47.95
10, 48.34
11, 48.181
12, 48.699
13, 48.928
14, 49.024
15, 48.721
16, 46.325
17, 46.793
18, 46.141
19, 45.495
20, 45.545
21, 45.592
22, 46.035
23, 45.802
24, 45.012
25, 44.62
26, 44.912
27, 45.161
28, 45.136
29, 45.361
30, 45.039
31, 45.039
32, 44.763
33, 44.497
34, 43.83
35, 43.697
36, 43.855
37, 43.043
38, 44.223
39, 44.172
40, 43.913
41, 42.868
42, 42.043
43, 42.326
44, 43.043
45, 42.957
46, 43.24
47, 44.13
48, 44.322
49, 44.27
50, 43.998
51, 43.315
52, 43.705
53, 43.74
54, 43.74
55, 44.97
56, 45.819
57, 46.409
58, 46.37
59, 46.119
60, 46.768
61, 46.176
62, 45.91
63, 46.459
64, 46.141
65, 45.868
66, 46.534
67, 46.601
68, 45.91
69, 45.868
70, 45.695
71, 45.119
72, 45.048
73, 44.829
74, 44.572
75, 45.02
76, 45.328
77, 46.949
78, 48.14
79, 48.114
80, 47.99
81, 48.073
82, 47.334
83, 48.006
84, 47.69
85, 47.508
86, 47.799
87, 47.449
88, 47.449
89, 47.739
90, 47.15
91, 46.825
92, 47.074
93, 47.492
94, 47.501
95, 46.866
96, 46.883
97, 46.768
98, 46.119
99, 45.984
100, 45.935
101, 46.053
102, 45.802
103, 45.802
104, 45.553
105, 45.477
106, 45.253
107, 44.62
108, 44.147
109, 44.038
110, 44.112
111, 43.913
112, 44.564
113, 44.97
114, 45.103
115, 44.854
116, 44.313
117, 43.499
118, 43.297
119, 42.868
120, 42.991
121, 43.623
122, 43.781
123, 43.972
124, 44.121
125, 44.015
126, 44.022
127, 43.507
128, 43.557
129, 43.107
130, 43.141
131, 43.025
132, 42.666
133, 42.965
134, 43.516
135, 43.051
136, 43.375
137, 44.396
138, 43.838
139, 43.948
140, 43.623
141, 43.548
142, 44.77
143, 43.98
144, 43.183
145, 43.225
146, 43.216
147, 43.998
148, 43.29
149, 43.297
150, 43.249
151, 43.499
152, 43.34
153, 43.623
154, 42.349
155, 42.259
156, 41.92
157, 41.302
158, 41.346
159, 40.545
160, 40.361
161, 40.961
162, 40.503
163, 39.938
164, 40.545
165, 40.589
166, 40.812
167, 42.101
168, 42.65
169, 42.193
170, 41.252
171, 41.252
172, 42.251
173, 42.941
174, 43.807
175, 44.164
176, 44.172
177, 44.372
178, 44.471
179, 44.953
180, 46.061
181, 46.119
182, 45.545
183, 45.635
184, 45.079
185, 45.435
186, 45.477
187, 45.279
188, 45.96
189, 46.467
190, 46.425
191, 46.75
192, 46.742
193, 46.619
194, 47.282
195, 47.864
196, 47.382
197, 47.193
198, 46.866
199, 46.908
200, 47.067
201, 47.467
202, 48.114
203, 48.348
204, 47.532
205, 46.141
206, 46.492
207, 47.342
208, 47.273
209, 47.209
210, 47.299
211, 47.099
212, 46.908
213, 47.29
214, 47.299
215, 48.163
216, 47.99
217, 47.573
218, 47.65
219, 47.95
220, 47.523
221, 47.792
222, 48.172
223, 49.377
224, 49.155
225, 48.03
226, 48.422
227, 48.099
228, 48.09
229, 47.633
230, 47.739
231, 47.239
232, 46.841
233, 46.451
234, 46.574
235, 46.583
236, 47.382
237, 46.801
238, 46.658
239, 45.943
240, 46.451
241, 47.042
242, 47.049
243, 46.451
244, 46.592
245, 47.589
246, 47.972
247, 47.958
248, 46.001
249, 46.475
250, 45.859
251, 46.202
252, 46.626
253, 45.878
254, 46.228
255, 45.601
256, 45.477
257, 44.953
258, 43.922
259, 43.74
260, 43.964
261, 44.223
262, 44.555
263, 44.812
264, 44.945
265, 44.296
266, 44.837
267, 44.13
268, 43.557
269, 44.082
270, 41.619
271, 42.085
272, 42.251
273, 41.717
274, 41.17
275, 41.187
276, 41.329
277, 41.528
278, 41.319
279, 41.26
280, 41.528
281, 41.752
282, 41.686
283, 40.796
284, 41.028
285, 41.576
286, 41.433
287, 41.584
288, 41.576
289, 41.293
290, 41.677
291, 41.461
292, 41.244
293, 41.102
294, 41.302
295, 41.152
296, 41.093
297, 41.417
298, 41.079
299, 42.176
300, 42.358
301, 43.281
302, 43.123
303, 42.815
304, 42.417
305, 41.576
306, 41.433
307, 36.977
308, 35.647
309, 35.056
310, 34.874
311, 34.832
312, 34.533
313, 34.309
314, 34.331
315, 34.051
316, 33.527
317, 33.766
318, 33.802
319, 34.024
320, 33.325
321, 32.702
322, 32.403
323, 31.845
324, 31.555
325, 31.106
326, 31.04
327, 31.621
328, 32.129
329, 33.159
330, 33.659
331, 33.635
332, 33.991
333, 33.592
334, 33.401
335, 33.45
336, 33.127
337, 33.175
338, 33.717
339, 33.917
340, 34.257
341, 34.199
342, 34.266
343, 34.151
344, 34.024
345, 33.9
346, 32.968
347, 32.147
348, 32.156
349, 31.687
350, 31.555
351, 32.894
352, 32.103
353, 32.245
354, 32.377
355, 33.268
356, 33.219
357, 33.01
358, 33.476
359, 32.878
360, 32.219
361, 32.57
362, 32.403
363, 32.48
364, 32.202
365, 32.103
366, 31.896
367, 32.112
368, 31.988
369, 31.321
370, 31.772
371, 32.48
372, 34.051
373, 34.1
374, 34.108
375, 33.726
376, 33.286
377, 33.203
378, 33.219
379, 33.766
380, 34.567
381, 34.647
382, 35.879
383, 36.089
384, 35.831
385, 35.797
386, 35.879
387, 36.328
388, 36.62
389, 38.173
390, 37.467
391, 37.151
392, 37.01
393, 36.428
394, 36.132
395, 36.594
396, 38.199
397, 37.819
398, 38.933
399, 38.884
400, 39.232
401, 39.766
402, 39.931
403, 40.004
404, 40.378
405, 41.002
406, 40.597
407, 40.669
408, 40.638
409, 40.195
410, 39.189
411, 39.704
412, 39.806
413, 39.73
414, 39.449
415, 39.632
416, 39.757
417, 39.922
418, 40.03
419, 40.004
420, 40.238
421, 40.844
422, 40.289
423, 40.562
424, 40.371
425, 40.488
426, 39.697
427, 39.24
428, 39.838
429, 39.854
430, 40.306
431, 39.914
432, 39.981
433, 40.455
434, 41.793
435, 41.037
436, 41.346
437, 41.302
438, 41.567
439, 41.934
440, 42.001
441, 41.992
442, 41.552
443, 41.196
444, 40.878
445, 40.944
446, 39.712
447, 40.03
448, 40.264
449, 40.405
450, 39.748
451, 39.414
452, 39.798
453, 39.632
454, 39.931
455, 40.113
456, 39.823
457, 40.264
458, 40.328
459, 40.039
460, 41.161
461, 41.338
462, 41.346
463, 42.293
464, 42.342
465, 41.769
466, 43.464
467, 43.715
468, 42.876
469, 42.999
470, 43.499
471, 43.399
472, 44.03
473, 44.372
474, 44.412
475, 44.872
476, 45.237
477, 46.07
478, 45.578
479, 45.719
480, 45.859
481, 45.361
482, 45.662
483, 45.743
484, 45.902
485, 45.428
486, 45.81
487, 45.678
488, 44.628
489, 43.058
490, 43.747
491, 43.406
492, 42.823
493, 42.893
494, 42.991
495, 43.174
496, 42.885
497, 42.334
498, 42.491
499, 42.069
500, 42.259
501, 41.478
502, 40.952
503, 39.547
504, 39.773
505, 39.581
506, 39.115
507, 38.434
508, 38.965
509, 39.181
510, 39.898
511, 39.823
512, 39.806
513, 38.884
514, 38.434
515, 38.833
516, 39.139
517, 39.165
518, 39.147
519, 40.528
520, 40.729
521, 40.944
522, 40.844
523, 40.314
524, 39.572
525, 39.922
526, 40.039
527, 40.336
528, 40.536
529, 40.256
530, 40.113
531, 39.938
532, 40.039
533, 39.1
534, 39.339
535, 39.356
536, 40.387
537, 40.345
538, 40.039
539, 39.996
540, 40.463
541, 40.694
542, 41.237
543, 41.893
544, 41.61
545, 41.875
546, 42.033
547, 41.67
548, 42.043
549, 41.535
550, 41.47
551, 41.267
552, 40.944
553, 41.567
554, 41.244
555, 41.884
556, 41.319
557, 41.196
558, 40.97
559, 40.614
560, 41.652
561, 41.911
562, 42.426
563, 42.358
564, 41.952
565, 42.444
566, 42.999
567, 43.058
568, 43.216
569, 43.315
570, 43.482
571, 43.482
572, 42.475
573, 41.592
574, 41.71
575, 41.61
576, 42.01
577, 42.026
578, 41.752
579, 41.803
580, 41.592
581, 41.803
582, 41.213
583, 40.623
584, 40.779
585, 40.463
586, 40.463
587, 40.306
588, 40.455
589, 40.13
590, 39.615
591, 39.498
592, 39.838
593, 39.906
594, 39.489
595, 38.463
596, 38.411
597, 38.56
598, 39.181
599, 39.007
600, 38.915
601, 38.965
602, 38.884
603, 38.341
604, 38.235
605, 37.418
606, 37.309
607, 36.346
608, 36.012
609, 36.263
610, 36.395
611, 36.654
612, 36.885
613, 35.856
614, 36.177
615, 37.204
616, 38.092
617, 38.165
618, 38.552
619, 37.874
620, 36.177
621, 34.931
622, 35.056
623, 36.421
624, 36.146
625, 36.162
626, 36.628
627, 36.725
628, 37.236
629, 37.336
630, 36.288
631, 36.885
632, 36.696
633, 37.3
634, 37.925
635, 37.652
636, 37.702
637, 36.537
638, 35.972
639, 36.62
640, 36.38
641, 36.586
642, 36.114
643, 35.904
644, 37.568
645, 37.851
646, 39.232
647, 39.973
648, 39.906
649, 39.59
650, 39.639
651, 39.871
652, 39.514
653, 40.271
654, 40.756
655, 40.738
656, 40.861
657, 41.252
658, 41.07
659, 41.592
660, 41.576
661, 41.046
662, 40.812
663, 40.063
664, 39.374
665, 39.523
666, 39.147
667, 38.217
668, 38.973
669, 39.223
670, 38.577
671, 38.306
672, 38.463
673, 38.631
674, 38.675
675, 39.058
676, 38.009
677, 37.493
678, 37.195
679, 37.126
680, 36.594
681, 36.713
682, 35.93
683, 35.947
684, 36.885
685, 36.496
686, 36.153
687, 36.296
688, 35.306
689, 35.124
690, 34.208
691, 34.647
692, 34.325
693, 35.321
694, 36.412
695, 36.196
696, 36.446
697, 36.387
698, 35.921
699, 35.589
700, 36.636
701, 36.462
702, 37.01
703, 36.255
704, 36.428
705, 36.611
706, 36.546
707, 36.403
708, 36.346
709, 36.187
710, 36.586
711, 36.846
712, 37.3
713, 37.277
714, 36.636
715, 36.505
716, 36.529
717, 35.895
718, 35.197
719, 34.116
720, 33.891
721, 33.135
722, 32.628
723, 32.719
724, 32.219
725, 32.377
726, 31.455
727, 32.08
728, 31.439
729, 31.289
730, 32.562
731, 34.217
732, 35.347
733, 33.951
734, 35.273
735, 34.339
736, 34.409
737, 36.586
738, 36.969
739, 35.165
740, 34.024
741, 34.068
742, 34.133
743, 33.859
744, 34.301
745, 35.116
746, 35.523
747, 35.08
748, 34.542
749, 34.665
750, 34.489
751, 33.775
752, 34.316
753, 34.774
754, 35.173
755, 35.107
756, 33.826
757, 32.746
758, 32.553
759, 33.095
760, 33.184
761, 32.329
762, 32.171
763, 31.763
764, 32.544
765, 32.271
766, 32.369
767, 31.172
768, 30.091
769, 31.646
770, 31.082
771, 33.884
772, 34.866
773, 34.608
774, 34.051
775, 33.834
776, 33.135
777, 33.535
778, 35.638
779, 35.389
780, 34.392
781, 34.0
782, 34.06
783, 33.891
784, 32.912
785, 33.243
786, 32.719
787, 32.685
788, 32.403
789, 33.659
790, 34.182
791, 34.965
792, 34.433
793, 33.392
794, 32.305
795, 32.345
796, 32.211
797, 32.202
798, 32.179
799, 32.685
800, 33.793
801, 34.166
802, 33.733
803, 33.426
804, 32.958
805, 33.309
806, 32.929
807, 33.418
808, 33.026
809, 32.329
810, 32.921
811, 32.818
812, 32.596
813, 31.836
814, 30.309
815, 30.74
816, 30.01
817, 30.766
818, 31.313
819, 31.338
820, 32.129
821, 31.588
822, 30.822
823, 31.164
824, 31.797
825, 30.001
826, 29.716
827, 30.197
828, 29.208
829, 29.625
830, 29.825
831, 29.302
832, 28.91
833, 28.341
834, 29.582
835, 28.47
836, 27.672
837, 27.572
838, 28.562
839, 26.805
840, 26.341
841, 26.556
842, 25.842
843, 25.666
844, 25.666
845, 25.874
846, 27.363
847, 25.916
848, 24.743
849, 24.335
850, 24.144
851, 24.417
852, 26.597
853, 29.179
854, 29.267
855, 28.253
856, 31.513
857, 31.93
858, 29.941
859, 30.207
860, 28.919
861, 30.451
862, 29.859
863, 29.25
864, 29.092
865, 29.684
866, 32.062
867, 31.772
868, 29.976
869, 31.797
870, 32.296
871, 31.09
872, 29.825
873, 30.797
874, 30.898
875, 29.923
876, 28.943
877, 28.227
878, 28.298
879, 29.343
880, 28.526
881, 28.403
882, 28.553
883, 29.625
884, 28.851
885, 30.565
886, 30.442
887, 29.293
888, 29.992
889, 31.224
890, 30.557
891, 30.301
892, 30.84
893, 31.664
894, 31.687
895, 31.013
896, 29.186
897, 30.565
898, 29.625
899, 27.58
900, 27.529
901, 26.94
902, 26.923
903, 26.099
904, 24.144
905, 25.783
906, 26.034
907, 25.099
908, 23.845
909, 22.38
910, 21.525
911, 21.209
912, 20.077
913, 20.179
914, 22.53
915, 22.183
916, 20.351
917, 21.517
918, 21.625
919, 22.088
920, 21.832
921, 20.644
922, 20.144
923, 19.461
924, 18.622
925, 20.868
926, 21.5
927, 21.666
928, 18.881
929, 18.15
930, 19.485
931, 18.439
932, 17.457
933, 17.841
934, 16.802
935, 16.84
936, 15.428
937, 16.168
938, 15.428
939, 15.32
940, 15.345
941, 13.622
942, 12.723
943, 13.773
944, 15.047
945, 15.67
946, 16.891
947, 17.542
948, 15.787
949, 16.882
950, 17.607
951, 16.882
952, 16.818
953, 17.483
954, 17.832
955, 18.456
956, 18.047
957, 17.832
958, 17.639
959, 18.938
960, 19.022
961, 18.565
962, 18.538
963, 17.615
964, 17.99
965, 17.93
966, 17.973
967, 17.657
968, 18.613
969, 18.838
970, 19.572
971, 19.596
972, 20.295
973, 19.363
974, 19.179
975, 18.962
976, 18.158
977, 17.884
978, 17.232
979, 16.944
980, 16.699
981, 15.096
982, 15.811
983, 15.311
984, 15.345
985, 14.993
986, 15.544
987, 16.026
988, 14.88
989, 15.012
990, 14.736
991, 15.32
992, 15.238
993, 16.068
994, 17.101
995, 17.557
996, 16.717
997, 17.016
998, 16.849
999, 16.832
1000, 16.15
1001, 15.945
1002, 15.778
1003, 15.61
1004, 15.152
1005, 16.503
1006, 16.602
1007, 17.092
1008, 16.751
1009, 15.836
1010, 15.504
1011, 16.667
1012, 15.662
1013, 15.055
1014, 14.781
1015, 16.193
1016, 16.81
1017, 17.534
1018, 17.639
1019, 17.789
1020, 18.372
1021, 19.073
1022, 19.187
1023, 18.497
1024, 20.102
1025, 19.762
1026, 19.503
1027, 19.696
1028, 18.855
1029, 18.221
1030, 18.864
1031, 19.903
1032, 20.56
1033, 21.606
1034, 21.157
1035, 19.871
1036, 20.569
1037, 21.558
1038, 22.083
1039, 21.467
1040, 21.899
1041, 22.705
1042, 23.163
1043, 21.109
1044, 21.581
1045, 21.99
1046, 23.287
1047, 23.602
1048, 21.166
1049, 21.467
1050, 22.556
1051, 22.739
1052, 22.53
1053, 24.603
1054, 24.417
1055, 24.594
1056, 23.496
1057, 23.262
1058, 22.862
1059, 22.791
1060, 21.157
1061, 21.807
1062, 21.235
1063, 22.956
1064, 22.791
1065, 21.948
1066, 21.448
1067, 21.533
1068, 22.225
1069, 21.625
1070, 21.192
1071, 21.765
1072, 22.739
1073, 22.846
1074, 22.615
1075, 22.714
1076, 21.89
1077, 21.625
1078, 21.882
1079, 20.894
1080, 20.735
1081, 21.118
1082, 20.102
1083, 19.626
1084, 19.921
1085, 21.44
1086, 22.871
1087, 21.699
1088, 21.467
1089, 21.932
1090, 22.374
1091, 21.955
1092, 22.421
1093, 22.279
1094, 22.705
1095, 21.716
1096, 21.858
1097, 21.517
1098, 21.192
1099, 21.658
1100, 21.492
1101, 21.783
1102, 22.058
1103, 23.246
1104, 23.461
1105, 22.714
1106, 23.594
1107, 23.436
1108, 23.697
1109, 24.277
1110, 24.136
1111, 23.854
1112, 23.779
1113, 22.996
1114, 23.713
1115, 23.952
1116, 24.743
1117, 24.984
1118, 24.959
1119, 24.976
1120, 25.808
1121, 25.408
1122, 24.902
1123, 25.534
1124, 25.5
1125, 25.216
1126, 23.977
1127, 24.637
1128, 24.628
1129, 25.359
1130, 25.924
1131, 26.073
1132, 26.365
1133, 25.889
1134, 25.617
1135, 25.842
1136, 25.053
1137, 24.62
1138, 24.48
1139, 25.359
1140, 25.282
1141, 26.674
1142, 27.572
1143, 27.997
1144, 28.02
1145, 27.884
1146, 28.271
1147, 28.461
1148, 28.341
1149, 27.964
1150, 27.48
1151, 28.952
1152, 28.819
1153, 29.352
1154, 28.651
1155, 29.01
1156, 28.811
1157, 28.685
1158, 28.236
1159, 28.095
1160, 28.169
1161, 28.313
1162, 28.376
1163, 28.935
1164, 28.446
1165, 28.5
1166, 28.612
1167, 29.108
1168, 29.144
1169, 29.059
1170, 29.334
1171, 29.276
1172, 28.777
1173, 28.96
1174, 28.209
1175, 27.056
1176, 26.813
1177, 25.874
1178, 27.038
1179, 25.766
1180, 25.899
1181, 25.933
1182, 26.581
1183, 27.114
1184, 27.107
1185, 28.086
1186, 27.879
1187, 27.769
1188, 27.721
1189, 28.431
1190, 29.059
1191, 28.844
1192, 28.836
1193, 28.156
1194, 28.169
1195, 28.358
1196, 28.192
1197, 28.836
1198, 28.028
1199, 27.997
1200, 28.413
1201, 28.977
1202, 28.819
1203, 28.802
1204, 28.446
1205, 27.99
1206, 27.884
1207, 28.227
1208, 28.62
1209, 29.424
1210, 29.634
1211, 29.618
1212, 28.894
1213, 28.113
1214, 28.454
1215, 28.661
1216, 28.304
1217, 28.28
1218, 28.185
1219, 28.403
1220, 28.35
1221, 27.997
1222, 28.454
1223, 28.685
1224, 28.29
1225, 28.517
1226, 29.451
1227, 29.716
1228, 29.259
1229, 30.017
1230, 30.698
1231, 30.292
1232, 31.022
1233, 30.498
1234, 30.54
1235, 29.766
1236, 30.133
1237, 30.318
1238, 30.292
1239, 30.647
1240, 29.751
1241, 30.318
1242, 30.865
1243, 30.647
1244, 29.243
1245, 28.794
1246, 29.084
1247, 28.977
1248, 28.986
1249, 29.311
1250, 29.084
1251, 29.791
1252, 30.266
1253, 30.283
1254, 30.408
1255, 30.54
1256, 30.117
1257, 31.789
1258, 31.588
1259, 31.687
1260, 31.772
1261, 31.904
1262, 31.871
1263, 32.147
1264, 32.921
1265, 32.738
1266, 32.526
1267, 32.738
1268, 32.818
1269, 33.102
1270, 32.738
1271, 32.844
1272, 33.152
1273, 33.127
1274, 33.143
1275, 33.409
1276, 34.151
1277, 33.733
1278, 33.766
1279, 33.991
1280, 34.075
1281, 34.292
1282, 34.051
1283, 34.507
1284, 34.716
1285, 34.458
1286, 33.668
1287, 33.576
1288, 34.091
1289, 33.924
1290, 34.226
1291, 34.309
1292, 34.725
1293, 34.075
1294, 33.891
1295, 34.6
1296, 34.781
1297, 35.672
1298, 36.937
1299, 37.75
1300, 36.437
1301, 35.722
1302, 36.96
1303, 35.847
1304, 36.337
1305, 35.014
1306, 33.917
1307, 32.685
1308, 31.289
1309, 33.542
1310, 33.493
1311, 34.458
1312, 33.592
1313, 32.553
1314, 32.993
1315, 32.296
1316, 32.087
1317, 30.474
1318, 31.049
1319, 30.599
1320, 30.46
1321, 30.274
1322, 32.028
1323, 31.572
1324, 31.321
1325, 32.454
1326, 32.719
1327, 31.146
1328, 30.531
1329, 30.814
1330, 30.574
1331, 32.005
1332, 31.747
1333, 32.195
1334, 33.127
1335, 32.738
1336, 32.103
1337, 31.704
1338, 30.989
1339, 29.684
1340, 29.733
1341, 28.927
1342, 28.977
1343, 28.604
1344, 26.856
1345, 26.958
1346, 27.663
1347, 27.197
1348, 27.265
1349, 28.095
1350, 28.02
1351, 28.209
1352, 27.892
1353, 28.96
1354, 28.819
1355, 28.827
1356, 27.646
1357, 27.529
1358, 27.822
1359, 27.654
1360, 29.55
1361, 30.189
1362, 30.774
1363, 30.266
1364, 30.133
1365, 30.041
1366, 30.274
1367, 31.067
1368, 30.882
1369, 31.321
1370, 31.164
1371, 31.082
1372, 30.698
1373, 29.766
1374, 28.596
1375, 28.271
1376, 28.122
1377, 28.104
1378, 28.596
1379, 28.517
1380, 27.937
1381, 27.529
1382, 27.32
1383, 26.481
1384, 26.597
1385, 26.564
1386, 27.414
1387, 26.89
1388, 27.076
1389, 28.478
1390, 29.243
1391, 29.859
1392, 29.161
1393, 29.659
1394, 30.274
1395, 30.332
1396, 30.814
1397, 30.955
1398, 30.873
1399, 30.857
1400, 31.013
1401, 32.005
1402, 32.578
1403, 32.394
1404, 32.112
1405, 32.993
1406, 32.936
1407, 33.203
1408, 33.527
1409, 32.903
1410, 33.166
1411, 33.061
1412, 34.383
1413, 34.25
1414, 34.366
1415, 34.507
1416, 34.458
1417, 34.449
1418, 34.567
1419, 34.325
1420, 34.166
1421, 34.489
1422, 33.811
1423, 34.068
1424, 34.175
1425, 34.348
1426, 34.647
1427, 36.645
1428, 35.997
1429, 36.229
1430, 36.24
1431, 36.321
1432, 36.611
1433, 36.77
1434, 37.536
1435, 37.52
1436, 37.094
1437, 36.577
1438, 36.752
1439, 36.162
1440, 36.071
1441, 35.755
1442, 34.732
1443, 34.732
1444, 35.132
1445, 35.0
1446, 34.956
1447, 33.991
1448, 34.931
1449, 34.257
1450, 33.651
1451, 34.43
1452, 35.107
1453, 35.663
1454, 35.738
1455, 35.382
1456, 35.248
1457, 35.93
1458, 35.997
1459, 36.346
1460, 36.17
1461, 35.654
1462, 35.405
1463, 35.84
1464, 35.654
1465, 36.462
1466, 37.742
1467, 39.048
1468, 38.857
1469, 38.567
1470, 38.543
1471, 38.513
1472, 38.495
1473, 38.569
1474, 39.058
1475, 39.938
1476, 40.503
1477, 40.562
1478, 40.763
1479, 40.187
1480, 40.361
1481, 41.062
1482, 40.82
1483, 41.567
1484, 41.152
1485, 40.163
1486, 39.648
1487, 39.721
1488, 39.547
1489, 39.316
1490, 40.013
1491, 39.339
1492, 37.776
1493, 38.057
1494, 38.833
1495, 38.657
1496, 38.517
1497, 38.666
1498, 39.165
1499, 39.681
1500, 39.956
1501, 39.838
1502, 39.988
1503, 39.572
1504, 39.498
1505, 39.721
1506, 39.175
1507, 36.487
1508, 36.146
1509, 36.097
1510, 37.102
1511, 37.156
1512, 34.882
1513, 35.321
1514, 35.964
1515, 35.107
1516, 34.732
1517, 35.557
1518, 35.947
1519, 35.149
1520, 34.798
1521, 34.475
1522, 33.686
1523, 33.061
1524, 33.552
1525, 33.726
1526, 34.698
1527, 33.26
1528, 33.409
1529, 33.426
1530, 33.286
1531, 32.818
1532, 32.86
1533, 33.325
1534, 32.947
1535, 32.818
1536, 33.228
1537, 33.475
1538, 33.826
1539, 33.166
1540, 32.263
1541, 32.47
1542, 33.285
1543, 32.746
1544, 32.719
1545, 33.002
1546, 32.637
1547, 32.86
1548, 32.786
1549, 32.818
1550, 32.337
1551, 32.305
1552, 33.36
1553, 33.493
1554, 33.261
1555, 33.268
1556, 33.768
1557, 33.836
1558, 35.308
1559, 35.073
1560, 34.616
1561, 35.443
1562, 35.182
1563, 35.987
1564, 35.719
1565, 34.757
1566, 34.948
1567, 35.023
1568, 35.014
1569, 34.486
1570, 33.701
1571, 33.226
1572, 33.409
1573, 33.241
1574, 33.51
1575, 33.903
1576, 32.581
1577, 32.899
1578, 32.179
1579, 31.945
1580, 32.279
1581, 31.258
1582, 31.652
1583, 31.393
1584, 30.757
1585, 31.166
1586, 30.173
1587, 29.854
1588, 30.146
1589, 30.406
1590, 31.684
1591, 31.05
1592, 31.894
1593, 31.987
1594, 32.128
1595, 32.422
1596, 32.236
1597, 32.496
1598, 33.385
1599, 33.076
1600, 32.51
1601, 32.505
1602, 31.878
1603, 31.075
1604, 30.545
1605, 30.689
1606, 30.13
1607, 29.97
1608, 29.55
1609, 30.275
1610, 30.203
1611, 30.84
1612, 31.274
1613, 30.907
1614, 30.908
1615, 30.195
1616, 29.306
1617, 28.951
1618, 28.566
1619, 27.465
1620, 27.661
1621, 26.706
1622, 26.95
1623, 24.891
1624, 26.138
1625, 24.113
1626, 25.402
1627, 25.963
1628, 26.373
1629, 26.115
1630, 26.175
1631, 24.706
1632, 24.024
1633, 24.184
1634, 24.875
1635, 25.652
1636, 24.966
1637, 25.592
1638, 27.153
1639, 27.127
1640, 27.488
1641, 26.749
1642, 25.881
1643, 25.465
1644, 26.866
1645, 26.545
1646, 25.704
1647, 26.258
1648, 26.814
1649, 27.693
1650, 27.991
1651, 27.974
1652, 26.95
1653, 28.214
1654, 27.407
1655, 26.215
1656, 26.503
1657, 27.203
1658, 27.371
1659, 26.646
1660, 27.255
1661, 25.976
1662, 25.19
1663, 25.886
1664, 25.98
1665, 27.153
1666, 27.135
1667, 28.268
1668, 28.223
1669, 28.891
1670, 29.01
1671, 29.172
1672, 28.393
1673, 29.413
1674, 28.941
1675, 29.137
1676, 30.358
1677, 31.221
1678, 30.49
1679, 31.085
1680, 32.4
1681, 31.659
1682, 30.837
1683, 29.052
1684, 29.784
1685, 30.081
1686, 29.837
1687, 29.854
1688, 30.278
1689, 28.596
1690, 28.789
1691, 29.538
1692, 29.148
1693, 29.07
1694, 28.148
1695, 27.2
1696, 28.056
1697, 27.693
1698, 27.234
1699, 26.307
1700, 26.247
1701, 27.31
1702, 27.894
1703, 29.243
1704, 29.175
1705, 29.597
1706, 30.142
1707, 29.954
1708, 29.937
1709, 29.087
1710, 29.376
1711, 29.328
1712, 29.02
1713, 28.176
1714, 28.227
1715, 28.579
1716, 27.939
1717, 28.635
1718, 28.552
1719, 28.092
1720, 28.569
1721, 28.533
1722, 27.984
1723, 28.156
1724, 28.001
1725, 28.587
1726, 28.713
1727, 28.629
1728, 28.3
1729, 28.408
1730, 28.74
1731, 29.631
1732, 30.099
1733, 29.361
1734, 25.118
1735, 26.001
1736, 26.977
1737, 26.587
1738, 26.342
1739, 26.521
1740, 26.052
1741, 25.499
1742, 25.636
1743, 25.516
1744, 25.54
1745, 25.866
1746, 26.035
1747, 26.843
1748, 26.92
1749, 26.911
1750, 26.843
1751, 26.851
1752, 26.234
1753, 25.678
1754, 25.642
1755, 25.453
1756, 25.942
1757, 26.311
1758, 25.866
1759, 25.497
1760, 25.548
1761, 25.41
1762, 25.299
1763, 25.335
1764, 25.461
1765, 26.011
1766, 26.113
1767, 25.651
1768, 24.854
1769, 25.651
1770, 26.174
1771, 25.788
1772, 26.113
1773, 27.218
1774, 27.272
1775, 27.639
1776, 27.708
1777, 27.958
1778, 27.716
1779, 27.493
1780, 27.331
1781, 27.409
1782, 27.903
1783, 27.699
1784, 27.596
1785, 27.365
1786, 27.459
1787, 27.391
1788, 27.297
1789, 26.225
1790, 26.113
1791, 26.268
1792, 25.735
1793, 26.379
1794, 26.749
1795, 26.475
1796, 26.628
1797, 27.05
1798, 27.201
1799, 27.666
1800, 27.133
1801, 26.996
1802, 27.305
1803, 27.536
1804, 27.93
1805, 28.447
1806, 27.879
1807, 28.389
1808, 28.303
1809, 27.93
1810, 27.569
1811, 27.451
1812, 27.391
1813, 26.877
1814, 27.136
1815, 27.292
1816, 27.326
1817, 27.674
1818, 27.516
1819, 27.284
1820, 26.525
1821, 27.335
1822, 27.863
1823, 27.879
1824, 28.01
1825, 28.026
1826, 28.27
1827, 27.698
1828, 27.912
1829, 27.094
1830, 27.094
1831, 27.222
1832, 27.879
1833, 28.188
1834, 28.744
1835, 28.289
1836, 29.227
1837, 29.021
1838, 29.678
1839, 30.091
1840, 30.04
1841, 30.403
1842, 30.903
1843, 30.256
1844, 29.391
1845, 29.028
1846, 29.261
1847, 29.036
1848, 29.089
1849, 29.66
1850, 29.77
1851, 29.71
1852, 29.443
1853, 29.236
1854, 28.969
1855, 28.77
1856, 28.657
1857, 28.252
1858, 28.476
1859, 28.517
1860, 28.675
1861, 28.708
1862, 29.142
1863, 28.796
1864, 28.181
1865, 27.894
1866, 28.408
1867, 28.623
1868, 29.434
1869, 29.478
1870, 28.951
1871, 29.297
1872, 28.847
1873, 29.65
1874, 29.617
1875, 29.843
1876, 29.548
1877, 29.514
1878, 29.643
1879, 29.589
1880, 29.503
1881, 29.478
1882, 29.539
1883, 29.531
1884, 29.624
1885, 29.824
1886, 29.493
1887, 29.006
1888, 28.927
1889, 29.469
1890, 30.173
1891, 30.25
1892, 30.074
1893, 29.709
1894, 29.736
1895, 29.788
1896, 30.712
1897, 31.634
1898, 31.346
1899, 31.59
1900, 31.6
1901, 32.277
1902, 32.338
1903, 32.191
1904, 32.103
1905, 32.27
1906, 32.198
1907, 32.069
1908, 31.869
1909, 32.305
1910, 32.277
1911, 32.008
1912, 31.991
1913, 31.791
1914, 31.809
1915, 32.286
1916, 32.933
1917, 33.138
1918, 33.052
1919, 32.824
1920, 32.643
1921, 32.869
1922, 32.816
1923, 33.27
1924, 33.818
1925, 34.436
1926, 34.697
1927, 34.123
1928, 34.411
1929, 33.714
1930, 33.739
1931, 34.923
1932, 34.532
1933, 34.401
1934, 35.079
1935, 35.07
1936, 34.844
1937, 35.192
1938, 34.853
1939, 34.643
1940, 35.245
1941, 34.768
1942, 34.513
1943, 33.975
1944, 33.478
1945, 33.591
1946, 34.593
1947, 34.837
1948, 34.864
1949, 35.564
1950, 35.223
1951, 34.934
1952, 35.389
1953, 35.434
1954, 35.469
1955, 35.336
1956, 34.603
1957, 34.521
1958, 34.805
1959, 35.002
1960, 34.947
1961, 34.992
1962, 35.143
1963, 34.929
1964, 35.063
1965, 35.719
1966, 36.473
1967, 36.312
1968, 34.371
1969, 34.823
1970, 34.62
1971, 34.201
1972, 34.334
1973, 33.776
1974, 34.371
1975, 34.912
1976, 34.352
1977, 34.425
1978, 34.239
1979, 34.593
1980, 34.521
1981, 34.689
1982, 34.484
1983, 34.787
1984, 35.107
1985, 35.515
1986, 35.771
1987, 36.162
1988, 36.011
1989, 36.279
1990, 36.428
1991, 36.641
1992, 36.463
1993, 36.178
1994, 36.304
1995, 35.817
1996, 36.093
1997, 35.693
1998, 35.621
1999, 35.923
2000, 36.198
2001, 36.304
2002, 35.942
2003, 36.366
2004, 34.929
2005, 34.644
2006, 34.301
2007, 33.998
2008, 33.374
2009, 33.033
2010, 32.961
2011, 32.221
2012, 32.497
2013, 33.319
2014, 33.552
2015, 33.588
2016, 33.917
2017, 33.981
2018, 33.909
2019, 33.882
2020, 33.507
2021, 33.337
2022, 33.14
2023, 33.275
2024, 33.14
2025, 32.257
2026, 31.283
2027, 30.676
2028, 30.999
2029, 30.865
2030, 31.158
2031, 30.703
2032, 30.768
2033, 30.641
2034, 31.274
2035, 31.007
2036, 31.158
2037, 30.686
2038, 30.202
2039, 30.624
2040, 30.739
2041, 30.837
2042, 31.131
2043, 31.185
2044, 31.088
2045, 30.409
2046, 30.809
2047, 30.953
2048, 31.195
2049, 31.149
2050, 30.945
2051, 31.375
2052, 31.168
2053, 32.355
2054, 32.303
2055, 32.579
2056, 32.257
2057, 31.846
2058, 32.293
2059, 32.929
2060, 32.759
2061, 33.14
2062, 33.285
2063, 32.961
2064, 32.819
2065, 32.389
2066, 32.623
2067, 32.49
2068, 32.514
2069, 32.482
2070, 32.929
2071, 31.053
2072, 30.603
2073, 30.548
2074, 30.52
2075, 30.548
2076, 30.612
2077, 30.891
2078, 30.543
2079, 30.018
2080, 29.721
2081, 29.738
2082, 29.936
2083, 30.144
2084, 29.965
2085, 29.711
2086, 30.348
2087, 31.493
2088, 31.429
2089, 31.32
2090, 31.708
2091, 31.196
2092, 30.827
2093, 30.756
2094, 30.646
2095, 32.013
2096, 32.013
2097, 31.555
2098, 31.53
2099, 31.809
2100, 32.068
2101, 32.321
2102, 32.446
2103, 32.544
2104, 32.635
2105, 32.895
2106, 33.552
2107, 33.542
2108, 33.589
2109, 33.875
2110, 33.767
2111, 34.237
2112, 34.379
2113, 34.271
2114, 34.55
2115, 34.666
2116, 34.712
2117, 35.044
2118, 34.855
2119, 34.631
2120, 34.675
2121, 35.378
2122, 35.368
2123, 35.404
2124, 35.233
2125, 34.874
2126, 34.749
2127, 34.341
2128, 34.181
2129, 34.513
2130, 34.656
2131, 34.433
2132, 34.388
2133, 33.848
2134, 34.082
2135, 34.454
2136, 35.24
2137, 35.395
2138, 35.585
2139, 34.726
2140, 34.019
2141, 34.137
2142, 33.991
2143, 33.711
2144, 33.339
2145, 33.267
2146, 33.339
2147, 33.783
2148, 34.87
2149, 34.906
2150, 34.788
2151, 35.087
2152, 35.124
2153, 35.297
2154, 35.358
2155, 35.169
2156, 34.67
2157, 35.023
2158, 32.328
2159, 30.514
2160, 30.706
2161, 30.869
2162, 30.696
2163, 30.505
2164, 30.271
2165, 30.155
2166, 30.155
2167, 29.973
2168, 29.582
2169, 29.358
2170, 29.619
2171, 30.001
2172, 29.955
2173, 29.782
2174, 29.828
2175, 30.552
2176, 30.696
2177, 30.996
2178, 31.701
2179, 31.584
2180, 32.272
2181, 32.361
2182, 32.523
2183, 32.553
2184, 32.345
2185, 32.225
2186, 32.454
2187, 32.706
2188, 32.978
2189, 33.648
2190, 33.06
2191, 33.91
2192, 33.522
2193, 33.051
2194, 33.24
2195, 33.485
2196, 33.312
2197, 32.916
2198, 32.934
2199, 33.005
2200, 33.16
2201, 33.29
2202, 33.606
2203, 33.115
2204, 33.315
2205, 33.28
2206, 33.089
2207, 32.978
2208, 32.65
2209, 31.994
2210, 32.167
2211, 32.414
2212, 32.45
2213, 32.112
2214, 32.103
2215, 32.52
2216, 32.831
2217, 32.942
2218, 33.333
2219, 34.757
2220, 35.988
2221, 36.625
2222, 36.798
2223, 36.943
2224, 37.408
2225, 37.588
2226, 37.782
2227, 37.117
2228, 37.271
2229, 36.879
2230, 37.191
2231, 37.191
2232, 37.5
2233, 38.742
2234, 38.491
2235, 38.811
2236, 38.758
2237, 38.695
2238, 38.567
2239, 38.439
2240, 38.742
2241, 38.138
2242, 36.97
2243, 37.209
2244, 38.422
2245, 37.529
2246, 37.937
2247, 37.2
2248, 36.698
2249, 36.999
2250, 36.761
2251, 37.975
2252, 37.975
2253, 38.121
2254, 38.181
2255, 38.138
2256, 38.01
2257, 38.404
2258, 37.801
2259, 37.459
2260, 37.389
2261, 37.498
2262, 37.782
2263, 38.174
2264, 38.114
2265, 38.426
2266, 37.654
2267, 36.269
2268, 37.303
2269, 36.874
2270, 36.764
2271, 36.965
2272, 36.47
2273, 36.351
2274, 36.598
2275, 35.764
2276, 35.93
2277, 36.297
2278, 37.021
2279, 36.692
2280, 37.25
2281, 37.177
2282, 37.177
2283, 35.425
2284, 35.269
2285, 34.874
2286, 34.82
2287, 35.178
2288, 35.627
2289, 35.406
2290, 35.967
2291, 35.507
2292, 35.562
2293, 35.745
2294, 35.829
2295, 34.995
2296, 34.48
2297, 33.82
2298, 33.71
2299, 34.085
2300, 34.672
2301, 34.619
2302, 34.939
2303, 35.104
2304, 35.653
2305, 35.618
2306, 35.92
2307, 36.635
2308, 36.598
2309, 36.149
2310, 36.588
2311, 36.655
2312, 37.14
2313, 37.277
2314, 37.094
2315, 37.076
2316, 37.535
2317, 37.343
2318, 36.673
2319, 36.205
2320, 35.71
2321, 36.029
2322, 36.754
2323, 37.281
2324, 37.374
2325, 37.446
2326, 37.307
2327, 36.986
2328, 37.133
2329, 37.55
2330, 37.409
2331, 37.54
2332, 37.558
2333, 37.741
2334, 38.165
2335, 38.435
2336, 38.139
2337, 38.065
2338, 37.235
2339, 36.809
2340, 36.181
2341, 36.201
2342, 36.062
2343, 36.191
2344, 36.258
2345, 36.561
2346, 35.436
2347, 35.113
2348, 34.975
2349, 35.038
2350, 35.019
2351, 34.901
2352, 34.993
2353, 35.194
2354, 35.131
2355, 34.641
2356, 34.309
2357, 33.654
2358, 33.812
2359, 33.95
2360, 33.838
2361, 33.96
2362, 33.321
2363, 33.793
2364, 33.46
2365, 33.718
2366, 33.674
2367, 34.318
2368, 33.783
2369, 33.45
2370, 33.47
2371, 33.812
2372, 33.34
2373, 33.488
2374, 33.286
2375, 32.908
2376, 33.173
2377, 33.58
2378, 33.562
2379, 34.052
2380, 34.336
2381, 34.291
2382, 34.716
2383, 34.668
2384, 35.194
2385, 35.113
2386, 35.28
2387, 35.334
2388, 35.418
2389, 35.324
2390, 35.456
2391, 35.204
2392, 34.565
2393, 35.002
2394, 35.018
2395, 35.214
2396, 35.996
2397, 36.246
2398, 36.059
2399, 35.725
2400, 35.93
2401, 36.135
2402, 36.098
2403, 36.209
2404, 36.292
2405, 36.598
2406, 37.099
2407, 37.573
2408, 37.099
2409, 37.565
2410, 37.758
2411, 37.343
2412, 37.611
2413, 37.333
2414, 37.108
2415, 36.217
2416, 35.623
2417, 36.57
2418, 36.683
2419, 34.48
2420, 34.908
2421, 33.05
2422, 32.825
2423, 31.574
2424, 32.317
2425, 32.251
2426, 32.475
2427, 32.706
2428, 33.736
2429, 35.307
2430, 34.954
2431, 35.056
2432, 35.54
2433, 35.474
2434, 36.098
2435, 36.292
2436, 36.923
2437, 37.007
2438, 37.175
2439, 37.08
2440, 37.204
2441, 37.443
2442, 37.146
2443, 37.194
2444, 37.658
2445, 37.361
2446, 37.974
2447, 38.244
2448, 38.392
2449, 38.985
2450, 38.638
2451, 38.648
2452, 38.499
2453, 39.181
2454, 39.322
2455, 39.108
2456, 41.192
2457, 39.723
2458, 40.004
2459, 40.07
2460, 40.498
2461, 41.35
2462, 40.844
2463, 40.622
2464, 40.145
2465, 40.527
2466, 39.828
2467, 39.938
2468, 40.06
2469, 41.303
2470, 41.264
2471, 41.389
2472, 41.36
2473, 41.714
2474, 41.863
2475, 42.171
2476, 42.537
2477, 42.256
2478, 42.041
2479, 42.294
2480, 42.285
2481, 42.518
2482, 42.657
2483, 43.172
2484, 42.875
2485, 43.07
2486, 42.76
2487, 42.545
2488, 42.285
2489, 42.677
2490, 42.621
2491, 42.965
2492, 43.572
2493, 43.695
2494, 43.966
2495, 43.564
2496, 42.77
2497, 42.461
2498, 41.64
2499, 41.163
2500, 41.51
2501, 41.163
2502, 41.519
2503, 41.134
2504, 40.594
2505, 41.442
2506, 41.761
2507, 42.331
2508, 41.5
2509, 41.342
2510, 42.393
2511, 42.253
2512, 41.745
2513, 42.102
2514, 42.131
2515, 42.299
2516, 42.214
2517, 42.364
2518, 43.267
2519, 42.769
2520, 42.919
2521, 43.635
2522, 42.694
2523, 43.221
2524, 42.552
2525, 42.364
2526, 43.653
2527, 43.625
2528, 44.499
2529, 43.756
2530, 44.705
2531, 44.554
2532, 44.875
2533, 43.98
2534, 43.239
2535, 42.291
2536, 42.196
2537, 45.233
2538, 45.796
2539, 46.039
2540, 45.665
2541, 46.059
2542, 46.049
2543, 46.726
2544, 46.614
2545, 46.48
2546, 46.311
2547, 45.879
2548, 45.72
2549, 45.109
2550, 45.306
2551, 45.109
2552, 44.46
2553, 44.762
2554, 44.753
2555, 44.479
2556, 44.714
2557, 44.368
2558, 43.887
2559, 42.864
2560, 42.562
2561, 42.994
2562, 42.874
2563, 41.83
2564, 41.735
2565, 42.984
2566, 44.734
2567, 44.976
2568, 44.499
2569, 44.45
2570, 45.899
2571, 46.641
2572, 46.547
2573, 46.932
2574, 46.432
2575, 46.403
2576, 46.215
2577, 46.054
2578, 46.649
2579, 46.263
2580, 45.467
2581, 45.723
2582, 46.157
2583, 46.886
2584, 46.403
2585, 46.395
2586, 45.874
2587, 46.074
2588, 46.074
2589, 46.706
2590, 46.166
2591, 45.996
2592, 46.157
2593, 46.195
2594, 47.037
2595, 47.593
2596, 48.887
2597, 48.491
2598, 49.011
2599, 49.254
2600, 49.86
2601, 48.255
2602, 48.433
2603, 48.651
2604, 48.953
2605, 48.51
2606, 49.084
2607, 47.981
2608, 48.32
2609, 49.661
2610, 50.739
2611, 51.183
2612, 50.852
2613, 51.296
2614, 51.22
2615, 51.267
2616, 51.051
2617, 51.477
2618, 50.823
2619, 49.793
2620, 49.51
2621, 49.925
2622, 50.588
2623, 50.238
2624, 52.269
2625, 51.267
2626, 51.022
2627, 51.778
2628, 51.371
2629, 51.559
2630, 51.797
2631, 51.487
2632, 50.652
2633, 51.38
2634, 51.76
2635, 52.24
2636, 52.298
2637, 51.545
2638, 49.325
2639, 47.7
2640, 46.18
2641, 46.875
2642, 48.051
2643, 48.783
2644, 48.602
2645, 48.252
2646, 46.998
2647, 48.602
2648, 48.65
2649, 48.431
2650, 49.629
2651, 49.533
2652, 50.038
2653, 50.341
2654, 50.284
2655, 50.53
2656, 51.803
2657, 51.727
2658, 51.347
2659, 51.669
2660, 48.736
2661, 50.446
2662, 49.751
2663, 49.666
2664, 47.967
2665, 47.654
2666, 49.125
2667, 49.003
2668, 49.419
2669, 49.97
2670, 48.993
2671, 48.479
2672, 48.878
2673, 48.374
2674, 49.193
2675, 48.783
2676, 47.796
2677, 49.912
2678, 50.171
2679, 50.902
2680, 50.76
2681, 50.455
2682, 51.233
2683, 52.459
2684, 52.306
2685, 52.544
2686, 52.193
2687, 52.905
2688, 52.942
2689, 52.744
2690, 52.078
2691, 51.595
2692, 51.605
2693, 51.946
2694, 51.196
2695, 51.669
2696, 51.679
2697, 50.967
2698, 50.246
2699, 49.6
2700, 49.277
2701, 49.42
2702, 50.759
2703, 50.671
2704, 50.385
2705, 49.257
2706, 50.023
2707, 50.003
2708, 49.831
2709, 51.073
2710, 50.711
2711, 49.144
2712, 50.365
2713, 50.3
2714, 49.668
2715, 49.994
2716, 50.633
2717, 50.156
2718, 50.355
2719, 51.655
2720, 51.692
2721, 50.088
2722, 52.132
2723, 53.614
2724, 54.005
2725, 53.814
2726, 53.861
2727, 53.986
2728, 54.941
2729, 54.866
2730, 54.367
2731, 53.995
2732, 53.508
2733, 53.442
2734, 52.238
2735, 51.933
2736, 53.708
2737, 54.616
2738, 52.324
2739, 51.722
2740, 49.468
2741, 49.229
2742, 48.484
2743, 49.583
2744, 49.488
2745, 48.857
2746, 49.821
2747, 48.293
2748, 46.994
2749, 48.074
2750, 49.076
2751, 45.189
2752, 45.485
2753, 45.704
2754, 43.317
2755, 41.913
2756, 42.753
2757, 43.222
2758, 42.905
2759, 43.737
2760, 44.616
2761, 45.683
2762, 45.337
2763, 46.336
2764, 47.346
2765, 47.518
2766, 47.374
2767, 48.096
2768, 47.874
2769, 47.654
2770, 48.99
2771, 48.037
2772, 47.509
2773, 47.654
2774, 46.799
2775, 46.078
2776, 46.336
2777, 46.088
2778, 47.596
2779, 47.971
2780, 47.682
2781, 48.49
2782, 48.624
2783, 49.076
2784, 49.134
2785, 47.893
2786, 47.673
2787, 48.451
2788, 48.693
2789, 49.327
2790, 51.884
2791, 52.192
2792, 52.229
2793, 52.306
2794, 50.885
2795, 51.606
2796, 50.904
2797, 50.98
2798, 50.692
2799, 51.239
2800, 51.576
2801, 51.393
2802, 50.97
2803, 50.904
2804, 50.672
2805, 50.115
2806, 48.893
2807, 48.307
2808, 49.164
2809, 48.97
2810, 49.173
2811, 48.404
2812, 48.595
2813, 49.134
2814, 49.0
2815, 48.693
2816, 47.855
2817, 48.653
2818, 49.258
2819, 49.999
2820, 50.057
2821, 50.846
2822, 49.491
2823, 49.845
2824, 49.75
2825, 50.191
2826, 49.164
2827, 49.576
2828, 49.508
2829, 50.692
2830, 49.502
2831, 47.789
2832, 48.766
2833, 47.884
2834, 47.992
2835, 48.147
2836, 47.72
2837, 46.945
2838, 47.526
2839, 47.565
2840, 47.884
2841, 46.927
2842, 46.366
2843, 46.152
2844, 46.898
2845, 46.937
2846, 47.41
2847, 48.524
2848, 48.882
2849, 48.998
2850, 49.763
2851, 45.407
2852, 42.34
2853, 42.804
2854, 43.472
2855, 43.347
2856, 44.168
2857, 42.998
2858, 42.592
2859, 42.988
2860, 43.742
2861, 44.836
2862, 45.805
2863, 45.891
2864, 45.717
2865, 44.604
2866, 44.991
2867, 44.652
2868, 45.697
2869, 45.079
2870, 45.475
2871, 45.796
2872, 45.823
2873, 45.969
2874, 46.26
2875, 46.734
2876, 46.589
2877, 45.505
2878, 45.678
2879, 46.076
2880, 46.879
2881, 46.434
2882, 45.011
2883, 45.205
2884, 45.707
2885, 45.65
2886, 45.776
2887, 46.095
2888, 46.52
2889, 46.375
2890, 46.086
2891, 46.598
2892, 47.275
2893, 47.08
2894, 46.925
2895, 46.846
2896, 46.925
2897, 47.119
2898, 47.265
2899, 48.25
2900, 45.725
2901, 45.247
2902, 44.527
2903, 44.079
2904, 43.59
2905, 44.546
2906, 44.858
2907, 45.238
2908, 45.492
2909, 45.238
2910, 44.799
2911, 45.247
2912, 44.888
2913, 45.785
2914, 46.163
2915, 45.512
2916, 47.597
2917, 48.055
2918, 47.372
2919, 47.841
2920, 48.162
2921, 48.27
2922, 47.675
2923, 47.763
2924, 46.769
2925, 46.408
2926, 45.735
2927, 45.579
2928, 45.696
2929, 45.044
2930, 45.083
2931, 45.472
2932, 45.579
2933, 46.007
2934, 45.549
2935, 45.696
2936, 45.549
2937, 45.725
2938, 45.219
2939, 46.953
2940, 47.637
2941, 47.159
2942, 46.953
2943, 47.071
2944, 46.807
2945, 47.587
2946, 48.386
2947, 48.172
2948, 48.455
2949, 48.474
2950, 49.127
2951, 49.39
2952, 49.216
2953, 49.858
2954, 49.868
2955, 49.712
2956, 50.448
2957, 50.861
2958, 51.145
2959, 50.704
2960, 51.724
2961, 50.085
2962, 48.672
2963, 49.26
2964, 50.537
2965, 51.292
2966, 51.704
2967, 51.547
2968, 51.881
2969, 50.674
2970, 50.762
2971, 50.938
2972, 51.489
2973, 50.105
2974, 49.761
2975, 50.929
2976, 51.194
2977, 50.537
2978, 51.086
2979, 50.791
2980, 50.281
2981, 50.115
2982, 50.243
2983, 50.262
2984, 50.92
2985, 51.675
2986, 51.508
2987, 51.39
2988, 52.098
2989, 52.431
2990, 51.43
2991, 51.292
2992, 51.086
2993, 51.44
2994, 51.312
2995, 51.224
2996, 51.655
2997, 52.342
2998, 53.539
2999, 54.629
3000, 54.158
3001, 53.599
3002, 53.363
3003, 53.482
3004, 53.206
3005, 53.177
3006, 53.492
3007, 53.452
3008, 53.589
3009, 54.119
3010, 54.05
3011, 54.266
3012, 54.247
3013, 54.237
3014, 53.843
3015, 53.295
3016, 53.726
3017, 53.588
3018, 54.2
3019, 54.319
3020, 54.339
3021, 54.28
3022, 54.714
3023, 54.793
3024, 54.062
3025, 54.022
3026, 53.894
3027, 54.003
3028, 54.645
3029, 55.495
3030, 55.544
3031, 55.337
3032, 55.682
3033, 55.741
3034, 55.909
3035, 55.919
3036, 55.969
3037, 56.304
3038, 56.66
3039, 56.788
3040, 57.036
3041, 57.292
3042, 57.065
3043, 57.609
3044, 57.184
3045, 57.036
3046, 56.976
3047, 56.956
3048, 57.204
3049, 56.996
3050, 56.898
3051, 56.344
3052, 56.334
3053, 56.236
3054, 57.075
3055, 57.085
3056, 57.332
3057, 58.023
3058, 57.845
3059, 58.497
3060, 58.893
3061, 59.515
3062, 59.98
3063, 60.779
3064, 61.481
3065, 61.639
3066, 61.579
3067, 62.004
3068, 62.142
3069, 61.905
3070, 62.32
3071, 61.283
3072, 61.075
3073, 60.345
3074, 60.167
3075, 60.374
3076, 59.209
3077, 60.572
3078, 60.987
3079, 61.54
3080, 61.441
3081, 61.978
3082, 62.744
3083, 63.012
3084, 63.4
3085, 63.817
3086, 64.911
3087, 65.368
3088, 64.921
3089, 64.255
3090, 64.394
3091, 64.304
3092, 63.29
3093, 63.33
3094, 64.046
3095, 64.782
3096, 65.229
3097, 65.537
3098, 66.024
3099, 65.517
3100, 66.203
3101, 65.388
3102, 66.024
3103, 65.945
3104, 65.1
3105, 66.004
3106, 65.269
3107, 65.736
3108, 65.229
3109, 66.382
3110, 65.328
3111, 65.786
3112, 65.766
3113, 65.507
3114, 65.985
3115, 66.014
3116, 65.726
3117, 66.78
3118, 66.482
3119, 66.511
3120, 67.148
3121, 66.82
3122, 66.889
3123, 67.118
3124, 66.8
3125, 66.342
3126, 66.511
3127, 66.889
3128, 67.615
3129, 67.645
3130, 67.496
3131, 67.774
3132, 68.082
3133, 68.052
3134, 68.231
3135, 67.516
3136, 67.655
3137, 68.251
3138, 68.798
3139, 69.067
3140, 67.764
3141, 67.685
3142, 68.689
3143, 68.48
3144, 68.29
3145, 68.82
3146, 68.81
3147, 69.17
3148, 68.64
3149, 69.11
3150, 70.12
3151, 69.84
3152, 67.72
3153, 67.51
3154, 66.5
3155, 66.45
3156, 68.51
3157, 68.97
3158, 69.06
3159, 69.12
3160, 66.03
3161, 65.44
3162, 65.23
3163, 64.65
3164, 64.97
3165, 64.74
3166, 63.79
3167, 65.74
3168, 64.12
3169, 64.36
3170, 64.48
3171, 64.34
3172, 64.12
3173, 65.3
3174, 65.64
3175, 65.46
3176, 66.13
3177, 66.9
3178, 67.14
3179, 66.83
3180, 67.79
3181, 67.91
3182, 67.83
3183, 67.28
3184, 65.95
3185, 66.02
3186, 66.27
3187, 66.31
3188, 66.18
3189, 66.87
3190, 67.29
3191, 66.35
3192, 66.74
3193, 64.99
3194, 65.6
3195, 65.88
3196, 66.04
3197, 66.46
3198, 65.74
3199, 66.01
3200, 65.03
