15.0, 46.60056657223792
16.0, 47.988505747126425
17.0, 45.97014925373135
18.0, 39.2125984251968
19.0, 31.922398589065196
20.0, 31.36915077989599
21.0, 41.41876430205948
22.0, 44.47174447174443
23.0, 51.50214592274679
24.0, 51.0822510822511
25.0, 62.1287128712871
26.0, 48.31081081081091
27.0, 49.671052631578895
28.0, 65.43624161073818
29.0, 69.79472140762464
30.0, 69.34523809523806
31.0, 71.85792349726776
32.0, 78.64864864864869
33.0, 63.59338061465726
34.0, 52.13178294573642
35.0, 52.33463035019456
36.0, 54.961832061068726
37.0, 50.62761506276145
38.0, 44.16058394160582
39.0, 40.97472924187725
40.0, 37.777777777777764
41.0, 39.1304347826087
42.0, 33.39191564147626
43.0, 32.80141843971634
44.0, 26.61870503597123
45.0, 25.32942898975105
46.0, 21.674140508221157
47.0, 25.291181364392614
48.0, 42.30118443316415
49.0, 49.20634920634918
50.0, 47.44525547445254
51.0, 54.71698113207548
52.0, 61.95462478184987
53.0, 64.69534050179209
54.0, 63.001745200698
55.0, 56.04770017035767
56.0, 59.43238731218697
57.0, 58.031088082901526
58.0, 77.46478873239434
59.0, 77.77777777777774
60.0, 81.50943396226411
61.0, 82.43727598566305
62.0, 76.05042016806712
63.0, 74.33035714285708
64.0, 80.50847457627114
65.0, 80.44217687074826
66.0, 79.79452054794515
67.0, 80.71895424836595
68.0, 88.64027538726329
69.0, 90.1926444833625
70.0, 85.76449912126535
71.0, 85.66371681415927
72.0, 85.16483516483513
73.0, 77.01974865350088
74.0, 69.09413854351685
75.0, 69.36619718309855
76.0, 70.99099099099108
77.0, 68.64111498257842
78.0, 55.26315789473681
79.0, 50.243902439024346
80.0, 57.05128205128203
81.0, 47.648261758691234
82.0, 42.400000000000006
83.0, 39.25925925925928
84.0, 36.36363636363634
85.0, 37.43676222596963
86.0, 45.28023598820059
87.0, 47.23076923076924
88.0, 48.65293185419967
89.0, 45.72864321608043
90.0, 48.22580645161286
91.0, 49.01639344262297
92.0, 54.37201907790147
93.0, 52.64026402640264
94.0, 50.34602076124567
95.0, 48.662207357859494
96.0, 44.4954128440367
97.0, 49.82876712328765
98.0, 54.189944134078246
99.0, 48.93617021276596
100.0, 32.779097387173394
101.0, 41.333333333333286
102.0, 35.63218390804593
103.0, 32.49097472924183
104.0, 27.499999999999957
105.0, 34.54545454545446
106.0, 33.55704697986573
107.0, 53.13609467455622
108.0, 52.85714285714288
109.0, 58.951406649616374
110.0, 68.12585499316006
111.0, 66.04774535809021
112.0, 65.87301587301587
113.0, 60.65773447015835
114.0, 60.9547123623011
115.0, 61.612515042117934
116.0, 72.36180904522617
117.0, 76.33289986996098
118.0, 74.87244897959184
119.0, 74.2483660130719
120.0, 72.85129604365625
121.0, 51.000000000000014
122.0, 49.06444906444903
123.0, 44.33198380566806
124.0, 39.82494529540478
125.0, 36.69354838709673
126.0, 30.847457627118615
127.0, 37.73946360153252
128.0, 34.74426807760133
129.0, 33.691756272401406
130.0, 28.155339805825207
131.0, 34.62897526501763
132.0, 38.709677419354854
133.0, 38.709677419354854
134.0, 51.72932330827066
135.0, 52.679938744257235
136.0, 47.857142857142875
137.0, 53.92022008253095
138.0, 53.188602442333774
139.0, 53.625170998632015
140.0, 61.635220125786134
141.0, 64.3795620437956
142.0, 59.837177747625525
143.0, 57.65379113018598
144.0, 59.396433470507525
145.0, 52.54957507082158
146.0, 50.068965517241374
147.0, 55.907429963459194
148.0, 43.46049046321525
149.0, 42.704149933065615
150.0, 43.81868131868133
151.0, 41.235632183908045
152.0, 41.05865522174534
153.0, 58.775029446407515
154.0, 68.70229007633591
155.0, 64.63054187192124
156.0, 69.8615548455804
157.0, 67.90254237288138
158.0, 59.71659919028341
159.0, 62.681912681912664
160.0, 60.5421686746988
161.0, 53.16027088036119
162.0, 58.86363636363638
163.0, 63.20093457943925
164.0, 66.9833729216152
165.0, 68.0092059838895
166.0, 64.3090315560392
167.0, 50.73627844712181
168.0, 31.851851851851833
169.0, 32.39171374764591
170.0, 35.78528827037772
171.0, 34.682080924855455
172.0, 43.123543123543165
173.0, 54.392523364485974
174.0, 66.48351648351647
175.0, 74.60567823343848
176.0, 76.39296187683286
177.0, 71.9653179190751
178.0, 69.75036710719527
179.0, 68.3076923076923
180.0, 69.1588785046728
181.0, 75.54179566563465
182.0, 76.79882525697501
183.0, 78.0597014925372
184.0, 74.96360989810762
185.0, 75.8468335787923
186.0, 79.0281329923273
187.0, 71.69540229885055
188.0, 69.31464174454827
189.0, 64.88413547237074
190.0, 55.69358178053825
191.0, 61.652542372881356
192.0, 54.699248120300744
193.0, 64.02985074626866
194.0, 59.17241379310348
195.0, 61.001317523056656
196.0, 59.002770083102476
197.0, 55.396618985695746
198.0, 59.230769230769276
199.0, 62.580645161290306
200.0, 53.323903818953326
201.0, 52.361111111111086
202.0, 51.06685633001422
203.0, 44.41453566621804
204.0, 43.82470119521913
205.0, 39.43661971830987
206.0, 46.39037433155081
207.0, 28.746177370030537
208.0, 33.09859154929573
209.0, 25.34381139489183
210.0, 25.781249999999915
211.0, 29.074889867841307
212.0, 20.64516129032249
213.0, 18.72246696035245
214.0, 26.562499999999957
215.0, 27.803738317756995
216.0, 40.194174757281566
217.0, 49.78991596638652
218.0, 69.364161849711
219.0, 78.5714285714286
220.0, 70.16434892541086
221.0, 70.52096569250317
222.0, 72.95188556566971
223.0, 72.52311756935273
224.0, 72.22963951935918
225.0, 65.57575757575756
226.0, 72.18309859154927
227.0, 73.6080178173719
228.0, 72.75862068965515
229.0, 73.51916376306615
230.0, 74.94505494505489
231.0, 65.59356136820924
232.0, 55.92783505154639
233.0, 46.44412191582003
234.0, 53.025477707006374
235.0, 55.966386554621835
236.0, 50.69767441860461
237.0, 47.12812960235642
238.0, 45.96182085168868
239.0, 69.45606694560668
240.0, 54.68025949953659
241.0, 51.95312500000003
242.0, 53.759398496240586
243.0, 52.670349907919
244.0, 47.01030927835049
245.0, 52.35361653272099
246.0, 66.36952998379255
247.0, 67.46293245469525
248.0, 65.05246166263115
249.0, 67.17990275526743
250.0, 69.7811447811448
251.0, 71.83708838821491
252.0, 73.10638297872342
253.0, 61.27864897466828
254.0, 72.57142857142867
255.0, 70.65368567454803
256.0, 69.50867052023128
257.0, 74.2899850523169
258.0, 69.59064327485376
259.0, 71.65932452276061
260.0, 37.54045307443364
261.0, 32.58426966292136
262.0, 41.10787172011664
263.0, 43.098591549295755
264.0, 52.5925925925926
265.0, 62.85140562248996
266.0, 61.85567010309282
267.0, 59.405940594059416
268.0, 64.93506493506493
269.0, 68.68008948545858
270.0, 59.13757700205336
271.0, 51.127819548872154
272.0, 58.518518518518526
273.0, 60.35398230088496
274.0, 63.09719934102143
275.0, 69.58855098389984
276.0, 66.42335766423358
277.0, 65.86270871985155
278.0, 47.19999999999999
279.0, 33.05084745762714
280.0, 33.61344537815124
281.0, 32.31017770597735
282.0, 26.281208935611005
283.0, 23.30917874396134
284.0, 24.004975124378106
285.0, 30.81761006289311
286.0, 25.125000000000043
287.0, 22.106631989596835
288.0, 14.56436931079321
289.0, 18.88888888888883
290.0, 33.71134020618554
291.0, 37.39045764362218
292.0, 41.46868250539957
293.0, 41.37931034482757
294.0, 42.189160467587676
295.0, 43.199129488574535
296.0, 50.63775510204083
297.0, 53.57624831309043
298.0, 48.47374847374847
299.0, 41.818181818181806
300.0, 31.221719457013563
301.0, 43.15632011967091
302.0, 46.165644171779135
303.0, 42.75808936825887
304.0, 33.42105263157893
305.0, 26.441881100266187
306.0, 27.264409881061297
307.0, 28.35394862036155
308.0, 29.75746268656711
309.0, 29.89690721649481
310.0, 32.0037986704653
311.0, 30.525362318840536
312.0, 32.81402142161632
313.0, 34.56410256410251
314.0, 46.41873278236911
315.0, 31.873905429071755
316.0, 29.14389799635697
317.0, 32.16374269005847
318.0, 49.620637329286815
319.0, 53.25732899022801
320.0, 54.13907284768213
321.0, 44.79452054794517
322.0, 35.56430446194227
323.0, 35.94164456233423
324.0, 29.31633835457707
325.0, 33.33333333333333
326.0, 29.398663697104695
327.0, 29.675251959686463
328.0, 37.29977116704806
329.0, 37.585421412300676
330.0, 36.57718120805368
331.0, 32.72357723577231
332.0, 18.979833926453082
333.0, 37.27359389895136
334.0, 35.937499999999986
335.0, 38.29578844270321
336.0, 40.72916666666666
337.0, 39.099999999999994
338.0, 43.834080717488774
339.0, 46.75876726886292
340.0, 61.35629709364907
341.0, 62.447698744769845
342.0, 60.80786026200872
343.0, 56.69481302774427
344.0, 52.572706935123044
345.0, 55.687203791469194
346.0, 54.02298850574714
347.0, 39.20972644376898
348.0, 39.81481481481481
349.0, 50.16286644951142
350.0, 57.598784194528875
351.0, 59.49764521193094
352.0, 69.51530612244902
353.0, 67.5271739130435
354.0, 60.69078947368422
355.0, 63.842662632375244
356.0, 66.6666666666667
357.0, 58.22168087697931
358.0, 54.1950113378685
359.0, 57.51479289940831
360.0, 59.7785977859779
361.0, 52.17877094972068
362.0, 71.48997134670488
363.0, 71.85289957567186
364.0, 72.20670391061454
365.0, 72.10599721059971
366.0, 69.04024767801857
367.0, 66.76783004552351
368.0, 69.56219596942321
369.0, 64.97175141242934
370.0, 61.84886280264124
371.0, 64.05775075987842
372.0, 73.41977309562394
373.0, 71.61084529505581
374.0, 72.49999999999999
375.0, 79.81497056349875
376.0, 66.71289875173369
377.0, 63.58118361153263
378.0, 61.844197138314804
379.0, 67.04180064308682
380.0, 71.16736990154713
381.0, 74.3024963289281
382.0, 64.15410385259634
383.0, 71.2707182320443
384.0, 67.7758318739055
385.0, 68.61702127659584
386.0, 51.10410094637224
387.0, 52.17391304347824
388.0, 55.4054054054054
389.0, 56.129985228951256
390.0, 61.82519280205658
391.0, 61.87419768934533
392.0, 54.651162790697676
393.0, 46.96789536266351
394.0, 36.24678663239074
395.0, 42.65569917743831
396.0, 47.48538011695907
397.0, 43.22580645161291
398.0, 45.168539325842666
399.0, 50.78651685393255
400.0, 63.990554899645815
401.0, 60.1553829078801
402.0, 57.87631271878646
403.0, 55.759803921568604
404.0, 41.93083573487035
405.0, 39.49930458970795
406.0, 52.01511335012596
407.0, 63.934426229508205
408.0, 61.084337349397615
409.0, 49.766355140186924
410.0, 41.67573449401523
411.0, 45.72446555819478
412.0, 46.770334928229666
413.0, 43.10998735777498
414.0, 39.99999999999998
415.0, 40.05340453938585
416.0, 40.95112285336851
417.0, 42.09844559585492
418.0, 48.47328244274808
419.0, 53.2581453634085
420.0, 44.82248520710056
421.0, 29.687499999999986
422.0, 35.443037974683506
423.0, 41.17647058823527
424.0, 54.66101694915254
425.0, 43.61158432708685
426.0, 40.91653027823239
427.0, 39.49447077409161
428.0, 29.777777777777715
429.0, 35.759493670886016
430.0, 32.142857142857125
431.0, 24.76060191518465
432.0, 17.5808720112517
433.0, 12.05357142857136
434.0, 29.221556886227532
435.0, 38.12664907651716
436.0, 44.95305164319249
437.0, 34.72348141432457
438.0, 33.579335793357956
439.0, 36.582914572864325
440.0, 36.916835699797176
441.0, 40.02016129032256
442.0, 44.79737130339542
443.0, 40.93816631130066
444.0, 39.62848297213623
445.0, 46.16228070175437
446.0, 53.14109165808444
447.0, 57.547169811320764
448.0, 51.14006514657981
449.0, 45.079365079365076
450.0, 48.409542743538765
451.0, 66.75567423230973
452.0, 67.57812499999997
453.0, 70.17543859649123
454.0, 70.27027027027026
455.0, 66.07869742198102
456.0, 65.24725274725273
457.0, 63.502673796791406
458.0, 74.36582109479303
459.0, 68.96551724137929
460.0, 66.76136363636363
461.0, 65.23031203566123
462.0, 64.3835616438356
463.0, 73.08319738988575
464.0, 63.81578947368416
465.0, 62.47191011235954
466.0, 60.98130841121498
467.0, 45.45454545454543
468.0, 47.67025089605737
469.0, 44.93243243243242
470.0, 42.49201277955269
471.0, 38.27338129496407
472.0, 26.70537010159653
473.0, 33.189033189033225
474.0, 38.59416445623344
475.0, 31.40495867768594
476.0, 28.026315789473685
477.0, 25.981055480378885
478.0, 31.19496855345919
479.0, 29.594272076372363
480.0, 25.810055865921825
481.0, 29.653401797175917
482.0, 28.160200250312926
483.0, 29.801324503311278
484.0, 36.38709677419357
485.0, 53.112582781456936
486.0, 64.49553001277138
487.0, 63.70757180156656
488.0, 51.06951871657752
489.0, 59.38650306748465
490.0, 62.938881664499334
491.0, 63.13065976714098
492.0, 58.03324099722988
493.0, 62.6628075253256
494.0, 74.55048409405255
495.0, 79.05405405405403
496.0, 83.93524283935238
497.0, 87.78026905829594
498.0, 82.50000000000001
499.0, 79.55439056356485
500.0, 70.84507042253522
501.0, 65.02057613168722
502.0, 70.74626865671641
503.0, 65.03496503496503
504.0, 49.666221628838464
505.0, 46.310432569974566
506.0, 47.02842377260982
507.0, 39.63759909399775
508.0, 30.42394014962592
509.0, 32.93269230769228
510.0, 24.18300653594767
511.0, 11.987860394537165
512.0, 11.84407796101948
513.0, 9.741060419235495
514.0, 16.441717791411065
515.0, 17.792207792207776
516.0, 21.35416666666667
517.0, 25.09363295880148
518.0, 34.4773790951638
519.0, 35.81847649918963
520.0, 41.96428571428572
521.0, 51.54264972776772
522.0, 53.1835205992509
523.0, 44.82758620689659
524.0, 49.019607843137216
525.0, 44.135188866799176
526.0, 46.63865546218487
527.0, 72.58883248730967
528.0, 56.61764705882353
529.0, 63.80368098159512
530.0, 66.79174484052535
531.0, 73.7777777777778
532.0, 72.97709923664124
533.0, 75.81395348837214
534.0, 75.00000000000003
535.0, 76.64670658682637
536.0, 79.27170868347348
537.0, 73.98692810457518
538.0, 66.70716889428921
539.0, 63.46820809248561
540.0, 63.394919168591244
541.0, 60.173697270471486
542.0, 65.10067114093962
543.0, 60.84337349397591
544.0, 53.451043338683796
545.0, 41.64989939637826
546.0, 36.70212765957444
547.0, 37.037037037037024
548.0, 33.14606741573033
549.0, 34.9726775956284
550.0, 25.794392523364465
551.0, 33.852140077821005
552.0, 44.44444444444449
553.0, 48.29157175398627
554.0, 56.80345572354214
555.0, 45.266781411359695
556.0, 42.14743589743587
557.0, 39.45371775417306
558.0, 37.62662807525329
559.0, 33.28173374613003
560.0, 40.716612377850176
561.0, 37.34177215189875
562.0, 37.833594976452176
563.0, 38.794435857805325
564.0, 43.84858044164039
565.0, 39.93399339933997
566.0, 37.777777777777814
567.0, 49.43457189014539
568.0, 47.571189279732
569.0, 58.43621399176954
570.0, 70.21696252465482
571.0, 75.5838641188958
572.0, 79.64205816554795
573.0, 69.18489065606353
574.0, 62.85140562248992
575.0, 64.53608247422679
576.0, 68.26568265682651
577.0, 57.49999999999993
578.0, 56.66666666666664
579.0, 55.15267175572517
580.0, 52.30769230769224
581.0, 36.452241715399666
582.0, 32.37704918032787
583.0, 29.81132075471706
584.0, 20.682302771854992
585.0, 28.84615384615377
586.0, 25.597269624573315
587.0, 28.517110266159662
588.0, 29.702970297029665
589.0, 38.574040219378396
590.0, 38.79781420765028
591.0, 49.20353982300888
592.0, 51.02389078498292
593.0, 57.53205128205129
594.0, 60.314960629921316
595.0, 58.923076923076984
596.0, 52.25102319236021
597.0, 56.240822320117445
598.0, 54.38596491228067
599.0, 59.48051948051949
600.0, 63.69958275382475
601.0, 61.229946524064175
602.0, 56.33456334563346
603.0, 49.25558312655084
604.0, 50.12195121951216
605.0, 43.19600499375779
606.0, 37.4695863746959
607.0, 37.92270531400966
608.0, 33.60370799536501
609.0, 38.93129770992364
610.0, 51.11940298507462
611.0, 44.57700650759219
612.0, 44.4805194805195
613.0, 37.742718446601955
614.0, 56.14871306005723
615.0, 63.90532544378699
616.0, 68.22682268226822
617.0, 66.0854402789887
618.0, 64.0812557710065
619.0, 63.14831665150137
620.0, 63.728191000918294
621.0, 59.41343424787134
622.0, 55.8222222222222
623.0, 53.03292894280763
624.0, 50.45703839122483
625.0, 57.91044776119404
626.0, 60.52376333656645
627.0, 60.25390625000001
628.0, 47.00520833333333
629.0, 38.145896656534994
630.0, 37.164179104477626
631.0, 45.82651391162025
632.0, 45.01661129568105
633.0, 57.1656050955414
634.0, 63.8157894736842
635.0, 73.98601398601399
636.0, 90.06734006734013
637.0, 95.1957295373665
638.0, 87.97127468581687
639.0, 75.9075907590759
640.0, 82.01970443349752
641.0, 85.10204081632652
642.0, 83.45323741007195
643.0, 82.53796095444686
644.0, 81.21664887940236
645.0, 78.66379310344826
646.0, 71.51394422310757
647.0, 67.74193548387098
648.0, 70.26759167492565
649.0, 59.41422594142258
650.0, 62.293488824101075
651.0, 63.45029239766082
652.0, 65.2304609218437
653.0, 75.34498620055197
654.0, 69.01734104046243
655.0, 62.0933521923621
656.0, 63.85714285714285
657.0, 58.80000000000001
658.0, 65.38936959208903
659.0, 69.06474820143892
660.0, 77.71952817824382
661.0, 80.85889570552152
662.0, 67.60736196319023
663.0, 71.28072445019404
664.0, 71.93426042983563
665.0, 72.18045112781955
666.0, 76.51006711409394
667.0, 72.18543046357615
668.0, 64.79400749063672
669.0, 58.527607361963184
670.0, 61.45952109464084
671.0, 62.529002320185626
672.0, 61.13116726835134
673.0, 47.137014314928415
674.0, 46.42487046632118
675.0, 40.63829787234038
676.0, 53.656024716786796
677.0, 57.51840168243958
678.0, 31.055900621118028
679.0, 27.809890815671167
680.0, 30.488559059987637
681.0, 27.784431137724525
682.0, 33.1761932822628
683.0, 33.79351740696278
684.0, 29.48564593301434
685.0, 30.13447432762834
686.0, 28.873677660236467
687.0, 30.667547918043624
688.0, 35.68362967504601
689.0, 33.371559633027545
690.0, 27.64632627646327
691.0, 26.027397260273958
692.0, 44.42361761949391
693.0, 56.746765249537894
694.0, 47.19576719576719
695.0, 57.44897959183673
696.0, 59.27734374999999
697.0, 60.518444666002
698.0, 65.40948275862068
699.0, 56.67600373482726
700.0, 52.39819004524888
701.0, 62.40070609002649
702.0, 57.74925962487661
703.0, 57.35294117647059
704.0, 48.06584362139918
705.0, 46.682653876898485
706.0, 45.461978740801314
707.0, 33.548387096774206
708.0, 34.89326765188834
709.0, 35.423452768729646
710.0, 27.909090909090907
711.0, 26.261762189905895
712.0, 28.606965174129357
713.0, 33.85899814471246
714.0, 40.275229357798146
715.0, 28.043282236248857
716.0, 27.473498233215537
717.0, 34.32835820895524
718.0, 38.547486033519576
719.0, 42.248520710059154
720.0, 37.17514124293784
721.0, 55.41899441340782
722.0, 63.36088154269974
723.0, 59.202453987730046
724.0, 60.377358490566024
725.0, 64.06743940990518
726.0, 60.0
727.0, 53.606237816764114
728.0, 48.4725050916497
729.0, 49.122807017543884
730.0, 47.55244755244758
731.0, 41.15456238361266
732.0, 41.61958568738228
733.0, 37.521815008725994
734.0, 37.852112676056336
735.0, 34.5690454124189
736.0, 22.587719298245588
737.0, 20.19128586609989
738.0, 18.546637744034726
739.0, 25.731584258324958
740.0, 26.61795407098124
741.0, 25.00000000000003
742.0, 28.432327166504393
743.0, 31.296891747052527
744.0, 33.33333333333333
745.0, 37.97139141742523
746.0, 51.73652694610778
747.0, 59.49868073878627
748.0, 42.18896164639849
749.0, 38.69047619047618
750.0, 35.793731041456
751.0, 35.97560975609757
752.0, 37.06293706293709
753.0, 32.54817987152029
754.0, 32.51336898395718
755.0, 40.42821158690173
756.0, 33.21637426900584
757.0, 36.71036948748506
758.0, 33.73493975903611
759.0, 29.931972789115605
760.0, 22.2222222222222
761.0, 18.015414258188812
762.0, 26.9452449567723
763.0, 17.87564766839374
764.0, 17.358490566037702
765.0, 14.556962025316423
766.0, 27.092709270927045
767.0, 24.35677530017152
768.0, 22.274509803921546
769.0, 19.112383679312785
770.0, 28.876636802205354
771.0, 26.211015262110166
772.0, 36.668700427089675
773.0, 36.87116564417177
774.0, 43.0862831858407
775.0, 48.8914155770324
776.0, 50.7605633802817
777.0, 55.772646536412076
778.0, 56.3734290843806
779.0, 65.59691912708601
780.0, 57.21288515406163
781.0, 60.16200294550809
782.0, 66.61429693637078
783.0, 74.89025460930641
784.0, 71.79487179487181
785.0, 78.9366053169734
786.0, 75.15078407720144
787.0, 86.69354838709675
788.0, 73.71134020618555
789.0, 71.978021978022
790.0, 74.15540540540539
791.0, 66.77852348993287
792.0, 73.69207772795214
793.0, 60.55718475073311
794.0, 65.14195583596208
795.0, 63.93188854489167
796.0, 64.96240601503762
797.0, 62.88659793814432
798.0, 63.37209302325578
799.0, 63.688760806916406
800.0, 68.57855361596008
801.0, 67.85714285714286
802.0, 70.74468085106376
803.0, 72.80593325092701
804.0, 60.848484848484816
805.0, 59.47867298578198
806.0, 55.69948186528498
807.0, 63.6496350364963
808.0, 62.73381294964029
809.0, 54.705144291091585
810.0, 53.0559167750325
811.0, 57.409713574097154
812.0, 59.33412604042806
813.0, 57.62081784386619
814.0, 43.98826979472147
815.0, 46.6480446927374
816.0, 48.79089615931725
817.0, 36.077844311377234
818.0, 49.29577464788735
819.0, 52.500000000000036
820.0, 49.32432432432428
821.0, 50.0831946755408
822.0, 55.19591141396933
823.0, 68.35443037974674
824.0, 63.57894736842102
825.0, 58.17757009345788
826.0, 35.64154786150719
827.0, 29.499072356215237
828.0, 31.299212598425186
829.0, 25.208333333333442
830.0, 22.580645161290377
831.0, 41.512915129151274
832.0, 30.879345603271943
833.0, 31.198347107437996
834.0, 28.598484848484844
835.0, 43.731343283582056
836.0, 47.49303621169916
837.0, 48.19944598337951
838.0, 52.88590604026845
839.0, 56.928838951310865
840.0, 72.30359520639149
841.0, 79.31034482758622
842.0, 72.6315789473685
843.0, 73.60000000000002
844.0, 76.90253671562083
845.0, 66.33237822349574
846.0, 67.29651162790702
847.0, 70.83926031294455
848.0, 77.08978328173377
849.0, 82.77066356228175
850.0, 57.918552036199095
851.0, 58.519179304192676
852.0, 56.221198156682036
853.0, 52.74302213666987
854.0, 46.28514056224898
855.0, 46.39278557114229
856.0, 49.307774227902016
857.0, 50.62240663900413
858.0, 48.13278008298755
859.0, 50.325379609544484
860.0, 63.539967373572594
861.0, 63.30049261083742
862.0, 64.65448768864178
863.0, 46.49214659685862
864.0, 67.99387442572748
865.0, 68.2852807283764
866.0, 66.76557863501485
867.0, 79.01109989909187
868.0, 82.24789915966393
869.0, 75.02429543245873
870.0, 78.28418230563005
871.0, 78.10810810810815
872.0, 78.03780378037808
873.0, 79.17808219178086
874.0, 71.4643304130163
875.0, 72.66187050359716
876.0, 60.1495726495727
877.0, 63.97727272727275
878.0, 64.49026345933565
879.0, 62.45614035087723
880.0, 65.1354534746761
881.0, 35.772357723577215
882.0, 37.49999999999997
883.0, 46.16755793226382
884.0, 36.554621848739465
885.0, 30.038022813688144
886.0, 38.42010771992816
887.0, 35.84589614740362
888.0, 28.888888888888857
889.0, 23.076923076923066
890.0, 45.081967213114744
891.0, 39.970930232558125
892.0, 38.300835654596106
893.0, 48.26347305389218
894.0, 50.90909090909089
895.0, 49.50276243093924
896.0, 50.16357688113414
897.0, 38.057742782152225
898.0, 41.77631578947368
899.0, 49.528301886792455
900.0, 44.086021505376316
901.0, 44.25597532767927
902.0, 44.66926070038911
903.0, 48.51556842867488
904.0, 43.79446640316204
905.0, 42.097264437689965
906.0, 51.04800540906015
907.0, 41.523178807947026
908.0, 35.16552154903185
909.0, 37.210839391936524
910.0, 27.70897832817336
911.0, 34.059633027522935
912.0, 34.62194428652646
913.0, 25.60462670872765
914.0, 25.351379489849023
915.0, 37.63969602145731
916.0, 42.26531511679153
917.0, 35.3380340107839
918.0, 36.80583704904743
919.0, 40.18534119629319
920.0, 36.43688451208596
921.0, 40.93676814988289
922.0, 39.26325247079964
923.0, 41.53709462461129
924.0, 49.39249867934497
925.0, 42.58001939864209
926.0, 50.6255212677231
927.0, 56.9353327085286
928.0, 65.04937741519967
929.0, 63.88642413487135
930.0, 52.16876971608833
931.0, 58.34053586862576
932.0, 50.93588211867781
933.0, 49.737797498991526
934.0, 52.26053639846744
935.0, 54.07298193881312
936.0, 57.17069368667187
937.0, 54.41176470588234
938.0, 57.76566757493187
939.0, 59.76641159887233
940.0, 52.24665391969408
941.0, 52.899575671852894
942.0, 35.18835616438356
943.0, 21.740874448455685
944.0, 32.60963960052108
945.0, 41.676061630965805
946.0, 45.43219991806636
947.0, 46.89766317485899
948.0, 46.16013071895425
949.0, 36.54572940287227
950.0, 39.64858670741023
951.0, 39.907727797001165
952.0, 36.41881638846739
953.0, 42.81459419210723
954.0, 43.258219431104536
955.0, 43.83912248628885
956.0, 52.51861585632939
957.0, 64.186295503212
958.0, 59.423769507803115
959.0, 48.6712224753227
960.0, 58.79265091863517
961.0, 54.57495133030499
962.0, 50.14245014245013
963.0, 65.79439252336451
964.0, 59.103641456582615
965.0, 57.913998170173855
966.0, 61.63583252190848
967.0, 56.98689956331879
968.0, 52.331002331002374
969.0, 51.6548463356974
970.0, 58.363417569193764
971.0, 56.65887850467291
972.0, 48.067393458870164
973.0, 43.42359767891683
974.0, 27.955665024630534
975.0, 33.203125
976.0, 30.42912873862157
977.0, 28.571428571428527
978.0, 35.1453855878635
979.0, 39.15492957746479
980.0, 41.12426035502957
981.0, 45.85034013605443
982.0, 39.14053426248547
983.0, 41.057367829021366
984.0, 39.06976744186047
985.0, 38.18181818181821
986.0, 52.357320099255595
987.0, 62.52900232018558
988.0, 54.76190476190477
989.0, 49.63655244029076
990.0, 48.57723577235772
991.0, 56.97091273821464
992.0, 57.7755905511811
993.0, 54.911131898970986
994.0, 56.290773532152855
995.0, 44.12878787878787
996.0, 45.956607495069036
997.0, 49.678604224058766
998.0, 66.40098099325569
999.0, 68.58771374287522
1000.0, 65.4629021667761
1001.0, 56.41025641025641
1002.0, 61.78967994774655
1003.0, 61.91099476439789
1004.0, 62.940785096473704
1005.0, 58.99379738111646
1006.0, 60.9323703217334
1007.0, 59.259259259259245
1008.0, 55.85530349478845
1009.0, 49.972572682391665
1010.0, 50.89385474860335
1011.0, 46.2098241358399
1012.0, 27.354627354627368
1013.0, 24.450951683748173
1014.0, 24.64944649446494
1015.0, 24.75908080059307
1016.0, 20.552147239263803
1017.0, 20.44241037376048
1018.0, 29.114799446749657
1019.0, 35.06578947368422
1020.0, 28.489620615604863
1021.0, 31.192660550458726
1022.0, 33.925686591276246
1023.0, 40.57971014492752
1024.0, 34.09090909090909
1025.0, 38.29623944742901
1026.0, 31.069609507640052
1027.0, 42.45366284201239
1028.0, 44.860627177700344
1029.0, 47.11802378774015
1030.0, 48.85215794306704
1031.0, 53.04347826086958
1032.0, 47.40259740259738
1033.0, 47.00109051254091
1034.0, 43.66767983789261
1035.0, 44.510978043912175
1036.0, 46.019417475728154
1037.0, 51.243243243243256
1038.0, 71.77177177177175
1039.0, 60.82317073170726
1040.0, 60.63829787234047
1041.0, 56.249999999999964
1042.0, 47.993579454253606
1043.0, 46.428571428571416
1044.0, 48.35329341317365
1045.0, 50.50215208034434
1046.0, 44.41260744985678
1047.0, 28.631284916201096
1048.0, 44.213263979193755
1049.0, 48.06295399515738
1050.0, 51.36054421768709
1051.0, 60.112888052681086
1052.0, 54.883318928262725
1053.0, 55.89788732394368
1054.0, 60.17842660178425
1055.0, 54.01402961808262
1056.0, 55.2191235059761
1057.0, 63.636363636363626
1058.0, 64.58498023715414
1059.0, 58.99005355776585
1060.0, 61.119873817034666
1061.0, 62.19903691813804
1062.0, 57.75784753363228
1063.0, 49.95555555555557
1064.0, 48.062730627306266
1065.0, 44.6411012782694
1066.0, 45.26420737786641
1067.0, 41.23524069028155
1068.0, 40.092592592592574
1069.0, 47.60994263862332
1070.0, 49.754178957718764
1071.0, 41.70854271356783
1072.0, 38.689217758985166
1073.0, 50.84915084915086
1074.0, 55.191256830601105
1075.0, 59.70443349753696
1076.0, 58.10810810810813
1077.0, 61.49131767109298
1078.0, 58.88051668460711
1079.0, 48.858447488584495
1080.0, 53.43320848938825
1081.0, 67.33812949640287
1082.0, 66.86131386861317
1083.0, 52.46995994659549
1084.0, 54.358974358974365
1085.0, 67.16247139588101
1086.0, 70.0417536534447
1087.0, 58.86287625418062
1088.0, 50.71258907363423
1089.0, 49.36416184971098
1090.0, 54.465270121278955
1091.0, 61.34969325153372
1092.0, 63.78640776699029
1093.0, 67.80185758513926
1094.0, 68.08290155440413
1095.0, 71.07981220657275
1096.0, 57.957446808510625
1097.0, 71.4620797498045
1098.0, 71.52886115444616
1099.0, 61.75266175266173
1100.0, 54.06538139145011
1101.0, 54.75382003395584
1102.0, 59.51787198669991
1103.0, 60.37099494097807
1104.0, 55.14018691588786
1105.0, 50.60577819198506
1106.0, 43.470483005366724
1107.0, 42.781690140845065
1108.0, 46.02510460251045
1109.0, 36.34751773049646
1110.0, 50.280373831775705
1111.0, 41.34509371554576
1112.0, 37.20670391061452
1113.0, 40.80882352941177
1114.0, 50.8557457212714
1115.0, 54.025974025974
1116.0, 48.18435754189946
1117.0, 56.186868686868706
1118.0, 62.36979166666666
1119.0, 63.346104725415096
1120.0, 66.13333333333335
1121.0, 73.32563510392612
1122.0, 74.13213885778279
1123.0, 76.26728110599082
1124.0, 70.63492063492063
1125.0, 64.44444444444449
1126.0, 63.04347826086958
1127.0, 66.80000000000004
1128.0, 57.10382513661203
1129.0, 63.49009900990103
1130.0, 62.48477466504264
1131.0, 60.71428571428574
1132.0, 56.16264294790343
1133.0, 54.98059508408795
1134.0, 60.70422535211266
1135.0, 54.7811993517018
1136.0, 40.89403973509933
1137.0, 44.34470377019746
1138.0, 44.26523297491039
1139.0, 51.23239436619711
1140.0, 61.564059900166384
1141.0, 62.19312602291326
1142.0, 72.65238879736405
1143.0, 69.31608133086876
1144.0, 74.62686567164172
1145.0, 68.91615541922279
1146.0, 72.94372294372297
1147.0, 74.09766454352444
1148.0, 81.34556574923549
1149.0, 76.6561514195584
1150.0, 82.79386712095403
1151.0, 84.22712933753942
1152.0, 86.92913385826773
1153.0, 86.39344262295086
1154.0, 79.29203539823006
1155.0, 76.09108159392791
1156.0, 75.53398058252426
1157.0, 69.76744186046514
1158.0, 70.9497206703911
1159.0, 65.35162950257299
1160.0, 63.184079601990035
1161.0, 65.527950310559
1162.0, 54.320987654321
1163.0, 58.56236786469341
1164.0, 59.188034188034194
1165.0, 48.414376321353075
1166.0, 51.1022044088177
1167.0, 50.102249488752534
1168.0, 55.69620253164557
1169.0, 57.05128205128203
1170.0, 47.912087912087934
1171.0, 45.322245322245294
1172.0, 36.05870020964361
1173.0, 38.565022421524624
1174.0, 44.16475972540048
1175.0, 29.850746268656707
1176.0, 20.881226053639807
1177.0, 18.82352941176471
1178.0, 19.354838709677438
1179.0, 26.012793176972266
1180.0, 16.01642710472271
1181.0, 25.77132486388379
1182.0, 31.375838926174495
1183.0, 56.765327695560266
1184.0, 60.612460401267164
1185.0, 62.121212121212146
1186.0, 65.81576026637069
1187.0, 70.15086206896554
1188.0, 68.03455723542115
1189.0, 71.91780821917813
1190.0, 79.62264150943396
1191.0, 80.74162679425842
1192.0, 82.2619047619048
1193.0, 78.97862232779102
1194.0, 82.50620347394545
1195.0, 82.39700374531839
1196.0, 83.19427890345652
1197.0, 71.74348697394794
1198.0, 67.57894736842107
1199.0, 63.438735177865595
1200.0, 60.8870967741936
1201.0, 63.32703213610585
1202.0, 68.5816876122083
1203.0, 72.6235741444867
1204.0, 66.72535211267612
1205.0, 59.85790408525755
1206.0, 45.14767932489448
1207.0, 49.441340782122914
1208.0, 56.70103092783505
1209.0, 54.03556771545826
1210.0, 52.87517531556805
1211.0, 58.873929008567906
1212.0, 54.59704880817255
1213.0, 52.915291529152924
1214.0, 51.943844492440604
1215.0, 44.879171461449936
1216.0, 43.11163895486938
1217.0, 46.20611551528878
1218.0, 47.49708963911525
1219.0, 48.5714285714286
1220.0, 60.93294460641402
1221.0, 56.4516129032258
1222.0, 45.64885496183204
1223.0, 52.53333333333336
1224.0, 43.235704323570374
1225.0, 30.393700787401556
1226.0, 40.06568144499175
1227.0, 58.63636363636367
1228.0, 65.3576437587658
1229.0, 63.66120218579239
1230.0, 66.87422166874227
1231.0, 64.73684210526321
1232.0, 62.436548223350215
1233.0, 68.19221967963387
1234.0, 65.9167604049494
1235.0, 66.13995485327311
1236.0, 60.226104830421335
1237.0, 53.917050691244235
1238.0, 57.28274173806612
1239.0, 60.20278833967045
1240.0, 53.33333333333333
1241.0, 40.962099125364446
1242.0, 39.91097922848668
1243.0, 51.64835164835165
1244.0, 41.7276720351391
1245.0, 35.22867737948087
1246.0, 42.56348246674732
1247.0, 32.63157894736844
1248.0, 42.63839811542993
1249.0, 42.044134727061575
1250.0, 45.36340852130329
1251.0, 40.85778781038374
1252.0, 44.136460554371006
1253.0, 48.4251968503937
1254.0, 55.2253116011505
1255.0, 58.801141769743104
1256.0, 55.93908629441625
1257.0, 47.94816414686824
1258.0, 53.368983957219264
1259.0, 60.48484848484849
1260.0, 57.66233766233765
1261.0, 67.23356009070291
1262.0, 64.40886699507385
1263.0, 63.317191283292985
1264.0, 72.25725094577552
1265.0, 84.23841059602653
1266.0, 67.74941995359629
1267.0, 63.647959183673464
1268.0, 48.31199068684517
1269.0, 55.64435564435565
1270.0, 53.712632594021194
1271.0, 57.227722772277225
1272.0, 55.18672199170123
1273.0, 59.33202357563849
1274.0, 59.999999999999986
1275.0, 51.47219193020718
1276.0, 53.40314136125653
1277.0, 54.25531914893614
1278.0, 48.3701366982124
1279.0, 43.43544857768052
1280.0, 50.38071065989845
1281.0, 53.6231884057971
1282.0, 67.94871794871793
1283.0, 56.3461538461538
1284.0, 62.52465483234713
1285.0, 63.461538461538424
1286.0, 62.69531249999996
1287.0, 62.10317460317457
1288.0, 58.79917184265011
1289.0, 72.2314049586777
1290.0, 63.16725978647689
1291.0, 70.74010327022376
1292.0, 66.07717041800632
1293.0, 64.01869158878499
1294.0, 64.82649842271293
1295.0, 64.93710691823892
1296.0, 66.56671664167911
1297.0, 65.19823788546256
1298.0, 56.833558863328875
1299.0, 55.939226519337076
1300.0, 56.137931034482776
1301.0, 48.44632768361582
1302.0, 43.69426751592354
1303.0, 34.421364985163166
1304.0, 29.4416243654822
1305.0, 32.02933985330067
1306.0, 35.64625850340137
1307.0, 42.29729729729727
1308.0, 38.26405867970656
1309.0, 28.947368421052616
1310.0, 42.85714285714289
1311.0, 42.150910667823055
1312.0, 45.5813953488372
1313.0, 43.936567164179095
1314.0, 41.912421805183214
1315.0, 47.105263157894726
1316.0, 49.630314232902045
1317.0, 48.77819548872181
1318.0, 45.20905923344948
1319.0, 40.58106841611998
1320.0, 38.21712268314212
1321.0, 37.94326241134756
1322.0, 40.453686200378115
1323.0, 58.588435374149654
1324.0, 46.83406113537116
1325.0, 46.42857142857145
1326.0, 54.91803278688524
1327.0, 58.05604203152364
1328.0, 49.66292134831462
1329.0, 45.804464973056206
1330.0, 46.9435736677116
1331.0, 44.67754467754466
1332.0, 60.5153782211139
1333.0, 63.39563862928349
1334.0, 69.10112359550563
1335.0, 68.97663174858985
1336.0, 71.35882831570383
1337.0, 66.31578947368422
1338.0, 65.625
1339.0, 58.33333333333336
1340.0, 44.70588235294117
1341.0, 40.11090573012941
1342.0, 48.81889763779527
1343.0, 53.7199124726477
1344.0, 55.52050473186119
1345.0, 51.968503937007874
1346.0, 42.0403587443946
1347.0, 32.915717539863294
1348.0, 27.099664053751383
1349.0, 21.776814734561214
1350.0, 23.10969116080929
1351.0, 14.87778958554722
1352.0, 15.861344537815128
1353.0, 22.982885085574537
1354.0, 36.75538656527251
1355.0, 37.61348897535666
1356.0, 39.6174863387978
1357.0, 29.19799498746866
1358.0, 24.710424710424718
1359.0, 30.911680911680918
1360.0, 25.864123957091792
1361.0, 26.956521739130437
1362.0, 25.203252032520325
1363.0, 51.96982397317685
1364.0, 48.99159663865548
1365.0, 47.16828478964403
1366.0, 43.85150812064964
1367.0, 38.46153846153847
1368.0, 36.384096024006
1369.0, 49.296636085626915
1370.0, 51.13365155131265
1371.0, 59.32203389830508
1372.0, 61.01499423298731
1373.0, 60.40935672514621
1374.0, 66.98966408268734
1375.0, 66.05095541401275
1376.0, 72.80471821756225
1377.0, 63.97569444444444
1378.0, 66.57894736842104
1379.0, 75.87181903864278
1380.0, 80.41958041958037
1381.0, 82.56410256410254
1382.0, 81.77920685959269
1383.0, 73.64341085271317
1384.0, 71.6193656093489
1385.0, 65.79476861167005
1386.0, 54.61538461538457
1387.0, 64.01225114854509
1388.0, 61.883408071748796
1389.0, 61.69895678092401
1390.0, 50.67064083457528
1391.0, 49.31087289433387
1392.0, 50.0
1393.0, 48.20031298904535
1394.0, 50.078492935635836
1395.0, 60.84656084656085
1396.0, 60.77738515901061
1397.0, 53.71329879101893
1398.0, 42.977528089887656
1399.0, 52.90023201856148
1400.0, 53.584018801410096
1401.0, 46.54939106901225
1402.0, 54.54545454545454
1403.0, 61.73594132029336
1404.0, 64.0050697084917
1405.0, 64.41102756892226
1406.0, 68.47946725860147
1407.0, 65.78073089700987
1408.0, 69.16167664670652
1409.0, 69.79472140762455
1410.0, 69.61651917404122
1411.0, 71.73252279635257
1412.0, 77.63157894736827
1413.0, 74.59526774595251
1414.0, 80.89743589743584
1415.0, 84.57556935817797
1416.0, 83.68017524644026
1417.0, 80.6598407281001
1418.0, 75.10593220338977
1419.0, 74.48648648648638
1420.0, 72.96678121420385
1421.0, 76.91466083150976
1422.0, 74.17380660954706
1423.0, 62.8089887640449
1424.0, 66.39593908629438
1425.0, 65.20438683948147
1426.0, 67.63185108583247
1427.0, 64.51247165532877
1428.0, 59.799554565701584
1429.0, 44.64043419267297
1430.0, 43.2545201668985
1431.0, 48.809523809523775
1432.0, 62.466124661246596
1433.0, 65.92592592592595
1434.0, 52.43619489559165
1435.0, 50.18226002430135
1436.0, 46.18937644341795
1437.0, 55.181347150259036
1438.0, 48.8165680473372
1439.0, 51.16279069767435
1440.0, 62.69430051813465
1441.0, 56.73076923076924
1442.0, 54.25287356321834
1443.0, 52.3862375138735
1444.0, 51.08323831242872
1445.0, 53.114754098360606
1446.0, 52.38623751387343
1447.0, 49.290780141843946
1448.0, 51.8012422360248
1449.0, 53.64396654719234
1450.0, 53.96634615384622
1451.0, 51.5225334957369
1452.0, 53.5046728971963
1453.0, 59.9797365754813
1454.0, 52.976190476190474
1455.0, 57.79220779220781
1456.0, 59.09694555112885
1457.0, 56.04534005037779
1458.0, 51.9760479041916
1459.0, 45.18716577540109
1460.0, 37.2492836676218
1461.0, 32.70270270270271
1462.0, 42.471590909091
1463.0, 34.285714285714306
1464.0, 31.91489361702125
1465.0, 35.202086049543766
1466.0, 28.07881773399022
1467.0, 16.332378223495837
1468.0, 23.35958005249354
1469.0, 21.628189550425375
1470.0, 24.70588235294126
1471.0, 28.987730061349808
1472.0, 29.393468118196097
1473.0, 37.23554301833581
1474.0, 37.13080168776378
1475.0, 39.46188340807181
1476.0, 43.19775596072923
1477.0, 41.397849462365585
1478.0, 45.29411764705881
1479.0, 44.06015037593979
1480.0, 52.10084033613446
1481.0, 55.188679245283005
1482.0, 47.138047138047106
1483.0, 56.79862306368323
1484.0, 62.53731343283576
1485.0, 63.378176382660705
1486.0, 66.3536776212831
1487.0, 58.85328836424952
1488.0, 60.48526863084927
1489.0, 62.09964412811383
1490.0, 71.09905020352781
1491.0, 80.72837632776928
1492.0, 88.99999999999991
1493.0, 78.49099099099092
1494.0, 74.39824945295393
1495.0, 75.18557794273585
1496.0, 76.40086206896547
1497.0, 75.74750830564778
1498.0, 77.49229188078104
1499.0, 72.8599221789882
1500.0, 75.7077625570776
1501.0, 72.52843394575665
1502.0, 73.84481255448985
1503.0, 78.44702467343967
1504.0, 73.17073170731695
1505.0, 74.26343154246088
1506.0, 72.32059645852736
1507.0, 76.60414610069093
1508.0, 70.16274864376129
1509.0, 63.167587476979705
1510.0, 63.45975948196109
1511.0, 66.00688468158343
1512.0, 63.11858076563956
1513.0, 67.38072054527751
1514.0, 68.36638338054766
1515.0, 74.12236710130392
1516.0, 79.76470588235296
1517.0, 66.9803250641574
1518.0, 68.56677524429968
1519.0, 62.80925778132478
1520.0, 53.04548959136471
1521.0, 57.85554728220401
1522.0, 63.2221318144833
1523.0, 61.56893819334389
1524.0, 56.75675675675678
1525.0, 57.16353111432707
1526.0, 51.447178002894326
1527.0, 50.69292487235593
1528.0, 53.347135955831604
1529.0, 56.638871071199496
1530.0, 46.36650868878357
1531.0, 52.98634812286689
1532.0, 49.51111111111111
1533.0, 53.301435406698616
1534.0, 65.97633136094672
1535.0, 67.54468485418627
1536.0, 71.7410323709536
1537.0, 79.32330827067666
1538.0, 84.56913827655305
1539.0, 83.70370370370367
1540.0, 91.36939010356731
1541.0, 88.91377379619266
1542.0, 85.4314002828854
1543.0, 79.70049916805323
1544.0, 80.9294871794872
1545.0, 80.65040650406505
1546.0, 83.19604612850087
1547.0, 72.24606580829757
1548.0, 70.24539877300614
1549.0, 66.31944444444443
1550.0, 61.73570019723865
1551.0, 61.81102362204728
1552.0, 66.38477801268495
1553.0, 61.219512195121816
1554.0, 63.863636363636445
1555.0, 66.9047619047618
1556.0, 74.236641221374
1557.0, 46.75480769230775
1558.0, 42.40654205607479
1559.0, 36.58008658008659
1560.0, 35.5291576673866
1561.0, 36.96629213483145
1562.0, 43.27603640040448
1563.0, 41.440501043841365
1564.0, 44.565217391304394
1565.0, 39.0825688073395
1566.0, 38.90410958904116
1567.0, 42.17804667242877
1568.0, 43.54430379746836
1569.0, 44.06779661016947
1570.0, 34.94486853265481
1571.0, 42.694300518134675
1572.0, 41.24124124124125
1573.0, 44.49244060475164
1574.0, 47.82157676348547
1575.0, 49.0425531914894
1576.0, 41.51404151404149
1577.0, 38.480697384806966
1578.0, 35.67708333333324
1579.0, 37.17774762550876
1580.0, 34.50881612090676
1581.0, 27.792553191489205
1582.0, 27.309236947791035
1583.0, 33.69963369963361
1584.0, 34.032059186189784
1585.0, 40.896358543417314
1586.0, 51.2968299711815
1587.0, 48.369565217391234
1588.0, 51.83776932826368
1589.0, 52.91073738680459
1590.0, 55.44675642594859
1591.0, 55.10948905109482
1592.0, 53.75939849624056
1593.0, 54.37262357414446
1594.0, 56.82119205298002
1595.0, 63.27272727272721
1596.0, 63.537906137184066
1597.0, 60.02638522427442
1598.0, 73.36814621409908
1599.0, 74.78368355995045
1600.0, 75.42168674698782
1601.0, 82.53382533825327
1602.0, 82.18318695106636
1603.0, 77.05882352941177
1604.0, 61.075268817204304
1605.0, 64.44906444906445
1606.0, 61.220268872802485
1607.0, 64.13867822318525
1608.0, 67.64044943820227
1609.0, 55.206073752711475
1610.0, 55.87606837606835
1611.0, 54.166666666666664
1612.0, 50.50618672665919
1613.0, 42.81009879253565
1614.0, 32.972972972973
1615.0, 27.28226652675758
1616.0, 17.075564278704576
1617.0, 21.69525731584254
1618.0, 30.16055045871559
1619.0, 17.48135874067937
1620.0, 18.320610687022892
1621.0, 16.75717610550815
1622.0, 15.36167039522745
1623.0, 20.03167062549487
1624.0, 9.53150242326332
1625.0, 21.621621621621628
1626.0, 17.33388361535289
1627.0, 22.965931863727477
1628.0, 25.071927661323457
1629.0, 31.345625735582573
1630.0, 32.559087204563966
1631.0, 30.589184826472945
1632.0, 26.15101289134438
1633.0, 29.302517540239364
1634.0, 28.740317977986138
1635.0, 36.88109161793371
1636.0, 37.61431411530813
1637.0, 33.645209580838326
1638.0, 50.802854594112404
1639.0, 49.519450800915315
1640.0, 58.39179708580682
1641.0, 53.39080459770114
1642.0, 51.5309069901791
1643.0, 40.49539170506912
1644.0, 44.132799084144246
1645.0, 53.353814644137245
1646.0, 57.66463752075263
1647.0, 54.4979079497908
1648.0, 56.48775403856175
1649.0, 50.503852993479555
1650.0, 54.022346368715084
1651.0, 63.26409495548962
1652.0, 53.25596389426178
1653.0, 45.52967693463562
1654.0, 47.9381443298969
1655.0, 45.74841883345048
1656.0, 37.93706293706294
1657.0, 39.5985401459854
1658.0, 42.132867132867126
1659.0, 40.25270758122746
1660.0, 37.66891891891895
1661.0, 30.67400275103165
1662.0, 28.960739030023106
1663.0, 26.1975413310725
1664.0, 23.539745278875742
1665.0, 25.820195994887086
1666.0, 32.49380677126342
1667.0, 29.095626389918465
1668.0, 31.409107206884187
1669.0, 34.516479536399856
1670.0, 38.64557988645582
1671.0, 39.5435684647303
1672.0, 36.264216972878394
1673.0, 27.679782903663508
1674.0, 42.306043720531505
1675.0, 60.24678111587983
1676.0, 61.600429645542405
1677.0, 72.78043593833065
1678.0, 70.72525145579672
1679.0, 64.79733481399222
1680.0, 62.7497062279671
1681.0, 79.59885386819484
1682.0, 78.77161598091831
1683.0, 66.52406417112299
1684.0, 61.52324431256181
1685.0, 66.85288640595903
1686.0, 71.1740890688259
1687.0, 75.97977243994943
1688.0, 71.65589259075085
1689.0, 70.17268445839872
1690.0, 63.77723970944314
1691.0, 60.91954022988508
1692.0, 64.07520325203254
1693.0, 65.06707946336431
1694.0, 62.94714361986117
1695.0, 54.20088439671509
1696.0, 45.82366589327147
1697.0, 60.12012012012015
1698.0, 64.33161953727512
1699.0, 60.32880629020732
1700.0, 44.858156028368796
1701.0, 45.05300353356887
1702.0, 51.40625
1703.0, 48.860958366064445
1704.0, 63.50308641975311
1705.0, 62.72655634357765
1706.0, 60.35205364626992
1707.0, 60.913705583756354
1708.0, 58.01772763900086
1709.0, 58.39416058394165
1710.0, 61.32879045996593
1711.0, 56.00775193798448
1712.0, 52.73722627737225
1713.0, 48.78706199460918
1714.0, 51.178133836003774
1715.0, 54.36123348017625
1716.0, 48.45771144278613
1717.0, 45.134383688600565
1718.0, 42.746615087040624
1719.0, 41.78957718780727
1720.0, 45.886654478976205
1721.0, 50.35971223021582
1722.0, 53.691275167785214
1723.0, 49.689440993788786
1724.0, 59.78784956605593
1725.0, 56.10997963340124
1726.0, 69.6228338430173
1727.0, 74.07797681770279
1728.0, 75.88726513569935
1729.0, 73.13953488372088
1730.0, 71.87500000000006
1731.0, 83.86699507389173
1732.0, 79.3051359516617
1733.0, 79.46026986506753
1734.0, 70.68403908794802
1735.0, 69.17808219178097
1736.0, 66.77685950413229
1737.0, 85.03184713375816
1738.0, 83.50877192982475
1739.0, 87.1589085072233
1740.0, 85.01872659176055
1741.0, 86.9494290375206
1742.0, 74.3065693430659
1743.0, 74.3065693430659
1744.0, 75.5304101838756
1745.0, 73.9849624060151
1746.0, 80.73817762399085
1747.0, 71.2913553895412
1748.0, 77.37737737737743
1749.0, 77.44510978043917
1750.0, 76.22789783889988
1751.0, 72.0178372352286
1752.0, 72.89416846652276
1753.0, 70.4519119351101
1754.0, 68.81851400730811
1755.0, 68.03995006242197
1756.0, 80.46398046398039
1757.0, 75.92814371257481
1758.0, 75.89928057553952
1759.0, 75.51766138855051
1760.0, 66.34460547504025
1761.0, 79.58015267175563
1762.0, 78.68525896414332
1763.0, 68.67924528301873
1764.0, 77.44916820702389
1765.0, 75.76853526220596
1766.0, 75.59198542805078
1767.0, 74.90974729241879
1768.0, 73.32155477031799
1769.0, 59.78647686832735
1770.0, 56.53846153846146
1771.0, 69.26910299003313
1772.0, 53.396739130434774
1773.0, 51.75808720112517
1774.0, 57.91457286432161
1775.0, 61.27167630057802
1776.0, 57.215836526181384
1777.0, 65.06329113924053
1778.0, 58.62068965517236
1779.0, 56.112469437652805
1780.0, 57.10872162485071
1781.0, 53.828828828828776
1782.0, 50.0
1783.0, 62.2305529522024
1784.0, 59.94035785288267
1785.0, 52.45901639344263
1786.0, 67.79069767441857
1787.0, 70.71881606765324
1788.0, 64.14253897550104
1789.0, 58.78220140515221
1790.0, 45.339366515837106
1791.0, 41.78674351585012
1792.0, 38.427561837455826
1793.0, 37.859007832898214
1794.0, 40.10067114093961
1795.0, 47.30056406124092
1796.0, 46.698488464598256
1797.0, 36.78899082568806
1798.0, 41.905564924114714
1799.0, 43.70179948586118
1800.0, 40.596745027124776
1801.0, 37.96033994334278
1802.0, 34.83535528596187
1803.0, 36.72217353198947
1804.0, 54.894433781189996
1805.0, 56.30252100840341
1806.0, 67.93372319688115
1807.0, 68.87351778656122
1808.0, 69.35797665369645
1809.0, 48.70967741935487
1810.0, 48.05091487669055
1811.0, 45.481927710843365
1812.0, 41.9871794871795
1813.0, 44.901065449010645
1814.0, 43.393275996872575
1815.0, 37.417943107221014
1816.0, 37.74834437086095
1817.0, 34.6368715083799
1818.0, 28.165771297006955
1819.0, 29.411764705882348
1820.0, 21.52727272727276
1821.0, 21.621621621621657
1822.0, 35.47805171377031
1823.0, 32.832498608792434
1824.0, 35.59222156747202
1825.0, 43.33333333333333
1826.0, 41.83154324477105
1827.0, 42.320627802690595
1828.0, 39.74495217853346
1829.0, 41.834451901565984
1830.0, 42.451759364358686
1831.0, 47.35042735042737
1832.0, 50.851063829787215
1833.0, 52.712384851586506
1834.0, 57.965554359526365
1835.0, 62.37726098191215
1836.0, 50.40548970679978
1837.0, 72.80000000000008
1838.0, 74.60791635548927
1839.0, 73.62296353762616
1840.0, 77.41007194244608
1841.0, 79.17771883289129
1842.0, 86.99439950217803
1843.0, 89.38442211055285
1844.0, 84.50118764845605
1845.0, 86.08742004264391
1846.0, 83.43767785998864
1847.0, 80.94373865698734
1848.0, 81.80242634315428
1849.0, 81.90695002871917
1850.0, 86.4035087719298
1851.0, 82.76249298147111
1852.0, 81.80201541197394
1853.0, 79.78589420654913
1854.0, 73.31189710610936
1855.0, 70.69209039548025
1856.0, 62.50980392156865
1857.0, 63.70539104024301
1858.0, 75.53832902670125
1859.0, 71.76938369781325
1860.0, 73.37398373983753
1861.0, 76.82570593963007
1862.0, 66.80080482897395
1863.0, 59.54545454545463
1864.0, 44.051825677267395
1865.0, 37.51253761283843
1866.0, 35.74926542605289
1867.0, 41.53005464480873
1868.0, 54.52282157676351
1869.0, 55.11875511875513
1870.0, 62.02036021926389
1871.0, 53.78338278931749
1872.0, 53.19308790383169
1873.0, 43.979057591623025
1874.0, 51.282051282051285
1875.0, 39.39226519337019
1876.0, 45.52845528455283
1877.0, 46.88008681497557
1878.0, 47.47252747252747
1879.0, 54.688445251058724
1880.0, 54.78787878787879
1881.0, 56.32318501170964
1882.0, 51.33724722765818
1883.0, 48.90410958904112
1884.0, 42.28855721393035
1885.0, 48.35249042145591
1886.0, 41.160593792172776
1887.0, 46.90391459074732
1888.0, 37.51004016064258
1889.0, 56.67351129363449
1890.0, 52.58426966292131
1891.0, 51.49425287356325
1892.0, 56.565656565656504
1893.0, 52.04081632653057
1894.0, 55.69782330345712
1895.0, 48.28101644245139
1896.0, 61.894273127753365
1897.0, 63.50210970464132
1898.0, 66.22662266226632
1899.0, 52.165898617511516
1900.0, 58.170606372045185
1901.0, 59.742828882294766
1902.0, 65.62786434463794
1903.0, 56.33928571428572
1904.0, 59.25000000000004
1905.0, 58.285243198680966
1906.0, 54.84871993793638
1907.0, 56.55608214849919
1908.0, 63.88706500328298
1909.0, 58.53658536585366
1910.0, 50.03728560775537
1911.0, 50.407105847520356
1912.0, 56.19891008174387
1913.0, 68.70007262164121
1914.0, 72.32415902140667
1915.0, 71.89440993788814
1916.0, 76.41693811074913
1917.0, 83.36686787391005
1918.0, 81.8115412710006
1919.0, 82.8655834564253
1920.0, 85.06444275966635
1921.0, 86.72506738544469
1922.0, 82.96112489660868
1923.0, 92.19143576826181
1924.0, 82.80542986425333
1925.0, 83.07349665924269
1926.0, 82.04724409448811
1927.0, 83.73751783166897
1928.0, 72.46913580246911
1929.0, 73.46817370612729
1930.0, 63.294797687861234
1931.0, 58.83211678832111
1932.0, 60.574229691876724
1933.0, 58.90784982935152
1934.0, 65.10282776349614
1935.0, 60.014306151645194
1936.0, 56.88135593220339
1937.0, 54.31034482758621
1938.0, 68.85245901639345
1939.0, 58.60058309037896
1940.0, 53.66132723112125
1941.0, 47.943444730077175
1942.0, 57.96783625730995
1943.0, 52.40346729708431
1944.0, 52.65241488519399
1945.0, 58.017041053446945
1946.0, 56.46586345381524
1947.0, 61.426380368098144
1948.0, 53.98009950248758
1949.0, 42.355237475601854
1950.0, 49.780288763339634
1951.0, 45.301624129930396
1952.0, 30.500342700479834
1953.0, 33.40840840840848
1954.0, 33.917682926829315
1955.0, 32.84275755228505
1956.0, 27.14182865370772
1957.0, 26.89015691868761
1958.0, 29.01098901098902
1959.0, 23.708206686930097
1960.0, 25.904059040590425
1961.0, 20.12728719172634
1962.0, 27.328244274809208
1963.0, 36.68032786885245
1964.0, 24.65753424657538
1965.0, 45.05844845908605
1966.0, 52.24839400428259
1967.0, 62.101910828025424
1968.0, 68.55845629965947
1969.0, 72.7897838899803
1970.0, 78.49576271186442
1971.0, 75.92213114754094
1972.0, 67.66635426429244
1973.0, 68.89312977099237
1974.0, 66.14017769002962
1975.0, 68.5321100917431
1976.0, 57.42397137745973
1977.0, 60.696095076400724
1978.0, 62.44541484716161
1979.0, 46.428571428571495
1980.0, 49.82847341337911
1981.0, 45.14925373134325
1982.0, 44.37086092715233
1983.0, 31.46551724137933
1984.0, 36.15819209039548
1985.0, 45.07829977628637
1986.0, 60.5181347150259
1987.0, 63.57285429141715
1988.0, 66.63470757430487
1989.0, 68.7892376681614
1990.0, 72.2222222222222
1991.0, 71.35922330097084
1992.0, 72.52641690682036
1993.0, 77.51540041067763
1994.0, 77.39938080495358
1995.0, 76.84426229508193
1996.0, 77.95121951219508
1997.0, 83.9350180505415
1998.0, 71.41726049089469
1999.0, 73.2394366197183
2000.0, 72.85714285714286
2001.0, 73.25925925925927
2002.0, 72.00309358081978
2003.0, 67.64705882352938
2004.0, 70.26055705300989
2005.0, 69.99093381686308
2006.0, 70.70796460176989
2007.0, 65.65324568611334
2008.0, 53.70967741935485
2009.0, 55.16693163751993
2010.0, 50.752177355502766
2011.0, 47.153780798640604
2012.0, 52.556818181818215
2013.0, 48.13664596273291
2014.0, 50.346878097125824
2015.0, 53.22128851540615
2016.0, 54.99549954995501
2017.0, 61.7854346123728
2018.0, 67.6470588235294
2019.0, 60.678642714570906
2020.0, 49.14772727272727
2021.0, 53.92768079800501
2022.0, 58.44594594594596
2023.0, 53.79177377892029
2024.0, 55.284015852047595
2025.0, 57.79301745635912
2026.0, 58.78249841471149
2027.0, 53.33333333333334
2028.0, 48.65051903114186
2029.0, 47.966339410939696
2030.0, 42.44224422442242
2031.0, 34.925373134328325
2032.0, 27.272727272727337
2033.0, 33.51498637602175
2034.0, 45.61186650185417
2035.0, 49.2159227985525
2036.0, 58.12701829924645
2037.0, 81.66023166023169
2038.0, 73.48002316155183
2039.0, 71.26725219573402
2040.0, 72.95396419437338
2041.0, 78.06494367130549
2042.0, 76.94425326909838
2043.0, 72.92576419213974
2044.0, 82.89752650176685
2045.0, 82.04768583450216
2046.0, 68.66468842729972
2047.0, 71.82497331910356
2048.0, 66.33809758501725
2049.0, 56.21505376344087
2050.0, 55.873428695275265
2051.0, 34.847542003733636
2052.0, 42.29993275050435
2053.0, 39.335006273525735
2054.0, 36.652916912197995
2055.0, 33.893395133256064
2056.0, 31.810766721044047
2057.0, 31.810766721044047
2058.0, 24.45363260484349
2059.0, 23.944476576055536
2060.0, 27.32673267326733
2061.0, 20.217391304347856
2062.0, 21.712062256809375
2063.0, 68.51243547630219
2064.0, 64.24821002386633
2065.0, 69.04557179707652
2066.0, 64.52560873215785
2067.0, 68.94514767932486
2068.0, 70.27956989247313
2069.0, 65.86054010479646
2070.0, 69.22428330522764
2071.0, 67.23996723996723
2072.0, 66.66666666666666
2073.0, 66.66666666666666
2074.0, 66.74796747967483
2075.0, 64.20265780730901
2076.0, 69.28460342146194
2077.0, 35.837805605247425
2078.0, 44.089635854341715
2079.0, 29.85835694050988
2080.0, 37.57711721817162
2081.0, 32.91211947156803
2082.0, 30.773361976369472
2083.0, 42.41770102536425
2084.0, 45.616717635066294
2085.0, 51.343132285859106
2086.0, 56.64136622390892
2087.0, 59.2067988668555
2088.0, 60.346487006737284
2089.0, 58.6803930744034
2090.0, 56.58800393313667
2091.0, 63.450937155457574
2092.0, 50.89662447257381
2093.0, 47.09614446071254
2094.0, 44.89069649211996
2095.0, 45.09703779366702
2096.0, 46.893255443441305
2097.0, 40.19138755980857
2098.0, 36.90851735015766
2099.0, 28.934324659231663
2100.0, 21.8664850136239
2101.0, 12.293923692887375
2102.0, 12.322946175637341
2103.0, 15.713599231138815
2104.0, 19.541284403669707
2105.0, 19.346049046321497
2106.0, 23.606889564336385
2107.0, 44.02610441767069
2108.0, 44.33349975037445
2109.0, 43.23271665043817
2110.0, 40.827586206896534
2111.0, 41.8961625282167
2112.0, 39.196857267568745
2113.0, 43.56884057971014
2114.0, 44.32529043789096
2115.0, 64.33203631647211
2116.0, 61.42414860681114
2117.0, 59.70341715022562
2118.0, 53.148425787106454
2119.0, 53.308270676691706
2120.0, 49.48224852071006
2121.0, 28.556485355648533
2122.0, 28.92819979188353
2123.0, 34.59821428571429
2124.0, 45.79025110782871
2125.0, 36.21621621621628
2126.0, 30.628571428571504
2127.0, 24.314660309892815
2128.0, 24.763033175355375
2129.0, 28.621089223638478
2130.0, 31.345177664974628
2131.0, 31.226295828065744
2132.0, 25.607064017660008
2133.0, 24.628450106157075
2134.0, 23.794871794871767
2135.0, 28.55769230769232
2136.0, 19.837691614066657
2137.0, 16.651904340123977
2138.0, 19.61970613656004
2139.0, 25.06811989100811
2140.0, 25.770308123249222
2141.0, 24.753363228699484
2142.0, 19.7129186602871
2143.0, 15.879017013232456
2144.0, 23.899913718722928
2145.0, 29.15993537964455
2146.0, 43.409090909090914
2147.0, 44.212962962962955
2148.0, 53.44699777613044
2149.0, 48.74524714828898
2150.0, 53.820319059613816
2151.0, 58.46538782318601
2152.0, 54.7107438016529
2153.0, 58.889722430607684
2154.0, 79.19753086419757
2155.0, 78.32722832722834
2156.0, 77.1961492178099
2157.0, 79.05113986444852
2158.0, 72.55871446229915
2159.0, 67.9551122194514
2160.0, 61.05702364394989
2161.0, 66.5706051873199
2162.0, 56.89149560117299
2163.0, 58.170914542728596
2164.0, 63.93001345895018
2165.0, 63.287671232876676
2166.0, 63.114754098360656
2167.0, 62.29050279329606
2168.0, 39.08730158730157
2169.0, 38.779527559055104
2170.0, 38.55185909980429
2171.0, 46.9879518072289
2172.0, 50.0
2173.0, 49.546279491833
2174.0, 48.31858407079648
2175.0, 51.973684210526336
2176.0, 58.02919708029203
2177.0, 60.35714285714291
2178.0, 43.35060449050082
2179.0, 40.068493150684944
2180.0, 37.261146496815265
2181.0, 28.13036020583192
2182.0, 28.082191780821915
2183.0, 39.57654723127035
2184.0, 43.04000000000003
2185.0, 32.1666666666667
2186.0, 35.643564356435675
2187.0, 41.86046511627912
2188.0, 46.3121783876501
2189.0, 37.847866419295
2190.0, 29.403202328966586
2191.0, 34.45945945945945
2192.0, 44.9127906976744
2193.0, 51.229508196721305
2194.0, 64.60396039603958
2195.0, 65.57788944723613
2196.0, 70.38895859473021
2197.0, 68.02168021680215
2198.0, 68.5333333333333
2199.0, 64.57286432160802
2200.0, 59.95115995115996
2201.0, 51.82232346241458
2202.0, 48.826815642458094
2203.0, 68.26783114992719
2204.0, 71.00681302043904
2205.0, 65.62974203338392
2206.0, 62.52891287586738
2207.0, 58.800315706393036
2208.0, 50.29436501261564
2209.0, 46.03541185527332
2210.0, 43.84313725490196
2211.0, 47.6990504017531
2212.0, 58.42044134727061
2213.0, 59.246171967020025
2214.0, 58.049624927870745
2215.0, 59.809750297265154
2216.0, 61.33896260554884
2217.0, 43.54430379746838
2218.0, 48.375451263537904
2219.0, 59.613837489943684
2220.0, 58.43848580441641
2221.0, 62.999246420497364
2222.0, 68.030303030303
2223.0, 74.9582637729549
2224.0, 76.19047619047619
2225.0, 73.4806629834254
2226.0, 57.97720797720796
2227.0, 65.149136577708
2228.0, 79.77044476327113
2229.0, 81.28654970760233
2230.0, 81.86968838526911
2231.0, 86.07242339832862
2232.0, 86.14958448753455
2233.0, 81.37802607076341
2234.0, 76.80140597539534
2235.0, 68.26347305389218
2236.0, 67.4846625766871
2237.0, 61.452513966480474
2238.0, 61.6666666666667
2239.0, 63.24324324324324
2240.0, 66.55348047538199
2241.0, 72.09631728045326
2242.0, 56.183206106870266
2243.0, 48.23066841415468
2244.0, 44.48871181938912
2245.0, 44.11764705882344
2246.0, 39.947780678851146
2247.0, 45.6906729634002
2248.0, 51.251646903820905
2249.0, 42.28260869565216
2250.0, 37.62486126526081
2251.0, 42.873051224944305
2252.0, 45.13368983957216
2253.0, 43.48762109795478
2254.0, 42.30769230769237
2255.0, 37.05035971223024
2256.0, 54.016913319238846
2257.0, 62.545899632802914
2258.0, 64.88833746898266
2259.0, 65.36107711138314
2260.0, 62.74970622796705
2261.0, 55.58408215661106
2262.0, 57.3891625615763
2263.0, 79.23784494086735
2264.0, 76.81528662420388
2265.0, 77.07808564231742
2266.0, 77.02020202020205
2267.0, 80.02350176263229
2268.0, 76.18497109826598
2269.0, 75.8782201405153
2270.0, 64.63768115942042
2271.0, 67.40947075208919
2272.0, 66.9957686882934
2273.0, 61.72661870503596
2274.0, 70.4049844236761
2275.0, 69.53846153846148
2276.0, 65.66929133858275
2277.0, 56.91699604743087
2278.0, 65.97077244258877
2279.0, 67.33466933867741
2280.0, 67.59443339960248
2281.0, 62.355658198614286
2282.0, 68.09045226130655
2283.0, 47.07070707070701
2284.0, 52.542372881355874
2285.0, 51.61987041036723
2286.0, 46.18395303326811
2287.0, 49.89690721649494
2288.0, 51.59362549800793
2289.0, 59.92217898832693
2290.0, 59.23076923076911
2291.0, 62.14285714285706
2292.0, 46.98972099853151
2293.0, 36.135693215339245
2294.0, 40.9276944065484
2295.0, 46.410891089108944
2296.0, 40.04282655246258
2297.0, 43.28703703703709
2298.0, 45.61598224195337
2299.0, 47.36842105263154
2300.0, 54.03141361256541
2301.0, 55.38617886178861
2302.0, 54.03141361256549
2303.0, 51.09409190371993
2304.0, 51.8888888888889
2305.0, 48.948598130841084
2306.0, 60.27586206896554
2307.0, 63.79562043795614
2308.0, 60.064412238325225
2309.0, 50.68259385665528
2310.0, 68.96551724137919
2311.0, 50.632911392405084
2312.0, 44.897959183673585
2313.0, 40.378548895899115
2314.0, 38.834951456310776
2315.0, 32.64331210191085
2316.0, 35.81183611532629
2317.0, 39.327485380116954
2318.0, 38.929088277858206
2319.0, 37.99435028248598
2320.0, 36.83453237410073
2321.0, 37.481698389458316
2322.0, 32.55451713395644
2323.0, 35.3135313531353
2324.0, 37.38019169329062
2325.0, 59.846547314578
2326.0, 69.55503512880566
2327.0, 72.6890756302521
2328.0, 66.43518518518529
2329.0, 78.11816192560195
2330.0, 79.3388429752068
2331.0, 80.50682261208593
2332.0, 84.42307692307708
2333.0, 88.52772466539203
2334.0, 89.15009041591328
2335.0, 89.96350364963507
2336.0, 90.99264705882362
2337.0, 87.03374777975128
2338.0, 75.23105360443621
2339.0, 75.93283582089546
2340.0, 70.49180327868854
2341.0, 66.35944700460826
2342.0, 60.25104602510461
2343.0, 56.01851851851847
2344.0, 60.334029227557345
2345.0, 57.01357466063351
2346.0, 50.67264573991034
2347.0, 46.33027522935789
2348.0, 47.76785714285711
2349.0, 46.72489082969435
2350.0, 58.64406779661015
2351.0, 55.007949125596156
2352.0, 65.95092024539876
2353.0, 69.50146627565982
2354.0, 68.20143884892076
2355.0, 68.0057388809183
2356.0, 69.19708029197079
2357.0, 69.94301994301993
2358.0, 62.08609271523187
2359.0, 60.720411663807916
2360.0, 66.94352159468437
2361.0, 65.10500807754454
2362.0, 65.60509554140133
2363.0, 63.875968992248225
2364.0, 58.09352517985614
2365.0, 41.57014157014155
2366.0, 40.1844532279314
2367.0, 36.50349650349637
2368.0, 39.915373765867336
2369.0, 37.834224598930305
2370.0, 42.73972602739717
2371.0, 37.07250341997251
2372.0, 37.95518207282895
2373.0, 33.458646616541245
2374.0, 37.010676156583564
2375.0, 43.75703037120358
2376.0, 37.12374581939804
2377.0, 39.018691588784975
2378.0, 35.5036855036855
2379.0, 57.42049469964654
2380.0, 51.18577075098818
2381.0, 53.48399246704336
2382.0, 54.84460694698355
2383.0, 64.33566433566438
2384.0, 52.80373831775701
2385.0, 64.34426229508207
2386.0, 66.14583333333343
2387.0, 73.8372093023257
2388.0, 70.24793388429765
2389.0, 63.73626373626386
2390.0, 73.57001972386611
2391.0, 76.02862254025072
2392.0, 77.01754385964936
2393.0, 73.40619307832456
2394.0, 75.39543057996505
2395.0, 72.92418772563184
2396.0, 70.5202312138729
2397.0, 60.323886639676275
2398.0, 76.51331719128348
2399.0, 67.0068027210886
2400.0, 59.0405904059043
2401.0, 59.040590405903984
2402.0, 58.88888888888895
2403.0, 57.60869565217364
2404.0, 50.56603773584908
2405.0, 46.090534979423616
2406.0, 37.692307692307935
2407.0, 54.4891640866872
2408.0, 53.184713375796015
2409.0, 52.848101265822926
2410.0, 43.041237113402104
2411.0, 59.3607305936073
2412.0, 45.06517690875229
2413.0, 40.819964349376036
2414.0, 42.702702702702624
2415.0, 40.7917383820998
2416.0, 37.39703459637548
2417.0, 47.569955817378485
2418.0, 53.53260869565217
2419.0, 47.20416124837454
2420.0, 45.03722084367237
2421.0, 51.637554585152905
2422.0, 45.55444555444556
2423.0, 43.59464627151051
2424.0, 47.71573604060912
2425.0, 42.45810055865927
2426.0, 44.03244495944381
2427.0, 42.36343366778149
2428.0, 46.20187304890738
2429.0, 52.08333333333333
2430.0, 61.663807890222955
2431.0, 57.05128205128206
2432.0, 58.05008944543826
2433.0, 63.24863883847547
2434.0, 67.21311475409837
2435.0, 63.71398078975449
2436.0, 69.74299065420568
2437.0, 75.48543689320391
2438.0, 76.37426900584796
2439.0, 75.9345794392524
2440.0, 82.27848101265843
2441.0, 86.43617021276614
2442.0, 86.065573770492
2443.0, 54.62686567164177
2444.0, 45.32374100719422
2445.0, 54.45960125918152
2446.0, 52.568306010928964
2447.0, 51.7241379310345
2448.0, 44.97098646034812
2449.0, 39.22996878251823
2450.0, 38.94628099173553
2451.0, 36.897274633123686
2452.0, 33.846153846153854
2453.0, 31.91709844559587
2454.0, 32.38696109358567
2455.0, 37.43589743589744
2456.0, 40.60370009737097
2457.0, 64.24581005586595
2458.0, 58.65771812080541
2459.0, 46.614173228346516
2460.0, 41.07452339688042
2461.0, 35.10273972602732
2462.0, 49.68684759916491
2463.0, 53.68852459016393
2464.0, 49.2481203007519
2465.0, 44.331641285955996
2466.0, 44.79865771812091
2467.0, 41.203703703703745
2468.0, 38.3070301291249
2469.0, 32.357473035439156
2470.0, 37.37517831669053
2471.0, 41.07382550335575
2472.0, 49.543676662320685
2473.0, 54.18275418275412
2474.0, 51.847290640394064
2475.0, 54.87179487179489
2476.0, 53.86631716906947
2477.0, 51.53129161118502
2478.0, 56.16835994194479
2479.0, 59.999999999999915
2480.0, 60.1851851851851
2481.0, 59.99999999999996
2482.0, 55.397727272727295
2483.0, 59.97375328083995
2484.0, 59.549071618037125
2485.0, 50.13850415512463
2486.0, 39.56043956043957
2487.0, 37.05293276108735
2488.0, 40.412979351032455
2489.0, 38.47262247838608
2490.0, 42.06241519674354
2491.0, 43.99460188933871
2492.0, 48.275862068965544
2493.0, 52.56570713391747
2494.0, 50.12195121951216
2495.0, 60.05398110661264
2496.0, 68.67283950617283
2497.0, 59.71563981042644
2498.0, 53.382084095064016
2499.0, 48.6666666666667
2500.0, 60.07005253940444
2501.0, 59.43060498220627
2502.0, 60.89193825042873
2503.0, 68.0187207488299
2504.0, 53.70370370370367
2505.0, 46.520618556701095
2506.0, 50.23980815347717
2507.0, 48.765432098765416
2508.0, 53.27669902912625
2509.0, 36.19302949061661
2510.0, 35.651408450704196
2511.0, 40.12345679012347
2512.0, 36.524163568773204
2513.0, 43.62745098039217
2514.0, 41.266598569969396
2515.0, 37.511693171188085
2516.0, 41.041482789055664
2517.0, 38.65932047750229
2518.0, 45.14514514514514
2519.0, 54.42786069651741
2520.0, 50.64655172413796
2521.0, 54.016064257028106
2522.0, 52.783505154639215
2523.0, 81.85654008438826
2524.0, 86.45251396648045
2525.0, 85.6508875739645
2526.0, 88.41843088418439
2527.0, 88.07692307692315
2528.0, 89.89130434782615
2530.0, 96.14395886889463
2531.0, 96.22166246851388
2532.0, 93.62244897959184
2533.0, 93.15068493150685
2534.0, 93.71069182389937
2535.0, 85.14211886304903
2536.0, 73.67816091954018
2537.0, 71.44638403990021
2538.0, 72.77051129607605
2539.0, 73.52601156069363
2540.0, 61.36087484811665
2541.0, 51.90839694656485
2542.0, 46.285018270401956
2543.0, 50.337837837837846
2544.0, 54.18060200668895
2545.0, 50.58411214953267
2546.0, 50.46620046620046
2547.0, 50.234192037470756
2548.0, 42.987012987013024
2549.0, 48.76712328767129
2550.0, 54.26829268292683
2551.0, 57.50708215297449
2552.0, 46.02510460251052
2553.0, 47.77327935222674
2554.0, 61.7948717948718
2555.0, 73.76311844077962
2556.0, 72.31012658227846
2557.0, 70.53872053872053
2558.0, 67.01940035273378
2559.0, 66.08695652173924
2560.0, 58.641975308642024
2561.0, 44.764397905759076
2562.0, 53.63636363636364
2563.0, 51.91637630662021
2564.0, 49.44690265486729
2565.0, 45.823665893271475
2566.0, 53.0864197530864
2567.0, 52.080706179066816
2568.0, 39.419087136929484
2569.0, 35.25641025641032
2570.0, 34.15906127770545
2571.0, 37.26708074534167
2572.0, 36.10108303249102
2573.0, 45.23043944265811
2574.0, 53.15315315315316
2575.0, 66.53895274584929
2576.0, 58.09806835066857
2577.0, 62.03576341127921
2578.0, 66.51917404129786
2579.0, 68.95565092989987
2580.0, 68.13509544787077
2581.0, 61.751824817518234
2582.0, 67.97488226059647
2583.0, 75.17361111111101
2584.0, 75.51369863013689
2585.0, 55.85443037974679
2586.0, 58.83333333333335
2587.0, 42.38532110091745
2588.0, 33.9587242026266
2589.0, 30.019880715705966
2590.0, 37.82771535580531
2591.0, 25.678119349005456
2592.0, 26.741996233521675
2593.0, 25.621414913957977
2594.0, 21.272727272727252
2595.0, 28.545119705340795
2596.0, 36.07907742998359
2597.0, 36.07907742998359
2598.0, 31.587057010785884
2599.0, 31.490015360983193
2600.0, 38.63319386331936
2601.0, 44.07796101949023
2602.0, 37.88659793814439
2603.0, 35.667963683527844
2604.0, 30.47619047619051
2605.0, 32.276657060518744
2606.0, 38.35800807537013
2607.0, 37.346101231190126
2608.0, 35.3626943005182
2609.0, 32.108843537414856
2610.0, 29.619181946403344
2611.0, 31.811894882434316
2612.0, 39.64088397790053
2613.0, 45.84664536741216
2614.0, 40.630472854641006
2615.0, 40.21164021164017
2616.0, 53.14685314685312
2617.0, 51.70068027210891
2618.0, 57.87234042553208
2619.0, 63.553530751708536
2620.0, 48.23008849557524
2621.0, 38.54748603351954
2622.0, 52.05479452054791
2623.0, 52.42718446601943
2624.0, 43.44422700587075
2625.0, 45.57438794726927
2626.0, 46.67896678966787
2627.0, 54.80943738656992
2628.0, 55.772646536412054
2629.0, 59.512195121951294
2630.0, 59.22330097087385
2631.0, 62.01680672268906
2632.0, 56.13126079447321
2633.0, 48.62385321100923
2634.0, 52.13114754098365
2635.0, 66.0311958405546
2636.0, 62.16216216216223
2637.0, 58.5951940850278
2638.0, 64.3564356435644
2639.0, 45.96774193548386
2640.0, 26.923076923076934
2641.0, 17.721518987341724
2642.0, 17.372881355932208
2643.0, 26.27599243856335
2644.0, 30.118289353958176
2645.0, 28.97526501766788
2646.0, 28.058169375534675
2647.0, 26.324237560192614
2648.0, 32.879818594104336
2649.0, 31.269349845201248
2650.0, 29.254163649529346
2651.0, 34.27977839335179
2652.0, 32.29442970822282
2653.0, 35.730007336757154
2654.0, 45.676855895196525
2655.0, 53.53121801432957
2656.0, 54.14141414141417
2657.0, 48.29157175398627
2658.0, 44.698795180722826
2659.0, 42.545871559632964
2660.0, 52.087912087912066
2661.0, 58.01713586291312
2662.0, 52.75482093663907
2663.0, 43.279901356350145
2664.0, 37.70139634801289
2665.0, 26.721479958890043
2666.0, 30.77753779697626
2667.0, 38.79728419010665
2668.0, 35.581622678396826
2669.0, 41.3824884792627
2670.0, 41.81152790484899
2671.0, 34.00174367916304
2672.0, 39.64686998394862
2673.0, 41.97111299915036
2674.0, 36.759259259259224
2675.0, 41.9020715630885
2676.0, 39.906976744186025
2677.0, 44.27244582043343
2678.0, 65.48488008342022
2679.0, 79.22350472193071
2680.0, 77.2486772486772
2681.0, 72.86729857819901
2682.0, 76.15658362989319
2683.0, 61.47902869757175
2684.0, 63.493723849372394
2685.0, 74.12031782065833
2686.0, 72.59615384615385
2687.0, 74.88532110091745
2688.0, 75.58528428093648
2689.0, 72.1649484536083
2690.0, 76.45764576457654
2691.0, 72.85115303983234
2692.0, 64.41558441558448
2693.0, 59.2867756315008
2694.0, 56.67613636363638
2695.0, 46.503496503496514
2696.0, 48.01812004530014
2697.0, 49.94110718492342
2698.0, 35.42116630669541
2699.0, 29.80972515856226
2700.0, 32.520325203252
2701.0, 27.90937178166837
2702.0, 31.640624999999915
2703.0, 30.055658627087084
2704.0, 27.846889952153106
2705.0, 29.070929070929054
2706.0, 30.15075376884421
2707.0, 29.797979797979806
2708.0, 35.23523523523522
2709.0, 36.70490093847757
2710.0, 36.439790575916184
2711.0, 37.99126637554581
2712.0, 40.797186400937875
2713.0, 47.86223277909738
2714.0, 37.99019607843127
2715.0, 38.84711779448615
2716.0, 29.5424836601307
2717.0, 34.236804564907274
2718.0, 26.065162907268046
2719.0, 21.89473684210516
2720.0, 21.035940803382545
2721.0, 19.84978540772518
2722.0, 14.611872146118642
2723.0, 16.389244558258525
2724.0, 23.53629976580791
2725.0, 30.861244019138667
2726.0, 41.42678347934914
2727.0, 36.31578947368419
2728.0, 40.51355206847359
2729.0, 44.73684210526311
2730.0, 44.24657534246572
2731.0, 41.3654618473895
2732.0, 42.79778393351803
2733.0, 58.706467661691676
2734.0, 51.00864553314122
2735.0, 46.54002713704211
2736.0, 46.96356275303641
2737.0, 46.276595744680826
2738.0, 38.13169984686064
2739.0, 26.373626373626394
2740.0, 31.893265565438426
2741.0, 28.88377445339472
2742.0, 25.93383137673429
2743.0, 21.98275862068968
2744.0, 22.921348314606803
2745.0, 36.28404669260704
2746.0, 36.640471512770155
2747.0, 37.37864077669899
2748.0, 37.96844181459566
2749.0, 35.41858325666972
2750.0, 47.9614529280949
2751.0, 50.67466266866564
2752.0, 45.830413454800286
2753.0, 47.494553376906325
2754.0, 41.97431781701444
2755.0, 40.13814274750574
2756.0, 37.5448671931084
2757.0, 38.41642228739001
2758.0, 44.811320754716945
2759.0, 34.831460674157285
2760.0, 37.26521412471823
2761.0, 34.86739469578782
2762.0, 43.9495174461767
2763.0, 50.19825535289452
2764.0, 34.398496240601446
2765.0, 38.77192982456138
2766.0, 40.8502772643253
2767.0, 43.5897435897436
2768.0, 49.469964664310936
2769.0, 61.743119266055054
2770.0, 69.1675231243577
2771.0, 74.91638795986627
2772.0, 71.36105860113435
2773.0, 82.96751536435482
2774.0, 83.65791701947515
2775.0, 84.11522633744869
2776.0, 73.82154882154887
2777.0, 73.84356602186718
2778.0, 76.21527777777789
2779.0, 76.54109589041106
2780.0, 79.5373665480428
2781.0, 73.27868852459018
2782.0, 71.27753303964761
2783.0, 70.39055404178026
2784.0, 77.497969130788
2785.0, 69.39163498098868
2786.0, 70.70707070707068
2787.0, 61.96581196581194
2788.0, 55.36082474226801
2789.0, 53.05466237942119
2790.0, 65.81196581196582
2791.0, 65.44276457883373
2792.0, 69.07327586206898
2793.0, 66.85912240184761
2794.0, 64.11960132890366
2795.0, 69.17562724014347
2796.0, 72.92759706190985
2797.0, 66.09442060085843
2798.0, 58.85416666666671
2799.0, 57.142857142857146
2800.0, 56.92503176620081
2801.0, 61.82048040455128
2802.0, 68.53146853146863
2803.0, 69.05766526019694
2804.0, 64.34359805510546
2805.0, 65.13470681458007
2806.0, 62.04620462046216
2807.0, 54.09556313993179
2808.0, 62.306368330464835
2809.0, 65.10791366906471
2810.0, 54.46009389671357
2811.0, 65.03856041131107
2812.0, 58.333333333333385
2813.0, 55.60747663551404
2814.0, 48.325358851674636
2815.0, 43.74999999999998
2816.0, 38.83720930232551
2817.0, 61.773255813953476
2818.0, 59.05044510385755
2819.0, 58.30815709969792
2820.0, 61.83644189383061
2821.0, 63.85185185185175
2822.0, 54.907539118065415
2823.0, 55.06419400855926
2824.0, 62.76595744680853
2825.0, 59.5794392523365
2826.0, 62.45487364620942
2827.0, 71.71717171717182
2828.0, 74.25227568270498
2829.0, 68.69671132764933
2830.0, 74.72924187725644
2831.0, 61.148648648648816
2832.0, 60.43405676126886
2833.0, 58.782608695652186
2834.0, 57.45062836624781
2835.0, 60.78431372549035
2836.0, 72.15909090909105
2837.0, 64.68590831918516
2838.0, 49.2027334851937
2839.0, 52.17391304347818
2840.0, 50.61124694376542
2841.0, 48.33759590792826
2842.0, 37.12574850299389
2843.0, 37.65182186234811
2844.0, 30.630630630630506
2845.0, 30.769230769230617
2846.0, 35.730337078651644
2847.0, 30.284552845528438
2848.0, 35.404896421845564
2849.0, 31.992337164750893
2850.0, 33.64485981308401
2851.0, 50.0
2852.0, 40.49707602339178
2853.0, 31.83908045977006
2854.0, 37.93466807165429
2855.0, 47.644444444444495
2856.0, 55.7620817843866
2857.0, 58.59374999999998
2858.0, 53.327338129496454
2859.0, 55.46666666666668
2860.0, 55.50621669626997
2861.0, 62.500000000000014
2862.0, 61.5584415584416
2863.0, 59.15141430948415
2864.0, 57.78159931212378
2865.0, 52.65567765567766
2866.0, 60.71805702217533
2867.0, 74.00257400257414
2868.0, 69.29577464788734
2869.0, 58.86792452830189
2870.0, 52.765957446808564
2871.0, 55.864811133200824
2872.0, 69.09975669099742
2873.0, 68.56435643564348
2874.0, 46.593001841620605
2875.0, 35.4120267260582
2876.0, 40.816326530612415
2877.0, 41.23711340206201
2878.0, 32.57443082311754
2879.0, 35.08137432188076
2880.0, 34.035087719298346
2881.0, 45.78866768759567
2882.0, 37.51568381430374
2883.0, 25.302325581395394
2884.0, 21.068938807126315
2885.0, 18.968253968254047
2886.0, 17.46854182087351
2887.0, 15.046132008516693
2888.0, 16.91939345570634
2889.0, 14.275037369207752
2890.0, 12.107279693486575
2891.0, 10.07653061224488
2892.0, 14.769030579050082
2893.0, 15.86384071933206
2894.0, 15.116279069767444
2895.0, 9.125964010282772
2896.0, 9.779614325068877
2897.0, 17.622950819672113
2898.0, 23.41463414634144
2899.0, 23.39181286549706
2900.0, 24.5901639344262
2901.0, 31.37460650577127
2902.0, 29.371316306483294
2903.0, 34.717784877529255
2904.0, 32.19026548672568
2905.0, 43.75939849624057
2906.0, 46.723646723646674
2907.0, 39.99999999999999
2908.0, 41.8410041841004
2909.0, 48.88597640891217
2910.0, 55.10752688172042
2911.0, 44.635761589404
2912.0, 51.89873417721518
2913.0, 56.31578947368423
2914.0, 62.713567839195996
2915.0, 58.97703549060544
2916.0, 61.34636264929429
2917.0, 60.96491228070178
2918.0, 59.737417943107175
2919.0, 59.93413830954995
2920.0, 57.852193995381086
2921.0, 50.759878419452846
2922.0, 55.26315789473685
2923.0, 50.22222222222226
2924.0, 49.090909090909115
2925.0, 49.03518728717366
2926.0, 41.612483745123605
2927.0, 27.602339181286595
2928.0, 25.600961538461547
2929.0, 29.181494661921747
2930.0, 29.9270072992701
2931.0, 26.419466975666367
2932.0, 28.88127853881288
2933.0, 33.81642512077305
2934.0, 23.422459893048256
2935.0, 29.122340425532045
2936.0, 19.230769230769297
2937.0, 21.18811881188124
2938.0, 17.341549295774684
2939.0, 17.22027972027975
2940.0, 14.237855946398682
2941.0, 37.66423357664234
2942.0, 32.51445086705205
2943.0, 31.62518301610541
2944.0, 34.332619557458955
2945.0, 36.64459161147905
2946.0, 33.49858356940511
2947.0, 33.024251069900146
2948.0, 43.5164835164835
2949.0, 46.53954802259886
2950.0, 56.08510638297872
2951.0, 59.112519809825685
2952.0, 64.98257839721254
2953.0, 71.06741573033706
2954.0, 79.77332170880558
2955.0, 67.0990566037736
2956.0, 77.9134295227525
2957.0, 77.98672566371681
2958.0, 77.59009009009007
2959.0, 76.88787185354688
2960.0, 83.06551297898642
2961.0, 83.65155131264918
2962.0, 77.23577235772365
2963.0, 78.92095357590973
2964.0, 79.82233502538074
2965.0, 75.36023054755042
2966.0, 78.52852852852853
2967.0, 77.03927492447141
2968.0, 79.26330150068222
2969.0, 85.14851485148523
2970.0, 82.02054794520559
2971.0, 67.00581395348844
2972.0, 52.709359605911324
2973.0, 54.69678953626639
2974.0, 59.560439560439534
2975.0, 58.605174353205854
2976.0, 58.539325842696655
2977.0, 50.508905852417286
2978.0, 54.03645833333327
2979.0, 56.89001264222506
2980.0, 55.62422744128561
2981.0, 51.72413793103447
2982.0, 35.185185185185176
2983.0, 32.192846034214696
2984.0, 39.612188365650965
2985.0, 56.50969529085871
2986.0, 65.27999999999997
2987.0, 63.89351081530783
2988.0, 39.73684210526321
2989.0, 39.73684210526321
2990.0, 39.119170984455955
2991.0, 41.86046511627906
2992.0, 44.30693069306936
2993.0, 41.357234314980815
2994.0, 42.689295039164485
2995.0, 41.13207547169812
2996.0, 41.64588528678309
2997.0, 43.21608040201004
2998.0, 39.81358189081229
2999.0, 33.627019089574205
3000.0, 46.594005449591286
3001.0, 42.17171717171711
3002.0, 49.77645305514157
3003.0, 50.87463556851309
3004.0, 59.86301369863014
3005.0, 59.47441217150765
3006.0, 59.58620689655171
3007.0, 54.89199491740792
3008.0, 52.32273838630804
3009.0, 61.76084099868597
3010.0, 60.90425531914893
3011.0, 60.852197070572615
3012.0, 58.765778401122034
3013.0, 54.857997010463436
3014.0, 46.83098591549295
3015.0, 51.0556621880998
3016.0, 78.40000000000006
3017.0, 82.78061224489801
3018.0, 81.11888111888118
3019.0, 79.24263674614315
3020.0, 77.84431137724563
3021.0, 87.27569331158236
3022.0, 92.83333333333344
3023.0, 88.48797250859124
3024.0, 90.31770045385795
3025.0, 90.19908116385928
3026.0, 82.69503546099305
3027.0, 70.58111380145279
3028.0, 70.61668681983079
3029.0, 72.37977805178798
3030.0, 63.458401305057066
3031.0, 48.38709677419354
3032.0, 45.47619047619052
3033.0, 50.90909090909089
3034.0, 38.39285714285703
3035.0, 37.38656987295827
3036.0, 32.39436619718312
3037.0, 26.900584795321677
3038.0, 15.765069551777572
3039.0, 22.36467236467243
3040.0, 31.31170662905498
3041.0, 39.93288590604037
3042.0, 45.67526555386943
3043.0, 50.13927576601668
3044.0, 49.64838255977499
3045.0, 44.75806451612902
3046.0, 43.13471502590672
3047.0, 38.216560509554164
3048.0, 47.10252600297176
3049.0, 49.71751412429384
3050.0, 47.50337381916336
3051.0, 65.60773480662981
3052.0, 70.13177159590049
3053.0, 65.27777777777771
3054.0, 58.211382113821195
3055.0, 60.76335877862595
3056.0, 50.23400936037443
3057.0, 45.37671232876706
3058.0, 49.4453248811411
3059.0, 48.22256568778977
3060.0, 54.72263868065962
3061.0, 60.248447204968855
3062.0, 58.98251192368842
3063.0, 58.5209003215433
3064.0, 67.31107205623893
3065.0, 58.94039735099335
3066.0, 66.1818181818181
3067.0, 40.76147816349392
3068.0, 37.06720977596743
3069.0, 34.741288278775144
3070.0, 36.92480359147033
3071.0, 39.82869379014999
3072.0, 39.893048128342286
3073.0, 45.22222222222223
3074.0, 40.642939150401865
3075.0, 36.41364136413643
3076.0, 25.44196771714067
3077.0, 33.24156916724024
3078.0, 33.057280883367795
3079.0, 34.85560779046338
3080.0, 30.76374018558174
3081.0, 42.5592417061611
3082.0, 47.51322751322751
3083.0, 53.81750465549346
3084.0, 47.37704918032786
3085.0, 47.24732949876745
3086.0, 48.88535031847133
3087.0, 52.017937219730975
3088.0, 49.25690021231424
3089.0, 48.80785413744739
3090.0, 66.09686609686612
3091.0, 50.495049504950465
3092.0, 47.64196342637153
3093.0, 49.53617810760671
3094.0, 52.280701754385944
3095.0, 53.143841515934554
3096.0, 55.05902192242834
3097.0, 46.70380687093782
3098.0, 57.20081135902638
3099.0, 54.45960125918151
3100.0, 43.749999999999964
3101.0, 32.74531422271224
3102.0, 42.32505643340849
3103.0, 45.18072289156626
3104.0, 43.96248534583819
3105.0, 50.47106325706601
3106.0, 57.31225296442691
3107.0, 47.22598105548039
3108.0, 46.866485013624
3109.0, 41.60982264665751
3110.0, 37.10344827586199
3111.0, 34.093789607097506
3112.0, 32.026143790849616
3113.0, 28.455284552845498
3114.0, 40.0692840646651
3115.0, 47.5566150178784
3116.0, 44.79297365119197
3117.0, 48.848484848484865
3118.0, 54.892601431980864
3119.0, 56.72009864364975
3120.0, 54.47470817120621
3121.0, 64.64019851116622
3122.0, 56.23441396508728
3123.0, 56.9444444444445
3124.0, 58.19354838709684
3125.0, 62.81337047353762
3126.0, 60.703812316715485
3127.0, 74.72353870458127
3128.0, 61.83333333333332
3129.0, 52.03915171288738
3130.0, 24.73776223776231
3131.0, 21.869328493647927
3132.0, 16.35555555555564
3133.0, 15.282392026578137
3134.0, 15.282392026578094
3135.0, 7.1799307958477385
3136.0, 7.351638618246213
3137.0, 10.936132983377021
3138.0, 13.857998289135992
3139.0, 14.906832298136592
3140.0, 17.555938037865758
3141.0, 12.277730736663813
3142.0, 12.663755458515254
3143.0, 15.30797101449275
3144.0, 35.21126760563381
3145.0, 34.32574430823118
3146.0, 42.60700389105054
3147.0, 54.148471615720474
3148.0, 53.02013422818795
3149.0, 56.56324582338897
3150.0, 66.35294117647054
3151.0, 70.6365503080082
3152.0, 59.26640926640925
3153.0, 52.16637781629115
3154.0, 50.714285714285694
3155.0, 58.31622176591366
3156.0, 68.97810218978098
3157.0, 74.7399702823179
3158.0, 75.39797395079587
3159.0, 70.88435374149655
3160.0, 69.26286509040331
3161.0, 67.1919770773639
3162.0, 71.26725219573397
3163.0, 62.07650273224043
3164.0, 65.1256281407035
3165.0, 64.00414937759332
3166.0, 48.46818538884524
3167.0, 51.833740831295856
3168.0, 54.07925407925408
3169.0, 53.62095531587059
3170.0, 50.65573770491802
3171.0, 48.23731728288909
3172.0, 49.53897736797989
3173.0, 54.65020576131686
3174.0, 50.80336648814078
3175.0, 52.78810408921934
3176.0, 46.558391337973696
3177.0, 34.538152610441756
3178.0, 31.306441902468364
3179.0, 29.218362282878402
3180.0, 37.64988009592324
3181.0, 38.33992094861659
3182.0, 44.52347083926031
3183.0, 43.65411436541144
3184.0, 47.566515249837764
3185.0, 47.769877181641895
3186.0, 47.29288975864319
3187.0, 50.27692307692308
3188.0, 57.69689737470167
3189.0, 56.76829268292683
3190.0, 55.0561797752809
3191.0, 85.27336860670192
3192.0, 78.77237851662403
3193.0, 76.14213197969544
3194.0, 71.59904534606206
3195.0, 69.08366533864545
3196.0, 63.87337057728119
3197.0, 63.518518518518505
3198.0, 56.18762475049902
3199.0, 34.04099560761345
3200.0, 34.6153846153846
3201.0, 25.49019607843134
