15.0, 64.4859813084112
16.0, 53.0864197530864
17.0, 53.65853658536585
18.0, 42.42424242424243
19.0, 34.84848484848489
20.0, 29.8701298701299
21.0, 52.57731958762888
22.0, 47.16981132075472
23.0, 40.3225806451613
24.0, 47.36842105263159
25.0, 45.65217391304348
26.0, 44.28571428571428
27.0, 43.66197183098593
28.0, 45.25547445255475
29.0, 44.02985074626866
30.0, 39.51612903225808
31.0, 41.86046511627907
32.0, 46.043165467625904
33.0, 48.148148148148145
34.0, 50.0
35.0, 35.92233009708738
36.0, 35.92233009708738
37.0, 46.83544303797466
38.0, 29.999999999999986
39.0, 50.96153846153846
40.0, 57.89473684210526
41.0, 57.894736842105246
42.0, 55.462184873949575
43.0, 55.08474576271186
44.0, 50.79365079365079
45.0, 45.833333333333336
46.0, 44.44444444444443
47.0, 51.12781954887219
48.0, 51.12781954887219
49.0, 52.94117647058823
50.0, 58.13953488372092
51.0, 61.53846153846154
52.0, 72.30769230769229
53.0, 64.70588235294119
54.0, 53.53535353535352
55.0, 47.74774774774776
56.0, 52.777777777777786
57.0, 50.0
58.0, 58.181818181818166
59.0, 60.18518518518518
60.0, 57.84313725490196
61.0, 60.18518518518517
62.0, 80.35714285714286
63.0, 66.497461928934
64.0, 68.42105263157895
65.0, 68.57142857142857
66.0, 72.03389830508475
67.0, 72.38493723849372
68.0, 75.9656652360515
69.0, 81.5668202764977
70.0, 82.97872340425532
71.0, 85.24590163934427
72.0, 81.89300411522635
73.0, 79.51807228915662
74.0, 70.86330935251799
75.0, 59.183673469387756
76.0, 54.19847328244274
77.0, 65.47619047619048
78.0, 61.98347107438016
79.0, 61.016949152542374
80.0, 49.28909952606635
81.0, 47.61904761904761
82.0, 46.60194174757281
83.0, 45.07042253521127
84.0, 37.185929648241206
85.0, 45.175438596491226
86.0, 47.2972972972973
87.0, 45.06437768240343
88.0, 54.205607476635514
89.0, 67.40331491712706
90.0, 53.846153846153854
91.0, 60.22099447513813
92.0, 61.23595505617979
93.0, 68.91891891891892
94.0, 77.77777777777779
95.0, 83.22368421052633
96.0, 84.9112426035503
97.0, 71.571072319202
98.0, 74.01960784313727
99.0, 74.0831295843521
100.0, 73.95577395577396
101.0, 74.87562189054728
102.0, 75.2450980392157
103.0, 75.66265060240966
104.0, 80.35714285714286
105.0, 78.00000000000001
106.0, 75.18072289156628
107.0, 72.04301075268819
108.0, 70.37037037037038
109.0, 71.19113573407203
110.0, 74.320987654321
111.0, 92.42053789731052
112.0, 92.90617848970253
113.0, 85.21126760563381
114.0, 83.06636155606408
115.0, 76.90677966101694
116.0, 71.78423236514523
117.0, 73.89635316698656
118.0, 72.0164609053498
119.0, 71.13821138211382
120.0, 67.04980842911877
121.0, 59.02192242833051
122.0, 51.777434312210204
123.0, 52.79878971255673
124.0, 46.32478632478632
125.0, 36.32958801498128
126.0, 31.86372745490982
127.0, 32.05645161290323
128.0, 30.285714285714292
129.0, 37.890625000000014
130.0, 44.359464627151056
131.0, 47.56756756756757
132.0, 44.3859649122807
133.0, 42.52100840336134
134.0, 47.41532976827096
135.0, 56.27450980392157
136.0, 66.30196936542669
137.0, 57.486631016042786
138.0, 64.47963800904978
139.0, 65.21739130434781
140.0, 65.45454545454545
141.0, 63.8580931263858
142.0, 72.66666666666667
143.0, 73.08533916849015
144.0, 64.48801742919389
145.0, 60.91127098321343
146.0, 61.20481927710843
147.0, 63.65914786967418
148.0, 53.43680709534367
149.0, 53.744493392070474
150.0, 49.56521739130436
151.0, 50.54466230936818
152.0, 41.53846153846154
153.0, 44.94680851063831
154.0, 50.24038461538461
155.0, 50.483091787439605
156.0, 38.03131991051453
157.0, 34.04761904761904
158.0, 36.76092544987146
159.0, 29.714285714285694
160.0, 30.409356725146182
161.0, 26.530612244897952
162.0, 30.588235294117638
163.0, 29.12912912912911
164.0, 28.955223880597003
165.0, 28.096676737160124
166.0, 24.473684210526315
167.0, 25.83979328165374
168.0, 13.68715083798881
169.0, 19.82248520710057
170.0, 24.36363636363633
171.0, 19.188191881918797
172.0, 18.571428571428555
173.0, 34.67048710601718
174.0, 37.8299120234604
175.0, 50.50505050505051
176.0, 58.64197530864199
177.0, 51.48809523809525
178.0, 49.28774928774928
179.0, 47.92243767313019
180.0, 51.48809523809523
181.0, 45.821325648414984
182.0, 51.74418604651163
183.0, 49.848942598187314
184.0, 50.76923076923077
185.0, 53.869969040247675
186.0, 59.19003115264797
187.0, 49.224806201550386
188.0, 51.48148148148148
189.0, 50.56603773584906
190.0, 42.03539823008849
191.0, 47.73869346733669
192.0, 56.54761904761907
193.0, 61.34969325153374
194.0, 66.66666666666666
195.0, 71.94244604316549
196.0, 62.30769230769228
197.0, 51.70068027210883
198.0, 50.66666666666668
199.0, 47.88732394366198
200.0, 47.88732394366198
201.0, 48.6111111111111
202.0, 47.517730496453886
203.0, 54.32098765432099
204.0, 62.8140703517588
205.0, 64.8780487804878
206.0, 60.730593607305934
207.0, 64.01673640167365
208.0, 67.10526315789475
209.0, 73.24561403508773
210.0, 75.56561085972852
211.0, 89.67741935483872
212.0, 85.8024691358025
213.0, 84.96932515337423
214.0, 81.5625
215.0, 80.38585209003217
216.0, 84.27835051546393
217.0, 82.71954674220964
218.0, 81.45896656534956
219.0, 85.33653846153847
220.0, 92.71028037383178
221.0, 92.45647969052224
222.0, 75.39432176656152
223.0, 76.0
224.0, 76.7123287671233
225.0, 75.52000000000001
226.0, 71.08433734939759
227.0, 72.48908296943232
228.0, 70.63829787234043
229.0, 69.35933147632312
230.0, 67.06586826347305
231.0, 71.7948717948718
232.0, 67.40740740740742
233.0, 61.27717391304348
234.0, 53.27868852459017
235.0, 47.46268656716418
236.0, 54.54545454545454
237.0, 54.23143350604489
238.0, 53.23992994746059
239.0, 49.71751412429379
240.0, 53.118712273641854
241.0, 38.20224719101125
242.0, 39.08045977011495
243.0, 35.000000000000014
244.0, 36.40287769784173
245.0, 32.519083969465655
246.0, 34.29951690821255
247.0, 41.363636363636374
248.0, 37.39130434782609
249.0, 43.58578052550232
250.0, 44.47949526813881
251.0, 43.22580645161291
252.0, 42.81150159744409
253.0, 37.05501618122978
254.0, 37.29641693811075
255.0, 55.95463137996217
256.0, 56.16698292220114
257.0, 64.34782608695652
258.0, 65.54621848739495
259.0, 52.77161862527716
260.0, 49.4802494802495
261.0, 45.146726862302465
262.0, 51.58924205378975
263.0, 47.94871794871794
264.0, 54.32098765432099
265.0, 50.24154589371982
266.0, 50.0
267.0, 52.79187817258881
268.0, 58.95522388059702
269.0, 58.75000000000001
270.0, 54.02298850574712
271.0, 57.007125890736326
272.0, 52.36842105263157
273.0, 69.3735498839907
274.0, 77.50611246943762
275.0, 83.80281690140843
276.0, 80.72916666666663
277.0, 82.7079934747145
278.0, 79.66386554621849
279.0, 82.96422487223167
280.0, 84.6938775510204
281.0, 69.35933147632312
282.0, 59.51776649746193
283.0, 53.439153439153436
284.0, 58.33333333333334
285.0, 57.493188010899175
286.0, 54.1899441340782
287.0, 46.601941747572816
288.0, 45.273631840796014
289.0, 21.749408983451502
290.0, 21.24711316397226
291.0, 12.787723785166193
292.0, 12.787723785166193
293.0, 9.414758269720096
294.0, 6.146572104018915
295.0, 7.142857142857139
296.0, 11.808118081180822
297.0, 12.40310077519382
298.0, 3.2608695652173765
299.0, 22.388059701492537
300.0, 21.994134897360695
301.0, 25.000000000000014
302.0, 23.743016759776552
303.0, 23.351648351648365
304.0, 23.41597796143253
305.0, 20.782396088019595
306.0, 32.08791208791209
307.0, 29.376257545271628
308.0, 33.90191897654586
309.0, 37.323943661971846
310.0, 32.07547169811322
311.0, 32.90322580645163
312.0, 31.416837782340863
313.0, 23.744292237442934
314.0, 24.01847575057738
315.0, 20.357941834451893
316.0, 20.403587443946194
317.0, 22.1476510067114
318.0, 37.86407766990291
319.0, 48.496240601503764
320.0, 44.64646464646466
321.0, 44.28857715430861
322.0, 38.025594149908585
323.0, 40.625000000000014
324.0, 43.697478991596654
325.0, 45.263157894736835
326.0, 45.64755838641189
327.0, 39.2079207920792
328.0, 42.11576846307385
329.0, 50.283553875236294
330.0, 48.98710865561694
331.0, 48.4171322160149
332.0, 37.10407239819004
333.0, 27.03412073490813
334.0, 22.12885154061624
335.0, 26.24584717607972
336.0, 31.726907630522078
337.0, 28.113879003558708
338.0, 40.066225165562905
339.0, 44.81707317073171
340.0, 56.58362989323844
341.0, 73.30827067669173
342.0, 72.37354085603113
343.0, 73.80073800738009
344.0, 72.99270072992701
345.0, 60.7361963190184
346.0, 60.55045871559633
347.0, 61.8343195266272
348.0, 56.48648648648648
349.0, 54.145077720207254
350.0, 47.71689497716895
351.0, 54.439252336448604
352.0, 53.900709219858165
353.0, 44.930875576036875
354.0, 41.87643020594966
355.0, 41.339491916859124
356.0, 41.876430205949674
357.0, 30.15873015873015
358.0, 31.3186813186813
359.0, 41.14114114114114
360.0, 43.10850439882697
361.0, 38.72832369942197
362.0, 41.87500000000001
363.0, 45.00000000000001
364.0, 52.94117647058823
365.0, 55.55555555555556
366.0, 57.597173144876315
367.0, 58.422939068100355
368.0, 56.993006993007
369.0, 47.292418772563174
370.0, 44.40433212996389
371.0, 46.666666666666664
372.0, 49.81132075471699
373.0, 43.59999999999999
374.0, 42.91497975708503
375.0, 45.8874458874459
376.0, 45.689655172413794
377.0, 44.30379746835442
378.0, 46.87500000000001
379.0, 35.67567567567569
380.0, 11.42857142857143
381.0, 15.841584158415841
382.0, 20.0
383.0, 26.66666666666667
384.0, 32.07547169811329
385.0, 18.181818181818215
386.0, 7.547169811320842
387.0, 7.017543859649194
388.0, 8.620689655172455
389.0, 11.111111111111157
390.0, 9.28571428571432
391.0, 8.333333333333385
392.0, 8.176100628930868
393.0, 13.09523809523813
394.0, 13.2530120481928
395.0, 13.855421686747007
396.0, 13.939393939393952
397.0, 16.265060240963876
398.0, 15.11627906976743
399.0, 17.449664429530188
400.0, 22.2222222222222
401.0, 26.470588235294088
402.0, 19.354838709677395
403.0, 45.25547445255475
404.0, 55.85585585585589
405.0, 56.88073394495415
406.0, 66.66666666666666
407.0, 74.21383647798741
408.0, 77.10843373493977
409.0, 80.71065989847716
410.0, 83.11111111111111
411.0, 83.54978354978356
412.0, 88.03088803088801
413.0, 90.28776978417265
414.0, 91.78082191780821
415.0, 84.22712933753941
416.0, 76.06837606837607
417.0, 72.81553398058252
418.0, 69.87577639751552
419.0, 69.01840490797547
420.0, 68.4375
421.0, 64.31095406360424
422.0, 65.76271186440678
423.0, 58.90909090909091
424.0, 52.964426877470366
425.0, 31.632653061224474
426.0, 26.975476839237047
427.0, 21.2290502793296
428.0, 20.338983050847432
429.0, 21.686746987951793
430.0, 23.76237623762374
431.0, 23.76237623762374
432.0, 28.666666666666657
433.0, 36.66666666666665
434.0, 32.107023411371216
435.0, 32.333333333333314
436.0, 34.72668810289389
437.0, 41.59021406727828
438.0, 40.59701492537313
439.0, 73.40425531914896
440.0, 72.972972972973
441.0, 79.06976744186048
442.0, 74.09638554216869
443.0, 74.54545454545459
444.0, 72.3529411764706
445.0, 75.00000000000001
446.0, 69.78021978021978
447.0, 63.19018404907978
448.0, 68.87417218543048
449.0, 67.36111111111111
450.0, 51.612903225806456
451.0, 32.72727272727272
452.0, 29.0322580645161
453.0, 24.285714285714278
454.0, 20.895522388059675
455.0, 20.895522388059675
456.0, 38.50931677018635
457.0, 38.74999999999999
458.0, 36.47058823529412
459.0, 30.769230769230745
460.0, 34.21052631578945
461.0, 37.08609271523177
462.0, 36.18421052631578
463.0, 34.41558441558443
464.0, 40.54054054054057
465.0, 47.51773049645389
466.0, 55.37190082644628
467.0, 54.471544715447166
468.0, 55.2
469.0, 48.22695035460993
470.0, 29.310344827586164
471.0, 41.6058394160584
472.0, 41.30434782608694
473.0, 34.78260869565217
474.0, 31.884057971014485
475.0, 29.62962962962962
476.0, 47.45762711864407
477.0, 47.72727272727273
478.0, 49.17127071823204
479.0, 42.26804123711341
480.0, 47.20812182741118
481.0, 49.468085106382965
482.0, 48.64864864864865
483.0, 55.17241379310343
484.0, 61.01694915254235
485.0, 55.19480519480516
486.0, 66.66666666666666
487.0, 71.1111111111111
488.0, 73.28244274809158
489.0, 76.056338028169
490.0, 67.92452830188677
491.0, 73.04347826086955
492.0, 77.69784172661868
493.0, 59.66850828729281
494.0, 50.0
495.0, 59.62441314553991
496.0, 59.06976744186046
497.0, 58.68544600938968
498.0, 53.051643192488264
499.0, 47.28033472803347
500.0, 43.5897435897436
501.0, 45.45454545454546
502.0, 42.63565891472868
503.0, 39.51612903225805
504.0, 34.48275862068965
505.0, 36.43122676579925
506.0, 26.160337552742618
507.0, 32.46073298429319
508.0, 29.383886255924168
509.0, 25.125628140703512
510.0, 24.15458937198069
511.0, 22.115384615384627
512.0, 27.18446601941747
513.0, 29.787234042553195
514.0, 26.79425837320575
515.0, 23.52941176470587
516.0, 29.292929292929273
517.0, 28.019323671497574
518.0, 28.999999999999986
519.0, 23.655913978494624
520.0, 29.591836734693857
521.0, 35.1063829787234
522.0, 45.83333333333332
523.0, 41.35338345864663
524.0, 46.45669291338584
525.0, 43.70370370370368
526.0, 41.08527131782945
527.0, 51.77304964539007
528.0, 67.19999999999996
529.0, 73.972602739726
530.0, 72.05882352941175
531.0, 81.75675675675669
532.0, 82.312925170068
533.0, 81.69014084507039
534.0, 80.88235294117644
535.0, 80.7407407407407
536.0, 80.14705882352939
537.0, 79.38931297709921
538.0, 81.11888111888109
539.0, 82.85714285714289
540.0, 82.97872340425536
541.0, 81.10236220472444
542.0, 80.95238095238099
543.0, 75.0
544.0, 72.89719626168223
545.0, 65.88235294117649
546.0, 80.0
547.0, 75.90361445783132
548.0, 61.79775280898875
549.0, 68.22429906542052
550.0, 69.99999999999996
551.0, 60.48387096774191
552.0, 57.39130434782607
553.0, 86.36363636363633
554.0, 87.04318936877073
555.0, 79.01234567901234
556.0, 82.33766233766232
557.0, 85.0
558.0, 86.53846153846155
559.0, 87.2210953346856
560.0, 87.24696356275304
561.0, 87.24696356275302
562.0, 77.65765765765765
563.0, 80.98159509202453
564.0, 75.1793400286944
565.0, 77.7934936350778
566.0, 77.85613540197461
567.0, 70.2651515151515
568.0, 66.6034155597723
569.0, 70.9486166007905
570.0, 66.05504587155963
571.0, 62.62626262626262
572.0, 57.40740740740739
573.0, 56.130790190735674
574.0, 52.81501340482573
575.0, 53.24324324324325
576.0, 61.18012422360249
577.0, 34.883720930232556
578.0, 59.00900900900901
579.0, 61.92468619246862
580.0, 61.76470588235295
581.0, 64.59143968871595
582.0, 81.5856777493606
583.0, 69.73094170403586
584.0, 70.48458149779734
585.0, 69.02050113895216
586.0, 65.30172413793102
587.0, 62.882096069868986
588.0, 64.71910112359551
589.0, 67.63485477178423
590.0, 72.19827586206895
591.0, 73.95143487858718
592.0, 71.77033492822966
593.0, 69.74358974358974
594.0, 69.74358974358974
595.0, 70.79207920792078
596.0, 46.996466431095406
597.0, 63.59832635983263
598.0, 64.48979591836735
599.0, 57.87545787545786
600.0, 57.66423357664236
601.0, 58.73605947955391
602.0, 54.29553264604811
603.0, 54.29553264604811
604.0, 48.06451612903224
605.0, 51.24223602484472
606.0, 37.5
607.0, 29.384965831435082
608.0, 27.375565610859738
609.0, 21.256038647343004
610.0, 28.117359413202934
611.0, 23.24455205811138
612.0, 18.284424379232505
613.0, 27.510917030567683
614.0, 28.0
615.0, 30.885529157667378
616.0, 36.886993603411504
617.0, 33.78076062639819
618.0, 35.529411764705884
619.0, 37.4429223744292
620.0, 43.733333333333334
621.0, 44.80874316939889
622.0, 39.709443099273585
623.0, 33.40122199592666
624.0, 40.32846715328467
625.0, 45.421903052064636
626.0, 46.678966789667896
627.0, 44.84732824427482
628.0, 45.192307692307686
629.0, 41.842610364683296
630.0, 37.67535070140281
631.0, 31.910946196660475
632.0, 37.10801393728223
633.0, 32.39436619718309
634.0, 34.53237410071942
635.0, 44.403669724770644
636.0, 47.92079207920793
637.0, 59.276018099547514
638.0, 40.454545454545425
639.0, 36.253041362530425
640.0, 39.8963730569948
641.0, 37.297297297297305
642.0, 42.73743016759777
643.0, 43.71428571428571
644.0, 45.68965517241379
645.0, 58.437499999999986
646.0, 60.179640718562865
647.0, 70.27027027027026
648.0, 73.10513447432763
649.0, 75.22522522522522
650.0, 65.61886051080549
651.0, 67.83088235294117
652.0, 75.30612244897956
653.0, 75.45638945233263
654.0, 76.68593448940268
655.0, 76.1811023622047
656.0, 75.75150300601199
657.0, 80.17857142857142
658.0, 78.4070796460177
659.0, 77.65567765567765
660.0, 73.35984095427435
661.0, 70.93275488069412
662.0, 67.78846153846152
663.0, 60.81871345029239
664.0, 81.58844765342957
665.0, 77.13004484304929
666.0, 90.4564315352697
667.0, 91.15384615384615
668.0, 76.01476014760146
669.0, 78.40531561461793
670.0, 82.04419889502762
671.0, 75.08305647840533
672.0, 80.30769230769229
673.0, 82.32044198895026
674.0, 71.63461538461539
675.0, 61.62280701754386
676.0, 63.842975206611584
677.0, 57.64023210831721
678.0, 57.64023210831721
679.0, 58.98876404494382
680.0, 56.112224448897784
681.0, 43.2937181663837
682.0, 36.067892503536065
683.0, 31.824611032531834
684.0, 24.458204334365348
685.0, 27.13414634146342
686.0, 22.626582278481024
687.0, 16.440677966101703
688.0, 17.66848816029143
689.0, 18.441064638783274
690.0, 12.859884836852203
691.0, 13.399999999999991
692.0, 13.9165009940358
693.0, 15.429687499999986
694.0, 15.594541910331387
695.0, 31.46551724137929
696.0, 50.0
697.0, 49.221183800623066
698.0, 58.46560846560845
699.0, 53.599999999999994
700.0, 64.48801742919389
701.0, 68.2
702.0, 68.75000000000001
703.0, 69.4501018329939
704.0, 64.70588235294119
705.0, 70.14652014652016
706.0, 69.07020872865276
707.0, 66.07843137254903
708.0, 64.61232604373757
709.0, 63.070539419087154
710.0, 57.25490196078432
711.0, 62.268041237113394
712.0, 54.94252873563218
713.0, 57.98122065727699
714.0, 44.83775811209437
715.0, 36.148648648648646
716.0, 38.90909090909089
717.0, 36.271186440677965
718.0, 34.62783171521035
719.0, 23.722627737226276
720.0, 20.000000000000014
721.0, 20.127795527156565
722.0, 20.192307692307708
723.0, 8.118081180811771
724.0, 9.361702127659527
725.0, 13.414634146341413
726.0, 23.07692307692308
727.0, 16.507936507936506
728.0, 14.94252873563218
729.0, 12.530120481927696
730.0, 18.609865470852014
731.0, 20.048309178743963
732.0, 38.3132530120482
733.0, 34.640522875817
734.0, 39.099526066350705
735.0, 43.66515837104073
736.0, 42.60485651214128
737.0, 39.293139293139305
738.0, 46.76524953789279
739.0, 42.25865209471768
740.0, 42.6763110307414
741.0, 43.622920517560075
742.0, 44.6124763705104
743.0, 54.192229038854805
744.0, 47.5609756097561
745.0, 51.3131313131313
746.0, 42.280285035629454
747.0, 56.264236902050094
748.0, 50.20833333333335
749.0, 44.1908713692946
750.0, 49.702970297029694
751.0, 54.50819672131147
752.0, 49.31506849315068
753.0, 52.554744525547456
754.0, 47.55784061696659
755.0, 52.85714285714285
756.0, 61.690140845070424
757.0, 52.05479452054796
758.0, 56.2130177514793
759.0, 53.29153605015675
760.0, 48.02259887005649
761.0, 41.95583596214511
762.0, 46.34146341463413
763.0, 51.75097276264591
764.0, 40.42553191489364
765.0, 44.22310756972114
766.0, 47.36842105263157
767.0, 37.16814159292034
768.0, 35.79545454545453
769.0, 36.62790697674418
770.0, 33.33333333333333
771.0, 34.824281150159734
772.0, 36.85897435897435
773.0, 39.69230769230769
774.0, 47.69736842105266
775.0, 42.391304347826086
776.0, 45.173745173745175
777.0, 42.391304347826086
778.0, 44.48669201520914
779.0, 41.83266932270916
780.0, 41.365461847389554
781.0, 58.85714285714288
782.0, 69.13580246913578
783.0, 77.22772277227725
784.0, 76.04166666666669
785.0, 88.77005347593587
786.0, 90.74889867841412
787.0, 86.09865470852021
788.0, 78.92376681614353
789.0, 79.82832618025755
790.0, 81.85328185328189
791.0, 88.8475836431227
792.0, 90.6574394463668
793.0, 84.66898954703834
794.0, 73.22033898305087
795.0, 69.90291262135923
796.0, 67.64705882352942
797.0, 59.70695970695973
798.0, 62.32876712328769
799.0, 51.92307692307691
800.0, 46.236559139784966
801.0, 46.402877697841745
802.0, 53.33333333333332
803.0, 51.102941176470566
804.0, 39.510489510489506
805.0, 38.869257950530006
806.0, 38.2142857142857
807.0, 37.28222996515677
808.0, 41.63424124513616
809.0, 52.63157894736843
810.0, 51.020408163265316
811.0, 56.81818181818182
812.0, 55.369127516778526
813.0, 64.23076923076924
814.0, 49.044585987261144
815.0, 52.959501557632386
816.0, 49.66666666666668
817.0, 45.12195121951221
818.0, 56.92307692307692
819.0, 53.94736842105264
820.0, 50.52631578947368
821.0, 55.17241379310345
822.0, 51.61290322580645
823.0, 48.86363636363635
824.0, 62.616822429906534
825.0, 67.3913043478261
826.0, 67.74193548387098
827.0, 68.75
828.0, 84.8137535816619
829.0, 76.29427792915533
830.0, 77.40259740259741
831.0, 84.65608465608466
832.0, 87.33624454148472
833.0, 88.11475409836066
834.0, 76.51245551601423
835.0, 76.37655417406751
836.0, 80.90277777777779
837.0, 75.9098786828423
838.0, 73.21772639691716
839.0, 69.51754385964912
840.0, 60.61224489795919
841.0, 63.44696969696971
842.0, 66.02112676056339
843.0, 66.60746003552399
844.0, 61.95462478184994
845.0, 57.913043478260875
846.0, 46.551724137931025
847.0, 45.96949891067539
848.0, 56.74999999999999
849.0, 62.1978021978022
850.0, 55.133928571428584
851.0, 56.52173913043479
852.0, 53.196347031963484
853.0, 53.30296127562643
854.0, 61.577608142493645
855.0, 52.1978021978022
856.0, 39.20265780730897
857.0, 50.32258064516132
858.0, 58.10810810810811
859.0, 61.42857142857144
860.0, 63.176895306859215
861.0, 50.515463917525764
862.0, 37.535816618911184
863.0, 24.19354838709677
864.0, 23.291925465838503
865.0, 33.623188405797094
866.0, 30.446194225721783
867.0, 26.433915211970074
868.0, 34.878587196467976
869.0, 56.68789808917197
870.0, 57.717041800643095
871.0, 59.785932721712534
872.0, 54.98533724340176
873.0, 60.02673796791444
874.0, 59.78552278820374
875.0, 63.5593220338983
876.0, 70.6436420722135
877.0, 76.51933701657458
878.0, 81.38528138528139
879.0, 81.25
880.0, 87.9815100154083
881.0, 92.51170046801872
882.0, 92.24555735056542
883.0, 86.94638694638698
884.0, 87.33031674208146
885.0, 74.17840375586852
886.0, 63.453815261044156
887.0, 48.4
888.0, 44.32234432234433
889.0, 42.34875444839858
890.0, 45.221843003412964
891.0, 26.878130217028385
892.0, 28.780487804878035
893.0, 23.42192691029898
894.0, 21.32231404958675
895.0, 15.59766763848394
896.0, 10.072992700729912
897.0, 9.212283044058736
898.0, 17.073170731707293
899.0, 30.44444444444443
900.0, 33.091787439613526
901.0, 34.81575603557813
902.0, 36.72922252010723
903.0, 44.945188794153474
904.0, 42.643391521197
905.0, 40.81145584725537
906.0, 45.55433589462129
907.0, 42.13197969543148
908.0, 34.016393442622956
909.0, 35.53082191780821
910.0, 33.905228758169926
911.0, 32.98887122416535
912.0, 27.938671209540047
913.0, 18.012999071494903
914.0, 18.08014911463188
915.0, 27.924850555081136
916.0, 27.806122448979593
917.0, 19.44677284157585
918.0, 24.84227129337539
919.0, 27.296360485268636
920.0, 23.657870791628753
921.0, 20.296643247462924
922.0, 25.936599423631122
923.0, 26.946107784431135
924.0, 27.663934426229503
925.0, 29.540481400437628
926.0, 30.021834061135365
927.0, 30.795072788353863
928.0, 34.39273552780931
929.0, 28.817733990147786
930.0, 31.272727272727266
931.0, 38.51351351351352
932.0, 28.981348637015785
933.0, 28.65248226950355
934.0, 30.620689655172413
935.0, 50.11135857461024
936.0, 47.56637168141594
937.0, 43.2595573440644
938.0, 57.509881422924906
939.0, 55.21821631878558
940.0, 55.04761904761905
941.0, 53.917910447761194
942.0, 45.39130434782609
943.0, 34.260869565217405
944.0, 30.13937282229965
945.0, 32.49158249158249
946.0, 34.40285204991088
947.0, 38.74045801526718
948.0, 31.55650319829425
949.0, 28.046421663442928
950.0, 29.745596868884533
951.0, 35.33190578158458
952.0, 21.497584541062793
953.0, 30.851063829787222
954.0, 31.758530183727046
955.0, 30.94629156010231
956.0, 43.767313019390585
957.0, 49.06832298136647
958.0, 55.799373040752364
959.0, 44.86301369863015
960.0, 50.64102564102565
961.0, 50.95541401273886
962.0, 52.02492211838007
963.0, 62.94964028776979
964.0, 60.64981949458485
965.0, 56.36363636363637
966.0, 55.956678700361024
967.0, 50.996015936254985
968.0, 50.0
969.0, 58.01886792452833
970.0, 60.61946902654869
971.0, 66.18357487922708
972.0, 70.58823529411767
973.0, 80.15873015873018
974.0, 70.00000000000003
975.0, 72.4264705882353
976.0, 59.73597359735975
977.0, 62.69113149847096
978.0, 62.31003039513679
979.0, 59.94152046783627
980.0, 66.8639053254438
981.0, 59.7883597883598
982.0, 52.96912114014252
983.0, 55.73033707865169
984.0, 48.04878048780488
985.0, 47.4698795180723
986.0, 44.81012658227848
987.0, 39.285714285714285
988.0, 44.78873239436621
989.0, 36.65689149560118
990.0, 40.84967320261439
991.0, 33.69565217391305
992.0, 38.162544169611316
993.0, 40.00000000000001
994.0, 38.63636363636364
995.0, 52.36220472440946
996.0, 60.73059360730595
997.0, 50.46728971962617
998.0, 57.94392523364488
999.0, 57.94392523364487
1000.0, 53.60824742268042
1001.0, 46.428571428571445
1002.0, 43.12796208530807
1003.0, 48.71794871794872
1004.0, 50.531914893617035
1005.0, 47.738693467336695
1006.0, 50.000000000000014
1007.0, 47.706422018348626
1008.0, 44.660194174757294
1009.0, 32.446808510638306
1010.0, 29.04761904761905
1011.0, 29.75609756097562
1012.0, 32.075471698113205
1013.0, 30.35714285714286
1014.0, 32.467532467532465
1015.0, 40.86538461538463
1016.0, 46.5217391304348
1017.0, 46.982758620689665
1018.0, 56.77655677655679
1019.0, 62.50000000000001
1020.0, 62.500000000000014
1021.0, 69.45454545454547
1022.0, 72.6384364820847
1023.0, 77.17041800643088
1024.0, 69.97084548104957
1025.0, 77.14285714285715
1026.0, 75.48209366391184
1027.0, 80.8695652173913
1028.0, 81.91780821917807
1029.0, 74.87046632124351
1030.0, 69.29133858267717
1031.0, 69.6103896103896
1032.0, 67.31843575418995
1033.0, 66.37931034482759
1034.0, 65.28189910979228
1035.0, 57.79036827195468
1036.0, 49.70588235294118
1037.0, 50.14577259475219
1038.0, 64.54849498327759
1039.0, 55.51020408163266
1040.0, 50.37037037037039
1041.0, 53.63321799307959
1042.0, 49.0494296577947
1043.0, 54.66101694915257
1044.0, 53.086419753086425
1045.0, 60.416666666666664
1046.0, 63.344051446945336
1047.0, 66.76384839650146
1048.0, 67.52136752136752
1049.0, 70.32640949554896
1050.0, 75.23809523809523
1051.0, 76.21951219512195
1052.0, 62.912087912087905
1053.0, 60.58201058201058
1054.0, 68.54219948849104
1055.0, 66.30434782608695
1056.0, 64.9859943977591
1057.0, 60.57441253263707
1058.0, 68.12339331619538
1059.0, 51.34474327628363
1060.0, 47.90575916230368
1061.0, 39.718309859154935
1062.0, 35.502958579881664
1063.0, 36.80981595092026
1064.0, 39.05325443786983
1065.0, 32.24755700325734
1066.0, 41.01562500000001
1067.0, 40.54054054054055
1068.0, 27.848101265822777
1069.0, 29.752066115702462
1070.0, 29.875518672199163
1071.0, 37.66816143497758
1072.0, 38.222222222222214
1073.0, 67.01030927835055
1074.0, 68.00000000000003
1075.0, 67.6616915422886
1076.0, 71.49532710280378
1077.0, 72.51184834123225
1078.0, 67.46411483253593
1079.0, 62.11453744493394
1080.0, 53.14960629921261
1081.0, 61.023622047244096
1082.0, 62.75303643724697
1083.0, 54.181818181818194
1084.0, 50.16835016835017
1085.0, 48.78892733564014
1086.0, 43.29501915708814
1087.0, 40.56224899598395
1088.0, 28.880866425992792
1089.0, 29.962546816479417
1090.0, 25.200000000000017
1091.0, 32.846715328467184
1092.0, 33.33333333333336
1093.0, 36.507936507936535
1094.0, 38.49372384937241
1095.0, 34.95575221238941
1096.0, 30.859375000000014
1097.0, 33.76068376068379
1098.0, 35.58558558558562
1099.0, 32.46753246753251
1100.0, 29.565217391304373
1101.0, 17.391304347826136
1102.0, 28.65497076023395
1103.0, 29.518072289156663
1104.0, 37.09677419354843
1105.0, 37.76595744680853
1106.0, 39.34426229508199
1107.0, 39.34426229508199
1108.0, 43.11377245508985
1109.0, 44.44444444444444
1110.0, 64.28571428571432
1111.0, 72.07792207792212
1112.0, 72.07792207792207
1113.0, 68.51851851851852
1114.0, 63.793103448275886
1115.0, 69.49152542372883
1116.0, 68.42105263157896
1117.0, 71.03825136612024
1118.0, 62.857142857142875
1119.0, 48.50299401197607
1120.0, 43.243243243243256
1121.0, 35.61643835616438
1122.0, 40.948275862068954
1123.0, 35.000000000000014
1124.0, 29.729729729729726
1125.0, 26.76056338028171
1126.0, 27.27272727272728
1127.0, 28.643216080402027
1128.0, 31.147540983606575
1129.0, 30.769230769230774
1130.0, 27.222222222222243
1131.0, 26.81564245810057
1132.0, 34.254143646408835
1133.0, 49.222797927461144
1134.0, 61.27450980392159
1135.0, 69.44444444444449
1136.0, 58.0645161290323
1137.0, 59.34065934065935
1138.0, 54.21052631578949
1139.0, 53.47593582887701
1140.0, 55.49450549450552
1141.0, 61.74863387978143
1142.0, 66.00000000000003
1143.0, 64.58333333333334
1144.0, 65.26315789473688
1145.0, 56.2814070351759
1146.0, 52.40641711229948
1147.0, 43.312101910828034
1148.0, 37.323943661971825
1149.0, 36.55172413793104
1150.0, 43.089430894308954
1151.0, 47.321428571428605
1152.0, 50.96153846153846
1153.0, 51.886792452830214
1154.0, 43.548387096774206
1155.0, 35.0
1156.0, 33.898305084745786
1157.0, 29.60000000000005
1158.0, 30.08130081300817
1159.0, 32.173913043478294
1160.0, 33.91304347826089
1161.0, 31.034482758620726
1162.0, 30.434782608695713
1163.0, 34.65346534653469
1164.0, 31.818181818181856
1165.0, 38.793103448275865
1166.0, 39.82300884955757
1167.0, 38.39285714285716
1168.0, 49.49494949494953
1169.0, 53.84615384615389
1170.0, 38.55421686746985
1171.0, 40.50632911392405
1172.0, 38.55421686746987
1173.0, 41.55844155844153
1174.0, 29.411764705882348
1175.0, 25.862068965517224
1176.0, 14.814814814814781
1177.0, 18.018018018017997
1178.0, 16.52892561983468
1179.0, 8.264462809917333
1180.0, 7.518796992481185
1181.0, 12.2302158273381
1182.0, 12.857142857142847
1183.0, 12.413793103448256
1184.0, 18.055555555555543
1185.0, 33.33333333333333
1186.0, 32.18390804597702
1187.0, 28.865979381443296
1188.0, 34.31952662721895
1189.0, 36.0248447204969
1190.0, 36.94267515923568
1191.0, 39.63414634146341
1192.0, 41.66666666666667
1193.0, 43.91891891891893
1194.0, 44.52054794520548
1195.0, 42.142857142857146
1196.0, 52.3529411764706
1197.0, 51.14942528735634
1198.0, 48.50299401197605
1199.0, 35.66433566433567
1200.0, 38.34586466165414
1201.0, 47.222222222222236
1202.0, 46.226415094339636
1203.0, 44.545454545454554
1204.0, 49.137931034482776
1205.0, 45.871559633027545
1206.0, 49.01960784313727
1207.0, 49.01960784313727
1208.0, 50.00000000000002
1209.0, 54.128440366972505
1210.0, 33.33333333333336
1211.0, 32.46753246753249
1212.0, 34.615384615384656
1213.0, 35.064935064935085
1214.0, 35.5263157894737
1215.0, 38.157894736842124
1216.0, 38.157894736842124
1217.0, 51.470588235294144
1218.0, 58.22784810126585
1219.0, 61.62790697674422
1220.0, 66.66666666666669
1221.0, 67.46987951807232
1222.0, 71.79487179487182
1223.0, 77.55102040816328
1224.0, 78.00000000000003
1225.0, 81.25000000000003
1226.0, 80.85106382978726
1227.0, 85.55555555555561
1228.0, 74.03846153846158
1229.0, 62.500000000000036
1230.0, 66.41791044776124
1231.0, 63.35877862595423
1232.0, 54.23728813559324
1233.0, 49.07407407407409
1234.0, 45.045045045045065
1235.0, 48.71794871794872
1236.0, 52.99145299145302
1237.0, 34.40860215053765
1238.0, 29.34782608695653
1239.0, 31.395348837209312
1240.0, 30.337078651685403
1241.0, 30.337078651685403
1242.0, 35.064935064935085
1243.0, 45.00000000000003
1244.0, 27.08333333333333
1245.0, 28.26086956521739
1246.0, 27.083333333333357
1247.0, 26.0
1248.0, 34.04255319148942
1249.0, 20.000000000000057
1250.0, 14.285714285714306
1251.0, 23.07692307692315
1252.0, 33.333333333333414
1253.0, 37.5000000000001
1254.0, 37.50000000000006
1255.0, 31.818181818181912
1256.0, 31.818181818181912
1257.0, 31.818181818181884
1258.0, 39.13043478260876
1259.0, 39.130434782608795
1260.0, 45.00000000000006
1261.0, 66.66666666666669
1262.0, 70.31250000000001
1263.0, 75.00000000000007
1264.0, 56.57894736842109
1265.0, 49.38271604938273
1266.0, 50.00000000000002
1267.0, 49.38271604938273
1268.0, 51.89873417721524
1269.0, 54.666666666666686
1270.0, 51.8987341772152
1271.0, 56.97674418604655
1272.0, 50.56179775280903
1273.0, 48.913043478260896
1274.0, 49.45054945054946
1275.0, 42.50000000000005
1276.0, 35.21126760563385
1277.0, 35.21126760563385
1278.0, 43.10344827586211
1279.0, 49.019607843137315
1280.0, 42.55319148936172
1281.0, 41.304347826087
1282.0, 42.55319148936172
1283.0, 32.78688524590167
1284.0, 50.000000000000036
1285.0, 50.000000000000036
1286.0, 56.250000000000014
1287.0, 57.14285714285717
1288.0, 55.38461538461545
1289.0, 48.214285714285744
1290.0, 48.214285714285744
1291.0, 48.214285714285744
1292.0, 57.14285714285721
1293.0, 66.17647058823533
1294.0, 67.16417910447768
1295.0, 62.50000000000008
1296.0, 67.07317073170739
1297.0, 84.2105263157896
1298.0, 76.56250000000009
1299.0, 78.26086956521749
1300.0, 81.01265822784819
1301.0, 75.2941176470589
1302.0, 80.00000000000006
1303.0, 82.8571428571429
1304.0, 76.10619469026551
1305.0, 72.26890756302524
1306.0, 63.281250000000014
1307.0, 45.63758389261747
1308.0, 42.23602484472051
1309.0, 42.76729559748429
1310.0, 46.47058823529413
1311.0, 40.462427745664755
1312.0, 44.13407821229052
1313.0, 38.15028901734104
1314.0, 33.53658536585367
1315.0, 35.25641025641026
1316.0, 31.125827814569533
1317.0, 23.02158273381295
1318.0, 21.917808219178085
1319.0, 25.174825174825173
1320.0, 25.714285714285722
1321.0, 31.858407079646028
1322.0, 34.95145631067962
1323.0, 43.362831858407105
1324.0, 27.659574468085125
1325.0, 26.804123711340225
1326.0, 23.65591397849468
1327.0, 25.581395348837262
1328.0, 22.000000000000043
1329.0, 19.819819819819855
1330.0, 23.214285714285765
1331.0, 27.826086956521763
1332.0, 33.00000000000006
1333.0, 39.639639639639675
1334.0, 39.639639639639675
1335.0, 41.121495327102835
1336.0, 41.90476190476193
1337.0, 39.00000000000002
1338.0, 40.62500000000002
1339.0, 41.93548387096777
1340.0, 36.170212765957466
1341.0, 40.00000000000002
1342.0, 44.94382022471913
1343.0, 45.977011494252906
1344.0, 45.977011494252906
1345.0, 37.362637362637386
1346.0, 33.33333333333336
1347.0, 29.787234042553223
1348.0, 31.818181818181827
1349.0, 32.94117647058826
1350.0, 32.55813953488375
1351.0, 30.120481927710856
1352.0, 37.63440860215056
1353.0, 41.17647058823532
1354.0, 55.55555555555559
1355.0, 53.68421052631583
1356.0, 53.6842105263158
1357.0, 57.95454545454548
1358.0, 52.22222222222224
1359.0, 52.80898876404498
1360.0, 58.750000000000036
1361.0, 54.79452054794522
1362.0, 60.00000000000005
1363.0, 62.66666666666671
1364.0, 64.00000000000003
1365.0, 62.50000000000004
1366.0, 53.84615384615387
1367.0, 51.470588235294144
1368.0, 36.538461538461554
1369.0, 42.10526315789475
1370.0, 44.44444444444447
1371.0, 49.056603773584925
1372.0, 56.25000000000006
1373.0, 71.42857142857147
1374.0, 72.72727272727278
1375.0, 60.416666666666735
1376.0, 59.57446808510643
1377.0, 52.27272727272732
1378.0, 54.34782608695658
1379.0, 53.333333333333364
1380.0, 55.813953488372185
1381.0, 67.56756756756766
1382.0, 53.84615384615389
1383.0, 51.351351351351454
1384.0, 54.2857142857144
1385.0, 45.94594594594603
1386.0, 38.095238095238116
1387.0, 40.909090909090935
1388.0, 39.53488372093029
1389.0, 43.589743589743605
1390.0, 51.111111111111185
1391.0, 54.545454545454604
1392.0, 47.72727272727277
1393.0, 40.8163265306123
1394.0, 47.16981132075473
1395.0, 56.25000000000004
1396.0, 56.25000000000004
1397.0, 60.563380281690165
1398.0, 60.563380281690165
1399.0, 62.31884057971018
1400.0, 68.75000000000006
1401.0, 69.23076923076927
1402.0, 71.01449275362323
1403.0, 69.01408450704228
1404.0, 60.00000000000005
1405.0, 55.40540540540544
1406.0, 57.74647887323946
1407.0, 57.74647887323946
1408.0, 57.74647887323949
1409.0, 50.819672131147605
1410.0, 60.65573770491807
1411.0, 42.37288135593225
1412.0, 55.26315789473688
1413.0, 59.493670886075975
1414.0, 64.83516483516486
1415.0, 58.2417582417583
1416.0, 58.69565217391307
1417.0, 63.736263736263794
1418.0, 55.76923076923078
1419.0, 62.727272727272776
1420.0, 64.03508771929829
1421.0, 68.75000000000006
1422.0, 70.08547008547013
1423.0, 69.5652173913044
1424.0, 69.5652173913044
1425.0, 75.47169811320761
1426.0, 70.78651685393265
1427.0, 70.45454545454552
1428.0, 56.97674418604655
1429.0, 59.036144578313284
1430.0, 58.5365853658537
1431.0, 55.696202531645625
1432.0, 75.75757575757584
1433.0, 65.00000000000003
1434.0, 61.4035087719299
1435.0, 46.26865671641796
1436.0, 40.98360655737709
1437.0, 36.764705882352985
1438.0, 34.848484848484844
1439.0, 45.45454545454546
1440.0, 44.30379746835443
1441.0, 38.271604938271594
1442.0, 51.250000000000036
1443.0, 50.00000000000002
1444.0, 45.56962025316459
1445.0, 52.808988764044955
1446.0, 53.84615384615386
1447.0, 55.056179775280945
1448.0, 55.05617977528092
1449.0, 67.08860759493676
1450.0, 62.820512820512874
1451.0, 71.05263157894743
1452.0, 64.10256410256414
1453.0, 58.20895522388066
1454.0, 60.60606060606066
1455.0, 79.16666666666671
1456.0, 76.74418604651169
1457.0, 68.0412371134021
1458.0, 74.1071428571429
1459.0, 75.21367521367526
1460.0, 74.56140350877197
1461.0, 73.9130434782609
1462.0, 72.64957264957268
1463.0, 68.06722689075634
1464.0, 73.28244274809164
1465.0, 74.26470588235298
1466.0, 77.09923664122141
1467.0, 77.94117647058827
1468.0, 77.20588235294122
1469.0, 68.31683168316835
1470.0, 69.52380952380956
1471.0, 82.41758241758244
1472.0, 78.37837837837841
1473.0, 72.41379310344833
1474.0, 61.66666666666672
1475.0, 50.68493150684933
1476.0, 54.1666666666667
1477.0, 64.93506493506496
1478.0, 50.000000000000036
1479.0, 46.969696969697004
1480.0, 47.69230769230774
1481.0, 45.161290322580676
1482.0, 54.79452054794522
1483.0, 73.55371900826448
1484.0, 65.89147286821706
1485.0, 62.8787878787879
1486.0, 65.49295774647891
1487.0, 61.184210526315795
1488.0, 65.56291390728478
1489.0, 77.12418300653596
1490.0, 77.98742138364781
1491.0, 81.38297872340426
1492.0, 77.27272727272725
1493.0, 74.99999999999999
1494.0, 70.33492822966507
1495.0, 71.94570135746606
1496.0, 71.42857142857142
1497.0, 66.30434782608697
1498.0, 72.52747252747253
1499.0, 79.72972972972971
1500.0, 75.56561085972851
1501.0, 79.4392523364486
1502.0, 79.62962962962963
1503.0, 69.86301369863016
1504.0, 65.61085972850681
1505.0, 58.24175824175825
1506.0, 65.06024096385545
1507.0, 57.44680851063833
1508.0, 56.25000000000002
1509.0, 55.78947368421054
1510.0, 50.25641025641027
1511.0, 49.21465968586388
1512.0, 44.44444444444445
1513.0, 32.258064516129025
1514.0, 33.78378378378376
1515.0, 37.97468354430381
1516.0, 35.94771241830067
1517.0, 36.666666666666664
1518.0, 39.00709219858155
1519.0, 34.39490445859873
1520.0, 27.80748663101606
1521.0, 32.71604938271609
1522.0, 42.857142857142854
1523.0, 35.44303797468356
1524.0, 36.36363636363639
1525.0, 36.36363636363639
1526.0, 41.93548387096776
1527.0, 45.45454545454546
1528.0, 45.18072289156627
1529.0, 39.24050632911395
1530.0, 38.46153846153846
1531.0, 46.89655172413795
1532.0, 46.25850340136057
1533.0, 49.27536231884061
1534.0, 60.71428571428576
1535.0, 57.264957264957296
1536.0, 45.132743362831896
1537.0, 48.11320754716983
1538.0, 53.53535353535358
1539.0, 45.55555555555558
1540.0, 37.209302325581426
1541.0, 16.6666666666667
1542.0, 22.38805970149258
1543.0, 21.739130434782652
1544.0, 16.09195402298856
1545.0, 4.651162790697725
1546.0, 27.272727272727295
1547.0, 30.434782608695656
1548.0, 31.01265822784812
1549.0, 32.679738562091515
1550.0, 36.80555555555558
1551.0, 39.31034482758623
1552.0, 38.888888888888886
1553.0, 39.16083916083916
1554.0, 43.44827586206897
1555.0, 42.2818791946309
1556.0, 43.42105263157898
1557.0, 39.75903614457832
1558.0, 43.708609271523194
1559.0, 61.682242990654224
1560.0, 39.70588235294117
1561.0, 33.82352941176474
1562.0, 52.80898876404493
1563.0, 50.54945054945053
1564.0, 47.25274725274724
1565.0, 43.33333333333333
1566.0, 47.42268041237114
1567.0, 40.707964601769945
1568.0, 36.44859813084113
1569.0, 38.8349514563107
1570.0, 34.02061855670104
1571.0, 37.93103448275864
1572.0, 39.28571428571431
1573.0, 41.25000000000002
1574.0, 50.0
1575.0, 52.74725274725276
1576.0, 40.27777777777777
1577.0, 42.02898550724639
1578.0, 41.428571428571416
1579.0, 32.58426966292136
1580.0, 21.42857142857143
1581.0, 28.048780487804876
1582.0, 25.555555555555543
1583.0, 37.962962962962955
1584.0, 35.042735042735046
1585.0, 32.283464566929126
1586.0, 33.07086614173227
1587.0, 35.65891472868216
1588.0, 26.66666666666667
1589.0, 25.20325203252034
1590.0, 24.590163934426215
1591.0, 26.400000000000006
1592.0, 26.190476190476204
1593.0, 29.729729729729726
1594.0, 34.73684210526315
1595.0, 29.807692307692307
1596.0, 33.33333333333336
1597.0, 15.294117647058854
1598.0, 20.51282051282051
1599.0, 32.786885245901644
1600.0, 36.923076923076934
1601.0, 62.037037037037024
1602.0, 66.97247706422019
1603.0, 75.38461538461536
1604.0, 74.6031746031746
1605.0, 73.98373983739836
1606.0, 79.06976744186046
1607.0, 80.95238095238096
1608.0, 82.57575757575758
1609.0, 83.84615384615387
1610.0, 84.32835820895525
1611.0, 89.7637795275591
1612.0, 84.73282442748095
1613.0, 84.96240601503763
1614.0, 86.01398601398606
1615.0, 76.00000000000004
1616.0, 66.03773584905663
1617.0, 56.097560975609774
1618.0, 56.097560975609774
1619.0, 58.62068965517242
1620.0, 59.09090909090911
1621.0, 63.2183908045977
1622.0, 36.363636363636374
1623.0, 29.813664596273284
1624.0, 20.673076923076934
1625.0, 29.487179487179503
1626.0, 29.11392405063293
1627.0, 33.06772908366534
1628.0, 27.983539094650197
1629.0, 32.6771653543307
1630.0, 34.01639344262294
1631.0, 34.81781376518218
1632.0, 31.27272727272728
1633.0, 30.514705882352942
1634.0, 28.409090909090907
1635.0, 28.136882129277552
1636.0, 39.1111111111111
1637.0, 44.22110552763819
1638.0, 64.02439024390246
1639.0, 59.58904109589043
1640.0, 63.97058823529412
1641.0, 55.37190082644628
1642.0, 52.755905511811015
1643.0, 46.42857142857143
1644.0, 44.06779661016948
1645.0, 45.901639344262286
1646.0, 63.80952380952379
1647.0, 61.904761904761905
1648.0, 53.982300884955755
1649.0, 55.55555555555557
1650.0, 48.57142857142858
1651.0, 55.319148936170215
1652.0, 45.45454545454543
1653.0, 34.66666666666666
1654.0, 32.49999999999997
1655.0, 36.36363636363635
1656.0, 33.73493975903614
1657.0, 35.294117647058826
1658.0, 42.68292682926831
1659.0, 41.97530864197532
1660.0, 23.711340206185582
1661.0, 28.712871287128706
1662.0, 29.292929292929287
1663.0, 19.827586206896555
1664.0, 18.400000000000006
1665.0, 19.047619047619065
1666.0, 20.312500000000014
1667.0, 21.311475409836078
1668.0, 22.222222222222243
1669.0, 20.000000000000014
1670.0, 25.961538461538467
1671.0, 22.32142857142857
1672.0, 22.32142857142857
1673.0, 16.21621621621624
1674.0, 20.689655172413808
1675.0, 14.814814814814824
1676.0, 16.438356164383578
1677.0, 35.59322033898306
1678.0, 57.14285714285714
1679.0, 56.451612903225815
1680.0, 55.0
1681.0, 64.86486486486488
1682.0, 65.78947368421055
1683.0, 67.56756756756755
1684.0, 63.51351351351352
1685.0, 80.68181818181819
1686.0, 75.86206896551724
1687.0, 84.84848484848486
1688.0, 79.24528301886791
1689.0, 75.67567567567568
1690.0, 67.74193548387098
1691.0, 50.67567567567568
1692.0, 48.59154929577464
1693.0, 48.22695035460992
1694.0, 48.95104895104894
1695.0, 39.568345323741006
1696.0, 37.588652482269495
1697.0, 41.37931034482757
1698.0, 35.294117647058826
1699.0, 26.174496644295303
1700.0, 26.71232876712328
1701.0, 15.789473684210492
1702.0, 28.671328671328666
1703.0, 27.70270270270268
1704.0, 31.343283582089555
1705.0, 41.17647058823528
1706.0, 38.144329896907216
1707.0, 41.747572815533985
1708.0, 39.04761904761905
1709.0, 43.15789473684212
1710.0, 42.70833333333333
1711.0, 40.86021505376345
1712.0, 52.77777777777778
1713.0, 47.2972972972973
1714.0, 49.33333333333332
1715.0, 50.68493150684933
1716.0, 45.45454545454545
1717.0, 51.72413793103448
1718.0, 56.25
1719.0, 56.25
1720.0, 50.79365079365081
1721.0, 43.33333333333333
1722.0, 41.935483870967744
1723.0, 41.935483870967744
1724.0, 47.45762711864408
1725.0, 42.857142857142854
1726.0, 53.70370370370371
1727.0, 52.72727272727274
1728.0, 50.94339622641511
1729.0, 49.09090909090907
1730.0, 39.13043478260872
1731.0, 43.47826086956523
1732.0, 39.53488372093022
1733.0, 38.63636363636364
1734.0, 40.47619047619048
1735.0, 45.0
1736.0, 47.368421052631575
1737.0, 50.0
1738.0, 55.813953488372064
1739.0, 51.06382978723407
1740.0, 43.18181818181817
1741.0, 50.0
1742.0, 46.34146341463411
1743.0, 56.410256410256444
1744.0, 51.428571428571466
1745.0, 48.48484848484852
1746.0, 36.36363636363639
1747.0, 48.64864864864868
1748.0, 59.999999999999986
1749.0, 59.09090909090909
1750.0, 65.0
1751.0, 64.10256410256409
1752.0, 51.428571428571466
1753.0, 61.29032258064513
1754.0, 72.97297297297295
1755.0, 74.99999999999997
1756.0, 65.21739130434786
1757.0, 60.0
1758.0, 64.00000000000003
1759.0, 72.72727272727275
1760.0, 73.84615384615388
1761.0, 74.62686567164184
1762.0, 65.07936507936509
1763.0, 56.94444444444446
1764.0, 53.24675324675324
1765.0, 55.55555555555556
1766.0, 59.25925925925925
1767.0, 56.62650602409637
1768.0, 51.999999999999986
1769.0, 46.15384615384618
1770.0, 46.75324675324676
1771.0, 50.632911392405084
1772.0, 51.24999999999997
1773.0, 36.764705882352956
1774.0, 36.76470588235293
1775.0, 35.82089552238803
1776.0, 38.70967741935482
1777.0, 39.34426229508197
1778.0, 44.82758620689658
1779.0, 37.93103448275864
1780.0, 32.20338983050844
1781.0, 35.087719298245574
1782.0, 43.93939393939395
1783.0, 50.793650793650784
1784.0, 62.903225806451616
1785.0, 64.0625
1786.0, 64.61538461538466
1787.0, 63.63636363636361
1788.0, 74.39024390243902
1789.0, 58.06451612903228
1790.0, 64.22018348623854
1791.0, 69.30693069306929
1792.0, 60.176991150442475
1793.0, 64.65517241379311
1794.0, 66.96428571428572
1795.0, 59.2
1796.0, 53.27868852459015
1797.0, 52.100840336134446
1798.0, 46.61016949152544
1799.0, 39.83739837398374
1800.0, 33.59999999999998
1801.0, 36.065573770491795
1802.0, 30.973451327433622
1803.0, 33.01886792452828
1804.0, 20.879120879120876
1805.0, 20.65217391304347
1806.0, 24.35897435897435
1807.0, 16.216216216216225
1808.0, 27.906976744186068
1809.0, 30.769230769230774
1810.0, 33.33333333333336
1811.0, 32.43243243243245
1812.0, 33.80281690140845
1813.0, 42.85714285714287
1814.0, 54.99999999999999
1815.0, 46.2686567164179
1816.0, 40.983606557377044
1817.0, 39.062500000000014
1818.0, 43.28358208955223
1819.0, 37.179487179487204
1820.0, 30.526315789473713
1821.0, 31.18279569892475
1822.0, 20.7317073170732
1823.0, 25.316455696202553
1824.0, 24.390243902439053
1825.0, 36.170212765957466
1826.0, 35.416666666666686
1827.0, 34.736842105263165
1828.0, 29.670329670329664
1829.0, 38.20224719101125
1830.0, 32.60869565217392
1831.0, 33.70786516853934
1832.0, 36.55913978494625
1833.0, 40.47619047619047
1834.0, 50.74626865671642
1835.0, 48.57142857142857
1836.0, 50.70422535211267
1837.0, 45.20547945205481
1838.0, 40.74074074074074
1839.0, 28.358208955223873
1840.0, 29.230769230769226
1841.0, 25.373134328358205
1842.0, 32.39436619718309
1843.0, 27.272727272727266
1844.0, 28.125
1845.0, 39.655172413793096
1846.0, 30.000000000000014
1847.0, 30.000000000000014
1848.0, 26.785714285714292
1849.0, 28.846153846153868
1850.0, 37.28813559322035
1851.0, 37.288135593220346
1852.0, 46.93877551020408
1853.0, 61.76470588235292
1854.0, 69.33333333333333
1855.0, 66.66666666666666
1856.0, 54.117647058823536
1857.0, 56.666666666666664
1858.0, 56.666666666666664
1859.0, 57.14285714285714
1860.0, 53.60824742268042
1861.0, 49.523809523809526
1862.0, 53.92156862745099
1863.0, 51.40186915887851
1864.0, 49.01960784313725
1865.0, 50.5050505050505
1866.0, 50.5050505050505
1867.0, 40.243902439024396
1868.0, 31.08108108108108
1869.0, 34.32835820895524
1870.0, 42.59259259259259
1871.0, 31.37254901960783
1872.0, 36.17021276595744
1873.0, 24.444444444444457
1874.0, 27.84810126582279
1875.0, 34.37500000000003
1876.0, 21.621621621621628
1877.0, 23.5294117647059
1878.0, 10.526315789473685
1879.0, 9.523809523809533
1880.0, 5.769230769230774
1881.0, 1.8518518518518476
1882.0, 1.6129032258064484
1883.0, 16.438356164383563
1884.0, 25.509830260105005
1885.0, 29.629629629629633
1886.0, 20.627802690582968
1887.0, 21.100917431192656
1888.0, 21.19815668202766
1889.0, 21.29629629629629
1890.0, 22.772277227722782
1891.0, 23.0
1892.0, 25.000000000000014
1893.0, 26.74418604651163
1894.0, 29.870129870129873
1895.0, 32.432432432432435
1896.0, 36.92875827050315
1897.0, 26.09087630724848
1898.0, 11.376146788990852
1899.0, 5.151199165797706
1900.0, 12.70576131687244
1901.0, 35.380116959064324
1902.0, 26.51847213525359
1903.0, 35.91108328115216
1904.0, 33.79493223335298
1905.0, 31.05035192203573
1906.0, 32.867685819715334
1907.0, 27.14410100130607
1908.0, 32.956966340008535
1909.0, 39.41085868309588
1910.0, 37.25204731574159
1911.0, 33.05497564370215
1912.0, 43.75
1913.0, 40.58559211479923
1914.0, 39.99999999999999
1915.0, 36.31539044730856
1916.0, 42.37288135593221
1917.0, 42.37288135593221
1918.0, 42.37288135593221
1919.0, 44.642857142857146
1920.0, 38.70967741935485
1921.0, 36.090225563909776
1922.0, 34.61538461538461
1923.0, 32.539682539682545
1924.0, 34.23513694054775
1925.0, 37.667371388301625
1926.0, 29.592039800995025
1927.0, 37.98076923076924
1928.0, 37.18442447582371
1929.0, 34.43427806293239
1930.0, 31.424825174825173
1931.0, 26.00548446069469
1932.0, 29.645593869731798
1933.0, 35.14625228519195
1934.0, 45.12320328542094
1935.0, 59.27174645987862
1936.0, 57.938718662952645
1937.0, 57.08703374777975
1938.0, 54.92139439507862
1939.0, 58.29908314890926
1940.0, 58.664995299279234
1941.0, 70.2794051374493
1942.0, 63.12487350738718
1943.0, 64.93256262042391
1944.0, 69.08396946564886
1945.0, 67.79026217228466
1946.0, 57.328990228013026
1947.0, 58.67507886435332
1948.0, 52.8700906344411
1949.0, 58.82352941176471
1950.0, 56.79723502304147
1951.0, 57.148978717326095
1952.0, 59.41756012749928
1953.0, 55.717869263686
1954.0, 56.507246376811594
1955.0, 38.71331828442438
1956.0, 50.0
1957.0, 47.66355140186916
1958.0, 44.23076923076923
1959.0, 45.99999999999999
1960.0, 56.310679611650485
1961.0, 49.24242424242424
1962.0, 58.94988066825775
1963.0, 50.0
1964.0, 53.63372093023255
1965.0, 45.771355716107095
1966.0, 44.52173913043479
1967.0, 47.694457382394035
1968.0, 42.32152028762198
1969.0, 61.12759643916914
1970.0, 44.84210526315788
1971.0, 41.74852652259334
1972.0, 50.45226130653267
1973.0, 66.82368775235531
1974.0, 73.57984994640942
1975.0, 53.011583011583014
1976.0, 60.40988939492517
1977.0, 64.35864709636247
1978.0, 58.73616773442052
1979.0, 54.00482185909456
1980.0, 56.70700958144226
1981.0, 54.86704074164431
1982.0, 54.922027290448355
1983.0, 61.44493804068273
1984.0, 62.49715715260405
1985.0, 64.26956128448666
1986.0, 58.46902093465849
1987.0, 60.146103896103895
1988.0, 51.19808306709265
1989.0, 57.003112494441964
1990.0, 54.148885727833104
1991.0, 54.38679245283019
1992.0, 57.477567298105676
1993.0, 62.1228448275862
1994.0, 60.192525481313695
1995.0, 65.48423423423424
1996.0, 59.797011559063996
1997.0, 58.94039735099338
1998.0, 55.79374275782156
1999.0, 52.97860034702141
2000.0, 65.24902070509233
2001.0, 55.02680965147454
2002.0, 52.899484536082475
2003.0, 56.7380787836904
2004.0, 50.591949486977114
2005.0, 46.3743676222597
2006.0, 48.497854077253216
2007.0, 45.9349593495935
2008.0, 41.86991869918698
2009.0, 39.406779661016934
2010.0, 40.78947368421052
2011.0, 29.166666666666643
2012.0, 29.857819905213248
2013.0, 33.00970873786406
2014.0, 16.867469879518083
2015.0, 17.948717948717942
2016.0, 29.16666666666667
2017.0, 31.818181818181827
2018.0, 49.10941475826973
2019.0, 46.02543720190779
2020.0, 41.34036144578313
2021.0, 50.42016806722689
2022.0, 47.142857142857146
2023.0, 57.954545454545446
2024.0, 50.495049504950494
2025.0, 61.68224299065421
2026.0, 53.01204819277108
2027.0, 56.09756097560976
2028.0, 50.0
2029.0, 50.017914725904696
2030.0, 55.14469453376205
2031.0, 50.0
2032.0, 45.242656449553
2033.0, 46.71941971645236
2034.0, 51.627313337587736
2035.0, 49.80171844018506
2036.0, 48.085513720485004
2037.0, 43.389004871259566
2038.0, 45.428051001821494
2039.0, 35.15219005196735
2040.0, 43.73433583959903
2041.0, 34.69818488813846
2042.0, 27.236580516898627
2043.0, 23.172452723680507
2044.0, 24.889624724061804
2045.0, 29.642647920328073
2046.0, 29.535495179666967
2047.0, 27.15551974214344
2048.0, 21.193092621664064
2049.0, 21.209740769835037
2050.0, 25.13812154696133
2051.0, 23.055082339579783
2052.0, 27.01098248738498
2053.0, 26.608187134502913
2054.0, 27.665706051873187
2055.0, 30.421686746987945
2056.0, 39.670070699135906
2057.0, 50.0
2058.0, 35.465116279069775
2059.0, 23.719165085388994
2060.0, 21.186440677966104
2061.0, 23.80952380952381
2062.0, 35.0
2063.0, 45.83333333333333
2064.0, 41.84100418410041
2065.0, 37.44787322768974
2066.0, 44.44444444444445
2067.0, 65.71428571428572
2068.0, 68.0
2069.0, 70.73170731707316
2070.0, 70.73170731707319
2071.0, 73.91304347826087
2072.0, 76.93436779198994
2073.0, 82.63513513513516
2074.0, 87.81713738630926
2075.0, 77.60152284263961
2076.0, 78.46685644570965
2077.0, 78.81152460984396
2078.0, 78.96952686447476
2079.0, 80.75030750307505
2080.0, 81.13700281237446
2081.0, 77.45498199279714
2082.0, 78.52732677795565
2083.0, 85.04300732717428
2084.0, 76.51189452565205
2085.0, 68.36677027408872
2086.0, 62.52565330414557
2087.0, 60.61007957559682
2088.0, 62.59445843828715
2089.0, 67.62345259148415
2090.0, 68.51851851851852
2091.0, 63.68563685636857
2092.0, 64.20765027322405
2093.0, 60.25641025641026
2094.0, 64.36781609195403
2095.0, 58.94818595362254
2096.0, 59.80445410103205
2097.0, 48.113869022577475
2098.0, 55.38461538461538
2099.0, 56.25
2100.0, 63.31738437001596
2101.0, 63.621794871794876
2102.0, 63.621794871794876
2103.0, 65.80810363006478
2104.0, 69.07356948228883
2105.0, 72.01704545454545
2106.0, 76.81331747919144
2107.0, 81.94103194103194
2108.0, 78.50877192982456
2109.0, 86.2776025236593
2110.0, 52.828054298642535
2111.0, 53.71295371295371
2112.0, 53.8716814159292
2113.0, 57.52314814814815
2114.0, 56.152927120669055
2115.0, 59.75609756097562
2116.0, 58.74999999999999
2117.0, 56.57894736842105
2118.0, 46.15384615384617
2119.0, 43.47826086956523
2120.0, 25.195618153364634
2121.0, 26.006191950464384
2122.0, 23.723723723723722
2123.0, 21.574344023323604
2124.0, 46.113989637305686
2125.0, 46.113989637305686
2126.0, 46.113989637305686
2127.0, 46.113989637305686
2128.0, 42.424242424242415
2129.0, 45.192307692307686
2130.0, 42.42424242424244
2131.0, 45.192307692307715
2132.0, 44.131455399061025
2133.0, 50.0
2134.0, 62.264150943396224
2135.0, 56.666666666666664
2136.0, 67.75233795549823
2137.0, 74.98215560314061
2138.0, 62.06064782908339
2139.0, 53.84319754035357
2140.0, 51.998401278976814
2141.0, 66.65741254858409
2142.0, 72.96056185845487
2143.0, 67.63668430335095
2144.0, 69.43364797334812
2145.0, 60.52077853761176
2146.0, 69.22091235263966
2147.0, 70.72159921989272
2148.0, 72.48875562218889
2149.0, 74.34648898001024
2150.0, 71.4081690945444
2151.0, 64.63288521199586
2152.0, 69.44444444444443
2153.0, 67.56756756756755
2154.0, 48.0
2155.0, 28.571428571428584
2156.0, 22.912423625254604
2157.0, 27.810650887573985
2158.0, 23.458038422649153
2159.0, 23.458038422649153
2160.0, 21.47302904564316
2161.0, 19.38232161874336
2162.0, 17.94871794871797
2163.0, 17.730150998538733
2164.0, 20.629699248120318
2165.0, 24.52357071213642
2166.0, 27.249747219413564
2167.0, 25.938402309913386
2168.0, 43.234100135318
2169.0, 51.882530120481924
2170.0, 50.51319648093842
2171.0, 46.0
2172.0, 51.92307692307693
2173.0, 63.04347826086957
2174.0, 57.49999999999999
2175.0, 52.77777777777778
2176.0, 65.625
2177.0, 80.39215686274508
2178.0, 82.75862068965516
2179.0, 76.66666666666666
2180.0, 62.857142857142875
2181.0, 62.857142857142875
2182.0, 62.857142857142875
2183.0, 58.33333333333334
2184.0, 62.16216216216218
2185.0, 64.10256410256412
2186.0, 62.16216216216218
2187.0, 65.85365853658536
2188.0, 67.44186046511628
2189.0, 75.00000000000001
2190.0, 74.54545454545456
2191.0, 73.0769230769231
2192.0, 84.26966292134833
2193.0, 79.7872340425532
2194.0, 82.41758241758241
2195.0, 86.36363636363635
2196.0, 71.84466019417475
2197.0, 70.47619047619048
2198.0, 70.1923076923077
2199.0, 70.75471698113208
2200.0, 72.07207207207207
2201.0, 72.32142857142857
2202.0, 68.69565217391305
2203.0, 64.07766990291262
2204.0, 62.26415094339623
2205.0, 59.0
2206.0, 32.786885245901644
2207.0, 35.08771929824562
2208.0, 35.08771929824562
2209.0, 36.19589584411106
2210.0, 45.65028273162244
2211.0, 47.7262391996362
2212.0, 56.60626651566629
2213.0, 50.98077677520597
2214.0, 40.38091573682184
2215.0, 31.242184243434778
2216.0, 40.421455938697314
2217.0, 40.421455938697314
2218.0, 42.21876389506447
2219.0, 42.21876389506447
2220.0, 36.35743519781719
2221.0, 37.203350395532816
2222.0, 41.459248413860415
2223.0, 34.89183531053733
2224.0, 53.06122448979592
2225.0, 48.14814814814815
2226.0, 30.188679245283026
2227.0, 36.36363636363635
2228.0, 44.23076923076923
2229.0, 45.09803921568627
2230.0, 54.09836065573771
2231.0, 52.38095238095238
2232.0, 57.971014492753625
2233.0, 59.420289855072475
2234.0, 56.94444444444445
2235.0, 51.89873417721519
2236.0, 53.65853658536585
2237.0, 59.036144578313255
2238.0, 47.5
2239.0, 55.69620253164557
2240.0, 65.78947368421052
2241.0, 61.333333333333336
2242.0, 58.9041095890411
2243.0, 53.15203955500618
2244.0, 41.42857142857144
2245.0, 46.47887323943662
2246.0, 40.0
2247.0, 40.90909090909091
2248.0, 46.875
2249.0, 49.18032786885246
2250.0, 42.622950819672134
2251.0, 42.622950819672134
2252.0, 59.28829915560916
2253.0, 54.94722955145119
2254.0, 43.61430395913155
2255.0, 40.99639855942377
2256.0, 50.0
2257.0, 53.415110119877326
2258.0, 59.878258568214896
2259.0, 54.63576158940398
2260.0, 55.96026490066225
2261.0, 53.311258278145694
2262.0, 53.92156862745099
2263.0, 58.51063829787235
2264.0, 60.21897810218979
2265.0, 57.08661417322835
2266.0, 48.758931929296736
2267.0, 51.79018976011457
2268.0, 58.02246289610911
2269.0, 61.73708920187794
2270.0, 53.86001029336078
2271.0, 55.28262017960909
2272.0, 51.531634697967384
2273.0, 51.42857142857142
2274.0, 47.22222222222223
2275.0, 49.85337243401758
2276.0, 38.23529411764706
2277.0, 52.272727272727266
2278.0, 50.0
2279.0, 49.462365591397834
2280.0, 46.59090909090909
2281.0, 40.697674418604656
2282.0, 46.59090909090909
2283.0, 47.67441860465116
2284.0, 41.66666666666667
2285.0, 47.5609756097561
2286.0, 44.885926685465265
2287.0, 46.05470804839558
2288.0, 52.56278831368529
2289.0, 55.0097751710655
2290.0, 57.68836494105586
2291.0, 43.10820124052378
2292.0, 43.10820124052378
2293.0, 58.43717549325027
2294.0, 59.9950024987506
2295.0, 61.548320943347875
2296.0, 50.0
2297.0, 57.139457401237514
2298.0, 57.139457401237514
2299.0, 60.86484137331594
2300.0, 54.15538429493856
2301.0, 66.07142857142858
2302.0, 72.85714285714286
2303.0, 78.88888888888891
2304.0, 83.00000000000003
2305.0, 69.74789915966386
2306.0, 73.10924369747899
2307.0, 71.42857142857143
2308.0, 70.9090909090909
2309.0, 73.03712720632987
2310.0, 78.99159663865544
2311.0, 72.22222222222223
2312.0, 67.91044776119404
2313.0, 62.50000000000001
2314.0, 61.15107913669064
2315.0, 73.65853658536585
2316.0, 67.33668341708542
2317.0, 67.66169154228854
2318.0, 66.10346266166039
2319.0, 65.83909001194618
2320.0, 65.48231342500262
2321.0, 63.574188159131246
2322.0, 66.05526904738736
2323.0, 69.73627136288712
2324.0, 68.78858369866691
2325.0, 72.26964832513684
2326.0, 80.13490859742953
2327.0, 74.76353615848663
2328.0, 77.28563953053748
2329.0, 70.43397878758392
2330.0, 70.43397878758392
2331.0, 66.890051214994
2332.0, 67.46439661634008
2333.0, 74.55771847819656
2334.0, 73.80952380952381
2335.0, 80.1980198019802
2336.0, 79.59183673469389
2337.0, 71.83908045977013
2338.0, 68.1564245810056
2339.0, 67.79661016949154
2340.0, 58.69565217391306
2341.0, 58.27338129496404
2342.0, 55.97014925373135
2343.0, 47.61904761904763
2344.0, 50.847457627118665
2345.0, 39.45578231292518
2346.0, 38.19444444444444
2347.0, 36.912751677852356
2348.0, 40.764331210191095
2349.0, 21.311475409836078
2350.0, 18.644067796610173
2351.0, 19.130434782608702
2352.0, 22.72727272727272
2353.0, 24.10714285714286
2354.0, 41.379310344827594
2355.0, 45.11278195488723
2356.0, 45.86466165413535
2357.0, 45.52238805970149
2358.0, 43.57142857142858
2359.0, 58.260869565217405
2360.0, 53.33333333333334
2361.0, 52.45901639344263
2362.0, 47.413793103448285
2363.0, 44.71544715447154
2364.0, 43.33333333333333
2365.0, 46.55172413793104
2366.0, 45.6140350877193
2367.0, 47.89915966386556
2368.0, 21.428571428571473
2369.0, 25.352112676056365
2370.0, 22.368421052631646
2371.0, 25.000000000000057
2372.0, 27.41935483870975
2373.0, 14.864864864864913
2374.0, 16.176470588235347
2375.0, 38.46153846153848
2376.0, 43.037974683544334
2377.0, 56.790123456790155
2378.0, 52.32558139534886
2379.0, 55.91397849462366
2380.0, 58.16326530612246
2381.0, 53.76344086021506
2382.0, 48.54368932038835
2383.0, 44.44444444444445
2384.0, 42.73504273504275
2385.0, 43.697478991596654
2386.0, 47.107438016528924
2387.0, 53.27102803738318
2388.0, 51.81818181818183
2389.0, 37.623762376237636
2390.0, 31.481481481481495
2391.0, 21.78217821782178
2392.0, 26.26262626262627
2393.0, 28.431372549019628
2394.0, 31.775700934579447
2395.0, 29.82456140350878
2396.0, 33.33333333333336
2397.0, 33.170731707317074
2398.0, 36.17021276595746
2399.0, 34.04255319148936
2400.0, 31.111111111111143
2401.0, 31.111111111111143
2402.0, 34.48275862068968
2403.0, 38.46153846153848
2404.0, 35.71428571428574
2405.0, 36.58536585365858
2406.0, 32.91139240506331
2407.0, 27.397260273972634
2408.0, 10.71428571428578
2409.0, 15.384615384615415
2410.0, 15.584415584415623
2411.0, 22.058823529411782
2412.0, 21.739130434782624
2413.0, 27.777777777777786
2414.0, 24.67532467532466
2415.0, 25.333333333333314
2416.0, 20.481927710843365
2417.0, 23.5294117647059
2418.0, 36.84210526315792
2419.0, 35.8974358974359
2420.0, 36.363636363636374
2421.0, 27.5
2422.0, 35.483870967741936
2423.0, 30.804150453955927
2424.0, 26.027397260273986
2425.0, 21.917808219178127
2426.0, 20.597322348094778
2427.0, 26.884779516358506
2428.0, 27.537639630888833
2429.0, 24.29305912596405
2430.0, 27.207293666026914
2431.0, 21.307925508878327
2432.0, 13.52477999073649
2433.0, 13.52477999073649
2434.0, 11.63810282981271
2435.0, 12.510711225364204
2436.0, 13.070725156669681
2437.0, 13.3211678832117
2438.0, 15.498938428874752
2439.0, 18.3969876277569
2440.0, 28.06731813246472
2441.0, 32.05128205128207
2442.0, 60.8
2443.0, 61.788617886178876
2444.0, 57.14285714285715
2445.0, 61.788617886178876
2446.0, 64.56692913385828
2447.0, 66.66666666666669
2448.0, 76.1061946902655
2449.0, 75.77092511013218
2450.0, 76.29310344827587
2451.0, 78.54251012145751
2452.0, 83.64197530864199
2453.0, 84.13173652694613
2454.0, 85.67567567567569
2455.0, 84.59302325581396
2456.0, 72.13740458015269
2457.0, 61.363636363636374
2458.0, 53.08988764044945
2459.0, 55.70652173913043
2460.0, 53.91061452513968
2461.0, 54.34173669467788
2462.0, 50.270270270270274
2463.0, 49.865951742627345
2464.0, 50.000000000000014
2465.0, 44.38642297650131
2466.0, 32.16560509554141
2467.0, 28.807947019867555
2468.0, 14.122137404580144
2469.0, 14.772727272727266
2470.0, 18.000000000000014
2471.0, 24.193548387096783
2472.0, 44.69696969696971
2473.0, 37.0689655172414
2474.0, 32.08955223880598
2475.0, 31.578947368421083
2476.0, 42.62295081967216
2477.0, 45.61403508771934
2478.0, 42.59259259259263
2479.0, 60.86956521739131
2480.0, 54.54545454545455
2481.0, 47.05882352941179
2482.0, 53.19148936170215
2483.0, 48.837209302325604
2484.0, 54.166666666666664
2485.0, 47.27272727272729
2486.0, 39.58333333333336
2487.0, 42.00000000000003
2488.0, 45.65217391304349
2489.0, 42.00840168033608
2490.0, 34.275921165381334
2491.0, 32.65306122448979
2492.0, 37.735849056603776
2493.0, 29.411764705882376
2494.0, 28.846153846153868
2495.0, 39.58333333333336
2496.0, 38.29787234042554
2497.0, 36.73469387755104
2498.0, 31.279095544225285
2499.0, 50.00000000000002
2500.0, 44.00000000000002
2501.0, 57.57575757575758
2502.0, 72.14837321179897
2503.0, 68.67092420773585
2504.0, 67.73235084383168
2505.0, 67.8613955703739
2506.0, 58.89086463658591
2507.0, 57.610350076103515
2508.0, 62.88925551660137
2509.0, 57.28789706473663
2510.0, 54.286530767765306
2511.0, 57.0106561974201
2512.0, 52.730138129229644
2513.0, 51.887148518588425
2514.0, 52.88517022504329
2515.0, 41.10913536341411
2516.0, 25.003472704542304
2517.0, 27.692307692307722
2518.0, 27.206771463119736
2519.0, 26.086956521739154
2520.0, 33.8709677419355
2521.0, 48.57142857142859
2522.0, 48.57142857142859
2523.0, 46.89655172413795
2524.0, 48.57142857142859
2525.0, 47.05882352941178
2526.0, 46.37681159420291
2527.0, 42.18750000000002
2528.0, 45.00000000000002
2529.0, 47.3684210526316
2530.0, 52.459016393442646
2531.0, 48.4848484848485
2532.0, 54.54545454545457
2533.0, 61.53846153846156
2534.0, 56.06060606060608
2535.0, 40.00000000000001
2536.0, 30.769230769230816
2537.0, 35.555555555555586
2538.0, 42.22222222222225
2539.0, 39.53488372093026
2540.0, 41.463414634146375
2541.0, 32.00000000000004
2542.0, 32.00000000000004
2543.0, 26.666666666666714
2544.0, 21.652421652421708
2545.0, 26.923076923076962
2546.0, 22.448979591836775
2547.0, 32.14285714285718
2548.0, 32.72727272727276
2549.0, 33.962264150943426
2550.0, 41.6666666666667
2551.0, 43.10344827586211
2552.0, 35.483870967741964
2553.0, 35.483870967741964
2554.0, 49.295774647887335
2555.0, 58.73015873015873
2556.0, 62.31884057971014
2557.0, 66.15384615384616
2558.0, 62.597247157390775
2559.0, 62.6865671641791
2560.0, 59.42028985507248
2561.0, 51.7241379310345
2562.0, 59.016393442622956
2563.0, 64.28571428571429
2564.0, 59.18367346938776
2565.0, 51.78571428571431
2566.0, 60.78431372549022
2567.0, 62.264150943396245
2568.0, 41.6666666666667
2569.0, 41.6666666666667
2570.0, 28.571428571428584
2571.0, 37.7777777777778
2572.0, 39.53488372093026
2573.0, 40.90909090909095
2574.0, 42.85714285714287
2575.0, 44.18604651162792
2576.0, 35.13513513513519
2577.0, 36.84210526315793
2578.0, 34.14634146341467
2579.0, 37.83783783783786
2580.0, 33.975084937712396
2581.0, 28.57142857142864
2582.0, 37.037037037037095
2583.0, 45.16129032258068
2584.0, 51.85185185185188
2585.0, 39.285714285714334
2586.0, 42.857142857142904
2587.0, 32.142857142857196
2588.0, 32.142857142857196
2589.0, 34.48275862068971
2590.0, 30.303030303030354
2591.0, 30.303030303030354
2592.0, 33.333333333333385
2593.0, 30.303030303030354
2594.0, 29.691211401425235
2595.0, 33.33333333333337
2596.0, 37.14285714285718
2597.0, 23.333333333333385
2598.0, 21.87500000000007
2599.0, 38.235294117647086
2600.0, 35.29411764705884
2601.0, 38.70967741935486
2602.0, 34.285714285714334
2603.0, 30.30303030303034
2604.0, 36.66666666666672
2605.0, 36.66666666666672
2606.0, 30.5555555555556
2607.0, 36.66666666666672
2608.0, 31.428571428571473
2609.0, 33.33333333333337
2610.0, 40.00000000000004
2611.0, 46.51162790697679
2612.0, 50.00000000000002
2613.0, 36.842105263157954
2614.0, 33.333333333333385
2615.0, 37.77777777777783
2616.0, 47.727272727272755
2617.0, 45.6521739130435
2618.0, 39.215686274509835
2619.0, 42.59259259259262
2620.0, 38.333333333333364
2621.0, 36.507936507936535
2622.0, 38.98305084745767
2623.0, 42.85714285714287
2624.0, 40.983606557377065
2625.0, 36.84210526315791
2626.0, 40.350877192982466
2627.0, 40.350877192982466
2628.0, 46.29629629629631
2629.0, 46.29629629629631
2630.0, 34.42622950819674
2631.0, 35.59322033898306
2632.0, 40.740740740740755
2633.0, 35.29411764705884
2634.0, 41.860465116279116
2635.0, 45.00000000000004
2636.0, 46.15384615384618
2637.0, 31.57894736842111
2638.0, 22.222222222222285
2639.0, 24.32432432432438
2640.0, 19.4444444444445
2641.0, 20.582181711261455
2642.0, 13.888888888888943
2643.0, 11.428571428571487
2644.0, 28.571428571428655
2645.0, 26.666666666666742
2646.0, 31.25000000000007
2647.0, 31.25000000000007
2648.0, 33.333333333333385
2649.0, 41.17647058823533
2650.0, 42.424242424242465
2651.0, 46.66666666666671
2652.0, 48.27586206896556
2653.0, 50.00000000000004
2654.0, 50.00000000000004
2655.0, 60.624431645953344
2656.0, 60.60606060606063
2657.0, 58.06451612903228
2658.0, 51.85185185185188
2659.0, 63.33333333333336
2660.0, 48.48484848484852
2661.0, 52.94117647058827
2662.0, 52.94117647058827
2663.0, 48.38709677419359
2664.0, 48.38709677419359
2665.0, 60.00000000000003
2666.0, 52.50000000000003
2667.0, 50.00000000000002
2668.0, 46.34146341463418
2669.0, 42.10526315789477
2670.0, 51.351351351351376
2671.0, 50.00000000000002
2672.0, 50.00000000000002
2673.0, 42.424242424242465
2674.0, 42.424242424242465
2675.0, 44.10120623712861
2676.0, 48.48484848484852
2677.0, 46.875000000000036
2678.0, 42.8571428571429
2679.0, 33.333333333333385
2680.0, 51.72413793103452
2681.0, 42.8571428571429
2682.0, 45.45454545454549
2683.0, 48.5714285714286
2684.0, 47.058823529411804
2685.0, 47.058823529411804
2686.0, 51.351351351351376
2687.0, 51.351351351351376
2688.0, 61.29032258064519
2689.0, 57.15815780078546
2690.0, 60.00000000000003
2691.0, 70.0
2692.0, 77.5
2693.0, 78.04878048780488
2694.0, 67.5
2695.0, 81.08108108108108
2696.0, 78.94736842105263
2697.0, 65.00000000000003
2698.0, 55.81395348837212
2699.0, 59.09090909090912
2700.0, 51.11111111111114
2701.0, 53.19148936170215
2702.0, 46.29629629629631
2703.0, 58.57142857142858
2704.0, 54.285714285714285
2705.0, 47.5409836065574
2706.0, 45.76271186440679
2707.0, 45.76271186440679
2708.0, 51.7241379310345
2709.0, 49.090909090909115
2710.0, 41.53846153846156
2711.0, 52.94117647058823
2712.0, 52.94117647058825
2713.0, 52.23880597014927
2714.0, 57.575757575757585
2715.0, 50.711367798281465
2716.0, 57.578053955744195
2717.0, 40.73731011485738
2718.0, 41.50622876557194
2719.0, 40.38091573682188
2720.0, 37.032234160800314
2721.0, 32.72098945070937
2722.0, 27.264459803564932
2723.0, 33.32777592530846
2724.0, 41.66319299708213
2725.0, 27.48874437218612
2726.0, 31.417953116066357
2727.0, 29.399646851088903
2728.0, 21.194663432383322
2729.0, 32.11861379063957
2730.0, 25.362318840579775
2731.0, 31.40495867768601
2732.0, 29.59501557632406
2733.0, 30.88685015290524
2734.0, 44.4771723122239
2735.0, 40.05305039787803
2736.0, 52.60842237586428
2737.0, 32.19084178777081
2738.0, 30.49350649350653
2739.0, 29.34266433391656
2740.0, 33.560517038777945
2741.0, 28.813559322033925
2742.0, 26.173020527859265
2743.0, 35.613810741688
2744.0, 36.548556430446226
2745.0, 43.41720304271506
2746.0, 38.346253229974174
2747.0, 43.473110637289764
2748.0, 42.1154779233382
2749.0, 48.45564615764765
2750.0, 46.14689557247969
2751.0, 48.10927196877945
2752.0, 47.75581084691426
2753.0, 57.30782689840197
2754.0, 56.52690343271174
2755.0, 57.21327242125512
2756.0, 64.78196600147821
2757.0, 55.907062221055405
2758.0, 58.36638572136838
2759.0, 51.31268049356788
2760.0, 63.1357839459865
2761.0, 51.50431933273759
2762.0, 51.48986889153756
2763.0, 48.41571609632448
2764.0, 46.14296936370779
2765.0, 53.18396226415097
2766.0, 54.62882851704449
2767.0, 39.21103686139258
2768.0, 35.538556956791425
2769.0, 40.56158565361022
2770.0, 40.56158565361022
2771.0, 46.00160470714098
2772.0, 45.254880694143196
2773.0, 54.12314458493682
2774.0, 70.50715674147378
2775.0, 77.02702702702703
2776.0, 76.57480314960631
2777.0, 77.29440946384278
2778.0, 72.59856630824375
2779.0, 70.17768822128596
2780.0, 64.28931028696091
2781.0, 67.07046579082069
2782.0, 73.08263236021773
2783.0, 75.87991718426501
2784.0, 68.48565513161789
2785.0, 68.94038769858624
2786.0, 70.65546681354999
2787.0, 62.805512220488836
2788.0, 47.04793633166763
2789.0, 53.64830353885446
2790.0, 48.29989799387967
2791.0, 44.7964571623233
2792.0, 43.3993399339934
2793.0, 50.81216774955702
2794.0, 53.08546744831844
2795.0, 53.08546744831844
2796.0, 46.08273268567848
2797.0, 39.44033790918693
2798.0, 47.31279111429597
2799.0, 44.72016895459347
2800.0, 44.61294304355496
2801.0, 53.2026397515528
2802.0, 56.33037493207753
2803.0, 48.22127356812524
2804.0, 57.86438308283817
2805.0, 65.5768332554881
2806.0, 64.56161863887186
2807.0, 66.55576450166353
2808.0, 66.66183714865257
2809.0, 69.32817915222607
2810.0, 68.41620626151013
2811.0, 66.6623942578826
2812.0, 67.08428246013668
2813.0, 70.36534189089113
2814.0, 62.8695763471138
2815.0, 59.49126803340928
2816.0, 58.97205844655218
2817.0, 65.81878005568211
2818.0, 62.15887597946502
2819.0, 47.42981669016794
2820.0, 54.794520547945226
2821.0, 47.619047619047635
2822.0, 46.15384615384617
2823.0, 37.09677419354839
2824.0, 37.09677419354839
2825.0, 39.344262295081975
2826.0, 33.33333333333333
2827.0, 28.03738317757012
2828.0, 27.7777777777778
2829.0, 30.769230769230802
2830.0, 34.54545454545455
2831.0, 26.00000000000003
2832.0, 25.004808617041775
2833.0, 30.95975232198147
2834.0, 24.390243902439053
2835.0, 18.604651162790717
2836.0, 23.68421052631581
2837.0, 37.500000000000036
2838.0, 38.47140292382666
2839.0, 45.452478399272415
2840.0, 57.40226051510101
2841.0, 60.88015307009917
2842.0, 68.5253797702853
2843.0, 58.06711842529848
2844.0, 53.57270453733478
2845.0, 55.359056806002165
2846.0, 60.70726915520628
2847.0, 64.80829783293203
2848.0, 68.5253797702853
2849.0, 68.12154696132595
2850.0, 69.95834779590419
2851.0, 63.98731816486385
2852.0, 70.32732907224482
2853.0, 54.49317038102086
2854.0, 51.90883190883192
2855.0, 43.464478836472146
2856.0, 40.50151975683893
2857.0, 53.92237819983487
2858.0, 53.04630381803415
2859.0, 48.085758039816255
2860.0, 47.08292682926832
2861.0, 49.051286868307365
2862.0, 51.77809388335705
2863.0, 53.022578295702864
2864.0, 47.14828897338405
2865.0, 46.26865671641793
2866.0, 43.14096499526966
2867.0, 53.4802784222738
2868.0, 44.45983379501388
2869.0, 51.607717041800676
2870.0, 53.32225913621265
2871.0, 44.448834452785505
2872.0, 51.816860465116314
2873.0, 67.53155680224407
2874.0, 69.64929531301216
2875.0, 79.53591160220995
2876.0, 70.47315741583257
2877.0, 79.1866527632951
2878.0, 80.89049850873455
2879.0, 80.89049850873455
2880.0, 65.8058925476603
2881.0, 47.13232537798327
2882.0, 55.27956875594547
2883.0, 56.20536176379258
2884.0, 52.41312741312742
2885.0, 53.319443129084206
2886.0, 52.40899874481028
2887.0, 50.994233446013126
2888.0, 47.4894557139988
2889.0, 36.89355539464159
2890.0, 38.62774829416227
2891.0, 31.37724550898207
2892.0, 34.44790046656301
2893.0, 36.69505055880791
2894.0, 42.33307751343058
2895.0, 69.75993544482552
2896.0, 65.13142591300303
2897.0, 56.534029136768865
2898.0, 69.76744186046511
2899.0, 71.73298543161556
2900.0, 64.0128025605121
2901.0, 66.67284179325677
2902.0, 69.23816852635629
2903.0, 61.40751140751141
2904.0, 58.33611203734578
2905.0, 62.71617497456765
2906.0, 60.71811361200429
2907.0, 57.89750789750789
2908.0, 61.40751140751141
2909.0, 57.68712718876275
2910.0, 59.26268988514266
2911.0, 67.93129482823709
2912.0, 58.18479447071664
2913.0, 65.1613880891044
2914.0, 59.72222222222224
2915.0, 59.15492957746479
2916.0, 54.88761108207006
2917.0, 59.853603603603624
2918.0, 63.563677898343826
2919.0, 60.27785653529914
2920.0, 55.91793792740664
2921.0, 57.995735607675925
2922.0, 53.89408099688475
2923.0, 54.49071108263934
2924.0, 50.69405885619102
2925.0, 50.000000000000014
2926.0, 51.4484356894554
2927.0, 34.2215988779804
2928.0, 42.397914856646416
2929.0, 34.538534728829745
2930.0, 37.69470404984429
2931.0, 35.906642728904885
2932.0, 35.89020010261676
2933.0, 41.5540540540541
2934.0, 48.483929654335995
2935.0, 45.45178896300792
2936.0, 51.72532781228437
2937.0, 44.27621861152148
2938.0, 26.905311778291065
2939.0, 15.36388140161732
2940.0, 16.84966216216226
2941.0, 32.89136013686917
2942.0, 21.1379879054426
2943.0, 25.922953451043384
2944.0, 30.2148106274732
2945.0, 30.20627295846289
2946.0, 33.95721925133695
2947.0, 30.225988700565026
2948.0, 37.293729372937314
2949.0, 38.28125000000001
2950.0, 38.28125000000001
2951.0, 37.40458015267176
2952.0, 41.52542372881358
2953.0, 48.53240337111308
2954.0, 46.77871148459388
2955.0, 26.53061224489798
2956.0, 53.05164319248828
2957.0, 48.97917517354024
2958.0, 44.22854944209313
2959.0, 47.16874292185732
2960.0, 38.88477213782884
2961.0, 52.857959416976286
2962.0, 45.83969995832758
2963.0, 47.29656663963237
2964.0, 47.29656663963237
2965.0, 49.31488078925736
2966.0, 50.666844491864516
2967.0, 54.3220548283527
2968.0, 65.65972923822994
2969.0, 81.92168546499256
2970.0, 67.37551321191705
2971.0, 68.08510638297872
2972.0, 65.15984524536756
2973.0, 67.23477594791268
2974.0, 69.22318611987383
2975.0, 67.28834870075443
2976.0, 76.30590003757986
2977.0, 73.0542235337514
2978.0, 75.11920980926432
2979.0, 73.02411252511722
2980.0, 81.20625291647224
2981.0, 78.36837075967512
2982.0, 68.69857890800299
2983.0, 68.50225790265932
2984.0, 80.25512429132142
2985.0, 75.71487348282247
2986.0, 80.52142643092598
2987.0, 69.86301369863014
2988.0, 71.68141592920354
2989.0, 62.295081967213115
2990.0, 60.85106382978724
2991.0, 59.583333333333336
2992.0, 58.63539445628999
2993.0, 56.122448979591844
2994.0, 46.78217821782179
2995.0, 47.48743718592965
2996.0, 51.34408602150539
2997.0, 44.01041666666667
2998.0, 39.9441340782123
2999.0, 51.52284263959392
3000.0, 53.18627450980392
3001.0, 59.94475138121547
3002.0, 53.78378378378379
3003.0, 64.0625
3004.0, 60.57692307692309
3005.0, 63.000000000000014
3006.0, 61.27946127946129
3007.0, 66.91176470588236
3008.0, 63.492063492063494
3009.0, 64.0
3010.0, 69.17808219178083
3011.0, 73.72262773722629
3012.0, 69.49152542372882
3013.0, 60.000000000000014
3014.0, 44.00586744899321
3015.0, 37.07865168539328
3016.0, 38.37209302325583
3017.0, 31.25000000000003
3018.0, 32.608695652173935
3019.0, 30.92783505154641
3020.0, 27.039206849932427
3021.0, 38.4526558891455
3022.0, 40.594431903686996
3023.0, 38.01973220577874
3024.0, 33.32069749810465
3025.0, 31.192334989354165
3026.0, 25.833900612661694
3027.0, 29.664299548095542
3028.0, 30.857564972130817
3029.0, 29.286169534735507
3030.0, 32.202820685023525
3031.0, 35.2832965415747
3032.0, 33.32175121612231
3033.0, 34.274481772694784
3034.0, 40.601797577178594
3035.0, 28.571428571428584
3036.0, 24.34782608695653
3037.0, 23.931623931623918
3038.0, 14.953271028037392
3039.0, 23.711340206185582
3040.0, 25.558395377264134
3041.0, 21.169686985173016
3042.0, 26.368432622554437
3043.0, 43.83392710331599
3044.0, 38.95817095349444
3045.0, 38.95817095349444
3046.0, 36.141238852735626
3047.0, 40.24152232251771
3048.0, 40.24152232251771
3049.0, 44.443072363546584
3050.0, 46.75240322161602
3051.0, 55.225440429979116
3052.0, 45.12076116125887
3053.0, 39.470913398262724
3054.0, 36.13688396192315
3055.0, 30.487804878048806
3056.0, 38.043478260869584
3057.0, 30.33707865168543
3058.0, 37.07865168539328
3059.0, 39.78494623655915
3060.0, 50.00000000000002
3061.0, 51.16279069767444
3062.0, 45.977011494252885
3063.0, 42.52873563218392
3064.0, 40.65934065934067
3065.0, 39.56043956043958
3066.0, 43.37349397590363
3067.0, 40.909090909090914
3068.0, 50.61728395061729
3069.0, 53.24675324675326
3070.0, 37.87878787878789
3071.0, 39.6825396825397
3072.0, 40.625000000000014
3073.0, 29.72972972972977
3074.0, 24.79028059010706
3075.0, 18.886123210952107
3076.0, 21.79827471798278
3077.0, 22.16599190283405
3078.0, 23.76989869753983
3079.0, 33.94348105330765
3080.0, 36.273164035689796
3081.0, 40.43611323641932
3082.0, 32.7516233766234
3083.0, 31.474258970358832
3084.0, 34.13705583756348
3085.0, 32.7516233766234
3086.0, 19.331641285955996
3087.0, 25.192943770672542
3088.0, 24.90315439955731
3089.0, 26.987560843699313
3090.0, 23.6564805057956
3091.0, 27.238403451995723
3092.0, 33.314794215795345
3093.0, 24.96871088861083
3094.0, 42.41504854368936
3095.0, 33.31744518589136
3096.0, 32.54189944134082
3097.0, 33.31744518589136
3098.0, 32.54189944134082
3099.0, 34.98498498498502
3100.0, 39.977123248498756
3101.0, 36.82824025289785
3102.0, 38.44969199178651
3103.0, 50.02084201750731
3104.0, 48.97959183673471
3105.0, 58.935611038107766
3106.0, 58.33333333333336
3107.0, 55.35714285714288
3108.0, 49.01960784313727
3109.0, 56.818181818181856
3110.0, 59.523809523809554
3111.0, 54.347826086956545
3112.0, 58.69565217391307
3113.0, 56.25000000000002
3114.0, 52.95155912924104
3115.0, 63.680387409200975
3116.0, 58.63392171910975
3117.0, 46.60018132366277
3118.0, 48.81291547958217
3119.0, 30.71979434447306
3120.0, 59.41265060240964
3121.0, 57.25689404934688
3122.0, 49.45158257599499
3123.0, 51.59948816378761
3124.0, 50.78715365239296
3125.0, 56.17489986648867
3126.0, 50.00000000000002
3127.0, 55.44154228855723
3128.0, 56.883075450630095
3129.0, 56.04878048780489
3130.0, 60.8441775108442
3131.0, 60.082372322899516
3132.0, 60.8441775108442
3133.0, 59.4925785295133
3134.0, 28.718077115673594
3135.0, 25.52291944815316
3136.0, 29.994769874477058
3137.0, 39.89672204759769
3138.0, 41.77244945933243
3139.0, 35.4789770264413
3140.0, 44.28440786465481
3141.0, 36.82319118351705
3142.0, 37.15252598501334
3143.0, 30.769230769230816
3144.0, 27.027027027027074
3145.0, 28.37684449489221
3146.0, 26.315789473684276
3147.0, 30.000000000000057
3148.0, 45.23809523809526
3149.0, 57.894736842105296
3150.0, 59.459459459459495
3151.0, 61.538461538461576
3152.0, 60.00000000000003
3153.0, 61.538461538461576
3154.0, 62.500000000000036
3155.0, 64.93506493506496
3156.0, 68.75000000000003
3157.0, 67.07317073170734
3158.0, 69.31818181818184
3159.0, 67.7777777777778
3160.0, 63.541666666666664
3161.0, 71.77419354838707
3162.0, 59.53325924749962
3163.0, 59.52683391552876
3164.0, 62.10067763794774
3165.0, 52.679528403001086
3166.0, 59.52683391552875
3167.0, 57.69467528470301
3168.0, 55.19152404237979
3169.0, 54.41980070716814
3170.0, 47.71758977480221
3171.0, 49.215317011927205
3172.0, 45.216836734693885
3173.0, 45.216836734693885
3174.0, 50.86625086625088
3175.0, 31.273408239700387
3176.0, 40.19031626084524
3177.0, 31.813094571908238
3178.0, 28.974573903324952
3179.0, 30.735032602252517
3180.0, 9.207459207459237
3181.0, 23.614775725593702
3182.0, 18.96094046264703
3183.0, 17.857142857142918
3184.0, 26.08695652173921
3185.0, 26.08695652173921
3186.0, 28.57142857142864
3187.0, 40.90909090909096
3188.0, 43.429068755439566
3189.0, 45.45454545454551
3190.0, 42.85714285714292
3191.0, 59.09090909090913
3192.0, 52.1042084168337
3193.0, 63.33333333333336
3194.0, 54.28571428571431
3195.0, 48.48484848484852
3196.0, 26.666666666666714
3197.0, 26.21661477961662
3198.0, 23.076923076923123
3199.0, 28.571428571428598
3200.0, 28.571428571428598
3201.0, 24.4604316546763
