0, 31.087
1, 30.7
2, 30.946
3, 31.073
4, 31.195
5, 31.836
6, 33.663
7, 33.663
8, 32.899
9, 32.873
10, 32.796
11, 32.842
12, 33.338
13, 32.742
14, 32.915
15, 33.579
16, 33.322
17, 33.007
18, 32.324
19, 32.758
20, 32.89
21, 32.286
22, 32.38
23, 32.38
24, 32.339
25, 32.409
26, 32.609
27, 32.416
28, 32.695
29, 32.915
30, 33.112
31, 33.305
32, 33.129
33, 32.65
34, 32.015
35, 31.426
36, 31.975
37, 31.426
38, 31.868
39, 31.821
40, 31.992
41, 31.526
42, 31.59
43, 31.419
44, 32.24
45, 32.409
46, 32.393
47, 34.042
48, 34.816
49, 34.661
50, 35.093
51, 35.551
52, 35.436
53, 35.017
54, 34.297
55, 34.793
56, 34.893
57, 34.893
58, 35.619
59, 36.217
60, 36.627
61, 36.719
62, 36.541
63, 36.688
64, 36.711
65, 37.135
66, 37.492
67, 37.7
68, 37.647
69, 37.694
70, 37.958
71, 38.445
72, 38.562
73, 38.647
74, 38.289
75, 38.589
76, 38.792
77, 38.639
78, 38.42
79, 38.632
80, 38.104
81, 38.251
82, 38.453
83, 37.638
84, 37.833
85, 38.667
86, 38.497
87, 38.605
88, 38.76
89, 39.17
90, 38.213
91, 38.437
92, 39.132
93, 39.696
94, 39.45
95, 38.554
96, 37.951
97, 37.586
98, 37.462
99, 37.339
100, 37.787
101, 36.75
102, 37.63
103, 37.068
104, 37.245
105, 37.135
106, 37.135
107, 37.382
108, 36.91
109, 37.578
110, 37.523
111, 36.867
112, 36.108
113, 35.767
114, 35.784
115, 35.852
116, 36.061
117, 35.442
118, 35.711
119, 35.41
120, 35.18
121, 34.753
122, 34.661
123, 34.955
124, 34.991
125, 34.964
126, 35.427
127, 34.869
128, 35.25
129, 35.124
130, 35.009
131, 34.816
132, 34.8
133, 34.722
134, 34.413
135, 33.839
136, 34.002
137, 33.755
138, 33.447
139, 33.384
140, 33.974
141, 33.809
142, 34.042
143, 34.081
144, 33.338
145, 33.724
146, 34.203
147, 34.661
148, 35.017
149, 35.117
150, 35.587
151, 35.442
152, 35.975
153, 35.358
154, 35.072
155, 34.042
156, 35.024
157, 34.352
158, 33.981
159, 33.422
160, 33.015
161, 33.305
162, 33.67
163, 33.152
164, 33.205
165, 33.036
166, 32.742
167, 33.539
168, 33.755
169, 32.858
170, 32.109
171, 33.33
172, 34.05
173, 33.747
174, 34.081
175, 33.957
176, 34.103
177, 34.095
178, 33.788
179, 33.802
180, 33.981
181, 33.338
182, 33.073
183, 32.881
184, 32.586
185, 33.595
186, 34.144
187, 34.328
188, 35.173
189, 35.202
190, 35.381
191, 35.619
192, 35.876
193, 35.784
194, 36.092
195, 36.224
196, 35.852
197, 36.262
198, 36.194
199, 35.806
200, 36.169
201, 35.652
202, 35.52
203, 35.511
204, 35.635
205, 35.488
206, 34.9
207, 35.303
208, 35.295
209, 35.147
210, 35.049
211, 34.444
212, 34.522
213, 34.482
214, 34.042
215, 35.273
216, 35.559
217, 35.349
218, 35.504
219, 35.587
220, 35.582
221, 35.326
222, 35.009
223, 34.715
224, 34.824
225, 34.808
226, 35.165
227, 34.924
228, 34.545
229, 34.753
230, 34.345
231, 34.622
232, 34.948
233, 34.622
234, 34.267
235, 34.159
236, 34.252
237, 34.398
238, 34.159
239, 33.989
240, 34.011
241, 33.966
242, 34.22
243, 33.579
244, 33.772
245, 34.033
246, 34.816
247, 35.14
248, 35.156
249, 35.358
250, 36.083
251, 36.023
252, 36.177
253, 36.108
254, 36.302
255, 36.077
256, 35.923
257, 35.792
258, 35.242
259, 35.049
260, 34.839
261, 35.009
262, 35.024
263, 35.403
264, 35.349
265, 35.419
266, 35.273
267, 35.381
268, 35.28
269, 35.582
270, 35.898
271, 36.146
272, 35.99
273, 36.016
274, 36.224
275, 36.253
276, 36.052
277, 36.169
278, 36.278
279, 36.378
280, 36.038
281, 35.381
282, 35.627
283, 35.82
284, 35.457
285, 35.086
286, 35.358
287, 35.696
288, 36.424
289, 36.131
290, 36.047
291, 35.852
292, 35.975
293, 35.669
294, 35.719
295, 36.185
296, 36.122
297, 36.702
298, 36.502
299, 36.526
300, 37.261
301, 37.36
302, 37.02
303, 37.035
304, 35.953
305, 35.511
306, 35.696
307, 35.595
308, 34.759
309, 34.39
310, 35.049
311, 35.551
312, 35.575
313, 35.661
314, 36.03
315, 35.859
316, 34.839
317, 35.187
318, 35.551
319, 35.784
320, 35.551
321, 35.595
322, 35.938
323, 36.517
324, 36.486
325, 36.194
326, 35.072
327, 35.217
328, 35.884
329, 35.457
330, 35.364
331, 35.395
332, 35.358
333, 35.295
334, 35.28
335, 35.358
336, 35.109
337, 35.481
338, 35.975
339, 36.634
340, 36.603
341, 36.479
342, 36.743
343, 36.486
344, 36.935
345, 37.485
346, 36.926
347, 36.811
348, 36.843
349, 36.765
350, 36.982
351, 37.871
352, 37.578
353, 37.732
354, 37.924
355, 37.347
356, 37.143
357, 37.143
358, 37.083
359, 35.915
360, 36.224
361, 35.884
362, 35.983
363, 36.016
364, 35.017
365, 35.156
366, 34.839
367, 34.893
368, 34.561
369, 34.932
370, 35.669
371, 35.511
372, 35.295
373, 35.595
374, 35.559
375, 35.915
376, 35.349
377, 35.349
378, 35.388
379, 35.876
380, 35.703
381, 35.603
382, 35.542
383, 35.627
384, 35.419
385, 34.824
386, 34.365
387, 34.591
388, 34.398
389, 34.413
390, 34.786
391, 34.413
392, 34.482
393, 34.081
394, 34.05
395, 34.065
396, 33.739
397, 33.608
398, 33.781
399, 33.788
400, 34.151
401, 34.033
402, 33.615
403, 33.772
404, 33.663
405, 34.065
406, 34.011
407, 33.731
408, 33.561
409, 33.158
410, 33.211
411, 33.439
412, 33.485
413, 33.788
414, 33.695
415, 33.996
416, 34.002
417, 33.966
418, 33.856
419, 33.831
420, 34.452
421, 34.43
422, 34.151
423, 34.622
424, 34.893
425, 35.124
426, 35.078
427, 35.303
428, 35.427
429, 35.381
430, 35.852
431, 35.703
432, 35.938
433, 35.587
434, 36.069
435, 36.023
436, 36.023
437, 35.915
438, 35.876
439, 35.792
440, 35.674
441, 35.627
442, 35.511
443, 35.683
444, 35.938
445, 36.077
446, 35.828
447, 36.471
448, 36.834
449, 36.572
450, 36.286
451, 36.061
452, 35.975
453, 36.302
454, 36.326
455, 36.479
456, 36.656
457, 35.898
458, 36.122
459, 36.047
460, 35.907
461, 35.923
462, 36.471
463, 36.773
464, 36.385
465, 36.007
466, 36.138
467, 36.409
468, 35.612
469, 35.907
470, 36.116
471, 36.238
472, 36.75
473, 36.918
474, 36.903
475, 36.695
476, 36.734
477, 36.743
478, 36.695
479, 36.795
480, 37.231
481, 36.918
482, 37.059
483, 37.161
484, 37.415
485, 37.206
486, 37.638
487, 37.664
488, 37.756
489, 37.924
490, 37.88
491, 38.112
492, 38.197
493, 37.924
494, 37.833
495, 37.615
496, 37.6
497, 37.858
498, 38.08
499, 37.485
500, 37.135
501, 37.267
502, 37.423
503, 36.347
504, 36.23
505, 36.486
506, 35.837
507, 35.202
508, 35.812
509, 35.52
510, 35.703
511, 35.767
512, 36.077
513, 35.28
514, 35.504
515, 35.612
516, 35.358
517, 35.273
518, 35.488
519, 36.394
520, 36.37
521, 36.439
522, 36.734
523, 36.517
524, 36.479
525, 36.402
526, 36.069
527, 36.069
528, 36.564
529, 36.596
530, 36.882
531, 37.33
532, 37.539
533, 37.043
534, 37.189
535, 37.36
536, 37.833
537, 38.188
538, 38.22
539, 38.344
540, 38.567
541, 38.767
542, 38.823
543, 38.976
544, 38.839
545, 38.522
546, 37.454
547, 37.916
548, 38.22
549, 38.312
550, 38.474
551, 38.675
552, 38.389
553, 38.351
554, 37.68
555, 38.128
556, 38.36
557, 38.017
558, 38.141
559, 37.951
560, 38.065
561, 38.437
562, 38.445
563, 37.707
564, 36.942
565, 37.043
566, 37.052
567, 37.238
568, 37.135
569, 36.757
570, 36.859
571, 36.51
572, 36.131
573, 35.767
574, 36.023
575, 36.224
576, 35.983
577, 36.456
578, 36.286
579, 36.827
580, 36.494
581, 36.51
582, 35.798
583, 36.138
584, 35.744
585, 36.362
586, 36.471
587, 36.734
588, 36.418
589, 36.402
590, 36.757
591, 36.867
592, 36.556
593, 36.587
594, 37.097
595, 36.889
596, 37.052
597, 37.965
598, 38.329
599, 37.841
600, 37.824
601, 37.965
602, 38.596
603, 38.46
604, 38.121
605, 36.889
606, 37.161
607, 36.278
608, 34.259
609, 34.382
610, 33.917
611, 34.151
612, 34.281
613, 32.915
614, 33.363
615, 33.889
616, 34.32
617, 32.447
618, 32.915
619, 31.983
620, 31.388
621, 31.28
622, 31.24
623, 32.225
624, 32.65
625, 32.393
626, 32.766
627, 32.609
628, 32.679
629, 32.386
630, 32.246
631, 32.827
632, 32.726
633, 32.579
634, 33.211
635, 32.594
636, 33.198
637, 32.804
638, 33.007
639, 33.283
640, 33.066
641, 32.999
642, 33.507
643, 32.517
644, 33.823
645, 34.839
646, 34.289
647, 34.305
648, 34.121
649, 34.05
650, 34.869
651, 34.668
652, 34.629
653, 35.388
654, 35.165
655, 34.846
656, 34.373
657, 35.28
658, 35.009
659, 35.703
660, 35.187
661, 35.0
662, 35.442
663, 34.365
664, 34.203
665, 33.823
666, 33.47
667, 33.138
668, 33.848
669, 34.267
670, 34.444
671, 35.436
672, 35.202
673, 34.057
674, 33.882
675, 33.802
676, 32.517
677, 32.687
678, 32.734
679, 32.602
680, 31.836
681, 31.937
682, 31.776
683, 32.029
684, 32.168
685, 32.44
686, 32.556
687, 32.24
688, 32.38
689, 32.773
690, 32.517
691, 32.796
692, 31.736
693, 31.712
694, 32.085
695, 31.419
696, 31.691
697, 31.535
698, 31.636
699, 31.983
700, 32.145
701, 31.767
702, 31.868
703, 31.211
704, 31.073
705, 30.783
706, 30.164
707, 29.904
708, 30.668
709, 30.87
710, 31.032
711, 31.652
712, 31.875
713, 31.319
714, 30.761
715, 31.046
716, 30.623
717, 29.732
718, 29.185
719, 29.243
720, 30.034
721, 29.607
722, 29.655
723, 29.601
724, 29.515
725, 29.479
726, 28.906
727, 28.939
728, 28.277
729, 27.511
730, 27.077
731, 28.848
732, 27.644
733, 27.945
734, 28.696
735, 28.664
736, 28.633
737, 29.678
738, 30.25
739, 30.645
740, 29.632
741, 29.547
742, 29.871
743, 29.446
744, 29.336
745, 29.407
746, 29.221
747, 28.704
748, 29.353
749, 28.88
750, 29.486
751, 28.682
752, 28.682
753, 29.013
754, 29.322
755, 28.989
756, 28.843
757, 27.883
758, 28.075
759, 28.125
760, 27.945
761, 27.381
762, 27.094
763, 27.465
764, 28.06
765, 27.613
766, 27.908
767, 27.666
768, 28.006
769, 28.827
770, 28.774
771, 29.507
772, 29.437
773, 29.53
774, 29.515
775, 29.446
776, 29.607
777, 29.878
778, 30.6
779, 30.685
780, 30.9
781, 30.831
782, 30.84
783, 31.335
784, 30.816
785, 31.302
786, 30.963
787, 31.104
788, 31.758
789, 32.509
790, 32.076
791, 32.556
792, 32.101
793, 32.145
794, 32.487
795, 32.695
796, 33.028
797, 32.643
798, 32.246
799, 32.316
800, 32.907
801, 32.123
802, 31.843
803, 31.675
804, 31.31
805, 32.137
806, 32.564
807, 32.834
808, 32.926
809, 33.042
810, 33.322
811, 33.313
812, 33.413
813, 33.553
814, 33.654
815, 34.002
816, 33.708
817, 34.187
818, 34.545
819, 34.869
820, 34.365
821, 34.173
822, 34.467
823, 35.024
824, 35.559
825, 34.39
826, 35.14
827, 35.273
828, 34.853
829, 35.072
830, 35.202
831, 35.202
832, 34.932
833, 34.777
834, 34.737
835, 34.413
836, 34.406
837, 34.151
838, 34.073
839, 33.152
840, 32.286
841, 32.494
842, 32.758
843, 32.416
844, 32.225
845, 31.883
846, 32.472
847, 32.472
848, 33.073
849, 33.211
850, 32.65
851, 32.409
852, 32.293
853, 32.015
854, 31.836
855, 31.953
856, 32.673
857, 31.373
858, 31.914
859, 31.975
860, 32.316
861, 32.225
862, 32.609
863, 32.926
864, 31.712
865, 30.227
866, 30.135
867, 30.096
868, 29.865
869, 30.034
870, 30.545
871, 31.683
872, 31.358
873, 32.069
874, 32.789
875, 33.724
876, 32.982
877, 33.112
878, 32.789
879, 32.941
880, 32.548
881, 32.609
882, 32.734
883, 32.881
884, 32.665
885, 32.742
886, 32.827
887, 32.517
888, 32.186
889, 33.546
890, 34.073
891, 33.747
892, 34.103
893, 34.195
894, 33.654
895, 34.39
896, 33.848
897, 35.798
898, 35.457
899, 34.668
900, 34.522
901, 34.345
902, 34.583
903, 34.73
904, 33.865
905, 34.43
906, 34.382
907, 33.865
908, 33.289
909, 32.246
910, 31.906
911, 30.506
912, 27.666
913, 27.535
914, 31.038
915, 30.19
916, 28.208
917, 28.673
918, 27.192
919, 28.964
920, 28.657
921, 27.265
922, 28.241
923, 27.69
924, 26.182
925, 27.317
926, 28.284
927, 28.939
928, 27.077
929, 27.938
930, 27.852
931, 26.714
932, 27.511
933, 27.272
934, 26.266
935, 26.839
936, 26.057
937, 27.388
938, 26.304
939, 27.009
940, 26.93
941, 25.926
942, 24.207
943, 25.926
944, 25.878
945, 26.026
946, 26.214
947, 26.476
948, 25.684
949, 26.537
950, 26.39
951, 24.788
952, 23.999
953, 24.502
954, 22.755
955, 22.97
956, 22.538
957, 23.311
958, 22.909
959, 24.015
960, 23.606
961, 24.015
962, 23.914
963, 24.179
964, 23.969
965, 23.954
966, 24.138
967, 24.215
968, 24.712
969, 24.968
970, 25.098
971, 24.78
972, 24.679
973, 24.348
974, 24.34
975, 23.644
976, 23.898
977, 23.891
978, 23.575
979, 23.891
980, 24.172
981, 23.274
982, 23.518
983, 23.606
984, 23.425
985, 23.851
986, 24.207
987, 24.294
988, 24.223
989, 24.063
990, 24.434
991, 24.518
992, 24.865
993, 24.78
994, 25.222
995, 24.865
996, 24.357
997, 23.806
998, 23.526
999, 23.366
1000, 22.538
1001, 22.298
1002, 22.012
1003, 21.563
1004, 21.416
1005, 21.978
1006, 21.331
1007, 20.952
1008, 20.61
1009, 20.239
1010, 19.032
1011, 19.519
1012, 18.29
1013, 18.654
1014, 18.415
1015, 18.613
1016, 18.312
1017, 18.95
1018, 19.211
1019, 19.436
1020, 20.102
1021, 20.61
1022, 21.291
1023, 20.944
1024, 21.423
1025, 21.095
1026, 21.13
1027, 21.284
1028, 20.479
1029, 20.223
1030, 20.647
1031, 20.79
1032, 21.095
1033, 20.935
1034, 19.737
1035, 19.659
1036, 20.007
1037, 20.287
1038, 19.743
1039, 19.363
1040, 19.73
1041, 20.093
1042, 19.985
1043, 19.497
1044, 19.312
1045, 19.35
1046, 19.398
1047, 19.164
1048, 19.448
1049, 19.928
1050, 20.324
1051, 20.146
1052, 20.773
1053, 21.026
1054, 20.682
1055, 20.782
1056, 20.935
1057, 20.97
1058, 20.883
1059, 20.869
1060, 20.402
1061, 20.386
1062, 20.372
1063, 20.656
1064, 20.758
1065, 20.664
1066, 20.324
1067, 20.279
1068, 20.926
1069, 20.58
1070, 20.402
1071, 20.44
1072, 21.269
1073, 20.996
1074, 20.843
1075, 20.877
1076, 21.019
1077, 20.861
1078, 20.727
1079, 21.026
1080, 21.363
1081, 22.064
1082, 21.779
1083, 22.057
1084, 21.995
1085, 22.25
1086, 22.173
1087, 22.143
1088, 21.747
1089, 21.886
1090, 22.173
1091, 22.236
1092, 22.327
1093, 22.243
1094, 22.939
1095, 22.057
1096, 22.096
1097, 21.77
1098, 21.927
1099, 21.786
1100, 21.702
1101, 22.029
1102, 22.205
1103, 22.861
1104, 22.954
1105, 22.939
1106, 22.97
1107, 23.11
1108, 23.084
1109, 24.091
1110, 24.478
1111, 24.719
1112, 24.657
1113, 24.464
1114, 24.928
1115, 24.742
1116, 25.105
1117, 25.054
1118, 25.284
1119, 25.733
1120, 26.214
1121, 26.437
1122, 26.492
1123, 26.112
1124, 26.206
1125, 25.962
1126, 25.77
1127, 25.584
1128, 25.989
1129, 25.67
1130, 26.266
1131, 26.214
1132, 26.492
1133, 26.421
1134, 26.251
1135, 26.266
1136, 26.157
1137, 26.097
1138, 25.795
1139, 25.77
1140, 25.701
1141, 25.693
1142, 25.576
1143, 25.84
1144, 25.624
1145, 25.778
1146, 25.609
1147, 26.182
1148, 26.251
1149, 26.514
1150, 26.235
1151, 26.112
1152, 26.358
1153, 25.997
1154, 25.989
1155, 26.182
1156, 26.242
1157, 25.971
1158, 25.71
1159, 25.501
1160, 25.406
1161, 25.469
1162, 25.346
1163, 25.316
1164, 25.778
1165, 25.98
1166, 26.133
1167, 26.266
1168, 26.492
1169, 26.39
1170, 26.894
1171, 26.593
1172, 26.692
1173, 26.93
1174, 26.746
1175, 26.886
1176, 27.048
1177, 26.559
1178, 26.544
1179, 26.188
1180, 25.803
1181, 25.576
1182, 25.477
1183, 25.848
1184, 25.501
1185, 25.997
1186, 26.072
1187, 26.128
1188, 25.284
1189, 25.439
1190, 25.887
1191, 25.701
1192, 25.609
1193, 25.261
1194, 25.29
1195, 25.913
1196, 26.089
1197, 26.188
1198, 25.778
1199, 25.871
1200, 26.576
1201, 26.73
1202, 26.529
1203, 26.459
1204, 26.537
1205, 26.421
1206, 26.428
1207, 26.459
1208, 26.863
1209, 27.179
1210, 26.313
1211, 25.878
1212, 25.524
1213, 25.962
1214, 25.609
1215, 25.539
1216, 25.532
1217, 25.677
1218, 25.887
1219, 25.756
1220, 25.77
1221, 25.284
1222, 25.501
1223, 25.105
1224, 25.253
1225, 25.161
1226, 24.936
1227, 24.88
1228, 24.837
1229, 25.137
1230, 25.046
1231, 24.603
1232, 25.061
1233, 24.502
1234, 24.023
1235, 23.773
1236, 23.598
1237, 23.674
1238, 23.782
1239, 24.207
1240, 24.215
1241, 24.371
1242, 24.393
1243, 24.332
1244, 23.859
1245, 23.891
1246, 23.798
1247, 23.846
1248, 23.829
1249, 24.192
1250, 24.464
1251, 25.112
1252, 25.191
1253, 25.075
1254, 25.253
1255, 24.995
1256, 24.65
1257, 24.903
1258, 24.727
1259, 24.332
1260, 25.067
1261, 25.331
1262, 25.556
1263, 25.741
1264, 26.026
1265, 26.097
1266, 25.778
1267, 25.84
1268, 25.98
1269, 25.778
1270, 25.855
1271, 25.997
1272, 26.041
1273, 25.855
1274, 25.98
1275, 25.947
1276, 26.105
1277, 25.778
1278, 25.656
1279, 25.624
1280, 25.98
1281, 26.097
1282, 25.904
1283, 26.128
1284, 26.722
1285, 26.901
1286, 26.93
1287, 26.948
1288, 27.071
1289, 27.279
1290, 26.963
1291, 27.302
1292, 27.344
1293, 27.259
1294, 27.1
1295, 27.309
1296, 27.613
1297, 28.162
1298, 28.711
1299, 28.719
1300, 28.262
1301, 28.512
1302, 28.673
1303, 28.217
1304, 29.151
1305, 29.151
1306, 28.673
1307, 27.775
1308, 27.179
1309, 28.107
1310, 28.496
1311, 28.633
1312, 28.549
1313, 28.533
1314, 28.419
1315, 28.191
1316, 27.991
1317, 26.8
1318, 26.791
1319, 26.483
1320, 26.257
1321, 26.344
1322, 26.906
1323, 26.708
1324, 26.121
1325, 26.584
1326, 27.024
1327, 25.98
1328, 25.77
1329, 25.825
1330, 25.818
1331, 26.414
1332, 26.374
1333, 26.676
1334, 27.024
1335, 27.381
1336, 27.728
1337, 27.815
1338, 27.573
1339, 27.055
1340, 26.668
1341, 26.637
1342, 27.109
1343, 27.381
1344, 26.894
1345, 26.495
1346, 25.971
1347, 26.097
1348, 25.887
1349, 26.692
1350, 26.871
1351, 27.171
1352, 26.879
1353, 27.419
1354, 27.542
1355, 27.55
1356, 27.055
1357, 27.179
1358, 27.234
1359, 26.813
1360, 27.381
1361, 27.945
1362, 28.463
1363, 29.059
1364, 28.673
1365, 28.254
1366, 27.899
1367, 28.394
1368, 28.61
1369, 28.835
1370, 28.719
1371, 28.682
1372, 29.013
1373, 28.897
1374, 28.34
1375, 27.921
1376, 27.69
1377, 27.806
1378, 28.139
1379, 27.969
1380, 27.309
1381, 27.317
1382, 27.179
1383, 27.077
1384, 27.265
1385, 27.259
1386, 27.829
1387, 27.293
1388, 27.519
1389, 28.326
1390, 28.318
1391, 28.463
1392, 28.125
1393, 27.844
1394, 27.875
1395, 27.699
1396, 27.829
1397, 27.728
1398, 27.613
1399, 27.458
1400, 27.496
1401, 27.883
1402, 27.658
1403, 27.783
1404, 27.419
1405, 27.96
1406, 27.899
1407, 28.069
1408, 28.208
1409, 28.183
1410, 28.478
1411, 28.326
1412, 28.696
1413, 28.571
1414, 28.65
1415, 28.865
1416, 28.65
1417, 28.604
1418, 28.843
1419, 28.865
1420, 28.897
1421, 29.113
1422, 29.038
1423, 29.136
1424, 28.889
1425, 28.797
1426, 28.504
1427, 28.446
1428, 28.292
1429, 28.354
1430, 28.143
1431, 27.844
1432, 27.822
1433, 27.875
1434, 28.225
1435, 28.402
1436, 28.2
1437, 28.006
1438, 27.598
1439, 27.482
1440, 27.326
1441, 27.529
1442, 27.179
1443, 27.135
1444, 27.317
1445, 27.192
1446, 27.259
1447, 27.179
1448, 27.582
1449, 27.674
1450, 27.52
1451, 27.332
1452, 27.682
1453, 27.419
1454, 27.613
1455, 27.699
1456, 27.59
1457, 27.535
1458, 27.651
1459, 28.04
1460, 28.04
1461, 28.2
1462, 28.053
1463, 28.471
1464, 28.496
1465, 28.58
1466, 28.58
1467, 28.897
1468, 28.906
1469, 28.943
1470, 28.964
1471, 29.06
1472, 28.905
1473, 28.83
1474, 29.229
1475, 28.964
1476, 28.913
1477, 28.913
1478, 28.98
1479, 29.022
1480, 28.989
1481, 29.038
1482, 29.074
1483, 29.113
1484, 29.122
1485, 28.88
1486, 28.872
1487, 28.78
1488, 28.971
1489, 29.192
1490, 29.229
1491, 29.206
1492, 28.641
1493, 28.556
1494, 29.151
1495, 29.006
1496, 28.998
1497, 28.78
1498, 28.897
1499, 29.052
1500, 29.168
1501, 29.3
1502, 29.105
1503, 29.038
1504, 29.013
1505, 28.897
1506, 28.939
1507, 29.067
1508, 28.82
1509, 28.726
1510, 29.059
1511, 29.246
1512, 29.252
1513, 29.64
1514, 30.043
1515, 30.08
1516, 29.779
1517, 30.004
1518, 30.004
1519, 29.479
1520, 29.386
1521, 29.043
1522, 28.641
1523, 28.284
1524, 28.216
1525, 28.463
1526, 29.122
1527, 29.105
1528, 29.067
1529, 29.113
1530, 29.353
1531, 29.307
1532, 29.547
1533, 29.949
1534, 30.152
1535, 30.374
1536, 30.615
1537, 30.72
1538, 30.862
1539, 30.545
1540, 30.397
1541, 29.925
1542, 29.646
1543, 29.594
1544, 29.857
1545, 30.337
1546, 30.089
1547, 29.987
1548, 30.692
1549, 30.87
1550, 30.84
1551, 31.172
1552, 31.465
1553, 31.604
1554, 31.329
1555, 31.503
1556, 31.508
1557, 31.266
1558, 30.874
1559, 30.97
1560, 31.063
1561, 31.657
1562, 31.492
1563, 31.851
1564, 31.549
1565, 31.303
1566, 31.149
1567, 31.149
1568, 31.179
1569, 31.111
1570, 30.695
1571, 30.639
1572, 30.631
1573, 30.796
1574, 30.853
1575, 31.193
1576, 30.812
1577, 30.695
1578, 30.349
1579, 30.162
1580, 30.14
1581, 30.14
1582, 30.015
1583, 29.88
1584, 29.967
1585, 30.148
1586, 29.92
1587, 30.13
1588, 30.437
1589, 30.821
1590, 31.086
1591, 30.97
1592, 31.094
1593, 31.609
1594, 31.726
1595, 31.829
1596, 31.931
1597, 32.108
1598, 32.486
1599, 32.529
1600, 32.608
1601, 32.807
1602, 32.664
1603, 32.163
1604, 32.418
1605, 32.463
1606, 32.141
1607, 32.307
1608, 31.836
1609, 32.372
1610, 32.556
1611, 32.894
1612, 32.711
1613, 32.627
1614, 32.348
1615, 32.04
1616, 31.802
1617, 31.482
1618, 31.726
1619, 31.2
1620, 31.498
1621, 30.526
1622, 30.599
1623, 28.665
1624, 30.058
1625, 28.633
1626, 29.726
1627, 29.173
1628, 30.264
1629, 30.329
1630, 30.314
1631, 29.425
1632, 28.801
1633, 28.569
1634, 29.425
1635, 30.249
1636, 29.767
1637, 30.105
1638, 30.937
1639, 30.889
1640, 30.929
1641, 30.47
1642, 29.83
1643, 29.401
1644, 29.853
1645, 29.655
1646, 29.117
1647, 29.401
1648, 29.703
1649, 30.035
1650, 30.399
1651, 30.795
1652, 30.556
1653, 30.692
1654, 30.279
1655, 29.276
1656, 29.241
1657, 29.299
1658, 29.569
1659, 28.943
1660, 29.483
1661, 29.006
1662, 28.466
1663, 28.784
1664, 28.757
1665, 29.23
1666, 29.061
1667, 29.686
1668, 29.639
1669, 29.844
1670, 30.082
1671, 30.51
1672, 30.138
1673, 30.367
1674, 30.264
1675, 30.375
1676, 30.792
1677, 31.039
1678, 30.255
1679, 30.692
1680, 32.053
1681, 31.624
1682, 31.283
1683, 30.392
1684, 30.905
1685, 30.896
1686, 30.722
1687, 30.751
1688, 31.273
1689, 30.722
1690, 30.759
1691, 31.161
1692, 30.577
1693, 31.144
1694, 30.912
1695, 30.921
1696, 31.039
1697, 30.736
1698, 30.489
1699, 30.2
1700, 29.999
1701, 30.706
1702, 30.887
1703, 31.922
1704, 31.946
1705, 31.482
1706, 31.737
1707, 31.622
1708, 31.761
1709, 31.45
1710, 32.114
1711, 32.137
1712, 32.114
1713, 31.561
1714, 31.969
1715, 31.89
1716, 31.65
1717, 32.202
1718, 32.522
1719, 33.236
1720, 33.357
1721, 33.9
1722, 33.619
1723, 33.966
1724, 33.627
1725, 32.918
1726, 32.706
1727, 32.442
1728, 32.091
1729, 32.371
1730, 32.901
1731, 32.813
1732, 32.92
1733, 32.827
1734, 33.16
1735, 33.299
1736, 33.035
1737, 33.108
1738, 32.93
1739, 32.843
1740, 33.379
1741, 33.46
1742, 33.216
1743, 32.819
1744, 33.2
1745, 33.619
1746, 33.41
1747, 33.691
1748, 33.486
1749, 33.664
1750, 33.478
1751, 33.549
1752, 33.323
1753, 33.428
1754, 33.252
1755, 33.089
1756, 33.779
1757, 33.691
1758, 33.593
1759, 33.509
1760, 33.816
1761, 33.946
1762, 34.027
1763, 33.816
1764, 33.686
1765, 33.719
1766, 33.462
1767, 33.501
1768, 33.454
1769, 33.446
1770, 33.534
1771, 33.946
1772, 34.134
1773, 34.003
1774, 33.494
1775, 33.518
1776, 33.606
1777, 33.397
1778, 33.388
1779, 33.259
1780, 33.187
1781, 33.106
1782, 33.549
1783, 33.606
1784, 33.462
1785, 33.606
1786, 33.606
1787, 33.868
1788, 33.76
1789, 33.579
1790, 33.053
1791, 32.887
1792, 32.441
1793, 32.448
1794, 32.49
1795, 32.336
1796, 32.676
1797, 32.962
1798, 32.645
1799, 32.466
1800, 32.881
1801, 32.682
1802, 33.12
1803, 33.259
1804, 33.314
1805, 33.456
1806, 33.38
1807, 33.332
1808, 32.94
1809, 32.767
1810, 32.382
1811, 32.291
1812, 32.438
1813, 32.332
1814, 32.637
1815, 32.601
1816, 32.431
1817, 32.257
1818, 32.339
1819, 31.931
1820, 31.578
1821, 31.685
1822, 31.724
1823, 31.381
1824, 31.709
1825, 31.792
1826, 32.12
1827, 31.931
1828, 31.997
1829, 32.044
1830, 32.112
1831, 32.389
1832, 32.954
1833, 33.076
1834, 33.185
1835, 33.167
1836, 33.215
1837, 33.349
1838, 33.701
1839, 33.945
1840, 33.973
1841, 34.25
1842, 33.792
1843, 33.323
1844, 33.398
1845, 33.373
1846, 33.267
1847, 33.635
1848, 33.814
1849, 34.25
1850, 34.685
1851, 34.716
1852, 34.397
1853, 34.19
1854, 34.161
1855, 34.208
1856, 34.494
1857, 34.348
1858, 34.739
1859, 34.569
1860, 34.724
1861, 34.724
1862, 34.511
1863, 34.413
1864, 33.732
1865, 33.305
1866, 33.145
1867, 33.502
1868, 34.02
1869, 34.152
1870, 33.973
1871, 33.936
1872, 33.635
1873, 34.053
1874, 34.282
1875, 34.011
1876, 34.144
1877, 33.921
1878, 33.905
1879, 33.646
1880, 33.882
1881, 34.237
1882, 34.336
1883, 34.494
1884, 34.452
1885, 34.302
1886, 34.229
1887, 33.846
1888, 33.791
1889, 34.121
1890, 34.385
1891, 34.345
1892, 34.138
1893, 34.436
1894, 34.775
1895, 34.443
1896, 34.584
1897, 34.476
1898, 34.484
1899, 34.328
1900, 34.146
1901, 34.395
1902, 34.113
1903, 34.229
1904, 34.285
1905, 34.376
1906, 34.311
1907, 34.643
1908, 35.14
1909, 34.856
1910, 35.031
1911, 34.74
1912, 34.584
1913, 34.411
1914, 34.328
1915, 34.254
1916, 34.452
1917, 34.484
1918, 34.476
1919, 34.452
1920, 34.476
1921, 34.459
1922, 34.171
1923, 34.459
1924, 34.411
1925, 34.849
1926, 34.826
1927, 34.527
1928, 34.484
1929, 34.402
1930, 34.345
1931, 34.429
1932, 34.285
1933, 34.484
1934, 34.328
1935, 34.138
1936, 34.021
1937, 34.163
1938, 33.145
1939, 33.36
1940, 33.259
1941, 32.896
1942, 33.022
1943, 32.794
1944, 32.324
1945, 32.263
1946, 32.273
1947, 31.972
1948, 31.837
1949, 31.93
1950, 31.998
1951, 32.006
1952, 32.208
1953, 32.568
1954, 32.867
1955, 33.037
1956, 33.366
1957, 33.639
1958, 33.615
1959, 33.623
1960, 33.793
1961, 33.785
1962, 33.892
1963, 33.692
1964, 33.656
1965, 34.368
1966, 34.713
1967, 34.386
1968, 34.689
1969, 34.595
1970, 34.494
1971, 34.077
1972, 34.068
1973, 33.758
1974, 34.354
1975, 35.341
1976, 35.45
1977, 36.038
1978, 35.618
1979, 35.6
1980, 35.871
1981, 35.963
1982, 36.154
1983, 36.582
1984, 36.799
1985, 36.154
1986, 36.524
1987, 36.642
1988, 36.934
1989, 37.312
1990, 37.529
1991, 37.682
1992, 38.235
1993, 38.769
1994, 38.545
1995, 38.678
1996, 38.869
1997, 38.538
1998, 38.83
1999, 39.171
2000, 39.055
2001, 39.282
2002, 39.375
2003, 39.399
2004, 39.699
2005, 39.53
2006, 39.31
2007, 39.708
2008, 39.708
2009, 39.48
2010, 39.843
2011, 39.361
2012, 39.413
2013, 39.564
2014, 39.801
2015, 39.86
2016, 40.176
2017, 40.478
2018, 40.486
2019, 40.469
2020, 40.563
2021, 40.726
2022, 40.453
2023, 40.631
2024, 40.835
2025, 41.01
2026, 40.86
2027, 41.003
2028, 41.216
2029, 41.072
2030, 41.029
2031, 40.893
2032, 41.199
2033, 41.132
2034, 41.512
2035, 41.46
2036, 41.413
2037, 41.282
2038, 41.716
2039, 41.664
2040, 41.96
2041, 41.604
2042, 42.044
2043, 42.128
2044, 42.128
2045, 40.971
2046, 41.732
2047, 41.367
2048, 41.58
2049, 42.284
2050, 42.229
2051, 42.799
2052, 42.757
2053, 42.815
2054, 42.578
2055, 43.088
2056, 43.485
2057, 42.824
2058, 43.019
2059, 43.4
2060, 42.886
2061, 43.434
2062, 43.781
2063, 43.062
2064, 43.502
2065, 43.164
2066, 43.242
2067, 43.72
2068, 43.234
2069, 43.755
2070, 43.549
2071, 43.329
2072, 42.303
2073, 42.081
2074, 41.66
2075, 41.746
2076, 40.761
2077, 40.858
2078, 40.45
2079, 41.395
2080, 40.984
2081, 40.753
2082, 41.078
2083, 41.216
2084, 41.618
2085, 41.368
2086, 40.761
2087, 41.462
2088, 41.439
2089, 42.02
2090, 42.54
2091, 41.66
2092, 40.534
2093, 41.121
2094, 41.131
2095, 41.454
2096, 41.618
2097, 42.218
2098, 42.611
2099, 42.173
2100, 42.311
2101, 42.387
2102, 42.574
2103, 43.055
2104, 43.669
2105, 43.632
2106, 44.267
2107, 44.524
2108, 45.445
2109, 45.231
2110, 45.396
2111, 45.737
2112, 45.875
2113, 45.635
2114, 45.662
2115, 44.788
2116, 45.413
2117, 45.39
2118, 45.693
2119, 45.883
2120, 45.831
2121, 45.591
2122, 45.436
2123, 45.038
2124, 44.618
2125, 44.274
2126, 44.387
2127, 44.148
2128, 44.199
2129, 44.073
2130, 43.632
2131, 42.651
2132, 41.901
2133, 41.174
2134, 41.338
2135, 40.915
2136, 41.047
2137, 41.237
2138, 41.072
2139, 40.796
2140, 41.219
2141, 41.096
2142, 40.719
2143, 40.347
2144, 39.923
2145, 39.735
2146, 39.864
2147, 39.958
2148, 40.279
2149, 40.036
2150, 40.004
2151, 40.287
2152, 40.225
2153, 40.597
2154, 41.615
2155, 41.346
2156, 41.581
2157, 42.004
2158, 42.004
2159, 41.701
2160, 42.1
2161, 41.752
2162, 41.667
2163, 42.131
2164, 42.138
2165, 41.363
2166, 41.333
2167, 41.056
2168, 41.143
2169, 41.278
2170, 42.054
2171, 42.514
2172, 42.324
2173, 41.701
2174, 42.185
2175, 42.979
2176, 43.289
2177, 43.246
2178, 43.72
2179, 43.954
2180, 43.954
2181, 44.42
2182, 44.247
2183, 44.358
2184, 44.135
2185, 43.59
2186, 43.143
2187, 43.9
2188, 43.6
2189, 43.917
2190, 43.252
2191, 43.495
2192, 43.462
2193, 43.048
2194, 43.015
2195, 43.25
2196, 43.191
2197, 43.087
2198, 43.097
2199, 43.122
2200, 43.244
2201, 43.26
2202, 43.236
2203, 43.033
2204, 42.852
2205, 42.921
2206, 42.407
2207, 42.172
2208, 42.119
2209, 42.111
2210, 42.642
2211, 42.478
2212, 42.127
2213, 41.685
2214, 42.077
2215, 42.239
2216, 42.625
2217, 42.921
2218, 43.286
2219, 42.911
2220, 43.887
2221, 43.792
2222, 43.73
2223, 43.61
2224, 43.696
2225, 43.583
2226, 43.443
2227, 42.806
2228, 42.815
2229, 42.675
2230, 42.825
2231, 42.625
2232, 42.887
2233, 43.452
2234, 43.043
2235, 42.878
2236, 42.704
2237, 42.765
2238, 42.806
2239, 43.236
2240, 43.435
2241, 43.652
2242, 42.869
2243, 42.609
2244, 42.546
2245, 42.546
2246, 43.061
2247, 43.53
2248, 43.008
2249, 42.328
2250, 42.039
2251, 42.077
2252, 42.163
2253, 42.345
2254, 42.789
2255, 42.825
2256, 43.61
2257, 43.784
2258, 45.043
2259, 45.043
2260, 45.5
2261, 45.173
2262, 44.902
2263, 44.786
2264, 44.303
2265, 44.145
2266, 44.435
2267, 44.038
2268, 44.682
2269, 44.224
2270, 43.952
2271, 44.154
2272, 44.251
2273, 43.952
2274, 44.161
2275, 44.594
2276, 44.682
2277, 44.815
2278, 45.138
2279, 44.833
2280, 44.663
2281, 45.552
2282, 45.614
2283, 45.975
2284, 45.552
2285, 45.622
2286, 45.535
2287, 46.113
2288, 45.914
2289, 45.851
2290, 45.772
2291, 45.552
2292, 45.349
2293, 45.914
2294, 45.606
2295, 45.138
2296, 44.92
2297, 44.882
2298, 45.067
2299, 45.428
2300, 45.193
2301, 45.29
2302, 45.571
2303, 45.254
2304, 45.254
2305, 45.299
2306, 45.66
2307, 45.105
2308, 45.535
2309, 45.254
2310, 44.338
2311, 44.497
2312, 44.048
2313, 45.067
2314, 44.576
2315, 44.127
2316, 44.013
2317, 43.807
2318, 43.8
2319, 43.525
2320, 43.854
2321, 43.292
2322, 43.178
2323, 43.204
2324, 43.764
2325, 44.021
2326, 44.529
2327, 44.271
2328, 43.988
2329, 44.128
2330, 43.817
2331, 43.481
2332, 43.436
2333, 44.218
2334, 44.306
2335, 43.995
2336, 43.923
2337, 43.159
2338, 42.867
2339, 42.555
2340, 42.822
2341, 42.663
2342, 43.374
2343, 43.914
2344, 43.864
2345, 43.961
2346, 44.324
2347, 44.502
2348, 44.689
2349, 45.275
2350, 45.62
2351, 45.585
2352, 44.946
2353, 44.689
2354, 44.554
2355, 44.823
2356, 44.582
2357, 44.474
2358, 43.873
2359, 43.257
2360, 43.472
2361, 43.488
2362, 42.965
2363, 43.399
2364, 43.355
2365, 43.382
2366, 43.116
2367, 42.937
2368, 42.582
2369, 43.168
2370, 42.812
2371, 42.351
2372, 41.685
2373, 42.53
2374, 41.927
2375, 42.262
2376, 42.111
2377, 42.194
2378, 42.592
2379, 42.477
2380, 42.415
2381, 42.657
2382, 42.539
2383, 42.657
2384, 42.729
2385, 43.312
2386, 43.105
2387, 43.213
2388, 43.356
2389, 43.429
2390, 43.131
2391, 43.429
2392, 43.632
2393, 43.689
2394, 43.39
2395, 43.553
2396, 42.845
2397, 43.41
2398, 43.356
2399, 42.998
2400, 42.738
2401, 43.088
2402, 42.191
2403, 41.893
2404, 42.001
2405, 41.84
2406, 41.469
2407, 41.353
2408, 41.067
2409, 40.727
2410, 40.681
2411, 40.377
2412, 40.349
2413, 40.153
2414, 39.846
2415, 40.854
2416, 41.714
2417, 41.992
2418, 41.973
2419, 42.083
2420, 42.864
2421, 42.2
2422, 42.448
2423, 42.799
2424, 43.535
2425, 43.267
2426, 43.553
2427, 43.482
2428, 44.335
2429, 44.433
2430, 44.542
2431, 44.854
2432, 45.044
2433, 45.108
2434, 45.932
2435, 45.708
2436, 46.849
2437, 46.892
2438, 46.83
2439, 47.117
2440, 47.367
2441, 46.507
2442, 46.9
2443, 47.261
2444, 46.83
2445, 46.44
2446, 45.373
2447, 45.154
2448, 45.391
2449, 45.654
2450, 45.433
2451, 45.425
2452, 45.598
2453, 45.798
2454, 46.033
2455, 46.44
2456, 46.188
2457, 46.16
2458, 46.92
2459, 47.293
2460, 47.411
2461, 47.302
2462, 47.555
2463, 48.226
2464, 47.373
2465, 47.618
2466, 47.229
2467, 47.083
2468, 47.202
2469, 48.526
2470, 49.44
2471, 49.801
2472, 50.039
2473, 50.02
2474, 50.573
2475, 51.207
2476, 52.512
2477, 51.071
2478, 49.967
2479, 50.219
2480, 49.42
2481, 49.376
2482, 50.31
2483, 51.298
2484, 50.391
2485, 50.066
2486, 50.72
2487, 51.497
2488, 51.389
2489, 52.023
2490, 51.966
2491, 52.041
2492, 52.575
2493, 52.765
2494, 53.272
2495, 53.634
2496, 52.865
2497, 52.883
2498, 51.333
2499, 51.724
2500, 52.194
2501, 51.595
2502, 52.076
2503, 50.156
2504, 49.46
2505, 50.129
2506, 49.666
2507, 50.134
2508, 49.063
2509, 48.267
2510, 49.869
2511, 50.481
2512, 50.519
2513, 51.111
2514, 51.302
2515, 50.253
2516, 50.05
2517, 50.152
2518, 48.835
2519, 49.063
2520, 48.248
2521, 48.597
2522, 47.225
2523, 47.683
2524, 47.663
2525, 47.462
2526, 48.488
2527, 48.095
2528, 48.825
2529, 48.287
2530, 49.291
2531, 48.488
2532, 48.899
2533, 49.026
2534, 48.679
2535, 48.431
2536, 47.728
2537, 47.921
2538, 48.167
2539, 48.248
2540, 48.277
2541, 47.883
2542, 48.177
2543, 47.428
2544, 47.428
2545, 47.163
2546, 47.399
2547, 46.776
2548, 47.043
2549, 47.087
2550, 46.986
2551, 46.585
2552, 47.178
2553, 46.521
2554, 46.319
2555, 46.713
2556, 47.134
2557, 46.776
2558, 47.244
2559, 46.886
2560, 46.0
2561, 45.671
2562, 46.064
2563, 45.296
2564, 45.039
2565, 44.912
2566, 44.692
2567, 44.692
2568, 44.647
2569, 44.411
2570, 44.658
2571, 44.751
2572, 44.954
2573, 45.242
2574, 45.353
2575, 45.823
2576, 45.823
2577, 45.511
2578, 45.871
2579, 46.322
2580, 46.526
2581, 46.611
2582, 46.0
2583, 45.982
2584, 45.677
2585, 45.289
2586, 45.547
2587, 44.576
2588, 44.698
2589, 44.992
2590, 44.255
2591, 44.179
2592, 44.438
2593, 45.16
2594, 45.852
2595, 45.593
2596, 45.399
2597, 44.735
2598, 44.337
2599, 43.367
2600, 43.597
2601, 43.255
2602, 42.868
2603, 42.941
2604, 43.616
2605, 43.708
2606, 44.448
2607, 44.634
2608, 43.929
2609, 44.411
2610, 44.235
2611, 43.892
2612, 43.848
2613, 44.448
2614, 44.144
2615, 43.708
2616, 43.2
2617, 43.377
2618, 42.194
2619, 42.719
2620, 43.919
2621, 44.355
2622, 44.217
2623, 44.29
2624, 44.624
2625, 44.735
2626, 45.095
2627, 45.722
2628, 46.249
2629, 47.321
2630, 46.842
2631, 47.219
2632, 47.58
2633, 47.756
2634, 48.232
2635, 48.465
2636, 48.111
2637, 48.24
2638, 47.99
2639, 47.27
2640, 45.227
2641, 43.528
2642, 44.248
2643, 44.434
2644, 44.611
2645, 44.592
2646, 43.146
2647, 43.465
2648, 43.557
2649, 43.286
2650, 44.162
2651, 44.294
2652, 44.509
2653, 44.93
2654, 44.779
2655, 44.843
2656, 45.255
2657, 45.572
2658, 45.097
2659, 45.255
2660, 45.003
2661, 45.48
2662, 46.132
2663, 46.852
2664, 46.784
2665, 46.03
2666, 47.121
2667, 46.58
2668, 46.879
2669, 47.534
2670, 47.112
2671, 47.382
2672, 48.392
2673, 47.953
2674, 48.325
2675, 48.232
2676, 48.075
2677, 48.662
2678, 49.25
2679, 48.065
2680, 48.157
2681, 47.597
2682, 47.597
2683, 46.628
2684, 46.981
2685, 47.672
2686, 46.973
2687, 46.571
2688, 46.862
2689, 47.084
2690, 47.877
2691, 48.372
2692, 48.343
2693, 46.759
2694, 47.058
2695, 47.886
2696, 48.745
2697, 47.715
2698, 47.356
2699, 48.533
2700, 48.204
2701, 47.873
2702, 48.439
2703, 48.816
2704, 48.354
2705, 48.063
2706, 47.892
2707, 48.204
2708, 48.014
2709, 47.76
2710, 46.282
2711, 45.282
2712, 46.554
2713, 46.932
2714, 47.262
2715, 47.006
2716, 46.31
2717, 45.838
2718, 45.923
2719, 46.77
2720, 47.582
2721, 48.091
2722, 47.337
2723, 47.196
2724, 48.091
2725, 48.403
2726, 48.204
2727, 48.309
2728, 48.373
2729, 48.637
2730, 47.901
2731, 46.857
2732, 47.006
2733, 47.139
2734, 46.819
2735, 46.987
2736, 47.742
2737, 47.309
2738, 47.006
2739, 47.393
2740, 46.638
2741, 47.46
2742, 46.932
2743, 45.96
2744, 47.139
2745, 46.573
2746, 47.639
2747, 48.024
2748, 48.976
2749, 49.854
2750, 50.457
2751, 50.844
2752, 51.248
2753, 50.457
2754, 50.371
2755, 50.531
2756, 51.503
2757, 50.418
2758, 49.962
2759, 50.028
2760, 49.895
2761, 49.428
2762, 50.514
2763, 49.942
2764, 50.476
2765, 50.561
2766, 51.484
2767, 51.455
2768, 50.009
2769, 50.457
2770, 49.771
2771, 50.447
2772, 51.39
2773, 52.255
2774, 52.683
2775, 52.873
2776, 53.455
2777, 53.664
2778, 53.131
2779, 52.922
2780, 52.912
2781, 53.806
2782, 55.025
2783, 54.767
2784, 54.501
2785, 54.083
2786, 54.444
2787, 54.738
2788, 54.454
2789, 54.52
2790, 53.169
2791, 53.359
2792, 53.283
2793, 53.179
2794, 51.322
2795, 51.237
2796, 51.579
2797, 51.978
2798, 52.321
2799, 52.683
2800, 52.732
2801, 52.864
2802, 53.387
2803, 53.873
2804, 53.598
2805, 52.531
2806, 51.79
2807, 52.027
2808, 52.245
2809, 52.712
2810, 53.255
2811, 53.349
2812, 53.472
2813, 54.253
2814, 54.32
2815, 55.329
2816, 54.901
2817, 54.158
2818, 54.729
2819, 54.729
2820, 54.683
2821, 54.817
2822, 54.653
2823, 54.683
2824, 53.251
2825, 52.397
2826, 52.655
2827, 52.915
2828, 52.368
2829, 53.51
2830, 53.903
2831, 54.683
2832, 55.19
2833, 55.45
2834, 55.623
2835, 55.67
2836, 56.679
2837, 57.006
2838, 57.447
2839, 58.014
2840, 58.571
2841, 58.399
2842, 58.35
2843, 58.974
2844, 58.139
2845, 58.649
2846, 58.668
2847, 59.34
2848, 59.272
2849, 58.668
2850, 59.331
2851, 59.34
2852, 59.551
2853, 60.041
2854, 60.55
2855, 62.066
2856, 62.02
2857, 62.576
2858, 62.336
2859, 61.153
2860, 61.75
2861, 61.808
2862, 61.145
2863, 61.74
2864, 60.962
2865, 61.212
2866, 61.357
2867, 61.117
2868, 60.953
2869, 60.962
2870, 62.171
2871, 61.674
2872, 61.193
2873, 60.589
2874, 60.731
2875, 61.318
2876, 61.462
2877, 61.222
2878, 60.021
2879, 59.829
2880, 58.955
2881, 58.773
2882, 58.917
2883, 58.936
2884, 59.362
2885, 59.198
2886, 58.442
2887, 57.552
2888, 58.073
2889, 59.266
2890, 58.587
2891, 59.15
2892, 58.491
2893, 58.046
2894, 58.171
2895, 57.125
2896, 57.744
2897, 57.019
2898, 57.435
2899, 57.561
2900, 58.606
2901, 59.4
2902, 59.672
2903, 59.866
2904, 57.28
2905, 57.9
2906, 56.854
2907, 56.679
2908, 57.628
2909, 58.606
2910, 58.829
2911, 58.694
2912, 60.235
2913, 60.727
2914, 60.262
2915, 59.702
2916, 59.004
2917, 58.898
2918, 57.987
2919, 57.744
2920, 57.357
2921, 55.575
2922, 55.313
2923, 55.169
2924, 55.265
2925, 55.914
2926, 55.023
2927, 55.653
2928, 56.224
2929, 55.77
2930, 56.128
2931, 57.135
2932, 57.318
2933, 57.571
2934, 57.687
2935, 57.707
2936, 58.249
2937, 57.957
2938, 57.532
2939, 57.724
2940, 59.362
2941, 57.774
2942, 57.202
2943, 57.522
2944, 57.106
2945, 58.239
2946, 58.452
2947, 57.552
2948, 57.082
2949, 58.392
2950, 59.173
2951, 60.16
2952, 59.711
2953, 59.358
2954, 59.534
2955, 59.994
2956, 61.137
2957, 60.678
2958, 61.499
2959, 62.534
2960, 62.289
2961, 60.404
2962, 59.915
2963, 60.267
2964, 60.765
2965, 61.156
2966, 61.84
2967, 62.74
2968, 63.697
2969, 64.254
2970, 64.713
2971, 62.613
2972, 63.004
2973, 62.925
2974, 62.398
2975, 62.877
2976, 62.124
2977, 61.84
2978, 62.369
2979, 62.651
2980, 61.86
2981, 62.837
2982, 62.72
2983, 62.202
2984, 62.73
2985, 62.329
2986, 62.182
2987, 60.892
2988, 60.882
2989, 61.723
2990, 61.479
2991, 61.245
2992, 61.616
2993, 61.89
2994, 61.146
2995, 61.283
2996, 60.755
2997, 61.489
2998, 62.887
2999, 63.198
3000, 62.984
3001, 62.896
3002, 63.853
3003, 63.121
3004, 63.755
3005, 64.361
3006, 64.244
3007, 64.029
3008, 64.303
3009, 64.137
3010, 64.391
3011, 64.406
3012, 64.15
3013, 64.73
3014, 65.252
3015, 65.598
3016, 66.061
3017, 65.509
3018, 65.765
3019, 66.129
3020, 66.139
3021, 66.208
3022, 66.189
3023, 66.08
3024, 66.327
3025, 66.149
3026, 65.834
3027, 64.228
3028, 63.627
3029, 64.11
3030, 64.346
3031, 64.406
3032, 65.903
3033, 65.666
3034, 66.375
3035, 65.489
3036, 66.1
3037, 66.415
3038, 66.494
3039, 66.907
3040, 67.135
3041, 67.341
3042, 66.741
3043, 66.475
3044, 66.701
3045, 66.139
3046, 66.769
3047, 66.997
3048, 67.42
3049, 67.676
3050, 67.922
3051, 68.336
3052, 68.287
3053, 67.794
3054, 68.336
3055, 68.474
3056, 67.972
3057, 68.12
3058, 69.331
3059, 69.794
3060, 69.705
3061, 70.05
3062, 69.725
3063, 68.868
3064, 68.149
3065, 68.1
3066, 67.519
3067, 68.178
3068, 68.75
3069, 68.77
3070, 68.366
3071, 68.356
3072, 68.857
3073, 68.857
3074, 68.976
3075, 67.914
3076, 68.271
3077, 68.668
3078, 68.758
3079, 69.81
3080, 70.386
3081, 71.478
3082, 72.461
3083, 72.62
3084, 72.183
3085, 72.858
3086, 73.047
3087, 73.573
3088, 72.719
3089, 72.63
3090, 73.503
3091, 73.285
3092, 73.732
3093, 72.908
3094, 72.342
3095, 72.719
3096, 72.927
3097, 72.491
3098, 72.649
3099, 72.659
3100, 72.54
3101, 72.709
3102, 72.838
3103, 73.116
3104, 72.084
3105, 72.074
3106, 71.716
3107, 71.16
3108, 71.121
3109, 70.495
3110, 70.684
3111, 70.743
3112, 69.8
3113, 69.87
3114, 69.79
3115, 69.512
3116, 69.78
3117, 70.048
3118, 70.168
3119, 70.912
3120, 72.223
3121, 72.917
3122, 71.816
3123, 71.468
3124, 71.766
3125, 72.133
3126, 72.044
3127, 72.739
3128, 73.473
3129, 73.215
3130, 73.086
3131, 73.444
3132, 73.692
3133, 74.327
3134, 73.811
3135, 73.94
3136, 73.3
3137, 74.22
3138, 73.99
3139, 74.73
3140, 74.49
3141, 75.07
3142, 75.45
3143, 76.39
3144, 76.48
3145, 76.73
3146, 76.81
3147, 77.04
3148, 77.05
3149, 77.03
3150, 77.33
3151, 77.52
3152, 77.83
3153, 77.63
3154, 78.65
3155, 79.14
3156, 79.14
3157, 77.75
3158, 77.56
3159, 78.2
3160, 78.41
3161, 77.65
3162, 77.68
3163, 77.29
3164, 77.15
3165, 76.91
3166, 77.56
3167, 77.42
3168, 77.7
3169, 77.84
3170, 77.29
3171, 77.82
3172, 77.55
3173, 78.49
3174, 78.49
3175, 78.31
3176, 78.08
3177, 78.81
3178, 79.06
3179, 78.81
3180, 78.38
3181, 78.01
3182, 78.78
3183, 79.34
3184, 79.09
3185, 78.93
3186, 78.62
3187, 78.7
3188, 78.8
3189, 79.03
3190, 79.69
3191, 77.64
3192, 78.35
3193, 77.32
3194, 78.07
3195, 76.93
3196, 77.08
3197, 77.25
3198, 77.2
3199, 76.93
3200, 76.34
