0, 39266
1, 39266
2, 31185
3, 37110
4, 65347
5, 60497
6, 3725
7, 2376
8, 2376
9, 2376
10, 2376
11, -3721
12, -7264
13, -6831
14, -6831
15, -6182
16, -7260
17, -7260
18, -11179
19, -9455
20, -10425
21, 1968
22, 890
23, 5417
24, 5417
25, 5098
26, 10483
27, -396
28, -52187
29, -56615
30, -54244
31, -54144
32, -63841
33, -61039
34, -61139
35, -61139
36, -60706
37, -65941
38, -67558
39, -54414
40, -38578
41, -33407
42, -33407
43, -34485
44, -7672
45, 14303
46, -33129
47, -32810
48, -33888
49, -33888
50, -2586
51, -2586
52, 8293
53, 64205
54, 64205
55, 84270
56, 89336
57, 88903
58, 88470
59, 88370
60, 88270
61, 89392
62, 103841
63, 100708
64, 74098
65, 71727
66, 83402
67, 92397
68, 91213
69, 95521
70, 93904
71, 93904
72, 71496
73, 71496
74, 68977
75, 71026
76, 69948
77, 69948
78, 71198
79, 71417
80, 71417
81, 71317
82, 71750
83, 62272
84, 62272
85, 62591
86, 58572
87, 59324
88, 59324
89, 59324
90, 58788
91, 57281
92, 57181
93, 57181
94, 58279
95, 62049
96, 62368
97, 63468
98, 65839
99, 65939
100, 61737
101, 61837
102, 61837
103, 61837
104, 60330
105, 60330
106, 60330
107, 65932
108, 70564
109, 70564
110, 67331
111, 81335
112, 81235
113, 81235
114, 86652
115, 86116
116, 88540
117, 98967
118, 66217
119, 66217
120, 58460
121, 58729
122, 57977
123, 57328
124, 57547
125, 50716
126, 62014
127, 60290
128, 61325
129, 39004
130, 41375
131, 36204
132, 56909
133, 52169
134, 51311
135, 56106
136, 37252
137, 73100
138, 84320
139, -16116
140, -7222
141, -15626
142, -10937
143, -10937
144, -10504
145, -10504
146, -7123
147, -7123
148, -6371
149, -14558
150, -15808
151, -14139
152, -16632
153, -16632
154, -16632
155, -14694
156, -16201
157, -16634
158, -15017
159, -15236
160, -14917
161, 28607
162, 28607
163, 27529
164, 27529
165, 29683
166, 26021
167, 46325
168, 46544
169, 52598
170, 58200
171, 78595
172, 78595
173, 77411
174, 76609
175, 77414
176, 77414
177, 76336
178, 68905
179, 78493
180, 77823
181, 72115
182, 78578
183, 85255
184, 85255
185, 85255
186, 85255
187, 85255
188, 84177
189, 85561
190, 95418
191, 110591
192, 115441
193, 120826
194, 122980
195, 113941
196, 127945
197, 126113
198, 122816
199, 126370
200, 126270
201, 126270
202, 123421
203, 124122
204, 124409
205, 121286
206, 121494
207, 121494
208, 121061
209, 120256
210, 120256
211, 120256
212, 122459
213, 119980
214, 123048
215, 120787
216, 120687
217, 120468
218, 120901
219, 120682
220, 119006
221, 118347
222, 122009
223, 116420
224, 113774
225, 110004
226, 112419
227, 111770
228, 107515
229, 97788
230, 97788
231, 97788
232, 103187
233, 100708
234, 102299
235, 94112
236, 104681
237, 102310
238, 103564
239, 101911
240, 101911
241, 101911
242, 101911
243, 101692
244, 102125
245, 101373
246, 101216
247, 99815
248, 98614
249, 101789
250, 102973
251, 101356
252, 107705
253, 102390
254, 103479
255, 111596
256, 110518
257, 110518
258, 110518
259, 106769
260, 107180
261, 107180
262, 116932
263, 116832
264, 116832
265, 116832
266, 130428
267, 138438
268, 138438
269, 137360
270, 136711
271, 136711
272, 136711
273, 135633
274, 139941
275, 139841
276, 139841
277, 153916
278, 153916
279, 148572
280, 143820
281, 152353
282, 152453
283, 149050
284, 153358
285, 156922
286, 156922
287, 151537
288, 154284
289, 154284
290, 154284
291, 154284
292, 154284
293, 154284
294, 153851
295, 176951
296, 172424
297, 172424
298, 175379
299, 175379
300, 178648
301, 185921
302, 188075
303, 193460
304, 202123
305, 203740
306, 203740
307, 211733
308, 216085
309, 217163
310, 237470
311, 234991
312, 235908
313, 228583
314, 229418
315, 232570
316, 213545
317, 227527
318, 227527
319, 247134
320, 268464
321, 137534
322, 140959
323, 143651
324, 129972
325, 132337
326, 134386
327, 135032
328, 138918
329, 131593
330, 133288
331, 133288
332, 133288
333, 125641
334, 116326
335, 123530
336, 123430
337, 126960
338, 135042
339, 135142
340, 131909
341, 140743
342, 140743
343, 130192
344, 131270
345, 132479
346, 128171
347, 130220
348, 131404
349, 130959
350, 130959
351, 132143
352, 139374
353, 135841
354, 133580
355, 133580
356, 140402
357, 141103
358, 141422
359, 141422
360, 141422
361, 143874
362, 143708
363, 143708
364, 143808
365, 161429
366, 167787
367, 162616
368, 168629
369, 176601
370, 177353
371, 173366
372, 171859
373, 181314
374, 181998
375, 180766
376, 180447
377, 187230
378, 186694
379, 186694
380, 187557
381, 187238
382, 187019
383, 188203
384, 188203
385, 187668
386, 189285
387, 184115
388, 185732
389, 180509
390, 185029
391, 187183
392, 192033
393, 193757
394, 186971
395, 188909
396, 188909
397, 190010
398, 188128
399, 189260
400, 204584
401, 203400
402, 203400
403, 204801
404, 204901
405, 204801
406, 226984
407, 229947
408, 229947
409, 240503
410, 237642
411, 241657
412, 241438
413, 241657
414, 238877
415, 242701
416, 241517
417, 241517
418, 238284
419, 238284
420, 240965
421, 237088
422, 239770
423, 242031
424, 242350
425, 201415
426, 210161
427, 204135
428, 207914
429, 206190
430, 208284
431, 206235
432, 202790
433, 197916
434, 202579
435, 209623
436, 207071
437, 216940
438, 220754
439, 216930
440, 218008
441, 219572
442, 225988
443, 237731
444, 236761
445, 236861
446, 237510
447, 237510
448, 239136
449, 245195
450, 245414
451, 248861
452, 254517
453, 253046
454, 254474
455, 254474
456, 256523
457, 256623
458, 254983
459, 256332
460, 257410
461, 251480
462, 250995
463, 249831
464, 251769
465, 246596
466, 249818
467, 246720
468, 245053
469, 248930
470, 248394
471, 248175
472, 247639
473, 247639
474, 247639
475, 246990
476, 239523
477, 238339
478, 234462
479, 232308
480, 232846
481, 237999
482, 237524
483, 237305
484, 233160
485, 235638
486, 235638
487, 236174
488, 237791
489, 237791
490, 237522
491, 237358
492, 237577
493, 237577
494, 239168
495, 239387
496, 244558
497, 245039
498, 246117
499, 245898
500, 245679
501, 247464
502, 247464
503, 250371
504, 253389
505, 254306
506, 251990
507, 248220
508, 249606
509, 250684
510, 248313
511, 249176
512, 249176
513, 249825
514, 249825
515, 249825
516, 248747
517, 249363
518, 252306
519, 252832
520, 254339
521, 253047
522, 253406
523, 249671
524, 253415
525, 253734
526, 247450
527, 242184
528, 242184
529, 242503
530, 241640
531, 242853
532, 254085
533, 255702
534, 275899
535, 275899
536, 259955
537, 259736
538, 259200
539, 244925
540, 240994
541, 225265
542, 225584
543, 250123
544, 250829
545, 250929
546, 252113
547, 250821
548, 249637
549, 249101
550, 249853
551, 247051
552, 247270
553, 247589
554, 247689
555, 247589
556, 250039
557, 250039
558, 245697
559, 246233
560, 247525
561, 247794
562, 251413
563, 251758
564, 251592
565, 250729
566, 251412
567, 251716
568, 254420
569, 263100
570, 264006
571, 261099
572, 260999
573, 261751
574, 261076
575, 265843
576, 265624
577, 268157
578, 273992
579, 273773
580, 276172
581, 275739
582, 276985
583, 276766
584, 277085
585, 279134
586, 277809
587, 279858
588, 274342
589, 277180
590, 290375
591, 288491
592, 293727
593, 289461
594, 289461
595, 290565
596, 290565
597, 291917
598, 291917
599, 289546
600, 296709
601, 287682
602, 282402
603, 285204
604, 284361
605, 284027
606, 284520
607, 284620
608, 282896
609, 282796
610, 282796
611, 285703
612, 286790
613, 289890
614, 289790
615, 290974
616, 292591
617, 292910
618, 293343
619, 293124
620, 293124
621, 291664
622, 292313
623, 293030
624, 293030
625, 293251
626, 293032
627, 295832
628, 292599
629, 292599
630, 292918
631, 291355
632, 286292
633, 287466
634, 287247
635, 287247
636, 291460
637, 291460
638, 291845
639, 291745
640, 292064
641, 293248
642, 292819
643, 292340
644, 292833
645, 292833
646, 293881
647, 293981
648, 294147
649, 293611
650, 290809
651, 291028
652, 293260
653, 292611
654, 298402
655, 303653
656, 303553
657, 313713
658, 313394
659, 313494
660, 306169
661, 327712
662, 323437
663, 323656
664, 317514
665, 317414
666, 316765
667, 307766
668, 308302
669, 307905
670, 309412
671, 310164
672, 309843
673, 307114
674, 307433
675, 306249
676, 305816
677, 306894
678, 308111
679, 308111
680, 320388
681, 319739
682, 319203
683, 319303
684, 318188
685, 318407
686, 322394
687, 321858
688, 321758
689, 322191
690, 321542
691, 321761
692, 321661
693, 321980
694, 322299
695, 322299
696, 328124
697, 328443
698, 323595
699, 322946
700, 324130
701, 325750
702, 325750
703, 327233
704, 325616
705, 328012
706, 331459
707, 335078
708, 332817
709, 333353
710, 333134
711, 333234
712, 333883
713, 333614
714, 331945
715, 333750
716, 333134
717, 333453
718, 333453
719, 333234
720, 333770
721, 334419
722, 333530
723, 355870
724, 357594
725, 357594
726, 357913
727, 391601
728, 392116
729, 394165
730, 395287
731, 395068
732, 388129
733, 388348
734, 388448
735, 387696
736, 387850
737, 389661
738, 386859
739, 384057
740, 380328
741, 380228
742, 380764
743, 380764
744, 377311
745, 376506
746, 379524
747, 396550
748, 396550
749, 396550
750, 395043
751, 396444
752, 396544
753, 397216
754, 393125
755, 392047
756, 393771
757, 393019
758, 393019
759, 409931
760, 409931
761, 407670
762, 411819
763, 411500
764, 413654
765, 412253
766, 412253
767, 413504
768, 412751
769, 411567
770, 416111
771, 420445
772, 416354
773, 412192
774, 415453
775, 416267
776, 416007
777, 422579
778, 426156
779, 426475
780, 426794
781, 429812
782, 432933
783, 437673
784, 437673
785, 439573
786, 434671
787, 411913
788, 418303
789, 418303
790, 422784
791, 424616
792, 424280
793, 424280
794, 424280
795, 425358
796, 417391
797, 415668
798, 417872
799, 412443
800, 405943
801, 408097
802, 413320
803, 416251
804, 416008
805, 416326
806, 416757
807, 416539
808, 416439
809, 413573
810, 413573
811, 409195
812, 406300
813, 406731
814, 406404
815, 405685
816, 407172
817, 407390
818, 409989
819, 410420
820, 410638
821, 409672
822, 409990
823, 410705
824, 410605
825, 407823
826, 407823
827, 407823
828, 408610
829, 407735
830, 407417
831, 407635
832, 408424
833, 408106
834, 409724
835, 409624
836, 412693
837, 412951
838, 412575
839, 412675
840, 411926
841, 412091
842, 410598
843, 410598
844, 412087
845, 411232
846, 410803
847, 408755
848, 408972
849, 409504
850, 410997
851, 411639
852, 412295
853, 412195
854, 410754
855, 411917
856, 413365
857, 414477
858, 414477
859, 413996
860, 414313
861, 413847
862, 413947
863, 413947
864, 413847
865, 414064
866, 414381
867, 420276
868, 420276
869, 417821
870, 417921
871, 417389
872, 416855
873, 417090
874, 417090
875, 416990
876, 415502
877, 415931
878, 416148
879, 416680
880, 416580
881, 417830
882, 417513
883, 416572
884, 416472
885, 416372
886, 413773
887, 413133
888, 396583
889, 397010
890, 401458
891, 399627
892, 399175
893, 399908
894, 399692
895, 400222
896, 398627
897, 398727
898, 411059
899, 407208
900, 407424
901, 405837
902, 401499
903, 396822
904, 397138
905, 397138
906, 399369
907, 400017
908, 399487
909, 398425
910, 398525
911, 398952
912, 391298
913, 391198
914, 392793
915, 393751
916, 392264
917, 393965
918, 387769
919, 378838
920, 367888
921, 364764
922, 367952
923, 367736
924, 367736
925, 375496
926, 375396
927, 375712
928, 376028
929, 380068
930, 383109
931, 385766
932, 386405
933, 386189
934, 385659
935, 386721
936, 386621
937, 397358
938, 391192
939, 392467
940, 389702
941, 387576
942, 388534
943, 388218
944, 389382
945, 401655
946, 401655
947, 401655
948, 401555
949, 404064
950, 409885
951, 409785
952, 412958
953, 418568
954, 415075
955, 413594
956, 415494
957, 416341
958, 416199
959, 424982
960, 423712
961, 423929
962, 423929
963, 423401
964, 424514
965, 424729
966, 424514
967, 424839
968, 424939
969, 430335
970, 421248
971, 421248
972, 421248
973, 422278
974, 423298
975, 421753
976, 422177
977, 421882
978, 437439
979, 436911
980, 416873
981, 416668
982, 417766
983, 413250
984, 412561
985, 411500
986, 413106
987, 413548
988, 380286
989, 379851
990, 380012
991, 381747
992, 376901
993, 412179
994, 400532
995, 396929
996, 394068
997, 403045
998, 404000
999, 403668
1000, 403446
1001, 403663
1002, 391250
1003, 390971
1004, 382312
1005, 372701
1006, 374075
1007, 374229
1008, 370305
1009, 363616
1010, 361774
1011, 368673
1012, 369199
1013, 367970
1014, 367251
1015, 373593
1016, 396357
1017, 400014
1018, 401599
1019, 398827
1020, 399686
1021, 399341
1022, 395955
1023, 396377
1024, 396658
1025, 396076
1026, 410590
1027, 408587
1028, 408988
1029, 408988
1030, 409355
1031, 409355
1032, 408584
1033, 406929
1034, 408797
1035, 408466
1036, 407224
1037, 409440
1038, 404901
1039, 403783
1040, 404257
1041, 405015
1042, 404291
1043, 404291
1044, 402596
1045, 400602
1046, 400702
1047, 373755
1048, 372356
1049, 374612
1050, 370469
1051, 370367
1052, 371226
1053, 373058
1054, 371903
1055, 372160
1056, 372448
1057, 372348
1058, 373031
1059, 371812
1060, 368119
1061, 369166
1062, 370247
1063, 380942
1064, 380942
1065, 381255
1066, 386183
1067, 389876
1068, 387344
1069, 399749
1070, 402074
1071, 402858
1072, 402858
1073, 402491
1074, 400587
1075, 400993
1076, 403755
1077, 399216
1078, 402985
1079, 403576
1080, 403419
1081, 403741
1082, 402689
1083, 402814
1084, 404179
1085, 403817
1086, 406634
1087, 402480
1088, 404986
1089, 405149
1090, 404003
1091, 400913
1092, 401773
1093, 400887
1094, 404017
1095, 403191
1096, 408074
1097, 407915
1098, 408270
1099, 407840
1100, 409225
1101, 409225
1102, 410688
1103, 410688
1104, 410851
1105, 410743
1106, 411938
1107, 415495
1108, 404039
1109, 402783
1110, 403462
1111, 403246
1112, 406042
1113, 407139
1114, 405470
1115, 405054
1116, 409165
1117, 409265
1118, 409367
1119, 411114
1120, 411331
1121, 411229
1122, 411330
1123, 410676
1124, 406311
1125, 415362
1126, 414547
1127, 421007
1128, 421250
1129, 421055
1130, 432660
1131, 431070
1132, 430654
1133, 433771
1134, 434002
1135, 434349
1136, 434765
1137, 434404
1138, 435546
1139, 435646
1140, 434607
1141, 438660
1142, 438927
1143, 439177
1144, 438866
1145, 437083
1146, 435628
1147, 435628
1148, 435824
1149, 436234
1150, 435840
1151, 434824
1152, 435240
1153, 435424
1154, 441354
1155, 437169
1156, 439293
1157, 439293
1158, 440402
1159, 441753
1160, 443833
1161, 444143
1162, 445385
1163, 445175
1164, 445275
1165, 434721
1166, 435031
1167, 435341
1168, 434824
1169, 437515
1170, 436998
1171, 440205
1172, 439273
1173, 438628
1174, 442768
1175, 447735
1176, 445459
1177, 445637
1178, 445947
1179, 445847
1180, 445537
1181, 442809
1182, 444364
1183, 443847
1184, 443637
1185, 443036
1186, 442622
1187, 442445
1188, 442962
1189, 443172
1190, 442758
1191, 441621
1192, 441621
1193, 439887
1194, 443137
1195, 443551
1196, 443792
1197, 448136
1198, 448032
1199, 448375
1200, 448375
1201, 448375
1202, 446620
1203, 446411
1204, 446910
1205, 446810
1206, 448458
1207, 448458
1208, 448458
1209, 448458
1210, 441347
1211, 441965
1212, 442460
1213, 440812
1214, 440812
1215, 441636
1216, 442465
1217, 440094
1218, 439063
1219, 439272
1220, 433294
1221, 435768
1222, 433811
1223, 437315
1224, 431331
1225, 431331
1226, 432053
1227, 431331
1228, 430300
1229, 430300
1230, 430300
1231, 430300
1232, 430300
1233, 428547
1234, 429165
1235, 424012
1236, 424527
1237, 424527
1238, 424527
1239, 424527
1240, 424012
1241, 424424
1242, 424424
1243, 432109
1244, 434788
1245, 434066
1246, 434166
1247, 438907
1248, 438807
1249, 438707
1250, 437779
1251, 433255
1252, 435110
1253, 433770
1254, 433979
1255, 434188
1256, 435830
1257, 436343
1258, 435008
1259, 435216
1260, 431068
1261, 430452
1262, 430660
1263, 431687
1264, 429531
1265, 429949
1266, 438368
1267, 442474
1268, 442266
1269, 443086
1270, 442736
1271, 443660
1272, 444892
1273, 445919
1274, 447254
1275, 447154
1276, 446572
1277, 446672
1278, 446553
1279, 446553
1280, 445321
1281, 446527
1282, 445089
1283, 446116
1284, 445500
1285, 445090
1286, 445298
1287, 448565
1288, 443021
1289, 443740
1290, 443227
1291, 442406
1292, 444768
1293, 440970
1294, 441380
1295, 441588
1296, 439946
1297, 440154
1298, 439946
1299, 440356
1300, 438441
1301, 438826
1302, 438826
1303, 438212
1304, 440361
1305, 440668
1306, 440975
1307, 439134
1308, 439242
1309, 439449
1310, 440166
1311, 440166
1312, 440808
1313, 440244
1314, 440139
1315, 439781
1316, 438402
1317, 436982
1318, 431505
1319, 433949
1320, 433849
1321, 432825
1322, 426790
1323, 424762
1324, 423637
1325, 424475
1326, 422413
1327, 422513
1328, 423741
1329, 423741
1330, 423404
1331, 423711
1332, 421461
1333, 422822
1334, 422105
1335, 417634
1336, 423302
1337, 416674
1338, 415753
1339, 417719
1340, 420073
1341, 419664
1342, 419871
1343, 420382
1344, 420382
1345, 419257
1346, 419257
1347, 421969
1348, 420373
1349, 422182
1350, 423508
1351, 423408
1352, 423508
1353, 425139
1354, 423721
1355, 424506
1356, 428782
1357, 431867
1358, 430142
1359, 430142
1360, 430142
1361, 430752
1362, 430546
1363, 430760
1364, 430660
1365, 430832
1366, 430626
1367, 431441
1368, 431441
1369, 433473
1370, 433373
1371, 433167
1372, 434288
1373, 434082
1374, 433710
1375, 439525
1376, 439731
1377, 440819
1378, 441204
1379, 436109
1380, 443838
1381, 442004
1382, 437714
1383, 427627
1384, 443306
1385, 444937
1386, 450138
1387, 447635
1388, 446615
1389, 447532
1390, 447326
1391, 433038
1392, 434566
1393, 446387
1394, 450356
1395, 451275
1396, 446939
1397, 444385
1398, 458495
1399, 460941
1400, 454475
1401, 451531
1402, 451531
1403, 451531
1404, 451715
1405, 453238
1406, 449822
1407, 447987
1408, 446901
1409, 452080
1410, 449998
1411, 455160
1412, 452156
1413, 453062
1414, 453062
1415, 451707
1416, 452086
1417, 447738
1418, 448166
1419, 447974
1420, 448634
1421, 443729
1422, 445219
1423, 445219
1424, 445219
1425, 460451
1426, 462633
1427, 461643
1428, 461855
1429, 460884
1430, 460884
1431, 461229
1432, 456149
1433, 456149
1434, 458282
1435, 460921
1436, 461126
1437, 458618
1438, 460496
1439, 460596
1440, 459326
1441, 456924
1442, 455707
1443, 454365
1444, 455635
1445, 457182
1446, 458093
1447, 458297
1448, 463962
1449, 457208
1450, 459048
1451, 462063
1452, 459972
1453, 466857
1454, 470174
1455, 470174
1456, 472703
1457, 471994
1458, 476749
1459, 478337
1460, 478337
1461, 477790
1462, 476970
1463, 462763
1464, 463765
1465, 467348
1466, 470080
1467, 468757
1468, 468306
1469, 468306
1470, 468406
1471, 469292
1472, 469079
1473, 470394
1474, 471832
1475, 471832
1476, 471497
1477, 471835
1478, 471729
1479, 471187
1480, 470289
1481, 471908
1482, 482600
1483, 484052
1484, 480278
1485, 480482
1486, 480582
1487, 488870
1488, 487142
1489, 487273
1490, 486450
1491, 489101
1492, 476915
1493, 477555
1494, 481442
1495, 483479
1496, 487359
1497, 488082
1498, 490709
1499, 490709
1500, 489381
1501, 489634
1502, 488529
1503, 490774
1504, 490537
1505, 490881
1506, 499112
1507, 499743
1508, 498386
1509, 492621
1510, 491856
1511, 493174
1512, 491229
1513, 489339
1514, 485482
1515, 489226
1516, 489573
1517, 489268
1518, 489065
1519, 488529
1520, 486109
1521, 482896
1522, 475949
1523, 477736
1524, 480430
1525, 480620
1526, 482113
1527, 482682
1528, 484038
1529, 484756
1530, 484756
1531, 485142
1532, 486820
1533, 494795
1534, 500143
1535, 501078
1536, 505876
1537, 504182
1538, 506058
1539, 506058
1540, 506058
1541, 506880
1542, 506666
1543, 506186
1544, 507695
1545, 506042
1546, 507029
1547, 503442
1548, 499004
1549, 502647
1550, 506425
1551, 510716
1552, 512676
1553, 512676
1554, 512468
1555, 515899
1556, 514978
1557, 515230
1558, 514825
1559, 515552
1560, 515393
1561, 514370
1562, 511698
1563, 513445
1564, 512854
1565, 513823
1566, 513823
1567, 513823
1568, 517776
1569, 517160
1570, 517313
1571, 521136
1572, 520025
1573, 519799
1574, 519799
1575, 520415
1576, 520274
1577, 519256
1578, 517448
1579, 517448
1580, 517810
1581, 517810
1582, 516990
1583, 516595
1584, 517429
1585, 517636
1586, 517929
1587, 513959
1588, 500784
1589, 508338
1590, 508499
1591, 510796
1592, 515951
1593, 514958
1594, 514958
1595, 519341
1596, 521334
1597, 517108
1598, 513884
1599, 512385
1600, 509505
1601, 512781
1602, 514591
1603, 518648
1604, 521191
1605, 518817
1606, 517881
1607, 518154
1608, 518815
1609, 516207
1610, 514742
1611, 514415
1612, 511900
1613, 513739
1614, 513841
1615, 513698
1616, 514009
1617, 515134
1618, 516694
1619, 519176
1620, 517497
1621, 518295
1622, 518825
1623, 518148
1624, 517611
1625, 519658
1626, 515274
1627, 514489
1628, 510009
1629, 509470
1630, 511840
1631, 511275
1632, 504965
1633, 505314
1634, 501665
1635, 499980
1636, 497756
1637, 495429
1638, 493751
1639, 492829
1640, 493905
1641, 495355
1642, 495355
1643, 494460
1644, 495936
1645, 494779
1646, 495419
1647, 497120
1648, 496544
1649, 496115
1650, 496996
1651, 495758
1652, 496174
1653, 495348
1654, 495896
1655, 496184
1656, 486069
1657, 489673
1658, 491620
1659, 490567
1660, 486089
1661, 484033
1662, 481968
1663, 484918
1664, 484918
1665, 487987
1666, 487791
1667, 488009
1668, 487387
1669, 489324
1670, 488117
1671, 488528
1672, 488984
1673, 486864
1674, 488076
1675, 488942
1676, 488942
1677, 488723
1678, 493133
1679, 492369
1680, 492827
1681, 493314
1682, 490419
1683, 491535
1684, 490730
1685, 491776
1686, 491995
1687, 490105
1688, 489796
