0, 31.28
1, 27.78
2, 28.53
3, 28.64
4, 29.1
5, 29.16
6, 29.15
7, 28.84
8, 28.8
9, 28.96
10, 29.67
11, 29.85
12, 30.0
13, 30.48
14, 31.37
15, 32.77
16, 32.18
17, 31.91
18, 29.11
19, 26.76
20, 24.79
21, 25.47
22, 25.87
23, 25.6
24, 22.65
25, 23.1
26, 24.87
27, 23.58
28, 23.58
29, 25.44
30, 27.1
31, 27.08
32, 26.79
33, 27.72
34, 27.13
35, 26.93
36, 26.55
37, 26.9
38, 26.07
39, 27.12
40, 27.66
41, 26.71
42, 26.09
43, 25.78
44, 26.95
45, 27.44
46, 27.86
47, 27.96
48, 28.75
49, 30.04
50, 32.25
51, 33.18
52, 30.79
53, 28.97
54, 25.15
55, 25.16
56, 24.76
57, 26.23
58, 26.43
59, 27.42
60, 28.4
61, 28.52
62, 28.8
63, 26.71
64, 27.3
65, 27.72
66, 26.52
67, 25.04
68, 25.68
69, 24.53
70, 23.16
71, 23.0
72, 23.84
73, 24.3
74, 22.0
75, 19.46
76, 19.85
77, 20.89
78, 20.09
79, 21.5
80, 19.0
81, 17.6
82, 17.0
83, 17.06
84, 16.98
85, 17.98
86, 17.85
87, 16.06
88, 17.23
89, 17.75
90, 17.55
91, 17.28
92, 17.82
93, 18.01
94, 18.04
95, 18.86
96, 19.11
97, 18.67
98, 18.19
99, 19.42
100, 19.57
101, 24.05
102, 22.4
103, 21.91
104, 21.79
105, 21.77
106, 22.84
107, 23.08
108, 24.32
109, 24.5
110, 24.44
111, 23.95
112, 24.02
113, 22.97
114, 22.51
115, 24.0
116, 25.03
117, 26.64
118, 27.37
119, 30.36
120, 35.58
121, 42.19
122, 39.85
123, 35.93
124, 32.0
125, 29.86
126, 31.04
127, 28.34
128, 27.43
129, 28.12
130, 27.04
131, 28.34
132, 26.45
133, 26.15
134, 27.8
135, 26.94
136, 28.84
137, 28.45
138, 31.33
139, 31.34
140, 31.19
141, 32.45
142, 32.02
143, 34.46
144, 32.25
145, 32.56
146, 31.97
147, 30.31
148, 30.19
149, 31.35
150, 33.48
151, 31.26
152, 29.48
153, 30.95
154, 31.64
155, 39.93
156, 45.45
157, 46.74
158, 42.96
159, 43.44
160, 43.97
161, 43.4
162, 41.77
163, 43.66
164, 44.1
165, 45.7
166, 44.46
167, 37.47
168, 37.56
169, 36.24
170, 36.56
171, 37.02
172, 39.15
173, 37.38
174, 36.58
175, 35.16
176, 35.48
177, 45.35
178, 46.9
179, 48.42
180, 44.84
181, 43.32
182, 43.9
183, 40.0
184, 39.21
185, 40.67
186, 41.21
187, 47.54
188, 46.34
189, 43.58
190, 41.02
191, 39.56
192, 41.33
193, 42.06
194, 43.92
195, 43.28
196, 43.81
197, 42.4
198, 40.78
199, 36.79
200, 36.58
201, 35.54
202, 32.89
203, 35.97
204, 33.18
205, 33.23
206, 34.11
207, 31.86
208, 32.66
209, 33.52
210, 33.89
211, 36.14
212, 34.55
213, 35.64
214, 35.16
215, 33.854
216, 36.76
217, 38.47
218, 40.85
219, 42.79
220, 42.62
221, 43.99
222, 44.04
223, 44.84
224, 47.5
225, 47.27
226, 47.16
227, 47.638
228, 47.59
229, 49.5
230, 44.02
231, 43.88
232, 43.84
233, 44.0
234, 45.91
235, 45.82
236, 45.62
237, 44.72
238, 44.22
239, 41.99
240, 39.58
241, 39.4
242, 38.29
243, 37.43
244, 36.97
245, 37.64
246, 34.72
247, 33.21
248, 37.14
249, 37.76
250, 37.05
251, 39.36
252, 38.51
253, 38.21
254, 38.27
255, 39.9
256, 40.09
257, 40.3
258, 38.92
259, 38.59
260, 38.32
261, 37.51
262, 37.1
263, 38.04
264, 40.29
265, 38.92
266, 41.85
267, 41.29
268, 41.4
269, 43.06
270, 41.78
271, 40.42
272, 40.35
273, 43.66
274, 44.02
275, 44.48
276, 45.44
277, 45.01
278, 46.22
279, 46.29
280, 45.66
281, 44.96
282, 43.78
283, 45.49
284, 45.07
285, 47.27
286, 46.4
287, 44.22
288, 43.4
289, 44.48
290, 46.35
291, 48.63
292, 48.91
293, 47.35
294, 48.0
295, 50.24
296, 53.45
297, 63.76
298, 66.5
299, 61.35
300, 62.14
301, 63.38
302, 63.66
303, 61.57
304, 61.57
305, 64.38
306, 62.7
307, 60.88
308, 62.53
309, 62.07
310, 65.23
311, 64.93
312, 64.27
313, 68.25
314, 72.9
315, 73.82
316, 76.28
317, 80.61
318, 80.55
319, 80.6
320, 79.36
321, 84.37
322, 84.03
323, 83.07
324, 82.44
325, 81.8
326, 83.09
327, 72.06
328, 81.78
329, 81.91
330, 86.87
331, 86.49
332, 84.06
333, 84.88
334, 83.81
335, 95.97
336, 93.01
337, 94.84
338, 96.74
339, 98.03
340, 102.44
341, 100.81
342, 96.27
343, 97.32
344, 102.02
345, 104.05
346, 106.02
347, 107.3
348, 110.56
349, 111.55
350, 119.2
351, 119.56
352, 111.23
353, 107.47
354, 116.08
355, 119.72
356, 119.62
357, 120.78
358, 107.22
359, 109.67
360, 114.43
361, 115.6
362, 112.17
363, 112.04
364, 109.76
365, 108.87
366, 111.43
367, 118.81
368, 121.97
369, 128.12
370, 131.55
371, 129.93
372, 135.01
373, 127.71
374, 132.33
375, 131.52
376, 121.71
377, 122.48
378, 123.66
379, 128.21
380, 126.14
381, 118.8
382, 120.73
383, 115.92
384, 112.99
385, 108.7
386, 107.31
387, 113.1
388, 107.55
389, 105.96
390, 117.01
391, 116.2
392, 118.44
393, 118.55
394, 108.41
395, 109.87
396, 105.54
397, 106.3
398, 105.38
399, 106.66
400, 107.24
401, 107.76
402, 107.28
403, 107.89
404, 105.66
405, 107.12
406, 107.44
407, 104.49
408, 103.97
409, 105.4
410, 106.95
411, 107.56
412, 107.16
413, 106.45
414, 107.57
415, 105.99
416, 110.96
417, 107.97
418, 102.35
419, 101.48
420, 92.86
421, 91.67
422, 96.6
423, 98.8
424, 94.3
425, 95.76
426, 94.35
427, 94.33
428, 94.8
429, 99.23
430, 96.38
431, 98.57
432, 99.58
433, 99.09
434, 98.48
435, 106.69
436, 107.73
437, 107.0
438, 107.63
439, 103.51
440, 103.76
441, 107.04
442, 101.81
443, 98.75
444, 99.32
445, 92.34
446, 95.74
447, 96.13
448, 94.63
449, 96.14
450, 99.13
451, 108.96
452, 108.5
453, 111.43
454, 113.28
455, 113.47
456, 112.78
457, 115.94
458, 117.06
459, 116.88
460, 115.06
461, 118.07
462, 119.05
463, 123.23
464, 124.2
465, 122.02
466, 122.22
467, 123.7
468, 122.44
469, 120.78
470, 122.63
471, 121.73
472, 119.41
473, 121.6
474, 122.59
475, 110.13
476, 104.25
477, 103.2
478, 102.77
479, 99.64
480, 99.58
481, 106.64
482, 103.63
483, 103.96
484, 105.58
485, 105.59
486, 104.39
487, 111.14
488, 107.75
489, 110.44
490, 112.32
491, 112.43
492, 106.46
493, 107.49
494, 109.82
495, 110.68
496, 112.13
497, 115.12
498, 115.29
499, 114.71
500, 115.11
501, 114.09
502, 117.38
503, 118.42
504, 113.24
505, 108.7
506, 111.88
507, 110.3
508, 108.91
509, 110.18
510, 110.91
511, 111.12
512, 111.85
513, 100.05
514, 98.0
515, 99.67
516, 93.43
517, 96.15
518, 92.89
519, 90.66
520, 96.14
521, 95.37
522, 93.52
523, 84.01
524, 85.65
525, 81.37
526, 81.7
527, 87.45
528, 90.02
529, 90.69
530, 86.4
531, 84.43
532, 87.24
533, 83.67
534, 84.61
535, 89.13
536, 88.66
537, 89.88
538, 91.51
539, 91.87
540, 92.2
541, 91.11
542, 96.68
543, 97.88
544, 91.07
545, 87.82
546, 88.89
547, 85.73
548, 80.79
549, 73.5
550, 68.28
551, 70.59
552, 74.41
553, 76.09
554, 72.55
555, 70.82
556, 72.9
557, 69.95
558, 72.17
559, 73.59
560, 69.67
561, 71.13
562, 76.41
563, 70.94
564, 68.19
565, 63.81
566, 62.83
567, 61.48
568, 61.72
569, 64.85
570, 80.94
571, 73.49
572, 75.44
573, 72.86
574, 77.9
575, 78.41
576, 77.88
577, 75.25
578, 75.83
579, 65.04
580, 66.12
581, 66.13
582, 63.83
583, 63.46
584, 59.13
585, 59.87
586, 64.04
587, 61.66
588, 62.47
589, 64.16
590, 63.28
591, 68.52
592, 69.05
593, 64.59
594, 64.28
595, 64.27
596, 59.87
597, 61.89
598, 49.26
599, 52.31
600, 52.4
601, 54.73
602, 53.74
603, 48.63
604, 50.53
605, 55.41
606, 55.57
607, 56.45
608, 64.44
609, 61.34
610, 62.81
611, 66.02
612, 63.13
613, 67.51
614, 65.1
615, 64.92
616, 63.64
617, 64.43
618, 55.87
619, 54.75
620, 51.69
621, 47.42
622, 51.54
623, 45.03
624, 48.755
625, 50.35
626, 45.83
627, 50.55
628, 52.03
629, 54.1
630, 55.27
631, 51.39
632, 46.08
633, 43.65
634, 42.2
635, 42.31
636, 37.15
637, 36.8
638, 37.94
639, 38.0
640, 35.91
641, 36.34
642, 36.48
643, 35.76
644, 37.76
645, 39.76
646, 41.93
647, 37.15
648, 38.44
649, 38.96
650, 38.2
651, 38.32
652, 37.09
653, 39.71
654, 38.35
655, 43.42
656, 43.8
657, 42.96
658, 44.32
659, 47.72
660, 41.49
661, 39.55
662, 37.87
663, 39.91
664, 41.0
665, 37.45
666, 36.74
667, 35.89
668, 36.1
669, 36.25
670, 39.87
671, 37.07
672, 37.91
673, 36.17
674, 36.98
675, 37.89
676, 40.6
677, 41.83
678, 43.77
679, 42.72
680, 48.31
681, 47.04
682, 47.4
683, 45.46
684, 46.55
685, 49.52
686, 49.12
687, 48.58
688, 50.44
689, 49.37
690, 49.19
691, 54.33
692, 54.54
693, 53.21
694, 52.24
695, 50.91
696, 50.53
697, 48.95
698, 49.74
699, 46.52
700, 44.16
701, 43.15
702, 43.58
703, 47.67
704, 47.41
705, 45.05
706, 44.85
707, 46.82
708, 50.57
709, 51.27
710, 50.51
711, 45.2501
712, 45.44
713, 48.58
714, 48.34
715, 52.63
716, 52.9
717, 53.34
718, 55.95
719, 57.35
720, 60.99
721, 56.8
722, 59.68
723, 61.62
724, 66.09
725, 56.22
726, 50.345
727, 51.97
728, 48.75
729, 49.65
730, 48.82
731, 47.51
732, 49.3
733, 47.33
734, 47.06
735, 48.5
736, 44.275
737, 40.27
738, 43.885
739, 44.6
740, 41.895
741, 42.77
742, 41.47
743, 43.03
744, 42.63
745, 42.75
746, 42.5
747, 44.05
748, 40.92
749, 41.19
750, 41.74
751, 41.71
752, 40.06
753, 42.53
754, 42.97
755, 42.23
756, 42.31
757, 43.93
758, 45.56
759, 43.86
760, 45.23
761, 45.68
762, 44.9
763, 46.02
764, 43.72
765, 43.12
766, 40.63
767, 40.96
768, 39.9
769, 39.93
770, 40.42
771, 41.63
772, 40.82
773, 39.91
774, 40.59
775, 39.9
776, 40.31
777, 40.99
778, 38.52
779, 38.08
780, 38.03
781, 37.76
782, 36.62
783, 36.84
784, 36.74
785, 36.35
786, 37.285
787, 46.98
788, 46.64
789, 43.0
790, 45.8
791, 45.95
792, 45.26
793, 45.89
794, 46.62
795, 47.57
796, 49.81
797, 52.28
798, 53.03
799, 53.03
800, 52.7
801, 54.55
802, 54.21
803, 51.82
804, 52.82
805, 52.89
806, 53.3
807, 54.4
808, 53.8
809, 52.69
810, 55.02
811, 53.26
812, 50.45
813, 50.72
814, 47.78
815, 47.52
816, 49.26
817, 48.32
818, 50.33
819, 49.13
820, 49.01
821, 48.72
822, 48.72
823, 48.3
824, 48.58
825, 47.84
826, 48.29
827, 46.1
828, 47.63
829, 49.46
830, 52.29
831, 53.98
832, 59.5
833, 63.77
834, 64.22
835, 66.98
836, 67.25
837, 61.94
838, 62.81
839, 62.54
840, 64.52
841, 61.85
842, 63.825
843, 63.67
844, 60.9
845, 61.34
846, 58.21
847, 58.06
848, 56.97
849, 49.88
850, 48.65
851, 46.72
852, 47.86
853, 49.58
854, 49.91
855, 52.36
856, 53.11
857, 55.94
858, 45.08
859, 46.03
860, 46.33
861, 43.4
862, 41.37
863, 43.15
864, 43.37
865, 42.42
866, 42.69
867, 41.73
868, 43.22
869, 45.69
870, 46.02
871, 47.5
872, 42.78
873, 42.25
874, 40.56
875, 41.61
876, 41.55
877, 41.32
878, 42.67
879, 42.03
880, 42.28
881, 41.01
882, 40.68
883, 41.48
884, 40.79
885, 41.24
886, 40.51
887, 43.03
888, 43.23
889, 43.5
890, 43.9
891, 44.42
892, 44.43
893, 44.32
894, 46.01
895, 46.39
896, 46.47
897, 46.38
898, 46.12
899, 49.83
900, 54.09
901, 50.4
902, 48.99
903, 47.4
904, 47.81
905, 50.35
906, 48.44
907, 51.74
908, 51.03
909, 50.96
910, 49.93
911, 49.57
912, 51.1
913, 51.77
914, 52.24
915, 51.77
916, 51.47
917, 54.25
918, 54.09
919, 53.66
920, 56.16
921, 53.15
922, 52.92
923, 54.13
924, 55.27
925, 56.77
926, 56.33
927, 57.2
928, 57.34
929, 58.4
930, 56.2
931, 55.57
932, 53.45
933, 53.69
934, 53.84
935, 53.71
936, 53.64
937, 53.64
938, 55.33
939, 55.51
940, 50.36
941, 48.74
942, 48.28
943, 46.99
944, 47.37
945, 50.2
946, 50.51
947, 50.91
948, 49.71
949, 51.2
950, 47.2
951, 46.79
952, 47.27
953, 49.98
954, 49.02
955, 50.31
956, 51.58
957, 50.96
958, 53.16
959, 53.46
960, 53.4
961, 50.53
962, 51.95
963, 49.16
964, 49.26
965, 48.56
966, 47.24
967, 47.46
968, 48.2
969, 47.07
970, 46.67
971, 48.49
972, 49.17
973, 48.72
974, 49.22
975, 50.48
976, 50.48
977, 50.02
978, 50.62
979, 50.73
980, 51.26
981, 50.51
982, 51.77
983, 51.76
984, 52.75
985, 56.78
986, 57.42
987, 59.18
988, 54.7
989, 51.56
990, 53.18
991, 52.45
992, 51.45
993, 52.14
994, 53.87
995, 54.02
996, 54.91
997, 54.5
998, 56.27
999, 56.16
1000, 57.38
1001, 57.81
1002, 57.75
1003, 56.03
1004, 56.39
1005, 57.23
1006, 57.17
1007, 59.38
1008, 57.96
1009, 58.12
1010, 56.23
1011, 56.57
1012, 55.94
1013, 58.65
1014, 61.64
1015, 63.04
1016, 61.51
1017, 61.06
1018, 59.51
1019, 60.56
1020, 58.26
1021, 58.86
1022, 58.93
1023, 58.17
1024, 56.22
1025, 54.89
1026, 55.09
1027, 55.11
1028, 57.65
1029, 56.86
1030, 58.39
1031, 57.08
1032, 58.65
1033, 60.05
1034, 61.88
1035, 63.26
1036, 61.55
1037, 60.6
1038, 62.5
1039, 63.8
1040, 63.64
1041, 65.1
1042, 66.11
1043, 65.82
1044, 65.59
1045, 66.43
1046, 66.86
1047, 65.82
1048, 66.63
1049, 67.12
1050, 66.07
1051, 66.53
1052, 65.4
1053, 65.75
1054, 64.97
1055, 66.75
1056, 68.22
1057, 69.23
1058, 70.25
1059, 70.82
1060, 70.45
1061, 71.27
1062, 71.225
1063, 70.43
1064, 72.33
1065, 71.35
1066, 71.12
1067, 70.69
1068, 69.59
1069, 68.73
1070, 67.25
1071, 66.91
1072, 66.71
1073, 65.5
1074, 65.42
1075, 64.43
1076, 65.92
1077, 64.27
1078, 62.01
1079, 64.29
1080, 66.49
1081, 66.59
1082, 67.25
1083, 64.4
1084, 63.39
1085, 62.05
