0, 7.76
1, 7.4
2, 7.68
3, 7.73
4, 7.7
5, 7.59
6, 8.08
7, 8.05
8, 8.16
9, 8.29
10, 8.11
11, 8.24
12, 8.67
13, 8.45
14, 8.14
15, 8.25
16, 8.0
17, 7.64
18, 7.65
19, 7.83
20, 7.98
21, 7.93
22, 8.05
23, 7.99
24, 8.08
25, 7.99
26, 7.85
27, 7.88
28, 7.81
29, 7.54
30, 7.48
31, 7.64
32, 7.49
33, 7.59
34, 7.3
35, 7.19
36, 7.14
37, 7.0
38, 7.19
39, 7.1
40, 7.1
41, 7.31
42, 7.33
43, 7.44
44, 7.5
45, 7.75
46, 8.17
47, 8.46
48, 8.7
49, 8.38
50, 8.19
51, 8.09
52, 8.29
53, 7.84
54, 8.04
55, 8.25
56, 8.18
57, 8.23
58, 8.05
59, 7.92
60, 7.9
61, 7.8
62, 7.88
63, 8.07
64, 8.06
65, 8.21
66, 8.44
67, 8.65
68, 9.38
69, 8.94
70, 8.63
71, 8.59
72, 8.21
73, 8.1
74, 8.33
75, 8.44
76, 8.31
77, 8.21
78, 8.31
79, 8.23
80, 8.07
81, 8.04
82, 8.01
83, 7.93
84, 7.55
85, 7.42
86, 7.22
87, 7.09
88, 7.02
89, 7.17
90, 7.18
91, 7.02
92, 6.75
93, 6.71
94, 6.6
95, 6.47
96, 6.21
97, 6.47
98, 6.32
99, 6.42
100, 6.1
101, 6.31
102, 6.33
103, 6.29
104, 6.12
105, 6.46
106, 6.18
107, 6.11
108, 6.19
109, 6.15
110, 6.15
111, 6.07
112, 6.08
113, 6.22
114, 6.04
115, 6.0
116, 6.18
117, 6.14
118, 6.03
119, 6.09
120, 6.24
121, 6.26
122, 6.11
123, 6.27
124, 6.06
125, 6.31
126, 6.55
127, 7.26
128, 7.15
129, 7.25
130, 7.29
131, 7.25
132, 7.37
133, 7.26
134, 7.5
135, 7.51
136, 7.53
137, 7.66
138, 7.52
139, 8.75
140, 8.19
141, 8.11
142, 8.05
143, 8.2
144, 7.83
145, 7.62
146, 7.7
147, 7.71
148, 7.75
149, 7.37
150, 7.48
151, 7.2
152, 7.17
