0, 2044
1, -8243
2, -5630
3, 9799
4, 149224
5, 148605
6, 149073
7, 133644
8, 135878
9, 151435
10, 151312
11, 135883
12, 151220
13, 151425
14, 150910
15, 149269
16, 149886
17, 149622
18, 150245
19, 153433
20, 153536
21, 153204
22, 153365
23, 177085
24, 177188
25, 179205
26, 184368
27, 182175
28, 178473
29, 177342
30, 177547
31, 177220
32, 177117
33, 177220
34, 177220
35, 183289
36, 198721
37, 204314
38, 202989
39, 202811
40, 200259
41, 201947
42, 200841
43, 202900
44, 202900
45, 201297
46, 200474
47, 201302
48, 201405
49, 201900
50, 201488
51, 201122
52, 200505
53, 200300
54, 200505
55, 200196
56, 200401
57, 201173
58, 201531
59, 199450
60, 198837
61, 199940
62, 204908
63, 204601
64, 205142
65, 205884
66, 205986
67, 205766
68, 207758
69, 209161
70, 208293
71, 211476
72, 209228
73, 209381
74, 205889
75, 209253
76, 208375
77, 208031
78, 209285
79, 212011
80, 291435
81, 290603
82, 290450
83, 292525
84, 294603
85, 292545
86, 294383
87, 295915
88, 297756
89, 295749
90, 297807
91, 294521
92, 296667
93, 296130
94, 295611
95, 298507
96, 298286
97, 297470
98, 296957
99, 296342
100, 296941
101, 297303
102, 296882
103, 295030
104, 294827
105, 294929
106, 294658
107, 294887
108, 295963
109, 294200
110, 294023
111, 293818
112, 293956
113, 293608
114, 294121
115, 293997
116, 294200
117, 294524
118, 294727
119, 307444
120, 190142
121, 191858
122, 189412
123, 190673
124, 190057
125, 187932
126, 186168
127, 185755
128, 179510
129, 180744
130, 175443
131, 182851
132, 178075
133, 181816
134, 185605
135, 191548
136, 186962
137, 191979
138, 200671
139, 193555
140, 193188
141, 193493
142, 193595
143, 196103
144, 194840
145, 194942
146, 194025
147, 190869
148, 190333
149, 190967
150, 190764
151, 189974
152, 190761
153, 187181
154, 189551
155, 183124
156, 189174
157, 191101
158, 194584
159, 195302
160, 194471
161, 195601
162, 195400
163, 195601
164, 195299
165, 195119
166, 194904
167, 196042
168, 198439
169, 200849
170, 196792
171, 190261
172, 189153
173, 198891
174, 198019
175, 198541
176, 198390
177, 198994
178, 199447
179, 200196
180, 199576
181, 200279
182, 201082
183, 201337
184, 201443
185, 206296
186, 206030
187, 206231
188, 211295
189, 211041
190, 200761
191, 200407
192, 208961
193, 206895
194, 206895
195, 206996
196, 207270
197, 200994
198, 202838
199, 202351
200, 202837
201, 203139
202, 203038
203, 204065
204, 207713
205, 203077
206, 203883
207, 203985
208, 202773
209, 202212
210, 201929
211, 202355
212, 202595
213, 195341
214, 194919
215, 202879
216, 205246
217, 221660
218, 221761
219, 222029
220, 221372
221, 221596
222, 221955
223, 230488
224, 242980
225, 242301
226, 238775
227, 238241
228, 237721
229, 242166
230, 245066
231, 247328
232, 246817
233, 247724
234, 247978
235, 213937
236, 214038
237, 203296
238, 203699
239, 201732
240, 203142
241, 230557
242, 244608
243, 250447
244, 249479
245, 252521
246, 241810
247, 241085
248, 237882
249, 240745
250, 242114
251, 241420
252, 241319
253, 242018
254, 242335
255, 243179
256, 242216
257, 243403
258, 242331
259, 241539
260, 237870
261, 237318
262, 238174
263, 237811
264, 235897
265, 233264
266, 232358
267, 232499
268, 232935
269, 234471
270, 233340
271, 237021
272, 237667
273, 237856
274, 238798
275, 237994
276, 236994
277, 235930
278, 236292
279, 236521
280, 237594
281, 238378
282, 237858
283, 237961
284, 237660
285, 237370
286, 226735
287, 223206
288, 221020
289, 221753
290, 219850
291, 222732
292, 222002
293, 222350
294, 222244
295, 222574
296, 222472
297, 221798
298, 221902
299, 221572
300, 222540
301, 222195
302, 224121
303, 225286
304, 225286
305, 224280
306, 224534
307, 222422
308, 217528
309, 249539
310, 249539
311, 249385
312, 250965
313, 258120
314, 261628
315, 262329
316, 261631
317, 261025
318, 263528
319, 287839
320, 288953
321, 294488
322, 296501
323, 286104
324, 285344
325, 284953
326, 303089
327, 306726
328, 319065
329, 317549
330, 319931
331, 320588
332, 319519
333, 320473
334, 324888
335, 321896
336, 323786
337, 322353
338, 324904
339, 377305
340, 376248
341, 375445
